31301 1.7833
2712 1.66081
4405 1.51431
26750 0.853385
13842 0.67619
29997 0.509276
35954 0.505556
32021 0.471429
37396 0.450216
39495 0.395455
17165 0.385714
21686 0.34127
14041 0.34127
33390 0.333333
22228 0.333333
14603 0.282563
9831 0.282563
1628 0.263889
19618 0.25
12431 0.25
5863 0.25
3245 0.25
3112 0.25
2884 0.25
34611 0.240896
22166 0.235747
18729 0.235747
3600 0.235747
1880 0.235747
2943 0.213585
39515 0.2
33981 0.2
31606 0.2
25445 0.2
13925 0.2
13334 0.2
4507 0.2
34673 0.142857
33860 0.142857
32683 0.142857
30043 0.142857
25273 0.142857
22850 0.142857
21147 0.142857
18937 0.142857
14511 0.142857
13907 0.142857
12243 0.142857
10472 0.142857
4406 0.142857
39371 0.132353
29709 0.132353
13115 0.132353
27514 0.125
25462 0.125
7708 0.125
3880 0.125
36208 0.1
34360 0.1
31409 0.1
25416 0.1
9362 0.1
29629 0.0833333
24619 0.0833333
22288 0.0833333
8274 0.0833333
18616 0.0769231
17406 0.0769231
15515 0.0769231
10606 0.0769231
6584 0.0769231
35666 0.0714286
21497 0.0714286
20068 0.0714286
18274 0.0714286
10073 0.0714286
7586 0.0714286
5691 0.0714286
40615 0.0588235
34963 0.0588235
27892 0.0588235
22606 0.0588235
22514 0.0588235
9891 0.0588235
9598 0.0588235
7024 0.0588235
6489 0.0588235
5460 0.0588235
2659 0.0588235
363 0.0588235
39743 0.0555556
33712 0.0555556
29059 0.0555556
28875 0.0555556
28811 0.0555556
26555 0.0555556
25425 0.0555556
24004 0.0555556
15095 0.0555556
40071 0.0454545
39171 0.0454545
34587 0.0454545
34269 0.0454545
28038 0.0454545
25681 0.0454545
21641 0.0454545
10760 0.0454545
9621 0.0454545
9002 0.0454545
6461 0.0454545
4029 0.0454545
2850 0.0454545
2838 0.0454545
2387 0.0454545
2031 0.0454545
99 0.0454545
40888 0.0147059
39962 0.0147059
39791 0.0147059
37689 0.0147059
37661 0.0147059
36952 0.0147059
36734 0.0147059
36696 0.0147059
35734 0.0147059
35043 0.0147059
34911 0.0147059
34355 0.0147059
33297 0.0147059
32620 0.0147059
31147 0.0147059
29852 0.0147059
29408 0.0147059
29158 0.0147059
29154 0.0147059
28404 0.0147059
27799 0.0147059
26400 0.0147059
25284 0.0147059
24803 0.0147059
23843 0.0147059
23675 0.0147059
22930 0.0147059
22778 0.0147059
22405 0.0147059
21735 0.0147059
21703 0.0147059
21160 0.0147059
20385 0.0147059
20065 0.0147059
18248 0.0147059
18119 0.0147059
17597 0.0147059
17288 0.0147059
13845 0.0147059
13236 0.0147059
13090 0.0147059
12498 0.0147059
9197 0.0147059
6770 0.0147059
6477 0.0147059
6309 0.0147059
3389 0.0147059
2885 0.0147059
2767 0.0147059
2484 0.0147059
1757 0.0147059
1752 0.0147059
1480 0.0147059
1462 0.0147059
1323 0.0147059
830 0.0147059
40980 0
40979 0
40978 0
40977 0
40976 0
40975 0
40974 0
40973 0
40972 0
40971 0
40970 0
40969 0
40968 0
40967 0
40966 0
40965 0
40964 0
40963 0
40962 0
40961 0
40960 0
40959 0
40958 0
40957 0
40956 0
40955 0
40954 0
40953 0
40952 0
40951 0
40950 0
40949 0
40948 0
40947 0
40946 0
40945 0
40944 0
40943 0
40942 0
40941 0
40940 0
40939 0
40938 0
40937 0
40936 0
40935 0
40934 0
40933 0
40932 0
40931 0
40930 0
40929 0
40928 0
40927 0
40926 0
40925 0
40924 0
40923 0
40922 0
40921 0
40920 0
40919 0
40918 0
40917 0
40916 0
40915 0
40914 0
40913 0
40912 0
40911 0
40910 0
40909 0
40908 0
40907 0
40906 0
40905 0
40904 0
40903 0
40902 0
40901 0
40900 0
40899 0
40898 0
40897 0
40896 0
40895 0
40894 0
40893 0
40892 0
40891 0
40890 0
40889 0
40887 0
40886 0
40885 0
40884 0
40883 0
40882 0
40881 0
40880 0
40879 0
40878 0
40877 0
40876 0
40875 0
40874 0
40873 0
40872 0
40871 0
40870 0
40869 0
40868 0
40867 0
40866 0
40865 0
40864 0
40863 0
40862 0
40861 0
40860 0
40859 0
40858 0
40857 0
40856 0
40855 0
40854 0
40853 0
40852 0
40851 0
40850 0
40849 0
40848 0
40847 0
40846 0
40845 0
40844 0
40843 0
40842 0
40841 0
40840 0
40839 0
40838 0
40837 0
40836 0
40835 0
40834 0
40833 0
40832 0
40831 0
40830 0
40829 0
40828 0
40827 0
40826 0
40825 0
40824 0
40823 0
40822 0
40821 0
40820 0
40819 0
40818 0
40817 0
40816 0
40815 0
40814 0
40813 0
40812 0
40811 0
40810 0
40809 0
40808 0
40807 0
40806 0
40805 0
40804 0
40803 0
40802 0
40801 0
40800 0
40799 0
40798 0
40797 0
40796 0
40795 0
40794 0
40793 0
40792 0
40791 0
40790 0
40789 0
40788 0
40787 0
40786 0
40785 0
40784 0
40783 0
40782 0
40781 0
40780 0
40779 0
40778 0
40777 0
40776 0
40775 0
40774 0
40773 0
40772 0
40771 0
40770 0
40769 0
40768 0
40767 0
40766 0
40765 0
40764 0
40763 0
40762 0
40761 0
40760 0
40759 0
40758 0
40757 0
40756 0
40755 0
40754 0
40753 0
40752 0
40751 0
40750 0
40749 0
40748 0
40747 0
40746 0
40745 0
40744 0
40743 0
40742 0
40741 0
40740 0
40739 0
40738 0
40737 0
40736 0
40735 0
40734 0
40733 0
40732 0
40731 0
40730 0
40729 0
40728 0
40727 0
40726 0
40725 0
40724 0
40723 0
40722 0
40721 0
40720 0
40719 0
40718 0
40717 0
40716 0
40715 0
40714 0
40713 0
40712 0
40711 0
40710 0
40709 0
40708 0
40707 0
40706 0
40705 0
40704 0
40703 0
40702 0
40701 0
40700 0
40699 0
40698 0
40697 0
40696 0
40695 0
40694 0
40693 0
40692 0
40691 0
40690 0
40689 0
40688 0
40687 0
40686 0
40685 0
40684 0
40683 0
40682 0
40681 0
40680 0
40679 0
40678 0
40677 0
40676 0
40675 0
40674 0
40673 0
40672 0
40671 0
40670 0
40669 0
40668 0
40667 0
40666 0
40665 0
40664 0
40663 0
40662 0
40661 0
40660 0
40659 0
40658 0
40657 0
40656 0
40655 0
40654 0
40653 0
40652 0
