34488 4.50465
28776 2.83918
35699 2.05
23837 1.63452
1158 1.52086
13839 1.2756
7570 1.22692
21608 1.20202
7495 1.16667
24005 0.884499
21126 0.866667
4261 0.859837
28700 0.806706
34065 0.722222
37224 0.676411
3595 0.624242
34395 0.624127
16920 0.583333
22801 0.576812
5231 0.575
3578 0.566667
6087 0.530685
3396 0.491667
7325 0.458333
34211 0.455556
20255 0.409524
20262 0.408899
3114 0.391667
14656 0.386335
14163 0.375357
14251 0.364374
23648 0.358766
40289 0.346561
38449 0.333333
17557 0.333333
14026 0.333333
8148 0.333333
3806 0.333333
1327 0.333333
892 0.333333
14866 0.315909
22197 0.308333
20210 0.275433
14946 0.272727
10717 0.257143
4989 0.251166
40941 0.25
14281 0.25
11452 0.25
438 0.25
22471 0.240909
14065 0.240909
23168 0.234499
13277 0.231443
2922 0.229798
39763 0.226923
38454 0.22549
34632 0.213413
33975 0.213413
15906 0.210145
10230 0.203704
25735 0.2
4986 0.2
18486 0.185145
5798 0.180195
25062 0.177866
29389 0.172619
7317 0.172619
12967 0.172161
38381 0.167989
16084 0.167989
40718 0.166667
35950 0.166667
28596 0.166667
26653 0.166667
26124 0.166667
24548 0.166667
17245 0.166667
15684 0.166667
15572 0.166667
11219 0.166667
4728 0.166667
22129 0.163849
21059 0.163849
5251 0.146653
24901 0.142857
23047 0.142857
11698 0.142857
7783 0.142857
5947 0.142857
34338 0.125
32540 0.125
30542 0.125
27534 0.125
24726 0.125
24281 0.125
19629 0.125
18067 0.125
9841 0.125
40341 0.1
34759 0.1
18944 0.1
10102 0.1
4577 0.1
40162 0.0909091
35068 0.0909091
34584 0.0909091
32142 0.0909091
29221 0.0909091
23384 0.0909091
20744 0.0909091
18575 0.0909091
17598 0.0909091
6088 0.0909091
36030 0.0833333
30818 0.0833333
22348 0.0833333
21546 0.0833333
19526 0.0833333
13687 0.0833333
13594 0.0833333
8981 0.0833333
7491 0.0833333
3405 0.0833333
7303 0.0769231
3584 0.0769231
37812 0.0666667
36749 0.0666667
33586 0.0666667
19096 0.0666667
11762 0.0666667
9960 0.0666667
6940 0.0666667
3516 0.0666667
40727 0.0588235
29438 0.0588235
18229 0.0588235
15521 0.0588235
35399 0.0555556
28072 0.0555556
23381 0.0555556
21935 0.0555556
13865 0.0555556
6389 0.0555556
1872 0.0555556
38554 0.047619
36847 0.047619
36318 0.047619
33431 0.047619
28970 0.047619
25819 0.047619
22662 0.047619
18115 0.047619
16452 0.047619
16151 0.047619
15250 0.047619
14105 0.047619
11938 0.047619
10249 0.047619
4429 0.047619
4384 0.047619
39156 0.0434783
36222 0.0434783
32988 0.0434783
32872 0.0434783
29182 0.0434783
24292 0.0434783
23416 0.0434783
22628 0.0434783
21015 0.0434783
20698 0.0434783
20612 0.0434783
18733 0.0434783
18359 0.0434783
17564 0.0434783
12015 0.0434783
7924 0.0434783
3263 0.0434783
1716 0.0434783
35362 0.0416667
32693 0.0416667
32370 0.0416667
24617 0.0416667
18538 0.0416667
17987 0.0416667
3964 0.0416667
32608 0.037037
31574 0.037037
24051 0.037037
20817 0.037037
16210 0.037037
14663 0.037037
11376 0.037037
7974 0.037037
7856 0.037037
1967 0.037037
40980 0
40979 0
40978 0
40977 0
40976 0
40975 0
40974 0
40973 0
40972 0
40971 0
40970 0
40969 0
40968 0
40967 0
40966 0
40965 0
40964 0
40963 0
40962 0
40961 0
40960 0
40959 0
40958 0
40957 0
40956 0
40955 0
40954 0
40953 0
40952 0
40951 0
40950 0
40949 0
40948 0
40947 0
40946 0
40945 0
40944 0
40943 0
40942 0
40940 0
40939 0
40938 0
40937 0
40936 0
40935 0
40934 0
40933 0
40932 0
40931 0
40930 0
40929 0
40928 0
40927 0
40926 0
40925 0
40924 0
40923 0
40922 0
40921 0
40920 0
40919 0
40918 0
40917 0
40916 0
40915 0
40914 0
40913 0
40912 0
40911 0
40910 0
40909 0
40908 0
40907 0
40906 0
40905 0
40904 0
40903 0
40902 0
40901 0
40900 0
40899 0
40898 0
40897 0
40896 0
40895 0
40894 0
40893 0
40892 0
40891 0
40890 0
40889 0
40888 0
40887 0
40886 0
40885 0
40884 0
40883 0
40882 0
40881 0
40880 0
40879 0
40878 0
40877 0
40876 0
40875 0
40874 0
40873 0
40872 0
40871 0
40870 0
40869 0
40868 0
40867 0
40866 0
40865 0
40864 0
40863 0
40862 0
40861 0
40860 0
40859 0
40858 0
40857 0
40856 0
40855 0
40854 0
40853 0
40852 0
40851 0
40850 0
40849 0
40848 0
40847 0
40846 0
40845 0
40844 0
40843 0
40842 0
40841 0
40840 0
40839 0
40838 0
40837 0
40836 0
40835 0
40834 0
40833 0
40832 0
40831 0
40830 0
40829 0
40828 0
40827 0
40826 0
40825 0
40824 0
40823 0
40822 0
40821 0
40820 0
40819 0
40818 0
40817 0
40816 0
40815 0
40814 0
40813 0
40812 0
40811 0
40810 0
40809 0
40808 0
40807 0
40806 0
40805 0
40804 0
40803 0
40802 0
40801 0
40800 0
40799 0
40798 0
40797 0
40796 0
40795 0
40794 0
40793 0
40792 0
40791 0
40790 0
40789 0
40788 0
40787 0
40786 0
40785 0
40784 0
40783 0
40782 0
40781 0
40780 0
40779 0
40778 0
40777 0
40776 0
40775 0
40774 0
40773 0
40772 0
40771 0
40770 0
40769 0
40768 0
40767 0
40766 0
40765 0
40764 0
40763 0
40762 0
40761 0
40760 0
40759 0
40758 0
40757 0
40756 0
40755 0
40754 0
40753 0
40752 0
40751 0
40750 0
40749 0
40748 0
40747 0
40746 0
40745 0
40744 0
40743 0
40742 0
40741 0
40740 0
40739 0
40738 0
40737 0
40736 0
40735 0
40734 0
40733 0
40732 0
40731 0
40730 0
40729 0
40728 0
40726 0
40725 0
40724 0
40723 0
40722 0
40721 0
40720 0
40719 0
40717 0
40716 0
40715 0
40714 0
40713 0
40712 0
40711 0
40710 0
40709 0
40708 0
40707 0
40706 0
40705 0
40704 0
40703 0
40702 0
40701 0
40700 0
40699 0
40698 0
40697 0
40696 0
40695 0
40694 0
40693 0
40692 0
40691 0
40690 0
40689 0
40688 0
40687 0
40686 0
40685 0
40684 0
40683 0
40682 0
40681 0
40680 0
40679 0
40678 0
40677 0
40676 0
40675 0
40674 0
