40671 1.80437
2389 1.66093
38354 1.34202
2708 1.25431
8360 1.05349
22788 0.993918
12450 0.924603
18355 0.847848
19735 0.675204
5068 0.671461
2771 0.60119
17022 0.587227
7333 0.582875
7110 0.54261
926 0.499939
7934 0.484931
24190 0.482672
14093 0.476923
2075 0.425612
32733 0.401237
2089 0.37734
33132 0.341946
7123 0.326606
31155 0.303704
37564 0.296825
5913 0.294613
437 0.287731
20291 0.282271
25995 0.261752
36888 0.257719
12332 0.256817
29905 0.249592
32581 0.244007
31559 0.229044
35986 0.220635
17559 0.220635
15368 0.213034
5133 0.213034
31052 0.207642
3033 0.207642
23791 0.2
10174 0.2
29344 0.169277
16929 0.169277
13013 0.166667
1229 0.166667
35443 0.162363
22811 0.162363
31656 0.143704
36504 0.142857
26617 0.142857
22992 0.142857
14962 0.142857
11238 0.142857
8424 0.142857
4795 0.142816
36169 0.132399
4838 0.132399
39440 0.111111
7831 0.111111
26247 0.109276
24220 0.109276
37928 0.107308
16888 0.107308
4755 0.107308
17242 0.103704
15668 0.103704
6185 0.103704
3392 0.103704
36530 0.0971608
39886 0.0911276
22748 0.0911276
5925 0.0911276
35266 0.0909091
20246 0.0909091
40837 0.0908578
9167 0.0908578
25963 0.0840278
24827 0.0840278
22433 0.0840278
17009 0.0840278
9576 0.0840278
4391 0.0840278
3239 0.0840278
25357 0.0800766
19226 0.0800766
8792 0.0800766
3582 0.0800766
3340 0.0800766
36921 0.0769231
35619 0.0769231
19984 0.0769231
19273 0.0769231
1798 0.0769231
40812 0.0666667
37916 0.0666667
35800 0.0666667
30375 0.0666667
28339 0.0666667
17034 0.0666667
16455 0.0666667
13918 0.0666667
11246 0.0666667
39284 0.05636
35477 0.05636
27402 0.05636
23889 0.05636
22366 0.05636
14785 0.05636
12312 0.05636
9719 0.05636
1511 0.05636
28830 0.0555556
19103 0.0555556
18745 0.0555556
27559 0.0526316
5670 0.0526316
1146 0.0526316
33235 0.0416667
28308 0.0416667
23678 0.04
15866 0.04
12064 0.04
10711 0.04
5662 0.04
566 0.04
25964 0.037037
23083 0.037037
21341 0.037037
16562 0.037037
13423 0.037037
10480 0.037037
6207 0.037037
5023 0.037037
4485 0.037037
1972 0.037037
36633 0.0344828
34689 0.0344828
32691 0.0344828
30899 0.0344828
27882 0.0344828
27861 0.0344828
26919 0.0344828
24426 0.0344828
22169 0.0344828
13134 0.0344828
9869 0.0344828
8796 0.0344828
6456 0.0344828
5341 0.0344828
2997 0.0344828
39801 0.03125
39798 0.03125
32700 0.03125
32626 0.03125
23995 0.03125
14147 0.03125
9441 0.03125
25975 0.025641
24948 0.025641
14950 0.025641
14237 0.025641
9877 0.025641
7058 0.025641
2970 0.025641
37315 0.0196078
35991 0.0196078
29980 0.0196078
27111 0.0196078
24471 0.0196078
21745 0.0196078
16742 0.0196078
14450 0.0196078
11007 0.0196078
10960 0.0196078
10671 0.0196078
8789 0.0196078
3456 0.0196078
39810 0.0111111
39450 0.0111111
36155 0.0111111
34343 0.0111111
34088 0.0111111
32312 0.0111111
31775 0.0111111
29738 0.0111111
27625 0.0111111
27047 0.0111111
26910 0.0111111
26542 0.0111111
25870 0.0111111
24446 0.0111111
24169 0.0111111
22909 0.0111111
21106 0.0111111
20804 0.0111111
16916 0.0111111
16856 0.0111111
16837 0.0111111
16435 0.0111111
15640 0.0111111
13181 0.0111111
11289 0.0111111
10031 0.0111111
9705 0.0111111
9318 0.0111111
8586 0.0111111
7823 0.0111111
7485 0.0111111
7115 0.0111111
6737 0.0111111
6098 0.0111111
5611 0.0111111
4706 0.0111111
4607 0.0111111
3926 0.0111111
2269 0.0111111
1520 0.0111111
942 0.0111111
495 0.0111111
323 0.0111111
40980 0
40979 0
40978 0
40977 0
40976 0
40975 0
40974 0
40973 0
40972 0
40971 0
40970 0
40969 0
40968 0
40967 0
40966 0
40965 0
40964 0
40963 0
40962 0
40961 0
40960 0
40959 0
40958 0
40957 0
40956 0
40955 0
40954 0
40953 0
40952 0
40951 0
40950 0
40949 0
40948 0
40947 0
40946 0
40945 0
40944 0
40943 0
40942 0
40941 0
40940 0
40939 0
40938 0
40937 0
40936 0
40935 0
40934 0
40933 0
40932 0
40931 0
40930 0
40929 0
40928 0
40927 0
40926 0
40925 0
40924 0
40923 0
40922 0
40921 0
40920 0
40919 0
40918 0
40917 0
40916 0
40915 0
40914 0
40913 0
40912 0
40911 0
40910 0
40909 0
40908 0
40907 0
40906 0
40905 0
40904 0
40903 0
40902 0
40901 0
40900 0
40899 0
40898 0
40897 0
40896 0
40895 0
40894 0
40893 0
40892 0
40891 0
40890 0
40889 0
40888 0
40887 0
40886 0
40885 0
40884 0
40883 0
40882 0
40881 0
40880 0
40879 0
40878 0
40877 0
40876 0
40875 0
40874 0
40873 0
40872 0
40871 0
40870 0
40869 0
40868 0
40867 0
40866 0
40865 0
40864 0
40863 0
40862 0
40861 0
40860 0
40859 0
40858 0
40857 0
40856 0
40855 0
40854 0
40853 0
40852 0
40851 0
40850 0
40849 0
40848 0
40847 0
40846 0
40845 0
40844 0
40843 0
40842 0
40841 0
40840 0
40839 0
40838 0
40836 0
40835 0
40834 0
40833 0
40832 0
40831 0
40830 0
40829 0
40828 0
40827 0
40826 0
40825 0
40824 0
40823 0
40822 0
40821 0
40820 0
40819 0
40818 0
40817 0
40816 0
40815 0
40814 0
40813 0
40811 0
40810 0
40809 0
40808 0
40807 0
40806 0
40805 0
40804 0
40803 0
40802 0
40801 0
40800 0
40799 0
40798 0
40797 0
40796 0
40795 0
40794 0
40793 0
40792 0
40791 0
40790 0
40789 0
40788 0
40787 0
40786 0
40785 0
40784 0
40783 0
40782 0
40781 0
40780 0
40779 0
40778 0
40777 0
40776 0
40775 0
40774 0
40773 0
40772 0
40771 0
40770 0
40769 0
40768 0
40767 0
40766 0
40765 0
40764 0
40763 0
40762 0
40761 0
40760 0
40759 0
40758 0
40757 0
40756 0
40755 0
40754 0
40753 0
40752 0
40751 0
40750 0
40749 0
40748 0
40747 0
40746 0
40745 0
40744 0
40743 0
40742 0
40741 0
40740 0
40739 0
40738 0
40737 0
40736 0
40735 0
40734 0
40733 0
40732 0
40731 0
40730 0
40729 0
40728 0
40727 0
40726 0
40725 0
40724 0
40723 0
40722 0
40721 0
40720 0
40719 0
40718 0
40717 0
40716 0
40715 0
40714 0
40713 0
40712 0
40711 0
40710 0
40709 0
40708 0
40707 0
40706 0
40705 0
40704 0
40703 0
40702 0
40701 0
40700 0
