32229 13.7678
10361 8.89718
24028 8.37638
13043 7.45169
8465 6.58216
20350 5.25932
8637 4.60922
14886 3.84701
17368 2.87682
2263 2.53503
32468 1.97788
18767 1.85181
20106 1.83807
10950 1.70957
29432 1.62135
19032 1.58371
29143 1.55102
37924 1.52734
12713 1.46382
8027 1.35625
36281 1.34107
34650 1.21797
30858 1.15379
2973 1.15147
4804 1.07221
22594 1.06771
5405 0.953449
15651 0.90114
33342 0.820108
40166 0.709738
28833 0.663492
33033 0.661706
40152 0.609672
5613 0.609672
10619 0.604263
19543 0.584112
29162 0.580891
37010 0.573372
20547 0.573165
31301 0.547291
15179 0.518994
12758 0.509497
18257 0.491667
36480 0.475392
15465 0.455556
6483 0.454124
3342 0.449942
16010 0.447389
38386 0.432372
13305 0.409137
37117 0.406902
30866 0.404116
19945 0.40202
18946 0.381705
746 0.381705
18328 0.368347
39606 0.362449
16034 0.361429
5693 0.359251
35336 0.328444
31324 0.322222
37515 0.316771
40429 0.311806
28439 0.311333
2661 0.297272
18201 0.296333
6757 0.295581
24501 0.279167
15171 0.276111
34612 0.271586
33888 0.271127
8399 0.271127
39406 0.26566
29159 0.262857
12283 0.259301
26148 0.253021
12369 0.25
6262 0.25
301 0.248001
10980 0.243868
8962 0.234127
13478 0.233065
26734 0.231285
23447 0.221317
22567 0.216599
13254 0.213141
21629 0.211053
1370 0.207714
4252 0.202201
9665 0.201316
27634 0.2
21678 0.195357
32885 0.182901
37628 0.181382
32589 0.178493
2560 0.175009
35585 0.166667
22060 0.166667
21341 0.166667
5207 0.166667
4621 0.166667
543 0.166667
23411 0.146215
14615 0.142857
28519 0.141414
19513 0.141414
34789 0.13554
33040 0.13554
30581 0.13554
20592 0.131705
5585 0.131705
37651 0.127955
6050 0.127955
8672 0.127849
27799 0.126822
32079 0.125753
30454 0.124846
987 0.124846
27643 0.122829
40179 0.119048
34600 0.118054
4591 0.118054
38201 0.115556
23696 0.114662
4136 0.111111
11906 0.110535
28552 0.107214
26898 0.105714
11649 0.105714
39193 0.103602
27152 0.10353
8892 0.10228
34768 0.1
18718 0.1
18444 0.1
18347 0.1
14325 0.1
3671 0.1
3096 0.1
2647 0.1
743 0.1
19436 0.095791
17309 0.095791
18503 0.0953802
35484 0.0944056
4895 0.0942308
19127 0.0917949
33259 0.0909091
22807 0.0909091
5214 0.0909091
37193 0.0848852
30036 0.0848852
7838 0.0848852
22223 0.0847306
35848 0.0844593
4563 0.0844593
32373 0.0838864
29913 0.0838864
29040 0.0833333
11868 0.0833333
9620 0.0833333
17990 0.0808974
6701 0.0808974
16878 0.0801238
12381 0.0801238
412 0.0801238
27766 0.0769231
23347 0.0769231
20808 0.0769231
38942 0.0753532
33597 0.0753532
33050 0.0753532
20525 0.0753532
16753 0.0753532
16355 0.0753532
15548 0.0753532
11015 0.0753532
6622 0.0753532
6065 0.0753532
867 0.0753532
35925 0.0666667
35287 0.0666667
34916 0.0666667
19141 0.0666667
18889 0.0666667
9944 0.0666667
1975 0.0666667
40103 0.0625
37877 0.0625
32273 0.0625
29072 0.0625
28798 0.0625
28202 0.0625
20527 0.0625
15400 0.0625
2769 0.0625
37176 0.0615772
33825 0.0615772
27514 0.0615772
24818 0.0615772
24382 0.0615772
23154 0.0615772
20489 0.0615772
20229 0.0615772
18274 0.0615772
17854 0.0615772
17634 0.0615772
17075 0.0615772
15124 0.0615772
14211 0.0615772
13432 0.0615772
10731 0.0615772
8867 0.0615772
6096 0.0615772
5663 0.0615772
5153 0.0615772
2289 0.0615772
186 0.0615772
22472 0.0555556
16917 0.0555556
13024 0.0555556
11553 0.0555556
10761 0.0555556
8317 0.0555556
5353 0.0555556
33456 0.0526316
28783 0.0526316
24002 0.0526316
22656 0.0526316
19834 0.0526316
19171 0.0526316
18930 0.0526316
38970 0.05
38707 0.05
32303 0.05
27702 0.05
25287 0.05
24414 0.05
22817 0.05
14512 0.05
14416 0.05
13941 0.05
13028 0.05
10947 0.05
9556 0.05
17312 0.0454545
16009 0.0454545
2885 0.0454545
35646 0.0416667
28781 0.0416667
19835 0.0416667
18467 0.0416667
16914 0.0416667
13275 0.0416667
5102 0.0416667
1277 0.0416667
535 0.0416667
18113 0.04
16219 0.04
18986 0.0384615
34459 0.0357143
26722 0.0357143
19979 0.0357143
18429 0.0357143
18319 0.0357143
16678 0.0357143
15402 0.0357143
14443 0.0357143
12794 0.0357143
11453 0.0357143
40795 0.0344828
40493 0.0344828
40032 0.0344828
36370 0.0344828
34017 0.0344828
31176 0.0344828
10400 0.0344828
5362 0.0344828
23956 0.0333333
38535 0.0322581
25016 0.0322581
23843 0.0322581
1653 0.0322581
29174 0.030303
28293 0.030303
26116 0.030303
31509 0.0263158
27963 0.0263158
39015 0.025641
31568 0.025641
31045 0.025641
20320 0.025641
16131 0.025641
15034 0.025641
14806 0.025641
11796 0.025641
5841 0.025641
4288 0.025641
2080 0.025641
29950 0.0204082
27194 0.0204082
24046 0.0204082
22391 0.0204082
14111 0.0204082
4218 0.0204082
37416 0.02
36209 0.02
33474 0.02
27440 0.02
24124 0.02
22205 0.02
21540 0.02
21496 0.02
18645 0.02
18419 0.02
17064 0.02
16826 0.02
12404 0.02
3823 0.02
2335 0.02
1366 0.02
38384 0.0192308
29547 0.0192308
28989 0.0192308
19936 0.0192308
19738 0.0192308
18258 0.0192308
164 0.0192308
40017 0.0188679
38527 0.0188679
35165 0.0188679
33944 0.0188679
26455 0.0188679
25379 0.0188679
22228 0.0188679
20174 0.0188679
18741 0.0188679
18209 0.0188679
12626 0.0188679
10987 0.0188679
10736 0.0188679
8596 0.0188679
7880 0.0188679
7320 0.0188679
5920 0.0188679
4259 0.0188679
40869 0.0163934
40001 0.0163934
32797 0.0163934
27939 0.0163934
27886 0.0163934
23380 0.0163934
23364 0.0163934
22402 0.0163934
19243 0.0163934
18890 0.0163934
16915 0.0163934
15237 0.0163934
14377 0.0163934
12928 0.0163934
11958 0.0163934
10737 0.0163934
10073 0.0163934
9023 0.0163934
8508 0.0163934
7708 0.0163934
7691 0.0163934
6815 0.0163934
4405 0.0163934
3025 0.0163934
2633 0.0163934
919 0.0163934
52 0.0163934
40980 0
40979 0
40978 0
40977 0
40976 0
40975 0
40974 0
40973 0
40972 0
40971 0
40970 0
40969 0
40968 0
40967 0
40966 0
40965 0
40964 0
40963 0
40962 0
40961 0
40960 0
40959 0
40958 0
40957 0
40956 0
40955 0
40954 0
40953 0
40952 0
40951 0
40950 0
40949 0
40948 0
40947 0
40946 0
40945 0
40944 0
40943 0
40942 0
40941 0
40940 0
40939 0
40938 0
40937 0
40936 0
40935 0
40934 0
40933 0
40932 0
40931 0
40930 0
40929 0
40928 0
40927 0
40926 0
40925 0
40924 0
40923 0
40922 0
40921 0
40920 0
40919 0
40918 0
40917 0
40916 0
40915 0
40914 0
40913 0
40912 0
40911 0
40910 0
40909 0
40908 0
40907 0
40906 0
40905 0
40904 0
40903 0
40902 0
40901 0
40900 0
40899 0
40898 0
40897 0
40896 0
40895 0
40894 0
40893 0
40892 0
40891 0
40890 0
40889 0
40888 0
40887 0
40886 0
40885 0
40884 0
40883 0
40882 0
40881 0
40880 0
40879 0
40878 0
40877 0
40876 0
40875 0
40874 0
40873 0
40872 0
40871 0
40870 0
40868 0
40867 0
40866 0
40865 0
40864 0
40863 0
40862 0
40861 0
40860 0
40859 0
40858 0
40857 0
40856 0
40855 0
40854 0
40853 0
