10923 224.314
31301 143.176
8672 40.8158
9665 18.4125
21911 17.9015
40883 13.4865
34825 10.5243
3936 9.91302
19032 9.6699
19926 9.46005
15400 9.45448
18328 8.66307
9561 8.56143
22594 7.67669
32885 7.08263
14226 6.79166
31509 5.65633
2885 4.49887
2647 4.16664
1313 3.86585
34433 3.52867
38970 3.34829
29160 3.19747
7691 3.17227
15599 3.01479
27514 2.89049
2249 2.85816
24825 2.8357
24414 2.74302
34768 2.70426
23696 2.6853
17634 2.2961
6255 2.26523
613 2.15
33185 2.13542
37935 2.11049
1975 1.98929
37426 1.97619
52 1.96945
3236 1.95808
34543 1.91667
10980 1.85838
23724 1.78333
28883 1.77525
10737 1.74257
5693 1.72138
22263 1.69567
27799 1.60063
32620 1.58744
21075 1.55216
3158 1.50895
8027 1.50167
22879 1.49941
33664 1.47327
26183 1.33452
34311 1.29117
23429 1.27778
39791 1.26579
24028 1.25447
10361 1.25447
20273 1.2472
1642 1.22067
28904 1.15823
40017 1.15109
17202 1.10672
24812 1.10441
38316 1.06869
28380 1.0627
23813 1.04964
27410 1.04283
35188 1.01786
39582 0.9941
939 0.976387
2840 0.975397
12197 0.95119
11047 0.946359
865 0.941667
21121 0.928175
29709 0.923611
2284 0.920819
5214 0.916667
1897 0.908333
25337 0.906532
30793 0.899175
37048 0.898413
17999 0.896196
2241 0.860815
40310 0.8549
23843 0.85202
13432 0.846512
24667 0.835673
20966 0.813767
8465 0.809524
40915 0.808333
2588 0.783333
33628 0.783333
18950 0.7723
2604 0.763679
6823 0.760714
5151 0.759524
25998 0.731444
9442 0.729371
14544 0.722509
22184 0.722428
9466 0.718835
10073 0.70978
18788 0.706197
28562 0.7
13635 0.7
1017 0.678051
7708 0.674341
10523 0.672863
5255 0.652933
9083 0.652901
37711 0.647712
27819 0.644444
26750 0.639922
18798 0.638889
36289 0.616667
1525 0.612807
18693 0.611111
23785 0.598958
40912 0.59881
9693 0.577887
20341 0.575
2955 0.575
17312 0.573333
14603 0.569476
30242 0.569444
27963 0.567556
17715 0.567556
6509 0.566667
28557 0.563636
2209 0.563595
38764 0.559957
22711 0.551403
15179 0.541667
1819 0.529412
8582 0.524655
2548 0.5125
33712 0.509524
24962 0.497222
27434 0.496181
13646 0.487919
36623 0.485513
4928 0.484921
9497 0.482615
3297 0.47619
40710 0.475
8579 0.473647
30302 0.466667
31894 0.466667
24172 0.4625
1616 0.461111
20350 0.458333
4406 0.458333
39962 0.455979
738 0.452632
25543 0.452381
28864 0.451149
987 0.45
12243 0.44609
186 0.440577
40661 0.434524
40970 0.433616
26400 0.433333
5433 0.427778
30834 0.427027
16983 0.42439
12384 0.42439
28917 0.422727
32760 0.421799
363 0.416861
8463 0.416667
18513 0.416667
9927 0.411111
32711 0.402778
27987 0.401149
5066 0.400354
11195 0.396825
8508 0.392832
17687 0.384039
29737 0.382479
23491 0.382479
3112 0.378571
29962 0.37619
5383 0.366667
35159 0.357724
15781 0.354701
18011 0.354412
4674 0.353968
12297 0.352778
25017 0.350592
10760 0.35
21859 0.346359
4520 0.34359
38366 0.342857
917 0.340909
18274 0.338789
6096 0.338789
3747 0.333914
1394 0.333914
34769 0.333333
31253 0.333333
30588 0.333333
24711 0.333333
24023 0.333333
24017 0.333333
19129 0.333333
12577 0.333333
8962 0.333333
8623 0.333333
8435 0.333333
7129 0.333333
6183 0.333333
4621 0.333333
3378 0.333333
6173 0.329811
3863 0.322727
17264 0.321256
21983 0.321078
29470 0.319845
12990 0.3125
29143 0.309524
13378 0.306443
1210 0.30119
1981 0.301149
36300 0.297331
37087 0.292857
13209 0.285714
24783 0.285535
19589 0.285508
9197 0.280995
25750 0.279825
32994 0.275541
433 0.275541
17254 0.275
26152 0.274242
17440 0.270408
15818 0.270408
34834 0.267982
1107 0.267982
16310 0.266917
38711 0.266667
22557 0.265625
7894 0.265625
17285 0.265584
6929 0.263265
10009 0.262155
25286 0.261111
12654 0.258986
14584 0.258333
15451 0.250433
40832 0.25
39505 0.25
38246 0.25
38121 0.25
37523 0.25
37083 0.25
35361 0.25
34233 0.25
32596 0.25
30074 0.25
29841 0.25
28136 0.25
27598 0.25
27391 0.25
25754 0.25
25416 0.25
24316 0.25
23609 0.25
22890 0.25
21497 0.25
21005 0.25
18688 0.25
18644 0.25
15857 0.25
11288 0.25
8097 0.25
7776 0.25
7196 0.25
5900 0.25
5552 0.25
595 0.25
33944 0.246612
21737 0.241667
919 0.240545
30683 0.238676
31606 0.232724
25445 0.232724
6992 0.230128
32662 0.22806
25490 0.224076
7889 0.223824
12447 0.222428
12176 0.221078
6504 0.220819
12212 0.218687
34167 0.218615
16517 0.218615
14512 0.216638
36757 0.215747
22402 0.215562
36195 0.214866
16618 0.214866
31682 0.207143
15768 0.207143
39102 0.204412
24106 0.204412
1068 0.204412
39616 0.201441
39346 0.2
38989 0.2
38032 0.2
36467 0.2
36283 0.2
35607 0.2
35396 0.2
35156 0.2
34502 0.2
34495 0.2
32296 0.2
31896 0.2
31124 0.2
30345 0.2
29023 0.2
27951 0.2
25949 0.2
24387 0.2
22795 0.2
22458 0.2
21221 0.2
19420 0.2
19233 0.2
17301 0.2
17160 0.2
15150 0.2
15024 0.2
14076 0.2
10791 0.2
9667 0.2
9659 0.2
6753 0.2
4431 0.2
4163 0.2
3592 0.2
3434 0.2
3308 0.2
2850 0.2
2288 0.2
99 0.2
32814 0.194148
39695 0.191667
21110 0.18824
39948 0.184499
2505 0.184499
15411 0.180665
5691 0.179116
35835 0.176974
31028 0.174998
14720 0.174123
37805 0.173515
29581 0.173515
5766 0.173515
2772 0.173515
979 0.1723
5663 0.168901
40782 0.166667
38897 0.166667
38359 0.166667
37835 0.166667
36416 0.166667
36415 0.166667
33327 0.166667
30308 0.166667
28105 0.166667
27585 0.166667
26361 0.166667
25584 0.166667
23658 0.166667
22624 0.166667
20865 0.166667
20579 0.166667
20106 0.166667
18770 0.166667
18509 0.166667
16791 0.166667
15415 0.166667
15053 0.166667
14160 0.166667
13028 0.166667
12760 0.166667
12466 0.166667
10950 0.166667
9862 0.166667
9077 0.166667
6886 0.166667
6108 0.166667
6012 0.166667
4850 0.166667
4496 0.166667
3534 0.166667
1115 0.166667
1091 0.166667
746 0.166667
4405 0.16657
26565 0.163977
40869 0.160931
26401 0.160355
34390 0.159835
25720 0.159835
10954 0.158333
10332 0.158333
40104 0.155556
24002 0.153409
32879 0.152887
24295 0.152887
8377 0.151812
32852 0.15159
6644 0.151014
37591 0.142857
36368 0.142857
35943 0.142857
35063 0.142857
34802 0.142857
33269 0.142857
33053 0.142857
32945 0.142857
31505 0.142857
29972 0.142857
29285 0.142857
29030 0.142857
28341 0.142857
27104 0.142857
26137 0.142857
24239 0.142857
23628 0.142857
22328 0.142857
21347 0.142857
19694 0.142857
19624 0.142857
13920 0.142857
12837 0.142857
11170 0.142857
8716 0.142857
7117 0.142857
6222 0.142857
5358 0.142857
5049 0.142857
4794 0.142857
2763 0.142857
2106 0.142857
1706 0.142857
1259 0.142857
516 0.142857
16853 0.141693
8068 0.141693
28305 0.135399
15603 0.127565
14857 0.12619
39807 0.125
39593 0.125
39384 0.125
36035 0.125
32732 0.125
32243 0.125
31278 0.125
30191 0.125
29077 0.125
27961 0.125
27473 0.125
25427 0.125
25413 0.125
25311 0.125
24986 0.125
24246 0.125
22831 0.125
21736 0.125
19120 0.125
18005 0.125
17659 0.125
14531 0.125
14485 0.125
13422 0.125
11453 0.125
10235 0.125
9511 0.125
8608 0.125
5969 0.125
2118 0.125
1627 0.125
128 0.125
24756 0.122024
4851 0.122024
32229 0.119949
36849 0.118806
18932 0.114777
37372 0.111283
36963 0.111283
35691 0.111283
