40340 3.42582
26920 1.76491
16458 1.71952
12305 1.60814
27438 1.53628
22582 1.3483
23041 1.00663
5248 0.858404
37644 0.813714
1704 0.805196
25147 0.781082
10578 0.735562
9107 0.735562
987 0.614254
11217 0.608158
5534 0.608158
39309 0.593697
40736 0.588288
8256 0.587842
24478 0.532321
24908 0.497388
11050 0.482218
28763 0.471338
34794 0.464993
39967 0.449085
608 0.413502
2624 0.408437
36343 0.401868
8863 0.367857
20987 0.361947
33770 0.345516
32149 0.345516
28145 0.345516
27228 0.345516
14729 0.345516
12359 0.345516
11788 0.345516
2208 0.345516
40828 0.342577
19794 0.342577
26816 0.334892
18743 0.316442
23144 0.308975
36462 0.293631
14714 0.271104
3660 0.271104
17734 0.255044
29818 0.24778
1593 0.241052
18609 0.236151
11603 0.217805
5992 0.217805
14246 0.206308
39713 0.199305
38126 0.199305
28868 0.199305
13703 0.199305
39497 0.189566
17480 0.189566
2865 0.189566
13325 0.180752
34419 0.171042
24306 0.171042
16353 0.16796
15577 0.16796
10372 0.16796
24326 0.164369
39444 0.14341
15757 0.14341
9534 0.14341
26300 0.143086
16904 0.142857
37532 0.142447
17614 0.136134
3137 0.133754
33736 0.130782
10837 0.129587
27397 0.121675
18047 0.118325
28044 0.115261
10049 0.115261
8693 0.115261
32390 0.113722
27647 0.113722
9048 0.111025
22484 0.107321
17377 0.107321
5451 0.107321
28704 0.105514
27179 0.105514
9137 0.105514
1810 0.105514
10380 0.103586
3504 0.103586
28060 0.1
6586 0.1
16845 0.0985294
39223 0.0983525
29587 0.0983525
24532 0.0983525
22146 0.0983525
8743 0.0983525
5472 0.0983525
1792 0.0983525
19247 0.0844384
17587 0.0844384
37039 0.0714286
33610 0.0714286
35742 0.0700405
32215 0.0700405
30376 0.0700405
19706 0.0700405
13744 0.0700405
11960 0.0700405
9073 0.0700405
8703 0.0700405
1512 0.0700405
22752 0.0659151
21242 0.0634608
35118 0.0625528
22513 0.0625528
13093 0.0625528
9836 0.0625528
9326 0.0625528
39403 0.0625
38382 0.0625
35820 0.0625
34711 0.0625
24101 0.0625
8370 0.0625
28615 0.0594029
20609 0.0594029
11121 0.0594029
2002 0.0594029
6060 0.0588235
21050 0.0583193
26640 0.0526316
15471 0.0526316
4534 0.0515686
28217 0.0467839
32216 0.0458619
23187 0.0458619
22374 0.0458619
39473 0.0456751
38734 0.0456751
37460 0.0456751
30672 0.0456751
29121 0.0456751
19756 0.0456751
10740 0.0456751
8102 0.0456751
39691 0.0430532
35368 0.0430532
31935 0.0430532
27076 0.0430532
23497 0.0430532
21696 0.0430532
19154 0.0430532
17133 0.0430532
15582 0.0430532
14453 0.0430532
14192 0.0430532
13475 0.0430532
10120 0.0430532
6676 0.0430532
4566 0.0430532
2855 0.0430532
1412 0.0430532
822 0.0430532
211 0.0430532
38389 0.0416667
19341 0.0416667
18499 0.0416667
17772 0.0416667
10160 0.0416667
2979 0.0416667
23799 0.0357143
20378 0.0357143
28728 0.0348917
25601 0.0348917
25588 0.0348917
19128 0.0348917
16478 0.0348917
16115 0.0348917
14116 0.0348917
6364 0.0348917
40005 0.0317354
38473 0.0317354
36989 0.0317354
36396 0.0317354
36225 0.0317354
33988 0.0317354
31121 0.0317354
29117 0.0317354
27557 0.0317354
26073 0.0317354
25752 0.0317354
23620 0.0317354
21768 0.0317354
21444 0.0317354
20430 0.0317354
11800 0.0317354
8780 0.0317354
7030 0.0317354
6587 0.0317354
6150 0.0317354
6037 0.0317354
4130 0.0317354
2036 0.0317354
816 0.0317354
27261 0.030303
37692 0.0294118
31389 0.0294118
2433 0.0294118
38433 0.025
32871 0.025
27034 0.025
25701 0.025
12882 0.025
8415 0.025
482 0.025
38805 0.0243902
37653 0.0243902
37575 0.0243902
3947 0.0243902
27799 0.0217391
17583 0.0217391
39210 0.0178571
39047 0.0178571
30688 0.0178571
30227 0.0178571
26472 0.0178571
20005 0.0178571
13497 0.0178571
12516 0.0178571
9470 0.0178571
4542 0.0178571
21305 0.0175439
14021 0.0175439
8739 0.0175439
26768 0.0169492
21694 0.0169492
10546 0.0169492
7911 0.0169492
2234 0.0169492
14547 0.0147059
8761 0.0147059
5834 0.0147059
4214 0.0147059
2056 0.0147059
869 0.0147059
13668 0.0113636
40571 0.00729927
40362 0.00729927
40129 0.00729927
38277 0.00729927
37985 0.00729927
37738 0.00729927
36365 0.00729927
36097 0.00729927
35961 0.00729927
35546 0.00729927
35316 0.00729927
35056 0.00729927
34113 0.00729927
33723 0.00729927
33632 0.00729927
33004 0.00729927
31913 0.00729927
31634 0.00729927
31632 0.00729927
31393 0.00729927
30882 0.00729927
29761 0.00729927
29590 0.00729927
28300 0.00729927
28057 0.00729927
27320 0.00729927
26968 0.00729927
25296 0.00729927
25154 0.00729927
25142 0.00729927
23102 0.00729927
22835 0.00729927
22267 0.00729927
22091 0.00729927
21123 0.00729927
20729 0.00729927
20568 0.00729927
19716 0.00729927
17808 0.00729927
14856 0.00729927
14715 0.00729927
14345 0.00729927
13593 0.00729927
13145 0.00729927
12240 0.00729927
11627 0.00729927
11245 0.00729927
11210 0.00729927
11078 0.00729927
10678 0.00729927
9681 0.00729927
8153 0.00729927
7763 0.00729927
6349 0.00729927
5614 0.00729927
5291 0.00729927
4449 0.00729927
3555 0.00729927
1841 0.00729927
1308 0.00729927
643 0.00729927
577 0.00729927
40623 0.00657895
40605 0.00657895
40377 0.00657895
39458 0.00657895
38754 0.00657895
38523 0.00657895
36826 0.00657895
34540 0.00657895
31686 0.00657895
26514 0.00657895
25702 0.00657895
25662 0.00657895
25426 0.00657895
23642 0.00657895
18554 0.00657895
18076 0.00657895
17731 0.00657895
16932 0.00657895
14983 0.00657895
13103 0.00657895
11858 0.00657895
11834 0.00657895
10998 0.00657895
9623 0.00657895
7101 0.00657895
5705 0.00657895
5136 0.00657895
3619 0.00657895
2874 0.00657895
2377 0.00657895
40980 0
40979 0
40978 0
40977 0
40976 0
40975 0
40974 0
40973 0
40972 0
40971 0
40970 0
40969 0
40968 0
40967 0
40966 0
40965 0
40964 0
40963 0
40962 0
40961 0
40960 0
40959 0
40958 0
40957 0
40956 0
40955 0
40954 0
40953 0
40952 0
40951 0
40950 0
40949 0
40948 0
40947 0
40946 0
40945 0
40944 0
40943 0
40942 0
40941 0
40940 0
40939 0
40938 0
40937 0
40936 0
40935 0
40934 0
40933 0
40932 0
40931 0
40930 0
40929 0
40928 0
40927 0
40926 0
40925 0
40924 0
40923 0
40922 0
40921 0
40920 0
40919 0
40918 0
40917 0
40916 0
40915 0
40914 0
40913 0
40912 0
40911 0
40910 0
40909 0
40908 0
40907 0
40906 0
40905 0
40904 0
40903 0
40902 0
40901 0
40900 0
40899 0
40898 0
40897 0
40896 0
40895 0
40894 0
40893 0
40892 0
40891 0
40890 0
40889 0
40888 0
40887 0
40886 0
40885 0
40884 0
40883 0
40882 0
40881 0
40880 0
40879 0
40878 0
40877 0
40876 0
40875 0
40874 0
40873 0
40872 0
40871 0
40870 0
40869 0
40868 0
40867 0
40866 0
40865 0
40864 0
40863 0
40862 0
40861 0
40860 0
40859 0
40858 0
40857 0
40856 0
40855 0
40854 0
40853 0
40852 0
40851 0
40850 0
40849 0
40848 0
40847 0
40846 0
40845 0
40844 0
40843 0
40842 0
40841 0
40840 0
40839 0
40838 0
40837 0
40836 0
40835 0
40834 0
40833 0
40832 0
40831 0
40830 0
40829 0
40827 0
40826 0
40825 0
40824 0
