2047 11.6597
39631 9.44969
3884 5.50783
36891 5.27637
14137 5.19515
23009 5.05163
31174 4.78812
4390 4.71206
20183 3.8703
3841 3.25157
6533 3.17147
11823 3.07485
40895 2.97183
39703 2.45391
30010 2.33197
3187 2.30497
21805 2.02149
3155 1.93494
2461 1.69128
39793 1.68548
26480 1.61603
26852 1.4897
39276 1.47792
38965 1.45207
34732 1.3736
39897 1.36301
37453 1.20818
18791 1.0499
629 1.04487
20545 0.942796
9860 0.927194
18157 0.831919
8254 0.815476
36501 0.814729
21424 0.791667
33032 0.782931
24592 0.71967
1565 0.668968
30997 0.603954
19032 0.566667
22594 0.554158
22832 0.50834
13006 0.50834
28820 0.507077
998 0.500656
3829 0.477513
7711 0.467857
4492 0.459711
6415 0.425
39805 0.411111
13485 0.4
21406 0.378196
36857 0.333333
6651 0.330409
13914 0.300357
34378 0.25
32620 0.25
30793 0.25
17120 0.25
26352 0.240132
35306 0.237179
10986 0.230332
5553 0.219048
729 0.219048
33375 0.2
21183 0.2
18960 0.2
9231 0.2
30840 0.179412
3644 0.154062
16472 0.140212
23215 0.125
16639 0.125
15029 0.125
7147 0.125
4705 0.125
401 0.125
12008 0.120509
40616 0.1
39613 0.1
35110 0.1
34635 0.1
32598 0.1
14901 0.1
14809 0.1
10076 0.1
7514 0.1
5258 0.1
4348 0.1
790 0.1
40915 0.0769231
7919 0.0714286
17301 0.0588235
33485 0.0526316
28552 0.0526316
28010 0.0526316
18656 0.0526316
11453 0.0526316
10712 0.0526316
7803 0.0526316
6191 0.0526316
28907 0.047619
39947 0.037037
39472 0.037037
38583 0.037037
35346 0.037037
35185 0.037037
33256 0.037037
33028 0.037037
30676 0.037037
27989 0.037037
27799 0.037037
26095 0.037037
26084 0.037037
24678 0.037037
23089 0.037037
22368 0.037037
21978 0.037037
21703 0.037037
15873 0.037037
14768 0.037037
13669 0.037037
12935 0.037037
11080 0.037037
5719 0.037037
2749 0.037037
498 0.037037
110 0.037037
29575 0.0357143
22512 0.0357143
21526 0.0357143
32803 0.0294118
23202 0.0294118
14161 0.0294118
2321 0.0294118
2316 0.0294118
59 0.0294118
40980 0
40979 0
40978 0
40977 0
40976 0
40975 0
40974 0
40973 0
40972 0
40971 0
40970 0
40969 0
40968 0
40967 0
40966 0
40965 0
40964 0
40963 0
40962 0
40961 0
40960 0
40959 0
40958 0
40957 0
40956 0
40955 0
40954 0
40953 0
40952 0
40951 0
40950 0
40949 0
40948 0
40947 0
40946 0
40945 0
40944 0
40943 0
40942 0
40941 0
40940 0
40939 0
40938 0
40937 0
40936 0
40935 0
40934 0
40933 0
40932 0
40931 0
40930 0
40929 0
40928 0
40927 0
40926 0
40925 0
40924 0
40923 0
40922 0
40921 0
40920 0
40919 0
40918 0
40917 0
40916 0
40914 0
40913 0
40912 0
40911 0
40910 0
40909 0
40908 0
40907 0
40906 0
40905 0
40904 0
40903 0
40902 0
40901 0
40900 0
40899 0
40898 0
40897 0
40896 0
40894 0
40893 0
40892 0
40891 0
40890 0
40889 0
40888 0
40887 0
40886 0
40885 0
40884 0
40883 0
40882 0
40881 0
40880 0
40879 0
40878 0
40877 0
40876 0
40875 0
40874 0
40873 0
40872 0
40871 0
40870 0
40869 0
40868 0
40867 0
40866 0
40865 0
40864 0
40863 0
40862 0
40861 0
40860 0
40859 0
40858 0
40857 0
40856 0
40855 0
40854 0
40853 0
40852 0
40851 0
40850 0
40849 0
40848 0
40847 0
40846 0
40845 0
40844 0
40843 0
40842 0
40841 0
40840 0
40839 0
40838 0
40837 0
40836 0
40835 0
40834 0
40833 0
40832 0
40831 0
40830 0
40829 0
40828 0
40827 0
40826 0
40825 0
40824 0
40823 0
40822 0
40821 0
40820 0
40819 0
40818 0
40817 0
40816 0
40815 0
40814 0
40813 0
40812 0
40811 0
40810 0
40809 0
40808 0
40807 0
40806 0
40805 0
40804 0
40803 0
40802 0
40801 0
40800 0
40799 0
40798 0
40797 0
40796 0
40795 0
40794 0
40793 0
40792 0
40791 0
40790 0
40789 0
40788 0
40787 0
40786 0
40785 0
40784 0
40783 0
40782 0
40781 0
40780 0
40779 0
40778 0
40777 0
40776 0
40775 0
40774 0
40773 0
40772 0
40771 0
40770 0
40769 0
40768 0
40767 0
40766 0
40765 0
40764 0
40763 0
40762 0
40761 0
40760 0
40759 0
40758 0
40757 0
40756 0
40755 0
40754 0
40753 0
40752 0
40751 0
40750 0
40749 0
40748 0
40747 0
40746 0
40745 0
40744 0
40743 0
40742 0
40741 0
40740 0
40739 0
40738 0
40737 0
40736 0
40735 0
40734 0
40733 0
40732 0
40731 0
40730 0
40729 0
40728 0
40727 0
40726 0
40725 0
40724 0
40723 0
40722 0
40721 0
40720 0
40719 0
40718 0
40717 0
40716 0
40715 0
40714 0
40713 0
40712 0
40711 0
40710 0
40709 0
40708 0
40707 0
40706 0
40705 0
40704 0
40703 0
40702 0
40701 0
40700 0
40699 0
40698 0
40697 0
40696 0
40695 0
40694 0
40693 0
40692 0
40691 0
40690 0
40689 0
40688 0
40687 0
40686 0
40685 0
40684 0
40683 0
40682 0
40681 0
40680 0
40679 0
40678 0
40677 0
40676 0
40675 0
40674 0
40673 0
40672 0
40671 0
40670 0
40669 0
40668 0
40667 0
40666 0
40665 0
40664 0
40663 0
40662 0
40661 0
40660 0
40659 0
40658 0
40657 0
40656 0
40655 0
40654 0
40653 0
40652 0
40651 0
40650 0
40649 0
40648 0
40647 0
40646 0
40645 0
40644 0
40643 0
40642 0
40641 0
40640 0
40639 0
40638 0
40637 0
40636 0
40635 0
40634 0
40633 0
40632 0
40631 0
40630 0
40629 0
40628 0
40627 0
40626 0
40625 0
40624 0
40623 0
40622 0
40621 0
40620 0
40619 0
40618 0
40617 0
40615 0
