31329 33.8102
3228 12.7234
37973 8.50212
25242 7.17814
27595 6.31172
1075 5.4628
30792 5.26383
1757 4.64985
34427 4.425
39901 4.33196
19072 4.26915
3027 3.58319
3028 2.69246
33297 2.48231
17037 2.4291
28321 2.16032
1572 2.11523
13974 1.93673
3096 1.86667
15148 1.82937
17493 1.81116
7955 1.60094
27799 1.58452
27494 1.475
232 1.38025
19995 1.36995
15616 1.30531
18328 1.29111
31562 1.25369
22864 1.2403
2885 1.21667
15991 1.19912
16153 1.19007
24838 1.15141
31213 1.13601
23332 1.12645
8027 1.11786
32885 1.11026
19032 1.08175
23724 1.08095
34044 1.07882
20047 1.07642
11592 1.07619
25209 1.0744
22594 1.05714
38763 1.02729
8160 1.00223
24889 1
29242 0.994657
5615 0.990061
23843 0.988889
37484 0.959239
8672 0.958333
36126 0.896141
12357 0.890942
22867 0.883682
31301 0.859722
35814 0.857561
21467 0.849653
12748 0.847374
26549 0.833333
29223 0.800346
33494 0.799405
28991 0.788492
595 0.777381
28359 0.765079
12338 0.763584
34369 0.757374
20367 0.733868
1975 0.722222
996 0.7
27234 0.694062
13460 0.680549
39282 0.666667
34559 0.666667
14344 0.664719
36886 0.644736
10361 0.638889
1061 0.637974
16490 0.618874
13615 0.614866
34174 0.608874
5362 0.592857
5894 0.583333
13043 0.56859
13194 0.566667
16406 0.554993
23992 0.552871
32348 0.544222
17301 0.542857
24353 0.541771
9457 0.52439
4906 0.510888
5158 0.507703
10735 0.503968
17895 0.495819
23696 0.488462
6266 0.476825
15733 0.47619
2091 0.47439
18330 0.467934
17446 0.457935
14109 0.455594
3131 0.433207
18905 0.431319
27926 0.425
7053 0.425
1532 0.42459
31354 0.4125
24825 0.4125
28167 0.409668
18032 0.409524
29505 0.408333
35866 0.390476
6627 0.38261
4716 0.372024
32620 0.35
19179 0.347005
17351 0.340946
39963 0.333333
25016 0.333333
20167 0.333333
18809 0.333333
18271 0.333333
7938 0.333333
7727 0.333333
7708 0.333333
2814 0.324158
848 0.316706
9712 0.316688
22711 0.308333
21862 0.303571
14300 0.300811
30398 0.286619
13450 0.285014
8665 0.280515
39184 0.278571
24458 0.27381
8480 0.271825
2343 0.269608
35277 0.269481
1486 0.262465
29665 0.256371
24020 0.256371
33298 0.255952
39238 0.25
37793 0.25
34716 0.25
27061 0.25
24776 0.25
21889 0.25
21005 0.25
18950 0.25
17231 0.25
15894 0.25
13309 0.25
10224 0.25
3997 0.25
14077 0.249625
8798 0.246424
543 0.235747
18563 0.22439
24228 0.219048
19244 0.214581
16589 0.214286
24727 0.206944
16402 0.206208
1048 0.204801
24787 0.201548
39962 0.2
38879 0.2
38798 0.2
30012 0.2
29271 0.2
26775 0.2
23499 0.2
22668 0.2
12386 0.2
10999 0.2
10961 0.2
3936 0.2
4703 0.189581
39942 0.184087
14655 0.182108
28314 0.180952
11485 0.166923
34146 0.166667
28874 0.166667
24824 0.166667
19324 0.166667
17083 0.166667
13635 0.166667
6262 0.166667
27538 0.166067
34418 0.162717
8276 0.162717
34152 0.161162
31152 0.161162
8774 0.155072
32278 0.154062
29775 0.152772
21855 0.152772
1429 0.145296
39396 0.142857
36261 0.142857
34312 0.142857
32801 0.142857
29401 0.142857
26303 0.142857
20996 0.142857
19607 0.142857
18088 0.142857
14766 0.142857
12980 0.142857
5267 0.142857
19095 0.129152
12210 0.129152
2086 0.127565
38390 0.125
35346 0.125
32722 0.125
28474 0.125
20356 0.125
18118 0.125
17312 0.125
16108 0.125
6041 0.125
5786 0.119304
35529 0.117965
38237 0.111111
32630 0.111111
28439 0.111111
25788 0.111111
25780 0.111111
25155 0.111111
19266 0.111111
16789 0.111111
16652 0.111111
14257 0.111111
12316 0.111111
6563 0.111111
2647 0.111111
2560 0.111111
2335 0.111111
34532 0.109026
33242 0.109026
31710 0.109026
23753 0.109026
15854 0.109026
10008 0.109026
32251 0.107896
18843 0.105573
40915 0.1
40073 0.1
28864 0.1
28552 0.1
24239 0.1
13644 0.1
12466 0.1
11453 0.1
10480 0.1
10405 0.1
6291 0.1
37995 0.0994624
35270 0.0994624
15674 0.0985661
28269 0.0909091
14938 0.0909091
14173 0.0909091
878 0.0909091
40883 0.0833333
40023 0.0833333
24678 0.0833333
8470 0.0833333
3593 0.0820164
31946 0.0769231
18788 0.0769231
32154 0.0763653
3731 0.0763653
32755 0.0714286
29122 0.0714286
28805 0.0714286
8737 0.0714286
27555 0.0709669
19771 0.0709669
11648 0.0709669
11374 0.0709669
513 0.0709669
26615 0.0632465
2354 0.0632465
2028 0.0632465
34825 0.0625
34768 0.0625
27766 0.0625
25335 0.0625
24681 0.0625
22228 0.0625
18777 0.0625
15769 0.0625
9562 0.0625
5758 0.0625
2249 0.0625
1361 0.0625
14027 0.0588235
8946 0.0588235
35726 0.0555556
32857 0.0555556
31769 0.0555556
30054 0.0555556
12283 0.0555556
10737 0.0555556
8465 0.0555556
2482 0.0555556
30388 0.0549933
36511 0.0526316
21245 0.047619
20738 0.047619
38096 0.0423008
34416 0.0423008
26837 0.0423008
26501 0.0423008
26465 0.0423008
25896 0.0423008
24841 0.0423008
24234 0.0423008
22756 0.0423008
21723 0.0423008
21450 0.0423008
18736 0.0423008
18279 0.0423008
17674 0.0423008
11783 0.0423008
10957 0.0423008
10278 0.0423008
20906 0.0384615
11527 0.0384615
32641 0.0357143
32098 0.0357143
36298 0.0333333
14851 0.0333333
35109 0.0243902
16955 0.0243902
6766 0.0243902
2356 0.0243902
37865 0.0227273
31055 0.0227273
38227 0.0217391
36293 0.0217391
34637 0.0217391
34145 0.0217391
32731 0.0217391
32696 0.0217391
32180 0.0217391
30457 0.0217391
29777 0.0217391
29576 0.0217391
29013 0.0217391
16081 0.0217391
2359 0.0217391
865 0.0217391
27129 0.0196078
20250 0.0196078
15378 0.0196078
7227 0.0196078
39959 0.016129
12042 0.016129
22354 0.0135135
15334 0.0135135
14159 0.0135135
4330 0.0135135
39092 0.0126582
32450 0.0126582
30230 0.0126582
26019 0.0126582
23519 0.0126582
16996 0.0126582
2373 0.0126582
2046 0.0126582
40980 0
40979 0
40978 0
40977 0
40976 0
40975 0
40974 0
40973 0
40972 0
40971 0
40970 0
40969 0
40968 0
40967 0
40966 0
40965 0
40964 0
40963 0
40962 0
40961 0
40960 0
40959 0
40958 0
40957 0
40956 0
40955 0
40954 0
40953 0
40952 0
40951 0
40950 0
40949 0
40948 0
40947 0
40946 0
40945 0
40944 0
40943 0
40942 0
40941 0
40940 0
40939 0
40938 0
40937 0
40936 0
40935 0
40934 0
40933 0
40932 0
40931 0
40930 0
40929 0
40928 0
40927 0
40926 0
40925 0
40924 0
40923 0
40922 0
40921 0
40920 0
40919 0
40918 0
40917 0
40916 0
40914 0
40913 0
40912 0
40911 0
40910 0
40909 0
40908 0
40907 0
40906 0
40905 0
40904 0
40903 0
40902 0
40901 0
40900 0
40899 0
40898 0
40897 0
40896 0
40895 0
40894 0
40893 0
40892 0
40891 0
40890 0
40889 0
40888 0
40887 0
40886 0
40885 0
40884 0
40882 0
40881 0
40880 0
40879 0
40878 0
40877 0
40876 0
40875 0
40874 0
40873 0
40872 0
40871 0
40870 0
40869 0
40868 0
40867 0
40866 0
40865 0
40864 0
40863 0
40862 0
40861 0
40860 0
40859 0
40858 0
40857 0
