27024 8.19198
6811 4.72703
28536 4.47346
15051 3.11659
36392 2.71511
28776 2.29723
34570 2.13141
2184 1.88439
5478 1.88361
37600 1.80286
18494 1.72544
29879 1.69895
943 1.61422
32086 1.35614
22826 1.31069
2737 1.1256
1529 1.12168
37781 1.11869
27710 1.10443
25796 1.04365
40112 1.01696
34956 1.01498
12383 0.984665
34137 0.86478
22151 0.847558
14446 0.75
18928 0.723833
18320 0.697714
29098 0.671926
16106 0.668687
6472 0.646154
18487 0.606825
20284 0.602632
7902 0.582654
8509 0.559524
18158 0.539813
14642 0.537203
956 0.511111
31106 0.508824
30463 0.47027
14412 0.44359
7712 0.428261
22776 0.424307
24680 0.395489
36181 0.390205
19815 0.378193
30368 0.361503
6455 0.360714
26993 0.357974
37728 0.354555
4639 0.342857
33581 0.336111
18132 0.333333
6912 0.333333
29479 0.327381
19398 0.311111
611 0.310689
19811 0.30202
37684 0.28361
34779 0.28361
14197 0.278943
22237 0.276696
35531 0.263258
35031 0.25647
36543 0.252778
38868 0.25
29748 0.25
11590 0.25
10806 0.25
6729 0.25
39874 0.245118
38617 0.245118
26167 0.243612
22323 0.24359
8766 0.238276
23606 0.238095
14982 0.236111
11772 0.236111
4354 0.21859
9812 0.214141
13752 0.21131
29002 0.210693
39949 0.209649
24076 0.205492
6991 0.20395
30196 0.202778
23430 0.202778
10401 0.2
9832 0.2
4007 0.2
40045 0.190909
40116 0.188329
9505 0.182984
15444 0.179659
15939 0.179555
15366 0.178702
35197 0.166667
31544 0.166667
30306 0.166667
27184 0.166667
21015 0.166667
38219 0.15049
40482 0.142857
38466 0.142857
30925 0.142857
27798 0.142857
19974 0.142857
18962 0.142857
13272 0.142857
11220 0.142857
10557 0.142857
788 0.142857
25711 0.135635
34488 0.125
27580 0.125
26889 0.125
32443 0.123882
21535 0.123882
9120 0.120505
20626 0.119628
30592 0.118478
35033 0.118478
15271 0.118478
35557 0.116316
4942 0.116316
39654 0.111111
36500 0.111111
27754 0.111111
23664 0.111111
23652 0.111111
22566 0.111111
19944 0.111111
6760 0.111111
494 0.111111
4920 0.11036
25044 0.108442
32351 0.104659
17820 0.104659
12557 0.101044
30768 0.1
20924 0.1
18993 0.1
12941 0.1
12192 0.1
17666 0.0992325
33619 0.0979167
37251 0.0909091
26427 0.0909091
19556 0.0909091
14991 0.0909091
4401 0.0909091
3121 0.0909091
1066 0.0909091
40333 0.0835258
30105 0.0835258
19705 0.0835258
16643 0.0835258
14731 0.0835258
12583 0.0835258
6907 0.0835258
1297 0.0835258
40475 0.0833333
23092 0.0833333
2383 0.0833333
1601 0.0833333
11629 0.0783428
9629 0.0783428
36280 0.0769231
33354 0.0769231
28252 0.0769231
27986 0.0769231
22595 0.0769231
20573 0.0769231
18634 0.0769231
14148 0.0769231
8874 0.0769231
5647 0.0769231
3647 0.0769231
898 0.0769231
778 0.0769231
34630 0.0727273
2780 0.0727273
38325 0.0714286
25457 0.0714286
11564 0.0714286
30522 0.0666667
29532 0.0666667
27287 0.0666667
26545 0.0666667
23416 0.0666667
18876 0.0666667
17186 0.0666667
7375 0.0666667
37761 0.0526316
36178 0.0526316
25961 0.0526316
15730 0.0526316
37623 0.05
36863 0.05
28043 0.05
18716 0.05
13625 0.05
8808 0.05
4460 0.05
37272 0.0434783
37180 0.0434783
28160 0.0434783
10039 0.0434783
35883 0.0416667
34293 0.0416667
33023 0.0416667
28905 0.0416667
27268 0.0416667
25040 0.0416667
24418 0.0416667
19963 0.0416667
19414 0.0416667
17743 0.0416667
8394 0.0416667
6142 0.0416667
4275 0.0416667
1701 0.0416667
21226 0.04
15932 0.04
11894 0.04
37547 0.0357143
34506 0.0357143
33305 0.0357143
30528 0.0357143
29661 0.0357143
5391 0.0357143
469 0.0357143
36729 0.0344828
34541 0.0344828
25859 0.0344828
24173 0.0344828
10172 0.0344828
33694 0.0333333
21663 0.0333333
21417 0.0333333
17147 0.0333333
15173 0.0333333
10085 0.0333333
39623 0.03125
39072 0.03125
34654 0.03125
32268 0.03125
38914 0.027027
24781 0.027027
19146 0.027027
14301 0.027027
13996 0.027027
10859 0.027027
40702 0.0263158
40257 0.0263158
37288 0.0263158
36941 0.0263158
35964 0.0263158
22204 0.0263158
20636 0.0263158
18450 0.0263158
13924 0.0263158
13734 0.0263158
12632 0.0263158
10917 0.0263158
7897 0.0263158
2287 0.0263158
39148 0.025
39025 0.025
38124 0.025
34885 0.025
34136 0.025
33188 0.025
31966 0.025
28256 0.025
27159 0.025
25382 0.025
21218 0.025
18672 0.025
17712 0.025
16489 0.025
13726 0.025
11757 0.025
11070 0.025
10897 0.025
10064 0.025
7156 0.025
6743 0.025
2713 0.025
39905 0.0227273
32561 0.0227273
26603 0.0227273
23737 0.0227273
22810 0.0227273
22244 0.0227273
16170 0.0227273
11671 0.0227273
11141 0.0227273
7028 0.0227273
7023 0.0227273
4273 0.0227273
2448 0.0227273
40980 0
40979 0
40978 0
40977 0
40976 0
40975 0
40974 0
40973 0
40972 0
40971 0
40970 0
40969 0
40968 0
40967 0
40966 0
40965 0
40964 0
40963 0
40962 0
40961 0
40960 0
40959 0
40958 0
40957 0
40956 0
40955 0
40954 0
40953 0
40952 0
40951 0
40950 0
40949 0
40948 0
40947 0
40946 0
40945 0
40944 0
40943 0
40942 0
40941 0
40940 0
40939 0
40938 0
40937 0
40936 0
40935 0
40934 0
40933 0
40932 0
40931 0
40930 0
40929 0
40928 0
40927 0
40926 0
40925 0
40924 0
40923 0
40922 0
40921 0
40920 0
40919 0
40918 0
40917 0
40916 0
40915 0
40914 0
40913 0
40912 0
40911 0
40910 0
40909 0
40908 0
40907 0
40906 0
40905 0
40904 0
40903 0
40902 0
40901 0
40900 0
40899 0
40898 0
40897 0
40896 0
40895 0
40894 0
40893 0
40892 0
40891 0
40890 0
40889 0
40888 0
40887 0
40886 0
40885 0
40884 0
40883 0
40882 0
40881 0
40880 0
40879 0
40878 0
40877 0
40876 0
40875 0
40874 0
40873 0
40872 0
40871 0
40870 0
40869 0
40868 0
40867 0
40866 0
40865 0
40864 0
40863 0
40862 0
40861 0
40860 0
40859 0
40858 0
40857 0
40856 0
40855 0
40854 0
40853 0
40852 0
40851 0
40850 0
40849 0
40848 0
40847 0
40846 0
40845 0
40844 0
40843 0
40842 0
40841 0
40840 0
40839 0
40838 0
40837 0
40836 0
40835 0
40834 0
40833 0
40832 0
40831 0
40830 0
40829 0
40828 0
40827 0
40826 0
40825 0
40824 0
40823 0
40822 0
40821 0
40820 0
40819 0
40818 0
40817 0
40816 0
40815 0
40814 0
40813 0
40812 0
40811 0
40810 0
40809 0
40808 0
40807 0
40806 0
40805 0
40804 0
40803 0
40802 0
40801 0
40800 0
40799 0
40798 0
40797 0
40796 0
40795 0
40794 0
40793 0
40792 0
40791 0
40790 0
40789 0
40788 0
40787 0
40786 0
40785 0
40784 0
40783 0
