16652 3.73475
33487 2.34125
17152 2.14985
23262 1.85346
22855 1.77833
18034 1.77589
30996 1.37377
14440 1.35705
26310 1.31571
26272 1.30687
3325 1.3062
24367 1.2564
19001 1.23673
15217 1.17715
29889 1.1127
27816 1.1127
36693 1.07976
27790 1.04368
19266 0.965066
24815 0.912154
18830 0.889509
7958 0.886238
4845 0.825757
9768 0.823806
33501 0.779893
12881 0.76202
29870 0.730575
30531 0.709886
14213 0.696915
10404 0.676131
30874 0.675248
26779 0.671083
1887 0.652438
20465 0.628742
35256 0.5818
22758 0.580012
14908 0.580012
35670 0.576923
35940 0.558614
10096 0.558614
22377 0.554359
29802 0.535912
34836 0.4712
29795 0.462022
32323 0.43961
378 0.436527
28258 0.432589
12174 0.424057
30241 0.415619
28550 0.396544
5776 0.384422
19564 0.382025
4102 0.339183
19654 0.337297
32135 0.334287
12639 0.334287
12115 0.314749
31272 0.313012
1527 0.308005
20318 0.306261
21166 0.301985
26509 0.255909
22030 0.255782
28148 0.254987
11379 0.25
27247 0.242022
5278 0.241068
11300 0.226741
32621 0.226732
6700 0.219298
12085 0.218474
38051 0.213522
2881 0.210797
8203 0.206734
40277 0.206032
32236 0.205976
40862 0.201819
20616 0.201819
21597 0.1874
27605 0.17995
23657 0.179193
25788 0.165204
30877 0.160038
8492 0.157023
21647 0.155799
58 0.155799
4262 0.15047
14257 0.146668
16451 0.137449
18547 0.12664
39904 0.126001
12710 0.126001
35201 0.125661
40488 0.124415
27172 0.116667
29684 0.109351
36805 0.108767
26792 0.106438
12523 0.106438
26112 0.104877
25411 0.0983028
33760 0.0981319
19272 0.0981319
36060 0.0889876
31202 0.0889876
29338 0.0889876
20581 0.0889876
8122 0.0889876
7968 0.0889876
237 0.0866667
40269 0.0865165
30903 0.085
27757 0.0838454
7963 0.0835185
32185 0.0833333
42 0.0833333
16191 0.0822581
30194 0.0822055
18458 0.0822055
5801 0.0822055
31541 0.0803271
39340 0.0797278
21144 0.0771886
32521 0.0769231
16161 0.0714286
7071 0.0714286
19674 0.0700387
27886 0.0694444
29906 0.0666667
27831 0.0666667
31301 0.0664673
7894 0.0664673
36835 0.065873
28019 0.065873
2694 0.065873
9537 0.0588235
8029 0.0588235
2138 0.0554092
34125 0.0543915
31103 0.0543915
12841 0.0543915
10357 0.0543915
6881 0.0543915
24462 0.05
9449 0.047619
14952 0.046176
20624 0.0456976
17042 0.0456976
26047 0.0454545
33623 0.0448052
17103 0.0434783
3491 0.0434783
40044 0.0412964
37709 0.0412964
33540 0.0412964
27547 0.0412964
19692 0.0412964
16107 0.0412964
11862 0.0412964
9932 0.0412964
5033 0.0412964
1617 0.0412964
1198 0.037037
37378 0.0333333
29085 0.0333333
36734 0.0322581
33974 0.0322581
18043 0.0322581
16939 0.0322581
11094 0.0322581
11016 0.0322581
3520 0.0322581
27331 0.030303
15544 0.030303
10005 0.030303
7795 0.030303
16308 0.0294118
7717 0.0294118
39171 0.0285714
34973 0.0285714
28038 0.0285714
22311 0.0285714
14630 0.0285714
12928 0.0285714
11179 0.0285714
6487 0.0285714
5693 0.0285714
2838 0.0285714
2043 0.0285714
31329 0.0263158
27595 0.0263158
25209 0.0263158
11648 0.0263158
8774 0.0263158
8480 0.0263158
3228 0.0263158
39695 0.025
39599 0.025
38711 0.025
33805 0.025
28011 0.025
27656 0.025
22402 0.025
17634 0.025
17231 0.025
16389 0.025
15603 0.025
13881 0.025
10737 0.025
8299 0.025
7804 0.025
6815 0.025
6314 0.025
4878 0.025
4405 0.025
3782 0.025
3047 0.025
2633 0.025
2289 0.025
1485 0.025
919 0.025
52 0.025
36347 0.0222222
33385 0.0217391
18670 0.0217391
30369 0.02
31306 0.0185185
18704 0.0185185
8060 0.0185185
38002 0.0166667
36093 0.0166667
8672 0.0166667
27378 0.015873
40017 0.0151515
36689 0.0151515
36523 0.0151515
23095 0.0151515
22557 0.0151515
20129 0.0151515
16369 0.0151515
15769 0.0151515
13422 0.0151515
12386 0.0151515
11625 0.0151515
10105 0.0151515
7707 0.0151515
5879 0.0151515
3193 0.0151515
36127 0.0131579
27621 0.0131579
17602 0.0131579
5116 0.0131579
38237 0.012987
26532 0.012987
14367 0.012987
6614 0.012987
4117 0.012987
40980 0
40979 0
40978 0
40977 0
40976 0
40975 0
40974 0
40973 0
40972 0
40971 0
40970 0
40969 0
40968 0
40967 0
40966 0
40965 0
40964 0
40963 0
40962 0
40961 0
40960 0
40959 0
40958 0
40957 0
40956 0
40955 0
40954 0
40953 0
40952 0
40951 0
40950 0
40949 0
40948 0
40947 0
40946 0
40945 0
40944 0
40943 0
40942 0
40941 0
40940 0
40939 0
40938 0
40937 0
40936 0
40935 0
40934 0
40933 0
40932 0
40931 0
40930 0
40929 0
40928 0
40927 0
40926 0
40925 0
40924 0
40923 0
40922 0
40921 0
40920 0
40919 0
40918 0
40917 0
40916 0
40915 0
40914 0
40913 0
40912 0
40911 0
40910 0
40909 0
40908 0
40907 0
40906 0
40905 0
40904 0
40903 0
40902 0
40901 0
40900 0
40899 0
40898 0
40897 0
40896 0
40895 0
40894 0
40893 0
40892 0
40891 0
40890 0
40889 0
40888 0
40887 0
40886 0
40885 0
40884 0
40883 0
40882 0
40881 0
40880 0
40879 0
40878 0
40877 0
40876 0
40875 0
40874 0
40873 0
40872 0
40871 0
40870 0
40869 0
40868 0
40867 0
40866 0
40865 0
40864 0
40863 0
40861 0
40860 0
40859 0
40858 0
40857 0
40856 0
40855 0
40854 0
40853 0
40852 0
40851 0
40850 0
40849 0
40848 0
40847 0
40846 0
40845 0
40844 0
40843 0
40842 0
40841 0
40840 0
40839 0
40838 0
40837 0
40836 0
40835 0
40834 0
40833 0
40832 0
40831 0
40830 0
40829 0
40828 0
40827 0
40826 0
40825 0
40824 0
40823 0
40822 0
40821 0
40820 0
40819 0
40818 0
40817 0
40816 0
40815 0
40814 0
40813 0
40812 0
40811 0
40810 0
40809 0
40808 0
40807 0
40806 0
40805 0
40804 0
40803 0
40802 0
40801 0
40800 0
40799 0
40798 0
40797 0
40796 0
40795 0
40794 0
40793 0
40792 0
40791 0
40790 0
40789 0
40788 0
40787 0
40786 0
40785 0
40784 0
40783 0
40782 0
40781 0
40780 0
40779 0
40778 0
40777 0
40776 0
40775 0
40774 0
40773 0
40772 0
40771 0
40770 0
40769 0
40768 0
40767 0
40766 0
40765 0
40764 0
40763 0
40762 0
40761 0
40760 0
40759 0
40758 0
40757 0
40756 0
40755 0
40754 0
40753 0
40752 0
40751 0
40750 0
40749 0
40748 0
40747 0
40746 0
40745 0
40744 0
40743 0
40742 0
40741 0
40740 0
40739 0
40738 0
40737 0
