27024 40.1132
29879 24.4786
34956 15.5943
29479 14.4137
28776 13.9014
8766 12.4909
5016 5.92294
28536 5.69085
32436 5.26353
39874 4.36526
15051 4.24866
18289 3.98495
19456 3.59487
18320 3.39888
37684 3.2887
4942 2.88036
14197 2.29785
36543 2.25321
2184 2.22737
16864 2.19373
24638 2.1421
35430 2.09286
13791 2.06982
25686 2.06071
27268 2.04083
23606 1.9352
38617 1.82138
14457 1.73799
37288 1.68148
38219 1.68033
2836 1.66667
38733 1.61667
39544 1.60775
24799 1.53254
23723 1.49167
25796 1.46941
31268 1.44488
29002 1.43495
33023 1.43452
20924 1.35145
28252 1.31349
22364 1.26786
12037 1.26009
3647 1.23313
37547 1.22237
18634 1.21591
30981 1.19478
29748 1.13708
943 1.10148
7922 1.0873
9960 1.06264
30368 1.03989
24345 1.03704
18928 1.02214
31065 0.992857
2780 0.986226
20907 0.97549
37139 0.955988
7871 0.938095
31106 0.920895
14412 0.917857
4275 0.916667
750 0.912977
22237 0.896825
34630 0.883027
30463 0.858766
40515 0.83254
15366 0.824094
23818 0.823232
2742 0.804762
10198 0.783333
29894 0.781025
15936 0.767529
11278 0.733333
40447 0.72619
31961 0.710949
20219 0.703701
7551 0.7
4401 0.7
30925 0.685361
18132 0.668651
22043 0.666667
1570 0.660256
29662 0.657367
22151 0.656443
22446 0.644444
10557 0.625
40622 0.616667
23537 0.60119
21600 0.592002
40161 0.587302
30768 0.568452
11590 0.566667
5542 0.5625
40541 0.561111
33776 0.559524
8528 0.559524
24792 0.54925
5773 0.535714
34541 0.523762
39701 0.519867
12583 0.514221
12559 0.507576
38466 0.5
11421 0.49359
1376 0.491667
33305 0.471429
30465 0.470833
2499 0.457576
13331 0.453247
19963 0.44359
35197 0.434524
32561 0.425115
37761 0.422222
21663 0.416667
30759 0.414286
27896 0.414286
6723 0.414286
32107 0.410145
39581 0.403846
15205 0.403704
12884 0.401923
2385 0.401923
8509 0.400433
8090 0.388889
34488 0.386447
3864 0.386447
26889 0.378571
13310 0.376812
2713 0.371429
17743 0.368347
6775 0.367857
14251 0.361905
22013 0.358766
34608 0.357143
30 0.353002
5025 0.347222
9578 0.338095
19398 0.335145
28840 0.333766
39656 0.333333
31129 0.333333
19475 0.333333
14991 0.333333
16106 0.320076
9581 0.31978
25931 0.316468
14183 0.315476
959 0.314815
18158 0.313312
14730 0.313312
4364 0.313312
11141 0.310036
13139 0.30754
23263 0.303571
20176 0.296429
38206 0.293651
28040 0.292832
34739 0.289322
36222 0.286226
9832 0.286111
30471 0.285714
9505 0.280483
2737 0.279894
20573 0.273449
11070 0.271429
37745 0.257236
29189 0.25
28195 0.25
25858 0.25
21047 0.25
18164 0.25
15597 0.25
11787 0.25
8572 0.25
20284 0.246561
30289 0.239907
38432 0.237637
17670 0.234278
23630 0.228571
15939 0.227946
36664 0.222756
24455 0.221256
28103 0.205357
40427 0.2
39799 0.2
38874 0.2
36863 0.2
30868 0.2
17660 0.2
13272 0.2
4166 0.2
4120 0.2
2186 0.2
2922 0.199733
25711 0.196429
7902 0.196429
18716 0.19329
24000 0.174621
23430 0.174621
17308 0.173401
7793 0.172645
25859 0.169295
4273 0.169295
8950 0.168943
40664 0.166667
40356 0.166667
39148 0.166667
39103 0.166667
38845 0.166667
33581 0.166667
30908 0.166667
30473 0.166667
30130 0.166667
28291 0.166667
23066 0.166667
22073 0.166667
16689 0.166667
14446 0.166667
12077 0.166667
7388 0.166667
5835 0.166667
3568 0.166667
3234 0.166667
46 0.166667
40112 0.166187
24418 0.157748
10064 0.155599
12192 0.153597
484 0.153597
38709 0.142857
36844 0.142857
36340 0.142857
36288 0.142857
36244 0.142857
34929 0.142857
32150 0.142857
31499 0.142857
30076 0.142857
27821 0.142857
26408 0.142857
20698 0.142857
20366 0.142857
20262 0.142857
20032 0.142857
19875 0.142857
19811 0.142857
19146 0.142857
17712 0.142857
12815 0.142857
12268 0.142857
11894 0.142857
9261 0.142857
7082 0.142857
5086 0.142857
4124 0.142857
3540 0.142857
3539 0.142857
1956 0.142857
38781 0.139418
17101 0.126786
15915 0.126786
39188 0.125
38325 0.125
37728 0.125
37180 0.125
35457 0.125
31967 0.125
30891 0.125
23434 0.125
22566 0.125
10201 0.125
8874 0.125
6142 0.125
5596 0.125
922 0.125
25457 0.124851
32086 0.123329
28043 0.123329
11832 0.123329
7156 0.123329
16363 0.119481
36711 0.111111
34839 0.111111
34261 0.111111
32268 0.111111
30196 0.111111
26825 0.111111
18079 0.111111
17087 0.111111
13002 0.111111
11457 0.111111
10437 0.111111
9298 0.111111
6455 0.111111
4920 0.111111
2287 0.111111
1080 0.111111
92 0.111111
27476 0.109087
14456 0.109087
37393 0.1
28741 0.1
28623 0.1
27296 0.1
24204 0.1
22323 0.1
18494 0.1
16641 0.1
15444 0.1
10172 0.1
2789 0.1
1926 0.1
37272 0.0909091
36280 0.0909091
35031 0.0909091
31540 0.0909091
20970 0.0909091
17271 0.0909091
16666 0.0909091
15921 0.0909091
15880 0.0909091
1066 0.0909091
36076 0.0833333
35053 0.0833333
35033 0.0833333
24680 0.0833333
16051 0.0833333
5069 0.0833333
4105 0.0833333
39341 0.0769231
25009 0.0769231
19873 0.0769231
9755 0.0769231
386 0.0769231
39648 0.0714286
38484 0.0714286
35263 0.0714286
29152 0.0714286
28002 0.0714286
27754 0.0714286
27084 0.0714286
24689 0.0714286
24565 0.0714286
24173 0.0714286
22503 0.0714286
21109 0.0714286
15878 0.0714286
14481 0.0714286
14148 0.0714286
11913 0.0714286
11126 0.0714286
9619 0.0714286
7824 0.0714286
5903 0.0714286
5672 0.0714286
5302 0.0714286
28981 0.0666667
27302 0.0666667
26204 0.0666667
24005 0.0666667
23424 0.0666667
22826 0.0666667
15401 0.0666667
6211 0.0666667
2623 0.0666667
25069 0.0625
19144 0.0625
17117 0.0625
14995 0.0625
7941 0.0625
7108 0.0625
36181 0.0588235
28881 0.0588235
28160 0.0588235
1529 0.0588235
30528 0.0555556
27119 0.0555556
15746 0.0555556
6450 0.0555556
12117 0.05
18166 0.047619
13335 0.047619
40867 0.0454545
13831 0.0454545
6729 0.0454545
36671 0.0434783
36538 0.0434783
28224 0.0434783
19556 0.0434783
17027 0.0434783
15131 0.0434783
10795 0.0434783
615 0.0434783
34136 0.037037
30592 0.037037
27864 0.037037
22810 0.037037
18672 0.037037
14731 0.037037
11495 0.037037
8746 0.037037
1634 0.037037
37423 0.0357143
35348 0.0357143
33705 0.0357143
11222 0.0357143
11174 0.0357143
7386 0.0357143
6743 0.0357143
39905 0.0322581
37781 0.0322581
36729 0.0322581
34570 0.0322581
30105 0.0322581
27710 0.0322581
25234 0.0322581
25044 0.0322581
22244 0.0322581
20626 0.0322581
16170 0.0322581
14642 0.0322581
9812 0.0322581
9524 0.0322581
9174 0.0322581
7028 0.0322581
7023 0.0322581
6907 0.0322581
6811 0.0322581
6733 0.0322581
1297 0.0322581
494 0.0322581
34878 0.0285714
34779 0.0285714
21015 0.0285714
19411 0.0285714
16549 0.0285714
14852 0.0285714
14706 0.0285714
6568 0.0285714
4460 0.0285714
40980 0
40979 0
40978 0
40977 0
40976 0
40975 0
40974 0
40973 0
40972 0
40971 0
40970 0
40969 0
40968 0
40967 0
40966 0
40965 0
40964 0
40963 0
40962 0
40961 0
40960 0
40959 0
40958 0
40957 0
40956 0
40955 0
40954 0
40953 0
40952 0
40951 0
40950 0
40949 0
40948 0
40947 0
40946 0
40945 0
40944 0
40943 0
40942 0
40941 0
40940 0
40939 0
40938 0
40937 0
40936 0
40935 0
40934 0
40933 0
40932 0
40931 0
40930 0
40929 0
40928 0
40927 0
40926 0
40925 0
40924 0
40923 0
40922 0
