31301 7.01808
9601 6.7417
37957 4.2084
2838 4.09846
31327 3.80352
39165 3.67235
20959 3.22893
9846 3.14473
22221 3.10883
15603 2.90537
31006 2.73309
27514 2.2534
26892 2.06579
20424 2.05927
34495 1.9538
37175 1.93697
17369 1.88751
7708 1.86763
9413 1.78769
36623 1.73155
10205 1.68438
7972 1.66247
31454 1.61327
7343 1.55667
23014 1.55663
25631 1.4979
28444 1.33846
40573 1.2864
18665 1.26782
11251 1.17981
33893 1.16541
30122 1.12618
5800 1.09454
18328 1.08711
25221 0.891796
30548 0.835536
22597 0.823418
32885 0.811279
52 0.785323
10737 0.762619
33672 0.75
26960 0.740168
11625 0.738342
21022 0.736102
5693 0.730195
32546 0.713083
17634 0.712498
26750 0.650038
8672 0.644444
3567 0.616667
28038 0.609909
8175 0.60497
590 0.57799
1971 0.576681
24299 0.566667
26908 0.546825
35638 0.545839
24904 0.541667
24265 0.533333
5436 0.525
8186 0.524407
10445 0.51271
1979 0.51271
4684 0.499986
13014 0.465909
4822 0.465909
19929 0.422269
16828 0.413462
31503 0.401923
36975 0.392857
20554 0.391667
18274 0.388406
25295 0.385406
20433 0.38254
13881 0.381706
21508 0.371429
10929 0.367569
26540 0.361096
12556 0.343636
20160 0.343108
6061 0.339139
27003 0.333333
26714 0.333333
16032 0.333333
13003 0.333333
10057 0.333333
6648 0.333333
4746 0.333333
30696 0.331263
16751 0.300714
13341 0.285441
8508 0.281575
6713 0.277778
20966 0.273352
14544 0.268534
28380 0.252778
33825 0.25
30371 0.25
6262 0.25
13432 0.248145
12709 0.246858
28722 0.24359
10980 0.24359
3276 0.237734
29639 0.237692
38967 0.224242
8902 0.222642
9710 0.219405
4507 0.214286
39743 0.212637
39171 0.206216
24013 0.205556
7894 0.203818
28141 0.2
27624 0.2
25032 0.2
16652 0.2
16166 0.2
1975 0.2
6096 0.199361
19863 0.199346
14048 0.19789
30617 0.196429
29997 0.196429
16925 0.196078
35985 0.194298
32933 0.191799
11845 0.184066
3648 0.184066
7812 0.183454
38095 0.180128
31424 0.174123
8008 0.172367
10882 0.171569
21983 0.171461
24803 0.168835
4405 0.16859
9216 0.167507
38000 0.166667
33117 0.166667
29795 0.166667
24656 0.166667
22894 0.166667
20407 0.166667
18034 0.166667
17103 0.166667
2501 0.166667
38133 0.16334
25462 0.16334
1919 0.157486
39582 0.156335
28166 0.151207
16791 0.148925
889 0.147165
39474 0.142857
35032 0.142857
17889 0.142857
1523 0.142857
26506 0.136078
36792 0.13539
19373 0.130369
20768 0.125522
38825 0.125
34396 0.125
32503 0.125
27410 0.125
21385 0.125
18941 0.125
15300 0.125
14973 0.125
5879 0.125
3112 0.125
3025 0.125
987 0.125
36032 0.124431
11630 0.124431
19295 0.118478
186 0.117972
38662 0.117758
36006 0.117758
17611 0.114301
23283 0.111111
20129 0.111111
13541 0.111111
363 0.109794
36689 0.1
32740 0.1
30632 0.1
22228 0.1
19041 0.1
15963 0.1
15322 0.1
14609 0.1
6671 0.1
4785 0.1
3807 0.1
19473 0.0968254
4431 0.0968254
1163 0.0968254
19605 0.0909091
18934 0.0909091
17159 0.0909091
10117 0.0909091
9538 0.0909091
24382 0.0907867
23154 0.0907867
20229 0.0907867
17075 0.0907867
10731 0.0907867
8867 0.0907867
5663 0.0907867
5153 0.0907867
26555 0.0881879
3635 0.0881879
17663 0.0860601
32813 0.0833333
30159 0.0833333
29059 0.0833333
27552 0.0833333
23539 0.0833333
16310 0.0833333
12875 0.0833333
12812 0.0833333
10009 0.0833333
6823 0.0833333
3401 0.0833333
27844 0.0794627
23211 0.0794627
38980 0.0789287
765 0.0789287
38638 0.0769231
33708 0.0769231
23877 0.0769231
10880 0.0769231
6644 0.0769231
34253 0.0714286
33511 0.0714286
32814 0.0714286
30611 0.0714286
26789 0.0714286
25584 0.0714286
22557 0.0714286
15505 0.0714286
14603 0.0714286
13269 0.0714286
12466 0.0714286
12243 0.0714286
7729 0.0714286
3245 0.0714286
22724 0.0625
19173 0.0625
15149 0.0625
6856 0.0625
37797 0.0588235
16184 0.0588235
37402 0.0555556
27646 0.0555556
18535 0.0555556
14685 0.0555556
9487 0.0555556
3936 0.0555556
35096 0.0526316
24164 0.0526316
20854 0.0526316
10760 0.0526316
26224 0.05
19243 0.05
12868 0.05
2633 0.05
2289 0.05
31986 0.047619
24335 0.047619
21113 0.047619
13540 0.047619
13410 0.047619
10322 0.047619
2204 0.047619
40888 0.0434783
34973 0.0434783
31197 0.0434783
29828 0.0434783
28245 0.0434783
25445 0.0434783
24991 0.0434783
22677 0.0434783
12080 0.0434783
11985 0.0434783
4794 0.0434783
38403 0.0416667
37375 0.0416667
35003 0.0416667
33804 0.0416667
33635 0.0416667
27886 0.0416667
27473 0.0416667
27180 0.0416667
26401 0.0416667
25923 0.0416667
23843 0.0416667
22990 0.0416667
22606 0.0416667
21497 0.0416667
20858 0.0416667
20068 0.0416667
19389 0.0416667
11968 0.0416667
9519 0.0416667
7545 0.0416667
6504 0.0416667
4545 0.0416667
4154 0.0416667
1718 0.0416667
30254 0.04
19943 0.04
11108 0.04
8961 0.04
7691 0.04
40913 0.0384615
38708 0.0384615
25914 0.0384615
23364 0.0384615
21607 0.0384615
16370 0.0384615
10331 0.0384615
3581 0.0384615
2386 0.0384615
26011 0.037037
15592 0.037037
7054 0.037037
40017 0.0357143
39495 0.0357143
32975 0.0357143
4408 0.0357143
40706 0.0333333
33069 0.0333333
16240 0.0333333
12662 0.0333333
4928 0.0333333
3976 0.0333333
2479 0.0333333
1204 0.0333333
35683 0.0322581
32921 0.0322581
32172 0.0322581
30286 0.0322581
22402 0.0322581
21475 0.0322581
18140 0.0322581
14643 0.0322581
10073 0.0322581
3260 0.0322581
919 0.0322581
39994 0.0294118
37279 0.0294118
36721 0.0294118
34517 0.0294118
29375 0.0294118
28961 0.0294118
27120 0.0294118
26530 0.0294118
25413 0.0294118
17389 0.0294118
14172 0.0294118
11012 0.0294118
9842 0.0294118
2775 0.0294118
1877 0.0294118
952 0.0294118
40194 0.0277778
36212 0.0277778
32411 0.0277778
29891 0.0277778
29176 0.0277778
2249 0.0277778
1219 0.0277778
34187 0.0263158
25750 0.0263158
17127 0.0263158
10938 0.0263158
6585 0.0263158
6573 0.0263158
34153 0.0243902
32852 0.0243902
14947 0.0243902
13149 0.0243902
6868 0.0243902
1162 0.0243902
22583 0.0217391
40980 0
40979 0
40978 0
40977 0
40976 0
40975 0
40974 0
40973 0
40972 0
40971 0
40970 0
40969 0
40968 0
40967 0
40966 0
40965 0
40964 0
40963 0
40962 0
40961 0
40960 0
40959 0
40958 0
40957 0
40956 0
40955 0
40954 0
40953 0
40952 0
40951 0
40950 0
40949 0
40948 0
40947 0
40946 0
40945 0
40944 0
40943 0
40942 0
40941 0
40940 0
40939 0
40938 0
40937 0
40936 0
40935 0
40934 0
40933 0
40932 0
40931 0
40930 0
40929 0
40928 0
40927 0
40926 0
40925 0
40924 0
40923 0
40922 0
40921 0
40920 0
40919 0
40918 0
40917 0
40916 0
40915 0
40914 0
40912 0
40911 0
40910 0
40909 0
40908 0
40907 0
40906 0
40905 0
40904 0
40903 0
40902 0
40901 0
40900 0
40899 0
40898 0
40897 0
40896 0
40895 0
40894 0
40893 0
40892 0
40891 0
40890 0
40889 0
40887 0
40886 0
40885 0
40884 0
40883 0
40882 0
40881 0
40880 0
40879 0
40878 0
40877 0
40876 0
40875 0
40874 0
40873 0
40872 0
40871 0
40870 0
40869 0
40868 0
40867 0
