6262 7.44815
14548 7.22484
8140 5.47337
11758 4.26751
28240 3.10516
28486 2.37484
15982 1.70904
12692 1.37703
37334 1.32821
16747 1.32809
28962 1.18218
37238 1.14487
1269 1.08679
29213 0.843488
27782 0.81826
31266 0.8
31301 0.783333
35841 0.693748
26701 0.691667
32517 0.67619
37060 0.646465
23761 0.645982
1975 0.645833
30552 0.612704
38110 0.611706
26815 0.575317
3354 0.567374
23696 0.561111
39261 0.545127
16374 0.540909
13987 0.512704
7784 0.488406
4242 0.476389
15970 0.462172
28297 0.43953
23562 0.43953
37464 0.431818
26141 0.41826
4732 0.382857
2629 0.344877
36067 0.333333
22208 0.333333
18950 0.333333
16062 0.333333
12199 0.331996
16192 0.309524
22625 0.291667
23067 0.287302
39160 0.282857
16140 0.282857
15419 0.281319
19042 0.273766
14069 0.273333
18363 0.255556
2578 0.255556
20702 0.25
19032 0.25
7708 0.25
4928 0.25
16612 0.237648
7950 0.229371
36935 0.222222
6554 0.221319
25478 0.216667
29890 0.215018
39688 0.200595
36441 0.200595
19991 0.200595
17251 0.200595
11140 0.200595
6469 0.200595
39333 0.2
31409 0.2
23843 0.2
23676 0.2
4227 0.2
40184 0.190641
31349 0.190641
9229 0.188462
15409 0.188406
27251 0.166667
5334 0.166667
39909 0.155128
11416 0.155128
8908 0.155128
8740 0.155128
1023 0.155128
40841 0.154218
30554 0.154218
22171 0.154218
5887 0.154218
16010 0.142857
13024 0.142857
7734 0.142857
1549 0.142857
36119 0.128406
11390 0.128406
37992 0.126867
25171 0.126867
19961 0.126867
1737 0.126867
38599 0.125
30399 0.125
39591 0.121739
26383 0.121739
25468 0.121739
5277 0.121739
29307 0.111111
1134 0.111111
40264 0.1
34152 0.1
28693 0.1
18242 0.1
17654 0.1
17634 0.1
14382 0.1
6657 0.1
5693 0.1
4763 0.1
22053 0.0909091
34792 0.0833333
33086 0.0714286
31026 0.0666667
27588 0.0666667
16536 0.0666667
3953 0.0666667
40546 0.0625
33263 0.0625
32467 0.0625
30054 0.0625
13224 0.0625
13157 0.0625
11651 0.0625
9158 0.0625
8261 0.0625
8023 0.0625
6983 0.0625
33521 0.0555556
27335 0.0555556
22762 0.0555556
17774 0.0555556
11438 0.0555556
7067 0.0555556
3668 0.0555556
34102 0.04
33781 0.04
32637 0.04
13484 0.04
6418 0.04
3978 0.04
2429 0.04
40587 0.0384615
16195 0.0384615
9395 0.0384615
5101 0.0384615
40662 0.0333333
36536 0.0333333
35570 0.0333333
31238 0.0333333
14487 0.0333333
13403 0.0333333
12646 0.0333333
9421 0.0333333
36189 0.025641
35884 0.025641
32992 0.025641
31059 0.025641
29275 0.025641
28774 0.025641
26608 0.025641
26180 0.025641
25668 0.025641
25553 0.025641
25155 0.025641
24644 0.025641
21350 0.025641
20588 0.025641
20090 0.025641
19800 0.025641
18040 0.025641
17014 0.025641
16968 0.025641
16789 0.025641
14031 0.025641
13809 0.025641
12095 0.025641
10805 0.025641
6969 0.025641
5318 0.025641
2560 0.025641
953 0.025641
786 0.025641
36524 0.0217391
35307 0.0217391
29892 0.0217391
29248 0.0217391
22767 0.0217391
21430 0.0217391
18203 0.0217391
15365 0.0217391
12087 0.0217391
10816 0.0217391
8281 0.0217391
5893 0.0217391
4141 0.0217391
3467 0.0217391
40980 0
40979 0
40978 0
40977 0
40976 0
40975 0
40974 0
40973 0
40972 0
40971 0
40970 0
40969 0
40968 0
40967 0
40966 0
40965 0
40964 0
40963 0
40962 0
40961 0
40960 0
40959 0
40958 0
40957 0
40956 0
40955 0
40954 0
40953 0
40952 0
40951 0
40950 0
40949 0
40948 0
40947 0
40946 0
40945 0
40944 0
40943 0
40942 0
40941 0
40940 0
40939 0
40938 0
40937 0
40936 0
40935 0
40934 0
40933 0
40932 0
40931 0
40930 0
40929 0
40928 0
40927 0
40926 0
40925 0
40924 0
40923 0
40922 0
40921 0
40920 0
40919 0
40918 0
40917 0
40916 0
40915 0
40914 0
40913 0
40912 0
40911 0
40910 0
40909 0
40908 0
40907 0
40906 0
40905 0
40904 0
40903 0
40902 0
40901 0
40900 0
40899 0
40898 0
40897 0
40896 0
40895 0
40894 0
40893 0
40892 0
40891 0
40890 0
40889 0
40888 0
40887 0
40886 0
40885 0
40884 0
40883 0
40882 0
40881 0
40880 0
40879 0
40878 0
40877 0
40876 0
40875 0
40874 0
40873 0
40872 0
40871 0
40870 0
40869 0
40868 0
40867 0
40866 0
40865 0
40864 0
40863 0
40862 0
40861 0
40860 0
40859 0
40858 0
40857 0
40856 0
40855 0
40854 0
40853 0
40852 0
40851 0
40850 0
40849 0
40848 0
40847 0
40846 0
40845 0
40844 0
40843 0
40842 0
40840 0
40839 0
40838 0
40837 0
40836 0
40835 0
40834 0
40833 0
40832 0
40831 0
40830 0
40829 0
40828 0
40827 0
40826 0
40825 0
40824 0
40823 0
40822 0
40821 0
40820 0
40819 0
40818 0
40817 0
40816 0
40815 0
40814 0
40813 0
40812 0
40811 0
40810 0
40809 0
40808 0
40807 0
40806 0
40805 0
40804 0
40803 0
40802 0
40801 0
40800 0
40799 0
40798 0
40797 0
40796 0
40795 0
40794 0
40793 0
40792 0
40791 0
40790 0
40789 0
40788 0
40787 0
40786 0
40785 0
40784 0
40783 0
40782 0
40781 0
40780 0
40779 0
40778 0
40777 0
40776 0
40775 0
40774 0
40773 0
40772 0
40771 0
40770 0
40769 0
40768 0
40767 0
40766 0
40765 0
40764 0
40763 0
40762 0
40761 0
40760 0
40759 0
40758 0
40757 0
40756 0
40755 0
40754 0
40753 0
40752 0
40751 0
40750 0
40749 0
40748 0
40747 0
40746 0
40745 0
40744 0
40743 0
40742 0
40741 0
40740 0
40739 0
40738 0
40737 0
40736 0
40735 0
40734 0
40733 0
40732 0
40731 0
40730 0
40729 0
40728 0
40727 0
40726 0
40725 0
40724 0
40723 0
40722 0
40721 0
40720 0
40719 0
40718 0
40717 0
40716 0
40715 0
40714 0
40713 0
40712 0
40711 0
40710 0
40709 0
40708 0
40707 0
40706 0
40705 0
40704 0
40703 0
40702 0
40701 0
40700 0
40699 0
40698 0
40697 0
40696 0
40695 0
40694 0
40693 0
40692 0
40691 0
40690 0
40689 0
40688 0
40687 0
40686 0
