830 14.3891
17312 14.1064
13654 13.7909
2885 13.4937
11626 13.0418
35734 12.567
14138 12.2086
27799 10.7234
24239 9.44686
33267 9.19203
27926 8.99677
39791 8.91978
35766 8.24103
33545 8.03432
36313 7.56246
36400 6.93607
27395 6.60763
17393 6.45793
18842 6.41816
31947 6.40737
16298 6.37155
39951 6.33752
5821 6.33139
12569 6.1808
35082 5.93345
16723 5.69238
26476 5.568
23843 5.40427
28106 4.73753
32620 4.64094
9553 4.6176
27190 4.56909
15225 4.55625
37027 4.53671
37340 4.39976
11789 4.38187
23446 4.24712
21978 4.05816
432 4.02148
22530 4.00916
12525 3.95986
22711 3.85568
1659 3.74827
38952 3.52375
40342 3.50367
20007 3.43284
697 3.25837
18329 3.2149
22405 3.21415
16076 3.16835
34999 3.1577
27863 3.07477
36952 3.03781
33633 2.89047
16806 2.84657
3356 2.83251
28094 2.82527
23468 2.78479
23432 2.69384
13916 2.68736
16001 2.68468
32930 2.6818
16395 2.67899
34911 2.67283
24678 2.61597
12110 2.61544
5293 2.60111
2484 2.56796
7921 2.5462
10210 2.4425
2869 2.43503
26786 2.42469
8412 2.3957
22598 2.35649
36918 2.32801
31132 2.2789
26181 2.27776
39671 2.17122
35346 2.13674
17583 2.08495
6801 2.02214
23898 2.01802
34116 1.9375
29551 1.92955
35317 1.92713
35185 1.89924
170 1.88133
22388 1.85743
35193 1.84094
14133 1.7614
35525 1.74298
36673 1.68817
9561 1.63881
17154 1.63456
6924 1.62569
25673 1.59247
19277 1.5737
19967 1.55657
6979 1.53386
37233 1.53015
2781 1.52919
25362 1.52692
40890 1.51783
32324 1.51141
31301 1.49053
3887 1.46201
31582 1.44946
23218 1.44724
22594 1.43347
18555 1.4297
9197 1.39445
4539 1.38888
28110 1.37927
23582 1.37798
6830 1.30712
18520 1.30559
27740 1.29714
19379 1.29257
29237 1.28145
15467 1.26915
22184 1.2642
37342 1.26251
8237 1.25689
2770 1.23887
36160 1.23825
11080 1.21803
26541 1.21744
15416 1.2151
30847 1.20615
8035 1.2025
21757 1.18352
3541 1.16586
2863 1.15644
34561 1.15385
31140 1.13816
7076 1.13403
29634 1.12953
23354 1.11668
8224 1.11307
39925 1.10983
27166 1.0991
5937 1.08766
16250 1.07365
35706 1.02771
7937 1.01025
4761 1.00788
34768 1.00119
26137 0.994206
13120 0.969832
9823 0.968519
30216 0.951984
6011 0.951974
37070 0.950993
2069 0.950299
21323 0.949895
18328 0.934351
3940 0.92892
14318 0.918255
26477 0.917425
39947 0.893858
27989 0.893858
37882 0.892635
16947 0.883264
39177 0.878167
24596 0.876395
200 0.870282
20099 0.868548
3852 0.868302
12522 0.866667
14672 0.863534
2310 0.861092
23439 0.855465
428 0.850814
23240 0.849933
39172 0.849929
38118 0.841081
7145 0.836667
13759 0.834667
39960 0.82834
30897 0.827072
1 0.824709
35014 0.823892
9196 0.814532
30693 0.808557
35463 0.805388
25568 0.802684
17100 0.783333
110 0.77825
37496 0.770138
4361 0.765438
27349 0.762388
4994 0.75825
30793 0.758137
34663 0.75388
7536 0.746065
16504 0.74163
5778 0.738822
21516 0.727736
33028 0.724182
6058 0.723885
2154 0.720084
37546 0.715644
11243 0.708532
30676 0.702425
22456 0.684793
6041 0.68083
7312 0.67982
15012 0.673741
13433 0.671741
10523 0.666667
7306 0.661918
19191 0.660256
40525 0.658586
12377 0.653329
11623 0.652077
15255 0.648467
17441 0.641927
24902 0.639515
37502 0.636754
29640 0.621058
35825 0.616667
36661 0.616401
11718 0.610466
1760 0.606831
19580 0.606319
10923 0.606186
21338 0.60514
24400 0.604276
15493 0.6
550 0.586951
17137 0.585773
4872 0.582744
7025 0.581559
12788 0.579731
468 0.575977
38856 0.575343
6863 0.574497
28381 0.57144
23886 0.570944
11113 0.570065
31910 0.569345
19048 0.569264
29270 0.566987
11810 0.566891
6140 0.566276
38659 0.563321
38956 0.557437
15276 0.554105
16181 0.553119
32536 0.552278
27796 0.551675
31314 0.55119
14658 0.547208
11393 0.545852
21053 0.544878
15665 0.541427
18834 0.530083
29030 0.52886
21010 0.527755
5163 0.525291
25474 0.524695
12974 0.521615
16059 0.52109
31318 0.519677
32838 0.518151
12766 0.517243
5488 0.513223
6518 0.51269
15669 0.5125
37374 0.510611
39661 0.508509
34 0.507576
1462 0.506452
39962 0.506055
16283 0.504428
34565 0.503263
3068 0.501369
2899 0.497509
25076 0.497005
30425 0.496525
33942 0.495857
37800 0.493497
29923 0.491435
8969 0.49036
27208 0.490184
39231 0.487485
25765 0.481105
1599 0.476981
2122 0.473958
8652 0.473086
4484 0.464738
38221 0.464468
33256 0.457639
12989 0.457409
6654 0.455632
24505 0.452412
30419 0.451794
2585 0.442852
556 0.442599
24790 0.440043
13339 0.437539
6807 0.435301
20093 0.433913
19517 0.433333
26095 0.432143
27073 0.428582
38539 0.427554
16233 0.426293
391 0.423409
18435 0.421902
26546 0.421471
13927 0.418478
19461 0.417813
3018 0.417157
27408 0.412969
7001 0.409311
29492 0.407143
34043 0.40625
35265 0.40624
17277 0.40299
14934 0.402156
5824 0.401982
12874 0.397727
3030 0.396147
5852 0.394024
14316 0.393006
39183 0.392154
22313 0.391489
14589 0.390523
17921 0.390032
30050 0.387987
14790 0.386447
448 0.381732
8672 0.37852
14943 0.377344
32043 0.377163
40861 0.371795
20569 0.370191
30209 0.369395
23370 0.367314
22743 0.365998
6336 0.364376
80 0.362881
3713 0.362398
7624 0.356925
21932 0.355829
3002 0.352718
9665 0.348705
34998 0.344563
20960 0.340774
25065 0.337794
34662 0.337402
40344 0.333333
39336 0.333333
28988 0.333333
12449 0.333333
25791 0.331977
21703 0.329165
38583 0.328757
19950 0.327522
10684 0.327148
16236 0.325714
27612 0.325331
34385 0.323975
129 0.323193
24224 0.321853
33836 0.319295
31217 0.319295
32607 0.318428
15054 0.31708
32688 0.31641
25659 0.314578
22368 0.314578
12935 0.314578
25614 0.314344
31537 0.313587
37948 0.311687
39831 0.311455
28855 0.311429
16222 0.309028
38346 0.305277
33227 0.305263
30234 0.302554
21801 0.3
26832 0.298391
938 0.296475
1966 0.295619
26410 0.292982
11857 0.291897
10575 0.291128
23689 0.290343
32708 0.289128
20835 0.288321
14534 0.284739
32294 0.284628
15873 0.279793
40764 0.279156
22072 0.275624
1610 0.275558
26512 0.273457
2618 0.272989
4499 0.272746
5875 0.272662
21217 0.27217
11488 0.272023
9309 0.269255
39642 0.268943
38772 0.266322
4467 0.266124
7592 0.260718
14769 0.260585
12360 0.260082
24368 0.260072
28617 0.259921
633 0.258929
4112 0.257006
11077 0.256585
36285 0.256208
17068 0.255947
8296 0.255174
11804 0.254872
28294 0.254608
565 0.252592
8212 0.252387
26084 0.252104
29193 0.250145
28390 0.25
22879 0.25
3777 0.25
1451 0.25
862 0.25
19884 0.242225
34544 0.241821
10253 0.241681
34123 0.236882
17785 0.236447
21911 0.236335
21189 0.236174
26950 0.234736
26058 0.234736
18356 0.234228
11389 0.233892
23715 0.232987
29875 0.231828
34179 0.230982
2877 0.229437
12681 0.228312
3645 0.226659
4551 0.22537
33452 0.225276
32522 0.223876
23251 0.223086
26971 0.2204
16745 0.219879
26337 0.218736
5479 0.217075
11909 0.216513
31589 0.215812
12314 0.215812
35610 0.213891
4825 0.213339
29477 0.211741
26803 0.208974
16047 0.208752
40310 0.207373
31228 0.205418
6120 0.205195
8913 0.203677
32552 0.201211
15264 0.20049
38567 0.2
28964 0.2
26707 0.2
20763 0.2
2546 0.2
1378 0.2
841 0.2
40204 0.19974
29437 0.197727
7245 0.197727
17492 0.196533
29565 0.196081
19774 0.195084
10 0.195076
24003 0.194859
33108 0.193444
21000 0.19289
39894 0.190596
38535 0.18727
2638 0.185859
39641 0.183584
8912 0.183369
4054 0.18212
28611 0.181652
9592 0.180956
37441 0.180605
20230 0.180375
29225 0.18035
306 0.179859
9239 0.179709
