27799 15.7315
37888 13.0963
26069 10.1632
28988 9.3788
36379 6.32401
20315 6.08423
21323 5.82199
20250 5.1388
2918 3.31177
26730 3.29389
18328 2.95238
16504 2.47739
33457 2.28986
23130 2.26231
28334 2.17248
32528 2.16502
19032 1.89827
2286 1.85476
38535 1.81488
19304 1.80423
35346 1.77434
10480 1.58965
23155 1.55868
13635 1.50724
31301 1.33561
35941 1.29461
23843 1.27073
6789 1.25969
27714 1.21211
38071 1.20796
7145 1.12128
19472 1.06349
8487 1.05572
13654 1.02859
5129 1.00691
24825 0.987302
40847 0.984455
12302 0.933258
29733 0.916667
8617 0.915543
2885 0.897125
35014 0.866667
3936 0.866667
29706 0.833333
8111 0.809524
22530 0.806953
3011 0.801557
32016 0.790812
21027 0.776359
21412 0.768926
6592 0.766138
6529 0.754279
16928 0.746288
27989 0.707581
19519 0.7
23918 0.682796
24902 0.667711
24591 0.644444
40890 0.644048
23462 0.625
35317 0.623886
15416 0.612266
3096 0.611111
34268 0.606746
27791 0.603502
987 0.589623
10210 0.586917
35301 0.586911
33633 0.570013
8072 0.566835
30793 0.560945
4495 0.551852
27190 0.551198
16394 0.55
15584 0.55
30659 0.528431
17682 0.527778
3450 0.526923
18138 0.51614
39140 0.516129
24957 0.510256
40883 0.509524
38223 0.509524
30417 0.506944
33777 0.490909
21743 0.483766
34663 0.475
24596 0.470952
865 0.467857
31283 0.466129
18920 0.465152
36800 0.454545
31698 0.453968
16395 0.448413
24055 0.441164
1942 0.436508
350 0.436111
885 0.435758
26058 0.433333
22594 0.433333
36250 0.431481
2809 0.431481
38971 0.422222
11810 0.419298
16236 0.416667
7780 0.411111
17373 0.41099
11080 0.41099
110 0.41099
16775 0.404412
29339 0.394613
13043 0.391667
3068 0.388354
3954 0.385714
213 0.385714
6319 0.380556
34768 0.367857
13034 0.367832
22122 0.367816
18428 0.367816
39063 0.366667
40644 0.351948
22088 0.350251
4551 0.349462
18329 0.34478
28094 0.34333
35734 0.342537
37523 0.339623
22942 0.333766
38416 0.333333
32701 0.333333
32285 0.333333
28157 0.333333
4309 0.333333
2262 0.333333
1626 0.333333
1410 0.333333
25885 0.330128
5214 0.325653
31159 0.325048
10972 0.325
16076 0.30719
18520 0.303376
16745 0.300914
19223 0.291667
23963 0.289134
37305 0.288743
8680 0.277778
30897 0.275132
34312 0.272578
39791 0.272487
32544 0.271429
37710 0.271008
23007 0.271008
27166 0.267941
13161 0.262108
39864 0.25
34977 0.25
19643 0.25
19532 0.25
19081 0.25
10823 0.25
8672 0.25
6515 0.25
6262 0.25
5422 0.25
4359 0.25
4249 0.25
1785 0.25
989 0.25
950 0.25
32572 0.246277
32030 0.241129
23512 0.239899
8583 0.238351
26409 0.237037
34835 0.231289
3337 0.231289
2869 0.227119
40296 0.226852
4669 0.22601
7152 0.224747
14543 0.220539
432 0.218052
21448 0.216931
32324 0.216765
24137 0.216765
37546 0.212963
19419 0.212073
6034 0.208916
16806 0.205952
11113 0.203816
40696 0.2
40342 0.2
28587 0.2
22337 0.2
19820 0.2
14964 0.2
14789 0.2
12033 0.2
7579 0.2
6664 0.2
6447 0.2
5164 0.2
4486 0.2
4038 0.2
3701 0.2
2049 0.2
30676 0.194323
18452 0.19359
36732 0.192424
35766 0.192424
39947 0.189623
17521 0.189623
13140 0.189623
22928 0.183502
9196 0.183502
24336 0.180007
16001 0.180007
6707 0.180007
13916 0.174158
36313 0.173908
37176 0.173705
13432 0.173705
10761 0.173705
5693 0.173705
316 0.173705
18530 0.172222
37505 0.166667
35184 0.166667
34579 0.166667
30784 0.166667
24894 0.166667
24421 0.166667
18273 0.166667
13972 0.166667
13688 0.166667
5642 0.166667
5363 0.166667
4179 0.166667
878 0.166667
40143 0.142857
39749 0.142857
30941 0.142857
30035 0.142857
29997 0.142857
25851 0.142857
25267 0.142857
22469 0.142857
13937 0.142857
11488 0.142857
10807 0.142857
10523 0.142857
9503 0.142857
9226 0.142857
4636 0.142857
5197 0.137037
36796 0.136075
30693 0.136075
28749 0.136075
30419 0.13365
14138 0.13365
35825 0.131533
29626 0.131533
38577 0.125
34026 0.125
30168 0.125
26601 0.125
25826 0.125
25176 0.125
25016 0.125
24364 0.125
22404 0.125
22049 0.125
19648 0.125
18710 0.125
14963 0.125
14934 0.125
14306 0.125
8268 0.125
7555 0.125
6715 0.125
34 0.125
24400 0.117137
2877 0.111322
40284 0.111111
40282 0.111111
38887 0.111111
36875 0.111111
36395 0.111111
33664 0.111111
32885 0.111111
30139 0.111111
26959 0.111111
26769 0.111111
25304 0.111111
24963 0.111111
23354 0.111111
18489 0.111111
17921 0.111111
17083 0.111111
13246 0.111111
10522 0.111111
7729 0.111111
6053 0.111111
3642 0.111111
2232 0.111111
575 0.111111
21889 0.107242
37342 0.106754
17154 0.106754
31589 0.104924
6172 0.104924
39831 0.1
31806 0.1
26212 0.1
23724 0.1
22246 0.1
21820 0.1
19242 0.1
14534 0.1
14260 0.1
12185 0.1
11789 0.1
7202 0.1
1692 0.1
39383 0.0909091
36440 0.0909091
35519 0.0909091
35116 0.0909091
31367 0.0909091
26402 0.0909091
19870 0.0909091
19428 0.0909091
12681 0.0909091
8592 0.0909091
3902 0.0909091
3562 0.0909091
31122 0.0833333
28307 0.0833333
26832 0.0833333
19079 0.0833333
11863 0.0833333
2846 0.0833333
38952 0.0769231
35613 0.0769231
34005 0.0769231
30811 0.0769231
29464 0.0769231
23439 0.0769231
22711 0.0769231
19624 0.0769231
14997 0.0769231
13587 0.0769231
11848 0.0769231
4279 0.0769231
3160 0.0769231
2817 0.0769231
684 0.0769231
39661 0.0755397
33108 0.0755397
33052 0.0755397
28110 0.0755397
21861 0.0755397
19511 0.0755397
9001 0.0755397
39541 0.073064
35698 0.073064
30153 0.073064
21394 0.073064
11315 0.073064
7878 0.073064
2612 0.073064
199 0.073064
39158 0.0714286
33653 0.0714286
21272 0.0714286
8010 0.0714286
2638 0.0714286
36682 0.0666667
34825 0.0666667
24805 0.0666667
10844 0.0666667
186 0.0666667
36517 0.0625
35203 0.0625
33175 0.0625
32506 0.0625
30764 0.0625
30545 0.0625
25317 0.0625
23205 0.0625
20311 0.0625
17142 0.0625
16231 0.0625
14299 0.0625
8427 0.0606705
5159 0.0606705
109 0.0606705
34753 0.0588235
30425 0.0588235
16303 0.0588235
9559 0.0588235
8309 0.0588235
39671 0.0555556
36965 0.0555556
35983 0.0555556
31225 0.0555556
24155 0.0555556
22825 0.0555556
19156 0.0555556
16025 0.0555556
8820 0.0555556
39934 0.0526316
33377 0.0526316
31564 0.0526316
29270 0.0526316
27363 0.0526316
25356 0.0526316
22456 0.0526316
16500 0.0526316
15012 0.0526316
10925 0.0526316
9786 0.0526316
7807 0.0526316
6924 0.0526316
1109 0.0526316
40632 0.048886
37374 0.048886
6859 0.048886
39888 0.047619
37958 0.047619
36934 0.047619
21186 0.047619
20230 0.047619
19774 0.047619
17917 0.047619
11410 0.047619
5209 0.047619
3877 0.047619
2781 0.047619
26566 0.0454545
22066 0.0454545
1705 0.0454545
33233 0.0384615
33163 0.0384615
32658 0.0384615
27135 0.0384615
27002 0.0384615
25583 0.0384615
16390 0.0384615
13309 0.0384615
12427 0.0384615
11239 0.0384615
9543 0.0384615
9074 0.0384615
8031 0.0384615
7666 0.0384615
39177 0.037037
32611 0.037037
30449 0.037037
20336 0.037037
13507 0.037037
8879 0.037037
7198 0.037037
4499 0.037037
3960 0.037037
3295 0.037037
36147 0.0344828
35792 0.0344828
35601 0.0344828
35404 0.0344828
32035 0.0344828
31366 0.0344828
27379 0.0344828
22537 0.0344828
21689 0.0344828
21288 0.0344828
20397 0.0344828
20010 0.0344828
19555 0.0344828
18732 0.0344828
14583 0.0344828
9615 0.0344828
6049 0.0344828
2669 0.0344828
39951 0.0333333
34795 0.0333333
33205 0.0333333
32304 0.0333333
31827 0.0333333
29140 0.0333333
21626 0.0333333
19553 0.0333333
12522 0.0333333
12187 0.0333333
8388 0.0333333
6412 0.0333333
6382 0.0333333
3815 0.0333333
