36888 6.63112
23678 4.294
21341 3.89063
11703 1.99673
6185 1.98596
17418 1.94048
38354 1.78186
4838 1.51552
30899 1.50525
35477 1.37144
9167 1.31517
22811 1.31012
9576 1.23632
28339 1.06923
31559 0.889627
9805 0.863594
5913 0.863392
25216 0.848547
27111 0.803519
2708 0.800654
13423 0.764096
2382 0.669983
20246 0.663544
2389 0.602184
24220 0.577606
27882 0.576824
14450 0.552559
19735 0.551819
16742 0.551651
35266 0.538662
39886 0.536007
18355 0.524896
8360 0.520016
2089 0.475709
33132 0.472779
34084 0.467857
27635 0.467721
32733 0.464404
7110 0.464404
2967 0.403979
29980 0.395241
39595 0.392157
942 0.382576
25975 0.369935
6207 0.353409
12332 0.351027
1798 0.350207
6456 0.346465
704 0.343541
23683 0.333333
37916 0.33188
7485 0.320321
37315 0.319194
3033 0.31779
13438 0.3171
22748 0.311275
7444 0.296103
26632 0.279412
39440 0.279167
5023 0.279167
24942 0.276812
16281 0.270833
32312 0.263064
19984 0.261752
21655 0.260145
38169 0.25
29215 0.25
20225 0.25
36424 0.246981
20804 0.246981
9843 0.246981
16929 0.244256
8789 0.244256
36169 0.236324
13010 0.236324
39696 0.218091
14093 0.218091
32064 0.214669
6084 0.214669
9705 0.213936
29344 0.210517
1511 0.210517
23843 0.2
15866 0.192314
21745 0.18744
11007 0.18744
5068 0.18744
32438 0.178702
15368 0.166667
15041 0.166667
10415 0.166667
10097 0.166667
4088 0.166667
1713 0.166667
34434 0.156518
17218 0.156335
10648 0.156335
14990 0.156085
3694 0.156085
37928 0.154062
40837 0.152184
40671 0.152184
18745 0.146042
12450 0.146042
8164 0.144543
15309 0.142857
24471 0.133987
7934 0.133987
31647 0.133092
5506 0.133092
35764 0.128446
27559 0.126786
39798 0.126001
38997 0.125178
33636 0.125
21033 0.125
8586 0.125
5265 0.125
8895 0.116911
36530 0.111111
25715 0.111111
24496 0.111111
2771 0.111111
5670 0.106844
29905 0.105168
28263 0.105168
24190 0.105168
35593 0.104348
34962 0.104348
9719 0.101651
24169 0.100538
1972 0.100538
36699 0.1
31656 0.1
25439 0.1
37564 0.0909091
37431 0.0909091
36552 0.0909091
35431 0.0909091
31775 0.0909091
30145 0.0909091
27701 0.0909091
25995 0.0909091
23037 0.0909091
21699 0.0909091
17009 0.0909091
3582 0.0909091
28162 0.0900621
14843 0.0900621
30503 0.0769231
6098 0.0769231
437 0.0769231
37311 0.0714286
8339 0.0714286
29216 0.0666667
11091 0.0666667
30232 0.0659224
16837 0.0659224
39538 0.0625
35986 0.0625
26872 0.0625
14950 0.0625
14075 0.0625
9318 0.0625
6831 0.0625
928 0.0625
35991 0.0590488
22366 0.0590488
5925 0.0590488
7345 0.0588235
926 0.0588235
29585 0.0555556
6465 0.0555556
2868 0.0555556
2269 0.0555556
33609 0.0526316
32399 0.0526316
27855 0.0526316
19103 0.0526316
4783 0.0526316
26904 0.05
20469 0.05
37669 0.0434783
36654 0.0434783
33957 0.0434783
30905 0.0434783
29608 0.0434783
24378 0.0434783
19521 0.0434783
17242 0.0434783
6824 0.0434783
40812 0.0416667
23083 0.0416667
6570 0.0416667
29873 0.037037
18346 0.037037
6405 0.037037
3113 0.037037
35623 0.0357143
24413 0.0357143
16098 0.0357143
26129 0.0294118
16312 0.0294118
9814 0.0294118
3239 0.0294118
1302 0.0294118
40406 0.0285714
35377 0.0285714
33701 0.0285714
14497 0.0285714
9877 0.0285714
7123 0.0285714
4755 0.0285714
566 0.0285714
33589 0.025641
22576 0.025641
16797 0.025641
12676 0.025641
9061 0.025641
1496 0.025641
39284 0.0196078
35443 0.0196078
31052 0.0196078
27402 0.0196078
26247 0.0196078
23889 0.0196078
14785 0.0196078
12312 0.0196078
10960 0.0196078
10231 0.0196078
3456 0.0196078
2075 0.0196078
39814 0.0108696
39450 0.0108696
39152 0.0108696
36887 0.0108696
34343 0.0108696
34122 0.0108696
34088 0.0108696
33669 0.0108696
33473 0.0108696
32853 0.0108696
32581 0.0108696
31718 0.0108696
31155 0.0108696
30988 0.0108696
27861 0.0108696
27625 0.0108696
25964 0.0108696
24827 0.0108696
24141 0.0108696
22909 0.0108696
21106 0.0108696
18482 0.0108696
16876 0.0108696
16856 0.0108696
14505 0.0108696
11552 0.0108696
10031 0.0108696
8792 0.0108696
5206 0.0108696
5133 0.0108696
4010 0.0108696
3926 0.0108696
3640 0.0108696
3340 0.0108696
3289 0.0108696
3091 0.0108696
1985 0.0108696
1766 0.0108696
1694 0.0108696
495 0.0108696
40980 0
40979 0
40978 0
40977 0
40976 0
40975 0
40974 0
40973 0
40972 0
40971 0
40970 0
40969 0
40968 0
40967 0
40966 0
40965 0
40964 0
40963 0
40962 0
40961 0
40960 0
40959 0
40958 0
40957 0
40956 0
40955 0
40954 0
40953 0
40952 0
40951 0
40950 0
40949 0
40948 0
40947 0
40946 0
40945 0
40944 0
40943 0
40942 0
40941 0
40940 0
40939 0
40938 0
40937 0
40936 0
40935 0
40934 0
40933 0
40932 0
40931 0
40930 0
40929 0
40928 0
40927 0
40926 0
40925 0
40924 0
40923 0
40922 0
40921 0
40920 0
40919 0
40918 0
40917 0
40916 0
40915 0
40914 0
40913 0
40912 0
40911 0
40910 0
40909 0
40908 0
40907 0
40906 0
40905 0
40904 0
40903 0
40902 0
40901 0
40900 0
40899 0
40898 0
40897 0
40896 0
40895 0
40894 0
40893 0
40892 0
40891 0
40890 0
40889 0
40888 0
40887 0
40886 0
40885 0
40884 0
40883 0
40882 0
40881 0
40880 0
40879 0
40878 0
40877 0
40876 0
40875 0
40874 0
40873 0
40872 0
40871 0
40870 0
40869 0
40868 0
40867 0
40866 0
40865 0
40864 0
40863 0
40862 0
40861 0
40860 0
40859 0
40858 0
40857 0
40856 0
40855 0
40854 0
40853 0
40852 0
40851 0
40850 0
40849 0
40848 0
40847 0
40846 0
40845 0
40844 0
40843 0
40842 0
40841 0
40840 0
40839 0
40838 0
40836 0
40835 0
40834 0
40833 0
40832 0
40831 0
40830 0
40829 0
40828 0
40827 0
40826 0
40825 0
40824 0
40823 0
40822 0
40821 0
40820 0
40819 0
40818 0
40817 0
40816 0
40815 0
40814 0
40813 0
40811 0
40810 0
40809 0
40808 0
40807 0
40806 0
40805 0
40804 0
40803 0
40802 0
40801 0
40800 0
40799 0
40798 0
40797 0
40796 0
40795 0
40794 0
40793 0
40792 0
40791 0
40790 0
40789 0
40788 0
40787 0
40786 0
40785 0
40784 0
40783 0
40782 0
40781 0
40780 0
40779 0
40778 0
40777 0
40776 0
40775 0
40774 0
40773 0
40772 0
40771 0
40770 0
40769 0
40768 0
40767 0
40766 0
40765 0
40764 0
40763 0
40762 0
40761 0
40760 0
40759 0
40758 0
40757 0
40756 0
40755 0
40754 0
40753 0
40752 0
40751 0
