21059 8.2996
28776 7.03801
14251 3.71198
23586 3.28272
21657 2.79468
36059 2.29299
1158 1.88926
22254 1.75293
21015 1.70294
10151 1.68779
13404 1.67757
12691 1.49456
11027 1.43827
33975 1.34255
34488 1.14507
33970 1.07004
18227 1.02919
19909 1.00278
15638 0.981082
40341 0.916247
13277 0.911572
1009 0.779315
34065 0.776374
4722 0.75
11698 0.7
19933 0.679563
6069 0.678211
29747 0.666915
15250 0.638229
29438 0.606156
1609 0.573766
10106 0.535014
19135 0.532318
7783 0.507576
36565 0.476477
4837 0.449844
3114 0.444986
18534 0.442046
27767 0.437551
20274 0.431238
29742 0.429509
40289 0.421429
15684 0.421429
8257 0.402183
6940 0.397776
2391 0.384481
28694 0.383874
29495 0.383824
29055 0.37549
3516 0.353984
20262 0.353963
23387 0.353158
38454 0.347666
621 0.341667
27287 0.341126
37377 0.340873
21960 0.33457
19496 0.333333
17700 0.333333
23554 0.32895
17116 0.316953
22129 0.312731
31215 0.297618
25000 0.297618
6594 0.29234
31322 0.29122
12445 0.285014
22871 0.284506
2587 0.264069
38205 0.261544
26737 0.252778
34651 0.252038
24005 0.252038
28700 0.25
14515 0.247135
21692 0.245823
14852 0.241414
36222 0.236163
23005 0.232576
7570 0.228471
40641 0.227778
30761 0.226812
30496 0.217208
28533 0.214907
14105 0.214734
37680 0.211111
12570 0.211111
12254 0.211111
12936 0.210863
9333 0.207387
26495 0.201028
4555 0.200317
39099 0.2
29885 0.192157
11938 0.188666
29178 0.187302
3578 0.186601
2922 0.182576
17554 0.178125
3012 0.174252
10092 0.170566
12736 0.170076
9917 0.167647
35810 0.166667
32380 0.166667
28834 0.166667
27794 0.166667
26405 0.166667
26124 0.166667
7659 0.166667
37266 0.15803
21952 0.151054
15169 0.143478
34505 0.142857
32585 0.142857
19187 0.142857
14792 0.142857
8217 0.142857
38978 0.140925
30968 0.134722
20698 0.132052
14656 0.12549
31463 0.125
9020 0.125
8929 0.125
8975 0.123465
28751 0.114286
27575 0.114286
35763 0.111111
23525 0.111111
31922 0.110238
23168 0.110238
30564 0.108333
19851 0.108333
26489 0.104558
13154 0.104558
7817 0.104558
5798 0.104558
1613 0.104558
727 0.104558
19731 0.10283
17987 0.10283
17896 0.10283
26139 0.1
18793 0.1
18606 0.1
12056 0.1
9728 0.1
38035 0.0909091
36905 0.0909091
36713 0.0909091
32540 0.0909091
31108 0.0909091
29879 0.0909091
28412 0.0909091
27996 0.0909091
25261 0.0909091
16593 0.0909091
12242 0.0909091
11680 0.0909091
17966 0.090832
12446 0.090832
27534 0.0866522
20278 0.0866522
38337 0.0844697
40373 0.0833333
35491 0.0833333
31178 0.0833333
20612 0.0833333
19082 0.0833333
388 0.0833333
13852 0.0797209
14163 0.0769841
39899 0.0769231
5545 0.0769231
33968 0.0755411
15439 0.0755411
36829 0.0748474
27184 0.0748474
24726 0.0748474
24412 0.0748474
23136 0.0748474
11452 0.0748474
3263 0.0748474
27327 0.0714286
20935 0.0714286
9336 0.0714286
398 0.0714286
21619 0.0666667
31527 0.0659808
4879 0.0652778
27522 0.0625
23487 0.0625
14907 0.0625
9603 0.0625
7495 0.0625
39529 0.0588235
29044 0.0588235
26092 0.0588235
23837 0.0588235
21866 0.0588235
18486 0.0588235
12739 0.0588235
12455 0.0588235
354 0.0588235
9561 0.0555556
6606 0.0555556
3063 0.0555556
2764 0.0555556
2264 0.0555556
22280 0.053125
17804 0.053125
5906 0.053125
14866 0.0526316
795 0.0526316
35758 0.05
23664 0.05
19550 0.05
18126 0.05
14051 0.05
12432 0.05
11120 0.05
9110 0.05
4360 0.05
1413 0.05
688 0.05
35918 0.047619
12790 0.047619
6445 0.047619
10558 0.0454545
36020 0.0434783
23909 0.0434783
23047 0.0434783
21410 0.0434783
9953 0.0434783
6332 0.0434783
4853 0.0434783
35843 0.0416667
29986 0.04
19525 0.04
18901 0.04
17566 0.04
9960 0.04
3510 0.04
38988 0.0344828
21075 0.0344828
15088 0.0344828
10636 0.0344828
10179 0.0344828
1645 0.0344828
35489 0.0333333
34855 0.0333333
32006 0.0333333
31607 0.0333333
27851 0.0333333
22801 0.0333333
22766 0.0333333
21693 0.0333333
20227 0.0333333
19490 0.0333333
19066 0.0333333
18575 0.0333333
13559 0.0333333
10868 0.0333333
10470 0.0333333
8965 0.0333333
8811 0.0333333
6617 0.0333333
3128 0.0333333
144 0.0333333
23652 0.030303
4072 0.030303
3595 0.030303
1272 0.030303
418 0.030303
40824 0.0285714
36488 0.0285714
36077 0.0285714
31772 0.0285714
28981 0.0285714
26526 0.0285714
25930 0.0285714
24953 0.0285714
14241 0.0285714
11181 0.0285714
10211 0.0285714
8114 0.0285714
7419 0.0285714
29604 0.0277778
6264 0.0277778
6039 0.0277778
3190 0.0277778
2326 0.0277778
775 0.0277778
39628 0.025641
36833 0.025641
32335 0.025641
28221 0.025641
25696 0.025641
20275 0.025641
18094 0.025641
18061 0.025641
17239 0.025641
15573 0.025641
7330 0.025641
2470 0.025641
39203 0.0208333
38381 0.0208333
32078 0.0208333
25494 0.0208333
22523 0.0208333
20237 0.0208333
16549 0.0208333
12279 0.0208333
11286 0.0208333
10082 0.0208333
8873 0.0208333
2159 0.0208333
1595 0.0208333
371 0.0208333
40169 0.0166667
38694 0.0166667
38572 0.0166667
36764 0.0166667
34063 0.0166667
31540 0.0166667
27475 0.0166667
25683 0.0166667
25671 0.0166667
22950 0.0166667
13875 0.0166667
13022 0.0166667
12342 0.0166667
7303 0.0166667
7206 0.0166667
2115 0.0166667
694 0.0166667
35539 0.015873
35487 0.015873
33222 0.015873
31709 0.015873
27285 0.015873
24630 0.015873
21677 0.015873
20716 0.015873
20372 0.015873
19281 0.015873
13392 0.015873
12024 0.015873
10717 0.015873
8951 0.015873
5118 0.015873
552 0.015873
438 0.015873
39763 0.015625
38875 0.015625
38449 0.015625
38365 0.015625
35863 0.015625
34260 0.015625
33964 0.015625
32587 0.015625
32549 0.015625
31567 0.015625
29765 0.015625
29182 0.015625
25977 0.015625
25338 0.015625
24476 0.015625
23410 0.015625
23383 0.015625
22887 0.015625
22448 0.015625
21316 0.015625
20868 0.015625
20210 0.015625
18677 0.015625
17564 0.015625
16776 0.015625
12514 0.015625
10904 0.015625
9696 0.015625
9464 0.015625
40980 0
40979 0
40978 0
40977 0
40976 0
40975 0
40974 0
40973 0
40972 0
40971 0
40970 0
40969 0
40968 0
40967 0
40966 0
40965 0
40964 0
40963 0
40962 0
40961 0
40960 0
40959 0
40958 0
40957 0
40956 0
40955 0
40954 0
40953 0
40952 0
40951 0
40950 0
40949 0
40948 0
40947 0
40946 0
40945 0
40944 0
40943 0
40942 0
40941 0
40940 0
40939 0
40938 0
40937 0
40936 0
40935 0
40934 0
40933 0
40932 0
40931 0
40930 0
40929 0
40928 0
40927 0
40926 0
40925 0
40924 0
40923 0
40922 0
40921 0
40920 0
40919 0
40918 0
40917 0
40916 0
40915 0
40914 0
40913 0
40912 0
40911 0
40910 0
40909 0
40908 0
40907 0
40906 0
40905 0
40904 0
40903 0
40902 0
40901 0
40900 0
40899 0
40898 0
40897 0
40896 0
40895 0
40894 0
40893 0
40892 0
40891 0
40890 0
40889 0
40888 0
40887 0
40886 0
40885 0
40884 0
40883 0
40882 0
40881 0
40880 0
40879 0
40878 0
40877 0
40876 0
40875 0
40874 0
40873 0
40872 0
40871 0
40870 0
40869 0
40868 0
40867 0
40866 0
40865 0
40864 0
