28776 9.74049
1158 3.9267
7570 3.82782
38449 3.24132
16210 3.19766
34488 3.1468
1096 1.48571
21015 1.36634
37377 1.34408
29389 0.978943
15138 0.953571
23837 0.929004
2922 0.870671
15684 0.817002
10904 0.816342
3114 0.762302
35487 0.744444
13594 0.622222
19629 0.620635
22939 0.619481
9953 0.604762
21693 0.540909
28608 0.540909
24005 0.521465
144 0.485714
20262 0.47619
33975 0.451923
14866 0.442857
26737 0.441667
10211 0.430556
3263 0.413131
14103 0.410714
18660 0.410256
21692 0.409524
28780 0.391667
3296 0.390909
13572 0.36859
35699 0.362637
11222 0.362637
14051 0.349206
34630 0.34127
28285 0.333333
24548 0.333333
12804 0.333333
7799 0.326984
9464 0.325
14852 0.323413
29675 0.317857
7856 0.316667
39815 0.308333
3012 0.304762
22254 0.281818
9333 0.281818
22197 0.278943
14373 0.278943
40941 0.25
32623 0.25
31104 0.25
24617 0.25
21370 0.25
6940 0.25
5452 0.25
1330 0.25
419 0.25
13839 0.24359
3584 0.24359
11027 0.205556
38978 0.2
38381 0.2
35644 0.2
28059 0.2
25735 0.2
23321 0.2
21608 0.2
21546 0.2
20331 0.2
20086 0.2
18988 0.2
13318 0.2
9841 0.2
9295 0.2
8422 0.2
14251 0.196465
37870 0.188095
36318 0.166667
33059 0.166667
32608 0.166667
32150 0.166667
28960 0.166667
24911 0.166667
24742 0.166667
22954 0.166667
22747 0.166667
22107 0.166667
11452 0.166667
10092 0.166667
9257 0.166667
4384 0.166667
3964 0.166667
40345 0.142857
40169 0.142857
37802 0.142857
35515 0.142857
34974 0.142857
34964 0.142857
31186 0.142857
27220 0.142857
26451 0.142857
23782 0.142857
22280 0.142857
22129 0.142857
17673 0.142857
15119 0.142857
13852 0.142857
13277 0.142857
12585 0.142857
4989 0.142857
3913 0.142857
31015 0.14127
14163 0.14127
12272 0.14127
36498 0.125
35950 0.125
28205 0.125
25861 0.125
24163 0.125
23487 0.125
21677 0.125
21340 0.125
20909 0.125
19550 0.125
19281 0.125
19235 0.125
18060 0.125
17010 0.125
15560 0.125
14105 0.125
13163 0.125
8893 0.125
5835 0.125
35238 0.111111
31922 0.111111
29732 0.111111
25594 0.111111
24673 0.111111
22471 0.111111
22195 0.111111
18987 0.111111
13399 0.111111
10717 0.111111
2264 0.111111
33431 0.1
28186 0.1
6594 0.1
37266 0.0909091
35454 0.0909091
33130 0.0909091
25141 0.0909091
23272 0.0909091
16813 0.0909091
12805 0.0909091
9945 0.0909091
8658 0.0909091
4786 0.0909091
2828 0.0909091
28531 0.0769231
23920 0.0769231
22441 0.0769231
21968 0.0769231
11545 0.0769231
10683 0.0769231
7265 0.0769231
37918 0.0714286
29987 0.0714286
29765 0.0714286
24726 0.0714286
21704 0.0714286
18901 0.0714286
18733 0.0714286
18227 0.0714286
3578 0.0714286
2848 0.0714286
36493 0.0666667
35863 0.0666667
31284 0.0666667
31007 0.0666667
28751 0.0666667
27287 0.0666667
26081 0.0666667
24359 0.0666667
18226 0.0666667
13392 0.0666667
4261 0.0666667
3396 0.0666667
2568 0.0666667
39721 0.0555556
38919 0.0555556
37771 0.0555556
37089 0.0555556
36890 0.0555556
33598 0.0555556
32587 0.0555556
30551 0.0555556
29636 0.0555556
25734 0.0555556
21669 0.0555556
20698 0.0555556
19796 0.0555556
19791 0.0555556
16883 0.0555556
15977 0.0555556
15749 0.0555556
15573 0.0555556
7317 0.0555556
4990 0.0555556
4577 0.0555556
35942 0.05
34399 0.05
33265 0.05
31215 0.05
28894 0.05
28700 0.05
26916 0.05
25494 0.05
25092 0.05
25071 0.05
23595 0.05
21369 0.05
20112 0.05
17676 0.05
14552 0.05
8257 0.05
1434 0.05
40196 0.0357143
38568 0.0357143
34744 0.0357143
33733 0.0357143
33419 0.0357143
31370 0.0357143
28344 0.0357143
28004 0.0357143
26689 0.0357143
25877 0.0357143
25281 0.0357143
18571 0.0357143
15064 0.0357143
11065 0.0357143
8981 0.0357143
6396 0.0357143
3558 0.0357143
2258 0.0357143
40980 0
40979 0
40978 0
40977 0
40976 0
40975 0
40974 0
40973 0
40972 0
40971 0
40970 0
40969 0
40968 0
40967 0
40966 0
40965 0
40964 0
40963 0
40962 0
40961 0
40960 0
40959 0
40958 0
40957 0
40956 0
40955 0
40954 0
40953 0
40952 0
40951 0
40950 0
40949 0
40948 0
40947 0
40946 0
40945 0
40944 0
40943 0
40942 0
40940 0
40939 0
40938 0
40937 0
40936 0
40935 0
40934 0
40933 0
40932 0
40931 0
40930 0
40929 0
40928 0
40927 0
40926 0
40925 0
40924 0
40923 0
40922 0
40921 0
40920 0
40919 0
40918 0
40917 0
40916 0
40915 0
40914 0
40913 0
40912 0
40911 0
40910 0
40909 0
40908 0
40907 0
40906 0
40905 0
40904 0
40903 0
40902 0
40901 0
40900 0
40899 0
40898 0
40897 0
40896 0
40895 0
40894 0
40893 0
40892 0
40891 0
40890 0
40889 0
40888 0
40887 0
40886 0
40885 0
40884 0
40883 0
40882 0
40881 0
40880 0
40879 0
40878 0
40877 0
40876 0
40875 0
40874 0
40873 0
40872 0
40871 0
40870 0
40869 0
40868 0
40867 0
40866 0
40865 0
40864 0
40863 0
40862 0
40861 0
40860 0
40859 0
40858 0
40857 0
40856 0
40855 0
40854 0
40853 0
40852 0
40851 0
40850 0
40849 0
40848 0
40847 0
40846 0
40845 0
40844 0
40843 0
40842 0
40841 0
40840 0
40839 0
40838 0
40837 0
40836 0
40835 0
40834 0
40833 0
40832 0
40831 0
40830 0
40829 0
40828 0
40827 0
40826 0
40825 0
40824 0
40823 0
40822 0
40821 0
40820 0
40819 0
40818 0
40817 0
40816 0
40815 0
40814 0
40813 0
40812 0
40811 0
40810 0
40809 0
40808 0
40807 0
40806 0
40805 0
40804 0
40803 0
40802 0
40801 0
40800 0
40799 0
40798 0
40797 0
40796 0
40795 0
40794 0
40793 0
40792 0
40791 0
40790 0
40789 0
40788 0
40787 0
40786 0
40785 0
40784 0
40783 0
40782 0
40781 0
40780 0
40779 0
40778 0
40777 0
40776 0
40775 0
40774 0
40773 0
40772 0
40771 0
40770 0
40769 0
40768 0
40767 0
40766 0
40765 0
40764 0
40763 0
40762 0
40761 0
40760 0
40759 0
40758 0
40757 0
40756 0
40755 0
40754 0
40753 0
40752 0
40751 0
40750 0
40749 0
40748 0
40747 0
40746 0
40745 0
40744 0
40743 0
40742 0
40741 0
40740 0
40739 0
40738 0
40737 0
40736 0
40735 0
40734 0
40733 0
40732 0
40731 0
