29879 15.9147
27024 15.3788
34956 10.301
28776 8.88112
32770 8.85357
22237 6.12282
4942 5.32117
24345 4.39146
37684 3.95402
2184 3.82701
35197 3.74633
17566 3.54726
34630 3.14048
15366 3.06036
1009 2.80162
28536 2.58341
23430 2.48258
34488 2.43783
35492 2.2671
40622 2.2608
28608 2.11783
25519 2.11026
12583 1.99486
23606 1.73571
19871 1.62904
37547 1.56258
943 1.51307
4401 1.45952
31919 1.45238
17494 1.42775
34839 1.42449
18158 1.33111
3894 1.24545
7023 1.24002
7902 1.20532
19456 1.15952
15936 1.15358
8007 1.06905
38406 1.05357
26825 0.954978
33023 0.935689
18320 0.906685
12843 0.87803
18450 0.865476
37288 0.864018
27315 0.846825
12703 0.802814
28043 0.797135
35950 0.777778
32268 0.776178
35591 0.766667
26724 0.72619
15051 0.721154
5382 0.713925
30465 0.708499
11058 0.694444
38449 0.666667
3114 0.666667
31931 0.662277
23651 0.63261
40475 0.6
611 0.592857
19475 0.571429
37814 0.566667
29098 0.554762
15915 0.542866
35827 0.542857
28252 0.541667
22399 0.533333
17478 0.527778
40702 0.51509
2780 0.510149
38124 0.491772
5505 0.490909
38206 0.488095
19918 0.483766
20219 0.47311
36543 0.466667
29479 0.466667
15190 0.465909
30463 0.458333
39874 0.452536
30768 0.452381
22810 0.440476
6472 0.440476
10558 0.434524
28301 0.433766
28195 0.433333
4124 0.41978
27159 0.4
11832 0.4
9960 0.376623
18634 0.363095
12559 0.358824
8766 0.34478
9120 0.341667
36664 0.333333
27896 0.333333
24300 0.333333
23140 0.333333
20284 0.333333
17712 0.333333
14412 0.333333
1570 0.333333
34779 0.3171
28594 0.315476
11141 0.310897
18928 0.297619
19754 0.289044
38781 0.283333
23697 0.278571
2499 0.277778
30528 0.269698
7028 0.269698
20791 0.258333
25961 0.25202
37423 0.25
36074 0.25
35612 0.25
34659 0.25
31487 0.25
31178 0.25
31106 0.25
27631 0.25
25457 0.25
20529 0.25
16004 0.25
7570 0.25
5798 0.25
974 0.25
33188 0.249942
32443 0.24881
29705 0.234499
11671 0.233824
4014 0.22583
18431 0.222566
31719 0.22111
1926 0.220238
118 0.210256
18494 0.209138
11757 0.208333
6811 0.206818
15932 0.203054
38914 0.2
32244 0.2
30701 0.2
30189 0.2
27609 0.2
15831 0.2
13726 0.2
3396 0.2
30105 0.19881
36181 0.194935
38466 0.179487
11629 0.178846
35664 0.166667
31895 0.166667
30891 0.166667
30041 0.166667
29177 0.166667
24298 0.166667
23685 0.166667
20687 0.166667
17101 0.166667
15271 0.166667
12632 0.166667
11690 0.166667
11590 0.166667
9832 0.166667
9524 0.166667
6376 0.166667
5259 0.166667
4073 0.166667
1507 0.166667
1144 0.166667
39148 0.165909
30 0.155599
18166 0.152381
39544 0.142857
38868 0.142857
36244 0.142857
34345 0.142857
30076 0.142857
27887 0.142857
27037 0.142857
25430 0.142857
21843 0.142857
20698 0.142857
20105 0.142857
18289 0.142857
16864 0.142857
14995 0.142857
13310 0.142857
5148 0.142857
3628 0.142857
2436 0.142857
2186 0.142857
18672 0.141097
15444 0.137637
40112 0.125
38219 0.125
36280 0.125
35033 0.125
30820 0.125
22254 0.125
22204 0.125
17186 0.125
8843 0.125
6743 0.125
4459 0.125
35328 0.111111
34136 0.111111
22789 0.111111
18611 0.111111
16469 0.111111
14944 0.111111
12336 0.111111
6960 0.111111
6940 0.111111
6698 0.111111
2448 0.1004
1196 0.1004
27877 0.1
24127 0.1
22013 0.1
5903 0.1
4555 0.1
1601 0.1
25382 0.0988095
10064 0.0988095
34137 0.0918498
32086 0.0918498
9629 0.0918498
39701 0.0909091
36223 0.0909091
33083 0.0909091
28623 0.0909091
26545 0.0909091
24000 0.0909091
20907 0.0909091
19944 0.0909091
16802 0.0909091
7156 0.0909091
7100 0.0909091
1066 0.0909091
37280 0.0865186
35557 0.0865186
17666 0.0865186
11894 0.0865186
6455 0.0865186
39014 0.0833333
38913 0.0833333
35714 0.0833333
33447 0.0833333
25796 0.0833333
22826 0.0833333
14829 0.0833333
8020 0.0833333
6885 0.0833333
4920 0.0833333
30592 0.0769231
20275 0.0769231
8282 0.0769231
3614 0.0769231
2507 0.0769231
31065 0.0714286
28224 0.0714286
27304 0.0714286
17308 0.0714286
15919 0.0714286
9581 0.0714286
2366 0.0714286
1956 0.0714286
37745 0.0588235
35221 0.0588235
22632 0.0588235
13331 0.0588235
12043 0.0588235
2287 0.0588235
13982 0.0526316
4835 0.0526316
34482 0.05
27798 0.05
25044 0.05
21112 0.05
14148 0.05
14145 0.05
38617 0.047619
25711 0.047619
10085 0.047619
6471 0.047619
34783 0.0454545
33056 0.0454545
20070 0.0454545
19398 0.0454545
14183 0.0454545
7718 0.0454545
6450 0.0454545
4460 0.0454545
3038 0.0454545
484 0.0454545
23440 0.0434783
9435 0.0434783
7688 0.0434783
33572 0.0357143
29661 0.0357143
10591 0.0357143
2438 0.0357143
39025 0.025
37781 0.025
37600 0.025
36392 0.025
33619 0.025
31966 0.025
27710 0.025
26167 0.025
14642 0.025
12383 0.025
10482 0.025
7712 0.025
5478 0.025
1529 0.025
33285 0.0238095
30500 0.0238095
30065 0.0238095
26993 0.0238095
26094 0.0238095
23092 0.0238095
13924 0.0238095
7421 0.0238095
40257 0.0192308
39905 0.0192308
36941 0.0192308
35964 0.0192308
34506 0.0192308
32561 0.0192308
26603 0.0192308
25486 0.0192308
22803 0.0192308
22244 0.0192308
21535 0.0192308
16170 0.0192308
6575 0.0192308
5391 0.0192308
2477 0.0192308
469 0.0192308
40980 0
40979 0
40978 0
40977 0
40976 0
40975 0
40974 0
40973 0
40972 0
40971 0
40970 0
40969 0
40968 0
40967 0
40966 0
40965 0
40964 0
40963 0
40962 0
40961 0
40960 0
40959 0
40958 0
40957 0
40956 0
40955 0
40954 0
40953 0
40952 0
40951 0
40950 0
40949 0
40948 0
40947 0
40946 0
40945 0
40944 0
40943 0
40942 0
40941 0
40940 0
40939 0
40938 0
40937 0
40936 0
40935 0
40934 0
40933 0
40932 0
40931 0
40930 0
40929 0
40928 0
40927 0
40926 0
40925 0
40924 0
40923 0
40922 0
40921 0
40920 0
40919 0
40918 0
40917 0
40916 0
40915 0
40914 0
40913 0
40912 0
40911 0
40910 0
40909 0
40908 0
40907 0
40906 0
40905 0
40904 0
40903 0
40902 0
40901 0
40900 0
40899 0
40898 0
40897 0
40896 0
40895 0
40894 0
40893 0
40892 0
40891 0
40890 0
40889 0
40888 0
40887 0
40886 0
40885 0
40884 0
40883 0
40882 0
40881 0
40880 0
40879 0
40878 0
40877 0
40876 0
40875 0
40874 0
40873 0
40872 0
40871 0
40870 0
40869 0
40868 0
40867 0
40866 0
40865 0
40864 0
40863 0
40862 0
40861 0
40860 0
40859 0
40858 0
40857 0
40856 0
40855 0
40854 0
40853 0
40852 0
40851 0
40850 0
40849 0
40848 0
40847 0
40846 0
40845 0
40844 0
40843 0
40842 0
40841 0
40840 0
40839 0
40838 0
40837 0
40836 0
40835 0
40834 0
40833 0
40832 0
40831 0
40830 0
40829 0
40828 0
40827 0
