27595 2.77113
25242 1.35858
13700 1.29924
37484 1.25666
39963 1.18452
12980 1.10278
3997 0.968479
34044 0.883568
5894 0.765152
19095 0.762941
14109 0.762941
1061 0.728788
29363 0.726
20047 0.717487
32924 0.701103
1757 0.692487
6766 0.666667
2091 0.634325
17493 0.611111
31329 0.604458
21862 0.603917
13974 0.559524
27079 0.520945
6492 0.508333
36886 0.480952
18118 0.480365
33297 0.475649
18325 0.475649
31097 0.415909
32348 0.400008
15403 0.400008
14344 0.363699
28359 0.356443
8774 0.344877
26731 0.333333
20488 0.333333
15148 0.308333
5158 0.308333
17243 0.284722
19194 0.27619
7938 0.27619
29728 0.269444
27980 0.259524
11596 0.259524
11528 0.255357
40023 0.214286
12492 0.214286
31710 0.212121
848 0.212121
13027 0.206944
11783 0.183633
232 0.183633
31841 0.174242
3471 0.174242
24353 0.166667
15674 0.166667
11870 0.166667
7955 0.166667
29242 0.159532
31414 0.142857
28321 0.142857
24458 0.142857
14878 0.142857
26615 0.125
23858 0.125
20356 0.125
8946 0.125
39760 0.111318
38763 0.111318
34418 0.111318
30398 0.111318
17037 0.111318
37973 0.111111
36784 0.111111
34178 0.111111
25335 0.111111
11797 0.111111
11374 0.111111
9095 0.111111
5444 0.111111
29223 0.1
1572 0.1
39901 0.0924865
35529 0.0924865
32696 0.0924865
29122 0.0924865
19753 0.0924865
11527 0.0924865
2046 0.0924865
36511 0.0909091
33911 0.0909091
29505 0.0909091
20689 0.0909091
27087 0.0833333
15940 0.0833333
10961 0.0833333
10405 0.0833333
34416 0.0625
34146 0.0625
26549 0.0625
20757 0.0625
1765 0.0625
31562 0.0588235
29665 0.0588235
9405 0.0588235
7212 0.0588235
7124 0.0588235
5421 0.0588235
38800 0.05
24268 0.05
32722 0.047619
32251 0.047619
18809 0.047619
4330 0.047619
29576 0.0454545
35012 0.0416667
32731 0.0416667
29775 0.0416667
28773 0.0416667
23843 0.0416667
16406 0.0416667
13460 0.0416667
5758 0.0416667
5615 0.0416667
31057 0.0333333
29510 0.0333333
29392 0.0333333
26501 0.0333333
18573 0.0333333
12764 0.0333333
10753 0.0333333
9161 0.0333333
8161 0.0333333
7227 0.0333333
559 0.0333333
39959 0.0136986
38390 0.0136986
37793 0.0136986
35866 0.0136986
34532 0.0136986
34369 0.0136986
33242 0.0136986
32450 0.0136986
31761 0.0136986
30230 0.0136986
28167 0.0136986
26465 0.0136986
26365 0.0136986
25896 0.0136986
25241 0.0136986
24841 0.0136986
24234 0.0136986
23753 0.0136986
22756 0.0136986
21467 0.0136986
21450 0.0136986
20879 0.0136986
20738 0.0136986
19995 0.0136986
18843 0.0136986
18279 0.0136986
15616 0.0136986
14851 0.0136986
14655 0.0136986
14469 0.0136986
14173 0.0136986
12042 0.0136986
10957 0.0136986
10278 0.0136986
10008 0.0136986
9406 0.0136986
8798 0.0136986
8665 0.0136986
5321 0.0136986
3131 0.0136986
2359 0.0136986
2028 0.0136986
1424 0.0136986
1361 0.0136986
1048 0.0136986
40980 0
40979 0
40978 0
40977 0
40976 0
40975 0
40974 0
40973 0
40972 0
40971 0
40970 0
40969 0
40968 0
40967 0
40966 0
40965 0
40964 0
40963 0
40962 0
40961 0
40960 0
40959 0
40958 0
40957 0
40956 0
40955 0
40954 0
40953 0
40952 0
40951 0
40950 0
40949 0
40948 0
40947 0
40946 0
40945 0
40944 0
40943 0
40942 0
40941 0
40940 0
40939 0
40938 0
40937 0
40936 0
40935 0
40934 0
40933 0
40932 0
40931 0
40930 0
40929 0
40928 0
40927 0
40926 0
40925 0
40924 0
40923 0
40922 0
40921 0
40920 0
40919 0
40918 0
40917 0
40916 0
40915 0
40914 0
40913 0
40912 0
40911 0
40910 0
40909 0
40908 0
40907 0
40906 0
40905 0
40904 0
40903 0
40902 0
40901 0
40900 0
40899 0
40898 0
40897 0
40896 0
40895 0
40894 0
40893 0
40892 0
40891 0
40890 0
40889 0
40888 0
40887 0
40886 0
40885 0
40884 0
40883 0
40882 0
40881 0
40880 0
40879 0
40878 0
40877 0
40876 0
40875 0
40874 0
40873 0
40872 0
40871 0
40870 0
40869 0
40868 0
40867 0
40866 0
40865 0
40864 0
40863 0
40862 0
40861 0
40860 0
40859 0
40858 0
40857 0
40856 0
40855 0
40854 0
40853 0
40852 0
40851 0
40850 0
40849 0
40848 0
40847 0
40846 0
40845 0
40844 0
40843 0
40842 0
40841 0
40840 0
40839 0
40838 0
40837 0
40836 0
40835 0
40834 0
40833 0
40832 0
40831 0
40830 0
40829 0
40828 0
40827 0
40826 0
40825 0
40824 0
40823 0
40822 0
40821 0
40820 0
40819 0
40818 0
40817 0
40816 0
40815 0
40814 0
40813 0
40812 0
40811 0
40810 0
40809 0
40808 0
40807 0
40806 0
40805 0
40804 0
40803 0
40802 0
40801 0
40800 0
40799 0
40798 0
40797 0
40796 0
40795 0
40794 0
40793 0
40792 0
40791 0
40790 0
40789 0
40788 0
40787 0
40786 0
40785 0
40784 0
40783 0
40782 0
40781 0
40780 0
40779 0
40778 0
40777 0
40776 0
40775 0
40774 0
40773 0
40772 0
40771 0
40770 0
40769 0
40768 0
40767 0
40766 0
40765 0
40764 0
40763 0
40762 0
40761 0
40760 0
40759 0
40758 0
40757 0
40756 0
40755 0
40754 0
40753 0
40752 0
40751 0
40750 0
40749 0
40748 0
40747 0
40746 0
40745 0
40744 0
40743 0
40742 0
40741 0
40740 0
40739 0
40738 0
40737 0
40736 0
40735 0
40734 0
40733 0
40732 0
40731 0
40730 0
40729 0
40728 0
40727 0
40726 0
40725 0
40724 0
40723 0
40722 0
40721 0
40720 0
40719 0
40718 0
40717 0
40716 0
40715 0
40714 0
40713 0
40712 0
40711 0
40710 0
40709 0
40708 0
40707 0
40706 0
40705 0
40704 0
40703 0
40702 0
40701 0
40700 0
40699 0
40698 0
40697 0
40696 0
40695 0
40694 0
40693 0
40692 0
40691 0
40690 0
40689 0
40688 0
40687 0
40686 0
40685 0
40684 0
40683 0
40682 0
40681 0
40680 0
40679 0
40678 0
40677 0
40676 0
40675 0
40674 0
40673 0
40672 0
40671 0
40670 0
40669 0
40668 0
40667 0
40666 0
40665 0
40664 0
40663 0
40662 0
40661 0
