27799 7.96311
13916 2.17324
13654 1.99038
9196 1.73775
11409 1.7329
15123 1.71846
31910 1.61443
24149 1.26646
2786 1.26258
18520 1.13308
21889 1.09683
2797 1.025
16127 0.946023
32620 0.925124
21323 0.90754
29226 0.884483
17312 0.861312
9440 0.80873
25293 0.738034
36796 0.730476
13507 0.721861
3940 0.710904
4486 0.697484
35955 0.693152
22530 0.655457
20383 0.560863
35766 0.522096
37800 0.507576
24596 0.491667
26095 0.46011
39671 0.451149
1965 0.436111
39281 0.432041
37027 0.430724
3068 0.420635
612 0.413795
34561 0.383333
25651 0.368505
30425 0.350344
6592 0.348485
12104 0.334483
10696 0.328384
33633 0.319298
8672 0.316667
19653 0.3125
35346 0.306972
30676 0.306972
40890 0.306705
37374 0.285354
16773 0.279762
33028 0.26859
30923 0.257989
37496 0.25
20007 0.25
1396 0.25
24137 0.24537
37233 0.244755
27865 0.244755
18138 0.243687
25831 0.23896
23370 0.23896
18683 0.224542
2781 0.215812
14269 0.215451
20928 0.213131
31260 0.211279
277 0.200983
21498 0.200595
39661 0.2
39183 0.2
37711 0.2
28110 0.2
26485 0.2
5103 0.2
30025 0.199375
28088 0.197076
22368 0.183333
11488 0.183333
6654 0.183333
4112 0.179194
20315 0.177778
21903 0.174242
1 0.174242
36339 0.170687
15416 0.166667
35444 0.166667
27166 0.166667
6140 0.166667
3356 0.166667
32043 0.161905
16806 0.161905
18950 0.155806
14252 0.15353
35028 0.151149
30204 0.151149
3910 0.151149
6715 0.147076
40525 0.142857
32027 0.142857
3852 0.130952
39158 0.125
38907 0.125
29300 0.125
16501 0.125
15075 0.125
14015 0.125
6859 0.125
1326 0.125
39947 0.119935
27989 0.119935
11080 0.119935
110 0.119935
34687 0.111111
24825 0.111111
19379 0.111111
18173 0.111111
16504 0.111111
14980 0.111111
13421 0.111111
11804 0.111111
11718 0.111111
10 0.111111
39587 0.1
30897 0.1
15665 0.1
38748 0.0909091
36673 0.0909091
34784 0.0909091
25176 0.0909091
23432 0.0909091
14138 0.0909091
12522 0.0909091
11922 0.0909091
36285 0.0833333
35974 0.0833333
35194 0.0833333
26058 0.0833333
25826 0.0833333
22711 0.0833333
14546 0.0833333
13120 0.0833333
9283 0.0833333
31732 0.0769231
19313 0.0769231
18883 0.0769231
16327 0.0769231
10511 0.0769231
38049 0.0714286
36562 0.0714286
25049 0.0714286
21830 0.0714286
16500 0.0714286
9553 0.0714286
6924 0.0714286
5557 0.0714286
39177 0.0666667
32374 0.0666667
28988 0.0666667
25659 0.0666667
18802 0.0666667
17943 0.0666667
10926 0.0666667
6097 0.0666667
36400 0.0625
30216 0.0625
30168 0.0625
11689 0.0625
7047 0.0625
8969 0.0588235
37883 0.0555556
35599 0.0555556
34123 0.0555556
29231 0.0555556
20883 0.0555556
6350 0.0555556
5241 0.0555556
3096 0.0555556
34923 0.0526316
32572 0.0526316
24019 0.0526316
23748 0.0526316
6335 0.0526316
6036 0.0526316
22404 0.05
5850 0.05
25765 0.047619
22501 0.047619
22088 0.047619
19774 0.047619
15150 0.047619
11540 0.047619
8070 0.047619
6252 0.047619
1131 0.047619
929 0.047619
509 0.047619
36934 0.037037
30545 0.037037
28611 0.037037
26786 0.037037
25360 0.037037
19952 0.037037
18329 0.037037
12893 0.037037
8342 0.037037
2734 0.037037
2376 0.037037
830 0.037037
36268 0.0344828
31564 0.0344828
22232 0.0344828
19538 0.0344828
16642 0.0344828
8992 0.0344828
38583 0.0333333
37502 0.0333333
35185 0.0333333
33256 0.0333333
29140 0.0333333
26084 0.0333333
21978 0.0333333
15873 0.0333333
14768 0.0333333
5719 0.0333333
40296 0.0277778
31947 0.0277778
27926 0.0277778
26069 0.0277778
19712 0.0277778
18328 0.0277778
16395 0.0277778
8035 0.0277778
5488 0.0277778
4043 0.0277778
40980 0
40979 0
40978 0
40977 0
40976 0
40975 0
40974 0
40973 0
40972 0
40971 0
40970 0
40969 0
40968 0
40967 0
40966 0
40965 0
40964 0
40963 0
40962 0
40961 0
40960 0
40959 0
40958 0
40957 0
40956 0
40955 0
40954 0
40953 0
40952 0
40951 0
40950 0
40949 0
40948 0
40947 0
40946 0
40945 0
40944 0
40943 0
40942 0
40941 0
40940 0
40939 0
40938 0
40937 0
40936 0
40935 0
40934 0
40933 0
40932 0
40931 0
40930 0
40929 0
40928 0
40927 0
40926 0
40925 0
40924 0
40923 0
40922 0
40921 0
40920 0
40919 0
40918 0
40917 0
40916 0
40915 0
40914 0
40913 0
40912 0
40911 0
40910 0
40909 0
40908 0
40907 0
40906 0
40905 0
40904 0
40903 0
40902 0
40901 0
40900 0
40899 0
40898 0
40897 0
40896 0
40895 0
40894 0
40893 0
40892 0
40891 0
40889 0
40888 0
40887 0
40886 0
40885 0
40884 0
40883 0
40882 0
40881 0
40880 0
40879 0
40878 0
40877 0
40876 0
40875 0
40874 0
40873 0
40872 0
40871 0
40870 0
40869 0
40868 0
40867 0
40866 0
40865 0
40864 0
40863 0
40862 0
40861 0
40860 0
40859 0
40858 0
40857 0
40856 0
40855 0
40854 0
40853 0
40852 0
40851 0
40850 0
40849 0
40848 0
40847 0
40846 0
40845 0
40844 0
40843 0
40842 0
40841 0
40840 0
40839 0
40838 0
40837 0
40836 0
40835 0
40834 0
40833 0
40832 0
40831 0
40830 0
40829 0
40828 0
40827 0
40826 0
40825 0
40824 0
40823 0
40822 0
40821 0
40820 0
40819 0
40818 0
40817 0
40816 0
40815 0
40814 0
40813 0
40812 0
40811 0
40810 0
40809 0
40808 0
40807 0
40806 0
40805 0
40804 0
40803 0
40802 0
40801 0
40800 0
40799 0
40798 0
40797 0
40796 0
40795 0
40794 0
40793 0
40792 0
40791 0
40790 0
40789 0
40788 0
40787 0
40786 0
40785 0
40784 0
40783 0
40782 0
40781 0
40780 0
40779 0
40778 0
40777 0
40776 0
40775 0
40774 0
40773 0
40772 0
40771 0
40770 0
40769 0
40768 0
40767 0
40766 0
40765 0
40764 0
40763 0
40762 0
40761 0
40760 0
40759 0
40758 0
40757 0
40756 0
40755 0
40754 0
40753 0
40752 0
40751 0
40750 0
40749 0
40748 0
40747 0
40746 0
40745 0
40744 0
40743 0
40742 0
40741 0
40740 0
40739 0
40738 0
40737 0
40736 0
40735 0
40734 0
40733 0
40732 0
40731 0
40730 0
40729 0
40728 0
40727 0
40726 0
40725 0
40724 0
40723 0
40722 0
40721 0
40720 0
40719 0
40718 0
40717 0
40716 0
40715 0
40714 0
