24212 2.41434
6034 2.12095
18582 1.63922
21394 1.42755
38841 1.426
12292 1.29481
843 1.28247
29401 1.27307
21590 1.24767
19236 1.23048
17685 1.20622
17635 0.925009
7878 0.897192
34737 0.894679
9694 0.853444
39640 0.841145
37710 0.787068
25906 0.7611
35351 0.720637
28500 0.71107
36914 0.627077
38479 0.543351
28360 0.517433
2200 0.517433
36197 0.514299
30612 0.484502
23843 0.483501
16090 0.47549
5504 0.457502
18428 0.432051
10994 0.431173
15349 0.425688
40604 0.420308
10237 0.413192
33885 0.383024
663 0.383024
23007 0.381388
11315 0.381388
32403 0.37963
18263 0.368422
4861 0.337121
4998 0.33584
15042 0.333037
40683 0.322911
36451 0.306658
7577 0.301141
33143 0.295945
6787 0.294484
20172 0.289884
18515 0.286745
34952 0.276786
30860 0.276553
12575 0.274578
15363 0.273077
19392 0.266414
40716 0.254979
17470 0.254235
35518 0.253272
19214 0.253272
11899 0.253272
21592 0.25
23093 0.240964
3265 0.239699
33233 0.239177
7579 0.239177
2612 0.230525
30802 0.220635
39860 0.219758
21283 0.219758
15356 0.213878
3601 0.213878
4562 0.211129
38819 0.205524
27082 0.201971
9558 0.201971
4877 0.201471
16817 0.19228
12823 0.190941
22066 0.190848
5370 0.19056
37190 0.189009
29811 0.189009
9876 0.186514
36372 0.184872
26356 0.184872
17153 0.182374
10266 0.180856
35460 0.172379
8088 0.172379
10677 0.16807
39840 0.166667
27954 0.166667
17619 0.166667
9739 0.166667
2845 0.166667
34309 0.158769
40778 0.157539
13576 0.157246
6578 0.15403
30278 0.151808
19074 0.151808
8547 0.151808
32658 0.150416
17902 0.147991
18334 0.14724
32289 0.14511
28395 0.14511
11404 0.144497
10456 0.144497
9825 0.144422
38979 0.142857
13309 0.142513
26849 0.140899
3709 0.140899
13853 0.140582
2885 0.138938
30914 0.136734
20721 0.136734
38180 0.132562
29756 0.132562
7125 0.131995
38847 0.125
38596 0.125
33831 0.125
33821 0.125
33695 0.125
26402 0.125
20812 0.125
18826 0.125
13880 0.125
6926 0.125
3594 0.125
39273 0.123372
36007 0.113225
34701 0.111111
15397 0.111111
14014 0.111111
37967 0.1106
2267 0.1106
25761 0.110567
15067 0.110441
1908 0.109257
797 0.109257
18401 0.105969
4306 0.105326
8031 0.103025
39541 0.101673
6281 0.0990133
36678 0.0984558
34155 0.0984558
20610 0.0984558
17286 0.0984558
12618 0.0984558
37819 0.097669
14053 0.097669
37347 0.0972533
6434 0.0972533
32833 0.0972253
9381 0.0972253
15020 0.0971169
13595 0.0953782
7178 0.0953782
23964 0.093747
5775 0.093747
37806 0.0922715
13819 0.0922715
34758 0.0909091
25030 0.0908664
11256 0.0908664
29695 0.0885734
24128 0.0885734
8381 0.0885734
36477 0.08743
17645 0.08743
17260 0.08743
38758 0.0869219
946 0.0838284
737 0.0838284
20369 0.0833333
14926 0.0833333
5222 0.0833333
5232 0.0761832
4857 0.0756974
36295 0.075603
36262 0.075603
8668 0.075603
37267 0.0753498
10810 0.0753498
9904 0.0753498
19428 0.0723856
39361 0.0721331
6756 0.0721331
34610 0.0714377
25058 0.0714377
18607 0.0714377
16859 0.0714377
16301 0.0714377
13849 0.0714377
5626 0.0714377
39028 0.0714286
36515 0.0714286
29084 0.0714286
17541 0.0714286
10309 0.0714286
9041 0.0714286
4829 0.0714286
3687 0.0714286
39962 0.0697271
39791 0.0697271
37055 0.0697271
32243 0.0697271
26137 0.0697271
16047 0.0697271
7852 0.0697271
1659 0.0697271
39389 0.0684294
39052 0.0684294
37444 0.0670565
25481 0.0666667
24171 0.0666667
7990 0.0666667
23771 0.0653409
30737 0.064988
30153 0.064988
29336 0.064988
26566 0.064988
14543 0.064988
12280 0.064988
10663 0.064988
31832 0.0636731
15466 0.0636731
1073 0.0636731
25259 0.0625
15191 0.0625
14891 0.0625
19259 0.0621329
40882 0.0617861
23149 0.0591965
6792 0.0591965
22711 0.0570887
18520 0.0570887
3852 0.0570887
39560 0.0562777
32175 0.0562777
10662 0.0562777
716 0.0562777
40426 0.0556235
17106 0.0556235
40612 0.0555556
19200 0.0555556
29549 0.0555297
26069 0.0555297
12915 0.0555297
25016 0.0553301
5706 0.0553301
40658 0.0540409
39627 0.0535539
39085 0.0535539
38969 0.0535539
37462 0.0535539
34537 0.0535539
31683 0.0535539
25507 0.0535539
24457 0.0535539
23120 0.0535539
23003 0.0535539
21776 0.0535539
4618 0.0535539
1799 0.0535539
15897 0.0517603
327 0.0517603
25885 0.0505939
29126 0.0480297
21853 0.0480297
39423 0.047899
17915 0.047899
11501 0.047899
4760 0.047899
40244 0.0454545
34518 0.0454545
31951 0.0454545
24840 0.0454545
19368 0.0454545
14772 0.0454545
27928 0.0454207
36217 0.0450949
29077 0.043921
18221 0.043921
13654 0.043921
29334 0.0434783
25920 0.0434783
5317 0.0434783
4190 0.0434783
596 0.0434783
21145 0.0425077
35982 0.0405399
28789 0.0405399
31159 0.0386318
17595 0.0386318
4471 0.0386318
28307 0.0384615
20931 0.0384615
23512 0.037016
17322 0.037016
35482 0.0357143
40960 0.0346609
31123 0.0346609
17312 0.0346609
16699 0.0346609
14118 0.0346609
4972 0.0346609
27054 0.0344828
27033 0.0344828
21415 0.0344828
20167 0.0344828
16298 0.0344828
14138 0.0344828
8853 0.0344828
8595 0.0344828
8412 0.0344828
7322 0.0344828
3832 0.0344828
949 0.0344828
27966 0.0329381
27738 0.0329381
23177 0.0329381
21899 0.0329381
19966 0.0329381
27135 0.0320968
16504 0.0320968
15885 0.0320968
3077 0.0320968
1442 0.0320968
25709 0.03125
4626 0.03125
4297 0.03125
38378 0.0312447
27198 0.0312447
20134 0.0312447
5569 0.0312447
945 0.0312447
36858 0.030303
34439 0.030303
24403 0.030303
21448 0.030303
13214 0.030303
10473 0.030303
6041 0.030303
2990 0.030303
35346 0.0277179
24678 0.0277179
40273 0.0263158
40238 0.0263158
38141 0.0263158
36952 0.0263158
35029 0.0263158
32081 0.0263158
23155 0.0263158
22405 0.0263158
22026 0.0263158
20682 0.0263158
17948 0.0263158
12177 0.0263158
11751 0.0263158
37335 0.0261412
31114 0.0261412
30717 0.0261412
27531 0.0261412
26567 0.0261412
24875 0.0261412
23419 0.0261412
20563 0.0261412
18228 0.0261412
17810 0.0261412
12835 0.0261412
10819 0.0261412
10177 0.0261412
8783 0.0261412
6862 0.0261412
4695 0.0261412
322 0.025
40508 0.0222313
26055 0.0222313
23192 0.0222313
21020 0.0222313
19421 0.0222313
14219 0.0222313
13732 0.0222313
11018 0.0222313
10111 0.0222313
8791 0.0222313
6828 0.0222313
34092 0.0222222
33772 0.0222222
27668 0.0222222
19419 0.0222222
18800 0.0222222
5867 0.0222222
1550 0.0222222
40000 0.0196078
38952 0.0196078
34190 0.0196078
29237 0.0196078
28814 0.0196078
27666 0.0196078
23659 0.0196078
22388 0.0196078
19517 0.0196078
16706 0.0196078
16250 0.0196078
15118 0.0196078
14347 0.0196078
13604 0.0196078
11113 0.0196078
9011 0.0196078
6992 0.0196078
39228 0.0188679
32252 0.0188679
20076 0.0188679
18088 0.0188679
8829 0.0188679
6808 0.0188679
1084 0.0188679
36072 0.0185185
34629 0.0185185
26804 0.0185185
17664 0.0185185
11932 0.0185185
11426 0.0185185
4891 0.0185185
38245 0.0178571
37931 0.0178571
27926 0.0178571
27443 0.0178571
7277 0.0178571
3721 0.0178571
25571 0.0169492
22546 0.0169492
16786 0.0169492
13685 0.0169492
11609 0.0169492
819 0.0169492
39 0.0169492
33065 0.0163934
13608 0.0163934
8744 0.0163934
34312 0.0153846
23439 0.0153846
19555 0.0153846
19145 0.0153846
11080 0.0153846
9615 0.0153846
9272 0.0153846
6520 0.0153846
5937 0.0153846
38909 0.0151515
34881 0.0151515
18618 0.0151515
17639 0.0151515
12206 0.0151515
10697 0.0151515
3929 0.0151515
40326 0.012987
37974 0.012987
34127 0.012987
30957 0.012987
28769 0.012987
25583 0.012987
23565 0.012987
23484 0.012987
22983 0.012987
22114 0.012987
20459 0.012987
20250 0.012987
19820 0.012987
16625 0.012987
16390 0.012987
14398 0.012987
11679 0.012987
10689 0.012987
9543 0.012987
7225 0.012987
6239 0.012987
6017 0.012987
4669 0.012987
3501 0.012987
2675 0.012987
1827 0.012987
246 0.012987
33163 0.0128205
26521 0.0128205
20707 0.0128205
18373 0.0128205
13018 0.0128205
7422 0.0128205
38672 0.0125
35551 0.0125
28940 0.0125
16590 0.0125
14403 0.0125
