31301 8.95419
3158 1.49072
38515 1.45714
32885 1.11786
19032 0.984387
7708 0.860959
23014 0.833333
33883 0.805181
10737 0.714495
186 0.691145
20974 0.65
12217 0.646278
3348 0.594437
5066 0.585589
2249 0.474639
36734 0.467857
27003 0.433766
25221 0.407563
37711 0.392956
10245 0.366667
13581 0.355615
31806 0.334387
37804 0.333333
31426 0.333333
27892 0.333333
20273 0.333333
15603 0.333333
28142 0.278383
15676 0.268102
12297 0.260526
1329 0.224727
25902 0.2
24414 0.2
19913 0.2
18328 0.2
3936 0.2
3662 0.2
37603 0.194466
27789 0.194466
14820 0.194466
29790 0.166667
18950 0.166667
9332 0.166667
40017 0.142857
39515 0.142857
37550 0.142857
32797 0.142857
31929 0.142857
27410 0.142857
25476 0.142857
15451 0.142857
15237 0.142857
15004 0.142857
14776 0.142857
13663 0.142857
13295 0.142857
9442 0.142857
8805 0.142857
6365 0.142857
2279 0.142857
7899 0.130773
39437 0.125
37797 0.125
37273 0.125
27514 0.125
26750 0.125
18011 0.125
16481 0.125
10070 0.125
7674 0.125
1940 0.125
40573 0.111111
31581 0.111111
28444 0.111111
22594 0.111111
22228 0.111111
5693 0.111111
40975 0.108723
35469 0.108723
28543 0.108723
18789 0.108723
13538 0.108723
7463 0.108723
10073 0.107811
8244 0.107811
2378 0.107811
38229 0.0956712
17634 0.0956712
3445 0.0956712
2505 0.0956712
19710 0.0909091
13334 0.0909091
40104 0.0588235
6537 0.0588235
8988 0.0555556
32994 0.0434783
32760 0.0434783
24604 0.0434783
22603 0.0434783
11019 0.0434783
8935 0.0434783
8531 0.0434783
8159 0.0434783
5079 0.0434783
4489 0.0434783
39948 0.0416667
39730 0.0416667
39565 0.0416667
37048 0.0416667
29794 0.0416667
23638 0.0416667
20993 0.0416667
16983 0.0416667
10419 0.0416667
8669 0.0416667
2241 0.0416667
40912 0.0416256
33726 0.0416256
31682 0.0416256
31195 0.0416256
25060 0.0416256
18846 0.0416256
15768 0.0416256
9972 0.0416256
8037 0.0416256
6292 0.0416256
4859 0.0416256
4393 0.0416256
4192 0.0416256
3916 0.0416256
38667 0.0384615
28377 0.0384615
16268 0.0384615
16180 0.0384615
40966 0.0163934
40268 0.0163934
39147 0.0163934
38865 0.0163934
38254 0.0163934
38012 0.0163934
36446 0.0163934
36106 0.0163934
34618 0.0163934
34207 0.0163934
34160 0.0163934
33834 0.0163934
33389 0.0163934
31670 0.0163934
30540 0.0163934
30199 0.0163934
29407 0.0163934
26259 0.0163934
25325 0.0163934
25235 0.0163934
25082 0.0163934
23491 0.0163934
21247 0.0163934
20142 0.0163934
19887 0.0163934
17128 0.0163934
13568 0.0163934
10387 0.0163934
10332 0.0163934
8055 0.0163934
7574 0.0163934
7425 0.0163934
6496 0.0163934
6409 0.0163934
5239 0.0163934
132 0.0163934
39112 0.0147059
38013 0.0147059
37241 0.0147059
36105 0.0147059
36054 0.0147059
35876 0.0147059
35718 0.0147059
35552 0.0147059
34197 0.0147059
32350 0.0147059
31896 0.0147059
31266 0.0147059
28719 0.0147059
28161 0.0147059
27588 0.0147059
26620 0.0147059
26052 0.0147059
22519 0.0147059
20132 0.0147059
19728 0.0147059
19053 0.0147059
18198 0.0147059
17842 0.0147059
15589 0.0147059
15418 0.0147059
15335 0.0147059
12697 0.0147059
11802 0.0147059
8706 0.0147059
6657 0.0147059
4763 0.0147059
3374 0.0147059
2465 0.0147059
1505 0.0147059
854 0.0147059
40029 0.0105263
39197 0.0105263
37935 0.0105263
35524 0.0105263
35366 0.0105263
34883 0.0105263
34834 0.0105263
34727 0.0105263
34095 0.0105263
33944 0.0105263
33941 0.0105263
33492 0.0105263
32763 0.0105263
32299 0.0105263
32131 0.0105263
31509 0.0105263
31126 0.0105263
30172 0.0105263
28358 0.0105263
27674 0.0105263
26334 0.0105263
25427 0.0105263
24962 0.0105263
23912 0.0105263
23813 0.0105263
22402 0.0105263
21911 0.0105263
21573 0.0105263
21515 0.0105263
21121 0.0105263
19309 0.0105263
16618 0.0105263
16061 0.0105263
14095 0.0105263
13646 0.0105263
12096 0.0105263
10954 0.0105263
10953 0.0105263
10123 0.0105263
9665 0.0105263
9557 0.0105263
9487 0.0105263
9393 0.0105263
8580 0.0105263
8280 0.0105263
7898 0.0105263
7343 0.0105263
7190 0.0105263
6973 0.0105263
6152 0.0105263
5691 0.0105263
3552 0.0105263
3287 0.0105263
3164 0.0105263
1444 0.0105263
1107 0.0105263
40980 0
40979 0
40978 0
40977 0
40976 0
40974 0
40973 0
40972 0
40971 0
40970 0
40969 0
40968 0
40967 0
40965 0
40964 0
40963 0
40962 0
40961 0
40960 0
40959 0
40958 0
40957 0
40956 0
40955 0
40954 0
40953 0
40952 0
40951 0
40950 0
40949 0
40948 0
40947 0
40946 0
40945 0
40944 0
40943 0
40942 0
40941 0
40940 0
40939 0
40938 0
40937 0
40936 0
40935 0
40934 0
40933 0
40932 0
40931 0
40930 0
40929 0
40928 0
40927 0
40926 0
40925 0
40924 0
40923 0
40922 0
40921 0
40920 0
40919 0
40918 0
40917 0
40916 0
40915 0
40914 0
40913 0
40911 0
40910 0
40909 0
40908 0
40907 0
40906 0
40905 0
40904 0
40903 0
40902 0
40901 0
40900 0
40899 0
40898 0
40897 0
40896 0
40895 0
40894 0
40893 0
40892 0
40891 0
40890 0
40889 0
40888 0
40887 0
40886 0
40885 0
40884 0
40883 0
40882 0
40881 0
40880 0
40879 0
40878 0
40877 0
40876 0
40875 0
40874 0
40873 0
40872 0
40871 0
40870 0
40869 0
40868 0
40867 0
40866 0
40865 0
40864 0
40863 0
40862 0
40861 0
40860 0
40859 0
40858 0
40857 0
40856 0
40855 0
40854 0
40853 0
40852 0
40851 0
40850 0
40849 0
40848 0
40847 0
40846 0
40845 0
40844 0
40843 0
40842 0
40841 0
40840 0
40839 0
40838 0
40837 0
40836 0
40835 0
40834 0
40833 0
40832 0
40831 0
40830 0
40829 0
40828 0
40827 0
40826 0
40825 0
40824 0
40823 0
40822 0
40821 0
40820 0
40819 0
40818 0
40817 0
40816 0
40815 0
40814 0
40813 0
40812 0
40811 0
40810 0
40809 0
40808 0
40807 0
40806 0
40805 0
40804 0
40803 0
40802 0
40801 0
40800 0
40799 0
40798 0
40797 0
40796 0
40795 0
40794 0
40793 0
40792 0
40791 0
40790 0
40789 0
40788 0
40787 0
40786 0
40785 0
40784 0
40783 0
40782 0
40781 0
40780 0
40779 0
40778 0
40777 0
40776 0
40775 0
40774 0
40773 0
40772 0
40771 0
40770 0
40769 0
40768 0
40767 0
40766 0
40765 0
40764 0
40763 0
40762 0
40761 0
40760 0
40759 0
40758 0
40757 0
40756 0
40755 0
40754 0
40753 0
40752 0
40751 0
40750 0
40749 0
40748 0
40747 0
40746 0
40745 0
40744 0
40743 0
40742 0
40741 0
40740 0
40739 0
