23843 4.79659
32833 2.81821
29401 2.36448
20250 1.66667
21854 1.34216
797 1.29183
9876 1.22216
37701 1.21989
29633 1.1503
13309 1.02835
32403 1.01609
5317 0.999747
34737 0.971315
6771 0.81419
30264 0.806614
30612 0.7867
10677 0.645193
40461 0.629073
32750 0.590909
21283 0.509262
10266 0.495649
30220 0.485368
19701 0.477778
39228 0.445489
37347 0.444444
10759 0.395039
3053 0.369048
32175 0.365132
22022 0.365132
14082 0.351404
40000 0.335145
36727 0.333333
35601 0.333333
29667 0.333333
26741 0.333333
24392 0.333333
18428 0.333333
17639 0.333333
13262 0.329487
40716 0.302632
16494 0.302632
21920 0.286398
29594 0.269444
12074 0.264874
8088 0.254652
9558 0.254589
38909 0.25
16390 0.25
15349 0.25
1550 0.25
18582 0.246408
13595 0.246408
7178 0.246408
34707 0.24202
16850 0.235014
18221 0.22873
322 0.221314
30297 0.2
19515 0.2
10587 0.2
25893 0.182755
19572 0.176681
18463 0.176681
40052 0.175433
4233 0.175433
35080 0.173333
27928 0.166974
26356 0.166974
37014 0.166667
32933 0.166667
8569 0.166667
7499 0.166667
5721 0.166667
4061 0.166667
25566 0.142857
2649 0.142857
21394 0.140575
31291 0.125
17260 0.125
12499 0.125
4562 0.125
38847 0.116681
38040 0.116681
33831 0.116681
31674 0.116681
6249 0.116681
40778 0.111111
32658 0.111111
22569 0.111111
20345 0.111111
16809 0.111111
10309 0.111111
9491 0.111111
7579 0.111111
6926 0.111111
4472 0.111111
39 0.111111
40590 0.103822
36872 0.103822
23087 0.103822
15987 0.103822
25259 0.103206
22066 0.103206
36207 0.1
34758 0.1
12915 0.1
11359 0.1
38497 0.0909091
37967 0.0909091
35064 0.0909091
24128 0.0909091
23828 0.0909091
19966 0.0909091
17685 0.0909091
16590 0.0909091
12618 0.0909091
11404 0.0909091
6741 0.0909091
1084 0.0833333
39541 0.0827176
21145 0.0827176
14891 0.0827176
40691 0.0826935
37819 0.0826935
17810 0.0826935
15020 0.0826935
14053 0.0826935
39361 0.0741559
35551 0.0741559
29695 0.0741559
27082 0.0741559
16638 0.0741559
7322 0.0741559
6756 0.0741559
5867 0.0741559
27841 0.0666667
26460 0.0666667
17948 0.0666667
38819 0.0625
37190 0.0625
32817 0.0625
23779 0.0625
23177 0.0625
19236 0.0625
8668 0.0625
6110 0.0625
12603 0.0588235
1630 0.0588235
35460 0.0526316
31227 0.0526316
28813 0.0526316
27597 0.0526316
24882 0.0526316
19259 0.0526316
19214 0.0526316
15491 0.0526316
13843 0.0526316
9694 0.0526316
8829 0.0526316
4695 0.0526316
804 0.0526316
38479 0.047619
21590 0.047619
21025 0.047619
18088 0.047619
15151 0.047619
9381 0.047619
40604 0.0434783
40426 0.0434783
38241 0.0434783
37444 0.0434783
34150 0.0434783
30794 0.0434783
30783 0.0434783
16667 0.0434783
15127 0.0434783
12652 0.0434783
18089 0.04
7203 0.04
4060 0.04
3769 0.04
40694 0.0333333
35482 0.0333333
25039 0.0333333
23659 0.0333333
22327 0.0333333
20931 0.0333333
20610 0.0333333
17153 0.0333333
5831 0.0333333
2990 0.0333333
40271 0.0178571
36853 0.0178571
33938 0.0178571
32039 0.0178571
28100 0.0178571
25542 0.0178571
20401 0.0178571
18826 0.0178571
18411 0.0178571
15067 0.0178571
11679 0.0178571
10473 0.0178571
8381 0.0178571
4861 0.0178571
1441 0.0178571
737 0.0178571
37335 0.0172414
36295 0.0172414
36007 0.0172414
35351 0.0172414
34435 0.0172414
33885 0.0172414
33143 0.0172414
29336 0.0172414
26566 0.0172414
23964 0.0172414
23007 0.0172414
22546 0.0172414
20721 0.0172414
17635 0.0172414
17470 0.0172414
16301 0.0172414
14543 0.0172414
12835 0.0172414
12823 0.0172414
10994 0.0172414
10779 0.0172414
10618 0.0172414
10237 0.0172414
6281 0.0172414
2612 0.0172414
843 0.0172414
819 0.0172414
40094 0.0128205
39732 0.0128205
39640 0.0128205
39627 0.0128205
39536 0.0128205
39383 0.0128205
39085 0.0128205
38969 0.0128205
37462 0.0128205
37064 0.0128205
37027 0.0128205
36725 0.0128205
36217 0.0128205
35346 0.0128205
34537 0.0128205
34438 0.0128205
29410 0.0128205
29304 0.0128205
28928 0.0128205
28814 0.0128205
28500 0.0128205
25507 0.0128205
25202 0.0128205
24457 0.0128205
24239 0.0128205
23439 0.0128205
23120 0.0128205
23110 0.0128205
23003 0.0128205
22711 0.0128205
21776 0.0128205
17154 0.0128205
17035 0.0128205
15869 0.0128205
15665 0.0128205
13819 0.0128205
13654 0.0128205
13370 0.0128205
13361 0.0128205
11715 0.0128205
11591 0.0128205
10831 0.0128205
10234 0.0128205
9287 0.0128205
6792 0.0128205
5176 0.0128205
4412 0.0128205
4306 0.0128205
3832 0.0128205
2869 0.0128205
2484 0.0128205
2029 0.0128205
1799 0.0128205
1218 0.0128205
1098 0.0128205
938 0.0128205
40980 0
40979 0
40978 0
40977 0
40976 0
40975 0
40974 0
40973 0
40972 0
40971 0
40970 0
40969 0
40968 0
40967 0
40966 0
40965 0
40964 0
40963 0
40962 0
40961 0
40960 0
40959 0
40958 0
40957 0
40956 0
40955 0
40954 0
40953 0
40952 0
40951 0
40950 0
40949 0
40948 0
40947 0
40946 0
40945 0
40944 0
40943 0
40942 0
40941 0
40940 0
40939 0
40938 0
40937 0
40936 0
40935 0
40934 0
40933 0
40932 0
40931 0
40930 0
40929 0
40928 0
40927 0
40926 0
40925 0
40924 0
40923 0
40922 0
40921 0
40920 0
40919 0
40918 0
40917 0
40916 0
40915 0
40914 0
40913 0
40912 0
40911 0
40910 0
40909 0
40908 0
40907 0
40906 0
40905 0
40904 0
40903 0
40902 0
40901 0
40900 0
40899 0
40898 0
40897 0
40896 0
40895 0
40894 0
40893 0
40892 0
40891 0
40890 0
40889 0
40888 0
40887 0
40886 0
40885 0
40884 0
40883 0
40882 0
40881 0
40880 0
40879 0
40878 0
40877 0
40876 0
40875 0
40874 0
40873 0
40872 0
40871 0
40870 0
40869 0
40868 0
40867 0
40866 0
40865 0
40864 0
40863 0
40862 0
40861 0
40860 0
40859 0
40858 0
40857 0
40856 0
40855 0
40854 0
40853 0
40852 0
40851 0
40850 0
40849 0
40848 0
40847 0
40846 0
40845 0
40844 0
40843 0
40842 0
40841 0
40840 0
40839 0
40838 0
40837 0
40836 0
40835 0
40834 0
40833 0
40832 0
40831 0
40830 0
40829 0
40828 0
40827 0
40826 0
40825 0
40824 0
40823 0
40822 0
40821 0
40820 0
40819 0
40818 0
40817 0
40816 0
40815 0
40814 0
40813 0
40812 0
40811 0
40810 0
40809 0
40808 0
40807 0
40806 0
40805 0
40804 0
40803 0
40802 0
40801 0
40800 0
40799 0
40798 0
40797 0
40796 0
40795 0
40794 0
40793 0
40792 0
40791 0
40790 0
40789 0
40788 0
40787 0
40786 0
40785 0
40784 0
40783 0
40782 0
40781 0
40780 0
40779 0
40777 0
40776 0
40775 0
40774 0
40773 0
40772 0
40771 0
40770 0
