1975 5.81597
36474 3.0784
4817 2.62887
39931 1.71445
40674 1.38437
1781 1.28902
5954 1.25231
38172 1.16397
30478 1.07812
8210 0.923426
7890 0.905267
9793 0.828727
724 0.816868
22844 0.75
8261 0.730401
15922 0.689349
27799 0.661788
2885 0.661788
5458 0.629585
15270 0.624242
8672 0.611111
13431 0.607724
11940 0.574296
12412 0.571412
30054 0.553563
37646 0.550366
21810 0.545882
19141 0.545882
19032 0.502632
36369 0.5
21083 0.5
10798 0.459369
16807 0.457874
21423 0.440476
7441 0.437041
10006 0.426965
35925 0.4204
14814 0.398012
23855 0.391667
34513 0.385714
25552 0.374941
21320 0.374941
33921 0.371429
32919 0.371429
4277 0.354167
40412 0.345833
13372 0.336364
18866 0.335747
36701 0.333333
31259 0.333333
26659 0.333333
25175 0.333333
21840 0.333333
5792 0.333333
19566 0.318711
32467 0.317398
20494 0.3171
29400 0.31655
28497 0.314678
16512 0.314678
35287 0.306638
25865 0.306638
25442 0.282362
34990 0.273893
24431 0.27197
22172 0.267218
25343 0.264454
443 0.264454
14261 0.262575
29428 0.253989
22790 0.250906
39921 0.25
37837 0.25
32857 0.25
30042 0.25
20558 0.25
34004 0.245897
39144 0.245053
22326 0.22641
25183 0.226313
20119 0.226313
13157 0.217232
9267 0.217232
30793 0.217033
22711 0.217033
7937 0.217033
29601 0.208094
38510 0.204185
40114 0.2
34768 0.2
34322 0.2
31134 0.2
27571 0.2
26262 0.2
23474 0.2
10923 0.2
10084 0.2
7282 0.2
1493 0.2
40048 0.187585
36096 0.187585
32898 0.187585
6714 0.187585
38536 0.181414
14933 0.179876
35840 0.179397
385 0.17803
28952 0.172987
11202 0.172582
3969 0.171474
10444 0.166971
30785 0.166667
30722 0.166667
24331 0.166667
22657 0.166667
14718 0.166003
8438 0.166003
10604 0.162005
2686 0.162005
3959 0.161283
8058 0.160805
8806 0.15686
22294 0.155343
36854 0.155267
17312 0.145181
30885 0.142857
27742 0.142857
26106 0.142857
20604 0.142857
2519 0.142857
529 0.142857
21102 0.141518
31301 0.133168
12397 0.12679
38700 0.126657
38689 0.126657
7654 0.126657
20683 0.125
15714 0.125
35063 0.122802
7059 0.122802
233 0.122802
28679 0.122307
22972 0.115274
33549 0.114161
23789 0.114161
8501 0.114161
35467 0.112453
34916 0.112453
25441 0.111111
22886 0.111111
25983 0.108855
10547 0.108855
40505 0.103241
10263 0.100343
39789 0.1
28908 0.1
18305 0.1
36332 0.0971634
25534 0.0971634
11447 0.0971634
26860 0.0954931
25589 0.0954931
20575 0.0954931
38148 0.0909091
32013 0.0909091
20007 0.0909091
11055 0.0909091
8883 0.0909091
4826 0.0909091
1132 0.0909091
29670 0.0836316
17002 0.0836316
9375 0.0836316
36191 0.0833333
28322 0.0833333
28315 0.0833333
21923 0.0833333
12972 0.0833333
25473 0.0823783
38019 0.0775856
568 0.0775856
40151 0.0769231
39951 0.0769231
33263 0.0769231
32846 0.0769231
31084 0.0769231
29833 0.0769231
24162 0.0769231
21533 0.0769231
15772 0.0769231
14376 0.0769231
14773 0.0767417
39988 0.0739309
32444 0.0739309
6341 0.0739309
17634 0.0714286
27460 0.0708874
33887 0.0666667
10813 0.0666667
9297 0.0666667
40773 0.0625
40220 0.0625
36337 0.0625
30773 0.0625
21909 0.0625
36239 0.0588235
34896 0.0588235
26943 0.0588235
23898 0.0588235
23069 0.0588235
22405 0.0588235
21259 0.0588235
19776 0.0588235
19057 0.0588235
16505 0.0588235
14916 0.0588235
12569 0.0588235
7536 0.0588235
15654 0.0581846
25525 0.0581163
16212 0.0581163
13543 0.0581163
6983 0.0581163
35045 0.0555633
32885 0.0555633
26097 0.0555633
11508 0.0555633
7319 0.0555633
39120 0.0551859
32645 0.0551859
19960 0.0551859
18790 0.0551859
14988 0.0551859
6323 0.0551859
30791 0.0526316
30201 0.0526316
24825 0.0526316
20876 0.0526316
18328 0.0526316
13043 0.0526316
4075 0.0526316
2647 0.0526316
17636 0.047619
39991 0.0454545
37029 0.0454545
31017 0.0454545
16814 0.0454545
12154 0.0454545
11357 0.0454545
9539 0.0454545
8979 0.0454545
34182 0.0416667
28111 0.0416667
22059 0.0416667
18640 0.0416667
11873 0.0416667
9122 0.0416667
9113 0.0416667
27043 0.04
23929 0.04
17303 0.04
11165 0.04
10567 0.04
40891 0.0384615
26702 0.0384615
11853 0.0384615
37006 0.0344828
25421 0.0344828
16290 0.0344828
15240 0.0344828
2800 0.0344828
13770 0.03125
13031 0.03125
35990 0.030303
32595 0.030303
28580 0.030303
27893 0.030303
23346 0.030303
22121 0.030303
11079 0.030303
5979 0.030303
2926 0.030303
37739 0.0285714
19402 0.0285714
15236 0.0285714
38703 0.025641
37901 0.025641
34296 0.025641
24833 0.025641
22217 0.025641
19575 0.025641
14634 0.025641
8960 0.025641
1363 0.025641
40653 0.0243902
37890 0.0243902
32775 0.0243902
30013 0.0243902
29333 0.0243902
28603 0.0243902
27807 0.0243902
23975 0.0243902
23006 0.0243902
22998 0.0243902
22012 0.0243902
16661 0.0243902
16091 0.0243902
14478 0.0243902
10450 0.0243902
7385 0.0243902
5011 0.0243902
3936 0.0243902
730 0.0243902
39962 0.0224626
39791 0.0224626
38141 0.0224626
35641 0.0224626
35346 0.0224626
34664 0.0224626
32620 0.0224626
31768 0.0224626
30422 0.0224626
29473 0.0224626
29077 0.0224626
26057 0.0224626
24366 0.0224626
24239 0.0224626
18119 0.0224626
16285 0.0224626
16238 0.0224626
16047 0.0224626
14234 0.0224626
12511 0.0224626
12205 0.0224626
6359 0.0224626
2155 0.0224626
1500 0.0224626
556 0.0224626
36608 0.0217391
34648 0.0217391
27886 0.0217391
25472 0.0217391
18621 0.0217391
17364 0.0217391
12800 0.0217391
10523 0.0217391
10073 0.0217391
7358 0.0217391
6936 0.0217391
817 0.0217391
35905 0.00943396
35734 0.00943396
35317 0.00943396
33041 0.00943396
32163 0.00943396
30676 0.00943396
29540 0.00943396
26484 0.00943396
26137 0.00943396
25747 0.00943396
23786 0.00943396
23743 0.00943396
23034 0.00943396
22184 0.00943396
19592 0.00943396
17521 0.00943396
17401 0.00943396
17154 0.00943396
16744 0.00943396
13140 0.00943396
13045 0.00943396
12911 0.00943396
11651 0.00943396
11197 0.00943396
11080 0.00943396
10622 0.00943396
9607 0.00943396
9548 0.00943396
7670 0.00943396
1659 0.00943396
1610 0.00943396
447 0.00943396
110 0.00943396
40061 0.00787402
39127 0.00787402
37796 0.00787402
36946 0.00787402
33449 0.00787402
33228 0.00787402
32914 0.00787402
31263 0.00787402
29285 0.00787402
26914 0.00787402
26554 0.00787402
26419 0.00787402
25169 0.00787402
24222 0.00787402
24014 0.00787402
22973 0.00787402
21681 0.00787402
19222 0.00787402
19152 0.00787402
18663 0.00787402
17589 0.00787402
17484 0.00787402
17457 0.00787402
16862 0.00787402
15555 0.00787402
15074 0.00787402
13467 0.00787402
13377 0.00787402
13059 0.00787402
10912 0.00787402
9517 0.00787402
9038 0.00787402
5736 0.00787402
5595 0.00787402
4923 0.00787402
3770 0.00787402
2889 0.00787402
2600 0.00787402
1054 0.00787402
182 0.00787402
40089 0.00515464
38952 0.00515464
38769 0.00515464
38532 0.00515464
38162 0.00515464
38010 0.00515464
37729 0.00515464
37672 0.00515464
37233 0.00515464
36968 0.00515464
36952 0.00515464
36528 0.00515464
36313 0.00515464
35803 0.00515464
35439 0.00515464
35424 0.00515464
35185 0.00515464
35082 0.00515464
34156 0.00515464
33607 0.00515464
33545 0.00515464
32809 0.00515464
32768 0.00515464
32243 0.00515464
31711 0.00515464
31537 0.00515464
31184 0.00515464
30543 0.00515464
29858 0.00515464
29464 0.00515464
28605 0.00515464
28598 0.00515464
28575 0.00515464
28457 0.00515464
28424 0.00515464
27900 0.00515464
27127 0.00515464
26971 0.00515464
26562 0.00515464
26195 0.00515464
26084 0.00515464
23439 0.00515464
23322 0.00515464
23054 0.00515464
23053 0.00515464
22623 0.00515464
22239 0.00515464
21978 0.00515464
21757 0.00515464
21566 0.00515464
21389 0.00515464
20287 0.00515464
19973 0.00515464
19624 0.00515464
18421 0.00515464
18392 0.00515464
18368 0.00515464
18282 0.00515464
17739 0.00515464
17514 0.00515464
16947 0.00515464
16743 0.00515464
16324 0.00515464
16233 0.00515464
16101 0.00515464
15435 0.00515464
15416 0.00515464
15002 0.00515464
14399 0.00515464
13563 0.00515464
13362 0.00515464
12090 0.00515464
11626 0.00515464
10384 0.00515464
10218 0.00515464
10146 0.00515464
