17559 2.51518
15640 1.72302
15725 1.27613
33132 1.17225
17504 0.937637
3239 0.73731
36888 0.719841
704 0.703608
2075 0.613431
3392 0.572316
22811 0.536409
3506 0.52381
18328 0.491667
31231 0.46978
27882 0.454458
38866 0.442857
2089 0.414286
5023 0.392361
14950 0.35119
16562 0.333333
8453 0.333333
18355 0.322222
17242 0.322222
9576 0.322222
2344 0.301587
16837 0.296825
39284 0.292851
5068 0.292851
495 0.291363
39233 0.291005
12450 0.291005
16455 0.28254
18745 0.271825
28500 0.25
5468 0.25
20804 0.241567
4391 0.239752
19711 0.22583
31155 0.210317
18042 0.210317
7058 0.20049
24413 0.2
21341 0.2
11875 0.2
2868 0.2
6098 0.199145
39696 0.18125
13710 0.170635
8164 0.149937
7823 0.146164
40904 0.142857
22169 0.142857
3456 0.142857
25079 0.125
15309 0.125
13879 0.125
35986 0.119935
32733 0.119935
31775 0.119935
24190 0.119935
6185 0.119935
39440 0.111111
35073 0.111111
30842 0.111111
30594 0.111111
23903 0.111111
17017 0.111111
13278 0.111111
10195 0.111111
9188 0.111111
6084 0.111111
2708 0.111111
40881 0.0909091
29738 0.0840278
26910 0.0840278
16929 0.0840278
15368 0.0840278
33338 0.0801587
14147 0.0801587
9843 0.0801587
7110 0.0801587
4010 0.0801587
35329 0.0787037
31892 0.0787037
24508 0.0787037
12778 0.0787037
3014 0.0787037
32719 0.0769231
24948 0.0769231
2970 0.0769231
14785 0.0759259
2269 0.0759259
36807 0.0714286
30899 0.0714286
24471 0.0714286
16742 0.0714286
11487 0.0714286
1899 0.0714286
34906 0.0588235
24426 0.0588235
27047 0.0575397
24169 0.0575397
21106 0.0575397
8586 0.0575397
5611 0.0575397
4607 0.0575397
39798 0.05
32853 0.05
22788 0.05
10415 0.05
9869 0.05
26597 0.0416667
24378 0.0416667
20291 0.0416667
19103 0.0416667
4795 0.0416667
33786 0.037037
28830 0.037037
28308 0.037037
25604 0.037037
20027 0.037037
18916 0.037037
15527 0.037037
9195 0.037037
8753 0.037037
7123 0.037037
6883 0.037037
39814 0.03125
39538 0.03125
36887 0.03125
32438 0.03125
31647 0.03125
31559 0.03125
17418 0.03125
14505 0.03125
14450 0.03125
12332 0.03125
11703 0.03125
7444 0.03125
2382 0.03125
1766 0.03125
37315 0.0285714
36424 0.0285714
35991 0.0285714
30988 0.0285714
30905 0.0285714
30375 0.0285714
29980 0.0285714
29127 0.0285714
28162 0.0285714
17218 0.0285714
14050 0.0285714
13244 0.0285714
10071 0.0285714
9814 0.0285714
9441 0.0285714
9021 0.0285714
8536 0.0285714
1302 0.0285714
39117 0.0277778
35322 0.0277778
33669 0.0277778
32700 0.0277778
30503 0.0277778
28400 0.0277778
27362 0.0277778
25964 0.0277778
25326 0.0277778
24141 0.0277778
23902 0.0277778
22748 0.0277778
15003 0.0277778
11552 0.0277778
10733 0.0277778
9167 0.0277778
3640 0.0277778
39655 0.0238095
39067 0.0238095
38961 0.0238095
38894 0.0238095
38313 0.0238095
38308 0.0238095
35800 0.0238095
30498 0.0238095
28909 0.0238095
25403 0.0238095
24496 0.0238095
23791 0.0238095
23666 0.0238095
22865 0.0238095
22793 0.0238095
21715 0.0238095
20482 0.0238095
13253 0.0238095
12871 0.0238095
12027 0.0238095
11084 0.0238095
10145 0.0238095
417 0.0238095
172 0.0238095
146 0.0238095
39758 0.0178571
38652 0.0178571
38472 0.0178571
36633 0.0178571
35819 0.0178571
34738 0.0178571
33925 0.0178571
33871 0.0178571
30524 0.0178571
22357 0.0178571
22330 0.0178571
22329 0.0178571
20766 0.0178571
19930 0.0178571
19275 0.0178571
19051 0.0178571
18313 0.0178571
18078 0.0178571
16722 0.0178571
16627 0.0178571
13558 0.0178571
12737 0.0178571
9877 0.0178571
8920 0.0178571
8450 0.0178571
8424 0.0178571
8049 0.0178571
7797 0.0178571
7682 0.0178571
7134 0.0178571
6869 0.0178571
6073 0.0178571
5341 0.0178571
4755 0.0178571
3792 0.0178571
2771 0.0178571
1713 0.0178571
39810 0.0111111
39450 0.0111111
37564 0.0111111
36155 0.0111111
35477 0.0111111
35443 0.0111111
34343 0.0111111
34088 0.0111111
32312 0.0111111
29905 0.0111111
29344 0.0111111
27625 0.0111111
27402 0.0111111
26542 0.0111111
25963 0.0111111
25870 0.0111111
25357 0.0111111
24827 0.0111111
24446 0.0111111
23889 0.0111111
22909 0.0111111
22433 0.0111111
22366 0.0111111
19735 0.0111111
19226 0.0111111
17009 0.0111111
16916 0.0111111
16856 0.0111111
16435 0.0111111
15668 0.0111111
13181 0.0111111
12312 0.0111111
10231 0.0111111
10031 0.0111111
9719 0.0111111
9705 0.0111111
9318 0.0111111
8792 0.0111111
8360 0.0111111
7934 0.0111111
7485 0.0111111
7115 0.0111111
6737 0.0111111
5133 0.0111111
4706 0.0111111
3926 0.0111111
3582 0.0111111
3340 0.0111111
1520 0.0111111
1511 0.0111111
942 0.0111111
437 0.0111111
323 0.0111111
40980 0
40979 0
40978 0
40977 0
40976 0
40975 0
40974 0
40973 0
40972 0
40971 0
40970 0
40969 0
40968 0
40967 0
40966 0
40965 0
40964 0
40963 0
40962 0
40961 0
40960 0
40959 0
40958 0
40957 0
40956 0
40955 0
40954 0
40953 0
40952 0
40951 0
40950 0
40949 0
40948 0
40947 0
40946 0
40945 0
40944 0
40943 0
40942 0
40941 0
40940 0
40939 0
40938 0
40937 0
40936 0
40935 0
40934 0
40933 0
40932 0
40931 0
40930 0
40929 0
40928 0
40927 0
40926 0
40925 0
40924 0
40923 0
40922 0
40921 0
40920 0
40919 0
40918 0
40917 0
40916 0
40915 0
40914 0
40913 0
40912 0
40911 0
40910 0
40909 0
40908 0
40907 0
40906 0
40905 0
40903 0
40902 0
40901 0
40900 0
40899 0
40898 0
40897 0
40896 0
40895 0
40894 0
40893 0
40892 0
40891 0
40890 0
40889 0
40888 0
40887 0
40886 0
40885 0
40884 0
40883 0
40882 0
40880 0
40879 0
40878 0
40877 0
40876 0
40875 0
40874 0
40873 0
40872 0
40871 0
40870 0
40869 0
40868 0
40867 0
40866 0
40865 0
40864 0
40863 0
40862 0
40861 0
40860 0
40859 0
40858 0
40857 0
40856 0
40855 0
40854 0
40853 0
40852 0
40851 0
40850 0
40849 0
40848 0
40847 0
40846 0
40845 0
40844 0
40843 0
40842 0
40841 0
40840 0
40839 0
40838 0
40837 0
40836 0
40835 0
40834 0
40833 0
40832 0
40831 0
40830 0
40829 0
40828 0
40827 0
40826 0
40825 0
40824 0
40823 0
40822 0
40821 0
40820 0
40819 0
40818 0
40817 0
40816 0
40815 0
40814 0
40813 0
40812 0
40811 0
40810 0
40809 0
40808 0
40807 0
40806 0
40805 0
40804 0
40803 0
40802 0
40801 0
40800 0
40799 0
40798 0
40797 0
40796 0
40795 0
40794 0
40793 0
40792 0
40791 0
40790 0
40789 0
40788 0
40787 0
40786 0
40785 0
40784 0
40783 0
40782 0
40781 0
40780 0
40779 0
40778 0
40777 0
40776 0
40775 0
40774 0
40773 0
40772 0
40771 0
40770 0
