33261 1.49244
8434 1.35721
9809 1.2625
20118 1.08504
21239 1.06802
7650 1.06802
17944 1.02845
27813 0.87032
19530 0.836683
13590 0.814817
30029 0.795813
30033 0.69714
29947 0.670836
28911 0.665146
21458 0.659588
7627 0.587249
5260 0.587249
18312 0.519742
21555 0.487115
7349 0.467703
39044 0.462308
34117 0.459719
9042 0.415511
6295 0.415511
23650 0.414121
3205 0.414121
29696 0.408105
37258 0.399801
27150 0.39597
26362 0.38266
15269 0.38266
7078 0.351844
31064 0.328439
30889 0.325392
40392 0.320652
28048 0.320652
16733 0.300678
10336 0.292305
19160 0.291452
15546 0.287931
25493 0.287307
39759 0.263793
25841 0.263793
37660 0.258832
35807 0.258832
32495 0.258832
25758 0.258832
39470 0.258677
19252 0.248346
21155 0.219013
70 0.219013
38401 0.188161
28895 0.183891
24636 0.182765
9356 0.182765
6521 0.182765
5657 0.182765
11963 0.182665
11598 0.17208
1063 0.165657
16637 0.161494
4237 0.150659
32404 0.147728
28365 0.147728
23958 0.147728
6188 0.147728
3069 0.147728
36983 0.144345
35233 0.138981
20793 0.138981
17832 0.138981
17518 0.138981
16877 0.138981
16174 0.138981
3359 0.138981
2109 0.138981
17508 0.137401
1233 0.126751
16138 0.124715
25145 0.122511
1381 0.122511
1537 0.118642
13222 0.104714
9956 0.104714
20189 0.0962884
12862 0.0962884
10429 0.0962884
30069 0.0936205
26330 0.0936205
12244 0.0928188
1309 0.0928188
23815 0.0912688
17823 0.0912688
29927 0.089144
3159 0.0873042
37753 0.0853168
18657 0.0853168
4603 0.0853168
1350 0.0702998
32679 0.0625
11605 0.0625
37481 0.0623602
37239 0.0623602
31590 0.0623602
29180 0.0623602
29089 0.0623602
28548 0.0623602
26221 0.0623602
19599 0.0623602
15447 0.0623602
13320 0.0623602
11538 0.0623602
10801 0.0623602
6999 0.0623602
4741 0.0623602
4357 0.0623602
25239 0.0569028
15682 0.0569028
5031 0.0569028
20261 0.0556402
20423 0.0555556
16556 0.0555556
6328 0.0555556
26823 0.0516771
18211 0.0516771
10681 0.0502455
8590 0.0502455
26801 0.0492553
26496 0.0492553
17059 0.0492553
131 0.0492553
37763 0.0483969
13152 0.0483969
9522 0.0483969
40634 0.0478835
34842 0.0478835
3533 0.0478835
3174 0.0478835
903 0.0478835
20820 0.0469737
297 0.0469737
35973 0.0454545
40857 0.0448756
30421 0.0448756
13144 0.0448756
4685 0.0448756
1481 0.0448756
30311 0.0434783
3373 0.0434783
38481 0.0331469
23768 0.0331469
29779 0.0317536
27088 0.0317536
23371 0.0317536
15333 0.0317536
32227 0.0302909
21671 0.0302909
21522 0.0302909
20741 0.0302909
20131 0.0302909
19136 0.0302909
17991 0.0302909
10214 0.0302909
899 0.0302909
648 0.0302909
36497 0.029529
25818 0.029529
25621 0.029529
20514 0.029529
19454 0.029529
16993 0.029529
10121 0.029529
9627 0.029529
8728 0.029529
1762 0.029529
1665 0.029529
951 0.029529
11716 0.0208333
38213 0.0196078
32649 0.0196078
12912 0.0196078
22332 0.0192308
40949 0.0169492
39241 0.0169492
16475 0.0169492
2224 0.0169492
31109 0.0114943
16709 0.0114943
16382 0.0114943
14019 0.0114943
11395 0.0114943
40117 0.011236
39816 0.011236
37045 0.011236
17111 0.011236
7956 0.011236
3810 0.011236
2021 0.011236
39088 0.0104167
37144 0.0104167
35302 0.0104167
32910 0.0104167
30560 0.0104167
29017 0.0104167
28362 0.0104167
26434 0.0104167
24768 0.0104167
9863 0.0104167
5581 0.0104167
4661 0.0104167
3087 0.0104167
835 0.0104167
31408 0.010101
20499 0.010101
10687 0.010101
4193 0.010101
2506 0.010101
37539 0.00869565
35890 0.00869565
25674 0.00869565
20244 0.00869565
18696 0.00869565
15914 0.00869565
14675 0.00869565
11160 0.00869565
40980 0
40979 0
40978 0
40977 0
40976 0
40975 0
40974 0
40973 0
40972 0
40971 0
40970 0
40969 0
40968 0
40967 0
40966 0
40965 0
40964 0
40963 0
40962 0
40961 0
40960 0
40959 0
40958 0
40957 0
40956 0
40955 0
40954 0
40953 0
40952 0
40951 0
40950 0
40948 0
40947 0
40946 0
40945 0
40944 0
40943 0
40942 0
40941 0
40940 0
40939 0
40938 0
40937 0
40936 0
40935 0
40934 0
40933 0
40932 0
40931 0
40930 0
40929 0
40928 0
40927 0
40926 0
40925 0
40924 0
40923 0
40922 0
40921 0
40920 0
40919 0
40918 0
40917 0
40916 0
40915 0
40914 0
40913 0
40912 0
40911 0
40910 0
40909 0
40908 0
40907 0
40906 0
40905 0
40904 0
40903 0
40902 0
40901 0
40900 0
40899 0
40898 0
40897 0
40896 0
40895 0
40894 0
40893 0
40892 0
40891 0
40890 0
40889 0
40888 0
40887 0
40886 0
40885 0
40884 0
40883 0
40882 0
40881 0
40880 0
40879 0
40878 0
40877 0
40876 0
40875 0
40874 0
40873 0
40872 0
40871 0
40870 0
40869 0
40868 0
40867 0
40866 0
40865 0
40864 0
40863 0
40862 0
40861 0
40860 0
40859 0
40858 0
40856 0
40855 0
40854 0
40853 0
40852 0
40851 0
40850 0
40849 0
40848 0
40847 0
40846 0
40845 0
40844 0
40843 0
40842 0
40841 0
40840 0
40839 0
40838 0
40837 0
40836 0
40835 0
40834 0
40833 0
40832 0
40831 0
40830 0
40829 0
40828 0
40827 0
40826 0
40825 0
40824 0
40823 0
40822 0
40821 0
40820 0
40819 0
40818 0
40817 0
40816 0
40815 0
40814 0
40813 0
40812 0
40811 0
40810 0
40809 0
40808 0
40807 0
40806 0
40805 0
40804 0
40803 0
40802 0
40801 0
40800 0
40799 0
40798 0
40797 0
40796 0
40795 0
40794 0
40793 0
40792 0
40791 0
40790 0
40789 0
40788 0
40787 0
40786 0
40785 0
40784 0
40783 0
40782 0
40781 0
40780 0
40779 0
40778 0
40777 0
40776 0
40775 0
40774 0
40773 0
40772 0
40771 0
40770 0
40769 0
40768 0
40767 0
40766 0
40765 0
40764 0
40763 0
40762 0
40761 0
40760 0
40759 0
40758 0
40757 0
40756 0
40755 0
40754 0
40753 0
40752 0
40751 0
40750 0
40749 0
40748 0
40747 0
40746 0
40745 0
40744 0
40743 0
40742 0
40741 0
40740 0
40739 0
40738 0
40737 0
40736 0
40735 0
40734 0
40733 0
40732 0
40731 0
40730 0
40729 0
40728 0
40727 0
40726 0
40725 0
40724 0
40723 0
40722 0
40721 0
40720 0
40719 0
40718 0
40717 0
40716 0
40715 0
40714 0
40713 0
40712 0
40711 0
40710 0
40709 0
40708 0
40707 0
40706 0
40705 0
40704 0
