1975 5.91325
26315 1.10877
15236 0.951054
8501 0.887363
6393 0.830221
19566 0.730221
19032 0.7
4075 0.528722
13372 0.498202
3007 0.491667
38172 0.457576
40412 0.431818
14261 0.402632
33449 0.383929
25552 0.383929
7199 0.374863
10146 0.368056
15922 0.351054
7441 0.346465
37760 0.343541
40883 0.333333
25883 0.333333
22594 0.333333
20167 0.333333
30054 0.333197
17636 0.251054
7501 0.251054
38243 0.25
24431 0.25
18950 0.25
9499 0.25
5521 0.25
37711 0.2
34052 0.2
31301 0.2
30791 0.2
30276 0.2
18328 0.2
10100 0.2
2249 0.2
36474 0.190015
40323 0.170534
38888 0.170534
11202 0.170534
40114 0.166667
34768 0.166667
29428 0.166667
25747 0.166667
25442 0.166667
21909 0.166667
20950 0.166667
13680 0.166667
2155 0.166667
24366 0.15403
23053 0.15403
14718 0.15403
13157 0.15403
2654 0.15403
22438 0.142857
14793 0.142857
33565 0.125
33478 0.125
30685 0.125
30210 0.125
25111 0.125
22261 0.125
20357 0.125
8672 0.125
38666 0.116384
38510 0.116384
11654 0.116384
5458 0.116384
30100 0.1
25785 0.1
7895 0.1
36337 0.0909091
35840 0.0909091
32013 0.0909091
30773 0.0909091
26484 0.0909091
25175 0.0909091
20706 0.0909091
11237 0.0909091
10798 0.0909091
8261 0.0909091
8225 0.0909091
3959 0.0909091
5939 0.0833333
5061 0.0833333
30201 0.0714286
25002 0.0714286
16101 0.0714286
13031 0.0714286
8438 0.0714286
21266 0.0625
18465 0.0625
5000 0.0625
34916 0.0555556
26830 0.0555556
20313 0.0555556
8058 0.0555556
7645 0.0555556
1734 0.0555556
724 0.0555556
32790 0.0526316
28730 0.0526316
27074 0.0526316
24330 0.0526316
19498 0.0526316
12148 0.0526316
7251 0.0526316
3936 0.0526316
39962 0.00819672
39791 0.00819672
39635 0.00819672
38766 0.00819672
38700 0.00819672
38141 0.00819672
37729 0.00819672
36968 0.00819672
36952 0.00819672
36946 0.00819672
36528 0.00819672
36096 0.00819672
35346 0.00819672
35342 0.00819672
35267 0.00819672
35185 0.00819672
34415 0.00819672
34166 0.00819672
34156 0.00819672
32620 0.00819672
32243 0.00819672
30793 0.00819672
30250 0.00819672
29464 0.00819672
29333 0.00819672
29227 0.00819672
29077 0.00819672
28679 0.00819672
27799 0.00819672
26164 0.00819672
26084 0.00819672
26057 0.00819672
25506 0.00819672
25484 0.00819672
25169 0.00819672
24921 0.00819672
24239 0.00819672
23645 0.00819672
23439 0.00819672
23432 0.00819672
23006 0.00819672
22711 0.00819672
22405 0.00819672
21978 0.00819672
21814 0.00819672
21810 0.00819672
21757 0.00819672
21309 0.00819672
20876 0.00819672
19426 0.00819672
19402 0.00819672
19141 0.00819672
18790 0.00819672
18456 0.00819672
18392 0.00819672
18174 0.00819672
18145 0.00819672
17855 0.00819672
17730 0.00819672
17484 0.00819672
16512 0.00819672
16285 0.00819672
16091 0.00819672
16047 0.00819672
15654 0.00819672
15606 0.00819672
14988 0.00819672
14916 0.00819672
13543 0.00819672
13377 0.00819672
11178 0.00819672
10006 0.00819672
9780 0.00819672
9024 0.00819672
8652 0.00819672
8264 0.00819672
7314 0.00819672
6983 0.00819672
6404 0.00819672
6359 0.00819672
6336 0.00819672
5937 0.00819672
5594 0.00819672
5356 0.00819672
4923 0.00819672
3713 0.00819672
3375 0.00819672
2895 0.00819672
2889 0.00819672
2885 0.00819672
2869 0.00819672
2374 0.00819672
938 0.00819672
556 0.00819672
233 0.00819672
40980 0
40979 0
40978 0
40977 0
40976 0
40975 0
40974 0
40973 0
40972 0
40971 0
40970 0
40969 0
40968 0
40967 0
40966 0
40965 0
40964 0
40963 0
40962 0
40961 0
40960 0
40959 0
40958 0
40957 0
40956 0
40955 0
40954 0
40953 0
40952 0
40951 0
40950 0
40949 0
40948 0
40947 0
40946 0
40945 0
40944 0
40943 0
40942 0
40941 0
40940 0
40939 0
40938 0
40937 0
40936 0
40935 0
40934 0
40933 0
40932 0
40931 0
40930 0
40929 0
40928 0
40927 0
40926 0
40925 0
40924 0
40923 0
40922 0
40921 0
40920 0
40919 0
40918 0
40917 0
40916 0
40915 0
40914 0
40913 0
40912 0
40911 0
40910 0
40909 0
40908 0
40907 0
40906 0
40905 0
40904 0
40903 0
40902 0
40901 0
40900 0
40899 0
40898 0
40897 0
40896 0
40895 0
40894 0
40893 0
40892 0
40891 0
40890 0
40889 0
40888 0
40887 0
40886 0
40885 0
40884 0
40882 0
40881 0
40880 0
40879 0
40878 0
40877 0
40876 0
40875 0
40874 0
40873 0
40872 0
40871 0
40870 0
40869 0
40868 0
40867 0
40866 0
40865 0
40864 0
40863 0
40862 0
40861 0
40860 0
40859 0
40858 0
40857 0
40856 0
40855 0
40854 0
40853 0
40852 0
40851 0
40850 0
40849 0
40848 0
40847 0
40846 0
40845 0
40844 0
40843 0
40842 0
40841 0
40840 0
40839 0
40838 0
40837 0
40836 0
40835 0
40834 0
40833 0
40832 0
40831 0
40830 0
40829 0
40828 0
40827 0
40826 0
40825 0
40824 0
40823 0
40822 0
40821 0
40820 0
40819 0
40818 0
40817 0
40816 0
40815 0
40814 0
40813 0
40812 0
40811 0
40810 0
40809 0
40808 0
40807 0
40806 0
40805 0
40804 0
40803 0
40802 0
40801 0
40800 0
40799 0
40798 0
40797 0
40796 0
40795 0
40794 0
40793 0
40792 0
40791 0
40790 0
40789 0
40788 0
40787 0
40786 0
40785 0
40784 0
40783 0
40782 0
40781 0
40780 0
40779 0
40778 0
40777 0
40776 0
40775 0
40774 0
40773 0
40772 0
40771 0
40770 0
40769 0
40768 0
40767 0
40766 0
40765 0
40764 0
40763 0
40762 0
40761 0
40760 0
40759 0
40758 0
40757 0
40756 0
40755 0
40754 0
40753 0
40752 0
40751 0
40750 0
40749 0
40748 0
40747 0
40746 0
40745 0
40744 0
40743 0
40742 0
40741 0
40740 0
40739 0
40738 0
40737 0
40736 0
40735 0
40734 0
40733 0
40732 0
40731 0
40730 0
40729 0
40728 0
40727 0
40726 0
40725 0
40724 0
40723 0
40722 0
40721 0
40720 0
40719 0
40718 0
40717 0
40716 0
40715 0
40714 0
40713 0
40712 0
40711 0
40710 0
40709 0
40708 0
40707 0
40706 0
40705 0
40704 0
40703 0
40702 0
40701 0
40700 0
40699 0
40698 0
40697 0
40696 0
40695 0
40694 0
40693 0
40692 0
40691 0
40690 0
40689 0
40688 0
40687 0
