8672 16.3043
34946 4.30841
23615 4.1072
27197 3.0442
4520 2.36864
32996 2.24023
6970 2.2278
8773 1.81887
33829 1.61834
36010 1.41562
553 1.33923
27804 1.32663
2538 1.26136
6530 1.06711
13040 1.03813
20926 1.01944
16524 0.916667
28724 0.911111
10923 0.813095
22508 0.798266
8928 0.783333
32311 0.769661
25512 0.76196
19032 0.714286
37910 0.703822
3782 0.702778
32056 0.671361
34665 0.648982
9695 0.616667
9442 0.616667
6612 0.59906
36917 0.581203
23567 0.563786
9371 0.558073
8373 0.541322
32353 0.536096
28510 0.525439
14713 0.525439
971 0.517857
25946 0.5
24039 0.496543
3833 0.496543
4878 0.496325
20873 0.488095
16652 0.458333
34301 0.451681
11142 0.416667
25174 0.415243
21481 0.415243
16397 0.395455
22411 0.33746
35631 0.321387
39850 0.319444
19001 0.302632
18034 0.302632
9665 0.291667
18335 0.277632
36542 0.269884
4345 0.267677
33757 0.25
11391 0.25
22611 0.231679
17069 0.231679
11194 0.227994
1949 0.210317
38203 0.2
25584 0.2
19926 0.2
17519 0.2
36267 0.192157
2911 0.17619
39359 0.166667
35940 0.166667
29430 0.166667
23064 0.166667
22856 0.166667
18011 0.166667
13368 0.166667
12792 0.166667
10096 0.166667
4931 0.166667
32857 0.157895
18292 0.148351
39684 0.142857
38002 0.142857
31191 0.142857
28169 0.142857
20224 0.142857
18352 0.142857
10623 0.142857
7980 0.142857
6897 0.142857
6072 0.142857
4205 0.142857
32543 0.139233
4151 0.139233
15595 0.131419
38998 0.125
33310 0.125
11073 0.125
5026 0.125
3185 0.125
22963 0.121325
22699 0.121325
27031 0.118687
35696 0.111111
33877 0.111111
27112 0.111111
25626 0.111111
20280 0.111111
11862 0.111111
8124 0.111111
40678 0.1
38902 0.1
34406 0.1
34299 0.1
18501 0.1
2860 0.1
37923 0.0909091
39287 0.0881381
24480 0.0881381
39848 0.0833333
37835 0.0833333
32814 0.0833333
31915 0.0833333
28119 0.0833333
19866 0.0833333
17231 0.0833333
16781 0.0833333
6374 0.0833333
5245 0.0833333
4247 0.0833333
1982 0.0833333
1684 0.0833333
28089 0.0714286
26785 0.0714286
15400 0.0714286
15019 0.0714286
8117 0.0714286
6663 0.0714286
33704 0.0588235
32575 0.0588235
23156 0.0588235
22235 0.0588235
19579 0.0588235
37097 0.0526316
34694 0.0526316
34633 0.0526316
33977 0.0526316
32711 0.0526316
32648 0.0526316
28148 0.0526316
27846 0.0526316
26272 0.0526316
26220 0.0526316
24815 0.0526316
23373 0.0526316
22690 0.0526316
18307 0.0526316
16967 0.0526316
16702 0.0526316
14440 0.0526316
14277 0.0526316
11978 0.0526316
10330 0.0526316
7729 0.0526316
6176 0.0526316
2857 0.0526316
2430 0.0526316
2246 0.0526316
39916 0.05
36818 0.05
33917 0.05
24594 0.05
9790 0.05
8971 0.05
35338 0.0454545
16196 0.0454545
15492 0.0454545
11349 0.0454545
3109 0.0454545
37227 0.0416667
36035 0.0416667
31509 0.0416667
30996 0.0416667
27422 0.0416667
26779 0.0416667
26273 0.0416667
19839 0.0416667
13775 0.0416667
9497 0.0416667
3106 0.0416667
2647 0.0416667
2158 0.0416667
37754 0.0357143
35530 0.0357143
34729 0.0357143
30633 0.0357143
25926 0.0357143
23186 0.0357143
21199 0.0357143
17894 0.0357143
13162 0.0357143
10702 0.0357143
5220 0.0357143
1763 0.0357143
1747 0.0357143
1668 0.0357143
35590 0.0333333
1775 0.0333333
37699 0.0277778
35237 0.0277778
31421 0.0277778
11190 0.0277778
10521 0.0277778
100 0.0277778
38151 0.027027
33832 0.027027
30874 0.027027
30054 0.027027
19566 0.027027
11677 0.027027
6983 0.027027
1975 0.027027
40980 0
40979 0
40978 0
40977 0
40976 0
40975 0
40974 0
40973 0
40972 0
40971 0
40970 0
40969 0
40968 0
40967 0
40966 0
40965 0
40964 0
40963 0
40962 0
40961 0
40960 0
40959 0
40958 0
40957 0
40956 0
40955 0
40954 0
40953 0
40952 0
40951 0
40950 0
40949 0
40948 0
40947 0
40946 0
40945 0
40944 0
40943 0
40942 0
40941 0
40940 0
40939 0
40938 0
40937 0
40936 0
40935 0
40934 0
40933 0
40932 0
40931 0
40930 0
40929 0
40928 0
40927 0
40926 0
40925 0
40924 0
40923 0
40922 0
40921 0
40920 0
40919 0
40918 0
40917 0
40916 0
40915 0
40914 0
40913 0
40912 0
40911 0
40910 0
40909 0
40908 0
40907 0
40906 0
40905 0
40904 0
40903 0
40902 0
40901 0
40900 0
40899 0
40898 0
40897 0
40896 0
40895 0
40894 0
40893 0
40892 0
40891 0
40890 0
40889 0
40888 0
40887 0
40886 0
40885 0
40884 0
40883 0
40882 0
40881 0
40880 0
40879 0
40878 0
40877 0
40876 0
40875 0
40874 0
40873 0
40872 0
40871 0
40870 0
40869 0
40868 0
40867 0
40866 0
40865 0
40864 0
40863 0
40862 0
40861 0
40860 0
40859 0
40858 0
40857 0
40856 0
40855 0
40854 0
40853 0
40852 0
40851 0
40850 0
40849 0
40848 0
40847 0
40846 0
40845 0
40844 0
40843 0
40842 0
40841 0
40840 0
40839 0
40838 0
40837 0
40836 0
40835 0
40834 0
40833 0
40832 0
40831 0
40830 0
40829 0
40828 0
40827 0
40826 0
40825 0
40824 0
40823 0
40822 0
40821 0
40820 0
40819 0
40818 0
40817 0
40816 0
40815 0
40814 0
40813 0
40812 0
40811 0
40810 0
40809 0
40808 0
40807 0
40806 0
40805 0
40804 0
40803 0
40802 0
40801 0
40800 0
40799 0
40798 0
40797 0
40796 0
40795 0
40794 0
40793 0
40792 0
40791 0
40790 0
40789 0
40788 0
40787 0
40786 0
40785 0
40784 0
40783 0
40782 0
40781 0
40780 0
40779 0
40778 0
40777 0
40776 0
40775 0
40774 0
40773 0
40772 0
40771 0
40770 0
40769 0
40768 0
40767 0
40766 0
40765 0
40764 0
40763 0
40762 0
40761 0
40760 0
40759 0
40758 0
40757 0
40756 0
40755 0
40754 0
40753 0
40752 0
40751 0
40750 0
40749 0
40748 0
40747 0
40746 0
40745 0
40744 0
40743 0
40742 0
40741 0
40740 0
40739 0
40738 0
40737 0
40736 0
40735 0
40734 0
40733 0
40732 0
40731 0
40730 0
40729 0
40728 0
40727 0
40726 0
40725 0
40724 0
40723 0
40722 0
40721 0
40720 0
40719 0
40718 0
40717 0
40716 0
40715 0
40714 0
40713 0
40712 0
40711 0
40710 0
40709 0
40708 0
40707 0
40706 0
40705 0
