5079 7.81892
31301 3.25668
35354 1.82282
32763 1.43666
37711 1.36212
5693 0.673828
23843 0.55765
8672 0.495455
5788 0.429894
24239 0.337195
18328 0.333333
3749 0.259259
37048 0.25
9978 0.25
8563 0.25
3936 0.25
738 0.25
38739 0.242394
29407 0.242394
799 0.224542
584 0.209656
40883 0.2
34768 0.2
31920 0.2
31329 0.2
27595 0.2
23724 0.2
15603 0.2
7296 0.2
38097 0.166667
25016 0.166667
1341 0.166667
186 0.160839
22726 0.142857
11216 0.142857
4584 0.142857
24382 0.140983
20489 0.140983
13432 0.140983
10073 0.140983
8867 0.140983
39908 0.125
37736 0.125
37523 0.125
36395 0.125
27926 0.125
27799 0.125
24670 0.125
23582 0.125
22711 0.125
22184 0.125
21859 0.125
21524 0.125
20250 0.125
16390 0.125
5193 0.125
12572 0.122085
37301 0.1
16945 0.1
14463 0.1
6818 0.1
1975 0.0833333
19474 0.0769231
17822 0.0769231
16978 0.0769231
12481 0.0769231
11462 0.0769231
919 0.0769231
39669 0.0714286
37608 0.0714286
33068 0.0714286
27322 0.0714286
22282 0.0714286
20858 0.0714286
17634 0.0714286
34618 0.0625
33883 0.0625
31216 0.0625
29035 0.0625
26435 0.0625
25810 0.0625
10332 0.0625
9557 0.0625
212 0.0625
40458 0.0555556
38229 0.0555556
38050 0.0555556
32299 0.0555556
32137 0.0555556
11019 0.0555556
10954 0.0555556
10047 0.0555556
9342 0.0555556
4135 0.0555556
3552 0.0555556
1107 0.0555556
38667 0.047619
36913 0.047619
36535 0.047619
31581 0.047619
28483 0.047619
24610 0.047619
20953 0.047619
19309 0.047619
18198 0.047619
11445 0.047619
9947 0.047619
8580 0.047619
8249 0.047619
2527 0.047619
37565 0.0454545
37176 0.0454545
24147 0.0454545
23154 0.0454545
11836 0.0454545
10731 0.0454545
10599 0.0454545
10117 0.0454545
1492 0.0454545
40573 0.0384615
40478 0.0384615
35359 0.0384615
33487 0.0384615
32934 0.0384615
32323 0.0384615
30996 0.0384615
30241 0.0384615
29870 0.0384615
26892 0.0384615
19001 0.0384615
17152 0.0384615
16652 0.0384615
14908 0.0384615
14257 0.0384615
10404 0.0384615
9768 0.0384615
9655 0.0384615
7958 0.0384615
2633 0.0384615
1887 0.0384615
39147 0.037037
38254 0.037037
38012 0.037037
33834 0.037037
27340 0.037037
26259 0.037037
26040 0.037037
25279 0.037037
25060 0.037037
21121 0.037037
19887 0.037037
13568 0.037037
10127 0.037037
9393 0.037037
7379 0.037037
6496 0.037037
6152 0.037037
1318 0.037037
39947 0.0121951
39346 0.0121951
37782 0.0121951
37540 0.0121951
36888 0.0121951
36147 0.0121951
36067 0.0121951
35792 0.0121951
35601 0.0121951
35396 0.0121951
35346 0.0121951
35185 0.0121951
34312 0.0121951
33656 0.0121951
32783 0.0121951
31516 0.0121951
31480 0.0121951
31366 0.0121951
30676 0.0121951
30423 0.0121951
27989 0.0121951
27425 0.0121951
27379 0.0121951
26084 0.0121951
26069 0.0121951
25964 0.0121951
25885 0.0121951
25057 0.0121951
24296 0.0121951
24156 0.0121951
23903 0.0121951
22537 0.0121951
22330 0.0121951
22122 0.0121951
21978 0.0121951
20804 0.0121951
20229 0.0121951
20225 0.0121951
20035 0.0121951
19555 0.0121951
18732 0.0121951
18428 0.0121951
18274 0.0121951
17312 0.0121951
17075 0.0121951
16946 0.0121951
16281 0.0121951
15873 0.0121951
15658 0.0121951
15115 0.0121951
14768 0.0121951
14583 0.0121951
14537 0.0121951
13618 0.0121951
11080 0.0121951
10358 0.0121951
9615 0.0121951
9423 0.0121951
6049 0.0121951
5719 0.0121951
5153 0.0121951
4033 0.0121951
3239 0.0121951
2669 0.0121951
2123 0.0121951
1713 0.0121951
1638 0.0121951
1616 0.0121951
1355 0.0121951
210 0.0121951
110 0.0121951
40980 0
40979 0
40978 0
40977 0
40976 0
40975 0
40974 0
40973 0
40972 0
40971 0
40970 0
40969 0
40968 0
40967 0
40966 0
40965 0
40964 0
40963 0
40962 0
40961 0
40960 0
40959 0
40958 0
40957 0
40956 0
40955 0
40954 0
40953 0
40952 0
40951 0
40950 0
40949 0
40948 0
40947 0
40946 0
40945 0
40944 0
40943 0
40942 0
40941 0
40940 0
40939 0
40938 0
40937 0
40936 0
40935 0
40934 0
40933 0
40932 0
40931 0
40930 0
40929 0
40928 0
40927 0
40926 0
40925 0
40924 0
40923 0
40922 0
40921 0
40920 0
40919 0
40918 0
40917 0
40916 0
40915 0
40914 0
40913 0
40912 0
40911 0
40910 0
40909 0
40908 0
40907 0
40906 0
40905 0
40904 0
40903 0
40902 0
40901 0
40900 0
40899 0
40898 0
40897 0
40896 0
40895 0
40894 0
40893 0
40892 0
40891 0
40890 0
40889 0
40888 0
40887 0
40886 0
40885 0
40884 0
40882 0
40881 0
40880 0
40879 0
40878 0
40877 0
40876 0
40875 0
40874 0
40873 0
40872 0
40871 0
40870 0
40869 0
40868 0
40867 0
40866 0
40865 0
40864 0
40863 0
40862 0
40861 0
40860 0
40859 0
40858 0
40857 0
40856 0
40855 0
40854 0
40853 0
40852 0
40851 0
40850 0
40849 0
40848 0
40847 0
40846 0
40845 0
40844 0
40843 0
40842 0
40841 0
40840 0
40839 0
40838 0
40837 0
40836 0
40835 0
40834 0
40833 0
40832 0
40831 0
40830 0
40829 0
40828 0
40827 0
40826 0
40825 0
40824 0
40823 0
40822 0
40821 0
40820 0
40819 0
40818 0
40817 0
40816 0
40815 0
40814 0
40813 0
40812 0
40811 0
40810 0
40809 0
40808 0
40807 0
40806 0
40805 0
40804 0
40803 0
40802 0
40801 0
40800 0
40799 0
40798 0
40797 0
40796 0
40795 0
40794 0
40793 0
40792 0
40791 0
40790 0
40789 0
40788 0
40787 0
40786 0
40785 0
40784 0
40783 0
40782 0
40781 0
40780 0
40779 0
40778 0
40777 0
40776 0
40775 0
40774 0
40773 0
40772 0
40771 0
40770 0
40769 0
40768 0
40767 0
40766 0
40765 0
40764 0
40763 0
40762 0
40761 0
40760 0
40759 0
40758 0
40757 0
40756 0
40755 0
40754 0
40753 0
40752 0
40751 0
40750 0
40749 0
40748 0
40747 0
40746 0
40745 0
40744 0
40743 0
40742 0
40741 0
40740 0
40739 0
40738 0
40737 0
40736 0
40735 0
40734 0
40733 0
40732 0
40731 0
40730 0
40729 0
40728 0
40727 0
40726 0
40725 0
40724 0
40723 0
40722 0
40721 0
40720 0
40719 0
40718 0
40717 0
40716 0
40715 0
40714 0
40713 0
40712 0
40711 0
40710 0
40709 0
