30054 11.3146
1975 8.28526
15922 5.91684
14261 5.52087
36474 3.27517
19566 2.77718
35925 2.01863
25865 2.01863
21810 2.01863
19141 2.01863
10006 2.01863
35287 1.63298
23069 1.58543
8083 1.46642
25472 1.45934
8501 1.45571
30851 0.80431
25611 0.759903
5356 0.731277
5954 0.723647
8210 0.7
12154 0.698316
12800 0.692837
13157 0.670032
11093 0.668903
20373 0.655815
7890 0.620837
9297 0.617989
5364 0.616112
30013 0.609498
29400 0.593579
8261 0.590606
36608 0.571725
39991 0.5625
22239 0.561111
33827 0.537037
20494 0.521429
8225 0.518903
14718 0.506451
27897 0.501548
11055 0.489849
20006 0.468182
14381 0.4642
7895 0.457784
27449 0.445561
40701 0.418519
39635 0.415685
22790 0.395238
11508 0.39387
17634 0.389275
7319 0.378003
38700 0.373854
8058 0.355021
37790 0.351515
12327 0.351515
31049 0.333333
23700 0.333333
22761 0.333333
8438 0.327235
29428 0.321985
25785 0.321102
23346 0.316399
12544 0.312036
6983 0.312036
9238 0.302821
25175 0.301157
17227 0.290476
25534 0.288665
40323 0.287552
12299 0.284848
40527 0.280952
29427 0.280952
9793 0.273611
28598 0.268687
16512 0.268211
21102 0.267949
15236 0.265595
7691 0.263138
24431 0.253247
40554 0.25
22212 0.25
21083 0.25
16343 0.25
9607 0.25
1781 0.240642
25451 0.234091
11651 0.234035
34509 0.233333
31301 0.220833
34296 0.215476
15002 0.205382
4405 0.203914
37528 0.2
34328 0.2
19960 0.2
14812 0.2
14478 0.2
13417 0.2
10813 0.2
40505 0.195767
18562 0.195767
30250 0.194596
28322 0.190476
10263 0.17963
10048 0.178678
6485 0.178678
25525 0.178571
26106 0.176591
33580 0.17627
9116 0.175876
11202 0.168513
26947 0.168182
5792 0.168182
33041 0.166667
30027 0.166667
8672 0.166667
5724 0.166667
35979 0.162597
3969 0.157148
8806 0.156085
8523 0.154545
14668 0.151756
35885 0.149784
25552 0.148443
21320 0.148443
11447 0.148443
20706 0.147076
6393 0.145244
30478 0.144602
2686 0.144602
40779 0.142857
13467 0.142857
12511 0.142857
10444 0.142857
6341 0.142857
2895 0.142857
38946 0.140896
9024 0.140896
9548 0.138761
38889 0.128738
27514 0.125
21814 0.123647
18897 0.123647
35919 0.123351
18748 0.123351
25169 0.120151
19575 0.117116
19126 0.114422
31509 0.111111
26272 0.111111
23696 0.111111
22879 0.111111
20465 0.111111
17159 0.111111
14544 0.111111
13945 0.111111
9665 0.111111
9561 0.111111
6810 0.111111
2604 0.111111
2094 0.111111
36946 0.108509
13224 0.105995
5482 0.105995
33972 0.10512
17636 0.101804
5458 0.101804
33921 0.1
32919 0.1
30201 0.1
21681 0.1
17589 0.1
15270 0.1
8765 0.1
4328 0.1
1363 0.0995671
22915 0.0933692
21910 0.0933692
37837 0.0909091
35908 0.0909091
29409 0.0909091
18328 0.0909091
7670 0.0909091
37176 0.0906634
10737 0.0906634
919 0.0906634
186 0.0906634
52 0.0906634
31737 0.089418
25421 0.089418
6946 0.089418
30100 0.0884199
13543 0.0884199
40656 0.084127
23743 0.084127
39921 0.0784341
38172 0.0769231
8259 0.0769231
40114 0.0714286
39791 0.0714286
39128 0.0714286
36528 0.0714286
32620 0.0714286
30791 0.0714286
29124 0.0714286
27799 0.0714286
22711 0.0714286
22405 0.0714286
11775 0.0714286
8050 0.0714286
3148 0.0714286
2885 0.0714286
2869 0.0714286
830 0.0714286
34182 0.0706778
28738 0.0706778
23053 0.0706778
14773 0.0706778
8391 0.0706778
24921 0.068254
17730 0.068254
38704 0.0666667
33607 0.0666667
32809 0.0666667
21389 0.0666667
18764 0.0666667
7702 0.0666667
40151 0.0661121
33203 0.0661121
30276 0.0661121
12374 0.062963
38846 0.0625
36353 0.0625
32885 0.0625
24335 0.0625
23655 0.0625
23380 0.0625
20409 0.0625
17083 0.0625
13494 0.0625
6002 0.0625
123 0.0625
37029 0.0588235
34896 0.0588235
26554 0.0588235
20453 0.0588235
10622 0.0588235
8973 0.0588235
40546 0.0555556
36571 0.0555556
32645 0.0555556
32067 0.0555556
31198 0.0555556
23855 0.0555556
10547 0.0555556
35990 0.0526316
26097 0.0526316
19402 0.0526316
28140 0.0522367
21309 0.0522367
15487 0.0522367
7501 0.0522367
20876 0.05
11357 0.05
8290 0.05
4075 0.05
31017 0.047619
10798 0.047619
38243 0.0454545
37646 0.0454545
36332 0.0454545
32444 0.0454545
26886 0.0454545
26702 0.0454545
21840 0.0454545
18663 0.0454545
3086 0.0454545
38908 0.0416667
36916 0.0416667
21711 0.0416667
20119 0.0416667
14548 0.0416667
11758 0.0416667
6262 0.0416667
24958 0.0384615
24833 0.0384615
39271 0.037037
38895 0.037037
38787 0.037037
38703 0.037037
37499 0.037037
28684 0.037037
28414 0.037037
26943 0.037037
22108 0.037037
20380 0.037037
19057 0.037037
15240 0.037037
13031 0.037037
8581 0.037037
38072 0.0344828
36576 0.0344828
28908 0.0344828
28699 0.0344828
11974 0.0344828
6323 0.0344828
31451 0.0333333
24818 0.0333333
24013 0.0333333
22228 0.0333333
16915 0.0333333
13432 0.0333333
11836 0.0333333
5920 0.0333333
5693 0.0333333
3494 0.0333333
3025 0.0333333
37711 0.0322581
10718 0.0322581
6537 0.0322581
27460 0.030303
24094 0.030303
12518 0.030303
11462 0.030303
11108 0.030303
10073 0.030303
9525 0.030303
4369 0.030303
363 0.030303
37784 0.0294118
30626 0.0294118
30040 0.0294118
27687 0.0294118
5011 0.0294118
31134 0.0285714
30543 0.0285714
29333 0.0285714
24243 0.0285714
18392 0.0285714
18145 0.0285714
17514 0.0285714
9053 0.0285714
36034 0.0277778
24330 0.0277778
14638 0.0277778
1866 0.0277778
447 0.0277778
34636 0.027027
27425 0.027027
26607 0.027027
10901 0.027027
6096 0.027027
2633 0.027027
2289 0.027027
32257 0.0238095
23516 0.0238095
22623 0.0238095
18070 0.0238095
9691 0.0238095
8782 0.0238095
8116 0.0238095
7180 0.0238095
40182 0.0185185
35418 0.0185185
34008 0.0185185
32790 0.0185185
28730 0.0185185
26315 0.0185185
22657 0.0185185
20050 0.0185185
18341 0.0185185
17996 0.0185185
15382 0.0185185
15327 0.0185185
13372 0.0185185
11197 0.0185185
7628 0.0185185
7358 0.0185185
7244 0.0185185
7199 0.0185185
6514 0.0185185
40916 0.0181818
40412 0.0181818
39161 0.0181818
38900 0.0181818
37760 0.0181818
37601 0.0181818
35801 0.0181818
34201 0.0181818
34166 0.0181818
32846 0.0181818
32595 0.0181818
30773 0.0181818
26325 0.0181818
25983 0.0181818
21533 0.0181818
21462 0.0181818
20683 0.0181818
19077 0.0181818
17855 0.0181818
17737 0.0181818
16644 0.0181818
10137 0.0181818
9481 0.0181818
9375 0.0181818
9158 0.0181818
5381 0.0181818
4924 0.0181818
3975 0.0181818
3659 0.0181818
38888 0.015873
37343 0.015873
36337 0.015873
35342 0.015873
35227 0.015873
34411 0.015873
33795 0.015873
32991 0.015873
28447 0.015873
26736 0.015873
26164 0.015873
23645 0.015873
20238 0.015873
19849 0.015873
17546 0.015873
15654 0.015873
15093 0.015873
14916 0.015873
13377 0.015873
6359 0.015873
973 0.015873
40980 0
40979 0
40978 0
40977 0
40976 0
40975 0
40974 0
40973 0
40972 0
40971 0
40970 0
40969 0
40968 0
40967 0
40966 0
40965 0
40964 0
40963 0
40962 0
40961 0
40960 0
40959 0
40958 0
40957 0
40956 0
40955 0
40954 0
40953 0
40952 0
40951 0
40950 0
40949 0
40948 0
40947 0
40946 0
40945 0
40944 0
40943 0
40942 0
40941 0
40940 0
40939 0
40938 0
40937 0
40936 0
40935 0
40934 0
40933 0
40932 0
40931 0
40930 0
40929 0
40928 0
40927 0
40926 0
40925 0
40924 0
40923 0
40922 0
40921 0
40920 0
40919 0
40918 0
40917 0
40915 0
40914 0
40913 0
40912 0
40911 0
