29401 2.7872
19202 1.76511
21394 1.71343
17153 1.38448
13595 1.33356
21283 1.20912
20931 1.09716
11256 0.944462
13309 0.905387
30183 0.805515
3601 0.777549
30612 0.748002
10677 0.700938
18582 0.697407
5504 0.67984
23843 0.679194
27097 0.648484
9825 0.611785
7489 0.603704
9876 0.6
20172 0.571751
21899 0.569177
9694 0.523192
33841 0.480515
3709 0.475499
19074 0.455015
15397 0.392946
19236 0.392857
9896 0.377778
29240 0.374242
7125 0.369048
7178 0.364925
34737 0.343459
32785 0.334499
19515 0.333333
15313 0.333333
987 0.333333
10111 0.330409
18428 0.330357
36515 0.328493
12548 0.324675
30278 0.303298
6434 0.303298
6787 0.277576
27135 0.275
30802 0.27316
38819 0.260844
24620 0.260844
15356 0.260844
28587 0.25
23501 0.25
22594 0.25
17653 0.25
14543 0.25
40691 0.244755
32175 0.242195
34537 0.241084
25507 0.241084
25202 0.241084
11591 0.241084
896 0.238121
13853 0.214815
22809 0.208081
21712 0.2
1514 0.2
5706 0.178893
29549 0.173033
34435 0.166667
6549 0.166667
29358 0.16469
36914 0.163462
25214 0.161212
32138 0.155627
19214 0.155627
29620 0.150781
39640 0.142857
18221 0.142857
12041 0.142857
797 0.142857
28395 0.142165
843 0.142165
23875 0.13859
35475 0.125
33026 0.125
30860 0.125
28101 0.125
27597 0.125
11973 0.125
337 0.125
33055 0.111111
26055 0.111111
25481 0.111111
25030 0.110692
2111 0.110692
39627 0.103478
38969 0.103478
37462 0.103478
34438 0.103478
31683 0.103478
24457 0.103478
23120 0.103478
23110 0.103478
23003 0.103478
21776 0.103478
4618 0.103478
1799 0.103478
36451 0.1
34518 0.1
29756 0.1
20582 0.1
16718 0.1
8927 0.1
37347 0.0969087
33874 0.0969087
32658 0.0969087
20134 0.091892
17639 0.091892
15349 0.091892
5569 0.091892
40715 0.0909091
39860 0.0909091
35518 0.0909091
27668 0.0909091
26988 0.0909091
26591 0.0909091
11411 0.0909091
9424 0.0909091
2937 0.0909091
40149 0.0833333
36518 0.0833333
33233 0.0833333
32241 0.0833333
29373 0.0833333
23796 0.0833333
17295 0.0833333
12845 0.0833333
6221 0.0833333
5644 0.0833333
4061 0.0833333
2257 0.0833333
39506 0.0769231
25299 0.0769231
819 0.0769231
37064 0.0666965
36725 0.0666965
26567 0.0666965
23964 0.0666965
14053 0.0666965
40755 0.0666667
37267 0.0666667
34610 0.0666667
28500 0.0666667
7878 0.0666667
6143 0.0666667
34312 0.0625
32808 0.0625
30359 0.0625
25885 0.0625
25330 0.0625
9615 0.0625
9423 0.0625
8717 0.0625
32629 0.0588235
16817 0.0588235
4626 0.0588235
25906 0.0526316
24882 0.0526316
11501 0.0526316
6994 0.0526316
813 0.0526316
31729 0.0434783
30283 0.0434783
22026 0.0434783
20059 0.0434783
17638 0.0434783
16960 0.0434783
16625 0.0434783
12292 0.0434783
10059 0.0434783
1550 0.0434783
22066 0.0416667
17902 0.0416667
15491 0.0416667
11199 0.0416667
6110 0.0416667
6034 0.0416667
28928 0.04
13370 0.04
9287 0.04
1218 0.04
40882 0.0384615
39560 0.0384615
19877 0.0384615
11482 0.0384615
9171 0.0384615
7577 0.0384615
38841 0.037037
38378 0.037037
36816 0.037037
30914 0.037037
30717 0.037037
29811 0.037037
25016 0.037037
21975 0.037037
6203 0.037037
1073 0.037037
716 0.037037
663 0.037037
39326 0.030303
29881 0.030303
23461 0.030303
4323 0.030303
39085 0.02
37819 0.02
37335 0.02
28601 0.02
27531 0.02
18515 0.02
17810 0.02
15869 0.02
10234 0.02
8783 0.02
6862 0.02
4695 0.02
4412 0.02
804 0.02
40683 0.0163934
40658 0.0163934
38180 0.0163934
35144 0.0163934
33885 0.0163934
31114 0.0163934
26849 0.0163934
26356 0.0163934
26189 0.0163934
19966 0.0163934
19130 0.0163934
18618 0.0163934
17541 0.0163934
15720 0.0163934
15020 0.0163934
13896 0.0163934
12835 0.0163934
10697 0.0163934
8547 0.0163934
5775 0.0163934
4933 0.0163934
4877 0.0163934
40980 0
40979 0
40978 0
40977 0
40976 0
40975 0
40974 0
40973 0
40972 0
40971 0
40970 0
40969 0
40968 0
40967 0
40966 0
40965 0
40964 0
40963 0
40962 0
40961 0
40960 0
40959 0
40958 0
40957 0
40956 0
40955 0
40954 0
40953 0
40952 0
40951 0
40950 0
40949 0
40948 0
40947 0
40946 0
40945 0
40944 0
40943 0
40942 0
40941 0
40940 0
40939 0
40938 0
40937 0
40936 0
40935 0
40934 0
40933 0
40932 0
40931 0
40930 0
40929 0
40928 0
40927 0
40926 0
40925 0
40924 0
40923 0
40922 0
40921 0
40920 0
40919 0
40918 0
40917 0
40916 0
40915 0
40914 0
40913 0
40912 0
40911 0
40910 0
40909 0
40908 0
40907 0
40906 0
40905 0
40904 0
40903 0
40902 0
40901 0
40900 0
40899 0
40898 0
40897 0
40896 0
40895 0
40894 0
40893 0
40892 0
40891 0
40890 0
40889 0
40888 0
40887 0
40886 0
40885 0
40884 0
40883 0
40881 0
40880 0
40879 0
40878 0
40877 0
40876 0
40875 0
40874 0
40873 0
40872 0
40871 0
40870 0
40869 0
40868 0
40867 0
40866 0
40865 0
40864 0
40863 0
40862 0
40861 0
40860 0
40859 0
40858 0
40857 0
40856 0
40855 0
40854 0
40853 0
40852 0
40851 0
40850 0
40849 0
40848 0
40847 0
40846 0
40845 0
40844 0
40843 0
40842 0
40841 0
40840 0
40839 0
40838 0
40837 0
40836 0
40835 0
40834 0
40833 0
40832 0
40831 0
40830 0
40829 0
40828 0
40827 0
40826 0
40825 0
40824 0
40823 0
40822 0
40821 0
40820 0
40819 0
40818 0
40817 0
40816 0
40815 0
40814 0
40813 0
40812 0
40811 0
40810 0
40809 0
40808 0
40807 0
40806 0
40805 0
40804 0
40803 0
40802 0
40801 0
40800 0
40799 0
40798 0
40797 0
40796 0
40795 0
40794 0
40793 0
40792 0
40791 0
40790 0
40789 0
40788 0
40787 0
40786 0
40785 0
40784 0
40783 0
40782 0
40781 0
40780 0
40779 0
40778 0
40777 0
40776 0
40775 0
40774 0
40773 0
40772 0
40771 0
40770 0
40769 0
40768 0
40767 0
40766 0
40765 0
40764 0
40763 0
40762 0
40761 0
40760 0
40759 0
40758 0
40757 0
40756 0
40754 0
40753 0
40752 0
40751 0
40750 0
40749 0
40748 0
40747 0
40746 0
40745 0
40744 0
40743 0
40742 0
40741 0
40740 0
40739 0
40738 0
40737 0
40736 0
40735 0
40734 0
40733 0
40732 0
40731 0
40730 0
40729 0
40728 0
40727 0
