21341 2.30164
12450 2.17509
39696 1.24286
36888 1.01831
17579 1
17951 0.93278
25964 0.87549
31155 0.831004
8164 0.583333
5713 0.482258
38593 0.47549
31361 0.473256
928 0.459524
32733 0.425115
704 0.425115
15309 0.416113
30274 0.356589
37129 0.347222
4783 0.347222
39758 0.333333
20908 0.333333
7110 0.333333
2382 0.333333
2089 0.333333
26820 0.312792
24413 0.309524
9707 0.3
19984 0.291667
37405 0.25
34084 0.25
26925 0.25
23417 0.25
4513 0.25
11428 0.243369
3239 0.243369
38354 0.22549
18482 0.223925
172 0.214922
26632 0.210036
31647 0.2
29352 0.2
28162 0.2
27882 0.2
24277 0.2
24141 0.2
22828 0.2
9441 0.2
8339 0.2
4368 0.2
1302 0.2
26542 0.166667
25692 0.166667
22859 0.166667
20975 0.166667
11875 0.166667
8796 0.166667
7831 0.166667
6207 0.166667
5022 0.166667
4795 0.166667
3808 0.166667
39501 0.145478
31209 0.145478
18745 0.145478
31973 0.142857
13260 0.142857
4400 0.142857
29127 0.125
18346 0.125
9021 0.125
7797 0.125
4855 0.125
4755 0.125
40812 0.114337
33926 0.114337
19355 0.114337
146 0.114337
35593 0.111111
30842 0.111111
25403 0.111111
9805 0.111111
2269 0.111111
33925 0.1
8586 0.1
8453 0.1
38997 0.0666667
38331 0.0666667
27507 0.0666667
24169 0.0666667
22811 0.0666667
21715 0.0666667
17292 0.0666667
9576 0.0666667
3014 0.0666667
2967 0.0666667
495 0.0666667
37153 0.0588235
8355 0.0588235
8237 0.0588235
26113 0.0555556
22363 0.0555556
18202 0.0555556
9352 0.0555556
5913 0.0555556
2868 0.0555556
39810 0.0322581
35185 0.0322581
34088 0.0322581
32567 0.0322581
31516 0.0322581
30651 0.0322581
26084 0.0322581
21978 0.0322581
15873 0.0322581
14768 0.0322581
13676 0.0322581
9705 0.0322581
8895 0.0322581
5719 0.0322581
2684 0.0322581
39962 0.0232558
39655 0.0232558
35465 0.0232558
31082 0.0232558
30793 0.0232558
30498 0.0232558
27926 0.0232558
25391 0.0232558
24239 0.0232558
23995 0.0232558
23628 0.0232558
23448 0.0232558
23439 0.0232558
22141 0.0232558
18328 0.0232558
18237 0.0232558
16624 0.0232558
16431 0.0232558
16281 0.0232558
16233 0.0232558
12676 0.0232558
7059 0.0232558
4250 0.0232558
2885 0.0232558
2011 0.0232558
1873 0.0232558
40980 0
40979 0
40978 0
40977 0
40976 0
40975 0
40974 0
40973 0
40972 0
40971 0
40970 0
40969 0
40968 0
40967 0
40966 0
40965 0
40964 0
40963 0
40962 0
40961 0
40960 0
40959 0
40958 0
40957 0
40956 0
40955 0
40954 0
40953 0
40952 0
40951 0
40950 0
40949 0
40948 0
40947 0
40946 0
40945 0
40944 0
40943 0
40942 0
40941 0
40940 0
40939 0
40938 0
40937 0
40936 0
40935 0
40934 0
40933 0
40932 0
40931 0
40930 0
40929 0
40928 0
40927 0
40926 0
40925 0
40924 0
40923 0
40922 0
40921 0
40920 0
40919 0
40918 0
40917 0
40916 0
40915 0
40914 0
40913 0
40912 0
40911 0
40910 0
40909 0
40908 0
40907 0
40906 0
40905 0
40904 0
40903 0
40902 0
40901 0
40900 0
40899 0
40898 0
40897 0
40896 0
40895 0
40894 0
40893 0
40892 0
40891 0
40890 0
40889 0
40888 0
40887 0
40886 0
40885 0
40884 0
40883 0
40882 0
40881 0
40880 0
40879 0
40878 0
40877 0
40876 0
40875 0
40874 0
40873 0
40872 0
40871 0
40870 0
40869 0
40868 0
40867 0
40866 0
40865 0
40864 0
40863 0
40862 0
40861 0
40860 0
40859 0
40858 0
40857 0
40856 0
40855 0
40854 0
40853 0
40852 0
40851 0
40850 0
40849 0
40848 0
40847 0
40846 0
40845 0
40844 0
40843 0
40842 0
40841 0
40840 0
40839 0
40838 0
40837 0
40836 0
40835 0
40834 0
40833 0
40832 0
40831 0
40830 0
40829 0
40828 0
40827 0
40826 0
40825 0
40824 0
40823 0
40822 0
40821 0
40820 0
40819 0
40818 0
40817 0
40816 0
40815 0
40814 0
40813 0
40811 0
40810 0
40809 0
40808 0
40807 0
40806 0
40805 0
40804 0
40803 0
40802 0
40801 0
40800 0
40799 0
40798 0
40797 0
40796 0
40795 0
40794 0
40793 0
40792 0
40791 0
40790 0
40789 0
40788 0
40787 0
40786 0
40785 0
40784 0
40783 0
40782 0
40781 0
40780 0
40779 0
40778 0
40777 0
40776 0
40775 0
40774 0
40773 0
40772 0
40771 0
40770 0
40769 0
40768 0
40767 0
40766 0
40765 0
40764 0
40763 0
40762 0
40761 0
40760 0
40759 0
40758 0
40757 0
40756 0
40755 0
40754 0
40753 0
40752 0
40751 0
40750 0
40749 0
40748 0
40747 0
40746 0
40745 0
40744 0
40743 0
40742 0
40741 0
40740 0
40739 0
40738 0
40737 0
40736 0
40735 0
40734 0
40733 0
40732 0
40731 0
40730 0
40729 0
40728 0
40727 0
40726 0
40725 0
40724 0
40723 0
40722 0
40721 0
40720 0
40719 0
40718 0
40717 0
40716 0
40715 0
40714 0
40713 0
40712 0
40711 0
40710 0
40709 0
40708 0
40707 0
40706 0
40705 0
40704 0
40703 0
40702 0
40701 0
40700 0
40699 0
40698 0
40697 0
40696 0
40695 0
40694 0
40693 0
40692 0
40691 0
40690 0
40689 0
40688 0
40687 0
40686 0
40685 0
40684 0
40683 0
40682 0
40681 0
40680 0
40679 0
40678 0
40677 0
40676 0
40675 0
40674 0
40673 0
40672 0
40671 0
40670 0
40669 0
40668 0
40667 0
40666 0
40665 0
40664 0
40663 0
40662 0
40661 0
40660 0
40659 0
40658 0
40657 0
40656 0
40655 0
40654 0
40653 0
40652 0
40651 0
40650 0
40649 0
40648 0
40647 0
40646 0
40645 0
40644 0
40643 0
40642 0
40641 0
40640 0
40639 0
40638 0
40637 0
40636 0
40635 0
40634 0
40633 0
40632 0
40631 0
40630 0
40629 0
40628 0
40627 0
40626 0
