16298 9.60517
27799 7.90319
24678 7.28698
13654 6.71123
27926 6.33494
15010 4.79395
27863 4.46786
22184 3.92662
22711 3.77925
22530 3.6769
31947 3.44501
2885 2.75312
39642 2.57482
1610 2.36744
24239 2.21159
12110 2.13732
8417 1.8928
17312 1.82644
8412 1.77107
12569 1.67619
14138 1.58345
19024 1.51845
15665 1.47724
35346 1.4361
32620 1.35524
30793 1.29554
21323 1.20853
432 1.18208
39791 1.14809
6041 1.10421
31140 1.09892
37070 1.09856
27740 1.08999
5778 1.07289
2473 0.990235
16076 0.932767
37496 0.926291
35734 0.909306
36952 0.897356
35766 0.880851
15276 0.864634
30209 0.864427
23843 0.861065
16723 0.851526
40525 0.825054
33267 0.798302
6924 0.790067
23439 0.787909
39962 0.785628
11789 0.776858
22743 0.759958
18356 0.743972
25505 0.737642
3852 0.719884
34999 0.710852
23963 0.708333
2869 0.691641
40342 0.691116
22170 0.679833
29626 0.678689
32930 0.661141
37502 0.659912
26786 0.648464
27033 0.642822
20704 0.622349
15699 0.614629
8969 0.609836
22405 0.602055
36528 0.566683
30419 0.566667
3854 0.562121
13916 0.561464
35317 0.560661
11080 0.557677
697 0.555556
18520 0.547249
29634 0.541192
1355 0.535561
28094 0.529789
27166 0.527197
36400 0.524919
19580 0.511188
4076 0.508036
31582 0.507474
7412 0.49723
26928 0.495153
34043 0.492489
30897 0.478947
28381 0.478404
14162 0.478252
36313 0.465105
1174 0.46413
14534 0.4625
13927 0.43424
23240 0.432191
36918 0.427698
40890 0.425896
550 0.42581
8237 0.42565
17318 0.425
34664 0.416302
40204 0.413341
16947 0.411585
6120 0.409744
2520 0.407359
37729 0.403846
37027 0.401237
29237 0.396002
26491 0.388995
6252 0.388418
28106 0.379555
23898 0.377778
14490 0.377632
34911 0.373967
25568 0.36994
37374 0.369234
31314 0.361408
27093 0.355556
13967 0.355556
15416 0.351752
30425 0.348704
2877 0.342929
23432 0.339341
23446 0.338913
17154 0.335601
33633 0.333192
12911 0.330822
6518 0.330512
26366 0.320968
39947 0.316825
30676 0.316825
27989 0.316825
18963 0.315097
16806 0.312658
11393 0.308782
9553 0.308782
22368 0.308628
17033 0.305495
2484 0.304727
40764 0.303339
26476 0.296783
4112 0.296266
10601 0.291897
15225 0.290675
1659 0.290384
830 0.288484
34123 0.28712
3887 0.286204
13937 0.285714
32838 0.277942
33308 0.276275
541 0.275642
29140 0.274065
3750 0.272694
20835 0.272586
14858 0.272125
19277 0.270739
6140 0.270539
25968 0.270455
4848 0.270455
21757 0.268618
14934 0.2683
11810 0.265667
6319 0.265667
15467 0.263823
16395 0.257267
21978 0.256914
6336 0.25
25016 0.248799
6592 0.248148
3068 0.247558
33518 0.244971
110 0.244425
38583 0.243876
11488 0.243876
33452 0.243687
14538 0.243251
1290 0.241909
23526 0.239927
2069 0.23986
16047 0.238034
1965 0.236919
26794 0.234913
34565 0.234586
4189 0.231903
13769 0.231685
4825 0.227485
7145 0.226884
10925 0.218344
17035 0.216278
13513 0.215966
12935 0.21527
8212 0.212455
36673 0.209922
27388 0.209595
25474 0.209524
11469 0.208094
12525 0.207002
31228 0.205682
26854 0.205682
22088 0.205682
40604 0.205126
39640 0.205126
21186 0.204994
18997 0.203065
21348 0.20062
80 0.198651
40314 0.196042
23786 0.195982
27208 0.195573
11013 0.195455
17381 0.195333
4058 0.193652
2781 0.193499
36968 0.190852
1942 0.18961
34034 0.189477
32572 0.188814
4083 0.188596
40009 0.187452
8652 0.187452
23039 0.186769
37882 0.185479
4953 0.184992
16787 0.184222
23886 0.182562
35974 0.18133
9197 0.17722
20830 0.175311
36661 0.174738
25541 0.173893
5937 0.173553
8134 0.173414
35185 0.173272
35463 0.169873
16001 0.169873
22577 0.169371
38049 0.166667
30476 0.166667
39155 0.164533
34116 0.164037
21217 0.163931
18561 0.163628
15012 0.163539
25831 0.162859
37342 0.160956
38010 0.157918
29464 0.157918
29077 0.157918
27796 0.156941
9196 0.156283
19517 0.155637
3162 0.155637
10423 0.150718
5691 0.150718
32036 0.150641
36796 0.147835
15519 0.147835
21282 0.147076
17401 0.145287
2262 0.14418
40632 0.14326
2899 0.142857
15029 0.138288
26195 0.136918
19253 0.136601
25826 0.136548
35029 0.136243
32415 0.136243
11804 0.134723
27900 0.134524
26971 0.134524
15054 0.132057
14894 0.132009
29193 0.130766
3541 0.130766
29901 0.130574
22218 0.130574
19511 0.129234
26069 0.127394
1519 0.127002
5709 0.126584
24591 0.126441
40389 0.125
34768 0.125
27213 0.125
24596 0.125
17943 0.125
11147 0.125
2310 0.124655
13507 0.124612
19032 0.124603
1296 0.12428
35122 0.12255
2168 0.121338
7099 0.120085
35525 0.120022
26084 0.120022
15873 0.120022
32043 0.118754
8242 0.11824
11725 0.116398
885 0.114804
14842 0.11453
32324 0.111934
37340 0.111111
12142 0.111111
7555 0.111111
5857 0.111111
3840 0.111111
2154 0.111111
1616 0.111111
14943 0.110459
17590 0.110432
6033 0.109139
24063 0.109046
26137 0.108653
16744 0.108653
7852 0.107768
17277 0.10732
40921 0.10698
556 0.106121
16250 0.103558
5240 0.10232
9309 0.101481
35733 0.1
33942 0.1
20763 0.1
8208 0.1
29695 0.0993999
15067 0.0993999
9281 0.0993999
29640 0.0992063
828 0.0989899
18999 0.0988722
37344 0.0986093
12451 0.0979748
11101 0.0979748
37233 0.0968667
26181 0.0967773
3936 0.0965423
32611 0.0964715
6654 0.0952268
37597 0.094954
23089 0.094954
33477 0.0942467
35082 0.094028
25484 0.094028
23473 0.094028
5852 0.094028
35439 0.0937077
18119 0.0937077
6906 0.0930952
8828 0.0925286
3124 0.092328
31723 0.0916907
37924 0.0909091
23894 0.0909091
12994 0.0909091
5603 0.0909091
31564 0.0905191
16504 0.08859
1791 0.0884071
24400 0.0881391
14546 0.0881391
3291 0.0876334
16629 0.0856339
12893 0.0837105
38535 0.0833333
35339 0.0833333
30750 0.0833333
20486 0.0833333
9665 0.0833333
5358 0.0833333
4625 0.0833333
4444 0.0821561
31551 0.0803665
2618 0.0803665
35063 0.0799001
28952 0.0799001
20007 0.0796211
39658 0.0781486
36438 0.0781486
30275 0.0781486
20326 0.0781486
39859 0.0780606
32544 0.0770563
36486 0.0769231
33200 0.0769231
31806 0.0769231
29256 0.0769231
29075 0.0769231
28855 0.0769231
28586 0.0769231
27663 0.0769231
23218 0.0769231
21302 0.0769231
19926 0.0769231
17583 0.0769231
10991 0.0769231
10923 0.0769231
9823 0.0769231
950 0.0769231
21000 0.0767652
32016 0.0754398
10196 0.0754398
36239 0.0738121
12090 0.0738121
7937 0.0738121
40783 0.0731108
34391 0.0731108
32418 0.0731108
31136 0.0731108
13016 0.0731108
39661 0.0730546
28110 0.0730546
11718 0.0730526
6830 0.0729296
25065 0.0716221
7076 0.0716025
40282 0.0714286
36802 0.0714286
35574 0.0714286
34378 0.0714286
32274 0.0714286
30192 0.0714286
25667 0.0714286
17074 0.0714286
13628 0.0714286
2249 0.0714286
612 0.0714286
16025 0.071152
33391 0.0696401
16181 0.0696401
30325 0.0683983
6711 0.0683983
38952 0.0679715
29875 0.0679715
31818 0.0666667
31409 0.0666667
20928 0.0666667
19191 0.0666667
18248 0.0666667
13120 0.0666667
29516 0.0666543
11389 0.0666543
23861 0.0660754
39245 0.0636895
19774 0.0630519
19648 0.0630519
39894 0.0625
34770 0.0625
29897 0.0625
27565 0.0625
26738 0.0625
24012 0.0625
22594 0.0625
21375 0.0625
18120 0.0625
13686 0.0625
11453 0.0625
8913 0.0625
8633 0.0625
14768 0.0621608
5719 0.0621608
6447 0.0614118
26058 0.0608613
22404 0.0608613
13669 0.0603808
8309 0.0603808
36806 0.059901
24368 0.0594179
3940 0.0594179
170 0.0594179
6807 0.0589466
2786 0.0589466
33825 0.0588235
31301 0.0588235
27161 0.0588235
25659 0.0588235
24825 0.0588235
11077 0.0588235
2592 0.0588235
3413 0.0581967
30946 0.0571466
15642 0.0571466
8197 0.0571466
1614 0.0571466
29285 0.0571192
28259 0.0571192
25799 0.0571192
24972 0.0571192
18161 0.0571192
6068 0.0571192
414 0.0571192
33256 0.0566149
24870 0.0566149
2837 0.0564859
29565 0.0560676
306 0.0560676
