28776 1.26858
37975 1.19972
22441 1.18501
22950 1.12038
11222 0.821561
11027 0.809524
38449 0.749537
20671 0.72619
28751 0.722062
7570 0.6875
21059 0.654148
13135 0.592857
34488 0.470814
17700 0.462048
10211 0.455396
2115 0.455396
33299 0.45
11065 0.45
17966 0.408333
15685 0.335714
29986 0.333333
23168 0.333333
21692 0.333333
18534 0.333333
10106 0.333333
30031 0.305556
28285 0.279905
27287 0.279905
20935 0.279905
15572 0.279905
13404 0.279905
9573 0.279905
8975 0.279905
34065 0.268347
24418 0.25
24359 0.25
24259 0.25
23798 0.25
23063 0.25
22254 0.25
3516 0.25
2828 0.25
1158 0.25
7783 0.242857
9960 0.203715
32776 0.2
28646 0.2
27184 0.2
23410 0.2
20698 0.2
14251 0.2
13893 0.2
12691 0.2
12533 0.2
3114 0.2
39976 0.142857
32585 0.142857
25405 0.142857
18376 0.142857
17937 0.142857
15901 0.142857
13255 0.142857
9427 0.142857
8997 0.142857
6087 0.142857
5970 0.142857
1009 0.142857
38919 0.136291
26081 0.136291
30942 0.125
28231 0.125
22129 0.125
20086 0.125
20083 0.125
14656 0.125
27232 0.120872
34651 0.104641
34387 0.104641
27296 0.104641
24005 0.104641
34630 0.0912037
28794 0.0912037
5798 0.0912037
20372 0.0909091
10485 0.0909091
1473 0.0909091
1470 0.0909091
33218 0.0666667
32270 0.0666667
18142 0.0666667
40169 0.0588235
37089 0.0588235
31565 0.0588235
21968 0.0588235
19218 0.0588235
14852 0.0588235
13852 0.0588235
12643 0.0588235
907 0.0588235
36490 0.0555556
32006 0.0555556
24442 0.0555556
23457 0.0555556
22701 0.0555556
17245 0.0555556
15218 0.0555556
8965 0.0555556
6940 0.0555556
3578 0.0555556
40718 0.05
38349 0.05
38224 0.05
31926 0.05
30482 0.05
29284 0.05
24348 0.05
22801 0.05
8811 0.05
6215 0.05
36498 0.037037
35805 0.037037
25092 0.037037
23047 0.037037
21489 0.037037
21116 0.037037
18590 0.037037
16720 0.037037
16714 0.037037
16210 0.037037
15684 0.037037
15119 0.037037
5171 0.037037
3088 0.037037
40516 0.0333333
37634 0.0333333
33265 0.0333333
30088 0.0333333
28903 0.0333333
27522 0.0333333
24980 0.0333333
23911 0.0333333
18576 0.0333333
12521 0.0333333
9841 0.0333333
8981 0.0333333
8929 0.0333333
4577 0.0333333
775 0.0333333
398 0.0333333
40289 0.0208333
38119 0.0208333
37377 0.0208333
36595 0.0208333
34652 0.0208333
32022 0.0208333
31556 0.0208333
30542 0.0208333
28678 0.0208333
26487 0.0208333
24893 0.0208333
22722 0.0208333
22687 0.0208333
21748 0.0208333
20017 0.0208333
19720 0.0208333
19096 0.0208333
18227 0.0208333
18165 0.0208333
17920 0.0208333
17670 0.0208333
16598 0.0208333
15475 0.0208333
14837 0.0208333
14163 0.0208333
13614 0.0208333
13061 0.0208333
12879 0.0208333
11311 0.0208333
8306 0.0208333
7982 0.0208333
7744 0.0208333
4555 0.0208333
4199 0.0208333
3752 0.0208333
2300 0.0208333
1434 0.0208333
930 0.0208333
780 0.0208333
40341 0.0120482
39623 0.0120482
39278 0.0120482
39195 0.0120482
39122 0.0120482
38348 0.0120482
37145 0.0120482
36905 0.0120482
36833 0.0120482
34964 0.0120482
34948 0.0120482
34302 0.0120482
33975 0.0120482
33644 0.0120482
32078 0.0120482
31967 0.0120482
31540 0.0120482
31463 0.0120482
28981 0.0120482
28849 0.0120482
28317 0.0120482
28186 0.0120482
27793 0.0120482
25218 0.0120482
25066 0.0120482
23635 0.0120482
23416 0.0120482
21997 0.0120482
20584 0.0120482
20110 0.0120482
19413 0.0120482
19354 0.0120482
19132 0.0120482
19043 0.0120482
18226 0.0120482
17506 0.0120482
17400 0.0120482
16666 0.0120482
16654 0.0120482
14867 0.0120482
13802 0.0120482
12805 0.0120482
12446 0.0120482
12254 0.0120482
12120 0.0120482
12086 0.0120482
11930 0.0120482
9721 0.0120482
8396 0.0120482
8385 0.0120482
7815 0.0120482
5231 0.0120482
4261 0.0120482
3021 0.0120482
2848 0.0120482
1710 0.0120482
1339 0.0120482
964 0.0120482
40980 0
40979 0
40978 0
40977 0
40976 0
40975 0
40974 0
40973 0
40972 0
40971 0
40970 0
40969 0
40968 0
40967 0
40966 0
40965 0
40964 0
40963 0
40962 0
40961 0
40960 0
40959 0
40958 0
40957 0
40956 0
40955 0
40954 0
40953 0
40952 0
40951 0
40950 0
40949 0
40948 0
40947 0
40946 0
40945 0
40944 0
40943 0
40942 0
40941 0
40940 0
40939 0
40938 0
40937 0
40936 0
40935 0
40934 0
40933 0
40932 0
40931 0
40930 0
40929 0
40928 0
40927 0
40926 0
40925 0
40924 0
40923 0
40922 0
40921 0
40920 0
40919 0
40918 0
40917 0
40916 0
40915 0
40914 0
40913 0
40912 0
40911 0
40910 0
40909 0
40908 0
40907 0
40906 0
40905 0
40904 0
40903 0
40902 0
40901 0
40900 0
40899 0
40898 0
40897 0
40896 0
40895 0
40894 0
40893 0
40892 0
40891 0
40890 0
40889 0
40888 0
40887 0
40886 0
40885 0
40884 0
40883 0
40882 0
40881 0
40880 0
40879 0
40878 0
40877 0
40876 0
40875 0
40874 0
40873 0
40872 0
40871 0
40870 0
40869 0
40868 0
40867 0
40866 0
40865 0
40864 0
40863 0
40862 0
40861 0
40860 0
40859 0
40858 0
40857 0
40856 0
40855 0
40854 0
40853 0
40852 0
40851 0
40850 0
40849 0
40848 0
40847 0
40846 0
40845 0
40844 0
40843 0
40842 0
40841 0
40840 0
40839 0
40838 0
40837 0
40836 0
40835 0
40834 0
40833 0
40832 0
40831 0
40830 0
40829 0
40828 0
40827 0
40826 0
40825 0
40824 0
40823 0
40822 0
40821 0
40820 0
40819 0
40818 0
40817 0
40816 0
40815 0
40814 0
40813 0
40812 0
40811 0
40810 0
40809 0
40808 0
40807 0
40806 0
40805 0
40804 0
40803 0
40802 0
40801 0
40800 0
40799 0
40798 0
40797 0
40796 0
40795 0
40794 0
40793 0
40792 0
40791 0
40790 0
40789 0
40788 0
40787 0
40786 0
40785 0
40784 0
40783 0
40782 0
40781 0
40780 0
40779 0
40778 0
40777 0
40776 0
40775 0
40774 0
40773 0
40772 0
40771 0
40770 0
40769 0
40768 0
40767 0
40766 0
40765 0
40764 0
40763 0
40762 0
40761 0
40760 0
40759 0
40758 0
40757 0
40756 0
40755 0
40754 0
40753 0
40752 0
40751 0
40750 0
40749 0
40748 0
40747 0
40746 0
40745 0
40744 0
40743 0
40742 0
40741 0
40740 0
40739 0
40738 0
40737 0
40736 0
40735 0
40734 0
40733 0
40732 0
40731 0
40730 0
40729 0
40728 0
40727 0
