25701 1.18844
19506 1.18844
37248 1.02475
10869 1.02475
7763 1.00595
4850 0.955374
19420 0.935043
35579 0.694221
24583 0.694221
8429 0.645833
987 0.644444
13813 0.566742
1704 0.557724
26920 0.517157
10812 0.498333
37934 0.489011
2624 0.462821
34577 0.414286
15742 0.345588
15129 0.345588
38190 0.333333
32762 0.333333
23563 0.333333
16669 0.328409
40340 0.27062
39967 0.27062
37653 0.25
19926 0.25
10923 0.25
6108 0.246612
39309 0.215115
35393 0.2125
11700 0.2125
5604 0.2125
16458 0.200321
7693 0.200321
5534 0.200321
5291 0.200321
4980 0.200321
37052 0.2
29587 0.2
25444 0.2
21694 0.193409
1189 0.191209
25775 0.181046
37466 0.172619
5865 0.172619
1052 0.172619
26826 0.172479
26816 0.166667
14246 0.15619
10678 0.15619
6587 0.15619
33736 0.155299
20147 0.155299
23376 0.151709
8119 0.151709
5253 0.151709
17505 0.146443
40893 0.142857
32201 0.142857
28973 0.142857
16203 0.142857
3466 0.142857
853 0.142857
1580 0.134144
29702 0.125
22484 0.125
22163 0.125
21819 0.115321
14872 0.115321
11078 0.111111
14131 0.0833333
28060 0.0772108
27438 0.0772108
9914 0.0772108
7510 0.0772108
1792 0.0772108
36666 0.0769231
32215 0.0666667
26935 0.0666667
23642 0.0666667
18047 0.0666667
11834 0.0666667
10578 0.0666667
10288 0.0666667
8415 0.0666667
7101 0.0666667
38805 0.0625
34992 0.0625
34041 0.0625
31599 0.0625
25644 0.0625
25555 0.0625
23569 0.0625
20609 0.0625
19686 0.0625
15035 0.0625
14192 0.0625
10750 0.0625
8328 0.0625
39223 0.0588235
18076 0.0588235
29932 0.0555556
29949 0.047619
17321 0.047619
5192 0.047619
40902 0.04
39617 0.04
33450 0.04
33336 0.04
31727 0.04
29217 0.04
27577 0.04
25500 0.04
19029 0.04
15960 0.04
14374 0.04
8256 0.04
7043 0.04
5562 0.04
3332 0.04
602 0.04
40961 0.0322581
38774 0.0322581
37880 0.0322581
37039 0.0322581
36384 0.0322581
36025 0.0322581
36003 0.0322581
29377 0.0322581
29234 0.0322581
27709 0.0322581
24947 0.0322581
22717 0.0322581
21859 0.0322581
21700 0.0322581
18155 0.0322581
14895 0.0322581
13054 0.0322581
10103 0.0322581
6150 0.0322581
4784 0.0322581
3947 0.0322581
1699 0.0322581
1308 0.0322581
40828 0.0243902
39808 0.0243902
39444 0.0243902
38473 0.0243902
38433 0.0243902
34910 0.0243902
34710 0.0243902
34054 0.0243902
32952 0.0243902
30376 0.0243902
19706 0.0243902
15097 0.0243902
14428 0.0243902
14275 0.0243902
12305 0.0243902
8911 0.0243902
8703 0.0243902
8178 0.0243902
4114 0.0243902
2594 0.0243902
1686 0.0243902
608 0.0243902
39497 0.0128205
39329 0.0128205
38543 0.0128205
37644 0.0128205
34550 0.0128205
34524 0.0128205
33271 0.0128205
33057 0.0128205
33008 0.0128205
32579 0.0128205
32149 0.0128205
29761 0.0128205
28704 0.0128205
28615 0.0128205
28138 0.0128205
27894 0.0128205
26300 0.0128205
25757 0.0128205
24908 0.0128205
23624 0.0128205
23345 0.0128205
23041 0.0128205
22582 0.0128205
22374 0.0128205
19285 0.0128205
18554 0.0128205
17480 0.0128205
14856 0.0128205
14714 0.0128205
14698 0.0128205
13859 0.0128205
13703 0.0128205
12359 0.0128205
12126 0.0128205
11788 0.0128205
10968 0.0128205
10428 0.0128205
9681 0.0128205
9107 0.0128205
9048 0.0128205
8370 0.0128205
7985 0.0128205
7791 0.0128205
6219 0.0128205
5248 0.0128205
2433 0.0128205
1810 0.0128205
211 0.0128205
40980 0
40979 0
40978 0
40977 0
40976 0
40975 0
40974 0
40973 0
40972 0
40971 0
40970 0
40969 0
40968 0
40967 0
40966 0
40965 0
40964 0
40963 0
40962 0
40960 0
40959 0
40958 0
40957 0
40956 0
40955 0
40954 0
40953 0
40952 0
40951 0
40950 0
40949 0
40948 0
40947 0
40946 0
40945 0
40944 0
40943 0
40942 0
40941 0
40940 0
40939 0
40938 0
40937 0
40936 0
40935 0
40934 0
40933 0
40932 0
40931 0
40930 0
40929 0
40928 0
40927 0
40926 0
40925 0
40924 0
40923 0
40922 0
40921 0
40920 0
40919 0
40918 0
40917 0
40916 0
40915 0
40914 0
40913 0
40912 0
40911 0
40910 0
40909 0
40908 0
40907 0
40906 0
40905 0
40904 0
40903 0
40901 0
40900 0
40899 0
40898 0
40897 0
40896 0
40895 0
40894 0
40892 0
40891 0
40890 0
40889 0
40888 0
40887 0
40886 0
40885 0
40884 0
40883 0
40882 0
40881 0
40880 0
40879 0
40878 0
40877 0
40876 0
40875 0
40874 0
40873 0
40872 0
40871 0
40870 0
40869 0
40868 0
40867 0
40866 0
40865 0
40864 0
40863 0
40862 0
40861 0
40860 0
40859 0
40858 0
40857 0
40856 0
40855 0
40854 0
40853 0
40852 0
40851 0
40850 0
40849 0
40848 0
40847 0
40846 0
40845 0
40844 0
40843 0
40842 0
40841 0
40840 0
40839 0
40838 0
40837 0
40836 0
40835 0
40834 0
40833 0
40832 0
40831 0
40830 0
40829 0
40827 0
40826 0
40825 0
40824 0
40823 0
40822 0
40821 0
40820 0
40819 0
40818 0
40817 0
40816 0
40815 0
40814 0
40813 0
40812 0
40811 0
40810 0
40809 0
40808 0
40807 0
40806 0
40805 0
40804 0
40803 0
40802 0
40801 0
40800 0
40799 0
40798 0
40797 0
40796 0
40795 0
40794 0
40793 0
40792 0
40791 0
40790 0
40789 0
40788 0
40787 0
40786 0
40785 0
40784 0
40783 0
40782 0
40781 0
40780 0
40779 0
40778 0
40777 0
40776 0
40775 0
40774 0
40773 0
40772 0
40771 0
40770 0
40769 0
40768 0
40767 0
40766 0
40765 0
40764 0
40763 0
40762 0
40761 0
40760 0
40759 0
40758 0
40757 0
40756 0
40755 0
40754 0
40753 0
40752 0
40751 0
40750 0
40749 0
40748 0
40747 0
40746 0
40745 0
40744 0
40743 0
40742 0
40741 0
40740 0
40739 0
40738 0
40737 0
40736 0
40735 0
40734 0
40733 0
40732 0
40731 0
40730 0
40729 0
40728 0
40727 0
40726 0
40725 0
40724 0
40723 0
40722 0
40721 0
40720 0
40719 0
40718 0
40717 0
40716 0
40715 0
40714 0
40713 0
40712 0
40711 0
40710 0
40709 0
40708 0
40707 0
40706 0
40705 0
40704 0
40703 0
40702 0
40701 0
40700 0
40699 0
40698 0
40697 0
40696 0
40695 0
40694 0
40693 0
