23843 48.0318
16390 35.6306
13309 19.1543
40420 16.4358
14398 15.1423
17295 15.0435
29373 12.5847
24670 10.6345
25583 9.30633
5067 8.91934
18428 8.7066
24267 8.52349
28500 8.26177
13654 7.64143
31047 7.46644
36672 7.20338
20250 6.40642
409 6.19473
10555 6.12054
6112 5.8293
12020 5.51902
14543 5.43656
23024 5.37429
40149 5.28233
8498 5.14036
26588 5.13265
8507 5.03524
7932 4.97644
8817 4.87904
16868 4.78401
21712 4.76469
35349 4.59947
27799 4.59858
10703 4.55184
7125 4.39318
27135 4.30024
1643 4.19557
10061 3.8921
29401 3.74841
31299 3.6111
16090 3.58474
15295 3.52988
22594 3.48315
8132 3.43757
23928 3.40883
26153 3.29651
22355 3.2456
19820 3.20173
38746 3.20037
3920 3.17438
37576 3.17253
37506 3.14487
16817 3.07788
4870 3.05389
9320 3.01732
2516 2.92366
19404 2.88517
25016 2.77765
4036 2.69171
24423 2.58974
35734 2.55164
31153 2.51759
39729 2.47692
35297 2.44361
14926 2.42121
40882 2.38333
3200 2.34051
12983 2.27719
4617 2.267
1834 2.24645
27926 2.24224
4998 2.23811
22393 2.15242
33239 2.05421
39640 2.02857
22501 2.02837
19032 2.02623
24615 2.02592
17131 2.0072
29551 1.89527
3050 1.87354
4123 1.86504
40474 1.86357
12845 1.83296
6021 1.83223
35766 1.81761
19251 1.81031
32631 1.78766
17592 1.78422
19097 1.75086
24678 1.74518
40014 1.73977
8707 1.73917
9572 1.712
28572 1.7006
8375 1.66548
10587 1.65
14138 1.62763
37223 1.62004
14918 1.60198
33952 1.58333
25353 1.56485
34768 1.55952
23696 1.54523
14203 1.53828
5783 1.52101
3111 1.5149
27779 1.51044
18887 1.49985
8361 1.48333
21889 1.48099
21634 1.47764
17312 1.47207
37325 1.44997
23972 1.44802
34127 1.44489
3300 1.42711
6979 1.42622
22530 1.41026
14884 1.38002
17041 1.37998
29144 1.35585
14096 1.35533
8646 1.3344
11726 1.31449
37720 1.30324
28375 1.30243
18197 1.29287
11412 1.269
28920 1.25827
17204 1.24184
10480 1.21716
1232 1.20182
10184 1.18452
37776 1.16798
2484 1.16492
13476 1.16429
9665 1.13382
39395 1.13123
20397 1.12277
15702 1.11644
22967 1.09286
8735 1.0903
19643 1.06083
21703 1.0496
20563 1.04747
6235 1.04359
26627 1.04069
8807 1.02587
37328 1.00941
20200 1.00729
27410 1
39065 0.98254
24754 0.978373
12427 0.975055
13685 0.970556
16630 0.955512
29871 0.948759
25885 0.945401
16933 0.941923
23836 0.933187
22956 0.913743
28769 0.896429
18186 0.892157
7929 0.887454
39705 0.885999
24663 0.879129
20875 0.878315
1108 0.871398
946 0.866219
27863 0.847712
37542 0.846095
9334 0.842711
2885 0.824548
35317 0.821645
29755 0.821277
22437 0.820435
19755 0.819705
40935 0.809524
25200 0.809524
17926 0.806061
20663 0.797222
39407 0.794444
39732 0.783333
14208 0.783161
1514 0.78095
18401 0.775
24596 0.774603
38812 0.766313
18328 0.765763
27248 0.76386
23796 0.758229
3783 0.755134
14430 0.75
32870 0.749532
10086 0.745276
31972 0.743325
16543 0.735892
33727 0.72619
4506 0.72549
6985 0.716667
15672 0.711236
21606 0.711111
5484 0.709312
1008 0.706984
4994 0.702381
2674 0.702164
26306 0.699206
8237 0.69733
19826 0.690842
16313 0.688258
30384 0.686698
28922 0.675957
27515 0.674034
22098 0.67011
28234 0.666667
797 0.666667
4404 0.665891
39326 0.664064
18520 0.65165
28350 0.650797
19293 0.649406
6010 0.645912
29634 0.644444
15275 0.642857
22313 0.630997
20049 0.630357
30419 0.625
8412 0.620455
6140 0.616667
39336 0.615714
24785 0.613636
34404 0.611111
15623 0.611111
14395 0.604762
27766 0.602381
21061 0.597467
29318 0.595833
2675 0.591116
22436 0.590324
31651 0.588889
21341 0.585965
26122 0.585604
28106 0.584066
31664 0.578557
40402 0.574242
4780 0.567816
11660 0.561111
4472 0.561111
32885 0.559524
31589 0.558824
38627 0.557082
39249 0.554379
28509 0.55
7742 0.55
9180 0.541667
15020 0.540909
27033 0.540235
15874 0.53869
35346 0.536544
2869 0.535852
10689 0.529883
16534 0.527778
7811 0.527778
24077 0.524242
14759 0.522775
21323 0.522367
24239 0.522332
2496 0.520833
32620 0.519886
40890 0.516667
40485 0.512518
8120 0.5125
21527 0.511493
23953 0.511111
33695 0.510673
7947 0.505151
6508 0.499603
25179 0.49359
25065 0.49359
5815 0.492857
7112 0.48819
9059 0.487395
543 0.485552
19237 0.481311
25140 0.47961
17489 0.47914
9196 0.477778
30781 0.475673
15399 0.475
10923 0.475
23582 0.47381
15665 0.471825
33371 0.470922
36256 0.470408
32043 0.469048
17828 0.468108
31301 0.466667
36804 0.465952
32668 0.462485
30294 0.460072
3188 0.459674
16124 0.45663
19385 0.456508
33596 0.455556
8115 0.45202
16030 0.45
15142 0.448954
11122 0.447386
14774 0.445792
12278 0.441667
23724 0.433333
40314 0.428571
36400 0.416667
37137 0.41342
29901 0.40986
6825 0.409524
34312 0.408146
27195 0.407265
29376 0.40469
25317 0.404181
34252 0.402381
5867 0.40202
40198 0.397705
27333 0.397705
7846 0.395833
37401 0.394739
13502 0.390909
31256 0.386667
1908 0.385535
5179 0.383997
25614 0.37619
6518 0.375782
9210 0.375
37884 0.37406
40842 0.368347
12206 0.362475
21025 0.360714
2257 0.358889
36609 0.354701
40190 0.35114
35468 0.35
8847 0.35
24527 0.344608
37924 0.341317
12962 0.340873
29140 0.339286
40342 0.335859
39696 0.333333
39179 0.333333
33600 0.333333
33009 0.333333
30754 0.333333
30516 0.333333
24362 0.333333
21186 0.333333
18834 0.333333
18138 0.333333
15704 0.333333
15410 0.333333
15055 0.333333
13513 0.333333
10523 0.333333
8224 0.333333
7400 0.333333
4855 0.333333
4600 0.333333
3398 0.333333
1474 0.333333
944 0.333333
830 0.333333
404 0.333333
23775 0.3308
8035 0.319682
38716 0.318571
18057 0.318539
37882 0.313889
4471 0.312121
1148 0.310689
37758 0.308824
6992 0.305357
6592 0.301681
37546 0.301587
22184 0.301444
1610 0.301444
15480 0.3
37293 0.299944
18314 0.299423
10114 0.29697
37027 0.294171
25826 0.293403
31035 0.291667
16506 0.291667
20180 0.287351
19259 0.286447
8828 0.28373
30561 0.28303
9613 0.28119
36395 0.280952
21757 0.279762
21689 0.2797
5905 0.277778
3598 0.277778
37340 0.276923
6041 0.27619
3501 0.276186
24505 0.275336
14795 0.275336
36367 0.27381
38535 0.273099
2375 0.267302
39619 0.265079
25952 0.265016
31285 0.261501
15837 0.259483
31778 0.255909
10335 0.254263
28667 0.254167
40833 0.251018
33301 0.251018
24285 0.251018
37972 0.250392
40716 0.25
40604 0.25
39202 0.25
39142 0.25
38679 0.25
38354 0.25
37496 0.25
34825 0.25
34084 0.25
32783 0.25
31283 0.25
31056 0.25
29768 0.25
26410 0.25
24850 0.25
24318 0.25
22859 0.25
22788 0.25
22262 0.25
21911 0.25
20841 0.25
20587 0.25
18826 0.25
17595 0.25
16449 0.25
16339 0.25
15032 0.25
14767 0.25
11679 0.25
10174 0.25
10016 0.25
9064 0.25
7182 0.25
5787 0.25
5778 0.25
5241 0.25
2840 0.25
1642 0.25
1332 0.25
696 0.25
21060 0.248768
18588 0.24871
4569 0.246858
35715 0.246032
35601 0.245401
30359 0.245401
34737 0.240385
18955 0.24
33670 0.235653
38928 0.235489
30377 0.233766
36313 0.231443
4058 0.231443
1827 0.2308
9820 0.227632
12527 0.226018
3857 0.225
13812 0.224242
22122 0.224034
18732 0.224034
37270 0.223086
4733 0.223086
23489 0.216667
645 0.213095
40006 0.212121
12766 0.211429
1760 0.210256
24459 0.208095
33633 0.206443
1885 0.206276
24591 0.204946
321 0.202679
15264 0.202413
5700 0.202381
8039 0.202148
32241 0.201149
20109 0.200733
40519 0.2
