29401 3.88894
23843 3.47809
9876 2.68287
30612 2.58943
34758 2.24369
33831 1.60492
5317 1.28007
6249 1.26986
10789 1.02619
14082 1.01301
9739 0.916667
3769 0.8525
15151 0.816023
15067 0.806565
322 0.665789
13309 0.644903
39640 0.593919
40882 0.583333
30621 0.510965
12267 0.445489
29633 0.441597
9381 0.44064
4060 0.432857
30297 0.42619
21394 0.407241
21283 0.407241
8088 0.377778
27677 0.377632
32833 0.360495
32750 0.335965
37014 0.333333
22460 0.333333
17735 0.333333
1997 0.331169
21145 0.329041
26460 0.325149
23501 0.314286
16302 0.297619
29695 0.289898
18826 0.289898
21920 0.281566
11236 0.264874
38040 0.256366
30264 0.256366
10266 0.256366
6756 0.251623
35614 0.25
32867 0.25
31897 0.25
19701 0.25
15609 0.25
13740 0.25
4933 0.25
38986 0.215625
8469 0.215625
37701 0.206667
35080 0.206667
37347 0.2
36649 0.2
36284 0.2
10689 0.2
1608 0.2
10759 0.189776
18582 0.183908
34435 0.180984
34890 0.166667
16667 0.166667
7489 0.166667
1418 0.166667
27054 0.160586
24128 0.160586
36858 0.15691
30873 0.15691
9558 0.15691
1908 0.15691
1170 0.15691
10309 0.142857
39361 0.139181
797 0.139181
34707 0.127054
30860 0.125
27760 0.125
20812 0.125
20705 0.125
19236 0.125
18474 0.125
16416 0.125
15842 0.125
10186 0.125
6635 0.125
39 0.125
36872 0.12312
33938 0.12312
28100 0.12312
38847 0.116681
31674 0.116681
30220 0.116681
6771 0.116681
39179 0.111111
31645 0.111111
19214 0.111111
6808 0.111111
4478 0.111111
25363 0.1
25058 0.1
17571 0.1
16241 0.1
6110 0.1
167 0.1
39294 0.0909091
33468 0.0909091
27273 0.0909091
20964 0.0909091
17032 0.0909091
7638 0.0909091
10473 0.0861137
40716 0.0833333
39716 0.0833333
39228 0.0833333
29723 0.0833333
28813 0.0833333
28395 0.0833333
24882 0.0833333
20076 0.0833333
16851 0.0833333
13732 0.0833333
12652 0.0833333
12618 0.0833333
12603 0.0833333
6549 0.0833333
5626 0.0833333
3053 0.0833333
2990 0.0833333
2903 0.0833333
1084 0.0833333
39541 0.0827176
14891 0.0827176
37819 0.0699034
17810 0.0699034
14053 0.0699034
12823 0.0699034
25906 0.0666667
23581 0.0666667
29304 0.0625
36134 0.0526316
28814 0.0526316
27267 0.0526316
16850 0.0526316
15304 0.0526316
40461 0.047619
38479 0.047619
21590 0.047619
21025 0.047619
18088 0.047619
16330 0.0454545
13193 0.0454545
6408 0.0454545
18089 0.04
7203 0.04
27531 0.037037
27097 0.037037
27040 0.037037
26567 0.037037
19782 0.037037
18228 0.037037
13843 0.037037
8791 0.037037
8783 0.037037
6862 0.037037
6522 0.037037
4695 0.037037
337 0.037037
40590 0.0178571
40271 0.0178571
40052 0.0178571
36853 0.0178571
35551 0.0178571
32039 0.0178571
27082 0.0178571
25542 0.0178571
23087 0.0178571
20401 0.0178571
19572 0.0178571
18463 0.0178571
18411 0.0178571
16638 0.0178571
15987 0.0178571
11679 0.0178571
8381 0.0178571
7322 0.0178571
5867 0.0178571
4861 0.0178571
4233 0.0178571
1441 0.0178571
737 0.0178571
40691 0.0172414
37335 0.0172414
36295 0.0172414
36007 0.0172414
35351 0.0172414
34737 0.0172414
33885 0.0172414
33143 0.0172414
29336 0.0172414
27928 0.0172414
26566 0.0172414
26356 0.0172414
25259 0.0172414
23964 0.0172414
23007 0.0172414
22546 0.0172414
22066 0.0172414
20721 0.0172414
17635 0.0172414
17470 0.0172414
16301 0.0172414
15020 0.0172414
14543 0.0172414
13595 0.0172414
12835 0.0172414
10994 0.0172414
10779 0.0172414
10677 0.0172414
10618 0.0172414
10237 0.0172414
7178 0.0172414
6281 0.0172414
2612 0.0172414
843 0.0172414
819 0.0172414
39627 0.015625
39085 0.015625
38969 0.015625
37462 0.015625
37064 0.015625
36725 0.015625
36477 0.015625
35482 0.015625
34537 0.015625
34479 0.015625
34438 0.015625
31825 0.015625
28928 0.015625
28500 0.015625
25507 0.015625
25202 0.015625
24678 0.015625
24457 0.015625
23659 0.015625
23120 0.015625
23110 0.015625
23003 0.015625
21854 0.015625
21776 0.015625
20610 0.015625
17619 0.015625
15869 0.015625
13903 0.015625
13370 0.015625
11932 0.015625
11591 0.015625
10234 0.015625
9287 0.015625
8313 0.015625
6725 0.015625
4618 0.015625
4412 0.015625
4168 0.015625
1799 0.015625
1218 0.015625
40980 0
40979 0
40978 0
40977 0
40976 0
40975 0
40974 0
40973 0
40972 0
40971 0
40970 0
40969 0
40968 0
40967 0
40966 0
40965 0
40964 0
40963 0
40962 0
40961 0
40960 0
40959 0
40958 0
40957 0
40956 0
40955 0
40954 0
40953 0
40952 0
40951 0
40950 0
40949 0
40948 0
40947 0
40946 0
40945 0
40944 0
40943 0
40942 0
40941 0
40940 0
40939 0
40938 0
40937 0
40936 0
40935 0
40934 0
40933 0
40932 0
40931 0
40930 0
40929 0
40928 0
40927 0
40926 0
40925 0
40924 0
40923 0
40922 0
40921 0
40920 0
40919 0
40918 0
40917 0
40916 0
40915 0
40914 0
40913 0
40912 0
40911 0
40910 0
40909 0
40908 0
40907 0
40906 0
40905 0
40904 0
40903 0
40902 0
40901 0
40900 0
40899 0
40898 0
40897 0
40896 0
40895 0
40894 0
40893 0
40892 0
40891 0
40890 0
40889 0
40888 0
40887 0
40886 0
40885 0
40884 0
40883 0
40881 0
40880 0
40879 0
40878 0
40877 0
40876 0
40875 0
40874 0
40873 0
40872 0
40871 0
40870 0
40869 0
40868 0
40867 0
40866 0
40865 0
40864 0
40863 0
40862 0
40861 0
40860 0
40859 0
40858 0
40857 0
40856 0
40855 0
40854 0
40853 0
40852 0
40851 0
40850 0
40849 0
40848 0
40847 0
40846 0
40845 0
40844 0
40843 0
40842 0
40841 0
40840 0
40839 0
40838 0
40837 0
40836 0
40835 0
40834 0
40833 0
40832 0
40831 0
40830 0
40829 0
40828 0
40827 0
40826 0
40825 0
40824 0
40823 0
40822 0
40821 0
40820 0
40819 0
40818 0
40817 0
40816 0
40815 0
40814 0
40813 0
40812 0
40811 0
40810 0
40809 0
40808 0
40807 0
40806 0
40805 0
40804 0
40803 0
40802 0
40801 0
40800 0
40799 0
40798 0
40797 0
40796 0
40795 0
40794 0
40793 0
40792 0
40791 0
40790 0
40789 0
40788 0
40787 0
40786 0
40785 0
40784 0
40783 0
40782 0
40781 0
40780 0
40779 0
40778 0
40777 0
40776 0
40775 0
40774 0
40773 0
40772 0
40771 0
40770 0
40769 0
40768 0
40767 0
40766 0
40765 0
40764 0
40763 0
40762 0
40761 0
40760 0
40759 0
40758 0
40757 0
40756 0
40755 0
40754 0
40753 0
40752 0
40751 0
40750 0
