10117 9.15897
24762 5.9992
31301 5.43025
8672 2.09597
22594 1.87024
37711 1.275
19032 1.13452
23014 0.698088
34768 0.575
29053 0.533333
5515 0.509524
11615 0.501832
52 0.501004
27514 0.460145
28038 0.375
17634 0.369899
6262 0.333333
12620 0.282043
38229 0.25
17159 0.25
36623 0.208974
7894 0.208974
13646 0.207043
26923 0.2
24265 0.2
9665 0.2
3807 0.2
987 0.2
39171 0.18023
36734 0.166667
19589 0.149813
10980 0.149813
10737 0.149813
7691 0.149813
5373 0.149813
38002 0.142857
34470 0.142857
32799 0.142857
31561 0.142857
27646 0.142857
26152 0.142857
23366 0.142857
23353 0.142857
18328 0.142857
14366 0.142857
6372 0.142857
3936 0.142857
2783 0.142857
543 0.142857
28305 0.138386
13785 0.138386
6671 0.138386
37998 0.125
23495 0.125
22288 0.125
128 0.125
33814 0.115641
22465 0.115641
2838 0.115641
26251 0.111111
21097 0.111111
40017 0.108824
38662 0.1
34495 0.1
22125 0.1
3648 0.1
22228 0.0833333
19758 0.0833333
14377 0.0833333
7881 0.0833333
7556 0.0833333
1897 0.0833333
1204 0.0833333
9442 0.0769231
40912 0.0526316
40031 0.0526316
39197 0.0526316
37857 0.0526316
33941 0.0526316
33492 0.0526316
26334 0.0526316
25427 0.0526316
14820 0.0526316
10127 0.0526316
3031 0.0526316
2241 0.0526316
1444 0.0526316
17 0.0526316
35985 0.05
34825 0.05
33672 0.05
28122 0.05
27886 0.05
25101 0.05
24428 0.05
22990 0.05
17184 0.05
1177 0.05
39384 0.0434783
38638 0.0434783
26978 0.0434783
18788 0.0434783
15603 0.0434783
10523 0.0434783
6096 0.0434783
2859 0.0434783
2663 0.0434783
39165 0.04
38967 0.04
37175 0.04
34562 0.04
31327 0.04
31006 0.04
30780 0.04
26506 0.04
25631 0.04
22724 0.04
20554 0.04
9601 0.04
8563 0.04
7972 0.04
5800 0.04
4822 0.04
1971 0.04
1877 0.04
37709 0.0384615
33501 0.0384615
32323 0.0384615
30874 0.0384615
27790 0.0384615
26272 0.0384615
22377 0.0384615
20465 0.0384615
19654 0.0384615
19001 0.0384615
17152 0.0384615
16652 0.0384615
16161 0.0384615
14440 0.0384615
12639 0.0384615
11862 0.0384615
11379 0.0384615
11300 0.0384615
10404 0.0384615
8122 0.0384615
7958 0.0384615
4845 0.0384615
40576 0.0294118
40029 0.0294118
39875 0.0294118
39730 0.0294118
36106 0.0294118
35366 0.0294118
34618 0.0294118
33990 0.0294118
33944 0.0294118
33389 0.0294118
33160 0.0294118
32863 0.0294118
32593 0.0294118
30540 0.0294118
30208 0.0294118
28904 0.0294118
27939 0.0294118
25017 0.0294118
23364 0.0294118
22732 0.0294118
21737 0.0294118
21247 0.0294118
18859 0.0294118
18044 0.0294118
18011 0.0294118
17999 0.0294118
16527 0.0294118
15676 0.0294118
13588 0.0294118
11944 0.0294118
10923 0.0294118
10332 0.0294118
10277 0.0294118
10073 0.0294118
9019 0.0294118
7708 0.0294118
7425 0.0294118
7343 0.0294118
5816 0.0294118
3287 0.0294118
2958 0.0294118
2289 0.0294118
2249 0.0294118
808 0.0294118
40758 0.025641
40573 0.025641
39582 0.025641
33708 0.025641
32852 0.025641
32767 0.025641
31816 0.025641
31265 0.025641
29639 0.025641
26892 0.025641
26750 0.025641
26361 0.025641
23374 0.025641
21399 0.025641
20947 0.025641
15187 0.025641
13955 0.025641
10880 0.025641
9413 0.025641
8186 0.025641
6856 0.025641
3369 0.025641
2775 0.025641
40980 0
40979 0
40978 0
40977 0
40976 0
40975 0
40974 0
40973 0
40972 0
40971 0
40970 0
40969 0
40968 0
40967 0
40966 0
40965 0
40964 0
40963 0
40962 0
40961 0
40960 0
40959 0
40958 0
40957 0
40956 0
40955 0
40954 0
40953 0
40952 0
40951 0
40950 0
40949 0
40948 0
40947 0
40946 0
40945 0
40944 0
40943 0
40942 0
40941 0
40940 0
40939 0
40938 0
40937 0
40936 0
40935 0
40934 0
40933 0
40932 0
40931 0
40930 0
40929 0
40928 0
40927 0
40926 0
40925 0
40924 0
40923 0
40922 0
40921 0
40920 0
40919 0
40918 0
40917 0
40916 0
40915 0
40914 0
40913 0
40911 0
40910 0
40909 0
40908 0
40907 0
40906 0
40905 0
40904 0
40903 0
40902 0
40901 0
40900 0
40899 0
40898 0
40897 0
40896 0
40895 0
40894 0
40893 0
40892 0
40891 0
40890 0
40889 0
40888 0
40887 0
40886 0
40885 0
40884 0
40883 0
40882 0
40881 0
40880 0
40879 0
40878 0
40877 0
40876 0
40875 0
40874 0
40873 0
40872 0
40871 0
40870 0
40869 0
40868 0
40867 0
40866 0
40865 0
40864 0
40863 0
40862 0
40861 0
40860 0
40859 0
40858 0
40857 0
40856 0
40855 0
40854 0
40853 0
40852 0
40851 0
40850 0
40849 0
40848 0
40847 0
40846 0
40845 0
40844 0
40843 0
40842 0
40841 0
40840 0
40839 0
40838 0
40837 0
40836 0
40835 0
40834 0
40833 0
40832 0
40831 0
40830 0
40829 0
40828 0
40827 0
40826 0
40825 0
40824 0
40823 0
40822 0
40821 0
40820 0
40819 0
40818 0
40817 0
40816 0
40815 0
40814 0
40813 0
40812 0
40811 0
40810 0
40809 0
40808 0
40807 0
40806 0
40805 0
40804 0
40803 0
40802 0
40801 0
40800 0
40799 0
40798 0
40797 0
40796 0
40795 0
40794 0
40793 0
40792 0
40791 0
40790 0
40789 0
40788 0
40787 0
40786 0
40785 0
40784 0
40783 0
40782 0
40781 0
40780 0
40779 0
40778 0
40777 0
40776 0
40775 0
40774 0
40773 0
40772 0
40771 0
40770 0
40769 0
40768 0
40767 0
40766 0
40765 0
40764 0
40763 0
40762 0
40761 0
40760 0
40759 0
40757 0
40756 0
40755 0
40754 0
40753 0
40752 0
40751 0
40750 0
40749 0
40748 0
40747 0
40746 0
40745 0
40744 0
40743 0
40742 0
40741 0
40740 0
40739 0
40738 0
40737 0
40736 0
40735 0
40734 0
40733 0
40732 0
40731 0
40730 0
40729 0
40728 0
40727 0
40726 0
40725 0
40724 0
40723 0
40722 0
40721 0
40720 0
40719 0
40718 0
40717 0
40716 0
40715 0
40714 0
40713 0
40712 0
40711 0
40710 0
40709 0
40708 0
40707 0
40706 0
40705 0
40704 0
40703 0
40702 0
40701 0
40700 0
40699 0
40698 0
40697 0
40696 0
40695 0
40694 0
40693 0
