31301 3.97542
25543 2.47738
14544 1.15723
26750 1.11258
40661 0.940176
4405 0.935672
6823 0.83241
26401 0.730316
24803 0.665138
27514 0.643559
34825 0.583333
36292 0.57831
10009 0.567992
39616 0.549711
27951 0.534483
32023 0.517857
28582 0.509524
12021 0.509346
8238 0.506452
13079 0.466667
19380 0.447944
24623 0.433333
3282 0.427757
30793 0.416667
2885 0.416667
5066 0.396429
22663 0.371429
17634 0.368947
13719 0.354762
16853 0.329167
38176 0.325917
7675 0.315448
3493 0.3125
29997 0.30989
10315 0.30609
19449 0.29359
25462 0.279167
20966 0.267832
16310 0.263649
32356 0.261905
3860 0.261905
7928 0.259251
19295 0.251794
3936 0.25
3010 0.25
7942 0.242865
38793 0.233479
39731 0.227505
7708 0.218827
26892 0.213364
3434 0.211383
37087 0.211081
40609 0.206061
26159 0.203893
35048 0.2
34274 0.2
8672 0.2
2867 0.2
901 0.2
3075 0.198007
2982 0.198007
4538 0.196846
33651 0.18777
13527 0.18777
2712 0.18777
363 0.183375
2237 0.179071
32261 0.17481
19847 0.173181
12419 0.173181
29310 0.172159
11075 0.172159
39687 0.166667
36299 0.166667
35598 0.166667
34852 0.166667
15603 0.166667
6173 0.166667
4173 0.166667
2241 0.166667
38184 0.164108
26088 0.164108
19925 0.164108
6705 0.164108
18209 0.156452
11937 0.147874
11492 0.147874
6694 0.147874
36467 0.142857
36046 0.142857
33650 0.142857
31859 0.142857
14603 0.142857
4432 0.142857
36418 0.125
27799 0.125
27434 0.125
15581 0.125
4864 0.125
2869 0.125
2249 0.125
830 0.125
31147 0.119236
22514 0.119236
16071 0.119236
4787 0.119236
32902 0.114625
23849 0.114625
25413 0.111615
23987 0.111615
14172 0.111615
9795 0.111615
3447 0.111615
40364 0.111111
25284 0.111111
23539 0.111111
10219 0.111111
28444 0.107262
23014 0.107262
8186 0.107262
39027 0.106329
36623 0.106329
35795 0.106329
27679 0.106329
20129 0.106329
10852 0.106329
8730 0.106329
6504 0.106329
2289 0.106329
11763 0.103434
40174 0.1
29955 0.1
25984 0.1
25868 0.1
25220 0.1
24979 0.1
23553 0.1
16791 0.1
16214 0.1
14615 0.1
13159 0.1
3615 0.1
3112 0.1
15643 0.0979442
7374 0.0979442
4943 0.0979442
28450 0.0909091
25001 0.0909091
14588 0.0909091
3260 0.0909091
32975 0.081868
32158 0.081868
23663 0.081868
23366 0.081868
22583 0.081868
18655 0.081868
12885 0.081868
35666 0.0769231
32921 0.0769231
31930 0.0769231
26333 0.0769231
23380 0.0769231
16865 0.0769231
8011 0.0769231
36045 0.0714286
34592 0.0714286
30335 0.0714286
28697 0.0714286
16278 0.0714286
9846 0.0714286
40573 0.0666667
38133 0.0666667
23402 0.0666667
16982 0.0666667
7828 0.0666667
7503 0.0666667
33936 0.0625
33804 0.0625
31762 0.0625
28959 0.0625
28543 0.0625
23348 0.0625
23193 0.0625
22518 0.0625
16926 0.0625
11061 0.0625
7452 0.0625
1718 0.0625
14920 0.0588235
36208 0.05
29408 0.05
26374 0.05
23059 0.05
18614 0.05
3938 0.05
952 0.05
35437 0.047619
34871 0.047619
30494 0.047619
22166 0.047619
17515 0.047619
13640 0.047619
12176 0.047619
1091 0.047619
39743 0.0385247
34495 0.0385247
28811 0.0385247
26083 0.0385247
24756 0.0385247
17272 0.0385247
15446 0.0385247
14834 0.0385247
919 0.0385247
52 0.0385247
31606 0.0384615
29154 0.0384615
23655 0.0384615
22288 0.0384615
17189 0.0384615
17075 0.0384615
13405 0.0384615
12243 0.0384615
9831 0.0384615
4851 0.0384615
1628 0.0384615
40381 0.0365437
31986 0.0365437
27713 0.0365437
25725 0.0365437
23742 0.0365437
19124 0.0365437
16895 0.0365437
16446 0.0365437
14779 0.0365437
14565 0.0365437
13762 0.0365437
10602 0.0365437
3567 0.0365437
187 0.0365437
57 0.0365437
39454 0.0344828
32718 0.0344828
23221 0.0344828
20634 0.0344828
19019 0.0344828
13323 0.0344828
10118 0.0344828
40663 0.03125
37797 0.03125
33599 0.03125
33390 0.03125
24649 0.03125
15505 0.03125
9105 0.03125
8955 0.03125
40775 0.0227273
39994 0.0227273
39090 0.0227273
38662 0.0227273
38199 0.0227273
34223 0.0227273
33556 0.0227273
31173 0.0227273
29828 0.0227273
29493 0.0227273
26054 0.0227273
22502 0.0227273
15086 0.0227273
14307 0.0227273
10483 0.0227273
8330 0.0227273
5373 0.0227273
3418 0.0227273
2783 0.0227273
40704 0.0163934
40487 0.0163934
40294 0.0163934
38668 0.0163934
37665 0.0163934
36051 0.0163934
34120 0.0163934
33496 0.0163934
32148 0.0163934
30286 0.0163934
30144 0.0163934
28153 0.0163934
27646 0.0163934
25880 0.0163934
25817 0.0163934
20684 0.0163934
19962 0.0163934
19119 0.0163934
17121 0.0163934
16833 0.0163934
14746 0.0163934
13990 0.0163934
13871 0.0163934
13187 0.0163934
12490 0.0163934
11861 0.0163934
11128 0.0163934
9200 0.0163934
8589 0.0163934
6584 0.0163934
3473 0.0163934
3042 0.0163934
1803 0.0163934
979 0.0163934
40969 0.0136986
40968 0.0136986
40635 0.0136986
39582 0.0136986
31662 0.0136986
29741 0.0136986
29554 0.0136986
29032 0.0136986
28382 0.0136986
28123 0.0136986
27013 0.0136986
26361 0.0136986
25944 0.0136986
24518 0.0136986
24316 0.0136986
23498 0.0136986
21849 0.0136986
20947 0.0136986
19396 0.0136986
15095 0.0136986
13295 0.0136986
11615 0.0136986
9019 0.0136986
8019 0.0136986
7164 0.0136986
5723 0.0136986
3863 0.0136986
1427 0.0136986
774 0.0136986
569 0.0136986
40903 0.00934579
39106 0.00934579
38516 0.00934579
37221 0.00934579
36962 0.00934579
35592 0.00934579
34394 0.00934579
33683 0.00934579
31265 0.00934579
31200 0.00934579
30829 0.00934579
29977 0.00934579
29360 0.00934579
28033 0.00934579
27886 0.00934579
26922 0.00934579
25629 0.00934579
25399 0.00934579
22560 0.00934579
22402 0.00934579
22054 0.00934579
20489 0.00934579
19529 0.00934579
17833 0.00934579
17392 0.00934579
16404 0.00934579
16149 0.00934579
16077 0.00934579
16061 0.00934579
15504 0.00934579
15451 0.00934579
14377 0.00934579
13845 0.00934579
13422 0.00934579
13332 0.00934579
13003 0.00934579
12221 0.00934579
11601 0.00934579
10731 0.00934579
8867 0.00934579
8695 0.00934579
7691 0.00934579
7339 0.00934579
7024 0.00934579
6565 0.00934579
6096 0.00934579
5346 0.00934579
4794 0.00934579
1312 0.00934579
1291 0.00934579
99 0.00934579
40869 0.00645161
40829 0.00645161
40811 0.00645161
39649 0.00645161
39112 0.00645161
39048 0.00645161
38073 0.00645161
37940 0.00645161
37818 0.00645161
37176 0.00645161
36606 0.00645161
36202 0.00645161
35879 0.00645161
35537 0.00645161
34598 0.00645161
34529 0.00645161
34357 0.00645161
34355 0.00645161
34126 0.00645161
33679 0.00645161
33574 0.00645161
33383 0.00645161
33331 0.00645161
33327 0.00645161
33189 0.00645161
33068 0.00645161
32873 0.00645161
32862 0.00645161
31861 0.00645161
31041 0.00645161
30972 0.00645161
30611 0.00645161
30436 0.00645161
30167 0.00645161
28441 0.00645161
28257 0.00645161
27892 0.00645161
27401 0.00645161
26607 0.00645161
26506 0.00645161
26395 0.00645161
25352 0.00645161
24818 0.00645161
24335 0.00645161
24237 0.00645161
23933 0.00645161
23658 0.00645161
23317 0.00645161
23013 0.00645161
22533 0.00645161
21774 0.00645161
21495 0.00645161
21345 0.00645161
21312 0.00645161
21097 0.00645161
20597 0.00645161
20546 0.00645161
19857 0.00645161
19589 0.00645161
19298 0.00645161
18616 0.00645161
16710 0.00645161
16659 0.00645161
16523 0.00645161
16270 0.00645161
15637 0.00645161
13935 0.00645161
13646 0.00645161
13541 0.00645161
13432 0.00645161
12812 0.00645161
12572 0.00645161
12518 0.00645161
11836 0.00645161
11668 0.00645161
11506 0.00645161
10980 0.00645161
10844 0.00645161
10737 0.00645161
10560 0.00645161
10472 0.00645161
10131 0.00645161
8953 0.00645161
8870 0.00645161
8538 0.00645161
8488 0.00645161
8474 0.00645161
7726 0.00645161
6794 0.00645161
6642 0.00645161
6414 0.00645161
6309 0.00645161
6002 0.00645161
5920 0.00645161
5460 0.00645161
4881 0.00645161
4746 0.00645161
4375 0.00645161
4082 0.00645161
3600 0.00645161
3494 0.00645161
3369 0.00645161
3363 0.00645161
3336 0.00645161
2958 0.00645161
2779 0.00645161
1562 0.00645161
1267 0.00645161
799 0.00645161
186 0.00645161
40980 0
