23843 4.6715
13309 4.02462
16390 3.58712
29401 2.8554
23796 2.79662
33233 2.72545
4991 2.60246
3920 1.93943
21689 1.88126
24670 1.64398
35349 1.64075
6399 1.53461
22501 1.47619
9243 1.46786
10689 1.45
30561 1.29254
28500 1.29009
27384 0.945833
40882 0.931818
25188 0.897339
12892 0.881183
9543 0.82308
8831 0.740018
20875 0.733333
16963 0.72619
26153 0.703018
31778 0.685618
4998 0.674205
34737 0.671272
34111 0.666667
7125 0.663179
27135 0.631206
1834 0.631206
9059 0.625
21224 0.596861
31285 0.5625
18428 0.541667
29373 0.537933
29908 0.535354
24406 0.526311
27732 0.521429
2675 0.517027
36256 0.510256
23836 0.472756
4372 0.467857
19419 0.465909
31482 0.440909
15605 0.438095
31235 0.434239
37328 0.398352
830 0.385185
14543 0.381612
8672 0.375
16123 0.372024
14398 0.371765
21634 0.367857
19016 0.367857
18584 0.359403
16571 0.359403
19901 0.350118
16868 0.334524
31239 0.333333
30764 0.333333
25139 0.333333
24591 0.333333
7639 0.333333
5673 0.333333
37354 0.32423
30412 0.314286
39640 0.302632
37134 0.296429
39142 0.273352
26627 0.25
19770 0.25
17295 0.25
12741 0.25
6877 0.25
5112 0.25
7277 0.233489
21288 0.223388
25353 0.220063
28572 0.219697
2312 0.216346
23928 0.209428
21712 0.201389
39729 0.2
39028 0.2
35128 0.2
32885 0.2
24423 0.2
20049 0.2
4761 0.2
30294 0.198039
25583 0.198039
13123 0.198039
38796 0.178846
37293 0.178846
14208 0.178846
4569 0.178846
4123 0.178846
6112 0.176984
12421 0.173352
26149 0.166667
25885 0.166667
21839 0.166667
20055 0.166667
19985 0.166667
18367 0.166667
11412 0.166667
9167 0.166667
7093 0.166667
6611 0.166667
5294 0.166667
37122 0.142857
35715 0.142857
31475 0.142857
28375 0.142857
19545 0.142857
17592 0.142857
11986 0.142857
11634 0.142857
10114 0.142857
7297 0.142857
163 0.142857
0 0.142857
25761 0.138766
14926 0.138766
39862 0.125
38350 0.125
29826 0.125
21323 0.125
14203 0.125
6049 0.125
39908 0.111111
39824 0.111111
37267 0.111111
33026 0.111111
26456 0.111111
25509 0.111111
23461 0.111111
19755 0.111111
16076 0.111111
10396 0.111111
9613 0.111111
6898 0.111111
4567 0.111111
4036 0.111111
2612 0.111111
9572 0.11016
18088 0.1
8707 0.1
39249 0.0909091
37506 0.0909091
31047 0.0909091
20353 0.0909091
19032 0.0909091
17828 0.0909091
16831 0.0909091
11404 0.0909091
8967 0.0909091
3050 0.0909091
651 0.0909091
19820 0.08878
20250 0.0851604
3721 0.0851604
1306 0.0851604
25937 0.0833333
17131 0.0833333
12872 0.0833333
3200 0.0833333
225 0.0833333
40578 0.0769231
34682 0.0769231
32305 0.0769231
28394 0.0769231
28234 0.0769231
27654 0.0769231
25342 0.0769231
21833 0.0769231
21061 0.0769231
19246 0.0769231
15341 0.0769231
8459 0.0769231
6738 0.0769231
40299 0.0714286
28137 0.0714286
24919 0.0714286
24785 0.0714286
16683 0.0714286
16075 0.0714286
3300 0.0714286
880 0.0714286
38044 0.0625
35895 0.0625
30881 0.0625
24631 0.0625
18578 0.0625
16534 0.0625
5905 0.0625
12983 0.0555556
40318 0.0526316
30264 0.0526316
14118 0.0526316
13849 0.0526316
11899 0.0526316
3709 0.0526316
668 0.0526316
39296 0.05
38630 0.05
38535 0.05
22355 0.05
19293 0.05
19259 0.05
32870 0.0454545
32668 0.0454545
27245 0.0454545
25016 0.0454545
20369 0.0454545
10210 0.0454545
5783 0.0454545
4471 0.0454545
2674 0.0454545
40332 0.025
38716 0.025
35799 0.025
34327 0.025
31985 0.025
31395 0.025
29113 0.025
28920 0.025
25140 0.025
22437 0.025
22393 0.025
18109 0.025
16630 0.025
11214 0.025
10555 0.025
9885 0.025
39962 0.0185185
39791 0.0185185
38141 0.0185185
36239 0.0185185
35839 0.0185185
35734 0.0185185
35439 0.0185185
34702 0.0185185
34127 0.0185185
33710 0.0185185
33545 0.0185185
33510 0.0185185
33267 0.0185185
32243 0.0185185
30793 0.0185185
29473 0.0185185
29464 0.0185185
29077 0.0185185
28595 0.0185185
24754 0.0185185
24162 0.0185185
20000 0.0185185
17312 0.0185185
16543 0.0185185
16090 0.0185185
15416 0.0185185
15225 0.0185185
12911 0.0185185
7889 0.0185185
6654 0.0185185
6460 0.0185185
2885 0.0185185
1659 0.0185185
40508 0.0147059
39177 0.0147059
36197 0.0147059
35982 0.0147059
35882 0.0147059
35346 0.0147059
34312 0.0147059
33256 0.0147059
32699 0.0147059
32289 0.0147059
31729 0.0147059
31153 0.0147059
30914 0.0147059
30737 0.0147059
28769 0.0147059
28360 0.0147059
28216 0.0147059
26306 0.0147059
26174 0.0147059
25599 0.0147059
20459 0.0147059
19237 0.0147059
18405 0.0147059
18334 0.0147059
17926 0.0147059
16504 0.0147059
12575 0.0147059
10810 0.0147059
9825 0.0147059
9665 0.0147059
8611 0.0147059
8507 0.0147059
4669 0.0147059
2877 0.0147059
2200 0.0147059
40980 0
40979 0
40978 0
40977 0
40976 0
40975 0
40974 0
40973 0
40972 0
40971 0
40970 0
40969 0
40968 0
40967 0
40966 0
40965 0
40964 0
40963 0
40962 0
40961 0
40960 0
40959 0
40958 0
40957 0
40956 0
40955 0
40954 0
40953 0
40952 0
40951 0
40950 0
40949 0
40948 0
40947 0
40946 0
40945 0
40944 0
40943 0
40942 0
40941 0
40940 0
40939 0
40938 0
40937 0
40936 0
40935 0
40934 0
40933 0
40932 0
40931 0
40930 0
40929 0
40928 0
40927 0
40926 0
40925 0
40924 0
40923 0
40922 0
40921 0
40920 0
40919 0
40918 0
40917 0
40916 0
40915 0
40914 0
40913 0
40912 0
40911 0
40910 0
40909 0
40908 0
40907 0
40906 0
40905 0
40904 0
40903 0
40902 0
40901 0
40900 0
40899 0
40898 0
40897 0
40896 0
40895 0
40894 0
40893 0
40892 0
40891 0
40890 0
40889 0
40888 0
40887 0
40886 0
40885 0
40884 0
40883 0
40881 0
40880 0
40879 0
40878 0
40877 0
40876 0
40875 0
40874 0
40873 0
40872 0
40871 0
40870 0
40869 0
40868 0
40867 0
40866 0
40865 0
40864 0
40863 0
40862 0
40861 0
40860 0
40859 0
40858 0
40857 0
40856 0
40855 0
40854 0
40853 0
40852 0
40851 0
40850 0
40849 0
40848 0
40847 0
40846 0
40845 0
40844 0
40843 0
40842 0
40841 0
40840 0
40839 0
40838 0
40837 0
40836 0
40835 0
40834 0
40833 0
40832 0
40831 0
40830 0
40829 0
40828 0
40827 0
40826 0
40825 0
40824 0
40823 0
40822 0
40821 0
40820 0
40819 0
40818 0
40817 0
40816 0
40815 0
40814 0
40813 0
40812 0
40811 0
40810 0
40809 0
40808 0
40807 0
40806 0
40805 0
40804 0
40803 0
40802 0
40801 0
40800 0
40799 0
40798 0
40797 0
40796 0
40795 0
40794 0
40793 0
40792 0
40791 0
40790 0
40789 0
40788 0
40787 0
40786 0
