17231 38.2893
29993 16.1544
22387 14.1816
16389 14.1685
7804 10.1116
18950 9.64884
2490 8.30755
39695 5.89464
11709 3.35079
9689 2.8054
17188 2.36308
8672 2.10668
34106 1.66582
31301 1.53596
10569 1.01944
38167 0.985014
3936 0.822222
23990 0.80119
10944 0.624542
36734 0.610014
26287 0.603604
3006 0.583333
22594 0.566667
17371 0.512731
26311 0.503846
29494 0.476316
6495 0.474801
18344 0.45
10923 0.434524
24825 0.42619
33522 0.41978
7738 0.340909
10496 0.333333
18034 0.285256
5165 0.274242
5965 0.264957
8888 0.258824
16652 0.257576
37923 0.256944
6189 0.254652
1271 0.251923
21703 0.25
20391 0.25
18000 0.24359
27799 0.230409
11192 0.22076
38151 0.204657
7729 0.201389
27892 0.2
19032 0.2
10194 0.2
11677 0.176048
37426 0.166667
21251 0.166667
15179 0.166667
28089 0.142857
3277 0.142857
543 0.142857
19573 0.125
13889 0.125
13775 0.125
8662 0.125
52 0.125
31509 0.111111
31272 0.111111
25300 0.111111
18328 0.111111
17794 0.111111
9413 0.111111
6870 0.111111
2885 0.111111
2869 0.111111
830 0.111111
39913 0.1
33768 0.1
32625 0.1
38327 0.0909091
38063 0.0909091
33977 0.0909091
29611 0.0909091
15249 0.0909091
12730 0.0909091
10404 0.0909091
5801 0.0909091
5389 0.0909091
363 0.0909091
39904 0.0833333
34406 0.0833333
28405 0.0833333
17751 0.0833333
14440 0.0833333
14068 0.0833333
9442 0.0833333
23843 0.0769231
23431 0.0769231
21362 0.0769231
10646 0.0769231
6758 0.0769231
3262 0.0769231
1314 0.0769231
40883 0.0714286
27895 0.0714286
31947 0.0666667
30897 0.0666667
25362 0.0666667
20704 0.0666667
18834 0.0666667
14138 0.0666667
12451 0.0666667
3002 0.0666667
1410 0.0666667
35903 0.0625
20926 0.0625
4520 0.0625
2859 0.0625
26062 0.0588235
20273 0.0588235
13040 0.0588235
6970 0.0588235
2647 0.0588235
2560 0.0588235
31348 0.0555556
25167 0.0555556
20128 0.0555556
17083 0.0555556
15155 0.0555556
6347 0.0555556
2665 0.0555556
1476 0.0555556
471 0.0555556
28390 0.0526316
24678 0.0526316
24239 0.0526316
22184 0.0526316
17312 0.0526316
11626 0.0526316
1610 0.0526316
37186 0.05
34214 0.05
30757 0.05
29891 0.05
29085 0.05
29004 0.05
23213 0.05
21401 0.05
4423 0.05
989 0.05
39851 0.0263158
39850 0.0263158
34946 0.0263158
32996 0.0263158
32353 0.0263158
32056 0.0263158
31018 0.0263158
30758 0.0263158
30263 0.0263158
28510 0.0263158
27804 0.0263158
27640 0.0263158
27197 0.0263158
27031 0.0263158
25512 0.0263158
23373 0.0263158
17745 0.0263158
12824 0.0263158
11978 0.0263158
6530 0.0263158
6176 0.0263158
4345 0.0263158
4151 0.0263158
3109 0.0263158
2246 0.0263158
40980 0
40979 0
40978 0
40977 0
40976 0
40975 0
40974 0
40973 0
40972 0
40971 0
40970 0
40969 0
40968 0
40967 0
40966 0
40965 0
40964 0
40963 0
40962 0
40961 0
40960 0
40959 0
40958 0
40957 0
40956 0
40955 0
40954 0
40953 0
40952 0
40951 0
40950 0
40949 0
40948 0
40947 0
40946 0
40945 0
40944 0
40943 0
40942 0
40941 0
40940 0
40939 0
40938 0
40937 0
40936 0
40935 0
40934 0
40933 0
40932 0
40931 0
40930 0
40929 0
40928 0
40927 0
40926 0
40925 0
40924 0
40923 0
40922 0
40921 0
40920 0
40919 0
40918 0
40917 0
40916 0
40915 0
40914 0
40913 0
40912 0
40911 0
40910 0
40909 0
40908 0
40907 0
40906 0
40905 0
40904 0
40903 0
40902 0
40901 0
40900 0
40899 0
40898 0
40897 0
40896 0
40895 0
40894 0
40893 0
40892 0
40891 0
40890 0
40889 0
40888 0
40887 0
40886 0
40885 0
40884 0
40882 0
40881 0
40880 0
40879 0
40878 0
40877 0
40876 0
40875 0
40874 0
40873 0
40872 0
40871 0
40870 0
40869 0
40868 0
40867 0
40866 0
40865 0
40864 0
40863 0
40862 0
40861 0
40860 0
40859 0
40858 0
40857 0
40856 0
40855 0
40854 0
40853 0
40852 0
40851 0
40850 0
40849 0
40848 0
40847 0
40846 0
40845 0
40844 0
40843 0
40842 0
40841 0
40840 0
40839 0
40838 0
40837 0
40836 0
40835 0
40834 0
40833 0
40832 0
40831 0
40830 0
40829 0
40828 0
40827 0
40826 0
40825 0
40824 0
40823 0
40822 0
40821 0
40820 0
40819 0
40818 0
40817 0
40816 0
40815 0
40814 0
40813 0
40812 0
40811 0
40810 0
40809 0
40808 0
40807 0
40806 0
40805 0
40804 0
40803 0
40802 0
40801 0
40800 0
40799 0
40798 0
40797 0
40796 0
40795 0
40794 0
40793 0
40792 0
40791 0
40790 0
40789 0
40788 0
40787 0
40786 0
40785 0
40784 0
40783 0
40782 0
40781 0
40780 0
40779 0
40778 0
40777 0
40776 0
40775 0
40774 0
40773 0
40772 0
40771 0
40770 0
40769 0
40768 0
40767 0
40766 0
40765 0
40764 0
40763 0
40762 0
40761 0
40760 0
40759 0
40758 0
40757 0
40756 0
40755 0
40754 0
40753 0
40752 0
40751 0
40750 0
40749 0
40748 0
40747 0
40746 0
40745 0
40744 0
40743 0
40742 0
40741 0
40740 0
40739 0
40738 0
40737 0
40736 0
40735 0
40734 0
40733 0
40732 0
40731 0
40730 0
40729 0
40728 0
40727 0
40726 0
40725 0
40724 0
40723 0
40722 0
40721 0
40720 0
40719 0
40718 0
40717 0
40716 0
40715 0
40714 0
40713 0
40712 0
40711 0
40710 0
40709 0
40708 0
40707 0
40706 0
40705 0
40704 0
40703 0
40702 0
40701 0
40700 0
40699 0
40698 0
40697 0
40696 0
40695 0
40694 0
40693 0
40692 0
40691 0
40690 0
40689 0
40688 0
40687 0
40686 0
40685 0
40684 0
40683 0
40682 0
40681 0
40680 0
40679 0
40678 0
40677 0
40676 0
40675 0
40674 0
40673 0
40672 0
40671 0
40670 0
40669 0
40668 0
40667 0
40666 0
40665 0
40664 0
40663 0
40662 0
40661 0
40660 0
40659 0
40658 0
40657 0
40656 0
40655 0
40654 0
40653 0
40652 0
