19032 5.26098
2560 2.25555
35307 2.05552
886 1.64286
6119 1.56587
31407 1.36536
22613 1.00344
30916 0.929331
28757 0.879762
20309 0.879762
2434 0.833333
953 0.822339
39867 0.786111
7205 0.699207
25780 0.642144
8136 0.632143
5686 0.616667
36189 0.609824
35445 0.524242
13809 0.515954
18136 0.5
32888 0.480557
35676 0.467029
29275 0.458913
22757 0.437302
22656 0.399733
7250 0.369958
38144 0.365591
32961 0.342361
30038 0.336601
16341 0.308824
18328 0.275362
28774 0.267857
2447 0.25119
23843 0.25
3715 0.25
19708 0.228687
24598 0.209524
1081 0.209524
6262 0.2
3417 0.2
23368 0.192519
18984 0.192519
543 0.192519
3743 0.175362
28031 0.171033
31301 0.166667
27151 0.166667
23414 0.166667
22137 0.166667
19013 0.166667
9205 0.166667
17790 0.161473
7204 0.161473
6380 0.161473
4512 0.161473
24121 0.142857
20420 0.142857
15231 0.142857
36492 0.125
13806 0.125
10556 0.125
32055 0.111111
24033 0.111111
22935 0.1
19726 0.1
31283 0.0909091
26875 0.0898658
5318 0.0898658
24498 0.0833333
15535 0.0833333
7236 0.0833333
6358 0.0833333
4497 0.0833333
38906 0.0826204
32344 0.0826204
31059 0.0826204
1026 0.0826204
39463 0.0742072
28290 0.0742072
26696 0.0742072
7721 0.0742072
5402 0.0742072
2370 0.0742072
1907 0.0742072
357 0.0742072
33826 0.0714286
32263 0.0649457
31806 0.0649457
27504 0.0649457
20845 0.0649457
20478 0.0649457
20347 0.0649457
12714 0.0649457
9767 0.0649457
5633 0.0649457
3633 0.0649457
66 0.0649457
37775 0.0588235
35980 0.0588235
34340 0.0588235
29793 0.0588235
16438 0.0588235
13252 0.0588235
40806 0.0416667
38228 0.0416667
37663 0.0416667
37613 0.0416667
36145 0.0416667
26755 0.0416667
20390 0.0416667
20090 0.0416667
18364 0.0416667
17098 0.0416667
14031 0.0416667
8711 0.0416667
5249 0.0416667
4217 0.0416667
499 0.0416667
32651 0.0322581
26498 0.0322581
26236 0.0322581
19164 0.0322581
10181 0.0322581
40215 0.03125
38697 0.03125
25776 0.03125
22979 0.03125
18180 0.03125
17782 0.03125
10639 0.03125
5809 0.03125
242 0.03125
40514 0.025
39348 0.025
38598 0.025
31673 0.025
20980 0.025
17762 0.025
13834 0.025
36499 0.0169492
36306 0.0169492
33904 0.0169492
33700 0.0169492
33342 0.0169492
33001 0.0169492
31188 0.0169492
29207 0.0169492
27702 0.0169492
26705 0.0169492
26608 0.0169492
25802 0.0169492
24644 0.0169492
23587 0.0169492
23401 0.0169492
23026 0.0169492
20900 0.0169492
18353 0.0169492
17370 0.0169492
14841 0.0169492
13977 0.0169492
13969 0.0169492
13960 0.0169492
13496 0.0169492
12948 0.0169492
12476 0.0169492
9235 0.0169492
8526 0.0169492
8511 0.0169492
7927 0.0169492
7730 0.0169492
7449 0.0169492
7091 0.0169492
6757 0.0169492
5862 0.0169492
5214 0.0169492
4727 0.0169492
4629 0.0169492
2368 0.0169492
40136 0.00869565
39977 0.00869565
39932 0.00869565
39586 0.00869565
38569 0.00869565
38391 0.00869565
38336 0.00869565
38322 0.00869565
36388 0.00869565
35147 0.00869565
34800 0.00869565
34000 0.00869565
33387 0.00869565
33025 0.00869565
31399 0.00869565
31324 0.00869565
29943 0.00869565
28997 0.00869565
28934 0.00869565
28345 0.00869565
28213 0.00869565
27889 0.00869565
27453 0.00869565
27239 0.00869565
25745 0.00869565
25668 0.00869565
25181 0.00869565
24002 0.00869565
23706 0.00869565
23696 0.00869565
23228 0.00869565
22976 0.00869565
22681 0.00869565
20808 0.00869565
20745 0.00869565
20588 0.00869565
19730 0.00869565
19430 0.00869565
18930 0.00869565
17696 0.00869565
16968 0.00869565
16819 0.00869565
16789 0.00869565
16028 0.00869565
15943 0.00869565
15898 0.00869565
15656 0.00869565
15262 0.00869565
15046 0.00869565
14262 0.00869565
12986 0.00869565
12747 0.00869565
12095 0.00869565
11548 0.00869565
11173 0.00869565
10300 0.00869565
8983 0.00869565
8672 0.00869565
8433 0.00869565
8269 0.00869565
7658 0.00869565
6563 0.00869565
6440 0.00869565
5869 0.00869565
5807 0.00869565
5174 0.00869565
4533 0.00869565
4480 0.00869565
4450 0.00869565
4392 0.00869565
4278 0.00869565
4113 0.00869565
3403 0.00869565
1594 0.00869565
865 0.00869565
627 0.00869565
40980 0
40979 0
40978 0
40977 0
40976 0
40975 0
40974 0
40973 0
40972 0
40971 0
40970 0
40969 0
40968 0
40967 0
40966 0
40965 0
40964 0
40963 0
40962 0
40961 0
40960 0
40959 0
40958 0
40957 0
40956 0
40955 0
40954 0
40953 0
40952 0
40951 0
40950 0
40949 0
40948 0
40947 0
40946 0
40945 0
40944 0
40943 0
40942 0
40941 0
40940 0
40939 0
40938 0
40937 0
40936 0
40935 0
40934 0
40933 0
40932 0
40931 0
40930 0
40929 0
40928 0
40927 0
40926 0
40925 0
40924 0
40923 0
40922 0
40921 0
40920 0
40919 0
40918 0
40917 0
40916 0
40915 0
40914 0
40913 0
40912 0
40911 0
40910 0
40909 0
40908 0
40907 0
40906 0
40905 0
40904 0
40903 0
40902 0
40901 0
40900 0
40899 0
40898 0
40897 0
40896 0
40895 0
40894 0
40893 0
40892 0
40891 0
40890 0
40889 0
40888 0
40887 0
40886 0
40885 0
40884 0
40883 0
40882 0
40881 0
40880 0
40879 0
40878 0
40877 0
40876 0
40875 0
40874 0
40873 0
40872 0
40871 0
40870 0
40869 0
40868 0
40867 0
40866 0
40865 0
40864 0
40863 0
40862 0
40861 0
40860 0
40859 0
40858 0
40857 0
40856 0
40855 0
40854 0
40853 0
40852 0
40851 0
40850 0
40849 0
40848 0
40847 0
40846 0
40845 0
40844 0
40843 0
40842 0
40841 0
40840 0
40839 0
40838 0
40837 0
40836 0
40835 0
40834 0
40833 0
40832 0
40831 0
40830 0
40829 0
40828 0
40827 0
40826 0
40825 0
40824 0
40823 0
40822 0
40821 0
40820 0
40819 0
40818 0
40817 0
40816 0
40815 0
40814 0
40813 0
40812 0
40811 0
40810 0
40809 0
40808 0
40807 0
40805 0
40804 0
40803 0
40802 0
40801 0
40800 0
40799 0
40798 0
40797 0
40796 0
40795 0
40794 0
40793 0
40792 0
40791 0
40790 0
40789 0
40788 0
40787 0
40786 0
40785 0
40784 0
40783 0
40782 0
40781 0
40780 0
40779 0
40778 0
40777 0
40776 0
40775 0
40774 0
40773 0
40772 0
40771 0
40770 0
40769 0
40768 0
40767 0
40766 0
40765 0
40764 0
40763 0
40762 0
40761 0
40760 0
40759 0
40758 0
40757 0
40756 0
40755 0
40754 0
40753 0
40752 0
40751 0
40750 0
40749 0
40748 0
40747 0
40746 0
40745 0
40744 0
40743 0
40742 0
40741 0
40740 0
40739 0
40738 0
40737 0
40736 0
40735 0
