23843 12.1444
34758 4.24759
29401 4.17501
8831 3.82386
19671 3.47323
23993 3.3873
20250 2.14091
1743 2.01286
24766 1.90655
15609 1.82662
248 1.56901
2864 1.48333
38130 1.44706
10333 1.32424
3721 1.32001
16933 1.3
13309 1.29527
4034 1.28526
14570 1.275
30123 1.2125
28353 1.11111
18428 1.10817
28500 1.07761
33322 1.02525
5178 0.999679
39640 0.983009
33879 0.975
34737 0.955891
37941 0.940385
23972 0.899145
40472 0.866346
36164 0.833333
36556 0.783333
19016 0.770887
7277 0.766667
39 0.757576
39031 0.733766
9243 0.72619
30915 0.725336
16390 0.708766
14398 0.67619
40578 0.674242
3683 0.659776
2317 0.659776
25501 0.658333
34312 0.653196
39747 0.642857
4378 0.616064
30377 0.610256
30328 0.6
17313 0.575
23388 0.574398
9307 0.5625
2940 0.559524
24482 0.55
32198 0.545765
33238 0.542857
21712 0.540909
24373 0.526923
37074 0.525
32522 0.503968
9820 0.477778
17038 0.46978
4325 0.455357
4962 0.44359
15681 0.443085
31375 0.434524
39879 0.41978
6049 0.41373
19820 0.392857
6240 0.353002
32477 0.35119
38189 0.333333
37347 0.333333
21023 0.333333
11634 0.333333
4109 0.333333
30794 0.330891
15948 0.316468
30412 0.296703
3060 0.278943
36651 0.264423
5711 0.261447
38535 0.25
36921 0.25
30907 0.25
29062 0.25
25766 0.25
22956 0.25
19643 0.25
18328 0.25
10161 0.25
8313 0.25
8088 0.25
7366 0.25
4695 0.25
353 0.25
27045 0.216346
39395 0.2
37974 0.2
36609 0.2
36514 0.2
33897 0.2
33468 0.2
33072 0.2
33065 0.2
32329 0.2
30219 0.2
27125 0.2
25580 0.2
25487 0.2
20680 0.2
14710 0.2
13786 0.2
11996 0.2
11660 0.2
11650 0.2
9326 0.2
9107 0.2
5975 0.2
4169 0.2
987 0.2
40794 0.199301
13847 0.183916
38424 0.166667
38330 0.166667
37576 0.166667
29466 0.166667
27064 0.166667
26069 0.166667
16957 0.166667
14860 0.166667
14855 0.166667
11635 0.166667
40688 0.142857
36362 0.142857
29710 0.142857
28572 0.142857
28066 0.142857
22651 0.142857
20192 0.142857
14460 0.142857
12473 0.142857
1266 0.142857
947 0.142857
912 0.142857
36147 0.125418
35792 0.125418
35601 0.125418
31366 0.125418
27379 0.125418
25885 0.125418
22537 0.125418
22122 0.125418
19555 0.125418
18732 0.125418
14583 0.125418
9615 0.125418
9423 0.125418
2669 0.125418
36930 0.125
25664 0.125
25116 0.125
7639 0.125
458 0.125
26149 0.111111
24964 0.111111
23836 0.111111
18468 0.111111
17056 0.111111
22501 0.1
39228 0.0909091
39016 0.0909091
36649 0.0909091
35106 0.0909091
33088 0.0909091
27454 0.0909091
26917 0.0909091
16855 0.0909091
13502 0.0909091
11510 0.0909091
8672 0.0909091
15067 0.0833333
40562 0.0769231
36125 0.0769231
36114 0.0769231
34761 0.0769231
32427 0.0769231
29912 0.0769231
25016 0.0769231
24572 0.0769231
20120 0.0769231
18367 0.0769231
17032 0.0769231
16984 0.0769231
15151 0.0769231
14008 0.0769231
8578 0.0769231
6759 0.0769231
6016 0.0769231
4766 0.0769231
2566 0.0769231
124 0.0769231
40149 0.0666667
37979 0.0666667
36395 0.0666667
24670 0.0666667
22355 0.0666667
11277 0.0666667
9213 0.0666667
1148 0.0666667
37519 0.0625
34327 0.0625
18109 0.0625
341 0.0625
25759 0.0555556
22946 0.0555556
20412 0.0555556
14743 0.0555556
34682 0.0454545
24600 0.0454545
35241 0.0434783
38583 0.0416667
37502 0.0416667
33256 0.0416667
32607 0.0416667
27208 0.0416667
25659 0.0416667
24400 0.0416667
23435 0.0416667
22368 0.0416667
17757 0.0416667
17492 0.0416667
16569 0.0416667
16058 0.0416667
13669 0.0416667
12935 0.0416667
11909 0.0416667
11488 0.0416667
2749 0.0416667
2561 0.0384615
40980 0
40979 0
40978 0
40977 0
40976 0
40975 0
40974 0
40973 0
40972 0
40971 0
40970 0
40969 0
40968 0
40967 0
40966 0
40965 0
40964 0
40963 0
40962 0
40961 0
40960 0
40959 0
40958 0
40957 0
40956 0
40955 0
40954 0
40953 0
40952 0
40951 0
40950 0
40949 0
40948 0
40947 0
40946 0
40945 0
40944 0
40943 0
40942 0
40941 0
40940 0
40939 0
40938 0
40937 0
40936 0
40935 0
40934 0
40933 0
40932 0
40931 0
40930 0
40929 0
40928 0
40927 0
40926 0
40925 0
40924 0
40923 0
40922 0
40921 0
40920 0
40919 0
40918 0
40917 0
40916 0
40915 0
40914 0
40913 0
40912 0
40911 0
40910 0
40909 0
40908 0
40907 0
40906 0
40905 0
40904 0
40903 0
40902 0
40901 0
40900 0
40899 0
40898 0
40897 0
40896 0
40895 0
40894 0
40893 0
40892 0
40891 0
40890 0
40889 0
40888 0
40887 0
40886 0
40885 0
40884 0
40883 0
40882 0
40881 0
40880 0
40879 0
40878 0
40877 0
40876 0
40875 0
40874 0
40873 0
40872 0
40871 0
40870 0
40869 0
40868 0
40867 0
40866 0
40865 0
40864 0
40863 0
40862 0
40861 0
40860 0
40859 0
40858 0
40857 0
40856 0
40855 0
40854 0
40853 0
40852 0
40851 0
40850 0
40849 0
40848 0
40847 0
40846 0
40845 0
40844 0
40843 0
40842 0
40841 0
40840 0
40839 0
40838 0
40837 0
40836 0
40835 0
40834 0
40833 0
40832 0
40831 0
40830 0
40829 0
40828 0
40827 0
40826 0
40825 0
40824 0
40823 0
40822 0
40821 0
40820 0
40819 0
40818 0
40817 0
40816 0
40815 0
40814 0
40813 0
40812 0
40811 0
40810 0
40809 0
40808 0
40807 0
40806 0
40805 0
40804 0
40803 0
40802 0
40801 0
40800 0
40799 0
40798 0
40797 0
40796 0
40795 0
40793 0
40792 0
40791 0
40790 0
40789 0
40788 0
40787 0
40786 0
40785 0
40784 0
40783 0
40782 0
40781 0
40780 0
40779 0
40778 0
40777 0
40776 0
40775 0
40774 0
40773 0
40772 0
40771 0
40770 0
40769 0
40768 0
40767 0
40766 0
40765 0
40764 0
40763 0
40762 0
40761 0
40760 0
40759 0
40758 0
40757 0
40756 0
40755 0
40754 0
40753 0
40752 0
40751 0
40750 0
40749 0
40748 0
40747 0
40746 0
40745 0
40744 0
40743 0
40742 0
40741 0
40740 0
40739 0
40738 0
40737 0
40736 0
40735 0
40734 0
40733 0
40732 0
40731 0
40730 0
40729 0
40728 0
40727 0
40726 0
40725 0
40724 0
40723 0
40722 0
40721 0
