22811 4.64041
31559 4.28475
21341 2.63367
6185 2.4774
30899 2.44701
15309 2.32943
23678 1.92892
8789 1.91815
5023 1.89677
16455 1.81814
32581 1.46919
35477 1.24397
32733 1.24369
1798 1.21313
1972 1.14153
26098 1.11155
30145 1.01139
27559 1.00485
34343 1.0011
15041 0.925163
4755 0.881517
39696 0.871254
33132 0.824826
24413 0.817067
36504 0.790629
18482 0.779039
2075 0.760844
21033 0.740593
24220 0.728193
20389 0.710073
9167 0.701654
38718 0.678525
20246 0.668658
21745 0.658459
2273 0.631389
27882 0.627127
39595 0.598487
40812 0.587207
31155 0.584749
16054 0.566667
1146 0.563142
35991 0.557143
18202 0.548564
8895 0.546299
32312 0.539992
9719 0.526923
36699 0.517507
9707 0.485499
27402 0.467171
27111 0.460747
36888 0.459613
26904 0.448195
14990 0.439203
38354 0.439096
22992 0.433333
19103 0.431541
11703 0.4269
39886 0.408966
36169 0.399825
30498 0.393149
3456 0.382051
1229 0.380952
3893 0.372362
6831 0.369935
25391 0.368694
3694 0.368465
38822 0.362917
11238 0.35049
35764 0.340523
26061 0.340523
20668 0.332757
12450 0.330781
9352 0.324432
3239 0.324414
14505 0.320884
17559 0.319298
31052 0.317352
5506 0.316821
35266 0.31425
39284 0.305252
2389 0.296078
27070 0.295028
7444 0.290897
35867 0.287895
23666 0.285096
3271 0.282079
37564 0.281746
27447 0.281527
4855 0.281527
18328 0.278822
24471 0.27033
1812 0.264326
7110 0.25674
26247 0.255952
5662 0.251923
17760 0.25
172 0.24985
10960 0.248576
22788 0.242962
40406 0.241885
36979 0.239539
14093 0.237037
28263 0.231775
32783 0.231092
1766 0.227476
2967 0.226943
6988 0.224382
34434 0.222819
22366 0.219898
23889 0.218352
25975 0.218122
8704 0.209656
19711 0.206974
16742 0.205556
21095 0.205357
10480 0.202778
22535 0.201185
12218 0.2
6724 0.19909
21655 0.196829
6737 0.194358
32626 0.19319
22398 0.185965
37928 0.184174
20482 0.181566
31008 0.179412
9576 0.173038
14450 0.171589
30068 0.166667
10231 0.166667
31209 0.163722
3091 0.163722
23159 0.163329
4783 0.163329
7058 0.163095
29344 0.158333
6207 0.158212
18346 0.151923
2089 0.15165
15903 0.150245
3033 0.150211
38134 0.147081
28413 0.147081
22330 0.145408
15663 0.145408
3014 0.144601
15601 0.143791
23680 0.142857
13438 0.142857
11246 0.142857
4607 0.142857
4368 0.142857
3340 0.142857
9021 0.142361
19032 0.138086
35800 0.137745
8164 0.137745
27855 0.137474
12332 0.136384
10460 0.136384
32438 0.136243
24508 0.136243
24072 0.136243
25439 0.134967
20291 0.134967
16929 0.133824
33701 0.133672
14785 0.13209
4231 0.129057
6405 0.128472
35298 0.127276
5206 0.126867
23843 0.125
2260 0.124537
28339 0.123746
19735 0.12371
2997 0.120209
9877 0.118325
26951 0.116694
28500 0.11199
34061 0.111111
33645 0.111111
26910 0.111111
22815 0.111111
12249 0.111111
4088 0.109259
31656 0.106667
11007 0.106667
2708 0.106449
10415 0.106104
2885 0.104946
17242 0.10429
18745 0.103338
2444 0.103338
35623 0.1
35246 0.1
30375 0.1
29127 0.1
21360 0.1
17766 0.1
14417 0.1
17418 0.0993428
13423 0.098761
38871 0.0956871
14536 0.0929894
1421 0.0929894
35639 0.0915259
26872 0.0915259
4030 0.0915259
17034 0.0909091
13918 0.0909091
21363 0.0904997
39501 0.0891185
16312 0.0884615
8656 0.0884615
35377 0.0884058
40671 0.0838235
12064 0.0838235
29738 0.0833333
29585 0.0833333
11091 0.0833333
7372 0.0833333
4838 0.0833333
17017 0.0769231
16201 0.0769231
34746 0.0714286
24948 0.0708333
30776 0.0697606
3926 0.0697606
19634 0.0682124
38866 0.0666667
37523 0.0666667
14480 0.0666667
9441 0.0666667
3122 0.0666667
5670 0.0645833
39655 0.0588235
37311 0.0588235
35465 0.0588235
29873 0.0588235
26617 0.0588235
25357 0.0588235
17504 0.0588235
11884 0.0588235
8424 0.0588235
35734 0.0555556
30529 0.0555556
27259 0.0555556
8792 0.0555556
27189 0.0550573
26632 0.0550573
20804 0.0550573
19355 0.0550573
1985 0.0550573
19226 0.0526316
10097 0.0526316
39794 0.0524225
28393 0.0524225
20027 0.0524225
15999 0.0524225
18255 0.0522947
1147 0.0522947
7333 0.05
926 0.05
28712 0.047619
10350 0.047619
33473 0.0452957
22329 0.0452957
9349 0.0452957
39801 0.0416667
32399 0.0416667
29608 0.0416667
16098 0.0416667
9188 0.0416667
6824 0.0416667
5265 0.0416667
16562 0.04
15725 0.04
36887 0.0384615
31647 0.0384615
30232 0.0384615
32064 0.037037
27701 0.037037
24379 0.037037
22594 0.037037
21699 0.037037
15460 0.037037
15132 0.037037
14147 0.037037
10733 0.037037
9114 0.037037
7146 0.037037
6084 0.037037
4010 0.037037
704 0.037037
38894 0.03125
37129 0.03125
28162 0.03125
25127 0.03125
22748 0.03125
17012 0.03125
11875 0.03125
7123 0.03125
4400 0.03125
39117 0.0294118
39023 0.0294118
38706 0.0294118
36552 0.0294118
36530 0.0294118
36376 0.0294118
35431 0.0294118
32700 0.0294118
29545 0.0294118
28398 0.0294118
27625 0.0294118
25715 0.0294118
25456 0.0294118
25326 0.0294118
22169 0.0294118
19985 0.0294118
19984 0.0294118
19602 0.0294118
18717 0.0294118
16888 0.0294118
15360 0.0294118
14237 0.0294118
13904 0.0294118
13278 0.0294118
12312 0.0294118
11098 0.0294118
10509 0.0294118
9079 0.0294118
8360 0.0294118
5811 0.0294118
5399 0.0294118
4795 0.0294118
1511 0.0294118
589 0.0294118
36155 0.0277778
34768 0.0277778
27637 0.0277778
25052 0.0277778
24964 0.0277778
6094 0.0277778
4809 0.0277778
18566 0.0263158
7470 0.0263158
37315 0.025
33633 0.025
29980 0.025
27799 0.025
17022 0.025
10711 0.025
5913 0.025
4485 0.025
2970 0.025
928 0.025
566 0.025
39814 0.0243902
30793 0.0243902
22711 0.0243902
17312 0.0243902
12661 0.0243902
7134 0.0243902
6992 0.0243902
3897 0.0243902
2069 0.0243902
697 0.0243902
38732 0.0232558
24190 0.0232558
19784 0.0232558
9057 0.0232558
2269 0.0232558
35139 0.0222222
31918 0.0222222
19845 0.0222222
18224 0.0222222
6570 0.0222222
2344 0.0222222
36597 0.0217391
13456 0.0217391
39116 0.0208333
38331 0.0208333
27047 0.0208333
25216 0.0208333
22818 0.0208333
22277 0.0208333
16837 0.0208333
13253 0.0208333
5312 0.0208333
495 0.0208333
31 0.0208333
39810 0.0204082
39758 0.0204082
34247 0.0204082
26839 0.0204082
26820 0.0204082
26469 0.0204082
26079 0.0204082
20429 0.0204082
17426 0.0204082
16856 0.0204082
10130 0.0204082
9705 0.0204082
6073 0.0204082
2868 0.0204082
1713 0.0204082
210 0.0204082
32897 0.016129
31373 0.016129
29394 0.016129
24277 0.016129
17449 0.016129
15375 0.016129
7823 0.016129
1694 0.016129
39152 0.00833333
38997 0.00833333
38961 0.00833333
35760 0.00833333
35073 0.00833333
34172 0.00833333
33925 0.00833333
31892 0.00833333
30842 0.00833333
30700 0.00833333
28909 0.00833333
23903 0.00833333
21715 0.00833333
21106 0.00833333
19938 0.00833333
19930 0.00833333
19155 0.00833333
18504 0.00833333
18078 0.00833333
16627 0.00833333
14728 0.00833333
13710 0.00833333
13350 0.00833333
11033 0.00833333
7682 0.00833333
5133 0.00833333
4812 0.00833333
4418 0.00833333
4040 0.00833333
3498 0.00833333
3113 0.00833333
2684 0.00833333
146 0.00833333
40980 0
40979 0
40978 0
40977 0
40976 0
40975 0
40974 0
40973 0
40972 0
40971 0
40970 0
40969 0
40968 0
40967 0
40966 0
40965 0
40964 0
40963 0
40962 0
40961 0
40960 0
40959 0
40958 0
40957 0
40956 0
40955 0
40954 0
40953 0
40952 0
40951 0
40950 0
40949 0
40948 0
40947 0
40946 0
40945 0
40944 0
40943 0
40942 0
40941 0
40940 0
40939 0
40938 0
40937 0
40936 0
40935 0
40934 0
40933 0
40932 0
40931 0
40930 0
