28548 2.67061
27088 1.59875
37258 1.44217
3533 1.23003
26221 1.15269
36983 1.12972
835 1.04127
32495 0.952555
10681 0.736842
29927 0.704717
6999 0.676101
16623 0.630453
1481 0.629531
39088 0.621627
40392 0.621049
34842 0.611133
6188 0.597212
40949 0.590909
18211 0.550523
38481 0.514259
17111 0.503581
39759 0.502862
16382 0.499776
20741 0.472299
16138 0.445818
9356 0.442238
40857 0.412088
4685 0.40821
297 0.407198
26801 0.404869
131 0.404869
20118 0.39513
10336 0.394133
2021 0.391421
10801 0.364857
39176 0.353409
4193 0.352632
25818 0.346402
11395 0.335768
34117 0.333435
25758 0.333435
25493 0.333435
17832 0.333435
29089 0.324453
29696 0.31994
38401 0.319509
20244 0.31859
23815 0.316412
1233 0.307937
19599 0.305861
28895 0.294011
26496 0.294011
35233 0.288266
3359 0.288266
7078 0.286993
1350 0.284524
30421 0.278572
20820 0.27606
2109 0.274915
10121 0.264385
21671 0.246733
16733 0.24443
29017 0.225843
27813 0.225843
39325 0.225108
40680 0.224242
13222 0.220061
37660 0.207244
7627 0.207244
5260 0.207244
37481 0.199838
25841 0.199838
23958 0.199838
4357 0.199838
32227 0.188417
16637 0.185737
6295 0.185737
20793 0.185676
17518 0.185676
16877 0.185676
16174 0.185676
12244 0.185676
16556 0.182258
18657 0.17872
24768 0.167659
16150 0.166667
30069 0.164263
16993 0.164263
842 0.15353
26362 0.152743
15269 0.152743
11538 0.152743
35973 0.147222
26823 0.140461
19530 0.13929
903 0.135965
1762 0.135174
19136 0.134625
16709 0.134625
22332 0.127564
24636 0.123583
3159 0.123583
13144 0.112981
32404 0.105905
3069 0.105905
31109 0.105792
14019 0.105792
20189 0.0995818
39470 0.0983503
21522 0.0953758
9042 0.0953758
648 0.0953758
37239 0.0937463
28365 0.0937463
13320 0.0937463
35807 0.0928188
30029 0.0928188
27150 0.0928188
18312 0.0928188
17944 0.0928188
11316 0.0928188
9809 0.0928188
30889 0.0909091
20261 0.0865661
21555 0.0865385
38213 0.0840018
12912 0.0840018
1537 0.0840018
36497 0.077381
26330 0.077381
25621 0.077381
8434 0.077381
3087 0.077381
9863 0.0769231
35302 0.0768939
17095 0.0768939
31408 0.0752674
10687 0.0752674
1063 0.0752674
15546 0.0737111
32649 0.0726992
40634 0.0706353
31064 0.0706353
3174 0.0706353
2146 0.0625
28048 0.0615255
20131 0.0615255
37144 0.058785
4661 0.058785
70 0.058785
25239 0.0583535
23650 0.0583535
12862 0.0583535
3205 0.0583535
8590 0.0526316
30033 0.0516771
28911 0.0516771
7349 0.0515584
6521 0.0515584
5657 0.0515584
17991 0.0512603
10214 0.0512603
899 0.0512603
39816 0.0496131
29779 0.0496131
15333 0.0496131
9956 0.0496131
3810 0.0496131
39044 0.0492553
37753 0.0492553
17059 0.0492553
4603 0.0492553
5581 0.0357143
30311 0.0344828
14752 0.0344828
13056 0.0344828
11307 0.0344828
8801 0.0344828
3373 0.0344828
326 0.0333333
33261 0.0331469
31590 0.0331469
29180 0.0331469
23768 0.0331469
21239 0.0331469
15447 0.0331469
13590 0.0331469
11598 0.0331469
7650 0.0331469
4741 0.0331469
39241 0.0322581
20423 0.0322581
2224 0.0322581
32679 0.03125
19160 0.03125
18696 0.03125
15914 0.03125
13152 0.03125
29947 0.025641
1077 0.025641
40537 0.0227273
2362 0.0227273
36706 0.0222222
14675 0.0222222
25145 0.0208333
11716 0.0208333
1381 0.0208333
2506 0.0175439
19252 0.0114943
17823 0.0114943
40117 0.011236
37045 0.011236
23371 0.011236
21458 0.011236
15682 0.011236
11963 0.011236
10429 0.011236
7956 0.011236
5031 0.011236
4237 0.011236
32910 0.0104167
30560 0.0104167
21155 0.0104167
20514 0.0104167
19454 0.0104167
9627 0.0104167
8728 0.0104167
1665 0.0104167
951 0.0104167
40980 0
40979 0
40978 0
40977 0
40976 0
40975 0
40974 0
40973 0
40972 0
40971 0
40970 0
40969 0
40968 0
40967 0
40966 0
40965 0
40964 0
40963 0
40962 0
40961 0
40960 0
40959 0
40958 0
40957 0
40956 0
40955 0
40954 0
40953 0
40952 0
40951 0
40950 0
40948 0
40947 0
40946 0
40945 0
40944 0
40943 0
40942 0
40941 0
40940 0
40939 0
40938 0
40937 0
40936 0
40935 0
40934 0
40933 0
40932 0
40931 0
40930 0
40929 0
40928 0
40927 0
40926 0
40925 0
40924 0
40923 0
40922 0
40921 0
40920 0
40919 0
40918 0
40917 0
40916 0
40915 0
40914 0
40913 0
40912 0
40911 0
40910 0
40909 0
40908 0
40907 0
40906 0
40905 0
40904 0
40903 0
40902 0
40901 0
40900 0
40899 0
40898 0
40897 0
40896 0
40895 0
40894 0
40893 0
40892 0
40891 0
40890 0
40889 0
40888 0
40887 0
40886 0
40885 0
40884 0
40883 0
40882 0
40881 0
40880 0
40879 0
40878 0
40877 0
40876 0
40875 0
40874 0
40873 0
40872 0
40871 0
40870 0
40869 0
40868 0
40867 0
40866 0
40865 0
40864 0
40863 0
40862 0
40861 0
40860 0
40859 0
40858 0
40856 0
40855 0
40854 0
40853 0
40852 0
40851 0
40850 0
40849 0
40848 0
40847 0
40846 0
40845 0
40844 0
40843 0
40842 0
40841 0
40840 0
40839 0
40838 0
40837 0
40836 0
40835 0
40834 0
40833 0
40832 0
40831 0
40830 0
40829 0
40828 0
40827 0
40826 0
40825 0
40824 0
40823 0
40822 0
40821 0
40820 0
40819 0
40818 0
40817 0
40816 0
40815 0
40814 0
40813 0
40812 0
40811 0
40810 0
40809 0
40808 0
40807 0
40806 0
40805 0
40804 0
40803 0
40802 0
40801 0
40800 0
40799 0
40798 0
40797 0
40796 0
40795 0
40794 0
40793 0
40792 0
40791 0
40790 0
40789 0
40788 0
40787 0
40786 0
40785 0
40784 0
40783 0
40782 0
40781 0
40780 0
40779 0
40778 0
40777 0
40776 0
40775 0
40774 0
40773 0
40772 0
40771 0
40770 0
40769 0
40768 0
40767 0
40766 0
40765 0
40764 0
40763 0
40762 0
40761 0
40760 0
40759 0
40758 0
40757 0
40756 0
40755 0
40754 0
40753 0
40752 0
40751 0
40750 0
40749 0
40748 0
40747 0
40746 0
40745 0
40744 0
40743 0
40742 0
40741 0
40740 0
40739 0
40738 0
40737 0
40736 0
40735 0
40734 0
40733 0
40732 0
40731 0
40730 0
40729 0
40728 0
40727 0
40726 0
40725 0
40724 0
40723 0
40722 0
40721 0
40720 0
40719 0
40718 0
40717 0
40716 0
40715 0
40714 0
40713 0
40712 0
40711 0
40710 0
40709 0
40708 0
