26801 6.56106
36983 4.00176
7078 3.5498
39759 3.23859
37258 3.11894
18312 2.91439
18657 2.85225
18696 2.66138
40857 2.56861
32404 2.49857
12912 2.44233
32495 2.26612
23958 2.2548
16623 2.23635
10801 2.08334
21555 2.02659
39470 1.98653
9356 1.92136
11716 1.90295
32679 1.83174
70 1.71468
25758 1.69152
31109 1.6703
15269 1.63135
5260 1.61455
16709 1.56291
31064 1.55505
903 1.42935
14361 1.41616
26221 1.32461
25493 1.31682
16733 1.25643
22370 1.24997
20118 1.209
17023 1.20699
39044 1.19419
26330 1.17553
1233 1.16827
23371 1.15932
28911 1.15708
16475 1.15083
38213 1.12698
29947 1.12455
39176 1.12453
34117 1.11967
3533 1.11002
3359 1.09015
33788 1.08924
16138 1.08697
29180 1.06867
30560 1.06728
29017 1.06657
19454 1.04582
31590 1.01517
19160 1.00901
24888 0.999423
29927 0.977812
20131 0.974644
32227 0.958622
17832 0.957717
37660 0.932354
35558 0.923095
6328 0.921396
10121 0.915382
1481 0.884977
26823 0.876386
24768 0.859182
40392 0.827453
30033 0.824053
31408 0.819288
28516 0.819288
12244 0.816726
1031 0.799749
2506 0.796464
11598 0.795296
20189 0.789968
4661 0.766324
2109 0.744646
17823 0.741425
35973 0.737654
21522 0.735734
11262 0.72303
29696 0.704472
20741 0.685355
39325 0.677453
2146 0.656675
37753 0.633826
16877 0.633052
842 0.626215
17059 0.616337
7627 0.614814
25841 0.60692
13320 0.604887
38401 0.596911
8801 0.588858
35890 0.578032
3087 0.577925
20820 0.566068
951 0.557313
13590 0.552894
24636 0.540428
40634 0.534022
26496 0.530072
27150 0.528145
13222 0.524091
12862 0.507756
326 0.494048
21967 0.494035
16150 0.485479
23214 0.468432
20095 0.466335
19599 0.458599
20261 0.454161
17508 0.448959
19530 0.440789
30421 0.439904
6188 0.435318
2021 0.432308
21458 0.431818
20793 0.419561
14019 0.411975
36497 0.405077
1309 0.404869
17518 0.404697
39816 0.402895
835 0.401192
13144 0.400534
6282 0.399768
14752 0.399212
15546 0.395541
21717 0.394997
297 0.394249
28548 0.393767
5581 0.393557
4603 0.392564
1537 0.378381
27088 0.363876
16993 0.359814
30029 0.359064
23860 0.35119
34842 0.341813
37202 0.338936
10336 0.336423
8434 0.319272
39241 0.318088
3174 0.314992
27249 0.311802
26362 0.308857
3810 0.303741
11307 0.29923
2362 0.299202
36107 0.294463
1381 0.293862
15447 0.293749
20244 0.290034
37539 0.288286
16556 0.286447
37144 0.282871
9956 0.274448
40117 0.266441
17095 0.263966
1762 0.258652
39088 0.257696
8590 0.256944
15914 0.256431
9522 0.252121
9627 0.251209
1077 0.243127
16382 0.235894
13724 0.233489
22332 0.232044
38481 0.224143
35807 0.215085
37481 0.213588
11963 0.213438
27813 0.213189
8728 0.212437
16174 0.209548
11160 0.208478
23768 0.204861
35233 0.192071
4685 0.190469
13152 0.187816
4237 0.171249
16637 0.170028
9604 0.16614
648 0.163826
11605 0.15279
10214 0.15119
21671 0.150433
17944 0.149214
10681 0.14707
30889 0.14693
7349 0.146154
9863 0.144783
1665 0.144416
37239 0.144391
25818 0.144391
4357 0.144391
899 0.142019
33034 0.140733
18211 0.139316
25674 0.137762
6295 0.137238
11860 0.131136
4741 0.127224
28362 0.124621
33261 0.118057
19252 0.117026
28895 0.114381
9809 0.114381
9042 0.110991
3159 0.106626
31440 0.1
28048 0.1
14441 0.1
12375 0.1
3205 0.0916667
32649 0.085084
35302 0.0833333
2224 0.0829832
23812 0.0828498
10687 0.0786713
29089 0.077381
25621 0.077381
11538 0.077381
40949 0.0769231
20423 0.0769231
5657 0.0737111
6521 0.0735092
14675 0.0655844
40537 0.0633906
23650 0.0617251
26434 0.0613173
32910 0.0610577
37045 0.0605346
20859 0.0588235
18252 0.0588235
6432 0.0588235
30069 0.0564659
17111 0.0555556
25145 0.0526316
24783 0.0526316
4193 0.05
11316 0.0492553
21239 0.046131
7650 0.046131
6999 0.046131
3069 0.046131
21155 0.0443247
30311 0.0344828
19136 0.0344828
13056 0.0344828
3373 0.0344828
1350 0.0294118
26771 0.0285714
14308 0.025
29779 0.0188679
7956 0.0181818
25239 0.0178571
15682 0.0178571
11395 0.0178571
10429 0.0178571
23815 0.0172414
28365 0.0104167
20514 0.0104167
40980 0
40979 0
40978 0
40977 0
40976 0
40975 0
40974 0
40973 0
40972 0
40971 0
40970 0
40969 0
40968 0
40967 0
40966 0
40965 0
40964 0
40963 0
40962 0
40961 0
40960 0
40959 0
40958 0
40957 0
40956 0
40955 0
40954 0
40953 0
40952 0
40951 0
40950 0
40948 0
40947 0
40946 0
40945 0
40944 0
40943 0
40942 0
40941 0
40940 0
40939 0
40938 0
40937 0
40936 0
40935 0
40934 0
40933 0
40932 0
40931 0
40930 0
40929 0
40928 0
40927 0
40926 0
40925 0
40924 0
40923 0
40922 0
40921 0
40920 0
40919 0
40918 0
40917 0
40916 0
40915 0
40914 0
40913 0
40912 0
40911 0
40910 0
40909 0
40908 0
40907 0
40906 0
40905 0
40904 0
40903 0
40902 0
40901 0
40900 0
40899 0
40898 0
40897 0
40896 0
40895 0
40894 0
40893 0
40892 0
40891 0
40890 0
40889 0
40888 0
40887 0
40886 0
40885 0
40884 0
40883 0
40882 0
40881 0
40880 0
40879 0
40878 0
40877 0
40876 0
40875 0
40874 0
40873 0
40872 0
40871 0
40870 0
40869 0
40868 0
40867 0
40866 0
40865 0
40864 0
40863 0
40862 0
40861 0
40860 0
40859 0
40858 0
40856 0
40855 0
40854 0
40853 0
40852 0
40851 0
40850 0
40849 0
40848 0
40847 0
40846 0
40845 0
40844 0
40843 0
40842 0
40841 0
40840 0
40839 0
40838 0
40837 0
40836 0
40835 0
40834 0
40833 0
40832 0
40831 0
40830 0
40829 0
40828 0
40827 0
40826 0
40825 0
40824 0
40823 0
40822 0
40821 0
40820 0
40819 0
40818 0
40817 0
40816 0
40815 0
40814 0
40813 0
40812 0
40811 0
40810 0
40809 0
40808 0
40807 0
40806 0
40805 0
40804 0
40803 0
40802 0
40801 0
40800 0
40799 0
40798 0
40797 0
40796 0
40795 0
40794 0
40793 0
40792 0
40791 0
40790 0
40789 0
40788 0
40787 0
40786 0
40785 0
40784 0
40783 0
40782 0
40781 0
40780 0
40779 0
40778 0
40777 0
40776 0
40775 0
40774 0
40773 0
40772 0
40771 0
40770 0
40769 0
40768 0
40767 0
40766 0
40765 0
40764 0
40763 0
40762 0
40761 0
40760 0
40759 0
40758 0
40757 0
40756 0
40755 0
40754 0
40753 0
40752 0
40751 0
40750 0
40749 0
40748 0
40747 0
40746 0
40745 0
