27799 3.05297
2638 2.82162
8208 2.77367
18017 2.73113
20749 2.41468
7454 2.21134
24206 1.86331
30035 1.53553
11810 1.30364
1238 1.28986
40890 1.27384
37102 1.15049
1491 0.970635
31589 0.966582
6319 0.941667
14503 0.841504
6579 0.833939
37961 0.783333
11869 0.733333
6172 0.713055
27486 0.696609
27408 0.61807
25851 0.609761
30073 0.6
19802 0.592857
16806 0.584916
32572 0.540029
6041 0.50023
18517 0.433333
950 0.433333
39183 0.425
22469 0.424242
28521 0.411725
14385 0.406667
11167 0.405357
37906 0.401681
32544 0.394444
22361 0.367816
32188 0.362338
7175 0.344444
22605 0.333333
19538 0.333333
7792 0.333333
36875 0.330252
18138 0.330252
38109 0.324242
10013 0.307857
27083 0.278095
27341 0.274733
32279 0.27245
8427 0.269935
320 0.269935
12522 0.268369
8497 0.25978
30504 0.254167
28008 0.253409
141 0.253409
40596 0.25
37342 0.25
27768 0.25
24400 0.25
20163 0.25
19242 0.249242
24511 0.233939
416 0.228687
13001 0.220888
9503 0.212843
3815 0.212843
39925 0.2
30616 0.2
30192 0.2
10923 0.2
29140 0.189245
26393 0.189245
22530 0.189245
32337 0.181206
9196 0.181206
25826 0.177691
40610 0.166667
35766 0.166667
35317 0.166667
33452 0.166667
33413 0.166667
29626 0.166667
26895 0.166667
21348 0.166667
21323 0.166667
11640 0.166667
11059 0.166667
10536 0.166667
7478 0.166667
1141 0.166667
34282 0.16605
21186 0.157748
40389 0.157647
38856 0.157647
26069 0.155806
11266 0.155806
27166 0.154657
1378 0.154657
542 0.154657
33267 0.148035
17312 0.148035
32788 0.142857
32032 0.142857
6505 0.142857
39888 0.125
21649 0.125
40572 0.111111
39947 0.111111
35346 0.111111
30676 0.111111
27989 0.111111
26828 0.111111
19219 0.111111
12942 0.111111
11080 0.111111
10210 0.111111
110 0.111111
35733 0.107816
31228 0.102561
2266 0.102561
30515 0.1
23843 0.1
20928 0.1
19311 0.1
4238 0.1
37832 0.0909091
31301 0.0909091
26854 0.0909091
8672 0.0909091
6592 0.0909091
28363 0.0844593
24336 0.0844593
24137 0.0844593
19867 0.0844593
1281 0.0844593
28855 0.0836537
11304 0.0836537
4097 0.0836537
37924 0.0833333
12985 0.0833333
32536 0.0769231
31891 0.0769231
27901 0.0769231
24902 0.0769231
21062 0.0769231
20849 0.0769231
38288 0.0714286
33252 0.0714286
28239 0.0714286
17363 0.0714286
14936 0.0714286
11136 0.0714286
6412 0.0714286
40110 0.0666667
38863 0.0666667
37612 0.0666667
37457 0.0666667
32885 0.0666667
27760 0.0666667
22368 0.0666667
17729 0.0666667
13626 0.0666667
12893 0.0666667
11488 0.0666667
10016 0.0666667
6303 0.0666667
4083 0.0666667
3068 0.0666667
37711 0.0625
31372 0.0625
25556 0.0625
25505 0.0625
21094 0.0625
14191 0.0625
785 0.0625
39383 0.0588235
38583 0.0588235
35734 0.0588235
32324 0.0588235
30310 0.0588235
22711 0.0588235
14138 0.0588235
13916 0.0588235
13869 0.0588235
12284 0.0588235
4994 0.0588235
550 0.0588235
19250 0.04
15916 0.04
34674 0.0344828
22719 0.0344828
22602 0.0344828
20763 0.0344828
20315 0.0344828
2809 0.0344828
927 0.0344828
23566 0.0333333
21820 0.0333333
19923 0.0333333
6711 0.0333333
3936 0.0333333
34770 0.0322581
31622 0.0322581
15167 0.0322581
2786 0.0322581
37305 0.030303
29556 0.030303
25808 0.030303
9680 0.030303
7746 0.030303
6685 0.030303
4058 0.030303
2846 0.030303
39583 0.0188679
33530 0.0188679
33459 0.0188679
32034 0.0188679
31943 0.0188679
31378 0.0188679
30750 0.0188679
30215 0.0188679
25308 0.0188679
24582 0.0188679
24523 0.0188679
22456 0.0188679
20305 0.0188679
19495 0.0188679
18963 0.0188679
13654 0.0188679
8242 0.0188679
7253 0.0188679
6715 0.0188679
5623 0.0188679
2511 0.0188679
40980 0
40979 0
40978 0
40977 0
40976 0
40975 0
40974 0
40973 0
40972 0
40971 0
40970 0
40969 0
40968 0
40967 0
40966 0
40965 0
40964 0
40963 0
40962 0
40961 0
40960 0
40959 0
40958 0
40957 0
40956 0
40955 0
40954 0
40953 0
40952 0
40951 0
40950 0
40949 0
40948 0
40947 0
40946 0
40945 0
40944 0
40943 0
40942 0
40941 0
40940 0
40939 0
40938 0
40937 0
40936 0
40935 0
40934 0
40933 0
40932 0
40931 0
40930 0
40929 0
40928 0
40927 0
40926 0
40925 0
40924 0
40923 0
40922 0
40921 0
40920 0
40919 0
40918 0
40917 0
40916 0
40915 0
40914 0
40913 0
40912 0
40911 0
40910 0
40909 0
40908 0
40907 0
40906 0
40905 0
40904 0
40903 0
40902 0
40901 0
40900 0
40899 0
40898 0
40897 0
40896 0
40895 0
40894 0
40893 0
40892 0
40891 0
40889 0
40888 0
40887 0
40886 0
40885 0
40884 0
40883 0
40882 0
40881 0
40880 0
40879 0
40878 0
40877 0
40876 0
40875 0
40874 0
40873 0
40872 0
40871 0
40870 0
40869 0
40868 0
40867 0
40866 0
40865 0
40864 0
40863 0
40862 0
40861 0
40860 0
40859 0
40858 0
40857 0
40856 0
40855 0
40854 0
40853 0
40852 0
40851 0
40850 0
40849 0
40848 0
40847 0
40846 0
40845 0
40844 0
40843 0
40842 0
40841 0
40840 0
40839 0
40838 0
40837 0
40836 0
40835 0
40834 0
40833 0
40832 0
40831 0
40830 0
40829 0
40828 0
40827 0
40826 0
40825 0
40824 0
40823 0
40822 0
40821 0
40820 0
40819 0
40818 0
40817 0
40816 0
40815 0
40814 0
40813 0
40812 0
40811 0
40810 0
40809 0
40808 0
40807 0
40806 0
40805 0
40804 0
40803 0
40802 0
40801 0
40800 0
40799 0
40798 0
40797 0
40796 0
40795 0
40794 0
40793 0
40792 0
40791 0
40790 0
40789 0
40788 0
40787 0
40786 0
40785 0
40784 0
40783 0
40782 0
40781 0
40780 0
40779 0
40778 0
40777 0
40776 0
40775 0
40774 0
40773 0
40772 0
40771 0
40770 0
40769 0
40768 0
40767 0
40766 0
40765 0
40764 0
40763 0
40762 0
40761 0
40760 0
40759 0
40758 0
40757 0
40756 0
40755 0
40754 0
40753 0
40752 0
40751 0
40750 0
40749 0
40748 0
40747 0
40746 0
40745 0
40744 0
40743 0
40742 0
40741 0
40740 0
40739 0
40738 0
40737 0
40736 0
40735 0
40734 0
40733 0
40732 0
40731 0
40730 0
40729 0
40728 0
40727 0
40726 0
40725 0
40724 0
40723 0
40722 0
40721 0
40720 0
40719 0
40718 0
40717 0
40716 0
