3541 3.87074
27799 3.1752
6041 2.3709
36400 2.23168
3852 2.09772
26476 2.04497
14138 1.92571
35766 1.78971
13654 1.50693
5778 1.29105
14858 1.26325
830 1.25064
3002 1.20877
2885 1.153
13916 1.0777
16076 1.07214
36313 1.0638
14943 1.00316
4189 0.98222
18520 0.9625
19277 0.938034
550 0.933564
8035 0.804563
38500 0.782908
12569 0.781432
6161 0.76883
25362 0.75
31589 0.694444
22530 0.678968
21889 0.644444
11488 0.625
8412 0.615825
35813 0.592157
30897 0.576802
26928 0.567443
40745 0.555556
16745 0.546003
25765 0.532258
34116 0.526682
15665 0.497691
19774 0.485714
17312 0.472025
2168 0.45
11804 0.447436
21186 0.443651
40890 0.442857
35317 0.437979
349 0.42549
24239 0.41453
26786 0.398352
8672 0.388736
23898 0.385839
3018 0.383057
22170 0.38254
16806 0.382049
37496 0.381298
12110 0.379241
24596 0.37728
35086 0.358444
1410 0.357899
4934 0.35119
39155 0.335677
39848 0.333333
4028 0.330128
21831 0.328704
37374 0.313444
27926 0.313156
13957 0.312312
6830 0.302632
31140 0.289993
2899 0.287858
37027 0.277276
38583 0.254842
9180 0.254174
38049 0.25
37750 0.25
36278 0.25
26069 0.25
16152 0.25
4023 0.25
3936 0.238095
448 0.237637
30209 0.234181
38907 0.232323
8342 0.232323
32930 0.222123
885 0.221324
30439 0.217893
6166 0.214853
11626 0.213675
129 0.213675
23843 0.212704
6140 0.206226
37566 0.202413
39383 0.2
37958 0.2
32536 0.2
31564 0.2
27166 0.2
16504 0.2
13507 0.2
6011 0.2
4872 0.198718
26323 0.197293
16298 0.197285
20704 0.196115
35346 0.194312
31582 0.188235
29237 0.187278
3718 0.187036
27840 0.186104
6906 0.183591
15467 0.181419
19967 0.16866
30793 0.168524
39661 0.167368
33108 0.167368
28110 0.167368
39037 0.166667
33452 0.166667
30425 0.166667
19527 0.166667
17626 0.166667
4551 0.165269
29875 0.164884
36673 0.162774
6807 0.162565
3940 0.162565
9197 0.161388
40375 0.161388
25360 0.161388
23446 0.161046
22368 0.158466
21895 0.158466
26832 0.148492
90 0.148492
39177 0.14795
40342 0.144488
21801 0.144488
2484 0.144488
32987 0.142857
32016 0.142857
21733 0.142857
6319 0.142857
15416 0.134787
28764 0.132908
12541 0.132908
33796 0.125
20835 0.122182
14569 0.122182
30419 0.117654
2869 0.115641
38864 0.11453
13661 0.11453
29565 0.111111
5240 0.111111
34999 0.107873
27033 0.107873
40525 0.103514
37340 0.102163
38118 0.100673
16097 0.10023
37948 0.1
19488 0.1
19284 0.1
3068 0.1
39962 0.0950855
27863 0.0950855
40120 0.0949361
23089 0.0949361
12525 0.0949361
31450 0.0923779
26095 0.0923779
23886 0.0911296
17786 0.0911296
3291 0.0911296
40504 0.0909091
35185 0.0909091
33518 0.0909091
28611 0.0909091
26512 0.0909091
15297 0.0909091
10575 0.0909091
4361 0.0909091
2585 0.0909091
2376 0.0883187
22960 0.0873109
13669 0.0858967
2786 0.0858967
36528 0.0833333
30504 0.0833333
22088 0.0833333
9592 0.0833333
4054 0.0833333
3877 0.0833333
612 0.0833333
18963 0.0830862
21861 0.0820124
19511 0.0820124
29901 0.0786713
40204 0.0769231
38078 0.0769231
36255 0.0769231
35978 0.0769231
35525 0.0769231
35063 0.0769231
26181 0.0769231
23468 0.0769231
23206 0.0769231
11810 0.0769231
5821 0.0769231
3887 0.0769231
29586 0.0714286
19712 0.0714286
17763 0.0714286
4083 0.0714286
34378 0.0709132
34098 0.0709132
19647 0.0709132
9736 0.0709132
6067 0.0709132
22605 0.0666667
8224 0.0666667
37597 0.0625
27876 0.0625
18328 0.0625
15873 0.0625
9196 0.0625
40241 0.0588235
39951 0.0588235
36952 0.0588235
29211 0.0588235
29140 0.0588235
26541 0.0588235
24790 0.0588235
24697 0.0588235
15787 0.0588235
13234 0.0588235
9760 0.0588235
4340 0.0588235
37815 0.0555556
36273 0.0555556
33256 0.0555556
27208 0.0555556
15493 0.0555556
6298 0.0555556
38956 0.0526316
36027 0.0526316
432 0.0526316
30229 0.05
28855 0.05
22594 0.05
21703 0.05
14768 0.05
1131 0.05
39337 0.0454545
27904 0.0454545
21157 0.0434783
12661 0.0434783
10923 0.0434783
3105 0.0434783
39642 0.0416667
24400 0.0416667
9309 0.0416667
8615 0.0416667
40631 0.04
31947 0.04
28655 0.04
22743 0.04
22577 0.04
18356 0.04
17393 0.04
16529 0.04
5354 0.04
25614 0.0384615
24126 0.0384615
18561 0.0384615
16629 0.0384615
15276 0.0384615
14672 0.0384615
5180 0.0384615
1849 0.0384615
38608 0.037037
38519 0.037037
37730 0.037037
32620 0.037037
29640 0.037037
28739 0.037037
18340 0.037037
18208 0.037037
16508 0.037037
13563 0.037037
5488 0.037037
3162 0.037037
2751 0.037037
20177 0.0357143
17921 0.0357143
7008 0.0357143
5824 0.0357143
40166 0.0333333
16395 0.0333333
14886 0.0333333
9665 0.0333333
8027 0.0333333
2647 0.0333333
2263 0.0333333
36117 0.0322581
31553 0.0322581
28880 0.0322581
26794 0.0322581
23240 0.0322581
16047 0.0322581
11113 0.0322581
7145 0.0322581
34165 0.030303
15029 0.030303
13126 0.030303
11890 0.030303
11393 0.030303
39245 0.0294118
39183 0.0294118
34043 0.0294118
28106 0.0294118
27073 0.0294118
17583 0.0294118
15054 0.0294118
14769 0.0294118
14318 0.0294118
5431 0.0294118
1791 0.0294118
391 0.0294118
30287 0.0277778
16962 0.0277778
5875 0.0277778
556 0.0277778
32324 0.027027
23696 0.027027
14934 0.027027
10210 0.027027
8197 0.027027
38960 0.025641
37719 0.025641
29030 0.025641
26864 0.025641
24891 0.025641
21000 0.025641
20567 0.025641
20080 0.025641
18161 0.025641
13172 0.025641
12766 0.025641
12451 0.025641
12443 0.025641
12289 0.025641
11789 0.025641
9553 0.025641
7937 0.025641
6262 0.025641
5688 0.025641
5612 0.025641
2542 0.025641
35203 0.0227273
33052 0.0227273
29125 0.0227273
28756 0.0227273
16913 0.0227273
14534 0.0227273
11331 0.0227273
9616 0.0227273
8850 0.0227273
37502 0.0204082
36259 0.0204082
34579 0.0204082
29902 0.0204082
27176 0.0204082
25831 0.0204082
21101 0.0204082
15669 0.0204082
10453 0.0204082
40980 0
40979 0
40978 0
40977 0
40976 0
40975 0
40974 0
40973 0
40972 0
40971 0
40970 0
40969 0
40968 0
40967 0
40966 0
40965 0
40964 0
40963 0
40962 0
40961 0
40960 0
40959 0
40958 0
40957 0
40956 0
40955 0
40954 0
40953 0
40952 0
40951 0
40950 0
40949 0
40948 0
40947 0
40946 0
40945 0
40944 0
40943 0
40942 0
40941 0
40940 0
40939 0
40938 0
40937 0
40936 0
40935 0
40934 0
40933 0
40932 0
40931 0
40930 0
40929 0
40928 0
40927 0
40926 0
40925 0
40924 0
40923 0
40922 0
40921 0
40920 0
40919 0
40918 0
40917 0
40916 0
40915 0
40914 0
40913 0
40912 0
40911 0
40910 0
40909 0
40908 0
40907 0
40906 0
40905 0
40904 0
40903 0
40902 0
40901 0
40900 0
40899 0
40898 0
40897 0
40896 0
40895 0
40894 0
40893 0
40892 0
40891 0
40889 0
40888 0
40887 0
40886 0
40885 0
40884 0
40883 0
40882 0
40881 0
40880 0
40879 0
40878 0
40877 0
40876 0
40875 0
40874 0
40873 0
40872 0
40871 0
40870 0
40869 0
40868 0
40867 0
40866 0
40865 0
40864 0
40863 0
40862 0
40861 0
40860 0
40859 0
