743 16.4934
9665 15.1514
28280 14.0876
40883 10.2397
17935 6.01151
10923 4.50655
31301 3.48611
28883 2.7614
31509 2.21432
34167 2.08953
1667 1.99974
6255 1.52922
29302 1.47619
2118 1.2873
613 1.21667
15400 1.19785
2840 1.14957
1017 0.921661
18798 0.91658
19514 0.902778
29174 0.7875
21911 0.754278
1321 0.75
24017 0.728846
25834 0.722985
878 0.7
17264 0.683333
35462 0.658333
21075 0.642857
23724 0.575
13851 0.549145
5358 0.542857
25337 0.53869
24414 0.479278
32879 0.47619
28610 0.467857
2647 0.43555
35216 0.428571
31028 0.410714
11891 0.375
3378 0.361111
1313 0.353846
17517 0.352778
1983 0.35
9164 0.347222
37685 0.338462
38486 0.333333
30890 0.333333
19926 0.333333
19210 0.333333
5741 0.333333
2676 0.333333
38230 0.330891
18430 0.330128
8672 0.322222
38970 0.314379
38316 0.314379
31150 0.306991
30834 0.299145
16652 0.298413
22079 0.29359
9561 0.289134
13951 0.277778
6183 0.277778
28557 0.271277
36057 0.264134
16160 0.264134
9455 0.264134
39734 0.25
35739 0.25
35471 0.25
32885 0.25
31960 0.25
26338 0.25
23843 0.25
15599 0.25
14167 0.25
8258 0.25
13058 0.201923
38252 0.2
38166 0.2
37711 0.2
31894 0.2
30472 0.2
22263 0.2
19032 0.2
18328 0.2
15888 0.2
15859 0.2
14818 0.2
9035 0.2
1005 0.2
572 0.2
40369 0.177933
37935 0.170455
1769 0.170455
34768 0.166667
29737 0.166667
28158 0.166667
20934 0.166667
17202 0.166667
13200 0.166667
8865 0.166667
5440 0.166667
27121 0.1482
20145 0.1482
18361 0.1482
5507 0.1482
4257 0.1482
27452 0.144017
695 0.144017
37061 0.142857
34553 0.142857
31994 0.142857
31283 0.142857
27799 0.142857
15868 0.142857
5774 0.142857
39898 0.125
29617 0.125
20709 0.125
18630 0.125
15179 0.125
10581 0.125
8027 0.125
1083 0.125
29440 0.111111
27961 0.111111
27945 0.111111
24550 0.111111
14226 0.111111
7439 0.111111
24295 0.105193
20273 0.105193
15457 0.105193
6730 0.105193
1394 0.105193
15058 0.1
14440 0.1
10223 0.1
9927 0.1
33675 0.0833333
19683 0.0833333
7866 0.0833333
4810 0.0833333
3756 0.0833333
2388 0.0833333
1292 0.0833333
38155 0.0769231
38032 0.0769231
36300 0.0769231
33699 0.0769231
30303 0.0769231
30001 0.0769231
20699 0.0769231
19198 0.0769231
19190 0.0769231
18815 0.0769231
18469 0.0769231
16918 0.0769231
16836 0.0769231
9168 0.0769231
8216 0.0769231
6826 0.0769231
2288 0.0769231
1864 0.0769231
39717 0.0625
37426 0.0625
29190 0.0625
15316 0.0625
11268 0.0625
4516 0.0625
34971 0.0588235
33507 0.0588235
24812 0.0588235
21138 0.0588235
10537 0.0588235
6345 0.0588235
35159 0.0555556
33501 0.0555556
30996 0.0555556
27790 0.0555556
27410 0.0555556
27390 0.0555556
22061 0.0555556
18830 0.0555556
16605 0.0555556
13645 0.0555556
13457 0.0555556
10404 0.0555556
9371 0.0555556
9155 0.0555556
8377 0.0555556
38683 0.05
34433 0.05
33185 0.05
27963 0.05
17715 0.05
14430 0.05
8689 0.05
6967 0.05
20392 0.0454545
15181 0.0454545
1796 0.0454545
38744 0.0416667
32303 0.0416667
30967 0.0416667
16749 0.0416667
13634 0.0416667
7238 0.0416667
7083 0.0416667
5576 0.0416667
1794 0.0416667
34220 0.0384615
33404 0.0384615
22178 0.0384615
19288 0.0384615
19120 0.0384615
16428 0.0384615
16265 0.0384615
5641 0.0384615
4366 0.0384615
39615 0.0212766
38999 0.0212766
38315 0.0212766
37578 0.0212766
35339 0.0212766
30813 0.0212766
29497 0.0212766
26248 0.0212766
23750 0.0212766
22879 0.0212766
21274 0.0212766
17440 0.0212766
16800 0.0212766
15818 0.0212766
10110 0.0212766
8403 0.0212766
7794 0.0212766
7527 0.0212766
5740 0.0212766
5149 0.0212766
4496 0.0212766
2898 0.0212766
1642 0.0212766
1345 0.0212766
40980 0
40979 0
40978 0
40977 0
40976 0
40975 0
40974 0
40973 0
40972 0
40971 0
40970 0
40969 0
40968 0
40967 0
40966 0
40965 0
40964 0
40963 0
40962 0
40961 0
40960 0
40959 0
40958 0
40957 0
40956 0
40955 0
40954 0
40953 0
40952 0
40951 0
40950 0
40949 0
40948 0
40947 0
40946 0
40945 0
40944 0
40943 0
40942 0
40941 0
40940 0
40939 0
40938 0
40937 0
40936 0
40935 0
40934 0
40933 0
40932 0
40931 0
40930 0
40929 0
40928 0
40927 0
40926 0
40925 0
40924 0
40923 0
40922 0
40921 0
40920 0
40919 0
40918 0
40917 0
40916 0
40915 0
40914 0
40913 0
40912 0
40911 0
40910 0
40909 0
40908 0
40907 0
40906 0
40905 0
40904 0
40903 0
40902 0
40901 0
40900 0
40899 0
40898 0
40897 0
40896 0
40895 0
40894 0
40893 0
40892 0
40891 0
40890 0
40889 0
40888 0
40887 0
40886 0
40885 0
40884 0
40882 0
40881 0
40880 0
40879 0
40878 0
40877 0
40876 0
40875 0
40874 0
40873 0
40872 0
40871 0
40870 0
40869 0
40868 0
40867 0
40866 0
40865 0
40864 0
40863 0
40862 0
40861 0
40860 0
40859 0
40858 0
40857 0
40856 0
40855 0
40854 0
40853 0
40852 0
40851 0
40850 0
40849 0
40848 0
40847 0
40846 0
40845 0
40844 0
40843 0
40842 0
40841 0
40840 0
40839 0
40838 0
40837 0
40836 0
40835 0
40834 0
40833 0
40832 0
40831 0
40830 0
40829 0
40828 0
40827 0
40826 0
40825 0
40824 0
40823 0
40822 0
40821 0
40820 0
40819 0
40818 0
40817 0
40816 0
40815 0
40814 0
40813 0
40812 0
40811 0
40810 0
40809 0
40808 0
40807 0
40806 0
40805 0
40804 0
40803 0
40802 0
40801 0
40800 0
40799 0
40798 0
40797 0
40796 0
40795 0
40794 0
40793 0
40792 0
40791 0
40790 0
40789 0
40788 0
40787 0
40786 0
40785 0
40784 0
40783 0
40782 0
40781 0
40780 0
40779 0
40778 0
40777 0
40776 0
40775 0
40774 0
40773 0
40772 0
40771 0
40770 0
40769 0
40768 0
40767 0
40766 0
40765 0
40764 0
40763 0
40762 0
40761 0
40760 0
40759 0
40758 0
40757 0
40756 0
40755 0
40754 0
40753 0
40752 0
40751 0
40750 0
40749 0
40748 0
40747 0
40746 0
40745 0
40744 0
40743 0
40742 0
40741 0
40740 0
40739 0
40738 0
40737 0
40736 0
40735 0
40734 0
40733 0
40732 0
40731 0
40730 0
40729 0
40728 0
40727 0
40726 0
