28776 15.3583
34488 4.36753
4429 3.84747
38449 3.51429
20262 3.06832
33975 2.8241
34399 2.29708
31922 2.16667
9953 1.99479
37266 1.95238
31215 1.80035
1158 1.71822
32585 1.62277
4555 1.56111
23168 1.42222
34939 1.37984
35318 1.28333
1009 1.26323
14656 1.1596
38381 1.07778
5231 0.955556
19096 0.899206
9942 0.783333
9333 0.783333
4989 0.766667
14251 0.751491
14105 0.71425
20698 0.683016
37377 0.677235
33820 0.65
26081 0.625
21015 0.582186
24901 0.580952
27287 0.569444
2391 0.533333
27464 0.5
26489 0.496337
10554 0.49
35090 0.465385
11464 0.441667
13839 0.428489
3964 0.419298
19629 0.415
24005 0.406566
3396 0.388034
14866 0.377778
27794 0.373333
20777 0.362155
6466 0.361429
19211 0.350251
21692 0.35
16210 0.35
14852 0.340385
22254 0.338095
3578 0.335455
40172 0.333333
39011 0.333333
38365 0.333333
37717 0.333333
29879 0.333333
27024 0.333333
25772 0.333333
24927 0.333333
23837 0.333333
23798 0.333333
21608 0.333333
17566 0.333333
16714 0.333333
16084 0.333333
15863 0.333333
14880 0.333333
9871 0.333333
7313 0.333333
6122 0.333333
17987 0.302632
27767 0.28355
16813 0.275
22129 0.269806
36222 0.269353
14373 0.260965
18115 0.251496
40892 0.25
40311 0.25
35810 0.25
34630 0.25
32270 0.25
31967 0.25
30458 0.25
27609 0.25
27296 0.25
26619 0.25
25734 0.25
25218 0.25
24450 0.25
23560 0.25
23265 0.25
22441 0.25
21968 0.25
21720 0.25
19343 0.25
17005 0.25
13852 0.25
11456 0.25
10904 0.25
7303 0.25
4261 0.243108
2264 0.231481
34651 0.226496
5947 0.223718
16323 0.222222
14103 0.222222
35965 0.2
32523 0.2
28533 0.2
26708 0.2
16654 0.2
15573 0.2
14829 0.2
13687 0.2
12533 0.2
4816 0.2
4786 0.2
2948 0.2
671 0.2
17937 0.193162
28205 0.166667
27558 0.166667
26139 0.166667
25516 0.166667
32608 0.165385
1613 0.165385
39797 0.163736
13392 0.149158
6594 0.149158
40816 0.142857
39976 0.142857
39964 0.142857
35545 0.142857
31167 0.142857
30088 0.142857
28608 0.142857
25405 0.142857
19731 0.142857
6088 0.142857
5467 0.142857
2848 0.142857
33431 0.125
32872 0.125
28594 0.125
26867 0.125
22968 0.125
14051 0.125
5849 0.125
11938 0.113471
39156 0.111111
35487 0.111111
32083 0.111111
16491 0.111111
11222 0.111111
3836 0.111111
35699 0.108016
31764 0.108016
31574 0.108016
4384 0.108016
26451 0.105053
23782 0.105053
11027 0.105053
38174 0.1
24617 0.1
18229 0.1
34260 0.0833333
33903 0.0833333
29986 0.0833333
25013 0.0833333
21116 0.0833333
20530 0.0833333
19526 0.0833333
17896 0.0833333
17834 0.0833333
14065 0.0833333
12342 0.0833333
9628 0.0833333
5438 0.0833333
4072 0.0833333
31831 0.0769231
27184 0.0769231
23272 0.0769231
16348 0.0769231
22280 0.0714286
10017 0.0714286
32011 0.0666667
28849 0.0666667
27940 0.0666667
20274 0.0666667
15684 0.0666667
13614 0.0666667
10683 0.0666667
8965 0.0666667
31637 0.0555556
21619 0.0555556
18459 0.0555556
17362 0.0555556
16456 0.0555556
12459 0.0555556
11452 0.0555556
10202 0.0555556
6564 0.0555556
38454 0.0526316
36318 0.0526316
35644 0.0526316
35572 0.0526316
34395 0.0526316
32370 0.0526316
30870 0.0526316
25819 0.0526316
23725 0.0526316
13404 0.0526316
7856 0.0526316
6087 0.0526316
35559 0.047619
35284 0.047619
24742 0.047619
21126 0.047619
18296 0.047619
15088 0.047619
13154 0.047619
12207 0.047619
11219 0.047619
7783 0.047619
4986 0.047619
24726 0.0454545
17804 0.0454545
13787 0.0454545
4424 0.0454545
3012 0.0454545
2641 0.0454545
38988 0.04
35573 0.04
34065 0.04
28186 0.04
20771 0.04
18901 0.04
15901 0.04
32534 0.037037
27851 0.037037
15138 0.037037
10211 0.037037
9960 0.037037
7799 0.037037
6976 0.037037
352 0.037037
40980 0.0153846
39457 0.0153846
34964 0.0153846
29438 0.0153846
29389 0.0153846
28646 0.0153846
27085 0.0153846
26653 0.0153846
21059 0.0153846
19892 0.0153846
17747 0.0153846
17683 0.0153846
15906 0.0153846
15660 0.0153846
15602 0.0153846
15250 0.0153846
15005 0.0153846
14163 0.0153846
13086 0.0153846
10249 0.0153846
9728 0.0153846
8291 0.0153846
8114 0.0153846
7974 0.0153846
7317 0.0153846
5798 0.0153846
4728 0.0153846
2115 0.0153846
1716 0.0153846
88 0.0153846
40979 0
40978 0
40977 0
40976 0
40975 0
40974 0
40973 0
40972 0
40971 0
40970 0
40969 0
40968 0
40967 0
40966 0
40965 0
40964 0
40963 0
40962 0
40961 0
40960 0
40959 0
40958 0
40957 0
40956 0
40955 0
40954 0
40953 0
40952 0
40951 0
40950 0
40949 0
40948 0
40947 0
40946 0
40945 0
40944 0
40943 0
40942 0
40941 0
40940 0
40939 0
40938 0
40937 0
40936 0
40935 0
40934 0
40933 0
40932 0
40931 0
40930 0
40929 0
40928 0
40927 0
40926 0
40925 0
40924 0
40923 0
40922 0
40921 0
40920 0
40919 0
40918 0
40917 0
40916 0
40915 0
40914 0
40913 0
40912 0
40911 0
40910 0
40909 0
40908 0
40907 0
40906 0
40905 0
40904 0
40903 0
40902 0
40901 0
40900 0
40899 0
40898 0
40897 0
40896 0
40895 0
40894 0
40893 0
40891 0
40890 0
40889 0
40888 0
40887 0
40886 0
40885 0
40884 0
40883 0
40882 0
40881 0
40880 0
40879 0
40878 0
40877 0
40876 0
40875 0
40874 0
40873 0
40872 0
40871 0
40870 0
40869 0
40868 0
40867 0
40866 0
40865 0
40864 0
40863 0
40862 0
40861 0
40860 0
40859 0
40858 0
40857 0
40856 0
40855 0
40854 0
40853 0
40852 0
40851 0
40850 0
40849 0
40848 0
40847 0
40846 0
40845 0
40844 0
40843 0
40842 0
40841 0
40840 0
40839 0
40838 0
40837 0
40836 0
40835 0
40834 0
40833 0
40832 0
40831 0
40830 0
40829 0
40828 0
40827 0
40826 0
40825 0
40824 0
40823 0
40822 0
40821 0
40820 0
40819 0
40818 0
40817 0
40815 0
40814 0
40813 0
40812 0
40811 0
40810 0
40809 0
40808 0
40807 0
40806 0
40805 0
40804 0
40803 0
40802 0
40801 0
40800 0
40799 0
40798 0
40797 0
40796 0
40795 0
40794 0
40793 0
40792 0
40791 0
40790 0
40789 0
40788 0
40787 0
40786 0
40785 0
40784 0
40783 0
40782 0
40781 0
40780 0
40779 0
40778 0
40777 0
40776 0
40775 0
40774 0
40773 0
40772 0
40771 0
40770 0
40769 0
40768 0
40767 0
40766 0
40765 0
40764 0
40763 0
40762 0
40761 0
40760 0
40759 0
