31301 109.566
16791 56.5474
5693 48.9755
8508 37.0039
27844 34.7282
17634 20.8351
27514 20.149
26750 17.8531
1204 17.475
13432 13.9154
52 11.6574
26808 10.9735
186 7.79201
7708 7.46067
22228 7.2042
8672 7.18275
4405 6.88654
23014 6.36279
3096 5.92974
24475 5.44306
6644 5.39976
7691 5.36592
34495 5.36448
4785 4.96281
3494 4.85735
37176 4.69705
22583 4.68539
27425 4.59472
33825 4.57689
18274 4.51788
22402 4.46679
919 4.28937
14544 4.19273
9846 4.12369
23211 4.04073
19972 4.01804
5691 3.95497
2838 3.73856
8186 3.21219
4928 3.18941
3075 3.16211
40573 3.10787
10073 3.10132
20489 3.06401
29032 3.05112
29997 3.02261
363 2.95024
27886 2.92207
28444 2.91088
16614 2.88008
26088 2.82521
40316 2.7355
26892 2.67783
2249 2.54712
33078 2.48235
870 2.43534
6096 2.38022
32959 2.34091
12243 2.26623
32885 2.2552
40869 2.22801
10923 2.22597
28038 2.13386
10737 2.04819
15603 2.03881
12812 2.02233
28380 1.97928
878 1.97672
14528 1.95862
25215 1.95364
12630 1.92917
35683 1.88902
6815 1.85189
16890 1.84443
1267 1.8425
10057 1.84021
23154 1.83016
23655 1.81714
34704 1.80415
16945 1.79479
2659 1.79467
37711 1.77857
1975 1.75899
22606 1.72917
8867 1.65278
10117 1.64368
30320 1.64038
26555 1.63997
27003 1.60882
2633 1.59387
7411 1.57995
14630 1.57767
16404 1.57135
4746 1.55923
11535 1.54487
16853 1.51165
5088 1.51136
12080 1.50453
28543 1.50217
15237 1.48325
24013 1.46984
34396 1.46086
10423 1.459
29059 1.41083
9075 1.40908
9362 1.38222
2289 1.35459
6061 1.35412
6823 1.34422
12518 1.31037
6656 1.30075
20229 1.2941
34973 1.28855
22594 1.28628
19295 1.28432
17159 1.27666
38562 1.25776
5373 1.25203
9378 1.22553
29443 1.22425
20424 1.20626
27434 1.19056
5663 1.18809
10980 1.18717
31536 1.18608
11658 1.16665
37163 1.1646
39695 1.16216
9831 1.16153
17075 1.15182
36623 1.13135
4408 1.12767
4375 1.10996
22054 1.09838
23317 1.07957
19258 1.06278
33490 1.04439
20068 1.03813
5920 1.03301
17406 1.02063
14048 1.00733
27322 0.999795
11942 0.994298
34167 0.990554
9655 0.988743
16751 0.984848
6794 0.952717
10731 0.951303
31581 0.949733
21983 0.947444
6504 0.941793
24382 0.938178
25750 0.934813
13646 0.934028
24825 0.933333
1427 0.93239
3112 0.930325
40017 0.927923
15637 0.927915
18144 0.914798
40381 0.910742
12431 0.900397
3591 0.899573
22502 0.8993
35158 0.889881
32120 0.883553
38662 0.871913
27892 0.864683
40078 0.862519
1210 0.856119
21022 0.85287
3158 0.852626
22215 0.85119
28305 0.848032
19032 0.842353
11462 0.83346
34825 0.830952
23348 0.827458
13788 0.82214
4822 0.812529
23813 0.809553
28686 0.807574
23013 0.796868
36358 0.783333
33599 0.776623
2712 0.767857
11935 0.763388
31682 0.754164
5433 0.740855
1135 0.72619
2395 0.723424
23193 0.716893
10463 0.716667
12928 0.711998
13881 0.710543
32873 0.706716
808 0.704805
8474 0.7
22783 0.699686
12875 0.695785
29741 0.69561
25093 0.693506
4192 0.68395
8027 0.681685
17189 0.674866
40888 0.674192
1298 0.673699
7894 0.673168
8580 0.660621
5703 0.660256
3976 0.65974
37759 0.658333
30208 0.654762
1977 0.653373
14584 0.651476
37255 0.65
8644 0.646404
23877 0.645833
15505 0.645833
21457 0.644603
14677 0.642157
17177 0.641633
12636 0.629701
12574 0.628788
7726 0.624918
30122 0.623512
11633 0.619246
26280 0.612288
15352 0.608066
40663 0.607192
33421 0.602474
10953 0.6
25462 0.597222
31424 0.596895
12149 0.592857
34886 0.590146
20474 0.58908
24270 0.588173
14132 0.58391
35096 0.583675
28266 0.575
11968 0.574452
543 0.566667
11958 0.56151
26937 0.561111
28245 0.545834
25837 0.542208
16268 0.541667
33650 0.540909
32828 0.540909
24762 0.535256
18950 0.533333
32975 0.528687
8937 0.527778
29790 0.526923
13264 0.526923
19939 0.523974
12384 0.522655
12620 0.516807
35048 0.507281
13003 0.506999
5153 0.506995
6173 0.501008
30167 0.5
23714 0.499614
37797 0.493564
27139 0.491667
18328 0.487607
31561 0.484096
24004 0.483333
17121 0.483333
14603 0.482969
29269 0.48125
23380 0.480742
16446 0.477778
21399 0.47323
11587 0.47323
23696 0.46978
33069 0.46916
38229 0.466667
13553 0.462996
14565 0.457738
32023 0.457576
24493 0.454562
40969 0.452648
27856 0.45
8608 0.45
2943 0.448413
27744 0.447917
34032 0.44632
8597 0.445863
11836 0.440499
6262 0.440476
25445 0.440048
39393 0.43904
31975 0.434127
5890 0.433824
6886 0.433559
40956 0.433333
7013 0.433333
19566 0.425969
10332 0.425
22724 0.42289
28760 0.422414
33712 0.42214
38980 0.421739
12009 0.420635
28864 0.415909
4070 0.415428
35985 0.414286
17127 0.410743
123 0.409524
5100 0.407576
5037 0.400499
14076 0.400433
1735 0.4
33615 0.398413
14466 0.393664
30054 0.392857
10844 0.391576
17585 0.389423
2850 0.388873
36707 0.386447
19925 0.38575
34768 0.383333
16982 0.38254
29975 0.380747
24335 0.378623
1852 0.378402
31670 0.375
1566 0.375
24130 0.372024
36032 0.371349
31546 0.370455
34592 0.367832
16523 0.365694
4794 0.355278
39131 0.355089
22990 0.353129
19373 0.353125
21846 0.35
28265 0.349253
3382 0.347619
18616 0.344877
21989 0.344117
15523 0.339059
37562 0.337302
36208 0.333333
32261 0.333333
31357 0.333333
30053 0.333333
28904 0.333333
28450 0.333333
23423 0.333333
21113 0.333333
17999 0.333333
16118 0.333333
15844 0.333333
13007 0.333333
4432 0.333333
29326 0.330723
20914 0.327381
11625 0.325947
3363 0.325397
25639 0.324176
23269 0.322529
17934 0.321078
5255 0.320635
39743 0.319444
11630 0.319444
21164 0.316239
29746 0.312664
35602 0.311111
19099 0.310145
27114 0.309524
5175 0.308824
18666 0.308309
3928 0.307838
16823 0.305195
3936 0.304894
17083 0.30403
3025 0.302614
21228 0.299242
8263 0.295635
2501 0.294149
38283 0.292832
24316 0.292172
25846 0.291667
27951 0.291209
16659 0.289322
38967 0.287302
9958 0.286398
1055 0.285441
9383 0.28338
17663 0.281966
26011 0.28189
1318 0.28125
20370 0.280952
11985 0.279193
11085 0.278005
40829 0.276286
40912 0.27549
30680 0.27549
37940 0.270833
31283 0.270833
37998 0.267857
29524 0.266991
25083 0.266951
11647 0.263095
4646 0.263095
15149 0.262741
2783 0.262338
15300 0.261111
11443 0.261111
3311 0.261111
39374 0.260747
28142 0.260504
5066 0.260504
39843 0.259813
37637 0.259524
5039 0.258963
6856 0.258929
2241 0.258083
25868 0.25732
11108 0.256667
10519 0.256628
4049 0.255747
36006 0.254762
10131 0.25448
25584 0.252268
25379 0.25202
27624 0.25119
10238 0.250534
8532 0.250534
40036 0.25
38463 0.25
36039 0.25
35358 0.25
34126 0.25
33068 0.25
32718 0.25
30829 0.25
28718 0.25
25526 0.25
22640 0.25
22052 0.25
18735 0.25
15515 0.25
14873 0.25
12959 0.25
12957 0.25
12709 0.25
8446 0.25
5460 0.25
32537 0.246465
20035 0.245859
3245 0.245776
33084 0.245108
29680 0.244444
36740 0.242775
1163 0.241667
12444 0.240476
39649 0.239827
16833 0.239423
5389 0.238176
13035 0.238095
23337 0.237179
4493 0.237179
6585 0.23516
1895 0.233187
2982 0.233173
35524 0.232931
32852 0.232724
39546 0.231938
26401 0.230998
6002 0.228208
6055 0.226148
30286 0.225
11844 0.223719
32440 0.223388
26714 0.222222
26440 0.222222
29972 0.221726
10851 0.220779
22227 0.220238
23843 0.220076
34187 0.219105
9561 0.217721
36554 0.216858
32863 0.214286
11244 0.213636
24803 0.2125
36996 0.2125
15446 0.2125
5205 0.212395
10929 0.212215
17656 0.210932
5214 0.210852
25681 0.208333
6671 0.207175
