21323 3.92005
16504 2.02456
2877 1.14683
16220 0.924213
27799 0.792736
17142 0.769817
16076 0.737259
35346 0.630853
12393 0.630853
22648 0.612005
22368 0.562342
23843 0.51702
32043 0.502149
27989 0.491447
15416 0.491447
13916 0.484799
24678 0.471573
17708 0.454819
6654 0.453585
37847 0.361844
24790 0.360464
26476 0.336418
39947 0.325543
30676 0.325543
11080 0.325543
7054 0.32037
12569 0.315097
13654 0.299622
28403 0.296022
15092 0.296022
39791 0.294988
24239 0.294988
15678 0.285908
21589 0.266237
16395 0.258557
19287 0.257004
23206 0.255905
33800 0.245658
32620 0.245658
7618 0.243636
6140 0.238571
34489 0.238305
29909 0.238305
11434 0.233683
13140 0.222087
110 0.222087
34325 0.221562
39383 0.220365
34312 0.220365
18428 0.220365
11331 0.215737
16233 0.20211
3852 0.191487
830 0.186538
35317 0.182606
35766 0.172162
22530 0.172162
6518 0.172162
2424 0.166667
36787 0.165689
36313 0.165689
31575 0.162148
19093 0.162148
18872 0.162148
16548 0.162148
15744 0.162148
36028 0.149182
25533 0.149182
37027 0.140853
1 0.134615
3140 0.133676
30929 0.132757
5551 0.132757
30284 0.130302
4994 0.129124
30321 0.128791
2484 0.125604
15665 0.124863
14314 0.116596
24849 0.116302
16001 0.112892
37895 0.111111
10210 0.107145
14858 0.107114
9148 0.1
7132 0.1
36952 0.0967297
14352 0.0967297
5169 0.0967297
31085 0.0938696
28862 0.0938696
14010 0.0938696
19555 0.092316
12781 0.0894553
24928 0.088712
34147 0.0860125
32885 0.0860125
8854 0.0860125
15592 0.0833333
684 0.0819783
35439 0.0809158
24701 0.0801333
9994 0.0769231
6243 0.0769231
302 0.0769231
18520 0.0743163
3068 0.0743163
1659 0.0743163
29634 0.0719502
24400 0.0719502
38772 0.0714286
24538 0.0714286
24407 0.0714286
483 0.0714286
35425 0.070675
33518 0.0687523
24506 0.0687523
15715 0.0687523
14943 0.0687523
22184 0.0686752
21757 0.0686752
16298 0.0686752
2885 0.0686752
1610 0.0686752
9957 0.0666667
7245 0.064054
40890 0.0627789
18844 0.0627789
6041 0.0627789
4934 0.0627789
350 0.0627789
8913 0.0625
3936 0.0625
12449 0.0624896
38221 0.0614243
34034 0.0614243
17312 0.0606298
30693 0.0603216
24972 0.0603216
6859 0.0603216
6068 0.0592316
16473 0.0588235
23034 0.0541243
33267 0.051998
31763 0.051998
23886 0.051998
23715 0.051998
2168 0.051998
33633 0.0508936
31333 0.0508936
18248 0.0508936
17397 0.0508936
630 0.0508936
39661 0.047619
33108 0.047619
33052 0.047619
19511 0.047619
13034 0.047619
9615 0.047619
6049 0.047619
39831 0.0467507
31649 0.0467507
29687 0.0467507
20977 0.0467507
28948 0.0447243
16283 0.0447243
40462 0.0434783
8672 0.0434783
35029 0.0402632
17492 0.0402632
32688 0.037997
17613 0.037997
32933 0.037037
35734 0.036044
29225 0.036044
27926 0.036044
17785 0.036044
14138 0.036044
12641 0.036044
11626 0.036044
2869 0.036044
33256 0.0357143
38583 0.0350726
18561 0.0350726
11920 0.0350726
7921 0.0350726
2235 0.0350726
207 0.0350726
39245 0.0341837
25659 0.0341837
15289 0.0341837
11488 0.0341837
8990 0.0341837
4900 0.0341837
1487 0.0341837
40585 0.0340967
39298 0.0340967
35185 0.0340967
34740 0.0340967
21978 0.0340967
19253 0.0340967
18452 0.0340967
17521 0.0340967
17373 0.0340967
16844 0.0340967
16703 0.0340967
14768 0.0340967
30298 0.0338384
26095 0.0338384
19260 0.0338384
17631 0.0338384
15212 0.0338384
1355 0.0338384
32808 0.0333333
32165 0.0333333
25885 0.0333333
25826 0.0333333
23435 0.0333333
23240 0.0333333
20250 0.0333333
16390 0.0333333
9423 0.0333333
2675 0.0333333
2153 0.0333333
38659 0.0326312
31858 0.0326312
26058 0.0326312
17797 0.0326312
3291 0.0326312
565 0.0326312
39172 0.0322581
18811 0.0322581
14475 0.0322581
9903 0.0322581
5875 0.0322581
3541 0.0322581
33227 0.0316344
31151 0.0316344
31140 0.0316344
30897 0.0316344
25375 0.0316344
24957 0.0316344
19712 0.0316344
16745 0.0316344
12922 0.0316344
8437 0.0316344
2218 0.0316344
40644 0.030988
34835 0.030988
6105 0.030988
31352 0.0294613
30417 0.0294613
25504 0.0294613
17068 0.0294613
6410 0.0294613
6172 0.0294613
2846 0.0294613
1853 0.0294613
626 0.0294613
40618 0.028412
35463 0.028412
31072 0.028412
14546 0.028412
12893 0.028412
34123 0.0283047
29875 0.0283047
26928 0.0283047
25076 0.0283047
17412 0.0283047
17035 0.0283047
9309 0.0283047
5414 0.0283047
1326 0.0283047
38422 0.0275628
33175 0.0275628
29923 0.0275628
27168 0.0275628
26181 0.0275628
22170 0.0275628
7900 0.0275628
6711 0.0275628
3762 0.0275628
34768 0.025641
24063 0.025641
22388 0.025641
20823 0.025641
19509 0.025641
18138 0.025641
4228 0.025641
758 0.025641
113 0.025641
40069 0.025
39519 0.025
24126 0.025
12104 0.025
8224 0.025
6319 0.025
6067 0.025
40564 0.0249126
40165 0.0249126
39642 0.0249126
38952 0.0249126
37689 0.0249126
36528 0.0249126
34544 0.0249126
33028 0.0249126
31537 0.0249126
30793 0.0249126
28106 0.0249126
23439 0.0249126
22930 0.0249126
22711 0.0249126
21187 0.0249126
18435 0.0249126
5937 0.0249126
4825 0.0249126
4761 0.0249126
4548 0.0249126
3561 0.0249126
38215 0.0188679
37915 0.0188679
29937 0.0188679
29640 0.0188679
22390 0.0188679
21101 0.0188679
19517 0.0188679
17826 0.0188679
17154 0.0188679
14399 0.0188679
13382 0.0188679
13217 0.0188679
12535 0.0188679
11733 0.0188679
9583 0.0188679
8896 0.0188679
8419 0.0188679
5714 0.0188679
4410 0.0188679
33458 0.0144928
27968 0.0144928
866 0.0144928
40037 0.0138889
38273 0.0138889
37902 0.0138889
37555 0.0138889
30136 0.0138889
29902 0.0138889
24591 0.0138889
22907 0.0138889
20152 0.0138889
16205 0.0138889
15630 0.0138889
14223 0.0138889
13231 0.0138889
11890 0.0138889
3229 0.0138889
40766 0.012987
37176 0.012987
35879 0.012987
35553 0.012987
32369 0.012987
31451 0.012987
31301 0.012987
27425 0.012987
20229 0.012987
19742 0.012987
18514 0.012987
18328 0.012987
18274 0.012987
13432 0.012987
12630 0.012987
12597 0.012987
12092 0.012987
11836 0.012987
5920 0.012987
5663 0.012987
3494 0.012987
2969 0.012987
865 0.012987
186 0.012987
52 0.012987
38863 0.0114943
37955 0.0114943
37931 0.0114943
37882 0.0114943
37597 0.0114943
37546 0.0114943
37494 0.0114943
37077 0.0114943
37024 0.0114943
36400 0.0114943
32607 0.0114943
31111 0.0114943
28880 0.0114943
27349 0.0114943
26084 0.0114943
25474 0.0114943
23585 0.0114943
23134 0.0114943
21217 0.0114943
20969 0.0114943
20099 0.0114943
20093 0.0114943
19592 0.0114943
19250 0.0114943
18356 0.0114943
16924 0.0114943
16424 0.0114943
16358 0.0114943
16058 0.0114943
15873 0.0114943
14299 0.0114943
13774 0.0114943
13670 0.0114943
13045 0.0114943
11909 0.0114943
5719 0.0114943
885 0.0114943
37496 0.0113636
37342 0.0113636
36517 0.0113636
35404 0.0113636
34616 0.0113636
33999 0.0113636
33798 0.0113636
33465 0.0113636
33457 0.0113636
27379 0.0113636
24761 0.0113636
23494 0.0113636
22787 0.0113636
22537 0.0113636
22313 0.0113636
22122 0.0113636
18340 0.0113636
17396 0.0113636
16560 0.0113636
14287 0.0113636
13172 0.0113636
12976 0.0113636
11768 0.0113636
9720 0.0113636
6592 0.0113636
6111 0.0113636
4872 0.0113636
4818 0.0113636
4444 0.0113636
2669 0.0113636
2480 0.0113636
37502 0.011236
37305 0.011236
36806 0.011236
35610 0.011236
33477 0.011236
29437 0.011236
28635 0.011236
23137 0.011236
19774 0.011236
15834 0.011236
13733 0.011236
6391 0.011236
5709 0.011236
5488 0.011236
3413 0.011236
2837 0.011236
1942 0.011236
828 0.011236
36562 0.00990099
35521 0.00990099
32769 0.00990099
31628 0.00990099
31477 0.00990099
31390 0.00990099
30979 0.00990099
30630 0.00990099
28747 0.00990099
27190 0.00990099
27176 0.00990099
25479 0.00990099
24871 0.00990099
23056 0.00990099
23022 0.00990099
22182 0.00990099
21448 0.00990099
20919 0.00990099
20726 0.00990099
20113 0.00990099
19313 0.00990099
18796 0.00990099
18153 0.00990099
16419 0.00990099
15980 0.00990099
13686 0.00990099
13627 0.00990099
13364 0.00990099
12600 0.00990099
12582 0.00990099
9882 0.00990099
9724 0.00990099
9180 0.00990099
