15684 26.6822
28776 23.637
7570 21.7836
33975 20.9556
40289 14.7929
34630 14.761
38449 14.3992
39518 13.5024
21015 10.7301
34488 10.5705
4555 9.66571
14866 9.04989
14251 7.34627
5798 6.72608
3396 6.15542
10211 5.87579
29438 5.56665
13392 5.4951
18615 5.43029
6063 5.37203
1158 4.89255
3012 4.71507
10904 4.51889
23798 4.40094
23837 4.28738
7982 4.17367
34956 3.87421
39153 3.81192
15250 3.65564
11762 3.48804
14105 3.46794
28700 3.45822
32585 3.39678
3263 3.12321
14163 3.10823
19096 3.03678
3114 2.90385
11027 2.88592
24726 2.61022
34065 2.58842
7317 2.56271
3964 2.55456
37377 2.53599
22950 2.52275
2115 2.49645
31922 2.47382
23168 2.35833
36222 2.31311
24005 2.19261
20698 2.18737
21716 2.16418
5231 2.15291
31527 2.15027
17804 2.12521
3516 2.10869
21748 2.05168
4261 2.03707
18227 2.00833
16609 2.00334
29389 1.97943
11938 1.92171
1009 1.91321
29986 1.88442
38454 1.87087
13787 1.86794
7234 1.85502
36493 1.8178
13839 1.68155
28751 1.66769
11311 1.63523
11222 1.6179
38919 1.61409
5048 1.61236
11166 1.59181
32776 1.57296
17937 1.57214
23782 1.52202
32270 1.50952
29815 1.50179
27501 1.48333
22254 1.46002
35950 1.38555
88 1.35915
39976 1.34921
18590 1.34306
32382 1.33596
27767 1.2681
26092 1.25987
24259 1.25124
23487 1.25001
31215 1.22782
34759 1.2217
4989 1.18377
14852 1.11604
14656 1.11583
3578 1.11453
23951 1.11145
13277 1.10874
23387 1.10523
40575 1.10192
18486 1.0814
9960 1.07857
14373 1.07763
33668 1.07263
38365 1.0671
319 1.06192
12736 1.04816
11872 1.039
21608 1.03333
38174 1.02702
19036 1.02196
34939 1.02054
38009 1.01869
11452 1.01071
39763 1.01056
22129 0.992602
26081 0.97619
30330 0.967857
30666 0.965873
6940 0.96131
21818 0.954869
32608 0.951039
26495 0.936369
7495 0.936111
31967 0.929304
14958 0.924431
16323 0.920993
40896 0.916667
35863 0.91641
20262 0.899237
9333 0.884409
30473 0.883333
17670 0.873856
14563 0.862949
12739 0.8328
20275 0.818133
33581 0.809524
1041 0.807576
646 0.803571
31574 0.79228
2848 0.784499
18165 0.784361
35489 0.75364
3306 0.75
8691 0.747161
13184 0.732406
24332 0.731901
35758 0.72754
10517 0.709957
36595 0.708077
27854 0.691209
38205 0.683333
24442 0.682796
21059 0.67391
3088 0.661399
29824 0.658559
23554 0.658511
12804 0.65
2137 0.642857
19629 0.632542
40030 0.632338
21952 0.621713
15315 0.619201
7783 0.608463
34651 0.599029
20312 0.592857
2568 0.592857
40341 0.590909
60 0.58896
13174 0.587985
13570 0.585965
16210 0.579167
37203 0.576923
28556 0.572324
9284 0.570594
35716 0.568903
7576 0.5671
37684 0.561111
29879 0.561111
11930 0.561111
1613 0.558691
36498 0.55234
33741 0.55
20017 0.549665
1001 0.54302
22197 0.542857
32078 0.535764
27522 0.534769
38381 0.533333
2946 0.533333
30761 0.524242
14051 0.523019
23005 0.517356
3110 0.516667
26405 0.5125
38042 0.511111
33968 0.510396
6987 0.509524
12703 0.507576
10868 0.501832
32469 0.493478
37136 0.492262
21693 0.485714
14066 0.483766
4577 0.476923
27575 0.47619
29182 0.470524
18528 0.47038
7856 0.466667
3331 0.465091
27851 0.462888
3903 0.4625
398 0.457195
25848 0.445006
39341 0.442857
27085 0.44262
10136 0.440476
36077 0.426203
10249 0.424895
30104 0.424782
24359 0.422619
10607 0.4216
39011 0.417247
21036 0.416461
34260 0.415148
16666 0.415079
22913 0.414134
28646 0.413874
38903 0.409524
17978 0.40202
6632 0.400502
27287 0.395455
5156 0.392142
21159 0.391667
11120 0.391667
22138 0.390476
18910 0.390476
26124 0.389025
988 0.388312
28794 0.3875
28594 0.3875
35284 0.385965
8981 0.380037
27367 0.375
8114 0.374945
16714 0.369935
9841 0.367857
7034 0.354701
34132 0.347135
7325 0.346314
4816 0.346078
21669 0.345238
39737 0.342888
22348 0.34259
1636 0.336385
38507 0.333333
37276 0.333333
33881 0.333333
32693 0.333333
31731 0.333333
28915 0.333333
27568 0.333333
23257 0.333333
18459 0.333333
17047 0.333333
851 0.333333
694 0.333333
352 0.331966
30542 0.331724
16598 0.329939
7378 0.326149
10082 0.325397
20016 0.325
21182 0.324567
10091 0.320489
27800 0.317982
4384 0.312637
38348 0.31131
20846 0.310689
3624 0.310105
22375 0.309524
28780 0.306069
21604 0.305714
37332 0.303114
39130 0.301313
2300 0.29922
34964 0.298955
25494 0.290727
39744 0.285714
4883 0.273256
15906 0.272108
12521 0.272108
17245 0.270601
35699 0.269467
21677 0.266917
32244 0.263528
25988 0.257143
35 0.254945
12702 0.251984
40944 0.25
39141 0.25
37920 0.25
34641 0.25
33431 0.25
32150 0.25
29531 0.25
27024 0.25
26941 0.25
25567 0.25
23652 0.25
22346 0.25
22156 0.25
15652 0.25
14059 0.25
13875 0.25
2106 0.25
1343 0.25
144 0.25
33359 0.249639
11219 0.249242
38474 0.246324
5959 0.241129
22448 0.238131
10442 0.237542
8841 0.236406
32534 0.232143
26737 0.231685
19343 0.231512
6087 0.230415
604 0.229555
8975 0.22549
21116 0.224242
17920 0.222854
28981 0.221645
37749 0.219298
25405 0.218149
39156 0.216792
12135 0.216667
18115 0.215299
2264 0.214032
26489 0.212121
5977 0.210476
23047 0.210207
5181 0.209707
19526 0.206349
6466 0.203816
37903 0.2
36910 0.2
36866 0.2
35318 0.2
29178 0.2
28960 0.2
28596 0.2
27670 0.2
27110 0.2
26025 0.2
22441 0.2
21627 0.2
21108 0.2
20456 0.2
15064 0.2
13641 0.2
13559 0.2
12428 0.2
12028 0.2
11343 0.2
10377 0.2
8951 0.2
8200 0.2
7673 0.2
6647 0.2
4570 0.2
3927 0.2
2468 0.2
1403 0.2
36841 0.198633
31556 0.19478
15138 0.19359
24412 0.191799
10717 0.191799
2470 0.191399
20124 0.189685
24869 0.187558
1612 0.185256
30639 0.180403
24324 0.180403
11865 0.179423
30088 0.178663
14103 0.177576
6976 0.175595
12533 0.175148
2641 0.168352
39592 0.166667
36777 0.166667
36618 0.166667
33076 0.166667
30844 0.166667
29416 0.166667
28620 0.166667
24090 0.166667
18280 0.166667
17400 0.166667
16151 0.166667
14885 0.166667
13865 0.166667
10875 0.166667
2327 0.166667
1716 0.166667
47 0.166667
14663 0.165856
16593 0.164037
17053 0.162485
23623 0.160244
5019 0.158824
28436 0.157724
3259 0.157724
14837 0.15658
35926 0.156335
15005 0.151014
17987 0.150058
20241 0.143621
3836 0.143621
38996 0.142857
37853 0.142857
36964 0.142857
36336 0.142857
36314 0.142857
33967 0.142857
33845 0.142857
31637 0.142857
27117 0.142857
24734 0.142857
23416 0.142857
22162 0.142857
20218 0.142857
19811 0.142857
19727 0.142857
18575 0.142857
18302 0.142857
17781 0.142857
12024 0.142857
10464 0.142857
9721 0.142857
8420 0.142857
8387 0.142857
5970 0.142857
4176 0.142857
2614 0.142857
1164 0.142857
727 0.142857
35090 0.141533
17050 0.141533
15475 0.140522
20274 0.139231
15660 0.139231
11680 0.137047
9178 0.137028
9561 0.136555
2059 0.135965
36490 0.132362
26487 0.130952
40681 0.129443
14906 0.128947
37383 0.125
36296 0.125
30570 0.125
29664 0.125
25338 0.125
23839 0.125
22195 0.125
21459 0.125
19791 0.125
18702 0.125
14829 0.125
12585 0.125
9369 0.125
5454 0.125
371 0.125
354 0.125
28996 0.119833
6594 0.119363
8965 0.11746
32006 0.11676
23063 0.11676
4424 0.116071
35231 0.113206
13841 0.112796
27184 0.112239
10462 0.111493
9628 0.111493
40516 0.111111
26819 0.111111
26733 0.111111
26291 0.111111
20400 0.111111
20135 0.111111
20086 0.111111
19211 0.111111
17008 0.111111
12439 0.111111
