27799 17.1585
2885 7.83497
26541 6.31772
13654 5.97229
27926 5.43966
28094 5.18856
35766 5.12246
5778 4.82081
40204 4.73129
22594 4.26222
17312 4.11364
6041 3.766
24239 3.45345
32620 3.25829
14138 3.22734
36313 3.01949
550 2.98067
38856 2.95044
24678 2.90753
16806 2.51905
6592 2.38707
35734 2.3331
22184 2.26495
4444 2.20128
34999 2.11255
35317 2.07832
22218 2.02561
36400 2.02537
22405 2.01475
12569 1.97781
5824 1.91093
23696 1.87959
18963 1.79421
23432 1.77161
22711 1.71509
16723 1.61249
9823 1.5684
40165 1.54329
22530 1.53918
19032 1.52617
32036 1.51283
33267 1.4722
24596 1.4409
14943 1.42036
28407 1.40023
10 1.32775
2899 1.30312
18520 1.30193
15467 1.27758
35346 1.27657
37340 1.25549
17583 1.23549
37077 1.23528
29551 1.22856
31947 1.2253
8412 1.21407
37546 1.19512
4548 1.17865
40525 1.17248
27740 1.162
4539 1.15801
37374 1.1572
26095 1.14291
102 1.06614
34579 1.04814
1462 1.04353
32016 1.0433
16504 1.02212
39951 1.0186
22883 0.99133
306 0.983918
12451 0.957378
30209 0.940309
31589 0.932944
21348 0.92619
20835 0.887836
21801 0.878822
6830 0.867238
35525 0.819188
2781 0.816579
10480 0.807503
22088 0.802589
39155 0.795833
34116 0.794996
37305 0.781164
3561 0.770443
6707 0.755963
37027 0.755711
25433 0.741501
33477 0.741122
20704 0.729886
26832 0.726339
37496 0.721465
1610 0.71947
37882 0.717254
39619 0.715205
13937 0.715198
25659 0.711645
17393 0.705789
27166 0.698031
3541 0.679969
16250 0.673917
21703 0.66782
17154 0.662608
21785 0.658723
31858 0.647886
24957 0.642857
1355 0.635534
3068 0.627966
25614 0.620682
13916 0.611158
4872 0.600835
3852 0.599983
40842 0.592314
1290 0.589899
7099 0.584957
34835 0.580964
23439 0.568896
15276 0.565288
17033 0.557352
18842 0.557089
18329 0.555335
23056 0.554245
27190 0.551524
14534 0.54601
7145 0.545038
33653 0.544205
12943 0.54259
27073 0.540909
13882 0.540668
20084 0.539402
7592 0.539402
35315 0.532179
23843 0.532087
34911 0.527813
25474 0.527778
30476 0.527632
28756 0.527632
26928 0.524242
15416 0.523017
23898 0.518428
26786 0.507602
16298 0.504239
6979 0.498386
9180 0.49756
30385 0.495455
5419 0.494133
26181 0.493094
7523 0.488462
6097 0.485714
4761 0.485238
3535 0.483333
1659 0.482277
28617 0.482258
7852 0.479753
19277 0.475517
7125 0.471429
34561 0.466667
16947 0.465697
16233 0.465697
19967 0.458333
27033 0.457955
1410 0.456667
23468 0.455684
38952 0.442743
12893 0.441884
10575 0.439629
20093 0.434524
22960 0.431923
32708 0.429167
17301 0.409524
15665 0.405973
33633 0.40278
5821 0.400506
6518 0.392
14355 0.391288
31537 0.390918
19313 0.39035
38583 0.388528
25308 0.3875
36952 0.387057
35185 0.382704
21978 0.382704
5293 0.372745
31301 0.371726
17634 0.371726
22057 0.371429
21757 0.370471
2484 0.370163
39791 0.363418
26854 0.362637
20928 0.362365
8035 0.360511
5676 0.360119
27161 0.358974
26058 0.358712
39962 0.358333
12289 0.357576
37689 0.353571
30216 0.3518
28855 0.351269
938 0.350336
22368 0.349524
15225 0.347986
3718 0.345507
34770 0.34478
11393 0.342933
2618 0.34127
17105 0.335539
24977 0.333333
15476 0.333333
294 0.333333
24902 0.331169
20250 0.329167
18834 0.324908
27395 0.32197
36918 0.321791
26323 0.321429
17137 0.320489
31564 0.317857
23163 0.308824
12766 0.307177
33545 0.304762
5840 0.301871
16283 0.301295
5790 0.300858
15264 0.300595
2262 0.300595
29901 0.297619
31450 0.295635
1332 0.295635
23089 0.29259
8212 0.290476
987 0.288826
32043 0.288462
28381 0.285218
1599 0.284215
18340 0.284071
29923 0.282823
27989 0.281955
30419 0.281354
31136 0.279221
25568 0.277733
7536 0.275115
10581 0.273766
9561 0.273766
37233 0.270992
18248 0.269669
4058 0.269532
16001 0.268182
576 0.267857
23039 0.264181
7076 0.263025
28749 0.262222
12525 0.260915
14894 0.260323
31240 0.260204
18331 0.25974
26476 0.259589
33617 0.251623
38941 0.25
33391 0.25
32536 0.25
27865 0.25
24591 0.25
18209 0.25
16779 0.25
15113 0.25
8309 0.25
7274 0.25
4238 0.25
2961 0.25
27349 0.24978
39172 0.248709
9553 0.248517
28110 0.241575
12393 0.239795
40788 0.239423
6654 0.23851
29077 0.237928
15012 0.236742
21861 0.236048
9001 0.236048
29237 0.235656
24505 0.232679
33796 0.228312
32279 0.228312
38049 0.227632
7074 0.227171
38906 0.223372
30883 0.221818
25505 0.221291
10872 0.216782
17035 0.216513
18328 0.213611
16076 0.212639
21889 0.212637
30793 0.212345
11804 0.210119
8828 0.209499
14795 0.208974
4296 0.208824
27663 0.20609
34439 0.203687
34768 0.200256
39183 0.2
32127 0.2
27840 0.2
24651 0.2
24041 0.2
23748 0.2
21005 0.2
20569 0.2
20451 0.2
15591 0.2
4043 0.2
19511 0.198508
6140 0.197621
21772 0.194979
14840 0.194788
5383 0.193473
2154 0.191793
14546 0.190484
40783 0.188889
23653 0.188141
33592 0.187892
39947 0.186891
30676 0.186891
11080 0.186891
110 0.186891
40764 0.18489
7312 0.184821
16789 0.184656
5103 0.182051
24385 0.178788
35065 0.178057
37421 0.176496
13803 0.175137
29640 0.174942
6319 0.174621
12522 0.173333
6924 0.173167
1965 0.173002
31012 0.172388
10523 0.170673
17785 0.170469
15054 0.170353
8237 0.170126
30234 0.168056
7807 0.167677
40459 0.166812
33048 0.166812
29193 0.166778
35082 0.166667
19899 0.166667
39158 0.166667
35099 0.166667
31608 0.166667
30318 0.166667
29941 0.166667
28952 0.166667
9821 0.166667
8427 0.166667
5435 0.166667
1017 0.166667
37729 0.165487
11077 0.165392
11113 0.164737
39960 0.164379
6391 0.164322
11559 0.16351
25360 0.162378
21813 0.160145
31118 0.158725
10684 0.158725
40009 0.157955
21323 0.156871
8652 0.156037
24761 0.154315
29030 0.153954
3648 0.152976
25826 0.152381
40890 0.152121
12605 0.151569
5423 0.149813
22313 0.149772
15834 0.149733
13927 0.149457
2310 0.149134
30847 0.14697
978 0.146965
9417 0.145978
2877 0.144432
8969 0.144379
27876 0.143669
40669 0.142857
40389 0.142857
39977 0.142857
37926 0.142857
37494 0.142857
36166 0.142857
34844 0.142857
33476 0.142857
24846 0.142857
23582 0.142857
21830 0.142857
19284 0.142857
18369 0.142857
15623 0.142857
15151 0.142857
13491 0.142857
13354 0.142857
11839 0.142857
11562 0.142857
5982 0.142857
5479 0.142857
2560 0.142857
170 0.142242
21189 0.141626
11789 0.141626
21903 0.140602
3356 0.14
233 0.139371
4361 0.138346
33497 0.137923
24019 0.137121
36285 0.136715
18208 0.136536
25016 0.13631
31628 0.135391
30630 0.135391
20726 0.135391
18153 0.135391
13364 0.135391
12600 0.135391
9882 0.135391
9724 0.135391
8583 0.135391
7453 0.135391
7039 0.135391
39661 0.134432
33108 0.134432
19624 0.133974
17068 0.133234
4189 0.132937
16327 0.13127
24812 0.130175
37342 0.13
11626 0.13
19517 0.129231
11101 0.128889
37898 0.128438
40342 0.128406
40845 0.128389
9196 0.127989
39383 0.1265
33256 0.125113
34030 0.125
34015 0.125
33225 0.125
33018 0.125
31366 0.125
27379 0.125
24432 0.125
23724 0.125
23382 0.125
22537 0.125
20763 0.125
15642 0.125
13337 0.125
13126 0.125
12974 0.125
12952 0.125
11922 0.125
11469 0.125
9006 0.125
6298 0.125
4900 0.125
3887 0.125
1175 0.125
40870 0.123916
40553 0.123916
22953 0.123916
9786 0.123916
14672 0.12334
4574 0.122829
34784 0.12161
16047 0.12161
12561 0.120483
10737 0.11756
17533 0.116741
3291 0.115879
1853 0.115879
15873 0.114106
5719 0.114106
3030 0.114106
28106 0.113737
25065 0.113737
20007 0.113737
12989 0.113737
