15179 6.50846
30742 5.64533
37876 4.93079
22684 4.58783
28275 4.49151
10923 3.73129
15400 3.72775
15245 3.55126
15965 3.15641
878 2.90238
19032 2.46912
20727 2.39688
28347 2.17198
39548 2.06209
7776 1.41667
23747 1.1403
14646 1.13529
13108 1.12626
32431 1.05
14760 1.02857
16463 1.00952
9561 0.959424
31587 0.957989
8017 0.809524
24017 0.75
19388 0.737325
36397 0.730332
39668 0.723886
38121 0.716667
1975 0.693592
40004 0.669509
15935 0.666667
4713 0.654458
10361 0.619491
13021 0.60119
8995 0.561111
21052 0.542857
3057 0.529932
21911 0.525444
543 0.525
13679 0.5
31509 0.496078
9778 0.485714
24414 0.453763
35462 0.422269
19198 0.421429
27945 0.416667
9665 0.378968
12308 0.371429
3795 0.363714
18328 0.359483
32229 0.354412
8672 0.354412
24028 0.353968
2840 0.349206
501 0.348214
34904 0.333333
30852 0.333333
11127 0.333333
17503 0.3125
24655 0.274376
31301 0.263649
8749 0.258333
18147 0.251166
39996 0.25
33454 0.25
30514 0.25
28464 0.25
27799 0.25
27142 0.25
23589 0.25
16109 0.25
4017 0.25
2560 0.25
3907 0.233824
16089 0.228741
24941 0.222566
39736 0.2
39695 0.2
37924 0.2
23407 0.2
18950 0.2
24825 0.18824
29143 0.166667
19935 0.166667
14416 0.166667
4517 0.166667
35369 0.147032
32321 0.147032
25248 0.144468
24899 0.142857
20350 0.142857
20106 0.142857
19406 0.142857
7994 0.142857
7692 0.142857
2096 0.142857
16577 0.141732
7891 0.141732
22879 0.136555
939 0.136555
39173 0.125
34093 0.125
29108 0.125
28293 0.125
24514 0.125
23843 0.125
18201 0.125
14430 0.125
13309 0.125
13043 0.125
12310 0.125
9136 0.125
9080 0.125
1283 0.125
432 0.125
33912 0.120408
25415 0.120408
13926 0.120408
10808 0.117391
18012 0.111111
16429 0.111111
28600 0.1
25337 0.1
23942 0.1
8465 0.1
2858 0.1
743 0.1
28132 0.0909091
1224 0.0909091
37426 0.0833333
34656 0.0833333
34467 0.0833333
30126 0.0833333
29543 0.0833333
24229 0.0833333
24159 0.0833333
20693 0.0833333
14832 0.0833333
10611 0.0833333
8302 0.0833333
7249 0.0833333
3838 0.0833333
2199 0.0833333
38429 0.0769231
39425 0.0625
36176 0.0625
33122 0.0625
12327 0.0625
11209 0.0625
11125 0.0625
8154 0.0625
25656 0.0526316
21859 0.0526316
40340 0.05
30006 0.05
25117 0.05
18047 0.05
17668 0.05
37956 0.0357143
37682 0.0357143
26087 0.0357143
22494 0.0357143
21141 0.0357143
20204 0.0357143
18650 0.0357143
17525 0.0357143
16043 0.0357143
9386 0.0357143
8861 0.0357143
4922 0.0357143
4417 0.0357143
2647 0.0357143
27514 0.0344828
25750 0.0344828
23154 0.0344828
23043 0.0344828
22594 0.0344828
17634 0.0344828
16915 0.0344828
16639 0.0344828
10737 0.0344828
7708 0.0344828
7691 0.0344828
6815 0.0344828
5693 0.0344828
2289 0.0344828
38970 0.0294118
36952 0.0294118
34433 0.0294118
34167 0.0294118
31894 0.0294118
27926 0.0294118
26084 0.0294118
22711 0.0294118
21889 0.0294118
20273 0.0294118
19752 0.0294118
16789 0.0294118
6313 0.0294118
2869 0.0294118
2295 0.0294118
40530 0.0204082
34555 0.0204082
31295 0.0204082
30512 0.0204082
28411 0.0204082
27905 0.0204082
24477 0.0204082
23207 0.0204082
11841 0.0204082
9862 0.0204082
8926 0.0204082
7561 0.0204082
7006 0.0204082
6054 0.0204082
5748 0.0204082
4677 0.0204082
40980 0
40979 0
40978 0
40977 0
40976 0
40975 0
40974 0
40973 0
40972 0
40971 0
40970 0
40969 0
40968 0
40967 0
40966 0
40965 0
40964 0
40963 0
40962 0
40961 0
40960 0
40959 0
40958 0
40957 0
40956 0
40955 0
40954 0
40953 0
40952 0
40951 0
40950 0
40949 0
40948 0
40947 0
40946 0
40945 0
40944 0
40943 0
40942 0
40941 0
40940 0
40939 0
40938 0
40937 0
40936 0
40935 0
40934 0
40933 0
40932 0
40931 0
40930 0
40929 0
40928 0
40927 0
40926 0
40925 0
40924 0
40923 0
40922 0
40921 0
40920 0
40919 0
40918 0
40917 0
40916 0
40915 0
40914 0
40913 0
40912 0
40911 0
40910 0
40909 0
40908 0
40907 0
40906 0
40905 0
40904 0
40903 0
40902 0
40901 0
40900 0
40899 0
40898 0
40897 0
40896 0
40895 0
40894 0
40893 0
40892 0
40891 0
40890 0
40889 0
40888 0
40887 0
40886 0
40885 0
40884 0
40883 0
40882 0
40881 0
40880 0
40879 0
40878 0
40877 0
40876 0
40875 0
40874 0
40873 0
40872 0
40871 0
40870 0
40869 0
40868 0
40867 0
40866 0
40865 0
40864 0
40863 0
40862 0
40861 0
40860 0
40859 0
40858 0
40857 0
40856 0
40855 0
40854 0
40853 0
40852 0
40851 0
40850 0
40849 0
40848 0
40847 0
40846 0
40845 0
40844 0
40843 0
40842 0
40841 0
40840 0
40839 0
40838 0
40837 0
40836 0
40835 0
40834 0
40833 0
40832 0
40831 0
40830 0
40829 0
40828 0
40827 0
40826 0
40825 0
40824 0
40823 0
40822 0
40821 0
40820 0
40819 0
40818 0
40817 0
40816 0
40815 0
40814 0
40813 0
40812 0
40811 0
40810 0
40809 0
40808 0
40807 0
40806 0
40805 0
40804 0
40803 0
40802 0
40801 0
40800 0
40799 0
40798 0
40797 0
40796 0
40795 0
40794 0
40793 0
40792 0
40791 0
40790 0
40789 0
40788 0
40787 0
40786 0
40785 0
40784 0
40783 0
40782 0
40781 0
40780 0
40779 0
40778 0
40777 0
40776 0
40775 0
40774 0
40773 0
40772 0
40771 0
40770 0
40769 0
40768 0
40767 0
40766 0
40765 0
40764 0
40763 0
40762 0
40761 0
40760 0
40759 0
40758 0
40757 0
40756 0
40755 0
40754 0
40753 0
40752 0
40751 0
40750 0
40749 0
40748 0
40747 0
40746 0
40745 0
40744 0
40743 0
40742 0
40741 0
40740 0
40739 0
40738 0
40737 0
40736 0
40735 0
40734 0
40733 0
40732 0
40731 0
40730 0
40729 0
40728 0
40727 0
40726 0
40725 0
40724 0
40723 0
40722 0
40721 0
40720 0
40719 0
40718 0
40717 0
40716 0
40715 0
40714 0
40713 0
40712 0
40711 0
40710 0
40709 0
40708 0
40707 0
40706 0
40705 0
40704 0
40703 0
40702 0
40701 0
40700 0
40699 0
