28776 32.4841
34488 21.168
34964 17.2266
33975 15.5861
28751 11.4425
10211 10.4093
2115 7.80287
3114 7.69598
7317 7.59033
38449 7.19458
34630 6.17548
8114 5.88968
1158 5.58229
13594 5.11045
6940 4.82505
14251 4.72872
10717 4.50385
10904 4.45071
15572 4.44102
7570 4.41028
34065 3.94439
29986 3.89206
21015 3.87579
14163 3.76218
13392 3.45221
12599 3.34167
20262 3.29286
13687 3.22302
27851 2.8924
17937 2.8252
7856 2.81804
9721 2.79208
9333 2.55103
35699 2.54195
9728 2.53835
29389 2.42348
38348 2.40972
5181 2.37866
19096 2.35502
27767 2.24956
23837 2.22897
32150 2.2272
15684 2.20303
28700 2.1984
4786 2.12532
35950 2.03654
27287 2.03404
32270 2.03339
5231 2.01339
3578 2.01092
4555 2.00117
32078 1.90014
34651 1.87919
21059 1.86219
32585 1.85083
3263 1.79673
3306 1.77576
24630 1.76592
3595 1.75357
16210 1.67058
38454 1.63412
15488 1.61667
23387 1.5881
22162 1.56667
22950 1.5366
8629 1.53333
37377 1.50316
24005 1.47102
11241 1.40516
40169 1.38511
23798 1.36667
5798 1.324
39153 1.31944
16151 1.31279
10293 1.30534
39815 1.29762
37266 1.24706
7783 1.24238
722 1.23806
23782 1.21212
17462 1.15833
34302 1.13672
29879 1.07619
16714 1.05694
14373 1.05263
3012 1.03002
38919 1.01728
15439 1.01391
9628 1.00519
10249 1.00159
17683 1
11456 0.99881
15138 0.958916
38978 0.953968
11930 0.948159
13839 0.944066
31967 0.931168
31215 0.917089
19629 0.915061
13318 0.899646
1501 0.880476
6039 0.878968
29675 0.870635
20698 0.868441
5351 0.866667
7495 0.852381
25420 0.833333
35487 0.824396
17506 0.820382
34939 0.815873
31922 0.806382
39937 0.80119
26631 0.793687
3396 0.783333
15112 0.780159
13426 0.766667
29438 0.762855
23168 0.75
107 0.75
11222 0.74351
35197 0.733333
35810 0.72619
1001 0.72619
16654 0.71032
2641 0.708333
14866 0.699405
12086 0.685659
18142 0.683844
11027 0.682443
12258 0.669643
22939 0.665278
27501 0.658333
21968 0.65369
13641 0.652652
19526 0.644354
31527 0.633333
26081 0.630658
11452 0.62781
38268 0.624242
15088 0.616667
21588 0.611111
36956 0.610256
2365 0.6
3063 0.6
22197 0.5625
17245 0.543981
14656 0.54329
4424 0.535256
3824 0.526923
15906 0.521368
14202 0.5125
26074 0.509524
35090 0.506494
21997 0.505483
19135 0.50145
12736 0.500733
39024 0.5
28594 0.491667
39415 0.487037
25092 0.485714
27609 0.483773
3964 0.47619
32776 0.466667
775 0.466667
28620 0.458333
4384 0.458333
10672 0.457576
2059 0.438095
6327 0.433333
1607 0.429167
20275 0.428571
26489 0.427866
21657 0.410714
12533 0.409341
35405 0.405556
24742 0.390909
25696 0.389423
198 0.388095
12254 0.386002
28849 0.384018
28406 0.381319
15660 0.378968
37975 0.378715
12805 0.37222
24747 0.366923
17650 0.365079
23664 0.363462
33265 0.358251
6976 0.353968
28081 0.353409
2106 0.352941
10391 0.344444
17387 0.337302
9960 0.337048
40883 0.333333
40425 0.333333
40379 0.333333
39448 0.333333
39224 0.333333
38474 0.333333
36774 0.333333
34876 0.333333
34232 0.333333
31607 0.333333
30099 0.333333
26592 0.333333
23839 0.333333
13493 0.333333
12703 0.333333
9110 0.333333
8529 0.333333
7103 0.333333
5452 0.333333
5168 0.333333
3972 0.333333
3836 0.333333
3257 0.333333
3516 0.33109
36493 0.330719
4429 0.328655
24359 0.324242
31540 0.321572
40341 0.319666
17987 0.318051
24980 0.317778
37727 0.316468
22701 0.313908
8876 0.312205
35318 0.311275
19727 0.299145
3021 0.288971
7924 0.288889
23321 0.288312
18227 0.285281
27522 0.275
13255 0.266667
6931 0.258333
39920 0.25
38381 0.25
37383 0.25
35927 0.25
32499 0.25
27887 0.25
27289 0.25
24893 0.25
24555 0.25
24470 0.25
22881 0.25
19235 0.25
17888 0.25
12439 0.25
8887 0.25
8217 0.25
5835 0.25
3617 0.25
2879 0.25
37145 0.247131
28678 0.244608
22280 0.23536
27428 0.235119
37517 0.232576
23544 0.231357
6325 0.229798
30666 0.226623
10082 0.226623
10454 0.224242
28903 0.220556
13893 0.216667
31280 0.211279
8632 0.211279
26025 0.204762
28694 0.201389
40355 0.2
39544 0.2
39214 0.2
35305 0.2
31370 0.2
30458 0.2
27377 0.2
23487 0.2
23383 0.2
20086 0.2
19343 0.2
16609 0.2
15051 0.2
14976 0.2
11529 0.2
9078 0.2
7799 0.2
6944 0.2
5438 0.2
1497 0.2
104 0.2
88 0.2
12390 0.19152
12198 0.191093
4261 0.189749
29221 0.173232
8975 0.170375
38205 0.166667
38174 0.166667
35909 0.166667
35374 0.166667
34956 0.166667
31831 0.166667
31764 0.166667
30482 0.166667
29168 0.166667
28012 0.166667
27184 0.166667
26043 0.166667
21565 0.166667
21476 0.166667
20872 0.166667
20863 0.166667
20817 0.166667
14281 0.166667
11311 0.166667
10877 0.166667
8959 0.166667
7526 0.166667
3258 0.166667
419 0.166667
14464 0.165273
11938 0.155952
35716 0.155093
18226 0.152957
12120 0.152957
18590 0.148214
40941 0.142857
35788 0.142857
32100 0.142857
32011 0.142857
31997 0.142857
29568 0.142857
29182 0.142857
28960 0.142857
24673 0.142857
21716 0.142857
19066 0.142857
19004 0.142857
14026 0.142857
12833 0.142857
11646 0.142857
2748 0.142857
383 0.142857
35 0.142857
20822 0.14127
14284 0.14127
3296 0.14127
6411 0.134722
438 0.133756
1609 0.133694
35863 0.131036
8845 0.130556
33098 0.128739
40019 0.125
39026 0.125
34929 0.125
33853 0.125
32523 0.125
31968 0.125
31926 0.125
30844 0.125
25986 0.125
25972 0.125
25819 0.125
24065 0.125
23835 0.125
22129 0.125
21998 0.125
20340 0.125
18677 0.125
17966 0.125
13504 0.125
10858 0.125
10092 0.125
9871 0.125
8380 0.125
6247 0.125
4466 0.125
2991 0.125
3611 0.118056
641 0.118056
24015 0.117227
39156 0.116667
28578 0.116667
26301 0.115916
23635 0.114548
39590 0.111111
37905 0.111111
37533 0.111111
34399 0.111111
26451 0.111111
25013 0.111111
24465 0.111111
23586 0.111111
21960 0.111111
21847 0.111111
13855 0.111111
9047 0.111111
8965 0.111111
8257 0.111111
8202 0.111111
6088 0.111111
3765 0.111111
671 0.111111
28981 0.110262
23416 0.110262
1009 0.107979
2568 0.100777
40015 0.1
39976 0.1
39626 0.1
38853 0.1
38349 0.1
31731 0.1
27006 0.1
22375 0.1
22348 0.1
15315 0.1
14852 0.1
12167 0.1
9921 0.1
27296 0.0946308
40289 0.0909091
37802 0.0909091
37584 0.0909091
35545 0.0909091
32244 0.0909091
28732 0.0909091
25261 0.0909091
19211 0.0909091
17676 0.0909091
17060 0.0909091
15157 0.0909091
10252 0.0909091
5929 0.0909091
39763 0.0905191
39802 0.0833333
37268 0.0833333
34132 0.0833333
33587 0.0833333
32608 0.0833333
32540 0.0833333
28209 0.0833333
22471 0.0833333
19002 0.0833333
18576 0.0833333
18115 0.0833333
15905 0.0833333
12879 0.0833333
12553 0.0833333
10610 0.0833333
2264 0.0833333
352 0.0833333
31709 0.0799682
15250 0.0799682
31998 0.0769231
28470 0.0769231
27620 0.0769231
26948 0.0769231
25038 0.0769231
16348 0.0769231
13894 0.0769231
12024 0.0769231
9464 0.0769231
4529 0.0769231
3351 0.0769231
972 0.0769231
28780 0.0744126
2922 0.0744126
35284 0.0714286
33431 0.0714286
30942 0.0714286
22441 0.0714286
398 0.0714286
38954 0.0666667
31522 0.0666667
31187 0.0666667
31007 0.0666667
25027 0.0666667
21108 0.0666667
19588 0.0666667
12503 0.0666667
11545 0.0666667
7303 0.0666667
4837 0.0666667
3723 0.0666667
28285 0.0645734
27793 0.0645734
16666 0.0645734
7815 0.0645734
964 0.0645734
38737 0.0625
36944 0.0625
36427 0.0625
36248 0.0625
35549 0.0625
35160 0.0625
