2560 13.7538
25780 11.8369
16789 5.34652
6563 5.15946
7250 4.90806
19032 4.36986
543 4.28333
25155 4.08443
38906 4.03068
1026 3.54537
16968 2.41508
30916 2.20636
22594 1.98175
20845 1.92343
1346 1.64444
6119 1.31429
27799 1.24046
37002 1.21057
15830 1.17302
23843 1.16323
33025 1.1494
25668 1.10963
20347 1.06543
28345 1.05283
19800 1.04632
22656 1.04466
24002 0.997057
18328 0.916667
15656 0.866667
29275 0.804762
26829 0.800782
8315 0.798266
40883 0.783333
8672 0.783333
15494 0.773219
31952 0.75815
32651 0.738528
1975 0.726984
29401 0.72619
32888 0.708047
23931 0.705229
38391 0.703749
26650 0.698076
15832 0.647729
33369 0.566667
23696 0.561111
22613 0.559524
32048 0.552856
6634 0.550575
1247 0.548942
17301 0.541667
12883 0.541667
19430 0.541587
33857 0.54
24740 0.539542
9254 0.536156
34768 0.511111
29102 0.503563
5784 0.502632
37496 0.478571
14035 0.468356
23764 0.464706
14690 0.452381
34585 0.450836
12471 0.433561
39706 0.423372
23228 0.417241
22976 0.416712
39932 0.377946
18930 0.365289
19850 0.357143
7658 0.35577
36180 0.342857
2475 0.342857
11477 0.338095
25309 0.336844
35884 0.333333
27769 0.333333
23838 0.333333
22477 0.333333
16442 0.333333
13194 0.333333
5185 0.333333
4099 0.333333
11966 0.325653
11173 0.302778
11822 0.294613
5401 0.293907
40806 0.287189
27923 0.286398
36389 0.282857
1002 0.282563
26696 0.272897
24121 0.272897
20410 0.27121
36828 0.269841
22014 0.268793
15918 0.268793
14858 0.263054
2786 0.263054
2484 0.263054
29489 0.25974
14815 0.258986
4021 0.258986
31059 0.255831
20090 0.255831
35755 0.25
35253 0.25
31560 0.25
29875 0.25
16677 0.25
14548 0.25
12692 0.25
5214 0.25
4512 0.25
36388 0.245269
7610 0.242165
12747 0.23395
21350 0.232275
18040 0.232275
7507 0.225575
8531 0.221818
39673 0.209197
28687 0.205952
28163 0.20202
22149 0.20202
38144 0.2
36067 0.2
24264 0.2
23499 0.2
15225 0.2
6757 0.2
4333 0.2
2263 0.2
26385 0.196524
22979 0.188288
30038 0.185965
35346 0.17672
22711 0.17672
23090 0.174734
15231 0.172784
39504 0.169873
79 0.169873
35060 0.169048
5869 0.169048
34129 0.166667
32079 0.166667
27167 0.166667
22191 0.166667
14886 0.166667
14193 0.166667
11906 0.166667
8412 0.166667
4196 0.166667
22565 0.161097
12948 0.156518
7205 0.156518
357 0.156518
33895 0.153642
12701 0.148942
33387 0.145705
40915 0.142857
38171 0.142857
36647 0.142857
27221 0.142857
23895 0.142857
17368 0.142857
17343 0.142857
16010 0.142857
11621 0.142857
8407 0.142857
2738 0.142857
35352 0.142632
5087 0.12813
29324 0.125
27453 0.125
21393 0.125
15666 0.125
11902 0.125
2097 0.125
1348 0.125
117 0.125
29793 0.117337
8943 0.117337
34408 0.115328
34433 0.111111
33904 0.111111
31509 0.111111
23724 0.111111
15599 0.111111
13395 0.111111
11758 0.111111
9665 0.111111
5107 0.111111
3743 0.111111
1860 0.111111
25776 0.108722
3867 0.108722
26755 0.10815
15809 0.10815
40669 0.104762
36189 0.104762
32992 0.104762
28774 0.104762
26608 0.104762
24644 0.104762
14031 0.104762
13809 0.104762
10805 0.104762
5318 0.104762
953 0.104762
40087 0.100785
34800 0.100785
23706 0.100045
8136 0.100045
3766 0.100045
32600 0.1
30054 0.1
23474 0.1
22935 0.1
19882 0.1
19566 0.1
15791 0.1
9767 0.1
4802 0.1
2889 0.1
2831 0.1
28248 0.099362
39586 0.098622
22866 0.098622
31880 0.0981938
26236 0.097332
21082 0.097332
14052 0.0909091
16987 0.0850763
13186 0.0850763
7695 0.0850763
20500 0.0833333
38336 0.0769231
10300 0.0769231
2678 0.0769231
30543 0.0714286
25525 0.0714286
23729 0.0714286
20201 0.0714286
13157 0.0714286
8058 0.0714286
6983 0.0714286
38300 0.0666667
11565 0.0666667
10849 0.0666667
15258 0.0555556
14025 0.0555556
36499 0.0526316
28832 0.0526316
26928 0.0526316
3673 0.0526316
38508 0.05
30567 0.05
28997 0.05
40533 0.0480763
38125 0.0480763
33286 0.0480763
33231 0.0480763
32912 0.0480763
29519 0.0480763
25909 0.0480763
23052 0.0480763
22148 0.0480763
22137 0.0480763
20686 0.0480763
19262 0.0480763
18137 0.0480763
15262 0.0480763
13252 0.0480763
11138 0.0480763
4352 0.0480763
38598 0.047619
37025 0.047619
35088 0.047619
34511 0.047619
33342 0.047619
29580 0.047619
28143 0.047619
16465 0.047619
11385 0.047619
2292 0.047619
33456 0.0454545
31407 0.0454545
27151 0.0454545
24662 0.0454545
13969 0.0454545
499 0.0454545
36309 0.04
27226 0.04
12966 0.04
6566 0.04
9747 0.0384615
4869 0.0384615
40636 0.037037
39947 0.037037
39671 0.037037
39472 0.037037
36809 0.037037
35282 0.037037
35185 0.037037
30676 0.037037
27989 0.037037
26329 0.037037
26084 0.037037
24400 0.037037
21978 0.037037
19167 0.037037
18963 0.037037
17696 0.037037
17492 0.037037
17312 0.037037
14768 0.037037
13883 0.037037
11909 0.037037
11080 0.037037
8514 0.037037
5719 0.037037
2749 0.037037
2727 0.037037
110 0.037037
66 0.037037
40764 0.0344828
38118 0.0344828
35894 0.0344828
34561 0.0344828
31947 0.0344828
31248 0.0344828
30209 0.0344828
29851 0.0344828
29073 0.0344828
28802 0.0344828
24678 0.0344828
23134 0.0344828
22313 0.0344828
20093 0.0344828
18921 0.0344828
12453 0.0344828
8592 0.0344828
7060 0.0344828
5778 0.0344828
3475 0.0344828
2014 0.0344828
1760 0.0344828
885 0.0344828
36823 0.0333333
28467 0.0333333
16261 0.0333333
14319 0.0333333
10510 0.0333333
5809 0.0333333
2580 0.0333333
311 0.0333333
40525 0.0285714
37881 0.0285714
36673 0.0285714
35766 0.0285714
33633 0.0285714
32324 0.0285714
30216 0.0285714
29923 0.0285714
26180 0.0285714
21201 0.0285714
20928 0.0285714
20588 0.0285714
18520 0.0285714
18364 0.0285714
17381 0.0285714
16146 0.0285714
15276 0.0285714
12569 0.0285714
12451 0.0285714
12095 0.0285714
10210 0.0285714
9196 0.0285714
8035 0.0285714
6969 0.0285714
6403 0.0285714
6140 0.0285714
6041 0.0285714
5763 0.0285714
4994 0.0285714
2585 0.0285714
786 0.0285714
689 0.0285714
40413 0.0172414
37765 0.0172414
32209 0.0172414
28213 0.0172414
22468 0.0172414
17989 0.0172414
16927 0.0172414
14262 0.0172414
12992 0.0172414
12048 0.0172414
10761 0.0172414
4714 0.0172414
4619 0.0172414
22639 0.016129
22297 0.016129
20745 0.016129
17796 0.016129
16028 0.016129
15433 0.016129
12809 0.016129
7728 0.016129
2533 0.016129
429 0.016129
40136 0.0147059
39194 0.0147059
35303 0.0147059
34981 0.0147059
28835 0.0147059
23603 0.0147059
23368 0.0147059
22795 0.0147059
17720 0.0147059
17225 0.0147059
10911 0.0147059
8152 0.0147059
4244 0.0147059
4113 0.0147059
40980 0
40979 0
40978 0
40977 0
40976 0
40975 0
40974 0
40973 0
40972 0
40971 0
40970 0
40969 0
40968 0
40967 0
40966 0
40965 0
40964 0
40963 0
40962 0
40961 0
40960 0
40959 0
40958 0
40957 0
40956 0
40955 0
40954 0
40953 0
40952 0
40951 0
40950 0
40949 0
40948 0
40947 0
40946 0
40945 0
40944 0
40943 0
40942 0
40941 0
40940 0
40939 0
40938 0
40937 0
40936 0
40935 0
40934 0
40933 0
40932 0
40931 0
40930 0
40929 0
40928 0
40927 0
40926 0
40925 0
40924 0
40923 0
40922 0
40921 0
40920 0
40919 0
40918 0
40917 0
40916 0
40914 0
40913 0
40912 0
40911 0
40910 0
40909 0
40908 0
40907 0
