52 7.17186
14544 6.0887
17634 3.26184
26750 2.67936
10737 2.63415
31301 2.58604
8672 2.57971
27514 1.6861
919 1.30268
34120 1.23919
27886 1.22207
26088 1.20656
34495 0.969225
29976 0.936147
7708 0.675545
22583 0.671275
2775 0.664035
40017 0.642857
20966 0.622956
27892 0.586094
1259 0.572502
13845 0.571429
26923 0.54089
23658 0.535256
8186 0.533333
38662 0.524233
40869 0.523178
9846 0.507576
7691 0.506886
21097 0.502224
26555 0.47619
2982 0.472587
4405 0.472232
11153 0.464109
18754 0.462576
18616 0.461983
2259 0.432292
34908 0.428571
18274 0.421887
10057 0.417652
22890 0.410145
14574 0.408482
3600 0.403571
1975 0.398148
32885 0.395148
5175 0.392858
15603 0.387348
23317 0.384396
10322 0.380876
21983 0.379286
16214 0.377357
27951 0.37734
14001 0.37734
16853 0.369467
24335 0.368139
39495 0.362155
37665 0.350861
238 0.344444
5517 0.338752
37087 0.33369
13369 0.333333
24237 0.315476
3363 0.315476
11780 0.314922
29059 0.311374
26361 0.30303
22990 0.30303
40108 0.297804
31411 0.296484
3567 0.294376
5049 0.293409
25379 0.293124
20129 0.290909
17272 0.287346
3648 0.286147
363 0.281823
12444 0.280515
7024 0.275374
39695 0.271368
13334 0.264024
16764 0.260256
2249 0.256276
40294 0.255966
10880 0.255966
31274 0.252946
29746 0.25
10760 0.246465
10602 0.244048
16791 0.243787
34673 0.242776
22402 0.236742
17515 0.233333
28444 0.228552
27434 0.225254
29032 0.225071
6684 0.217548
15446 0.21577
1288 0.211447
1267 0.203659
25462 0.2
16404 0.2
4538 0.2
25543 0.196653
28917 0.177933
13646 0.172331
27352 0.172112
26892 0.17202
7894 0.17202
23380 0.170574
5693 0.170486
21345 0.170214
6719 0.170214
33859 0.169749
17406 0.167832
22228 0.166667
4408 0.166667
2838 0.166667
2227 0.166667
37983 0.165896
4928 0.165064
30760 0.164113
9200 0.164113
23193 0.163576
10980 0.163576
8508 0.162987
17083 0.161606
36051 0.161022
22465 0.159415
6823 0.157242
23366 0.15281
40573 0.148459
32767 0.142857
13907 0.142857
8534 0.142857
9704 0.139601
14426 0.13777
261 0.135106
40661 0.134967
31426 0.134967
21859 0.134748
10560 0.132143
2633 0.129299
40758 0.128108
16833 0.126771
36746 0.125
24031 0.125
19298 0.125
18950 0.125
27646 0.123131
15086 0.122768
1587 0.122768
24475 0.120239
33438 0.119329
25273 0.119329
34834 0.117794
7343 0.117794
2289 0.117794
34357 0.112395
37998 0.111111
33944 0.111111
27014 0.111111
25983 0.111111
23655 0.111111
23249 0.111111
22738 0.111111
21884 0.111111
21147 0.111111
18332 0.111111
14041 0.111111
10604 0.111111
10444 0.111111
8516 0.111111
6296 0.111111
28743 0.110328
4082 0.110092
11108 0.109337
23742 0.107937
14603 0.107937
14565 0.107492
27401 0.107212
2712 0.107212
6061 0.106878
30167 0.104365
23306 0.103125
38397 0.100771
40274 0.100293
29301 0.1
9698 0.1
4070 0.1
1312 0.1
26374 0.0909326
37637 0.0909091
32975 0.0909091
28929 0.0909091
25425 0.0909091
20167 0.0909091
17320 0.0909091
14857 0.0909091
10117 0.0909091
9891 0.0909091
37857 0.0833333
24962 0.0833333
23885 0.0833333
14742 0.0833333
11142 0.0833333
11117 0.0833333
10123 0.0833333
7192 0.0833333
6504 0.0833333
488 0.0833333
33544 0.077662
19124 0.077662
40609 0.0769231
39090 0.0769231
34032 0.0769231
24986 0.0769231
20850 0.0769231
20075 0.0769231
18730 0.0769231
15506 0.0769231
13837 0.0769231
12620 0.0769231
6055 0.0769231
2943 0.0769231
23849 0.0768116
3494 0.0768116
39191 0.0738095
17177 0.0738095
12183 0.0738095
35666 0.0726606
774 0.0726606
36623 0.0724673
36292 0.0724673
22557 0.0721538
2488 0.0721538
23553 0.0719556
10131 0.0719556
38638 0.0714286
5712 0.0714286
9655 0.0681276
23802 0.0666667
22698 0.0666667
16448 0.0666667
7845 0.0666667
36046 0.0651488
27180 0.0651488
25508 0.0651488
14535 0.0651488
11945 0.0651488
33162 0.0625
24780 0.0625
21559 0.0625
20914 0.0625
13291 0.0625
12957 0.0625
4172 0.0625
26083 0.0577796
35396 0.0555556
25445 0.0555556
22369 0.0555556
20169 0.0555556
3863 0.0555556
35683 0.0553571
9718 0.0553571
979 0.0553571
38194 0.0526316
35734 0.0526316
35592 0.0526316
34574 0.0526316
32933 0.0526316
29997 0.0526316
29493 0.0526316
27799 0.0526316
27674 0.0526316
27265 0.0526316
26541 0.0526316
26334 0.0526316
24239 0.0526316
21842 0.0526316
14138 0.0526316
12670 0.0526316
11171 0.0526316
6584 0.0526316
6301 0.0526316
5691 0.0526316
4507 0.0526316
3936 0.0526316
3896 0.0526316
391 0.0526316
30729 0.0500312
24796 0.0500312
19589 0.0500312
3112 0.0500312
3101 0.0500312
3075 0.0500312
34973 0.05
2241 0.05
28959 0.0492899
25725 0.0492899
16446 0.0492899
12518 0.0492899
38293 0.047619
35469 0.047619
34824 0.047619
34244 0.047619
33490 0.047619
32195 0.047619
30122 0.047619
29533 0.047619
25118 0.047619
23201 0.047619
20155 0.047619
18937 0.047619
16061 0.047619
10732 0.047619
462 0.047619
40316 0.0454545
39393 0.0454545
35987 0.0454545
33976 0.0454545
19195 0.0454545
14925 0.0454545
12384 0.0454545
11942 0.0454545
9831 0.0454545
2387 0.0454545
39678 0.0434783
36986 0.0434783
36418 0.0434783
28722 0.0434783
24700 0.0434783
19105 0.0434783
14834 0.0434783
13209 0.0434783
9378 0.0434783
7483 0.0434783
7374 0.0434783
2783 0.0434783
35944 0.04
20252 0.04
11606 0.04
9647 0.04
4369 0.04
40759 0.037037
39131 0.037037
36450 0.037037
31313 0.037037
29407 0.037037
26173 0.037037
25750 0.037037
21399 0.037037
17885 0.037037
17127 0.037037
15775 0.037037
14777 0.037037
13418 0.037037
11587 0.037037
10953 0.037037
6585 0.037037
3641 0.037037
3447 0.037037
2237 0.037037
21497 0.0357143
20974 0.0357143
9372 0.0357143
7032 0.0357143
36991 0.0344828
35578 0.0344828
24382 0.0344828
20489 0.0344828
16257 0.0344828
6096 0.0344828
4785 0.0344828
37619 0.0333333
29646 0.0333333
26789 0.0333333
25032 0.0333333
23877 0.0333333
14206 0.0333333
13881 0.0333333
13631 0.0333333
12221 0.0333333
9105 0.0333333
8303 0.0333333
33893 0.0294118
23014 0.0294118
21003 0.0294118
39374 0.0285714
36358 0.0285714
35361 0.0285714
28380 0.0285714
25350 0.0285714
22589 0.0285714
22227 0.0285714
19101 0.0285714
16982 0.0285714
13731 0.0285714
13432 0.0285714
11803 0.0285714
8011 0.0285714
5373 0.0285714
4226 0.0285714
2958 0.0285714
36811 0.025641
33390 0.025641
30023 0.025641
27585 0.025641
25584 0.025641
23498 0.025641
22854 0.025641
18788 0.025641
13643 0.025641
12466 0.025641
11053 0.025641
10523 0.025641
10128 0.025641
9442 0.025641
7729 0.025641
7727 0.025641
7593 0.025641
6827 0.025641
39994 0.025
39649 0.025
38199 0.025
35537 0.025
34598 0.025
34529 0.025
33630 0.025
33167 0.025
31861 0.025
28710 0.025
25817 0.025
24441 0.025
22046 0.025
19173 0.025
16926 0.025
14584 0.025
13553 0.025
12812 0.025
11506 0.025
10483 0.025
7685 0.025
7603 0.025
6817 0.025
6642 0.025
4881 0.025
1562 0.025
40704 0.0238095
39112 0.0238095
35541 0.0238095
31735 0.0238095
29677 0.0238095
28812 0.0238095
27366 0.0238095
22897 0.0238095
22643 0.0238095
18913 0.0238095
15637 0.0238095
11861 0.0238095
6002 0.0238095
5628 0.0238095
5010 0.0238095
4432 0.0238095
39825 0.0232558
39029 0.0232558
32261 0.0232558
27163 0.0232558
23274 0.0232558
14377 0.0232558
11647 0.0232558
5620 0.0232558
33078 0.0222222
31561 0.0222222
29741 0.0222222
28083 0.0222222
16118 0.0222222
13477 0.0222222
12902 0.0222222
1091 0.0222222
37678 0.0212766
31933 0.0212766
31882 0.0212766
27713 0.0212766
24819 0.0212766
24227 0.0212766
23452 0.0212766
18295 0.0212766
15643 0.0212766
14873 0.0212766
14615 0.0212766
14372 0.0212766
13187 0.0212766
9995 0.0212766
9193 0.0212766
8725 0.0212766
8024 0.0212766
7675 0.0212766
5460 0.0212766
4746 0.0212766
3473 0.0212766
