40340 7.06961
17377 4.34875
22582 2.94327
987 2.85189
9326 2.51635
39967 2.39828
16458 2.32882
39223 2.01758
24532 1.96879
38126 1.86086
19128 1.86086
11050 1.8597
26816 1.71973
1792 1.59203
12305 1.39047
37460 1.37251
23041 1.33573
1704 1.32996
37532 1.30667
18047 1.24373
26920 1.23264
10578 1.20194
5248 1.19281
33770 1.11203
26300 1.09895
8703 1.06555
4534 1.02424
5992 0.965008
40377 0.898901
2624 0.862326
608 0.859548
6364 0.787393
11788 0.753171
9107 0.704948
25662 0.667894
23827 0.6513
25296 0.636184
6349 0.636184
8256 0.611846
32149 0.589689
27228 0.561212
37644 0.548208
2234 0.528682
16932 0.518358
2377 0.518358
26935 0.495427
25601 0.474591
27438 0.471973
10837 0.450203
14021 0.440352
31727 0.437167
14275 0.437167
17731 0.432431
13325 0.432431
20801 0.431319
11210 0.39037
12359 0.372568
22146 0.371385
8415 0.364924
21694 0.357636
18358 0.357636
28552 0.349524
25147 0.346482
14872 0.336831
36826 0.336554
12065 0.33584
2865 0.327624
23187 0.323538
14983 0.308608
18076 0.294491
19706 0.294046
16115 0.287822
10380 0.287822
8743 0.287822
5472 0.287822
3504 0.287822
10678 0.285889
21242 0.261294
32192 0.25974
8178 0.25974
40362 0.258799
29818 0.256997
28728 0.256997
40193 0.255311
8777 0.255311
30672 0.252358
23642 0.252358
10546 0.25005
4504 0.25
20250 0.2424
19794 0.233262
5627 0.233262
31632 0.225748
28763 0.22521
24478 0.220786
29117 0.214522
7030 0.214216
21050 0.212702
34710 0.208855
23443 0.202381
35232 0.196717
8332 0.196624
27397 0.191138
31389 0.182157
31525 0.179788
21402 0.178623
18609 0.17718
39458 0.169027
8693 0.169027
32215 0.167831
11834 0.167831
7101 0.167831
33736 0.166092
39713 0.16477
19247 0.16477
38745 0.153977
24052 0.153977
38473 0.153562
40828 0.146605
31511 0.146605
40736 0.145737
19274 0.142857
1751 0.142857
23856 0.128925
5291 0.128925
39309 0.127534
29148 0.125172
28145 0.117847
25588 0.117847
22484 0.117847
20987 0.117847
16478 0.117847
2208 0.117847
11960 0.115731
10049 0.115731
23627 0.113329
32429 0.11177
3332 0.111168
6732 0.110256
4542 0.108789
25142 0.108406
38734 0.107725
8102 0.107725
13651 0.105037
7911 0.105037
3660 0.105037
34669 0.104915
34504 0.104915
15655 0.104915
4379 0.104915
17480 0.103739
16583 0.103354
20596 0.1
32216 0.0939563
30376 0.0939563
15577 0.0939563
26768 0.0920839
40380 0.0909091
4566 0.0901872
18743 0.0880682
36004 0.0878076
34752 0.0878076
26640 0.0878076
25402 0.0878076
15471 0.0878076
11879 0.0878076
32390 0.0845914
28217 0.0845914
10288 0.0835346
5490 0.0835346
4214 0.0835346
25555 0.0833333
39497 0.0794263
5534 0.0794263
36462 0.0745763
9048 0.0745763
28615 0.0739448
24908 0.0739448
2002 0.0739448
29587 0.0656198
28868 0.0656198
14729 0.0656198
11217 0.0656198
5451 0.0656198
39473 0.0653551
20430 0.0653551
33229 0.0648309
23799 0.0648309
20289 0.0648309
11603 0.0648309
34794 0.0640279
28022 0.0640279
13103 0.0595802
37692 0.0588235
18403 0.0588235
17140 0.0588235
34335 0.0580308
8761 0.0580308
22835 0.05782
869 0.05782
20375 0.0520286
35536 0.047619
33914 0.047619
30559 0.047619
27908 0.047619
18075 0.047619
17361 0.047619
38754 0.0466702
34540 0.0466702
31686 0.0466702
28044 0.0466702
27647 0.0466702
18554 0.0466702
40308 0.0466053
9963 0.0466053
33336 0.0454545
29217 0.0454545
38523 0.0431681
36225 0.0431681
4130 0.0431681
17734 0.0428463
37039 0.04
31962 0.04
22594 0.04
10103 0.04
28057 0.037037
17321 0.037037
10750 0.037037
8328 0.037037
7763 0.037037
36343 0.0348917
17587 0.0348917
13703 0.0348917
10281 0.0348917
9137 0.0322581
1841 0.0322581
38071 0.0280661
19304 0.0280661
10656 0.0280661
3609 0.0280661
39047 0.0232558
30688 0.0232558
30084 0.0232558
27697 0.0232558
12516 0.0232558
36365 0.0217391
22752 0.0217391
12882 0.0217391
1593 0.0217391
35316 0.02
33632 0.02
31634 0.02
24306 0.02
20568 0.02
14715 0.02
14345 0.02
13593 0.02
13145 0.02
11078 0.02
643 0.02
35118 0.0197175
33408 0.0197175
32871 0.0197175
31819 0.0197175
28230 0.0197175
27034 0.0197175
26156 0.0197175
25224 0.0197175
25146 0.0197175
24326 0.0197175
23698 0.0197175
22325 0.0197175
21305 0.0197175
19718 0.0197175
19064 0.0197175
16845 0.0197175
14714 0.0197175
14547 0.0197175
14342 0.0197175
13730 0.0197175
13093 0.0197175
10345 0.0197175
10090 0.0197175
9836 0.0197175
9308 0.0197175
8739 0.0197175
7548 0.0197175
4768 0.0197175
4754 0.0197175
4521 0.0197175
3427 0.0197175
2102 0.0197175
1858 0.0197175
1047 0.0197175
2433 0.0196078
3137 0.0185185
40605 0.0176992
36989 0.0176992
35742 0.0176992
29121 0.0176992
27557 0.0176992
26514 0.0176992
25752 0.0176992
25702 0.0176992
23620 0.0176992
23144 0.0176992
19756 0.0176992
16353 0.0176992
14246 0.0176992
13744 0.0176992
11858 0.0176992
10998 0.0176992
10740 0.0176992
10372 0.0176992
9623 0.0176992
9073 0.0176992
6037 0.0176992
5705 0.0176992
5136 0.0176992
2874 0.0176992
2036 0.0176992
1512 0.0176992
40847 0.0140845
35112 0.0140845
27791 0.0140845
26069 0.0140845
20315 0.0140845
5129 0.0140845
2286 0.0140845
40963 0.0133333
38089 0.0133333
37880 0.0133333
36384 0.0133333
36097 0.0133333
36040 0.0133333
35630 0.0133333
34806 0.0133333
34524 0.0133333
32579 0.0133333
32260 0.0133333
31430 0.0133333
29994 0.0133333
25757 0.0133333
25123 0.0133333
17890 0.0133333
14650 0.0133333
12896 0.0133333
12175 0.0133333
7985 0.0133333
7510 0.0133333
6629 0.0133333
2110 0.0133333
1308 0.0133333
803 0.0133333
666 0.0133333
39691 0.0113636
35368 0.0113636
31935 0.0113636
27076 0.0113636
23497 0.0113636
21696 0.0113636
20609 0.0113636
19154 0.0113636
17133 0.0113636
15582 0.0113636
14453 0.0113636
14192 0.0113636
13668 0.0113636
13475 0.0113636
11121 0.0113636
10120 0.0113636
6676 0.0113636
2855 0.0113636
1412 0.0113636
822 0.0113636
211 0.0113636
28060 0.00769231
26662 0.00769231
16606 0.00769231
6102 0.00769231
37510 0.00719424
30563 0.00719424
3773 0.00719424
1688 0.00719424
40623 0.00657895
40005 0.00657895
36396 0.00657895
33988 0.00657895
31121 0.00657895
26073 0.00657895
25426 0.00657895
22374 0.00657895
21768 0.00657895
21444 0.00657895
17614 0.00657895
11800 0.00657895
8780 0.00657895
6587 0.00657895
6150 0.00657895
3619 0.00657895
816 0.00657895
39947 0.00628931
39785 0.00628931
39652 0.00628931
39212 0.00628931
39210 0.00628931
37523 0.00628931
35887 0.00628931
35346 0.00628931
34835 0.00628931
32851 0.00628931
30676 0.00628931
30227 0.00628931
27989 0.00628931
27799 0.00628931
27400 0.00628931
27154 0.00628931
26915 0.00628931
26472 0.00628931
23760 0.00628931
20005 0.00628931
18020 0.00628931
17521 0.00628931
17373 0.00628931
17033 0.00628931
16189 0.00628931
15995 0.00628931
14917 0.00628931
13673 0.00628931
13497 0.00628931
13140 0.00628931
11080 0.00628931
9606 0.00628931
9470 0.00628931
3337 0.00628931
2834 0.00628931
962 0.00628931
110 0.00628931
37194 0.00483092
31320 0.00483092
28854 0.00483092
23124 0.00483092
22513 0.00483092
19716 0.00483092
15960 0.00483092
12017 0.00483092
9681 0.00483092
9329 0.00483092
6646 0.00483092
5884 0.00483092
5439 0.00483092
4426 0.00483092
2277 0.00483092
2117 0.00483092
2056 0.00483092
40980 0
40979 0
40978 0
40977 0
40976 0
40975 0
40974 0
40973 0
40972 0
40971 0
40970 0
40969 0
40968 0
40967 0
40966 0
40965 0
40964 0
40962 0
40961 0
40960 0
40959 0
40958 0
40957 0
40956 0
40955 0
40954 0
40953 0
40952 0
40951 0
40950 0
40949 0
40948 0
40947 0
40946 0
40945 0
40944 0
40943 0
40942 0
40941 0
40940 0
40939 0
40938 0
40937 0
40936 0
40935 0
