29879 7.88237
4942 4.54186
27024 3.87302
28776 3.5921
2184 3.51133
36543 3.0746
37684 2.90106
34956 2.62051
27304 1.83333
15051 1.78968
12583 1.76349
28536 1.45758
15936 1.20895
39874 1.1643
16864 1.10278
21600 1.07266
26825 1.05736
25796 0.819841
1529 0.783333
37288 0.714286
22151 0.666667
35197 0.60119
7902 0.60119
30528 0.595833
24345 0.594877
943 0.580556
37547 0.567262
33023 0.559524
33581 0.527778
38124 0.495455
28623 0.492857
31065 0.476923
1956 0.46978
15366 0.466667
30465 0.427778
32086 0.42619
9524 0.402778
9832 0.388889
27119 0.366667
469 0.352381
5016 0.334524
40867 0.333333
37139 0.333333
34383 0.333333
30891 0.333333
27823 0.333333
15456 0.333333
14033 0.333333
8874 0.333333
5379 0.333333
9703 0.319481
10540 0.315476
40702 0.310256
18158 0.286147
19398 0.279221
484 0.271645
20907 0.269841
15597 0.26452
34608 0.25873
36664 0.25
30189 0.25
27798 0.25
26603 0.25
23606 0.25
19963 0.25
7871 0.25
7551 0.25
118 0.25
11141 0.201389
5391 0.201389
34739 0.2
24839 0.2
18928 0.2
15401 0.2
7941 0.2
6733 0.2
5773 0.2
4920 0.2
2115 0.2
29479 0.169841
28840 0.166667
19811 0.166667
15281 0.166667
12117 0.166667
38406 0.142857
30768 0.142857
24494 0.142857
15932 0.142857
4401 0.142857
28043 0.128788
20219 0.128788
6450 0.128788
38677 0.125
36013 0.125
32259 0.125
29662 0.125
20640 0.125
20105 0.125
18494 0.125
750 0.125
40541 0.111111
31106 0.111111
29894 0.111111
18876 0.111111
14197 0.111111
8090 0.111111
5903 0.111111
27268 0.103968
8950 0.103968
10437 0.1
3647 0.1
38206 0.0909091
36711 0.0909091
34630 0.0909091
34261 0.0909091
29002 0.0909091
28103 0.0909091
24418 0.0909091
21109 0.0909091
17101 0.0909091
14148 0.0909091
13139 0.0909091
10859 0.0909091
25711 0.0833333
8025 0.0833333
35221 0.0769231
28338 0.0769231
23630 0.0769231
13002 0.0769231
6775 0.0769231
3540 0.0769231
38018 0.0666667
35557 0.0666667
34506 0.0666667
31779 0.0666667
22265 0.0666667
11894 0.0666667
9435 0.0666667
8766 0.0666667
2176 0.0666667
33737 0.0625
28237 0.0625
26408 0.0625
9581 0.0625
5596 0.0625
4124 0.0625
25457 0.0555556
18289 0.0555556
11832 0.0555556
7023 0.0555556
18166 0.047619
14457 0.047619
13335 0.047619
12192 0.047619
34783 0.0454545
33056 0.0454545
19754 0.0454545
15915 0.0454545
12843 0.0454545
10897 0.0454545
7718 0.0454545
3038 0.0454545
40622 0.0285714
38617 0.0285714
32268 0.0285714
30041 0.0285714
29189 0.0285714
28224 0.0285714
25931 0.0285714
24000 0.0285714
23651 0.0285714
23430 0.0285714
19556 0.0285714
18634 0.0285714
17308 0.0285714
16363 0.0285714
13331 0.0285714
7108 0.0285714
4364 0.0285714
3894 0.0285714
30 0.0285714
39905 0.0277778
37745 0.0277778
37007 0.0277778
32561 0.0277778
31961 0.0277778
25486 0.0277778
22244 0.0277778
16170 0.0277778
15073 0.0277778
13982 0.0277778
12559 0.0277778
11772 0.0277778
7028 0.0277778
5542 0.0277778
4835 0.0277778
2780 0.0277778
40980 0
40979 0
40978 0
40977 0
40976 0
40975 0
40974 0
40973 0
40972 0
40971 0
40970 0
40969 0
40968 0
40967 0
40966 0
40965 0
40964 0
40963 0
40962 0
40961 0
40960 0
40959 0
40958 0
40957 0
40956 0
40955 0
40954 0
40953 0
40952 0
40951 0
40950 0
40949 0
40948 0
40947 0
40946 0
40945 0
40944 0
40943 0
40942 0
40941 0
40940 0
40939 0
40938 0
40937 0
40936 0
40935 0
40934 0
40933 0
40932 0
40931 0
40930 0
40929 0
40928 0
40927 0
40926 0
40925 0
40924 0
40923 0
40922 0
40921 0
40920 0
40919 0
40918 0
40917 0
40916 0
40915 0
40914 0
40913 0
40912 0
40911 0
40910 0
40909 0
40908 0
40907 0
40906 0
40905 0
40904 0
40903 0
40902 0
40901 0
40900 0
40899 0
40898 0
40897 0
40896 0
40895 0
40894 0
40893 0
40892 0
40891 0
40890 0
40889 0
40888 0
40887 0
40886 0
40885 0
40884 0
40883 0
40882 0
40881 0
40880 0
40879 0
40878 0
40877 0
40876 0
40875 0
40874 0
40873 0
40872 0
40871 0
40870 0
40869 0
40868 0
40866 0
40865 0
40864 0
40863 0
40862 0
40861 0
40860 0
40859 0
40858 0
40857 0
40856 0
40855 0
40854 0
40853 0
40852 0
40851 0
40850 0
40849 0
40848 0
40847 0
40846 0
40845 0
40844 0
40843 0
40842 0
40841 0
40840 0
40839 0
40838 0
40837 0
40836 0
40835 0
40834 0
40833 0
40832 0
40831 0
40830 0
40829 0
40828 0
40827 0
40826 0
40825 0
40824 0
40823 0
40822 0
40821 0
40820 0
40819 0
40818 0
40817 0
40816 0
40815 0
40814 0
40813 0
40812 0
40811 0
40810 0
40809 0
40808 0
40807 0
40806 0
40805 0
40804 0
40803 0
40802 0
40801 0
40800 0
40799 0
40798 0
40797 0
40796 0
40795 0
40794 0
40793 0
40792 0
40791 0
40790 0
40789 0
40788 0
40787 0
40786 0
40785 0
40784 0
40783 0
40782 0
40781 0
40780 0
40779 0
40778 0
40777 0
40776 0
40775 0
40774 0
40773 0
40772 0
40771 0
40770 0
40769 0
40768 0
40767 0
40766 0
40765 0
40764 0
40763 0
40762 0
40761 0
40760 0
40759 0
40758 0
40757 0
40756 0
40755 0
40754 0
40753 0
40752 0
40751 0
40750 0
40749 0
40748 0
40747 0
40746 0
40745 0
40744 0
40743 0
40742 0
40741 0
40740 0
40739 0
40738 0
40737 0
40736 0
40735 0
40734 0
40733 0
40732 0
40731 0
40730 0
40729 0
40728 0
40727 0
40726 0
40725 0
40724 0
40723 0
40722 0
40721 0
40720 0
40719 0
40718 0
40717 0
40716 0
40715 0
40714 0
40713 0
40712 0
40711 0
40710 0
40709 0
40708 0
40707 0
40706 0
40705 0
40704 0
40703 0
40701 0
40700 0
40699 0
40698 0
40697 0
40696 0
40695 0
40694 0
40693 0
40692 0
40691 0
40690 0
40689 0
40688 0
40687 0
40686 0
40685 0
40684 0
40683 0
40682 0
40681 0
40680 0
40679 0
40678 0
40677 0
40676 0
