28776 6.68395
24259 3.13571
1158 3.00952
34488 2.86667
11027 2.32063
9333 1.80952
29438 1.4534
20262 1.45053
34065 1.35
10211 1.20397
27767 0.833333
14656 0.778002
14163 0.733333
30615 0.683333
35699 0.616667
7303 0.590909
22939 0.566667
22254 0.514652
9464 0.488462
319 0.483333
12342 0.457875
27287 0.390909
20698 0.382576
21015 0.361111
694 0.336081
39156 0.333333
22197 0.333333
16896 0.333333
14412 0.333333
8632 0.333333
3595 0.333333
3012 0.333333
24005 0.315476
2497 0.282051
38454 0.28194
26489 0.279589
13154 0.279589
28661 0.25
28479 0.25
26631 0.25
26107 0.25
22162 0.25
21981 0.25
19526 0.25
18600 0.25
15119 0.25
14105 0.25
13893 0.25
10082 0.25
3836 0.25
3402 0.25
40954 0.2
39976 0.2
39610 0.2
36248 0.2
36030 0.2
35491 0.2
34939 0.2
30473 0.2
25516 0.2
23837 0.2
21651 0.2
20210 0.2
18440 0.2
17679 0.2
14866 0.2
14026 0.2
12936 0.2
12005 0.2
7783 0.2
5065 0.2
3964 0.2
27575 0.174431
37802 0.166667
28267 0.166667
20218 0.166667
14003 0.166667
12158 0.166667
11030 0.166667
6211 0.166667
4555 0.166667
37538 0.142857
36956 0.142857
35716 0.142857
35284 0.142857
32078 0.142857
24726 0.142857
23005 0.142857
21693 0.142857
20722 0.142857
17804 0.142857
14103 0.142857
12135 0.142857
604 0.142857
552 0.142857
39763 0.125
34260 0.125
27289 0.125
21321 0.125
10179 0.125
9953 0.111111
40907 0.1
40169 0.1
35863 0.1
15138 0.1
10904 0.1
37905 0.0909091
36910 0.0909091
34651 0.0909091
30968 0.0909091
21059 0.0909091
13865 0.0909091
33668 0.0833333
24507 0.0833333
11762 0.0833333
544 0.0833333
40685 0.0769231
34399 0.0769231
31322 0.0769231
28751 0.0769231
25671 0.0769231
22263 0.0769231
4816 0.0769231
2264 0.0769231
40341 0.047619
38875 0.047619
31527 0.047619
28694 0.047619
26867 0.047619
23487 0.047619
23387 0.047619
15906 0.047619
15250 0.047619
12736 0.047619
10215 0.047619
8257 0.047619
1093 0.047619
33970 0.0434783
26791 0.0434783
25990 0.0434783
24071 0.0434783
23410 0.0434783
16323 0.0434783
13852 0.0434783
9789 0.0434783
9696 0.0434783
4557 0.0434783
2115 0.0434783
2012 0.0434783
555 0.0434783
40289 0.0384615
38449 0.0384615
38311 0.0384615
35918 0.0384615
32126 0.0384615
32044 0.0384615
30761 0.0384615
30223 0.0384615
25338 0.0384615
24541 0.0384615
24359 0.0384615
22280 0.0384615
19909 0.0384615
17217 0.0384615
16776 0.0384615
14663 0.0384615
8981 0.0384615
3063 0.0384615
40980 0
40979 0
40978 0
40977 0
40976 0
40975 0
40974 0
40973 0
40972 0
40971 0
40970 0
40969 0
40968 0
40967 0
40966 0
40965 0
40964 0
40963 0
40962 0
40961 0
40960 0
40959 0
40958 0
40957 0
40956 0
40955 0
40953 0
40952 0
40951 0
40950 0
40949 0
40948 0
40947 0
40946 0
40945 0
40944 0
40943 0
40942 0
40941 0
40940 0
40939 0
40938 0
40937 0
40936 0
40935 0
40934 0
40933 0
40932 0
40931 0
40930 0
40929 0
40928 0
40927 0
40926 0
40925 0
40924 0
40923 0
40922 0
40921 0
40920 0
40919 0
40918 0
40917 0
40916 0
40915 0
40914 0
40913 0
40912 0
40911 0
40910 0
40909 0
40908 0
40906 0
40905 0
40904 0
40903 0
40902 0
40901 0
40900 0
40899 0
40898 0
40897 0
40896 0
40895 0
40894 0
40893 0
40892 0
40891 0
40890 0
40889 0
40888 0
40887 0
40886 0
40885 0
40884 0
40883 0
40882 0
40881 0
40880 0
40879 0
40878 0
40877 0
40876 0
40875 0
40874 0
40873 0
40872 0
40871 0
40870 0
40869 0
40868 0
40867 0
40866 0
40865 0
40864 0
40863 0
40862 0
40861 0
40860 0
40859 0
40858 0
40857 0
40856 0
40855 0
40854 0
40853 0
40852 0
40851 0
40850 0
40849 0
40848 0
40847 0
40846 0
40845 0
40844 0
40843 0
40842 0
40841 0
40840 0
40839 0
40838 0
40837 0
40836 0
40835 0
40834 0
40833 0
40832 0
40831 0
40830 0
40829 0
40828 0
40827 0
40826 0
40825 0
40824 0
40823 0
40822 0
40821 0
40820 0
40819 0
40818 0
40817 0
40816 0
40815 0
40814 0
40813 0
40812 0
40811 0
40810 0
40809 0
40808 0
40807 0
40806 0
40805 0
40804 0
40803 0
40802 0
40801 0
40800 0
40799 0
40798 0
40797 0
40796 0
40795 0
40794 0
40793 0
40792 0
40791 0
40790 0
40789 0
40788 0
40787 0
40786 0
40785 0
40784 0
40783 0
40782 0
40781 0
40780 0
40779 0
40778 0
40777 0
40776 0
40775 0
40774 0
40773 0
40772 0
40771 0
40770 0
40769 0
40768 0
40767 0
40766 0
40765 0
40764 0
40763 0
40762 0
40761 0
40760 0
40759 0
40758 0
40757 0
40756 0
40755 0
40754 0
40753 0
40752 0
40751 0
40750 0
40749 0
40748 0
40747 0
40746 0
40745 0
40744 0
40743 0
40742 0
40741 0
40740 0
40739 0
40738 0
40737 0
40736 0
40735 0
40734 0
40733 0
40732 0
40731 0
40730 0
40729 0
40728 0
40727 0
40726 0
40725 0
40724 0
40723 0
40722 0
40721 0
40720 0
40719 0
40718 0
40717 0
40716 0
40715 0
40714 0
40713 0
40712 0
40711 0
40710 0
40709 0
40708 0
40707 0
40706 0
40705 0
40704 0
40703 0
40702 0
40701 0
40700 0
40699 0
40698 0
40697 0
40696 0
40695 0
40694 0
40693 0
40692 0
40691 0
40690 0
40689 0
40688 0
40687 0
40686 0
40684 0
40683 0
40682 0
40681 0
40680 0
40679 0
40678 0
40677 0
40676 0
40675 0
40674 0
40673 0
40672 0
40671 0
40670 0
40669 0
40668 0
40667 0
40666 0
40665 0
40664 0
40663 0
40662 0
40661 0
40660 0
40659 0
40658 0
40657 0
40656 0
40655 0
40654 0
40653 0
40652 0
40651 0
40650 0
40649 0
40648 0
40647 0
40646 0
