31301 9.57149
52 3.74037
13646 3.25244
39994 2.3154
27514 1.84154
1525 1.51508
363 1.50395
11233 1.41741
14544 1.19797
6815 1.18003
23317 1.11395
2775 1.05001
18328 1.0087
7691 0.979807
11443 0.94362
35472 0.943394
15390 0.894885
17634 0.86171
25750 0.731089
32876 0.707576
16853 0.686903
26892 0.685998
12812 0.683599
7296 0.673131
13334 0.659524
7708 0.619141
15603 0.590909
19434 0.576923
16791 0.576436
33944 0.533333
37048 0.532258
11630 0.531309
2450 0.521429
12572 0.507143
26923 0.501844
37163 0.501582
38199 0.477483
21228 0.476728
40254 0.476117
24979 0.463626
23014 0.462121
919 0.459178
18056 0.455027
32760 0.444444
26395 0.442308
33189 0.440497
16659 0.435134
27532 0.43254
1329 0.430556
20273 0.43
38662 0.428517
19380 0.428517
1977 0.423808
12384 0.420455
28701 0.417163
3297 0.415873
33068 0.414307
23193 0.411262
30167 0.408006
21453 0.388014
29087 0.379487
40775 0.359035
17659 0.358276
2249 0.357576
20966 0.348086
1267 0.347072
6823 0.340852
12597 0.333333
5693 0.333333
2791 0.333333
25543 0.329155
27886 0.321739
19032 0.321429
19295 0.319444
24441 0.31854
12787 0.310223
37866 0.30754
22402 0.305128
39027 0.299517
29828 0.292334
39923 0.287588
34825 0.28
22478 0.271368
40573 0.270455
28092 0.268369
13581 0.268369
29059 0.267361
22228 0.266667
33331 0.265966
5373 0.265711
4632 0.263409
26607 0.259746
3445 0.254762
20597 0.252176
29407 0.25
17238 0.25
15280 0.25
12431 0.25
2867 0.25
23366 0.246474
12518 0.246313
10923 0.242857
7139 0.242857
40737 0.239004
29997 0.236406
30948 0.235
22474 0.226984
10903 0.226984
33383 0.218254
6096 0.216745
17272 0.21322
34032 0.204937
20424 0.202652
3567 0.201825
22583 0.200883
7374 0.200336
37143 0.2
35361 0.2
34274 0.2
26400 0.2
23843 0.2
21766 0.2
16945 0.2
6504 0.2
2838 0.2
13992 0.199034
12447 0.199034
22054 0.198662
10602 0.192308
26750 0.190323
2943 0.188947
31265 0.18709
14041 0.18709
7690 0.184465
5175 0.184465
25017 0.184351
35683 0.178023
17352 0.17381
36418 0.169182
35917 0.166667
34028 0.166667
33893 0.166667
32520 0.166667
21147 0.166667
11249 0.166667
5360 0.166667
979 0.166667
14048 0.163951
16572 0.162338
25118 0.159242
2289 0.156016
18044 0.154977
4432 0.150684
32862 0.149176
15953 0.149176
14603 0.149176
34495 0.148992
14377 0.148119
12297 0.142857
4794 0.142437
20850 0.140791
27014 0.136806
11524 0.136503
4375 0.136503
10737 0.133296
9718 0.133296
9593 0.133296
2640 0.133296
36879 0.131292
33976 0.131292
31682 0.131292
29972 0.131292
9342 0.131292
1681 0.130401
16823 0.12952
26436 0.126055
21077 0.126055
128 0.126055
40710 0.125
37550 0.125
32852 0.125
31297 0.125
30208 0.125
28027 0.125
26144 0.125
25047 0.125
22084 0.125
20333 0.125
16328 0.125
8027 0.125
28917 0.124697
27627 0.124379
24780 0.124379
12490 0.124066
19055 0.118898
40661 0.111328
37777 0.111111
36688 0.111111
35987 0.111111
28139 0.111111
25349 0.111111
18644 0.111111
14510 0.111111
11740 0.111111
35592 0.110943
26088 0.110943
30286 0.110496
25880 0.110496
16026 0.109626
39843 0.102262
33107 0.102262
37665 0.100006
30856 0.100006
15116 0.100006
30921 0.1
29874 0.1
26654 0.1
23813 0.1
15451 0.1
6378 0.1
3863 0.1
1994 0.1
26159 0.0941836
12444 0.0941836
25837 0.0916074
38067 0.0909091
31274 0.0909091
30668 0.0909091
25445 0.0909091
23663 0.0909091
21983 0.0909091
20489 0.0909091
19881 0.0909091
14643 0.0909091
13295 0.0909091
11205 0.0909091
10882 0.0909091
10445 0.0909091
8672 0.0909091
7844 0.0909091
4507 0.0909091
1318 0.0909091
40758 0.0908186
37637 0.0908186
10730 0.0908186
22125 0.0899988
40869 0.0896701
37176 0.0896701
16710 0.0896701
9846 0.088027
28257 0.0842705
39962 0.0833333
33483 0.0833333
27799 0.0833333
17312 0.0833333
3896 0.0833333
3382 0.0833333
2766 0.0833333
23306 0.0817262
22514 0.0771937
38865 0.0769231
36073 0.0769231
33712 0.0769231
33161 0.0769231
32885 0.0769231
23551 0.0769231
23154 0.0769231
18540 0.0769231
16496 0.0769231
15768 0.0769231
9487 0.0769231
5985 0.0769231
2907 0.0769231
39393 0.0720949
35490 0.0714286
32342 0.0714286
24845 0.0714286
24056 0.0714286
19430 0.0714286
16983 0.0714286
12196 0.0714286
11844 0.0714286
11019 0.0714286
7009 0.0714286
6106 0.0714286
4898 0.0714286
2659 0.0714286
738 0.0714286
433 0.0714286
26054 0.0707235
15446 0.0707235
4943 0.0707235
3418 0.0707235
37940 0.0699345
24684 0.0699345
10980 0.0699345
10472 0.0699345
33438 0.0674085
31933 0.0674085
30014 0.0674085
13588 0.0674085
10880 0.0674085
6744 0.0674085
5846 0.0674085
1587 0.0674085
19325 0.0641457
29326 0.0625
17585 0.0625
13341 0.0625
11625 0.0625
11622 0.0625
13432 0.0624589
7343 0.0624589
57 0.0624589
28194 0.0588235
18295 0.0588235
16926 0.0588235
14558 0.0588235
12905 0.0588235
9995 0.0588235
7685 0.0588235
12913 0.0577778
21774 0.0577505
25379 0.057123
17599 0.057123
10322 0.057123
40912 0.0555556
40078 0.0555556
38714 0.0555556
32509 0.0555556
26259 0.0555556
23912 0.0555556
22735 0.0555556
19831 0.0555556
19185 0.0555556
18754 0.0555556
17128 0.0555556
14914 0.0555556
14001 0.0555556
11657 0.0555556
8907 0.0555556
7598 0.0555556
7379 0.0555556
6953 0.0555556
4474 0.0555556
19110 0.0546647
9198 0.0546647
2302 0.0546647
34355 0.0526316
33936 0.0526316
27646 0.0526316
27366 0.0526316
26277 0.0526316
13990 0.0526316
6537 0.0526316
39601 0.0525031
35944 0.0525031
31426 0.0525031
34223 0.0516093
33556 0.0516093
26083 0.0516093
15086 0.0516093
3075 0.0516093
34773 0.05125
18449 0.05125
8076 0.0503604
2633 0.0503604
32975 0.05
32440 0.05
22560 0.05
17767 0.05
16077 0.05
13369 0.05
12243 0.05
10760 0.05
4787 0.05
25083 0.0484341
3369 0.0484341
40903 0.0454545
34187 0.0454545
33907 0.0454545
31986 0.0454545
31882 0.0454545
28444 0.0454545
25273 0.0454545
23742 0.0454545
19857 0.0454545
18380 0.0454545
17127 0.0454545
10851 0.0454545
10731 0.0454545
9332 0.0454545
8867 0.0454545
8186 0.0454545
6002 0.0454545
5618 0.0454545
4747 0.0454545
4405 0.0454545
3586 0.0454545
3336 0.0454545
3112 0.0454545
39505 0.0434783
28743 0.0434783
22588 0.0434783
13636 0.0434783
35769 0.04
34095 0.04
33834 0.04
32662 0.04
31670 0.04
31216 0.04
25060 0.04
21515 0.04
11061 0.04
6409 0.04
39191 0.0399711
32676 0.0399711
27892 0.0399711
25220 0.0399711
19589 0.0399711
11803 0.0399711
34329 0.0386935
33725 0.0386935
27512 0.0386935
22526 0.0386935
21961 0.0386935
21670 0.0386935
19041 0.0386935
11017 0.0386935
2241 0.0386935
14249 0.0384615
30683 0.0379186
20075 0.0379186
4679 0.0379186
36996 0.0365294
27139 0.0365294
22046 0.0365294
21345 0.0365294
20458 0.0365294
15637 0.0365294
10844 0.0365294
38184 0.0344828
36962 0.0344828
34592 0.0344828
32921 0.0344828
26297 0.0344828
16895 0.0344828
16404 0.0344828
13003 0.0344828
12221 0.0344828
7894 0.0344828
7828 0.0344828
7024 0.0344828
36986 0.0341118
32122 0.0341118
30926 0.0341118
27401 0.0341118
27399 0.0341118
25817 0.0341118
25476 0.0341118
24796 0.0341118
19962 0.0341118
18110 0.0341118
16214 0.0341118
13871 0.0341118
7483 0.0341118
3473 0.0341118
37711 0.0322581
36105 0.0322581
33425 0.0322581
30973 0.0322581
25325 0.0322581
20911 0.0322581
20675 0.0322581
12837 0.0322581
3692 0.0322581
1468 0.0322581
1097 0.0322581
279 0.0322581
121 0.0322581
40766 0.0317121
27425 0.0317121
25508 0.0317121
23933 0.0317121
20359 0.0317121
14535 0.0317121
3494 0.0317121
3100 0.0317121
38317 0.03125
37852 0.03125
20914 0.03125
19157 0.03125
5738 0.03125
4295 0.03125
3906 0.03125
304 0.03125
36903 0.0310745
14574 0.0310745
13541 0.0310745
9966 0.0310745
