21323 2.99378
13654 2.22049
27799 1.13436
39177 1.02948
32886 1.01786
2877 1.00623
5802 0.941884
6041 0.940474
24678 0.85191
35766 0.738684
13916 0.735469
23206 0.64414
16504 0.643247
35346 0.632082
17120 0.50895
32607 0.493478
8035 0.414245
20928 0.414134
31575 0.393531
18844 0.389683
33800 0.381348
19783 0.37734
16236 0.369884
30321 0.344234
24790 0.335289
21703 0.321784
22530 0.309584
2885 0.306917
16548 0.305905
3852 0.298611
29923 0.288207
35894 0.270362
8224 0.265965
25659 0.264786
25826 0.260873
19253 0.259524
542 0.25
34489 0.249158
9196 0.246604
3940 0.241826
29140 0.241127
16283 0.241127
32885 0.230731
11410 0.230409
36918 0.230146
25505 0.227778
23370 0.204367
19327 0.204367
277 0.203409
27704 0.202021
30933 0.2
30287 0.2
12952 0.2
30417 0.188895
24591 0.186869
4900 0.186869
4866 0.184314
28094 0.179555
6715 0.179555
22170 0.179489
16220 0.166667
2951 0.166667
543 0.166667
17688 0.164935
16745 0.154858
14858 0.154858
1610 0.152505
37012 0.151922
35317 0.151922
25375 0.14496
25076 0.14496
11434 0.14496
34325 0.142857
31675 0.142857
26541 0.142857
25479 0.142857
13803 0.142857
8672 0.142857
7538 0.142857
6243 0.142857
36787 0.142208
24849 0.142208
23286 0.142208
1582 0.142208
29909 0.138769
24928 0.138769
19093 0.138769
15744 0.138769
8854 0.138769
31763 0.138433
24972 0.138433
17381 0.138433
31140 0.138289
11810 0.131149
40890 0.130773
1462 0.12619
19802 0.125
34439 0.120483
36138 0.119025
20969 0.119025
885 0.119025
4934 0.117355
1131 0.117355
32620 0.116596
19287 0.116596
13452 0.116596
31072 0.111111
22745 0.111111
18834 0.111111
16085 0.111111
16025 0.111111
9583 0.107103
34034 0.106216
15029 0.106216
2218 0.106216
37305 0.10234
10424 0.10234
33898 0.100833
16924 0.100833
12569 0.100833
9527 0.100833
6140 0.100833
19048 0.1
9199 0.098968
39947 0.0984783
33028 0.0984783
30676 0.0984783
27989 0.0984783
26095 0.0984783
11080 0.0984783
38583 0.0968289
25765 0.0968289
12935 0.0968289
27926 0.0954887
19277 0.0954887
15022 0.0885503
32043 0.0842795
16395 0.0842795
6859 0.0842795
37708 0.0833333
20749 0.0833333
8135 0.0833333
1590 0.0833333
39661 0.0769231
38439 0.0769231
35825 0.0769231
33108 0.0769231
33052 0.0769231
28855 0.0769231
28110 0.0769231
21861 0.0769231
19511 0.0769231
39791 0.0714286
38772 0.0714286
28403 0.0714286
24538 0.0714286
24239 0.0714286
15092 0.0714286
12781 0.0714286
5169 0.0714286
3140 0.0714286
40644 0.0711843
40173 0.0666667
31891 0.0666667
30209 0.0666667
27161 0.0666667
18138 0.0666667
15264 0.0666667
13628 0.0666667
4043 0.0666667
40525 0.0625
25641 0.0625
24902 0.0625
22541 0.0625
19461 0.0625
6336 0.0625
3030 0.0625
1821 0.0625
34209 0.0601571
23251 0.0601571
19606 0.0601571
16001 0.0601571
6924 0.0601571
27395 0.0588235
21831 0.0588235
16755 0.0588235
16327 0.0588235
7623 0.0588235
5821 0.0588235
4189 0.0588235
2843 0.0588235
2643 0.0588235
2510 0.0588235
36948 0.0539353
34123 0.0539353
30693 0.0539353
16076 0.0539353
9322 0.0539353
9309 0.0539353
7618 0.0539353
32381 0.0526316
29296 0.0526316
27900 0.0526316
19379 0.0526316
8384 0.0526316
4361 0.0526316
38346 0.05
36562 0.05
34579 0.05
34561 0.05
31589 0.05
29361 0.05
14980 0.05
12451 0.05
12306 0.05
3718 0.05
1396 0.05
33653 0.0472638
30897 0.0472638
27168 0.0472638
7099 0.0472638
6654 0.0472638
32688 0.0454545
17048 0.0454545
35185 0.0434783
33256 0.0434783
21978 0.0434783
17492 0.0434783
15873 0.0434783
14768 0.0434783
5719 0.0434783
110 0.0434783
37948 0.0416667
37502 0.0416667
27036 0.0416667
24400 0.0416667
23089 0.0416667
5709 0.0416667
40764 0.0403313
38956 0.0403313
38221 0.0403313
34835 0.0403313
34784 0.0403313
34213 0.0403313
33267 0.0403313
26476 0.0403313
17412 0.0403313
11331 0.0403313
10719 0.0403313
5414 0.0403313
36028 0.037037
34147 0.037037
32933 0.037037
25533 0.037037
21589 0.037037
18872 0.037037
17142 0.037037
7054 0.037037
38262 0.0344828
37990 0.0344828
34378 0.0344828
32788 0.0344828
32324 0.0344828
29901 0.0344828
27663 0.0344828
27208 0.0344828
26398 0.0344828
25791 0.0344828
24685 0.0344828
22368 0.0344828
22218 0.0344828
13669 0.0344828
13507 0.0344828
11808 0.0344828
11488 0.0344828
9661 0.0344828
9239 0.0344828
6033 0.0344828
5778 0.0344828
38273 0.030303
32611 0.030303
28948 0.030303
25191 0.030303
13231 0.030303
11920 0.030303
8419 0.030303
2235 0.030303
37342 0.0294118
36517 0.0294118
27277 0.0294118
20065 0.0294118
18561 0.0294118
18520 0.0294118
15777 0.0294118
8342 0.0294118
32016 0.0285714
31564 0.0285714
27968 0.0285714
25200 0.0285714
23843 0.0285714
19967 0.0285714
16390 0.0285714
16205 0.0285714
13712 0.0285714
12535 0.0285714
3229 0.0285714
350 0.0285714
34312 0.027027
28862 0.027027
26786 0.027027
25885 0.027027
20250 0.027027
18428 0.027027
16898 0.027027
15519 0.027027
12580 0.027027
9423 0.027027
7921 0.027027
3068 0.027027
630 0.027027
36673 0.025
36528 0.025
35857 0.025
32572 0.025
31184 0.025
27837 0.025
23834 0.025
23665 0.025
18119 0.025
16592 0.025
16424 0.025
14769 0.025
3305 0.025
1 0.025
39401 0.0212766
36313 0.0212766
34987 0.0212766
33997 0.0212766
33633 0.0212766
32329 0.0212766
23240 0.0212766
21889 0.0212766
18683 0.0212766
17396 0.0212766
17105 0.0212766
15665 0.0212766
9653 0.0212766
8309 0.0212766
6592 0.0212766
4574 0.0212766
4539 0.0212766
4058 0.0212766
2027 0.0212766
37902 0.0188679
33465 0.0188679
30523 0.0188679
30186 0.0188679
30086 0.0188679
29946 0.0188679
29627 0.0188679
20649 0.0188679
20171 0.0188679
20152 0.0188679
18173 0.0188679
16873 0.0188679
8990 0.0188679
4994 0.0188679
2393 0.0188679
1192 0.0188679
1049 0.0188679
40204 0.0178571
39642 0.0178571
37882 0.0178571
37546 0.0178571
37077 0.0178571
36160 0.0178571
35734 0.0178571
35463 0.0178571
34565 0.0178571
29941 0.0178571
26429 0.0178571
26058 0.0178571
24505 0.0178571
24407 0.0178571
22997 0.0178571
21431 0.0178571
17033 0.0178571
14600 0.0178571
13513 0.0178571
12893 0.0178571
11714 0.0178571
10453 0.0178571
8828 0.0178571
8212 0.0178571
7852 0.0178571
7145 0.0178571
6979 0.0178571
6447 0.0178571
5036 0.0178571
34844 0.0163934
34169 0.0163934
32224 0.0163934
31741 0.0163934
30325 0.0163934
29634 0.0163934
29437 0.0163934
28688 0.0163934
28617 0.0163934
27863 0.0163934
27796 0.0163934
23342 0.0163934
23134 0.0163934
22184 0.0163934
18446 0.0163934
17763 0.0163934
16629 0.0163934
16508 0.0163934
16298 0.0163934
15826 0.0163934
15212 0.0163934
15054 0.0163934
14943 0.0163934
14138 0.0163934
12641 0.0163934
12238 0.0163934
11188 0.0163934
6298 0.0163934
3750 0.0163934
3413 0.0163934
3356 0.0163934
2010 0.0163934
1942 0.0163934
1296 0.0163934
208 0.0163934
40618 0.0133333
38864 0.0133333
36400 0.0133333
35062 0.0133333
33377 0.0133333
32536 0.0133333
30425 0.0133333
29270 0.0133333
29030 0.0133333
28655 0.0133333
28521 0.0133333
27166 0.0133333
25831 0.0133333
23643 0.0133333
23439 0.0133333
22544 0.0133333
21000 0.0133333
20071 0.0133333
20020 0.0133333
19647 0.0133333
18999 0.0133333
17583 0.0133333
15834 0.0133333
15297 0.0133333
14133 0.0133333
12766 0.0133333
10308 0.0133333
8592 0.0133333
6830 0.0133333
6391 0.0133333
6319 0.0133333
6083 0.0133333
5688 0.0133333
2869 0.0133333
1784 0.0133333
565 0.0133333
40383 0.00813008
39826 0.00813008
39685 0.00813008
38422 0.00813008
37847 0.00813008
35966 0.00813008
35315 0.00813008
35249 0.00813008
33530 0.00813008
33227 0.00813008
33175 0.00813008
31714 0.00813008
31151 0.00813008
31118 0.00813008
29875 0.00813008
29256 0.00813008
29020 0.00813008
26928 0.00813008
26794 0.00813008
26350 0.00813008
26181 0.00813008
24957 0.00813008
24701 0.00813008
23886 0.00813008
23872 0.00813008
23715 0.00813008
23473 0.00813008
22404 0.00813008
22310 0.00813008
22300 0.00813008
