12230 3.17838
34312 2.81002
17571 2.56246
25885 2.39322
9423 2.39322
18428 2.33572
9615 2.32018
23390 2.12388
32808 2.04517
39790 2.01477
25330 1.97155
33214 1.84959
22537 1.83667
6049 1.83446
21288 1.65163
8717 1.5386
32035 1.52074
31366 1.43475
9720 1.39215
651 1.32715
27379 1.23624
19555 1.15725
28274 1.05371
35601 0.985844
36147 0.943054
30359 0.925899
22122 0.896701
14583 0.732218
2669 0.732218
20010 0.671676
35404 0.632806
10042 0.619969
23661 0.548612
35792 0.502451
18732 0.502451
20397 0.495295
27779 0.394746
40113 0.351246
23843 0.33584
33695 0.317702
34324 0.281385
22095 0.269546
16688 0.264327
2153 0.24941
10251 0.210054
24313 0.202548
10689 0.201526
33009 0.198957
22219 0.198957
13309 0.198957
23260 0.181542
39 0.180719
1106 0.177271
36596 0.170706
38117 0.166667
17472 0.166667
36969 0.154592
28551 0.154592
25056 0.154592
14398 0.152615
225 0.152615
33870 0.139701
30351 0.139701
28769 0.139701
12208 0.132738
33510 0.129506
14543 0.129506
19820 0.126658
15455 0.121679
12956 0.120875
33233 0.116074
1514 0.116074
35799 0.115126
29401 0.112239
29767 0.111111
13413 0.111111
11342 0.111111
7489 0.109608
10896 0.104208
29762 0.0982558
30370 0.0978355
25546 0.0929674
21703 0.0909091
20250 0.0909091
37838 0.0847339
31916 0.0836446
12282 0.0836446
8712 0.0836446
34520 0.0807511
2480 0.0797124
19259 0.0759775
35241 0.0751077
16390 0.067726
37270 0.0656815
39640 0.0644055
37831 0.0644055
32165 0.0625
23836 0.0625
10299 0.0625
25179 0.0581214
7740 0.0581214
4471 0.0581214
0 0.0581214
35697 0.0537514
28331 0.0537514
34905 0.052948
33135 0.052948
25132 0.052948
24807 0.052948
11439 0.052948
7125 0.052948
39326 0.0526316
30377 0.0526316
18197 0.0526316
15837 0.0526316
6552 0.0526316
31333 0.05
29937 0.05
29144 0.05
27989 0.05
21323 0.05
20919 0.05
19130 0.05
17396 0.05
16504 0.05
15193 0.05
14657 0.05
8672 0.05
6111 0.05
3541 0.05
34027 0.0454545
14822 0.0454545
9818 0.0454545
9338 0.0454545
4018 0.0454545
32885 0.04
32522 0.04
25599 0.04
14931 0.04
40882 0.0357143
39028 0.0357143
36672 0.0357143
26930 0.0357143
23701 0.0357143
16960 0.0357143
1550 0.0357143
40409 0.0333333
17994 0.0333333
7581 0.0333333
9825 0.0294118
7402 0.0294118
6287 0.0294118
28350 0.0285714
17926 0.0285714
17828 0.0285714
17063 0.0285714
12278 0.0285714
9320 0.0285714
6738 0.0285714
6547 0.0285714
4870 0.0285714
38812 0.0277778
31947 0.0277778
29866 0.0277778
27926 0.0277778
27799 0.0277778
24678 0.0277778
22184 0.0277778
16298 0.0277778
16076 0.0277778
7126 0.0277778
2885 0.0277778
1610 0.0277778
37720 0.025641
31047 0.025641
28034 0.025641
23196 0.025641
21712 0.025641
7640 0.025641
5783 0.025641
5283 0.025641
3111 0.025641
2233 0.025641
35297 0.025
32950 0.025
21215 0.025
19956 0.025
18588 0.025
15313 0.025
12904 0.025
11764 0.025
39169 0.0243902
34952 0.0243902
34737 0.0243902
32652 0.0243902
30561 0.0243902
27160 0.0243902
26402 0.0243902
23484 0.0243902
21689 0.0243902
19032 0.0243902
17915 0.0243902
15694 0.0243902
14529 0.0243902
12675 0.0243902
12652 0.0243902
10295 0.0243902
6756 0.0243902
6658 0.0243902
4824 0.0243902
2200 0.0243902
1450 0.0243902
35016 0.0238095
27236 0.0238095
24302 0.0238095
20459 0.0238095
19755 0.0238095
13425 0.0238095
12983 0.0238095
9074 0.0238095
3922 0.0238095
2496 0.0238095
35151 0.0232558
34013 0.0232558
37710 0.0196078
37347 0.0196078
37267 0.0196078
35982 0.0196078
31729 0.0196078
31153 0.0196078
30860 0.0196078
30802 0.0196078
30267 0.0196078
29549 0.0196078
29358 0.0196078
27297 0.0196078
25214 0.0196078
24840 0.0196078
24715 0.0196078
21394 0.0196078
20231 0.0196078
20134 0.0196078
20059 0.0196078
19744 0.0196078
19408 0.0196078
18582 0.0196078
17638 0.0196078
15885 0.0196078
13595 0.0196078
13314 0.0196078
12863 0.0196078
12280 0.0196078
11315 0.0196078
10663 0.0196078
8547 0.0196078
5569 0.0196078
5504 0.0196078
3594 0.0196078
2938 0.0196078
813 0.0196078
337 0.0196078
31782 0.0185185
27686 0.0185185
26399 0.0185185
25188 0.0185185
21803 0.0185185
15558 0.0185185
9324 0.0185185
7174 0.0185185
3843 0.0185185
3318 0.0185185
280 0.0185185
39995 0.015625
37100 0.015625
35808 0.015625
33892 0.015625
33821 0.015625
28720 0.015625
24318 0.015625
22098 0.015625
20049 0.015625
18740 0.015625
14948 0.015625
10594 0.015625
9276 0.015625
3316 0.015625
2674 0.015625
38082 0.0135135
37506 0.0135135
37328 0.0135135
35839 0.0135135
34127 0.0135135
31651 0.0135135
28500 0.0135135
26306 0.0135135
25535 0.0135135
25317 0.0135135
23024 0.0135135
18955 0.0135135
17230 0.0135135
15954 0.0135135
13267 0.0135135
12873 0.0135135
11032 0.0135135
10061 0.0135135
9543 0.0135135
9428 0.0135135
8847 0.0135135
8611 0.0135135
6143 0.0135135
3074 0.0135135
1240 0.0135135
1108 0.0135135
40980 0
40979 0
40978 0
40977 0
40976 0
40975 0
40974 0
40973 0
40972 0
40971 0
40970 0
40969 0
40968 0
40967 0
40966 0
40965 0
40964 0
40963 0
40962 0
40961 0
40960 0
40959 0
40958 0
40957 0
40956 0
40955 0
40954 0
40953 0
40952 0
40951 0
40950 0
40949 0
40948 0
40947 0
40946 0
40945 0
40944 0
40943 0
40942 0
40941 0
40940 0
40939 0
40938 0
40937 0
40936 0
40935 0
40934 0
40933 0
40932 0
40931 0
40930 0
40929 0
40928 0
40927 0
40926 0
40925 0
40924 0
40923 0
40922 0
40921 0
40920 0
40919 0
40918 0
40917 0
40916 0
40915 0
40914 0
40913 0
40912 0
40911 0
40910 0
40909 0
40908 0
40907 0
40906 0
40905 0
40904 0
40903 0
40902 0
40901 0
40900 0
40899 0
40898 0
40897 0
40896 0
40895 0
40894 0
40893 0
40892 0
40891 0
40890 0
40889 0
40888 0
40887 0
40886 0
40885 0
40884 0
40883 0
40881 0
40880 0
40879 0
40878 0
40877 0
40876 0
40875 0
40874 0
40873 0
40872 0
40871 0
40870 0
40869 0
40868 0
40867 0
40866 0
40865 0
40864 0
40863 0
40862 0
40861 0
40860 0
40859 0
40858 0
40857 0
40856 0
40855 0
40854 0
40853 0
40852 0
40851 0
40850 0
40849 0
40848 0
40847 0
40846 0
40845 0
40844 0
40843 0
40842 0
40841 0
40840 0
40839 0
40838 0
40837 0
40836 0
40835 0
40834 0
40833 0
40832 0
40831 0
40830 0
40829 0
40828 0
40827 0
40826 0
40825 0
40824 0
40823 0
40822 0
40821 0
40820 0
40819 0
40818 0
40817 0
40816 0
40815 0
40814 0
40813 0
40812 0
40811 0
40810 0
40809 0
40808 0
40807 0
40806 0
40805 0
40804 0
40803 0
40802 0
40801 0
40800 0
40799 0
40798 0
40797 0
40796 0
40795 0
40794 0
40793 0
