28776 519.395
7570 412.512
34488 183.444
9333 132.949
1158 126.879
14163 82.6142
14251 70.6008
21015 61.7201
10377 60.7112
39976 55.3388
23837 51.566
13392 45.4836
18794 43.282
24005 42.9597
7783 41.0621
5798 40.8958
4555 40.2294
3114 38.3904
33975 36.2202
21608 31.5615
35487 30.2342
21963 28.542
38449 27.7948
39590 25.8101
29986 24.2938
34630 22.9131
19791 21.7508
16210 21.3042
3396 18.7969
19281 18.2267
13318 18.179
23991 18.1483
27767 18.106
37377 17.8219
15084 17.6739
40292 16.8508
36829 16.2966
39744 16.2191
20275 15.9868
15488 15.3444
3836 14.5921
19211 14.4044
30986 14.2983
22254 14.1433
20218 14.1302
13839 13.9959
11452 13.8378
35950 13.7183
39156 13.3944
2159 13.3929
23168 13.0876
21693 13.0268
10256 12.3658
9960 12.0231
3964 11.8909
4344 11.7231
24630 11.488
21220 11.3516
29438 11.3212
35545 10.924
29685 10.8694
35699 10.5933
14105 10.463
36577 10.1256
20262 9.79137
37266 9.66375
23798 9.38452
24726 9.08935
15250 9.0472
28221 8.7552
29879 8.67518
4148 8.17048
27184 8.02404
10211 8.01422
38381 7.85097
3012 7.72765
39322 7.36723
22197 7.19224
32585 7.12062
12024 7.07377
17245 6.94289
26431 6.9344
21016 6.56007
7325 6.31347
28267 6.23717
31215 6.09161
2141 6.03265
32569 6.02653
2922 6.02511
10904 5.97888
26631 5.94376
19096 5.94325
10082 5.90722
17643 5.90178
6087 5.90132
6940 5.8008
24747 5.7686
1958 5.64917
11698 5.60661
1330 5.55629
33262 5.54493
6337 5.43964
35318 5.42072
37717 5.22941
38919 5.11433
9426 5.04233
27258 5.00797
14640 5.00357
29389 4.99436
8873 4.93736
552 4.88885
19135 4.7774
28059 4.6461
3578 4.62779
17804 4.61012
26080 4.55938
40681 4.41112
25161 4.35827
19439 4.30206
18227 4.2795
34956 4.20357
32096 4.20028
28694 4.17833
28174 4.08413
31922 4.06905
35461 3.99736
25092 3.86598
13277 3.86319
11027 3.84246
438 3.78591
19629 3.68277
27851 3.6458
8965 3.64419
40289 3.61114
36786 3.52861
37517 3.525
15684 3.49756
36286 3.41007
29178 3.40795
15260 3.35849
23132 3.33773
22950 3.31905
34395 3.31412
15560 3.27691
9376 3.2283
19731 3.20592
30473 3.16145
16485 3.12136
11222 3.12024
35515 3.0863
27568 3.03452
7153 3.00761
24259 3
6605 2.96561
32756 2.95544
39763 2.946
12198 2.9445
12242 2.91732
30088 2.91613
14373 2.86192
21059 2.86071
12285 2.85282
18272 2.82021
12330 2.81488
11311 2.8054
39224 2.73546
36812 2.67715
35878 2.66207
9953 2.66083
544 2.57956
34861 2.579
9495 2.57458
8013 2.53823
30306 2.51667
37802 2.51568
4224 2.49457
17940 2.48026
4630 2.47701
27100 2.4346
578 2.42279
16134 2.40476
18115 2.37619
24617 2.34299
18851 2.31112
24075 2.30952
34230 2.29924
5972 2.29646
26185 2.2866
15638 2.28316
23586 2.27302
34323 2.26303
26124 2.26094
18094 2.25675
27287 2.22631
31823 2.21944
27359 2.2171
34250 2.20366
18111 2.19573
26118 2.18535
4788 2.17847
10579 2.14167
28021 2.13065
25877 2.12679
24412 2.11593
8951 2.10881
13584 2.10833
40626 2.09493
15377 2.04293
7234 2.0171
14852 2.01128
12804 1.99524
27501 1.98734
18064 1.97778
31967 1.96835
33419 1.95906
13329 1.95767
5545 1.95357
34651 1.93218
26489 1.92924
13542 1.92242
4989 1.91866
5231 1.91667
14866 1.91582
40555 1.88452
18575 1.87857
5731 1.85801
4428 1.84677
33945 1.84034
18590 1.83571
21374 1.8171
16407 1.77278
40345 1.76925
8862 1.75682
3306 1.74656
7265 1.74306
3913 1.73089
26708 1.71905
619 1.71133
6733 1.70675
2470 1.69325
10506 1.67821
14880 1.66752
28678 1.6674
3618 1.66667
18004 1.65833
15439 1.64404
6063 1.61667
24548 1.61558
32608 1.61438
8981 1.60466
3516 1.59714
7323 1.58912
27235 1.58849
6088 1.58333
13767 1.58333
4529 1.56584
27558 1.56057
21716 1.54837
198 1.54325
7330 1.54055
10454 1.53584
22195 1.53333
18436 1.53082
33733 1.53007
39153 1.5254
21952 1.525
30055 1.50398
18345 1.5
23803 1.49228
33400 1.48571
18229 1.47778
9464 1.46935
40826 1.46809
35197 1.46634
36222 1.4416
34399 1.4375
34791 1.43571
13154 1.43571
6325 1.42857
37872 1.41875
21370 1.41667
32540 1.41232
25772 1.41071
38893 1.40902
16225 1.4
8150 1.39973
7974 1.399
40074 1.38333
40019 1.38168
35810 1.37698
22280 1.35249
31936 1.35059
1613 1.34566
32244 1.34167
19526 1.33645
37909 1.31468
14464 1.30371
33265 1.29286
21311 1.29286
18440 1.29286
15906 1.27998
32377 1.27769
1236 1.275
12470 1.25833
25972 1.25
14656 1.25
21822 1.24286
11295 1.2373
23158 1.22682
3515 1.22619
34964 1.225
10442 1.22424
27887 1.21589
31370 1.19895
88 1.19444
30564 1.19286
29662 1.17778
32008 1.17619
20092 1.16071
22306 1.15872
24930 1.15397
14648 1.1526
10230 1.14805
32011 1.14286
3681 1.13607
31848 1.11859
33098 1.11713
39849 1.11429
30228 1.11374
14680 1.09549
8776 1.09167
37538 1.08452
775 1.08095
14103 1.07275
10092 1.06967
31104 1.06244
3094 1.06111
35863 1.06071
36296 1.05397
26451 1.05397
18901 1.05395
40201 1.03571
20274 1.02804
17524 1.02619
20698 1.02489
3962 1.02424
31602 1.01313
27030 1.01303
37768 1
32776 1
22609 1
20617 0.992857
17566 0.985714
27404 0.976923
40896 0.975433
10136 0.975
27358 0.970401
35713 0.963492
29414 0.958557
22441 0.958333
7799 0.953968
12703 0.950433
16883 0.937603
39130 0.9308
13865 0.923611
11286 0.923015
16961 0.921861
23136 0.921429
13875 0.920966
8954 0.920489
24136 0.919877
3263 0.917757
19496 0.916667
40940 0.916667
27024 0.916667
694 0.916667
28124 0.909844
20312 0.901681
22701 0.895859
21968 0.88956
35025 0.888743
31015 0.877714
28556 0.875962
27289 0.86935
34571 0.866667
7642 0.866667
6122 0.859957
15340 0.857989
12497 0.854304
16720 0.849802
12533 0.835732
30623 0.833333
20069 0.833333
18604 0.833333
3806 0.833333
17987 0.816239
40217 0.812637
28210 0.810965
36030 0.809524
35644 0.809524
32501 0.809524
27522 0.809524
21704 0.808004
8557 0.80697
21837 0.800866
3386 0.800866
25735 0.791667
12573 0.78355
36777 0.783333
7495 0.778943
22722 0.778034
4535 0.777778
14196 0.760965
6453 0.755495
25158 0.753822
23433 0.753144
39214 0.75
38802 0.75
37525 0.75
37224 0.75
23782 0.75
383 0.75
20226 0.75
8918 0.75
8202 0.737139
22181 0.735496
38474 0.733333
27296 0.733333
14065 0.733333
10817 0.728462
6594 0.727769
11678 0.72619
628 0.72619
23595 0.724975
11124 0.717532
38513 0.714107
17239 0.708432
33955 0.708333
20777 0.708333
3021 0.708333
11099 0.704836
40030 0.7
31540 0.7
22260 0.7
24418 0.687672
21255 0.683333
15573 0.677496
20278 0.67619
22160 0.674242
27534 0.674242
40685 0.666667
33241 0.666667
23718 0.666667
22968 0.666667
4424 0.666667
4917 0.660256
6885 0.658333
35023 0.658247
5351 0.654762
10106 0.65
18882 0.65
17686 0.647276
39737 0.644444
32129 0.644444
28643 0.642857
14392 0.642857
26942 0.633333
12390 0.63261
25253 0.632035
25522 0.631263
4047 0.627005
21336 0.625
8114 0.625
4215 0.625
2620 0.624242
11344 0.619444
39518 0.616667
37295 0.616667
34065 0.616667
2327 0.616667
1612 0.616667
6306 0.615013
30258 0.610127
15096 0.610013
40341 0.607231
15754 0.605115
27609 0.604762
7317 0.60119
35860 0.6
2764 0.6
39544 0.598785
9628 0.59504
34046 0.592857
7524 0.592157
27418 0.590909
25373 0.590909
15088 0.590909
40441 0.58715
14563 0.587139
13962 0.583333
