17566 18.6395
12703 6.4531
28776 3.13932
24993 2.89277
8529 2.53661
29879 1.5672
17232 1.37486
15229 1.24511
11058 1.14878
38444 1.13502
4268 1.10952
35738 1.10385
38611 1.08347
10945 1.08248
23140 1.03577
1419 1.00012
40452 0.983209
7116 0.941651
13551 0.936692
32070 0.927683
36275 0.923148
36296 0.911544
20981 0.893372
3157 0.873903
14660 0.869714
37368 0.869709
24693 0.83945
29292 0.813628
32530 0.718372
14829 0.682667
29485 0.639225
8092 0.632708
28249 0.609278
30837 0.577804
4181 0.555225
5938 0.527778
32388 0.526923
9078 0.522248
2998 0.515815
39820 0.513915
8235 0.512897
4572 0.512897
39817 0.512327
36403 0.509524
40976 0.504519
27315 0.491667
27159 0.479013
16875 0.477778
37798 0.471103
35478 0.469659
28594 0.457576
34630 0.443694
713 0.44359
2440 0.435185
415 0.433766
37086 0.411111
4909 0.402778
7302 0.394894
38913 0.39023
4532 0.379824
30752 0.372738
27017 0.36036
37735 0.333756
28658 0.333756
37414 0.333333
31821 0.333333
1495 0.333333
38449 0.330891
10426 0.330098
19092 0.327778
4397 0.326923
40532 0.318694
27244 0.277778
38818 0.268369
8640 0.263889
7105 0.260684
29114 0.25
13976 0.25
8566 0.25
7329 0.25
486 0.25
30939 0.249573
3049 0.249573
598 0.223925
13426 0.217936
29506 0.214286
34437 0.2
27522 0.2
18783 0.2
18227 0.2
14397 0.2
8472 0.2
5295 0.2
23434 0.199346
5984 0.19213
30150 0.185256
2827 0.172784
39041 0.166667
37377 0.166667
34488 0.166667
26694 0.166667
23157 0.166667
20325 0.166667
15938 0.166667
14418 0.166667
13230 0.166667
6821 0.166667
6177 0.166667
5441 0.166667
1158 0.166667
17167 0.154167
27126 0.149471
34831 0.142857
32825 0.142857
10559 0.142857
8933 0.142857
7270 0.142857
34231 0.125
34047 0.125
23378 0.125
18832 0.125
15929 0.125
12487 0.125
5409 0.125
3360 0.125
30624 0.115262
27806 0.111111
20440 0.111111
16469 0.111111
14687 0.111111
10203 0.111111
8147 0.111111
5359 0.111111
3548 0.111111
35067 0.10698
25303 0.1
2391 0.1
35810 0.0909091
34586 0.0909091
35647 0.0895969
17327 0.0895969
17093 0.0895969
9969 0.0895969
1303 0.0895969
37162 0.0833333
35622 0.0833333
31476 0.0833333
11773 0.0833333
5698 0.0833333
22542 0.0778036
18082 0.0778036
1188 0.0778036
39796 0.0769231
36061 0.0769231
30473 0.0769231
19508 0.0769231
12927 0.0769231
40442 0.0666667
34204 0.0666667
19764 0.0666667
37640 0.0625
37522 0.0625
32306 0.0625
24199 0.0625
2576 0.0625
1838 0.0625
35197 0.0588235
27616 0.0588235
26891 0.0588235
18823 0.0588235
8958 0.0588235
36896 0.0555556
36222 0.0555556
28243 0.0555556
23421 0.0555556
20203 0.0555556
14756 0.0555556
12843 0.0555556
11995 0.0555556
11429 0.0555556
10132 0.0555556
9960 0.0555556
7863 0.0555556
3019 0.0555556
29007 0.05
19090 0.05
11347 0.05
11221 0.05
9899 0.05
39446 0.047619
32002 0.047619
31485 0.047619
23492 0.047619
22789 0.047619
38563 0.0416667
31685 0.0416667
15646 0.0416667
12674 0.0416667
11736 0.0416667
6747 0.0416667
3712 0.0416667
214 0.0416667
39839 0.0384615
39677 0.0384615
37116 0.0384615
33397 0.0384615
26028 0.0384615
9722 0.0384615
37369 0.037037
35308 0.037037
22421 0.037037
20751 0.037037
13696 0.037037
13098 0.037037
11403 0.037037
26666 0.0322581
24254 0.0322581
23904 0.0322581
14470 0.0322581
9682 0.0322581
990 0.0322581
38564 0.0294118
36420 0.0294118
22293 0.0294118
17187 0.0294118
14484 0.0294118
13592 0.0294118
8447 0.0294118
3249 0.0294118
1161 0.0294118
40673 0.027027
31060 0.027027
28298 0.027027
12678 0.027027
7426 0.027027
262 0.027027
40566 0.0185185
40134 0.0185185
40058 0.0185185
31984 0.0185185
31095 0.0185185
30433 0.0185185
24098 0.0185185
23740 0.0185185
20713 0.0185185
19833 0.0185185
18406 0.0185185
12045 0.0185185
11472 0.0185185
8020 0.0185185
7287 0.0185185
6832 0.0185185
6223 0.0185185
4578 0.0185185
4402 0.0185185
2876 0.0185185
1649 0.0185185
1015 0.0185185
40980 0
40979 0
40978 0
40977 0
40975 0
40974 0
40973 0
40972 0
40971 0
40970 0
40969 0
40968 0
40967 0
40966 0
40965 0
40964 0
40963 0
40962 0
40961 0
40960 0
40959 0
40958 0
40957 0
40956 0
40955 0
40954 0
40953 0
40952 0
40951 0
40950 0
40949 0
40948 0
40947 0
40946 0
40945 0
40944 0
40943 0
40942 0
40941 0
40940 0
40939 0
40938 0
40937 0
40936 0
40935 0
40934 0
40933 0
40932 0
40931 0
40930 0
40929 0
40928 0
40927 0
40926 0
40925 0
40924 0
40923 0
40922 0
40921 0
40920 0
40919 0
40918 0
40917 0
40916 0
40915 0
40914 0
40913 0
40912 0
40911 0
40910 0
40909 0
40908 0
40907 0
40906 0
40905 0
40904 0
40903 0
40902 0
40901 0
40900 0
40899 0
40898 0
40897 0
40896 0
40895 0
40894 0
40893 0
40892 0
40891 0
40890 0
40889 0
40888 0
40887 0
40886 0
40885 0
40884 0
40883 0
40882 0
40881 0
40880 0
40879 0
40878 0
40877 0
40876 0
40875 0
40874 0
40873 0
40872 0
40871 0
40870 0
40869 0
40868 0
40867 0
40866 0
40865 0
40864 0
40863 0
40862 0
40861 0
40860 0
40859 0
40858 0
40857 0
40856 0
40855 0
40854 0
40853 0
40852 0
40851 0
40850 0
40849 0
40848 0
40847 0
40846 0
40845 0
40844 0
40843 0
40842 0
40841 0
40840 0
40839 0
40838 0
40837 0
40836 0
40835 0
40834 0
40833 0
40832 0
40831 0
40830 0
40829 0
40828 0
40827 0
40826 0
40825 0
40824 0
40823 0
40822 0
40821 0
40820 0
40819 0
40818 0
40817 0
40816 0
40815 0
40814 0
40813 0
40812 0
40811 0
40810 0
40809 0
40808 0
40807 0
40806 0
40805 0
40804 0
40803 0
40802 0
40801 0
40800 0
40799 0
40798 0
40797 0
40796 0
40795 0
40794 0
40793 0
40792 0
40791 0
40790 0
40789 0
40788 0
40787 0
40786 0
40785 0
40784 0
40783 0
40782 0
40781 0
40780 0
40779 0
40778 0
40777 0
40776 0
40775 0
40774 0
40773 0
40772 0
40771 0
40770 0
40769 0
40768 0
40767 0
40766 0
40765 0
40764 0
40763 0
40762 0
40761 0
40760 0
40759 0
40758 0
40757 0
40756 0
40755 0
40754 0
40753 0
40752 0
40751 0
40750 0
40749 0
40748 0
40747 0
40746 0
40745 0
40744 0
40743 0
40742 0
40741 0
40740 0
40739 0
40738 0
