31301 10.5204
40829 7.66635
7708 7.33834
13410 6.52321
24237 3.87541
8263 3.86695
21983 3.51118
919 3.44285
25750 3.3643
25652 3.1637
11630 2.53655
10737 2.45296
36032 2.41917
33069 2.36121
52 2.26824
7691 2.20237
17634 2.04737
3600 1.89155
26892 1.85083
40706 1.79718
16622 1.6345
29997 1.61814
13540 1.59408
32885 1.53151
21113 1.43502
15637 1.40642
2289 1.39883
26159 1.301
40661 1.2845
10980 1.16916
2633 1.15119
23014 1.13855
4405 1.09318
13646 1.07453
36623 1.06756
34495 1.03092
10472 1.01841
16418 0.996839
26750 0.893752
40704 0.841739
13432 0.839303
21097 0.83431
26268 0.815811
2854 0.813617
19041 0.809756
6815 0.798365
18393 0.765139
13990 0.758135
3363 0.740185
2160 0.718758
28104 0.708578
27434 0.703985
17352 0.703566
27021 0.702362
2850 0.693758
2885 0.688745
6504 0.645357
13341 0.642157
3863 0.634053
16791 0.633844
37218 0.626402
33331 0.624992
23695 0.615855
30948 0.612967
22606 0.608974
2204 0.606935
23154 0.594723
9487 0.592587
26088 0.585624
23380 0.568591
33167 0.561322
9621 0.555128
16915 0.542477
22402 0.535868
186 0.533656
11615 0.522963
30320 0.515536
9561 0.503834
27886 0.501992
23843 0.497835
363 0.491268
8175 0.465406
10602 0.463209
37545 0.461773
3906 0.460036
10322 0.457742
17320 0.454791
37176 0.451066
39843 0.446772
31999 0.442857
12659 0.437576
16982 0.4375
5693 0.436016
38283 0.433766
27844 0.422222
26923 0.417348
16890 0.417296
24335 0.405847
15390 0.404307
30167 0.391428
23551 0.390482
5564 0.376923
30043 0.370846
32576 0.364647
25944 0.361406
29332 0.360009
7024 0.357755
4084 0.349738
27514 0.347662
33189 0.346601
10118 0.343306
27892 0.335339
30793 0.33355
29861 0.333333
8937 0.333333
27799 0.324459
14001 0.321652
36211 0.320658
8186 0.318925
22890 0.311168
7534 0.308773
33118 0.304563
4970 0.300727
18950 0.297619
34433 0.284766
33185 0.284766
27963 0.284766
17715 0.284766
1642 0.284766
14544 0.283098
19258 0.281592
22735 0.279852
15136 0.278627
25866 0.277446
14565 0.275095
18529 0.272865
30122 0.272727
20424 0.272727
5933 0.270394
128 0.266764
11506 0.26368
8538 0.26368
10457 0.257363
23696 0.257353
9665 0.257353
2647 0.257353
36746 0.256119
20727 0.25
38967 0.248413
4822 0.248413
23366 0.245256
8508 0.244325
18770 0.242544
21928 0.242131
14377 0.240664
27939 0.236718
8022 0.227406
21774 0.222656
17075 0.221504
31278 0.220216
11942 0.220216
34825 0.211742
39616 0.211726
29032 0.21164
40869 0.210947
39515 0.210691
6744 0.210256
8672 0.204004
31426 0.202564
18328 0.202315
2241 0.20108
40758 0.201074
21670 0.200544
24013 0.200053
4785 0.200053
39994 0.2
20736 0.2
18788 0.2
16823 0.197667
19099 0.196265
20886 0.194325
2659 0.19359
2867 0.193035
3928 0.19108
13731 0.191008
4928 0.189977
13640 0.189834
57 0.188479
39393 0.185501
36202 0.18486
4632 0.184414
22526 0.18397
25379 0.182738
27834 0.176395
6644 0.173388
27895 0.171212
15484 0.171212
17406 0.169713
37711 0.168934
40663 0.167949
2509 0.167949
22583 0.167487
1219 0.166984
36358 0.166667
11017 0.163761
20489 0.163663
1427 0.163663
21722 0.163592
17312 0.163095
6609 0.162852
33383 0.162343
13334 0.159678
18274 0.158236
5663 0.158236
5153 0.158236
5205 0.155724
28917 0.155656
26428 0.152456
26400 0.150483
17515 0.150483
23317 0.149939
22227 0.149909
22594 0.148893
35035 0.145951
16425 0.145951
8822 0.1458
12518 0.144858
9831 0.144675
6258 0.144585
2237 0.143439
27075 0.143088
20273 0.143088
16944 0.142857
7181 0.142857
6173 0.142857
4070 0.142857
6414 0.14181
25118 0.140926
15320 0.138908
2387 0.13887
37637 0.13577
9718 0.13577
21816 0.133306
34936 0.131998
32806 0.131998
1587 0.131568
17272 0.130837
27759 0.129742
10073 0.127486
35472 0.127075
28305 0.127075
26978 0.127075
24825 0.125
8488 0.125
33708 0.124368
31061 0.124368
29087 0.121571
33078 0.119968
11108 0.119968
38662 0.119807
5175 0.119247
25817 0.118919
13596 0.117416
827 0.117416
30494 0.116012
13795 0.115242
34664 0.112121
17999 0.112121
16047 0.112121
24475 0.111763
6096 0.111763
4538 0.111424
35048 0.111111
19380 0.111111
14584 0.111111
5433 0.111111
3648 0.110516
19767 0.110175
31986 0.109772
1027 0.109556
30462 0.108924
38970 0.107426
25337 0.107426
10581 0.107426
25832 0.106421
20774 0.106421
40017 0.105303
3025 0.103243
13043 0.102855
38683 0.1
32090 0.1
26374 0.1
26333 0.1
19881 0.1
18777 0.1
11859 0.1
979 0.1
17189 0.0982587
24780 0.0958033
23306 0.0958033
40866 0.0955995
37402 0.0955995
34768 0.0955958
11509 0.0954264
29015 0.0939161
29331 0.0934141
13562 0.0934141
35063 0.0909091
33490 0.0909091
32219 0.0909091
15603 0.0909091
13344 0.0909091
13187 0.0909091
10760 0.0909091
7894 0.0909091
3369 0.0908119
39582 0.0906747
24382 0.0906747
21439 0.089737
1897 0.0892818
774 0.0889983
22478 0.0885872
35361 0.0877368
34357 0.0870429
33725 0.0857171
18056 0.0857171
8076 0.0857171
6823 0.0856514
31223 0.0833333
16233 0.0833333
14264 0.0833333
8834 0.0833333
20068 0.0831408
10009 0.0831408
3949 0.0831408
187 0.0815536
3418 0.0801515
7726 0.0796624
9846 0.0791658
23013 0.0781865
32975 0.077855
28444 0.077855
29962 0.0776768
9937 0.0776768
15384 0.0772986
1722 0.0772986
37509 0.0769231
36962 0.0769231
36168 0.0769231
31041 0.0769231
30829 0.0769231
20458 0.0769231
16614 0.0769231
14511 0.0769231
13842 0.0769231
12149 0.0769231
11984 0.0769231
5110 0.0769231
5088 0.0769231
4290 0.0769231
18348 0.076619
37940 0.0764743
37340 0.0714286
36457 0.0714286
34845 0.0714286
33804 0.0714286
28380 0.0714286
26908 0.0714286
24239 0.0714286
24174 0.0714286
23432 0.0714286
22711 0.0714286
21641 0.0714286
15225 0.0714286
14138 0.0714286
11968 0.0714286
3936 0.0714286
830 0.0714286
26243 0.0691101
30214 0.0685802
11462 0.0676768
19055 0.0667677
35734 0.0666667
32620 0.0666667
22557 0.0666667
20229 0.0654185
10731 0.0654185
8867 0.0654185
14847 0.0652597
2249 0.0652597
34908 0.0626471
26401 0.0626471
35353 0.0625
18579 0.0625
4886 0.0625
6436 0.0600512
28722 0.0588235
26442 0.0588235
23211 0.0588235
20129 0.0588235
18616 0.0588235
18324 0.0588235
13761 0.0588235
7339 0.0588235
3434 0.0588235
1204 0.0588235
936 0.0588235
26436 0.0581389
20407 0.0580801
205 0.0574162
22046 0.0564633
19589 0.0559663
40316 0.0555556
26664 0.0555556
14007 0.0555556
12384 0.0555556
20914 0.0547906
11740 0.0547906
5738 0.0547906
4295 0.0547906
27915 0.0545983
9946 0.0545983
8314 0.0545694
40903 0.0545542
29214 0.0536325
21736 0.0536325
34126 0.053273
14466 0.0531698
12709 0.0531698
20966 0.0526316
5846 0.0526316
33161 0.0506264
39962 0.05
28952 0.05
28424 0.05
21703 0.05
20684 0.05
16216 0.05
16018 0.05
15263 0.05
13029 0.05
9197 0.05
24079 0.0496781
38999 0.0490199
37935 0.0490199
36057 0.0490199
34640 0.0490199
34311 0.0490199
34167 0.0490199
31509 0.0490199
22879 0.0490199
21911 0.0490199
10427 0.0490199
6894 0.0490199
2840 0.0490199
2320 0.0490199
40573 0.0489668
21989 0.0489338
8267 0.0489338
10880 0.0487397
14942 0.0485131
17599 0.0477221
32939 0.0476532
37048 0.047619
10844 0.0471164
24818 0.046592
23283 0.046592
35592 0.0455806
25980 0.0455806
2958 0.0455806
30611 0.0454545
29077 0.0454545
15515 0.0454545
15416 0.0454545
26361 0.0452864
11836 0.0448399
5920 0.0448399
3494 0.0448399
4507 0.0444577
40022 0.0435911
39163 0.0435911
36199 0.0435911
34329 0.0435911
27627 0.0435911
24684 0.0435911
21077 0.0435911
18336 0.0435911
16026 0.0435911
9593 0.0435911
2640 0.0435911
1681 0.0435911
22228 0.0434767
40915 0.0416667
40825 0.0416667
39459 0.0416667
37233 0.0416667
35439 0.0416667
34228 0.0416667
33507 0.0416667
31286 0.0416667
