23843 18.9879
29401 17.1465
17131 9.83553
18428 8.79801
23928 8.4145
39395 7.52723
29376 6.17263
6399 5.72862
3300 5.22414
25583 4.80296
40882 4.25428
16090 4.25149
13309 3.86737
37720 3.74878
10061 3.62097
24670 3.4943
33901 3.47217
10689 3.33739
34312 3.32666
9320 3.1503
24754 3.07307
27779 3.0193
20250 3.00699
7846 2.95927
25885 2.81833
14398 2.80043
40014 2.72619
5644 2.58277
16390 2.54279
12278 2.35663
17169 2.27047
72 2.20456
19820 2.16827
21288 2.09213
3920 1.86988
7811 1.76203
9615 1.75325
19032 1.71855
15372 1.69536
25016 1.63193
20345 1.60551
1643 1.59195
24302 1.5545
6049 1.52884
5067 1.51122
12527 1.4909
9423 1.48877
23696 1.44822
38627 1.44364
27799 1.42367
31035 1.42222
8970 1.41771
27135 1.36009
7740 1.35523
2364 1.31111
5783 1.30836
37211 1.28313
14543 1.20452
12675 1.19286
18088 1.16567
14395 1.14841
37328 1.12518
21689 1.01912
40474 1.01091
18520 1.00873
4036 0.983333
26178 0.961204
29871 0.947748
39383 0.9327
28572 0.921068
16543 0.91978
8313 0.91978
20875 0.892458
32950 0.874619
26579 0.866667
9059 0.833333
35297 0.823611
16868 0.790957
4998 0.787897
11412 0.77143
22355 0.750595
21451 0.727038
24894 0.72619
1514 0.710433
35016 0.708333
20158 0.7
11150 0.7
19733 0.699895
6112 0.696512
35734 0.694439
25019 0.68254
10251 0.673665
21606 0.673449
8817 0.666667
33596 0.65
17711 0.625
25922 0.61116
21712 0.611111
3111 0.61074
24423 0.605978
24825 0.6
11650 0.592857
37776 0.583036
24715 0.575
10594 0.573599
35292 0.559524
39 0.555556
24821 0.522156
22537 0.516676
14142 0.516667
8088 0.508824
2885 0.508457
14096 0.503218
26174 0.5
16030 0.5
37576 0.4964
23024 0.489696
22104 0.479167
12208 0.478054
5024 0.477778
25535 0.476802
3200 0.472571
7929 0.466431
23552 0.458333
16933 0.457576
32870 0.455152
4870 0.453175
24459 0.444444
8707 0.43893
8533 0.438095
3721 0.435065
33401 0.423611
27245 0.422499
12749 0.420635
8847 0.417857
38812 0.411826
3138 0.411111
30724 0.408333
19385 0.403889
31153 0.403846
35697 0.4
7310 0.391667
15172 0.390909
29397 0.380556
30370 0.378788
18594 0.377778
26136 0.376166
39028 0.36859
7807 0.367936
7145 0.367936
26153 0.363711
40420 0.363636
13123 0.348214
8672 0.34478
16313 0.343837
18328 0.339286
23796 0.337554
40591 0.333333
34816 0.333333
32572 0.333333
31047 0.333333
26786 0.333333
24522 0.333333
20583 0.333333
19404 0.333333
16506 0.333333
16298 0.333333
14208 0.333333
4087 0.333333
1197 0.333333
684 0.333333
30860 0.332479
12893 0.330303
19755 0.329762
38055 0.329167
19097 0.327783
37506 0.323893
12733 0.320635
12013 0.307764
33301 0.30754
28922 0.304167
30294 0.300115
7316 0.295833
12652 0.294444
9334 0.29359
13000 0.293478
17295 0.2925
1773 0.291667
26930 0.2875
33135 0.283766
9543 0.274242
15276 0.25873
37027 0.257764
14138 0.257022
11122 0.256944
19237 0.25625
38048 0.251812
36985 0.25
32329 0.25
31553 0.25
28720 0.25
27190 0.25
23795 0.25
21898 0.25
21145 0.25
19140 0.25
15012 0.25
13848 0.25
10166 0.25
7436 0.25
6367 0.25
5778 0.25
515 0.25
432 0.25
26627 0.246465
6271 0.24359
28332 0.239716
23415 0.237302
32808 0.229167
13654 0.224206
7125 0.222337
28595 0.213131
33960 0.2125
28375 0.209181
8507 0.206443
35839 0.204701
17926 0.203268
34841 0.200397
39335 0.2
36596 0.2
35706 0.2
27766 0.2
25614 0.2
25139 0.2
20705 0.2
19826 0.2
18950 0.2
16233 0.2
14855 0.2
11239 0.2
7441 0.2
1720 0.2
36147 0.194298
31366 0.194298
7947 0.188743
32854 0.187741
31299 0.186508
6592 0.185997
33710 0.183333
27379 0.176923
6552 0.174603
38039 0.166667
23836 0.166667
18933 0.166667
6239 0.166667
4994 0.166667
2938 0.166667
987 0.166667
744 0.166667
23661 0.164753
8611 0.162338
36355 0.148925
20049 0.146429
14926 0.143369
40314 0.142857
37990 0.142857
37924 0.142857
33150 0.142857
30826 0.142857
19901 0.142857
19581 0.142857
12956 0.142857
12020 0.142857
8459 0.142857
4457 0.142857
36139 0.139881
32707 0.139881
19555 0.135951
39640 0.131464
32020 0.129194
11411 0.129194
40033 0.125
36451 0.125
35346 0.125
35278 0.125
32764 0.125
29373 0.125
24431 0.125
10299 0.125
9210 0.125
8569 0.125
6923 0.125
6010 0.125
10703 0.12197
39249 0.119841
22098 0.114922
30793 0.112843
29473 0.112843
40149 0.111111
40006 0.111111
37703 0.111111
37401 0.111111
28394 0.111111
20200 0.111111
17063 0.111111
15694 0.111111
14774 0.111111
10295 0.111111
22594 0.108401
36672 0.108333
12041 0.108333
39962 0.105793
33545 0.105793
29077 0.105793
22711 0.105793
17312 0.105793
7277 0.105793
37100 0.1
32631 0.1
29640 0.1
26448 0.1
20180 0.1
19470 0.1
7852 0.1
2547 0.1
265 0.1
24678 0.0955357
2675 0.0955357
33510 0.0936508
2674 0.0936508
22405 0.0913127
33371 0.0909091
33081 0.0909091
25737 0.0909091
24596 0.0909091
22066 0.0909091
19781 0.0909091
19217 0.0909091
18356 0.0909091
12974 0.0909091
5270 0.0909091
28350 0.090873
17041 0.090873
1008 0.090873
3852 0.0906013
32060 0.0833333
27912 0.0833333
21703 0.0833333
21023 0.0833333
20776 0.0833333
16633 0.0833333
3783 0.0833333
3265 0.0833333
3226 0.0833333
1112 0.0833333
40958 0.0769231
39998 0.0769231
34127 0.0769231
32165 0.0769231
31283 0.0769231
31256 0.0769231
24406 0.0769231
15528 0.0769231
13931 0.0769231
10086 0.0769231
37542 0.0714286
32004 0.0714286
31159 0.0714286
23675 0.0714286
20397 0.0714286
17265 0.0714286
15680 0.0714286
12983 0.0714286
10896 0.0714286
31240 0.0666667
31236 0.0666667
25330 0.0666667
12611 0.0666667
12230 0.0666667
11675 0.0666667
10184 0.0666667
9720 0.0666667
5003 0.0666667
40935 0.0625
37523 0.0625
36461 0.0625
32668 0.0625
32506 0.0625
26001 0.0625
23461 0.0625
23177 0.0625
21899 0.0625
18582 0.0625
8967 0.0625
40342 0.0588235
35715 0.0588235
21341 0.0588235
17210 0.0588235
4018 0.0588235
991 0.0588235
33267 0.0557955
38715 0.0555556
37656 0.0555556
29003 0.0555556
28500 0.0555556
28137 0.0555556
27482 0.0555556
21470 0.0555556
19182 0.0555556
17635 0.0555556
16683 0.0555556
16416 0.0555556
16301 0.0555556
15994 0.0555556
10237 0.0555556
6926 0.0555556
6635 0.0555556
6017 0.0555556
4669 0.0555556
3594 0.0555556
2293 0.0555556
1827 0.0555556
31916 0.0526316
20010 0.0526316
17994 0.0526316
8717 0.0526316
8712 0.0526316
1106 0.0526316
39995 0.05
37122 0.05
4689 0.05
40402 0.047619
32930 0.047619
32043 0.047619
20369 0.047619
16968 0.047619
16789 0.047619
2560 0.047619
1099 0.047619
39790 0.0454545
35601 0.0454545
33214 0.0454545
28274 0.0454545
14341 0.0454545
9818 0.0454545
651 0.0454545
225 0.0454545
27223 0.0434783
21000 0.0434783
13689 0.0434783
11764 0.0434783
37223 0.0416667
23078 0.0416667
15634 0.0416667
14529 0.0416667
6547 0.0416667
2496 0.0416667
18588 0.037037
7402 0.0357143
4912 0.0357143
30182 0.0333333
16831 0.0333333
946 0.0333333
25136 0.0322581
18490 0.0322581
17595 0.0322581
32241 0.03125
29778 0.03125
21193 0.03125
16504 0.03125
16076 0.03125
15665 0.03125
13916 0.03125
5294 0.03125
37441 0.030303
34702 0.030303
32243 0.030303
31352 0.030303
30561 0.030303
29602 0.030303
29464 0.030303
28635 0.030303
26137 0.030303
25799 0.030303
25524 0.030303
25337 0.030303
24663 0.030303
17277 0.030303
16047 0.030303
15225 0.030303
12845 0.030303
11986 0.030303
11331 0.030303
8990 0.030303
7889 0.030303
40094 0.0277778
34952 0.0277778
33233 0.0277778
25188 0.0277778
20459 0.0277778
