27799 47.521
13654 44.5748
12569 25.8347
22368 22.2657
19967 16.1805
35346 15.6943
24239 15.2687
22530 14.0085
26312 13.6072
36313 13.5951
35766 13.3499
36400 12.4383
16745 12.3879
35734 11.4745
35317 10.1057
16806 9.19475
37955 8.40063
5778 8.12518
16298 7.12081
11393 6.96026
22184 6.62505
4189 6.61421
2885 6.05142
39791 6.03522
40890 5.85518
16222 5.8067
27989 5.7055
432 5.47811
13916 5.28119
37496 5.26833
14138 5.14418
23843 5.10467
26786 5.09818
21323 4.86338
34123 4.85398
26095 4.82102
2786 4.80168
24678 4.75154
19712 4.6903
30676 4.54152
19032 4.4409
37546 4.43518
11080 4.41609
38583 4.36891
6041 4.31393
18291 4.304
32708 4.18402
3002 3.98877
39947 3.98341
24902 3.95072
22711 3.93902
18329 3.90142
30897 3.89765
22405 3.85907
11789 3.82585
18520 3.75018
830 3.67099
110 3.63037
37342 3.60477
1332 3.53871
4934 3.53849
3940 3.49299
2781 3.41872
9196 3.41548
7145 3.39372
28094 3.2864
16504 3.18038
30847 3.15623
1610 3.14896
36952 3.12708
7807 3.08087
15225 3.01965
38856 2.93231
12522 2.90529
21189 2.85836
6067 2.81119
6105 2.78275
32620 2.73196
2484 2.71995
21186 2.71769
8224 2.67919
11488 2.679
27863 2.65436
3852 2.61067
27926 2.60025
36918 2.59937
4150 2.58923
8035 2.57435
31450 2.56216
22088 2.56153
21703 2.55244
6140 2.52994
21813 2.45263
11626 2.43646
6592 2.36857
19277 2.31659
27740 2.29425
17312 2.23327
2631 2.22646
1965 2.22279
13628 2.21608
16723 2.21042
32611 2.18148
3099 2.12388
37233 2.12015
21889 2.1128
20928 2.10997
8342 2.09018
26769 2.01698
24596 2.01387
26181 2.01364
25826 1.99739
29902 1.98275
23468 1.96381
8969 1.9316
15276 1.92031
33633 1.90649
3356 1.85186
15665 1.81568
30419 1.81476
16620 1.8044
16076 1.80343
40525 1.80181
550 1.77403
17154 1.75987
25505 1.75114
13234 1.74087
3068 1.71963
33391 1.71733
2027 1.7136
2877 1.68406
2899 1.67433
34579 1.66339
34768 1.66248
25659 1.64106
22456 1.63889
27190 1.63255
35014 1.63039
35525 1.61928
26476 1.61822
31582 1.61155
40597 1.59887
39177 1.58771
15562 1.57978
17137 1.57392
3718 1.57187
28855 1.55519
16283 1.53414
4058 1.53151
38215 1.51751
19580 1.4919
1131 1.47314
19517 1.47194
31553 1.46805
9553 1.45847
39962 1.45785
14934 1.44476
18340 1.41641
34043 1.41079
39158 1.40142
25651 1.38034
4112 1.36739
31947 1.34299
14858 1.33395
33617 1.33041
33569 1.3248
25360 1.32165
35463 1.31236
5875 1.3085
37374 1.30661
13507 1.29552
22404 1.2893
39245 1.27459
33267 1.27366
27208 1.26809
30216 1.26465
33046 1.25
32544 1.24161
15669 1.23485
30417 1.2347
30883 1.22547
25065 1.20714
306 1.20192
10210 1.20054
2869 1.18545
25765 1.17455
24137 1.16704
30425 1.15299
1355 1.15013
31260 1.14991
7122 1.13947
30234 1.12673
39183 1.125
27161 1.11241
29875 1.11232
1659 1.10397
19774 1.10241
7099 1.09712
40314 1.09706
2069 1.08757
36615 1.0842
31228 1.07475
34999 1.07426
37502 1.07318
30793 1.05668
23585 1.04928
9180 1.04391
27349 1.03436
22057 1.03056
3854 1.0286
24591 1.02693
3295 1.0189
12525 1.01444
6518 1.00322
27796 0.996685
37672 0.990481
5660 0.98569
2951 0.979412
33518 0.969168
29634 0.957571
1 0.95017
22787 0.943606
9197 0.942554
1821 0.932984
38468 0.92462
21757 0.914074
24505 0.911306
7478 0.907937
12110 0.905226
33545 0.905183
28756 0.900953
17132 0.900743
40749 0.900266
21000 0.897169
8237 0.896906
24400 0.893124
18356 0.888883
39155 0.888854
37027 0.886746
6654 0.886268
25334 0.8807
25362 0.87235
19313 0.86267
328 0.857067
34116 0.850207
27166 0.846344
12922 0.835263
37800 0.832521
22905 0.815085
29768 0.811845
40788 0.810714
29140 0.808041
14223 0.80674
7286 0.805863
23089 0.805561
9994 0.80506
34378 0.791241
6062 0.788542
25831 0.788102
13337 0.786906
38907 0.786858
17396 0.781605
21861 0.779986
26546 0.779596
21431 0.774186
5824 0.774073
35086 0.773802
35978 0.759323
33477 0.754167
37077 0.753785
40165 0.752185
12377 0.750041
9592 0.741492
12541 0.740649
612 0.736895
34565 0.736455
3229 0.735868
33922 0.733333
556 0.731934
15434 0.72781
26832 0.721691
18138 0.72135
350 0.720244
31589 0.718056
15416 0.716772
80 0.709751
19783 0.707906
14569 0.704797
6336 0.704286
4719 0.703041
37305 0.701389
10196 0.697161
38762 0.696337
28177 0.69527
6441 0.694444
35239 0.692783
16673 0.691811
23715 0.690476
32562 0.68504
30209 0.683543
40296 0.674242
21978 0.67307
12974 0.665966
33028 0.663849
14672 0.66291
22170 0.65761
32016 0.65739
20177 0.649972
25568 0.63934
29923 0.638047
18842 0.637648
21785 0.636378
18834 0.635784
20835 0.632592
36540 0.627361
18230 0.627244
32930 0.62674
27395 0.625043
16629 0.620331
37142 0.619726
21801 0.619453
27840 0.619298
24957 0.619058
13670 0.617057
20763 0.612135
4761 0.611158
4221 0.602735
5802 0.602681
31564 0.602415
5435 0.599235
26323 0.597382
8412 0.59682
10253 0.596599
40457 0.590909
15873 0.585692
11559 0.58176
35904 0.577632
8828 0.575448
11808 0.572847
1378 0.570707
26512 0.563815
16655 0.562198
11909 0.561516
3821 0.560472
40861 0.557332
30379 0.556861
6992 0.554208
11804 0.553114
24126 0.551183
31314 0.545614
17710 0.544894
20704 0.543478
26854 0.541967
32437 0.53869
12935 0.537048
18531 0.537014
10536 0.536874
21830 0.535852
18936 0.535714
38863 0.53556
8384 0.535221
4994 0.533746
39096 0.529971
37881 0.529355
17754 0.528822
33653 0.528409
2520 0.521429
8027 0.519982
21268 0.514652
29237 0.512204
13801 0.509611
39172 0.50888
33175 0.505051
3645 0.501945
11607 0.5
978 0.5
23240 0.496988
13669 0.495467
31140 0.491964
17393 0.491589
905 0.486455
911 0.48536
26069 0.484785
32536 0.484583
3541 0.481666
17943 0.481017
30876 0.480129
34740 0.478947
4872 0.475729
15913 0.475287
35220 0.474747
13129 0.473839
23439 0.471603
39960 0.47096
5144 0.470671
35122 0.470408
4076 0.469771
19647 0.469563
14534 0.467757
428 0.467144
17033 0.465971
22745 0.465909
38535 0.465435
22960 0.464959
11890 0.464286
37924 0.460863
13927 0.460145
32043 0.45958
512 0.458333
12451 0.457645
10916 0.456161
35008 0.452381
32886 0.452381
1410 0.451608
15212 0.448222
24041 0.443694
6319 0.443175
34664 0.438964
16047 0.438964
14768 0.438923
25227 0.438808
8615 0.438737
3877 0.438462
18555 0.433054
39507 0.43125
35825 0.429966
6166 0.429289
40204 0.429055
31027 0.424939
37494 0.424107
11410 0.422283
19591 0.420635
7937 0.419093
19327 0.413524
25176 0.411912
33452 0.411873
35609 0.40941
29946 0.408393
18017 0.405556
36643 0.404762
33067 0.404762
30275 0.402326
29211 0.400433
20569 0.400117
36673 0.39968
35538 0.397727
1346 0.396541
6906 0.395594
34923 0.394792
36661 0.39259
12893 0.391137
33256 0.391064
29077 0.391035
7852 0.390586
4023 0.390564
16058 0.387749
6807 0.386915
28995 0.386447
10988 0.385375
34835 0.383954
29030 0.383718
7592 0.38214
7921 0.37967
31352 0.378367
26477 0.370455
8896 0.368347
10923 0.366742
28611 0.366357
15054 0.364351
15916 0.362402
9309 0.361434
37719 0.361111
4848 0.359524
39001 0.358998
14936 0.358333
14546 0.357272
12090 0.356993
6033 0.356789
19952 0.355967
23432 0.355522
36528 0.354848
40100 0.354226
17100 0.354167
24055 0.353409
15576 0.352857
39383 0.352674
10900 0.352625
32324 0.346126
32838 0.345021
20250 0.34478
26693 0.34359
28106 0.339443
6924 0.339286
10 0.338764
14894 0.336259
36226 0.334106
30977 0.333766
34457 0.333333
34100 0.333333
28988 0.333333
