11314 3.05261
23896 2.30734
27376 1.77208
32933 1.64319
10523 1.50881
15432 1.44535
20008 1.34257
6347 1.34257
17083 1.14398
6625 0.942857
12894 0.866014
7054 0.82701
9170 0.708015
2859 0.7
8687 0.698925
18788 0.642142
815 0.614719
3325 0.597707
33616 0.565591
26272 0.558333
36645 0.545489
7729 0.535207
15592 0.508333
21537 0.492857
18253 0.483766
58 0.463616
16410 0.418223
35157 0.4
9940 0.4
8662 0.388596
13366 0.383929
32814 0.37865
25955 0.373167
2665 0.372024
27585 0.343901
37632 0.333333
27410 0.333333
23981 0.333333
17792 0.333333
8672 0.333333
35520 0.290909
37923 0.278571
3791 0.278409
877 0.278409
33760 0.277632
346 0.27381
30021 0.260145
18759 0.25
17930 0.25
15155 0.25
9275 0.25
18219 0.245489
4338 0.244481
30996 0.216071
14421 0.214719
12466 0.20989
13643 0.205263
31879 0.2
29379 0.2
27799 0.2
13080 0.2
11367 0.2
26310 0.171941
21134 0.171941
12115 0.171941
38917 0.166667
37212 0.166667
36734 0.166667
31508 0.166667
10096 0.166667
8504 0.166667
1371 0.166667
32155 0.164536
9442 0.164536
31915 0.143478
28203 0.143478
37275 0.142857
40469 0.125
21088 0.125
15963 0.125
3968 0.125
1082 0.125
37885 0.118568
31112 0.118568
23048 0.118568
22214 0.118568
20943 0.118568
19608 0.118568
16652 0.118568
12505 0.118568
27816 0.111111
39742 0.107937
32885 0.107937
22049 0.107937
12670 0.107937
37130 0.1
34847 0.1
33487 0.1
27262 0.1
24652 0.1
24036 0.1
21491 0.1
19674 0.1
19266 0.1
16781 0.1
12895 0.1
11260 0.1
9732 0.1
5886 0.1
31272 0.0909091
29802 0.0909091
28148 0.0909091
26792 0.0909091
26509 0.0909091
23801 0.0909091
21797 0.0909091
17042 0.0909091
14910 0.0909091
11659 0.0909091
10055 0.0909091
5457 0.0833333
38192 0.0714286
14437 0.0714286
6870 0.0714286
6314 0.0714286
36818 0.0625
31348 0.0625
26287 0.0625
20465 0.0625
18830 0.0625
16191 0.0625
13856 0.0625
10404 0.0625
8347 0.0625
14440 0.0555556
37254 0.0526316
29870 0.0526316
29595 0.0526316
29338 0.0526316
27247 0.0526316
27217 0.0526316
23621 0.0526316
22758 0.0526316
19410 0.0526316
19351 0.0526316
18547 0.0526316
18011 0.0526316
16161 0.0526316
14908 0.0526316
14257 0.0526316
12580 0.0526316
12106 0.0526316
7968 0.0526316
7958 0.0526316
5801 0.0526316
4645 0.0526316
4016 0.0526316
38085 0.05
34788 0.05
17738 0.05
15814 0.05
11044 0.05
10125 0.05
9311 0.05
6798 0.05
1761 0.05
36436 0.0434783
34799 0.0434783
32220 0.0434783
27815 0.0434783
2451 0.0434783
40027 0.0322581
39900 0.0322581
36128 0.0322581
27790 0.0322581
26339 0.0322581
19790 0.0322581
18787 0.0322581
18389 0.0322581
8934 0.0322581
8794 0.0322581
39614 0.0285714
36289 0.0285714
32112 0.0285714
26675 0.0285714
25584 0.0285714
4520 0.0285714
40101 0.0238095
39904 0.0238095
39675 0.0238095
36950 0.0238095
35971 0.0238095
34064 0.0238095
33019 0.0238095
31946 0.0238095
30442 0.0238095
25787 0.0238095
18034 0.0238095
14608 0.0238095
14276 0.0238095
11053 0.0238095
5871 0.0238095
2663 0.0238095
40980 0
40979 0
40978 0
40977 0
40976 0
40975 0
40974 0
40973 0
40972 0
40971 0
40970 0
40969 0
40968 0
40967 0
40966 0
40965 0
40964 0
40963 0
40962 0
40961 0
40960 0
40959 0
40958 0
40957 0
40956 0
40955 0
40954 0
40953 0
40952 0
40951 0
40950 0
40949 0
40948 0
40947 0
40946 0
40945 0
40944 0
40943 0
40942 0
40941 0
40940 0
40939 0
40938 0
40937 0
40936 0
40935 0
40934 0
40933 0
40932 0
40931 0
40930 0
40929 0
40928 0
40927 0
40926 0
40925 0
40924 0
40923 0
40922 0
40921 0
40920 0
40919 0
40918 0
40917 0
40916 0
40915 0
40914 0
40913 0
40912 0
40911 0
40910 0
40909 0
40908 0
40907 0
40906 0
40905 0
40904 0
40903 0
40902 0
40901 0
40900 0
40899 0
40898 0
40897 0
40896 0
40895 0
40894 0
40893 0
40892 0
40891 0
40890 0
40889 0
40888 0
40887 0
40886 0
40885 0
40884 0
40883 0
40882 0
40881 0
40880 0
40879 0
40878 0
40877 0
40876 0
40875 0
40874 0
40873 0
40872 0
40871 0
40870 0
40869 0
40868 0
40867 0
40866 0
40865 0
40864 0
40863 0
40862 0
40861 0
40860 0
40859 0
40858 0
40857 0
40856 0
40855 0
40854 0
40853 0
40852 0
40851 0
40850 0
40849 0
40848 0
40847 0
40846 0
40845 0
40844 0
40843 0
40842 0
40841 0
40840 0
40839 0
40838 0
40837 0
40836 0
40835 0
40834 0
40833 0
40832 0
40831 0
40830 0
40829 0
40828 0
40827 0
40826 0
40825 0
40824 0
40823 0
40822 0
40821 0
40820 0
40819 0
40818 0
40817 0
40816 0
40815 0
40814 0
40813 0
40812 0
40811 0
40810 0
40809 0
40808 0
40807 0
40806 0
40805 0
40804 0
40803 0
40802 0
40801 0
40800 0
40799 0
40798 0
40797 0
40796 0
40795 0
40794 0
40793 0
40792 0
40791 0
40790 0
40789 0
40788 0
40787 0
40786 0
40785 0
40784 0
40783 0
40782 0
40781 0
40780 0
40779 0
40778 0
40777 0
40776 0
40775 0
40774 0
40773 0
40772 0
40771 0
40770 0
40769 0
40768 0
40767 0
40766 0
40765 0
40764 0
40763 0
40762 0
40761 0
40760 0
40759 0
40758 0
40757 0
40756 0
40755 0
40754 0
40753 0
40752 0
40751 0
40750 0
40749 0
40748 0
40747 0
40746 0
40745 0
40744 0
40743 0
40742 0
40741 0
40740 0
40739 0
40738 0
40737 0
40736 0
40735 0
40734 0
40733 0
40732 0
40731 0
40730 0
40729 0
40728 0
40727 0
40726 0
40725 0
40724 0
40723 0
40722 0
40721 0
40720 0
40719 0
40718 0
40717 0
40716 0
40715 0
40714 0
40713 0
40712 0
40711 0
40710 0
40709 0
40708 0
40707 0
40706 0
40705 0
40704 0
40703 0
40702 0
40701 0
40700 0
40699 0
40698 0
40697 0
40696 0
40695 0
40694 0
40693 0
40692 0
40691 0
40690 0
40689 0
40688 0
40687 0
40686 0
40685 0
40684 0
