16652 20.5065
27816 17.8101
24367 15.9826
18830 13.4897
10404 12.8715
26310 12.6929
26272 11.9046
24815 9.89061
30996 9.80864
14440 8.81055
10096 8.0331
27790 7.74815
26779 7.24542
18034 6.89733
8672 6.24356
33501 5.33925
1887 4.96574
30874 4.9235
31272 4.81361
36693 4.5272
12115 4.30039
6700 4.19206
19001 4.14616
29889 4.0219
12174 2.92927
29795 2.77593
32323 2.73042
28148 2.47281
20465 2.37818
32135 2.26083
16191 2.17989
10357 2.04002
7968 2.01611
4845 1.90811
19266 1.70773
29870 1.63146
33487 1.56608
11300 1.50442
58 1.44469
12085 1.42451
17152 1.4052
4262 1.3809
12523 1.30187
4102 1.29802
26509 1.29404
35201 1.28048
31301 1.26688
19654 1.21737
12639 1.18882
7958 1.14561
11659 1.11163
8122 1.10364
14213 1.0606
3325 1.05512
40277 1.01114
21166 0.975283
30241 0.927948
11379 0.910667
19674 0.908872
26792 0.868399
40044 0.866123
16451 0.861869
35256 0.845321
25788 0.840547
28550 0.80011
4878 0.794445
4520 0.785281
237 0.77881
17042 0.758869
3193 0.756568
27247 0.713012
27378 0.703845
4117 0.694838
15544 0.671969
5801 0.666517
22594 0.642157
6881 0.63772
10005 0.634678
19272 0.629708
29684 0.599012
28019 0.599012
5776 0.581478
27656 0.578804
35940 0.560962
2138 0.558362
14257 0.547626
1527 0.544815
26818 0.541667
30531 0.537276
24147 0.530295
40269 0.517399
22758 0.514027
3942 0.504954
35670 0.498365
36805 0.474107
2430 0.46776
16161 0.466273
40862 0.46358
38902 0.447619
22030 0.44697
17103 0.445555
7717 0.440843
34694 0.440366
29906 0.431793
1697 0.42619
22377 0.415864
21144 0.415779
8203 0.395502
12841 0.392507
11862 0.383222
32621 0.364398
34125 0.362712
37709 0.344241
33805 0.340909
30369 0.339319
34870 0.333333
48 0.333333
32885 0.330409
14908 0.316485
22855 0.315727
13040 0.315476
20624 0.315128
36835 0.308687
5033 0.299786
26532 0.281181
26858 0.27619
37212 0.272024
12710 0.258825
39599 0.256519
3047 0.256519
17231 0.25463
2881 0.253655
2694 0.253424
17448 0.253121
23043 0.25
11142 0.25
20318 0.247193
8492 0.239707
32648 0.226018
38002 0.223925
31103 0.220412
9768 0.218565
31202 0.212276
22557 0.206818
21647 0.204463
33829 0.2
7795 0.2
33932 0.188706
27605 0.187455
5659 0.185714
33623 0.183027
15769 0.177361
19839 0.177083
1485 0.174242
31541 0.174063
27621 0.173985
36734 0.166667
30733 0.166667
29032 0.166667
37152 0.164318
3096 0.158092
29338 0.157303
30877 0.155971
30194 0.154697
22963 0.153472
7963 0.152874
5278 0.152305
34286 0.151472
21836 0.148746
6614 0.144534
7094 0.143452
39863 0.142857
21746 0.142857
12353 0.142857
18670 0.142575
9932 0.13805
25411 0.137697
35874 0.132999
38151 0.132529
31283 0.129919
40547 0.125479
18704 0.125479
36542 0.125
32857 0.125
23567 0.125
20926 0.125
16734 0.125
9371 0.125
9361 0.125
7910 0.125
2158 0.125
32757 0.123737
13122 0.121612
34836 0.119107
18328 0.116288
29802 0.113036
38051 0.111511
38537 0.111111
30141 0.111111
27799 0.111111
26011 0.111111
10655 0.111111
22690 0.110875
17602 0.108893
5116 0.108893
39904 0.107037
19692 0.103183
16107 0.103183
1617 0.103183
39157 0.1
33877 0.1
25862 0.1
8928 0.1
1198 0.1
11094 0.0982558
32185 0.0965909
42 0.0950656
36067 0.0909091
6644 0.0909091
5693 0.0909091
32245 0.0833333
23246 0.0833333
15976 0.079348
31306 0.0789272
8298 0.0789272
39340 0.077381
378 0.077381
9442 0.0769231
9170 0.0769231
16369 0.0768689
32236 0.0741259
15217 0.0741259
23095 0.074026
36395 0.0714286
33303 0.0714286
32547 0.0714286
29737 0.0714286
29136 0.0714286
24049 0.0714286
19360 0.0714286
11989 0.0714286
8865 0.0714286
6911 0.0714286
4814 0.0714286
1586 0.0714286
37683 0.0666667
30903 0.0666667
30122 0.0666667
29997 0.0666667
28089 0.0666667
23380 0.0666667
12349 0.0666667
6970 0.0666667
363 0.0666667
52 0.0666667
33760 0.0627142
33547 0.0625
18950 0.0625
35921 0.061861
21797 0.061861
37817 0.0588235
36963 0.0588235
34825 0.0588235
33362 0.0588235
24825 0.0588235
20487 0.0588235
19032 0.0588235
6262 0.0588235
5914 0.0588235
33385 0.0568723
26222 0.0555556
31380 0.0526316
16521 0.0526316
17199 0.0516424
20616 0.0509045
25574 0.05
25079 0.05
8109 0.05
36127 0.0490166
21291 0.0490166
10399 0.0490166
8705 0.0490166
28258 0.0478261
23404 0.047619
20280 0.047619
36060 0.046176
20581 0.046176
10495 0.046176
31250 0.0454545
26287 0.0454545
21172 0.0454545
4395 0.0454545
1508 0.0454545
25515 0.0434783
14277 0.0434783
2857 0.0434783
23994 0.04
18458 0.04
38307 0.0384615
26047 0.0384615
6176 0.0384615
27172 0.0357143
21597 0.0357143
15103 0.0357143
7525 0.0357143
2172 0.0357143
39985 0.0344828
40310 0.0333333
37874 0.0333333
31509 0.0333333
30303 0.0333333
21434 0.0333333
16967 0.0333333
10923 0.0333333
9665 0.0333333
2840 0.0333333
2647 0.0333333
1251 0.0333333
34903 0.0322581
30200 0.0322581
4338 0.0322581
33977 0.03125
32398 0.03125
31230 0.03125
27846 0.03125
16397 0.03125
7850 0.03125
6612 0.03125
479 0.03125
14367 0.030303
37887 0.0285714
31687 0.0285714
29110 0.0285714
25268 0.0285714
23657 0.0285714
15556 0.0285714
14402 0.0285714
11681 0.0285714
9248 0.0285714
6689 0.0285714
2553 0.0285714
36094 0.0277778
36413 0.027027
15155 0.027027
3520 0.027027
3968 0.025641
9537 0.0243902
2249 0.0243902
1969 0.0243902
36035 0.0232558
34406 0.0232558
25054 0.0232558
14267 0.0232558
13211 0.0232558
6314 0.0232558
35382 0.0227273
36093 0.0217391
27895 0.0217391
39872 0.0208333
39371 0.0208333
38237 0.0208333
38227 0.0208333
34980 0.0208333
34637 0.0208333
17684 0.0208333
12881 0.0208333
10257 0.0208333
8903 0.0208333
40092 0.0204082
33555 0.0204082
23426 0.0188679
10074 0.0188679
5601 0.0188679
3055 0.0188679
2913 0.0188679
1547 0.0188679
239 0.0188679
39695 0.0185185
37456 0.0185185
31348 0.0185185
29993 0.0185185
28526 0.0185185
13850 0.0185185
12824 0.0185185
7804 0.0185185
40785 0.0178571
36347 0.0178571
7071 0.0178571
16308 0.0175439
25270 0.0166667
8060 0.0166667
27886 0.015873
27757 0.015873
40017 0.0151515
36689 0.0151515
36523 0.0151515
33540 0.0151515
27547 0.0151515
23262 0.0151515
20129 0.0151515
19564 0.0151515
13422 0.0151515
12386 0.0151515
11625 0.0151515
10105 0.0151515
7894 0.0151515
7707 0.0151515
5879 0.0151515
18922 0.0144928
40980 0
40979 0
40978 0
40977 0
40976 0
40975 0
40974 0
40973 0
40972 0
40971 0
40970 0
40969 0
40968 0
40967 0
40966 0
40965 0
40964 0
40963 0
40962 0
40961 0
40960 0
40959 0
40958 0
40957 0
40956 0
40955 0
40954 0
40953 0
40952 0
40951 0
40950 0
40949 0
40948 0
40947 0
40946 0
40945 0
40944 0
40943 0
40942 0
40941 0
40940 0
40939 0
40938 0
40937 0
40936 0
40935 0
40934 0
40933 0
40932 0
40931 0
40930 0
40929 0
40928 0
40927 0
40926 0
40925 0
40924 0
40923 0
40922 0
40921 0
40920 0
40919 0
40918 0
40917 0
40916 0
40915 0
40914 0
40913 0
40912 0
40911 0
40910 0
40909 0
40908 0
40907 0
40906 0
40905 0
40904 0
40903 0
40902 0
40901 0
40900 0
40899 0
40898 0
40897 0
40896 0
40895 0
40894 0
40893 0
40892 0
40891 0
40890 0
