34488 3.99076
28776 2.80579
7570 2.05437
27636 1.88435
3012 1.30345
14163 1.23464
24005 1.19515
29438 0.933428
3578 0.905494
11938 0.766211
5798 0.745545
27767 0.712495
22887 0.677881
438 0.674346
20262 0.657738
22197 0.630952
14656 0.625016
11045 0.612181
19343 0.610256
1158 0.595724
38449 0.509899
1501 0.443478
37377 0.395599
11452 0.394489
5118 0.394489
14065 0.34632
33364 0.333333
35810 0.296037
23970 0.273002
34939 0.25
14251 0.241968
25071 0.217767
9464 0.217767
2470 0.208937
22254 0.20684
21015 0.20684
15250 0.20684
40418 0.205402
38875 0.205402
29883 0.205402
25405 0.200343
13802 0.2
7783 0.2
5438 0.2
37266 0.194638
18227 0.194638
17834 0.18991
29389 0.181548
21036 0.179654
6141 0.179654
39763 0.177266
13154 0.177266
1613 0.177266
39976 0.171454
36296 0.166667
31987 0.166667
15064 0.166667
12640 0.166667
22129 0.166447
34260 0.150104
29182 0.150104
26489 0.150104
17564 0.150104
9333 0.150104
30585 0.142857
3114 0.14114
30447 0.138462
23168 0.120483
22939 0.120483
14852 0.120483
11027 0.119621
10112 0.117331
27184 0.115454
32284 0.111111
27287 0.111111
28678 0.109065
16813 0.109065
13839 0.109065
2141 0.109065
34964 0.104058
33975 0.104058
31922 0.104058
26737 0.104058
40565 0.1
33431 0.0909091
24418 0.0909091
3516 0.089221
34630 0.0833333
30761 0.0833333
30699 0.0833333
22015 0.0833333
21716 0.0833333
14169 0.0833333
13687 0.0833333
12135 0.0833333
9376 0.0833333
3331 0.0833333
31215 0.0791455
17987 0.0791455
36839 0.0769231
26791 0.0769231
25201 0.0769231
28272 0.0764669
22523 0.0764669
19135 0.0764669
10454 0.0764669
32523 0.0714286
12736 0.0714286
26301 0.0666667
24359 0.0625
15119 0.0625
13594 0.0625
9960 0.0625
26631 0.047619
19319 0.047619
12950 0.047619
36910 0.0434783
23387 0.0434783
14464 0.0434783
8553 0.0434783
38454 0.0384615
36964 0.0384615
35318 0.0384615
33970 0.0384615
27851 0.0384615
22181 0.0384615
14866 0.0384615
13392 0.0384615
11286 0.0384615
4989 0.0384615
4879 0.0384615
3576 0.0384615
3063 0.0384615
641 0.0384615
36179 0.0369137
35687 0.0369137
35487 0.0369137
34319 0.0369137
33082 0.0369137
29416 0.0369137
25000 0.0369137
24869 0.0369137
24412 0.0369137
21704 0.0369137
19731 0.0369137
12024 0.0369137
7817 0.0369137
3396 0.0369137
552 0.0369137
33964 0.03125
29685 0.03125
12533 0.03125
9628 0.03125
6582 0.03125
3964 0.03125
35699 0.0294118
35545 0.0294118
32566 0.0294118
21608 0.0294118
21059 0.0294118
18901 0.0294118
16210 0.0294118
4964 0.0294118
1272 0.0294118
31120 0.0285714
30564 0.0285714
28894 0.0285714
25092 0.0285714
23948 0.0285714
23047 0.0285714
21278 0.0285714
8997 0.0285714
40624 0.0144928
40341 0.0144928
38381 0.0144928
37770 0.0144928
35023 0.0144928
34744 0.0144928
34651 0.0144928
31899 0.0144928
31527 0.0144928
30986 0.0144928
28556 0.0144928
28174 0.0144928
27305 0.0144928
27165 0.0144928
25977 0.0144928
20868 0.0144928
18272 0.0144928
17920 0.0144928
17483 0.0144928
15638 0.0144928
14515 0.0144928
12773 0.0144928
11311 0.0144928
8975 0.0144928
5643 0.0144928
4555 0.0144928
1855 0.0144928
40941 0.012987
39744 0.012987
39317 0.012987
37872 0.012987
35160 0.012987
34632 0.012987
34323 0.012987
30666 0.012987
30111 0.012987
29385 0.012987
29169 0.012987
27501 0.012987
26080 0.012987
24686 0.012987
24145 0.012987
23490 0.012987
19427 0.012987
18590 0.012987
17678 0.012987
17676 0.012987
17670 0.012987
16134 0.012987
15906 0.012987
12158 0.012987
11222 0.012987
10280 0.012987
9953 0.012987
8483 0.012987
6206 0.012987
3950 0.012987
40196 0.00943396
39628 0.00943396
36498 0.00943396
35878 0.00943396
35862 0.00943396
33419 0.00943396
31709 0.00943396
31637 0.00943396
31490 0.00943396
31015 0.00943396
30104 0.00943396
29178 0.00943396
27377 0.00943396
26865 0.00943396
25898 0.00943396
25608 0.00943396
24726 0.00943396
24630 0.00943396
24292 0.00943396
23199 0.00943396
22722 0.00943396
22375 0.00943396
21677 0.00943396
21220 0.00943396
20698 0.00943396
20275 0.00943396
20269 0.00943396
20218 0.00943396
18436 0.00943396
18061 0.00943396
17643 0.00943396
16392 0.00943396
16116 0.00943396
14885 0.00943396
14393 0.00943396
14179 0.00943396
14105 0.00943396
13277 0.00943396
12390 0.00943396
10904 0.00943396
10092 0.00943396
9921 0.00943396
9398 0.00943396
8951 0.00943396
6032 0.00943396
5760 0.00943396
727 0.00943396
588 0.00943396
544 0.00943396
228 0.00943396
40980 0
40979 0
40978 0
40977 0
40976 0
40975 0
40974 0
40973 0
40972 0
40971 0
40970 0
40969 0
40968 0
40967 0
40966 0
40965 0
40964 0
40963 0
40962 0
40961 0
40960 0
40959 0
40958 0
40957 0
40956 0
40955 0
40954 0
40953 0
40952 0
40951 0
40950 0
40949 0
40948 0
40947 0
40946 0
40945 0
40944 0
40943 0
40942 0
40940 0
40939 0
40938 0
40937 0
40936 0
40935 0
40934 0
40933 0
40932 0
40931 0
40930 0
40929 0
40928 0
40927 0
40926 0
40925 0
40924 0
40923 0
40922 0
40921 0
40920 0
40919 0
40918 0
40917 0
40916 0
40915 0
40914 0
40913 0
40912 0
40911 0
40910 0
40909 0
40908 0
40907 0
40906 0
40905 0
40904 0
40903 0
40902 0
40901 0
40900 0
40899 0
40898 0
40897 0
40896 0
40895 0
40894 0
40893 0
40892 0
40891 0
40890 0
40889 0
40888 0
40887 0
40886 0
40885 0
40884 0
40883 0
40882 0
40881 0
40880 0
40879 0
40878 0
40877 0
40876 0
40875 0
40874 0
40873 0
40872 0
40871 0
40870 0
40869 0
40868 0
40867 0
40866 0
40865 0
40864 0
40863 0
40862 0
40861 0
40860 0
40859 0
40858 0
40857 0
40856 0
40855 0
40854 0
40853 0
40852 0
40851 0
40850 0
40849 0
40848 0
40847 0
40846 0
40845 0
40844 0
40843 0
40842 0
40841 0
40840 0
40839 0
40838 0
40837 0
40836 0
40835 0
40834 0
40833 0
40832 0
40831 0
40830 0
40829 0
40828 0
40827 0
40826 0
40825 0
40824 0
40823 0
40822 0
40821 0
40820 0
40819 0
40818 0
40817 0
40816 0
40815 0
40814 0
40813 0
40812 0
40811 0
40810 0
40809 0
40808 0
40807 0
40806 0
40805 0
40804 0
40803 0
40802 0
40801 0
40800 0
40799 0
40798 0
40797 0
40796 0
40795 0
40794 0
40793 0
40792 0
40791 0
40790 0
40789 0
40788 0
40787 0
40786 0
40785 0
40784 0
40783 0
40782 0
40781 0
40780 0
40779 0
40778 0
40777 0
40776 0
40775 0
40774 0
40773 0
40772 0
40771 0
40770 0
40769 0
40768 0
40767 0
40766 0
40765 0
40764 0
40763 0
40762 0
40761 0
40760 0
40759 0
