20167 20.889
30668 5.51397
39379 4.37651
12327 4.00941
24374 3.74689
19032 3.59749
33478 2.11936
29609 2.06162
13346 1.93563
12560 1.84702
38742 1.79091
5694 1.78184
4216 1.54061
35146 1.5163
32488 1.39458
13654 1.22692
23445 1.18095
19723 1.09629
31301 1.06374
32979 1.05262
22359 0.991946
25111 0.986153
9499 0.963889
8672 0.937121
24272 0.888012
8001 0.875637
30685 0.855357
10923 0.843074
162 0.838528
13650 0.766667
5380 0.765085
3869 0.746988
22594 0.742373
18328 0.739206
35526 0.689423
20728 0.686601
1682 0.670208
15922 0.666667
11934 0.575
1955 0.563131
17982 0.561111
5214 0.559524
34167 0.541667
14791 0.53158
38430 0.517157
23088 0.502632
17312 0.501166
23696 0.5
11370 0.492857
5993 0.47619
9553 0.459524
28260 0.456667
24812 0.454116
3237 0.45
195 0.45
38364 0.444444
27926 0.440476
4872 0.440476
7432 0.429167
29001 0.425317
36433 0.406667
6184 0.403952
14989 0.401111
37563 0.4
6181 0.399741
38648 0.394444
15057 0.392857
8139 0.3875
22261 0.383135
20294 0.383135
17194 0.370635
20590 0.357545
6140 0.347619
29634 0.342857
13916 0.342857
432 0.342857
39933 0.333333
33852 0.333333
29708 0.333333
21889 0.333333
20928 0.333333
6236 0.333333
6964 0.329167
3993 0.329167
11 0.32549
36756 0.313131
32885 0.30609
23843 0.305357
5462 0.302413
19370 0.30202
14639 0.277632
7200 0.271429
35346 0.26978
30676 0.26978
34365 0.255556
39331 0.25
34835 0.25
33825 0.25
27644 0.25
24900 0.25
20517 0.25
16806 0.25
11157 0.25
2517 0.25
2484 0.25
29425 0.238095
23943 0.22549
19492 0.22549
13664 0.223266
15174 0.222222
39351 0.219298
36815 0.219298
31255 0.219298
27799 0.216667
2885 0.216667
37374 0.214286
31582 0.214286
39866 0.20609
32774 0.20609
10233 0.20609
18978 0.2
17134 0.2
3870 0.2
28971 0.198824
21577 0.198824
34678 0.192778
11575 0.186508
18524 0.184722
17687 0.175707
30584 0.173955
34576 0.168714
28310 0.168714
22065 0.168714
31894 0.166667
30054 0.166667
28967 0.166667
26761 0.166667
19945 0.166667
11357 0.166667
2592 0.166667
28281 0.16549
39558 0.163743
32333 0.163743
31486 0.163743
29459 0.163743
34251 0.161706
2022 0.155132
22906 0.146649
40928 0.145128
33314 0.145128
27766 0.142857
14967 0.142857
12569 0.142857
8224 0.142857
3936 0.142857
25286 0.125
20946 0.125
3895 0.125
1975 0.125
24554 0.111111
22792 0.111111
21178 0.111111
6262 0.111111
1414 0.111111
40494 0.1
38230 0.1
33789 0.1
33675 0.1
30302 0.1
29317 0.1
27373 0.1
26013 0.1
20078 0.1
19464 0.1
16695 0.1
16298 0.1
13574 0.1
10698 0.1
10210 0.1
8815 0.1
36952 0.0909091
35734 0.0909091
33267 0.0909091
31283 0.0909091
22711 0.0909091
8412 0.0909091
8246 0.0909091
32893 0.0833333
32065 0.0833333
25461 0.0833333
23548 0.0833333
16269 0.0833333
6608 0.0833333
39947 0.0769231
31518 0.0769231
27989 0.0769231
27149 0.0769231
15603 0.0769231
11080 0.0769231
110 0.0769231
40883 0.0714286
39800 0.0714286
17775 0.0714286
17752 0.0714286
40588 0.0666667
30793 0.0666667
28177 0.0666667
15276 0.0666667
12377 0.0666667
6592 0.0666667
36282 0.0625
19378 0.0625
18065 0.0625
2608 0.0625
2442 0.0625
652 0.0625
36843 0.0588235
33185 0.0588235
30357 0.0588235
21911 0.0588235
20628 0.0588235
20298 0.0588235
18813 0.0588235
17280 0.0588235
10026 0.0588235
9586 0.0588235
2331 0.0588235
2309 0.0588235
29854 0.0555556
23694 0.0555556
31315 0.0526316
15472 0.0526316
13716 0.0526316
9521 0.0526316
8232 0.0526316
1445 0.0526316
36673 0.05
18963 0.05
17035 0.05
14546 0.05
3852 0.05
39791 0.047619
38956 0.047619
35193 0.047619
32838 0.047619
26512 0.047619
23432 0.047619
18520 0.047619
15225 0.047619
13065 0.047619
11113 0.047619
36168 0.0454545
32732 0.0454545
32214 0.0454545
25337 0.0454545
25327 0.0454545
24414 0.0454545
11923 0.0454545
9561 0.0454545
5440 0.0454545
2604 0.0454545
2094 0.0454545
1313 0.0454545
753 0.0454545
12145 0.04
9045 0.04
35092 0.0384615
30906 0.0384615
28292 0.0384615
1401 0.0384615
855 0.0384615
40325 0.0277778
36901 0.0277778
32618 0.0277778
31218 0.0277778
31001 0.0277778
24453 0.0277778
18750 0.0277778
14799 0.0277778
9779 0.0277778
8905 0.0277778
5726 0.0277778
3955 0.0277778
3092 0.0277778
40980 0
40979 0
40978 0
40977 0
40976 0
40975 0
40974 0
40973 0
40972 0
40971 0
40970 0
40969 0
40968 0
40967 0
40966 0
40965 0
40964 0
40963 0
40962 0
40961 0
40960 0
40959 0
40958 0
40957 0
40956 0
40955 0
40954 0
40953 0
40952 0
40951 0
40950 0
40949 0
40948 0
40947 0
40946 0
40945 0
40944 0
40943 0
40942 0
40941 0
40940 0
40939 0
40938 0
40937 0
40936 0
40935 0
40934 0
40933 0
40932 0
40931 0
40930 0
40929 0
40927 0
40926 0
40925 0
40924 0
40923 0
40922 0
40921 0
40920 0
40919 0
40918 0
40917 0
40916 0
40915 0
40914 0
40913 0
40912 0
40911 0
40910 0
40909 0
40908 0
40907 0
40906 0
40905 0
40904 0
40903 0
40902 0
40901 0
40900 0
40899 0
40898 0
40897 0
40896 0
40895 0
40894 0
40893 0
40892 0
40891 0
40890 0
40889 0
40888 0
40887 0
40886 0
40885 0
40884 0
40882 0
40881 0
40880 0
40879 0
40878 0
40877 0
40876 0
40875 0
40874 0
40873 0
40872 0
40871 0
40870 0
40869 0
40868 0
40867 0
40866 0
40865 0
40864 0
40863 0
40862 0
40861 0
40860 0
40859 0
40858 0
40857 0
40856 0
40855 0
40854 0
40853 0
40852 0
40851 0
40850 0
40849 0
40848 0
40847 0
40846 0
40845 0
40844 0
40843 0
40842 0
40841 0
40840 0
40839 0
40838 0
40837 0
40836 0
40835 0
40834 0
40833 0
40832 0
40831 0
40830 0
40829 0
40828 0
40827 0
40826 0
40825 0
40824 0
40823 0
40822 0
40821 0
40820 0
40819 0
40818 0
40817 0
40816 0
40815 0
40814 0
40813 0
40812 0
40811 0
40810 0
40809 0
40808 0
40807 0
40806 0
40805 0
40804 0
40803 0
40802 0
40801 0
40800 0
40799 0
40798 0
40797 0
40796 0
40795 0
40794 0
40793 0
40792 0
40791 0
40790 0
40789 0
40788 0
40787 0
40786 0
40785 0
40784 0
40783 0
40782 0
40781 0
40780 0
40779 0
40778 0
40777 0
40776 0
40775 0
40774 0
40773 0
40772 0
40771 0
40770 0
40769 0
40768 0
40767 0
40766 0
40765 0
40764 0
40763 0
