23843 23.3929
29401 14.1193
28500 10.2708
21394 6.6637
18582 5.6167
19236 5.5115
4695 5.27162
37347 5.2542
8088 4.44332
20193 4.34722
15349 4.34343
35351 4.16922
21283 3.87937
10677 3.74268
26356 3.33976
34758 2.93266
13595 2.83531
36914 2.52887
32403 2.50981
23659 2.44863
37967 2.41804
40604 2.40664
32175 2.3485
16390 2.29506
13309 2.16199
5504 2.005
40732 1.975
19074 1.94941
37190 1.87516
25030 1.78888
327 1.76461
9904 1.61367
36477 1.56595
18428 1.56061
37819 1.51673
17810 1.51673
24432 1.51282
2885 1.50992
39028 1.49359
37064 1.49191
36725 1.49191
34537 1.49191
25507 1.49191
11591 1.49191
40882 1.45833
4528 1.45387
20250 1.43373
17639 1.39986
27925 1.36026
14796 1.35921
28395 1.32625
30612 1.32008
5271 1.31944
15067 1.29315
33885 1.24493
38180 1.22108
18088 1.21887
38841 1.20114
12292 1.18748
2649 1.18233
19966 1.17978
30802 1.17619
14082 1.17475
27135 1.154
40271 1.13116
11501 1.11075
10473 1.10333
36217 1.10111
31951 1.08693
12823 1.08122
9694 1.0687
40683 1.06116
33841 1.05812
6034 1.03429
14543 1.0092
39627 0.994683
39085 0.994683
23120 0.994683
15869 0.994683
10234 0.994683
4412 0.994683
39560 0.992483
35346 0.991813
19130 0.970362
37710 0.947472
3709 0.941228
24670 0.916667
25202 0.907388
4306 0.896307
34737 0.888177
19515 0.866667
22711 0.839829
39506 0.833333
23422 0.833333
4933 0.832555
31972 0.809524
18607 0.794548
19392 0.790905
31116 0.783333
17260 0.772157
30793 0.771418
4562 0.767555
29549 0.76202
40755 0.72619
27926 0.721969
3300 0.719805
31645 0.716013
24620 0.713524
10688 0.710831
16809 0.694444
27082 0.693055
843 0.692636
33633 0.688288
22026 0.68439
22066 0.680479
5706 0.680134
8595 0.678095
38979 0.676923
13125 0.676471
27970 0.666667
737 0.662421
18334 0.659174
9825 0.656369
663 0.654693
13654 0.649537
25058 0.648837
27928 0.648229
17470 0.646895
11482 0.645635
36649 0.642857
6112 0.628788
16047 0.627302
25638 0.616667
1608 0.616667
16718 0.614967
17541 0.61008
29756 0.593137
26849 0.584267
6785 0.583333
4155 0.576431
38245 0.569841
24403 0.559649
17131 0.559524
34438 0.553016
23110 0.553016
12041 0.540909
22594 0.527778
8130 0.527778
39228 0.526646
797 0.519973
19820 0.518939
29077 0.51576
21889 0.513592
20931 0.511718
20932 0.507576
24678 0.505545
14607 0.503968
15042 0.500765
3783 0.5
5818 0.487611
17685 0.481815
14891 0.480272
31387 0.47619
16233 0.475356
14053 0.469262
26189 0.467909
40326 0.459673
36372 0.458228
6756 0.45425
2484 0.447928
39640 0.444139
13819 0.444139
4861 0.442922
16590 0.436963
36816 0.433633
26567 0.433014
337 0.423377
35144 0.413543
22809 0.402853
5569 0.396119
4877 0.396119
28928 0.393575
13370 0.393575
9287 0.393575
1218 0.393575
22501 0.388424
27694 0.388312
12863 0.386601
4669 0.385965
23007 0.381784
30267 0.379894
804 0.373626
36918 0.366667
1514 0.365591
11715 0.363244
2675 0.356566
24840 0.350607
25906 0.350144
35974 0.349791
18221 0.34765
32289 0.34248
23459 0.340523
7489 0.337121
40389 0.333333
34016 0.333333
32313 0.333333
31684 0.333333
27166 0.333333
26856 0.333333
23042 0.333333
20049 0.333333
18371 0.333333
17105 0.333333
14767 0.333333
10184 0.333333
6592 0.333333
6319 0.333333
4123 0.333333
2397 0.333333
2990 0.328352
23003 0.32792
25016 0.326681
9876 0.324848
16638 0.323038
19253 0.322799
18520 0.320395
8652 0.320395
40318 0.317778
40716 0.317463
36229 0.313034
7878 0.309551
33874 0.30806
18228 0.307959
13576 0.304441
32252 0.296646
22020 0.288034
37444 0.287566
233 0.286178
39383 0.285052
32658 0.284834
35347 0.283894
23828 0.28338
6041 0.283333
18263 0.28306
1908 0.280011
15720 0.273969
39 0.27215
32051 0.270362
40363 0.269481
11315 0.266067
24239 0.264694
13732 0.264241
27531 0.256538
6862 0.256538
5867 0.256477
27482 0.254978
9558 0.254746
12983 0.251948
35564 0.25
34825 0.25
32933 0.25
31375 0.25
30209 0.25
28595 0.25
25200 0.25
24821 0.25
21733 0.25
19455 0.25
16723 0.25
16339 0.25
16236 0.25
16125 0.25
15800 0.25
10073 0.25
8684 0.25
5845 0.25
5815 0.25
4235 0.25
2269 0.25
1786 0.25
16817 0.25
22184 0.248811
6654 0.247232
31683 0.245606
32001 0.243182
25259 0.239464
12915 0.231885
18089 0.231313
16504 0.231072
37267 0.230559
8358 0.229993
1550 0.228788
39732 0.226136
33143 0.226113
29933 0.223457
40778 0.21976
12040 0.219038
3053 0.213585
15885 0.212346
28789 0.211495
11650 0.208855
17915 0.208118
36515 0.207303
36295 0.205017
21145 0.204256
25240 0.203255
17439 0.203255
28814 0.203042
3832 0.203042
33987 0.201704
37233 0.201149
35128 0.2
31256 0.2
26644 0.2
18593 0.2
15979 0.2
15592 0.2
13393 0.2
5685 0.2
1643 0.2
109 0.2
32817 0.198155
8668 0.198155
6281 0.198002
37219 0.19789
813 0.195679
21920 0.190909
9197 0.190238
6792 0.189459
15191 0.188636
28360 0.187871
32833 0.187516
27799 0.186111
15151 0.184493
30676 0.181743
11080 0.181743
6828 0.178675
1610 0.178073
19259 0.177782
9320 0.177532
35734 0.176604
6140 0.174329
37335 0.17307
26566 0.171447
15416 0.169594
40426 0.169154
20682 0.168193
35766 0.167816
21000 0.167816
34881 0.166667
30781 0.166667
25895 0.166667
25599 0.166667
21679 0.166667
19877 0.166667
17571 0.166667
15482 0.166667
12499 0.166667
7499 0.166667
7097 0.166667
5222 0.166667
4998 0.166667
199 0.166667
16313 0.164411
17035 0.164337
2869 0.164337
1073 0.163245
35063 0.162836
36588 0.16203
38969 0.161105
37462 0.161105
24457 0.161105
21776 0.161105
1799 0.161105
23775 0.159091
20705 0.159091
7093 0.159091
8381 0.153333
3265 0.150104
13853 0.147797
12835 0.146747
20721 0.144274
17106 0.144126
37204 0.142857
29723 0.142857
28094 0.142857
26241 0.142857
24395 0.142857
21712 0.142857
15767 0.142857
14579 0.142857
13314 0.142857
11667 0.142857
9649 0.142857
9210 0.142857
8498 0.142857
7932 0.142857
6549 0.142857
4297 0.142857
16539 0.1423
36804 0.141533
39620 0.140867
39541 0.139871
23512 0.138531
19150 0.136759
3603 0.136759
27597 0.134688
37758 0.133832
31227 0.13285
36947 0.132758
37806 0.132366
7125 0.131856
16859 0.130806
28307 0.127527
37672 0.127156
40000 0.126607
19214 0.125134
30377 0.125
13485 0.125
13413 0.125
8672 0.125
4298 0.125
29334 0.121945
15397 0.120672
17312 0.119996
19202 0.11853
10111 0.11752
4233 0.11731
819 0.116166
39962 0.115143
24957 0.114983
29043 0.114482
18463 0.113166
17286 0.112917
40041 0.111111
35022 0.111111
27540 0.111111
25299 0.111111
23779 0.111111
23693 0.111111
23031 0.111111
19428 0.111111
14772 0.111111
8469 0.111111
7150 0.111111
4829 0.111111
3901 0.111111
2896 0.111111
4472 0.109091
10831 0.108899
8829 0.108537
23964 0.108501
40094 0.107119
3852 0.104581
26137 0.104277
31291 0.10407
20172 0.102108
37027 0.102106
37743 0.101784
34309 0.101148
23439 0.100516
40848 0.1
39079 0.1
30411 0.1
26323 0.1
23696 0.1
21331 0.1
20345 0.1
19989 0.1
17145 0.1
15992 0.1
14489 0.1
14395 0.1
13685 0.1
11335 0.1
7990 0.1
5605 0.1
40420 0.0991369
34385 0.0991369
23928 0.0991369
31947 0.099093
1966 0.099093
10697 0.098885
2111 0.098885
23875 0.0981191
39294 0.0979832
36451 0.0971169
10942 0.0971169
30590 0.0961887
20610 0.0961887
36858 0.0956586
31674 0.0951872
30278 0.0949862
17153 0.0949862
11256 0.0949862
15363 0.0921002
4891 0.0920635
12652 0.0912723
30565 0.091125
37576 0.0909091
