17685 5.60759
39640 4.66153
15067 4.55651
27082 4.27785
37444 3.01242
12915 2.92798
40604 2.62973
23843 2.5509
40426 2.34687
32403 2.05468
737 2.05083
17260 2.02984
797 1.92537
6756 1.50691
9558 1.42114
1442 1.36203
38241 1.199
35551 1.17175
39361 1.11124
29695 1.08562
19392 1.07515
17915 0.983874
17106 0.964641
13819 0.960261
21032 0.940607
5867 0.910864
27666 0.895413
12652 0.852363
21145 0.848389
30612 0.728144
13193 0.725902
16706 0.724415
34238 0.712397
4867 0.712397
3436 0.712397
40000 0.690952
40326 0.641009
6792 0.633813
25893 0.60677
18088 0.602576
25920 0.598837
4562 0.59193
4471 0.555377
1908 0.548768
34150 0.544155
40882 0.542167
40125 0.533457
4998 0.530117
30783 0.524425
9876 0.520522
3832 0.520311
14401 0.51822
34737 0.513507
16301 0.510961
2029 0.500595
36217 0.495623
28500 0.491057
4306 0.488036
18800 0.485796
13604 0.484135
38672 0.473192
27926 0.46749
31291 0.466018
7150 0.448915
24239 0.434032
26366 0.427489
26306 0.417354
7322 0.411387
35346 0.398393
19766 0.395957
9381 0.393009
21853 0.38961
36477 0.388273
24678 0.384733
40590 0.382987
8381 0.376031
2885 0.372494
39383 0.372332
13608 0.367604
25037 0.350288
36952 0.344869
35734 0.344869
22711 0.331637
16539 0.324845
20401 0.323365
29334 0.321952
11293 0.319933
3920 0.314888
18089 0.307013
4190 0.299043
19515 0.294935
1514 0.294935
7422 0.293288
39791 0.291985
16933 0.285256
7125 0.283059
16390 0.281926
458 0.281921
20250 0.278144
28170 0.272786
17312 0.269308
16076 0.256941
28814 0.256754
36853 0.255688
36294 0.255688
9011 0.255688
31185 0.251774
24835 0.25
37806 0.246652
16723 0.243392
36471 0.241563
38758 0.239747
4891 0.238422
12040 0.237937
22440 0.233066
11932 0.233066
31301 0.231543
7876 0.229552
5352 0.227619
3083 0.2271
16638 0.225728
27054 0.22504
40716 0.224875
40778 0.220422
13309 0.220335
30793 0.21827
13411 0.214379
946 0.208927
3495 0.208851
6143 0.208255
39947 0.203876
30676 0.203876
27989 0.203876
11080 0.203876
22327 0.203546
3215 0.20345
13204 0.201143
6275 0.200983
36678 0.199457
29634 0.194364
36858 0.190411
34952 0.18949
15151 0.188055
4695 0.186884
36072 0.186509
32620 0.185689
25016 0.183446
11359 0.180313
30794 0.179225
1057 0.179157
170 0.178193
4233 0.177523
5176 0.177386
37967 0.174026
25638 0.17372
7225 0.171249
38848 0.170758
26504 0.170652
18411 0.168384
3709 0.167638
9694 0.165791
38015 0.165217
1098 0.163007
23225 0.162311
8452 0.161819
23993 0.161071
27135 0.16101
2484 0.16024
11131 0.158112
33987 0.156154
31897 0.154002
17785 0.151511
33582 0.149627
18463 0.149593
17470 0.149483
19032 0.148307
39536 0.147692
15225 0.147605
25207 0.146655
32870 0.144481
28375 0.144481
11715 0.144228
18221 0.144057
13654 0.143543
2869 0.143543
938 0.143543
35719 0.143063
22501 0.142456
31860 0.142007
9638 0.139795
761 0.139795
17154 0.13832
19580 0.13406
34610 0.133982
30914 0.133982
31778 0.133528
6369 0.133528
40271 0.130596
6424 0.12984
5721 0.12984
38040 0.129216
1441 0.129216
35185 0.12857
21978 0.12857
35723 0.128279
6239 0.128268
2194 0.12646
12569 0.126255
110 0.126255
35347 0.125
23696 0.125
17131 0.125
9037 0.125
10473 0.124837
25826 0.122926
39716 0.120473
14082 0.120473
8838 0.11791
5317 0.117839
23149 0.117265
36134 0.117158
37219 0.116024
33233 0.115625
39627 0.115347
39085 0.115347
38969 0.115347
37819 0.115347
37462 0.115347
37064 0.115347
36725 0.115347
34537 0.115347
34438 0.115347
31683 0.115347
28928 0.115347
25507 0.115347
25202 0.115347
24457 0.115347
23120 0.115347
23110 0.115347
23003 0.115347
21776 0.115347
17810 0.115347
15869 0.115347
14053 0.115347
13370 0.115347
11591 0.115347
10234 0.115347
9287 0.115347
4412 0.115347
1799 0.115347
1218 0.115347
11679 0.115045
16313 0.11196
40694 0.111111
23462 0.111111
9228 0.111111
5831 0.111111
3053 0.111111
17645 0.110541
26137 0.108691
15416 0.108691
9197 0.108691
5293 0.108691
30565 0.108332
10689 0.108173
16231 0.107115
21757 0.106587
6741 0.105166
17277 0.104033
14398 0.10372
25783 0.103254
21854 0.100171
4168 0.1
25542 0.0998061
27677 0.0952875
33885 0.0946618
19280 0.0942982
25374 0.0936517
19352 0.0930761
16047 0.0925228
23439 0.0912154
33065 0.0910097
30799 0.0909091
26070 0.0905111
34332 0.0904762
26409 0.0904762
29426 0.0881883
13942 0.0881883
10228 0.0881883
18582 0.0874446
29401 0.0840246
32652 0.0838443
25353 0.083799
14543 0.083799
33313 0.0837762
38956 0.0833333
28769 0.0833333
15055 0.0833333
13476 0.0833333
3769 0.0833333
25010 0.0785714
25065 0.077094
20007 0.077094
33163 0.0769231
25568 0.0769231
14934 0.0769231
13635 0.0769231
9453 0.0769231
6367 0.0769231
5279 0.0769231
10779 0.0762316
30183 0.0734877
39052 0.0714286
35114 0.0714286
22923 0.0714286
11667 0.0714286
9543 0.0714286
19150 0.0706564
33633 0.0688426
21283 0.0678544
8939 0.0678544
12464 0.0668333
33475 0.0664361
33831 0.0645348
40448 0.0640092
11074 0.0640092
21590 0.0632174
668 0.0630856
9737 0.0625
5739 0.0625
34758 0.0618458
35065 0.0609954
24505 0.0609954
23898 0.0609954
23565 0.0608161
37347 0.0607257
38909 0.0597017
7579 0.0597017
3501 0.0597017
6578 0.0593039
24785 0.0588235
23659 0.0588235
12953 0.0588235
12808 0.0588235
9636 0.0588235
9331 0.0588235
3852 0.0588235
2674 0.0588235
987 0.0588235
38378 0.0571906
40420 0.0571834
36540 0.0571834
6140 0.0571834
30915 0.0570184
15741 0.0570184
5864 0.0570184
39620 0.0565474
15477 0.05584
40960 0.0555556
38424 0.0555556
37702 0.0555556
36295 0.0555556
33841 0.0555556
14403 0.0555556
4618 0.0555403
39179 0.0546491
39732 0.0545455
37428 0.0544573
27841 0.0544573
21415 0.0544573
9281 0.0539989
18428 0.0537933
30621 0.0537766
19836 0.0530303
19820 0.0530303
19455 0.0530303
35236 0.0526316
31671 0.0526316
29826 0.0526316
21942 0.0526316
359 0.0526316
16099 0.0525902
26356 0.0518156
33381 0.0512419
39962 0.050118
21889 0.050118
25876 0.0500093
18520 0.05
13361 0.0498771
22184 0.0495882
16298 0.0495882
14546 0.0495882
8412 0.0495882
1610 0.0495882
556 0.0495882
15020 0.0495233
21394 0.0494492
12766 0.0493506
14080 0.048899
27597 0.0477892
19214 0.0477892
29043 0.047657
34825 0.047619
23720 0.047619
38010 0.0467938
32243 0.0467938
30782 0.0467938
29285 0.0467938
29077 0.0467938
233 0.0467938
1550 0.0467361
17035 0.0463669
37758 0.0455612
31387 0.0454545
13393 0.0452787
8684 0.0452787
33695 0.0452324
37027 0.045131
830 0.045131
19762 0.044756
14364 0.0435803
40691 0.0435786
39028 0.0434783
30264 0.0434783
29633 0.0434783
16667 0.0434783
13502 0.0434783
11236 0.0434783
7019 0.0434783
4487 0.0434783
36661 0.0433065
37270 0.0424508
3721 0.0424508
29237 0.0422074
17634 0.0417668
10737 0.0413203
818 0.0412182
2990 0.04
32887 0.0384615
29539 0.0384615
24346 0.0384615
19419 0.0384615
38535 0.0378847
25219 0.0378847
9239 0.0378847
40935 0.037037
40389 0.037037
36673 0.037037
29466 0.037037
27245 0.037037
16868 0.037037
2424 0.037037
399 0.037037
14772 0.0362693
2591 0.0361111
34155 0.0357143
12618 0.0357143
39894 0.0346223
36804 0.0346223
29551 0.0346223
23446 0.0346223
23218 0.0346223
16001 0.0346223
14133 0.0346223
10379 0.0346223
9553 0.0346223
7592 0.0346223
2154 0.0346223
37544 0.0333333
25624 0.0333333
8183 0.0333333
35525 0.032739
26084 0.032739
23174 0.032739
15873 0.032739
14768 0.032739
14589 0.032739
5719 0.032739
2069 0.032739
38819 0.0322581
37949 0.0322581
37267 0.0322581
31549 0.0322581
29811 0.0322581
21020 0.0322581
18334 0.0322581
13732 0.0322581
10618 0.0322581
9825 0.0322581
7639 0.0322581
5626 0.0322581
4748 0.0322581
40204 0.0311972
14138 0.0311972
11389 0.0311972
391 0.0311972
40094 0.030303
31674 0.030303
17083 0.030303
12427 0.030303
