31301 3.79179
10737 2.1264
27886 1.22637
27514 1.04002
21557 0.939057
37176 0.901061
7708 0.756419
14544 0.739666
26750 0.666878
17634 0.666878
28917 0.573357
4507 0.561286
24335 0.557297
24466 0.543327
21670 0.532053
40661 0.471206
8672 0.467857
9846 0.45238
10073 0.443018
26840 0.382479
18274 0.381312
26088 0.377818
2241 0.340749
29997 0.33339
37637 0.331383
9718 0.331383
13646 0.317169
3363 0.317169
6866 0.305929
52 0.299962
3648 0.293651
26808 0.289677
22228 0.266476
31200 0.264636
22402 0.254978
5663 0.252291
3600 0.243324
919 0.228785
40869 0.220551
40573 0.217896
28444 0.217896
26892 0.217896
23014 0.217896
5693 0.217896
36299 0.210535
7723 0.208333
12384 0.207796
20167 0.2
8532 0.196465
12063 0.179533
3906 0.169896
39318 0.166667
9378 0.166667
17352 0.16563
15637 0.16563
2838 0.163158
22583 0.160078
7691 0.160078
6096 0.160078
2289 0.160078
19295 0.159722
38662 0.158767
30683 0.156569
19041 0.155104
40829 0.14872
24382 0.148538
10731 0.146791
37987 0.142857
24780 0.142857
20418 0.142857
7488 0.142857
38184 0.142342
36895 0.142342
14511 0.142201
24441 0.141215
36623 0.141155
26923 0.134346
128 0.134346
28974 0.132206
7065 0.132206
21097 0.125579
29533 0.125
2249 0.125
22227 0.118491
33331 0.110356
20886 0.110356
10980 0.105568
29032 0.10503
2633 0.10503
38450 0.104251
10602 0.104251
5175 0.104251
16527 0.102083
35472 0.0983755
4405 0.0944309
39256 0.0924873
32529 0.0924873
13955 0.0924873
36032 0.0920335
33383 0.0920335
32735 0.0909091
3859 0.0909091
3322 0.0909091
17818 0.0889489
15352 0.0889489
6055 0.0869624
34673 0.0833333
29220 0.0833333
13323 0.0833333
4161 0.0833333
1975 0.0833333
36546 0.0769231
22125 0.0769231
33366 0.0714286
22724 0.0714286
37759 0.0666667
37553 0.0666667
36073 0.0666667
32675 0.0666667
29176 0.0666667
27364 0.0666667
26440 0.0666667
25944 0.0666667
16008 0.0666667
6719 0.0666667
1947 0.0666667
1480 0.0666667
12518 0.064233
7343 0.064233
26607 0.0634394
13432 0.0634394
37711 0.0625
34126 0.0625
29828 0.0625
29143 0.0625
27600 0.0625
12572 0.0625
30972 0.0613272
37940 0.0606725
25379 0.0606725
14942 0.0606725
34825 0.0606593
27425 0.0606593
11836 0.0606593
3494 0.0606593
4928 0.060307
1267 0.060307
33725 0.0588355
28305 0.0588355
27434 0.0588355
26978 0.0588355
23366 0.0588355
6815 0.0588355
57 0.0588355
31933 0.0588235
27288 0.0588235
25508 0.0588235
16018 0.0588235
33078 0.0578584
32885 0.0561581
27892 0.056135
23380 0.056135
6061 0.056135
23655 0.0555556
22783 0.0555556
20489 0.0555556
17189 0.0555556
16550 0.0555556
13003 0.0555556
21983 0.0517627
16118 0.0517627
10322 0.0517627
6436 0.0517627
4679 0.0517627
4632 0.0517627
1722 0.0517627
1091 0.0517627
34973 0.05
21399 0.047619
20979 0.047619
19176 0.047619
15280 0.047619
2227 0.047619
34121 0.0454545
29962 0.0454545
29651 0.0454545
21736 0.0454545
12969 0.0454545
9379 0.0454545
6616 0.0454545
3896 0.0454545
3856 0.0454545
205 0.0454545
37998 0.0434783
37508 0.0434783
24756 0.0434783
22594 0.0434783
19758 0.0434783
19148 0.0434783
19032 0.0434783
15506 0.0434783
3880 0.0434783
7037 0.04
40758 0.0345519
27915 0.0345519
18770 0.0345519
14603 0.0345519
10880 0.0345519
33189 0.0308626
31986 0.0308626
27939 0.0308626
26159 0.0308626
14466 0.0308626
6644 0.0308626
2256 0.0308626
40912 0.0285714
34834 0.0285714
24316 0.0285714
13990 0.0285714
11108 0.0285714
39393 0.0277778
36710 0.0277778
34223 0.0277778
31839 0.0277778
27673 0.0277778
20449 0.0277778
5368 0.0277778
3075 0.0277778
40022 0.0276361
34329 0.0276361
33282 0.0276361
33167 0.0276361
32862 0.0276361
30380 0.0276361
28245 0.0276361
21928 0.0276361
18044 0.0276361
15189 0.0276361
8022 0.0276361
3245 0.0276361
2640 0.0276361
31426 0.0263158
30122 0.0263158
27512 0.0263158
24013 0.0263158
15545 0.0263158
11462 0.0263158
10423 0.0263158
9383 0.0263158
9362 0.0263158
8961 0.0263158
5691 0.0263158
3615 0.0263158
3158 0.0263158
40706 0.0246204
39843 0.0246204
36746 0.0246204
33069 0.0246204
32939 0.0246204
29087 0.0246204
27834 0.0246204
26436 0.0246204
25811 0.0246204
25750 0.0246204
24475 0.0246204
18056 0.0246204
16915 0.0246204
15390 0.0246204
15320 0.0246204
14677 0.0246204
14377 0.0246204
10844 0.0246204
10457 0.0246204
9487 0.0246204
8263 0.0246204
8076 0.0246204
5933 0.0246204
4084 0.0246204
2204 0.0246204
1897 0.0246204
40078 0.0208333
28904 0.0208333
25846 0.0208333
18593 0.0208333
18011 0.0208333
17248 0.0208333
17238 0.0208333
16895 0.0208333
14076 0.0208333
8036 0.0208333
6528 0.0208333
3936 0.0208333
2455 0.0208333
34495 0.0188679
25220 0.0188679
23877 0.0188679
23193 0.0188679
22502 0.0188679
16422 0.0188679
10131 0.0188679
4375 0.0188679
3358 0.0188679
39616 0.016129
39495 0.016129
37830 0.016129
37619 0.016129
36051 0.016129
35985 0.016129
31561 0.016129
30993 0.016129
30632 0.016129
30336 0.016129
29741 0.016129
29629 0.016129
27646 0.016129
27120 0.016129
26964 0.016129
26789 0.016129
26552 0.016129
26400 0.016129
25725 0.016129
22990 0.016129
22557 0.016129
22465 0.016129
19951 0.016129
16853 0.016129
15603 0.016129
13881 0.016129
13631 0.016129
10117 0.016129
10057 0.016129
10044 0.016129
9413 0.016129
8186 0.016129
7894 0.016129
6366 0.016129
2775 0.016129
1427 0.016129
39582 0.0131579
39171 0.0131579
35096 0.0131579
34768 0.0131579
33411 0.0131579
29474 0.0131579
28038 0.0131579
26361 0.0131579
24174 0.0131579
22606 0.0131579
19589 0.0131579
19243 0.0131579
18890 0.0131579
18804 0.0131579
17999 0.0131579
15400 0.0131579
14001 0.0131579
11958 0.0131579
11338 0.0131579
10923 0.0131579
38684 0.0120482
38073 0.0120482
37396 0.0120482
30948 0.0120482
30269 0.0120482
26963 0.0120482
25837 0.0120482
22897 0.0120482
22054 0.0120482
20458 0.0120482
17293 0.0120482
17090 0.0120482
13935 0.0120482
13588 0.0120482
11615 0.0120482
11535 0.0120482
9875 0.0120482
8579 0.0120482
8238 0.0120482
6609 0.0120482
5564 0.0120482
4432 0.0120482
2509 0.0120482
2387 0.0120482
2237 0.0120482
39515 0.00934579
37218 0.00934579
36996 0.00934579
31448 0.00934579
30320 0.00934579
30167 0.00934579
30043 0.00934579
29331 0.00934579
27075 0.00934579
26243 0.00934579
24237 0.00934579
23317 0.00934579
22046 0.00934579
20273 0.00934579
19099 0.00934579
17272 0.00934579
16823 0.00934579
13562 0.00934579
11509 0.00934579
9966 0.00934579
9946 0.00934579
9561 0.00934579
8314 0.00934579
8175 0.00934579
8163 0.00934579
7942 0.00934579
7647 0.00934579
6258 0.00934579
5741 0.00934579
1587 0.00934579
40181 0.00900901
37345 0.00900901
33708 0.00900901
33118 0.00900901
32593 0.00900901
31975 0.00900901
29214 0.00900901
28812 0.00900901
27623 0.00900901
26160 0.00900901
25980 0.00900901
24487 0.00900901
23765 0.00900901
22435 0.00900901
20035 0.00900901
19767 0.00900901
19119 0.00900901
18328 0.00900901
15891 0.00900901
15201 0.00900901
15187 0.00900901
13029 0.00900901
12868 0.00900901
12444 0.00900901
12346 0.00900901
11803 0.00900901
8521 0.00900901
6585 0.00900901
5373 0.00900901
5303 0.00900901
4408 0.00900901
3369 0.00900901
3079 0.00900901
2958 0.00900901
2867 0.00900901
606 0.00900901
40704 0.00869565
38562 0.00869565
37797 0.00869565
36211 0.00869565
34108 0.00869565
32975 0.00869565
28104 0.00869565
25652 0.00869565
24819 0.00869565
23695 0.00869565
23154 0.00869565
21722 0.00869565
20229 0.00869565
16622 0.00869565
16182 0.00869565
14565 0.00869565
13007 0.00869565
12709 0.00869565
9198 0.00869565
8867 0.00869565
7534 0.00869565
5153 0.00869565
3447 0.00869565
3025 0.00869565
186 0.00869565
40274 0.00657895
39374 0.00657895
39163 0.00657895
36523 0.00657895
36199 0.00657895
35578 0.00657895
34936 0.00657895
34460 0.00657895
34450 0.00657895
32806 0.00657895
30214 0.00657895
30037 0.00657895
27627 0.00657895
27021 0.00657895
26268 0.00657895
25902 0.00657895
24684 0.00657895
23551 0.00657895
21228 0.00657895
21113 0.00657895
21077 0.00657895
20994 0.00657895
20242 0.00657895
20075 0.00657895
19199 0.00657895
18529 0.00657895
