24414 6.81959
27799 6.43555
15400 6.23397
9665 5.01193
23696 4.89402
21911 4.72037
9561 2.83773
31509 2.21223
878 1.98377
34167 1.73463
2840 1.46235
1017 1.30498
8672 1.2819
25337 1.27008
40883 1.2
10923 1.17165
10581 1.15202
2647 1.13488
28883 1.12165
17312 1.11071
6730 0.979899
34433 0.916667
40122 0.916667
36400 0.84984
37935 0.793669
13113 0.733333
7162 0.697917
11268 0.680943
20273 0.645308
743 0.587302
33185 0.5671
27819 0.5671
38970 0.498086
18747 0.49
1642 0.47619
36952 0.467857
17715 0.459524
23843 0.457576
31301 0.41978
2885 0.41978
32885 0.405556
4692 0.405357
39717 0.380909
10294 0.380909
30053 0.357955
25490 0.352632
15457 0.345455
37805 0.333333
34413 0.333333
27945 0.333333
24825 0.333333
16947 0.333333
15723 0.333333
13315 0.333333
11891 0.333333
8186 0.333333
7196 0.333333
181 0.333333
5778 0.322917
1410 0.322917
24017 0.310207
15411 0.30303
14512 0.297576
6255 0.281566
17733 0.254978
35734 0.25
34802 0.25
32071 0.25
30588 0.25
20892 0.25
19514 0.25
19467 0.25
19233 0.25
18950 0.25
15599 0.25
14150 0.25
12528 0.25
11011 0.25
9432 0.25
7431 0.25
4998 0.25
1794 0.25
15294 0.228312
6183 0.228312
1292 0.228312
30967 0.222222
40838 0.2
40032 0.2
35035 0.2
27075 0.2
16318 0.2
15561 0.2
14138 0.2
24295 0.196566
1796 0.196566
1394 0.196566
40369 0.184343
32217 0.166667
37996 0.142857
36057 0.142857
28280 0.142857
27963 0.142857
22879 0.142857
9455 0.142857
6033 0.142857
830 0.142857
1667 0.125
38230 0.111111
37578 0.111111
35339 0.111111
34311 0.111111
23750 0.111111
19669 0.111111
15818 0.111111
40465 0.1
37924 0.1
33225 0.1
32572 0.1
28275 0.1
27452 0.1
24812 0.1
19129 0.1
1975 0.1
35186 0.0909091
29174 0.0909091
27961 0.0909091
23724 0.0909091
5918 0.0909091
1706 0.0909091
27121 0.0833333
3439 0.0833333
39791 0.0769231
35063 0.0769231
15225 0.0769231
2542 0.0769231
543 0.0769231
38831 0.0666667
35209 0.0666667
34543 0.0666667
32634 0.0666667
32202 0.0666667
29449 0.0666667
23429 0.0666667
22852 0.0666667
21962 0.0666667
21794 0.0666667
7866 0.0666667
7238 0.0666667
5576 0.0666667
3699 0.0666667
39636 0.0625
39418 0.0625
38464 0.0625
38032 0.0625
36234 0.0625
16605 0.0625
13645 0.0625
11923 0.0625
37923 0.0555556
26011 0.0555556
22896 0.0555556
16652 0.0555556
3115 0.0555556
32303 0.0526316
26442 0.0526316
19288 0.0526316
16576 0.0526316
15835 0.0526316
13851 0.0526316
13761 0.0526316
13247 0.0526316
38520 0.0454545
38316 0.0454545
36825 0.0454545
35645 0.0454545
35370 0.0454545
35159 0.0454545
34670 0.0454545
33507 0.0454545
32970 0.0454545
31934 0.0454545
28074 0.0454545
24550 0.0454545
20392 0.0454545
19190 0.0454545
18798 0.0454545
16969 0.0454545
15316 0.0454545
14108 0.0454545
13634 0.0454545
13457 0.0454545
13251 0.0454545
7138 0.0454545
7083 0.0454545
6340 0.0454545
4373 0.0454545
1769 0.0454545
40523 0.04
38147 0.04
33404 0.04
25949 0.04
18630 0.04
11673 0.04
9693 0.04
2083 0.04
40613 0.03125
40525 0.03125
39400 0.03125
39365 0.03125
38104 0.03125
36162 0.03125
35766 0.03125
33617 0.03125
32461 0.03125
31133 0.03125
29634 0.03125
28433 0.03125
27840 0.03125
26556 0.03125
24907 0.03125
20354 0.03125
12988 0.03125
12907 0.03125
12569 0.03125
5470 0.03125
5319 0.03125
4112 0.03125
4017 0.03125
2431 0.03125
40980 0
40979 0
40978 0
40977 0
40976 0
40975 0
40974 0
40973 0
40972 0
40971 0
40970 0
40969 0
40968 0
40967 0
40966 0
40965 0
40964 0
40963 0
40962 0
40961 0
40960 0
40959 0
40958 0
40957 0
40956 0
40955 0
40954 0
40953 0
40952 0
40951 0
40950 0
40949 0
40948 0
40947 0
40946 0
40945 0
40944 0
40943 0
40942 0
40941 0
40940 0
40939 0
40938 0
40937 0
40936 0
40935 0
40934 0
40933 0
40932 0
40931 0
40930 0
40929 0
40928 0
40927 0
40926 0
40925 0
40924 0
40923 0
40922 0
40921 0
40920 0
40919 0
40918 0
40917 0
40916 0
40915 0
40914 0
40913 0
40912 0
40911 0
40910 0
40909 0
40908 0
40907 0
40906 0
40905 0
40904 0
40903 0
40902 0
40901 0
40900 0
40899 0
40898 0
40897 0
40896 0
40895 0
40894 0
40893 0
40892 0
40891 0
40890 0
40889 0
40888 0
40887 0
40886 0
40885 0
40884 0
40882 0
40881 0
40880 0
40879 0
40878 0
40877 0
40876 0
40875 0
40874 0
40873 0
40872 0
40871 0
40870 0
40869 0
40868 0
40867 0
40866 0
40865 0
40864 0
40863 0
40862 0
40861 0
40860 0
40859 0
40858 0
40857 0
40856 0
40855 0
40854 0
40853 0
40852 0
40851 0
40850 0
40849 0
40848 0
40847 0
40846 0
40845 0
40844 0
40843 0
40842 0
40841 0
40840 0
40839 0
40837 0
40836 0
40835 0
40834 0
40833 0
40832 0
40831 0
40830 0
40829 0
40828 0
40827 0
40826 0
40825 0
40824 0
40823 0
40822 0
40821 0
40820 0
40819 0
40818 0
40817 0
40816 0
40815 0
40814 0
40813 0
40812 0
40811 0
40810 0
40809 0
40808 0
40807 0
40806 0
40805 0
40804 0
40803 0
40802 0
40801 0
40800 0
40799 0
40798 0
40797 0
40796 0
40795 0
40794 0
40793 0
40792 0
40791 0
40790 0
40789 0
40788 0
40787 0
40786 0
40785 0
40784 0
40783 0
40782 0
40781 0
40780 0
40779 0
40778 0
40777 0
40776 0
40775 0
40774 0
40773 0
40772 0
40771 0
40770 0
40769 0
40768 0
40767 0
40766 0
40765 0
40764 0
40763 0
40762 0
40761 0
40760 0
40759 0
40758 0
40757 0
40756 0
40755 0
40754 0
40753 0
40752 0
40751 0
40750 0
40749 0
40748 0
40747 0
40746 0
40745 0
40744 0
40743 0
40742 0
40741 0
40740 0
40739 0
40738 0
40737 0
40736 0
40735 0
40734 0
40733 0
40732 0
40731 0
40730 0
40729 0
40728 0
40727 0
40726 0
40725 0
40724 0
40723 0
40722 0
40721 0
40720 0
40719 0
40718 0
40717 0
40716 0
40715 0
40714 0
40713 0
40712 0
40711 0
40710 0
40709 0
40708 0
