52 2.25573
31301 2.12473
17634 1.62682
29997 1.0303
1897 0.949242
27799 0.937792
10737 0.909998
26088 0.886081
24986 0.74234
7708 0.679319
14544 0.619667
15187 0.601166
32620 0.587302
35734 0.572514
3600 0.569216
30320 0.5625
16705 0.540909
36623 0.513122
24335 0.505952
10923 0.494697
4507 0.49259
32760 0.465909
20966 0.458824
16791 0.457576
22228 0.438484
27434 0.434658
5373 0.420208
3079 0.420208
39374 0.408333
2249 0.399445
33189 0.390117
28305 0.379299
25220 0.369069
10602 0.352778
3648 0.333333
28929 0.324242
15891 0.313656
12384 0.307303
18192 0.289286
22711 0.277778
2885 0.270833
23193 0.265476
11630 0.265476
18328 0.263048
19032 0.262318
9200 0.261364
8446 0.25
4405 0.231463
16527 0.230546
3369 0.230546
2640 0.230546
30793 0.221324
32885 0.21992
3112 0.210838
19295 0.204545
2659 0.204545
39112 0.2
36467 0.2
26415 0.2
18209 0.2
16071 0.2
16056 0.2
21983 0.197421
28104 0.195527
20075 0.194805
17312 0.18799
8672 0.18799
40609 0.186147
27939 0.185319
6644 0.185319
6096 0.185319
5693 0.185319
2289 0.185319
26789 0.169726
20169 0.166667
11844 0.166667
40022 0.163771
38184 0.163771
1091 0.160606
34825 0.153788
18788 0.153788
32975 0.14632
31278 0.14632
14377 0.14632
26923 0.142857
23813 0.125
22557 0.125
18770 0.125
15384 0.125
9197 0.125
8076 0.125
5517 0.125
22402 0.11825
2633 0.11825
2241 0.11825
27765 0.111111
24825 0.111111
21641 0.111111
28444 0.103307
3363 0.102083
39256 0.101166
32862 0.101166
24487 0.101166
19767 0.101166
15189 0.101166
13955 0.101166
3906 0.101166
34908 0.1
33545 0.1
27713 0.1
36045 0.0909091
33366 0.0909091
30214 0.0909091
29629 0.0909091
28089 0.0909091
25722 0.0909091
25101 0.0909091
23495 0.0909091
22227 0.0909091
16422 0.0909091
15280 0.0909091
11942 0.0909091
10929 0.0909091
7374 0.0909091
3493 0.0909091
2673 0.0909091
128 0.0909091
39616 0.0833333
31581 0.0833333
28390 0.0833333
23638 0.0833333
21889 0.0833333
16853 0.0833333
9875 0.0833333
34768 0.0769231
28038 0.0769231
25725 0.0769231
17238 0.0769231
808 0.0769231
36299 0.0714286
28582 0.0714286
18393 0.0714286
13410 0.0714286
6866 0.0714286
8027 0.0666667
27623 0.0631216
26808 0.0631216
26750 0.0631216
15352 0.0631216
3245 0.0631216
36952 0.0625
35063 0.0625
11147 0.0625
32342 0.0588235
26361 0.0588235
24886 0.0588235
22560 0.0588235
21859 0.0588235
20947 0.0588235
16233 0.0588235
8291 0.0588235
6609 0.0588235
40883 0.0526316
29015 0.0526316
18385 0.0526316
38081 0.047619
25652 0.047619
24819 0.047619
23380 0.047619
14048 0.047619
10131 0.047619
24667 0.0454545
24664 0.0454545
19148 0.0454545
15400 0.0454545
14603 0.0454545
10009 0.0454545
8186 0.0454545
3880 0.0454545
40635 0.0416667
36746 0.0416667
35778 0.0416667
35020 0.0416667
34495 0.0416667
32904 0.0416667
31946 0.0416667
31817 0.0416667
27094 0.0416667
26044 0.0416667
22778 0.0416667
18705 0.0416667
15610 0.0416667
9831 0.0416667
7707 0.0416667
6823 0.0416667
6100 0.0416667
5723 0.0416667
3739 0.0416667
1975 0.0416667
37345 0.0383895
33725 0.0383895
32593 0.0383895
27886 0.0383895
27514 0.0383895
26978 0.0383895
21670 0.0383895
19119 0.0383895
10073 0.0383895
8022 0.0383895
7691 0.0383895
6815 0.0383895
2256 0.0383895
57 0.0383895
38450 0.0333333
21736 0.0333333
21077 0.0333333
12913 0.0333333
10098 0.0333333
7844 0.0333333
7037 0.0333333
7036 0.0333333
3896 0.0333333
1895 0.0333333
40728 0.030303
39743 0.030303
36051 0.030303
25445 0.030303
22990 0.030303
16443 0.030303
10964 0.030303
10880 0.030303
6504 0.030303
2581 0.030303
1898 0.030303
1427 0.030303
40737 0.0238095
38662 0.0238095
26555 0.0238095
25902 0.0238095
25526 0.0238095
23925 0.0238095
22502 0.0238095
21228 0.0238095
21097 0.0238095
19847 0.0238095
19786 0.0238095
17234 0.0238095
15637 0.0238095
12969 0.0238095
12709 0.0238095
11462 0.0238095
9846 0.0238095
9487 0.0238095
9198 0.0238095
39836 0.0163934
36073 0.0163934
35677 0.0163934
35004 0.0163934
33078 0.0163934
32852 0.0163934
29996 0.0163934
29741 0.0163934
28380 0.0163934
25017 0.0163934
23164 0.0163934
20396 0.0163934
19589 0.0163934
17999 0.0163934
16692 0.0163934
14932 0.0163934
14001 0.0163934
13871 0.0163934
9019 0.0163934
8068 0.0163934
7411 0.0163934
6719 0.0163934
3297 0.0163934
40706 0.012987
39843 0.012987
36211 0.012987
36032 0.012987
35472 0.012987
34773 0.012987
33324 0.012987
33069 0.012987
32806 0.012987
30037 0.012987
29087 0.012987
25750 0.012987
24475 0.012987
23154 0.012987
19199 0.012987
18056 0.012987
16915 0.012987
16710 0.012987
16622 0.012987
15812 0.012987
15390 0.012987
10457 0.012987
10322 0.012987
8263 0.012987
5933 0.012987
5175 0.012987
3447 0.012987
3418 0.012987
2204 0.012987
1027 0.012987
919 0.012987
186 0.012987
40829 0.00900901
40573 0.00900901
40181 0.00900901
37637 0.00900901
36895 0.00900901
34329 0.00900901
33708 0.00900901
33282 0.00900901
33167 0.00900901
33118 0.00900901
32529 0.00900901
31986 0.00900901
31975 0.00900901
31200 0.00900901
30683 0.00900901
30380 0.00900901
29214 0.00900901
28812 0.00900901
28245 0.00900901
26892 0.00900901
26160 0.00900901
26159 0.00900901
25980 0.00900901
23765 0.00900901
23366 0.00900901
23014 0.00900901
22583 0.00900901
22435 0.00900901
21928 0.00900901
21557 0.00900901
20035 0.00900901
18274 0.00900901
18044 0.00900901
17818 0.00900901
15162 0.00900901
14466 0.00900901
13646 0.00900901
13029 0.00900901
12868 0.00900901
12444 0.00900901
12346 0.00900901
12063 0.00900901
11803 0.00900901
9718 0.00900901
8521 0.00900901
6585 0.00900901
5663 0.00900901
5303 0.00900901
4408 0.00900901
2958 0.00900901
2867 0.00900901
606 0.00900901
40980 0
40979 0
40978 0
40977 0
40976 0
40975 0
40974 0
40973 0
40972 0
40971 0
40970 0
40969 0
40968 0
40967 0
40966 0
40965 0
40964 0
40963 0
40962 0
40961 0
40960 0
40959 0
40958 0
40957 0
40956 0
40955 0
40954 0
40953 0
40952 0
40951 0
40950 0
40949 0
40948 0
40947 0
40946 0
40945 0
40944 0
40943 0
40942 0
40941 0
40940 0
40939 0
40938 0
40937 0
40936 0
40935 0
40934 0
40933 0
40932 0
40931 0
40930 0
40929 0
40928 0
40927 0
40926 0
40925 0
40924 0
40923 0
40922 0
40921 0
40920 0
40919 0
40918 0
40917 0
40916 0
40915 0
40914 0
40913 0
40912 0
40911 0
40910 0
40909 0
40908 0
40907 0
40906 0
40905 0
40904 0
40903 0
40902 0
40901 0
40900 0
40899 0
40898 0
40897 0
40896 0
40895 0
40894 0
40893 0
40892 0
40891 0
40890 0
40889 0
40888 0
40887 0
40886 0
40885 0
40884 0
40882 0
40881 0
40880 0
40879 0
40878 0
40877 0
40876 0
40875 0
40874 0
40873 0
40872 0
40871 0
40870 0
40869 0
40868 0
40867 0
40866 0
40865 0
40864 0
40863 0
40862 0
40861 0
40860 0
40859 0
40858 0
40857 0
40856 0
40855 0
40854 0
40853 0
40852 0
40851 0
40850 0
40849 0
40848 0
40847 0
40846 0
40845 0
40844 0
40843 0
40842 0
40841 0
