9665 28.4703
9983 22.1877
23696 21.8956
9561 15.338
34433 12.8292
31509 11.2379
34220 9.24537
36057 7.33299
2647 6.01345
19288 5.8589
10923 5.75739
2604 5.64035
25337 5.17493
15599 5.16896
1313 4.89577
2840 4.88543
21911 3.86477
24414 3.86236
14425 3.51461
23843 3.33336
15400 3.06036
27963 3.05803
37935 2.87197
27799 2.83571
33185 2.7441
20273 2.20445
40883 2.08261
35087 2.07983
2898 2.01025
17687 1.97256
14430 1.95876
13247 1.89626
37426 1.84889
2118 1.67998
8672 1.62948
31301 1.62731
5641 1.60598
38970 1.56474
19198 1.52857
9497 1.50602
1642 1.47241
13763 1.46352
22879 1.42003
18361 1.40692
4257 1.39214
1017 1.38768
19914 1.35274
26537 1.21014
1345 1.17754
17715 1.17057
19032 1.16527
5748 1.09216
3936 1.06667
17845 1.05379
29581 1.02633
31960 0.979381
25490 0.939334
28293 0.935754
36168 0.916433
27123 0.904076
2209 0.903664
29174 0.874161
6761 0.869048
17202 0.858885
32214 0.841442
1667 0.836447
5358 0.812861
18201 0.781213
17301 0.759407
14226 0.755612
23724 0.75
37520 0.723748
13654 0.697558
37805 0.683323
34311 0.678626
40310 0.67576
38897 0.663664
32888 0.657163
6183 0.643063
18328 0.642857
4128 0.636155
2054 0.625
35835 0.61036
27452 0.576966
9163 0.570525
17748 0.559285
11086 0.544444
32879 0.540432
29722 0.533333
19210 0.521972
2288 0.510053
32229 0.508824
19233 0.504238
939 0.497927
31668 0.480963
34167 0.475349
6563 0.473947
16425 0.461988
10686 0.460869
24812 0.453944
8403 0.453266
16968 0.442493
16789 0.442493
14198 0.424442
31473 0.419935
15818 0.416667
10971 0.408824
13113 0.408541
36757 0.407937
4828 0.406957
17264 0.39216
14138 0.377778
37956 0.366667
27592 0.366667
6255 0.365531
3379 0.352404
22079 0.346751
39035 0.336956
9693 0.335578
25079 0.333333
9466 0.333333
7671 0.333333
34459 0.329412
16428 0.321274
28280 0.321256
10947 0.31841
30834 0.315057
2094 0.314583
22263 0.308417
32303 0.307576
28883 0.30736
6167 0.294467
20709 0.289134
34265 0.288777
743 0.288034
24102 0.287943
18318 0.285129
26125 0.280554
4180 0.277323
18798 0.27465
40607 0.271512
1769 0.267148
5777 0.261752
32628 0.261101
2560 0.260913
14725 0.260401
10425 0.258279
14378 0.258242
1026 0.257236
12988 0.252027
40970 0.251845
24239 0.251111
35339 0.250931
38253 0.25
35216 0.25
32202 0.25
31887 0.25
23429 0.25
39102 0.248718
8731 0.246561
25286 0.226177
26183 0.225379
37924 0.225275
13851 0.220401
10069 0.220076
28557 0.219048
26982 0.218635
36300 0.217065
30967 0.213636
4692 0.213636
19089 0.208453
18930 0.201923
35872 0.2
35156 0.2
32642 0.2
27766 0.2
26088 0.2
24678 0.2
22594 0.2
21393 0.2
17771 0.2
17634 0.2
17025 0.2
15613 0.2
15603 0.2
12477 0.2
10322 0.2
955 0.2
878 0.2
52 0.2
18149 0.192668
15411 0.188987
5766 0.185418
30048 0.180101
21075 0.176118
27025 0.175769
25804 0.175769
18005 0.174733
28345 0.167157
24002 0.167157
14322 0.166839
39312 0.166667
28910 0.166667
21000 0.166667
18585 0.166667
18548 0.166667
9879 0.166667
8436 0.166667
35416 0.161085
30916 0.157479
23050 0.155196
36952 0.154286
25016 0.149921
14654 0.147286
35129 0.142857
28600 0.142857
24793 0.142857
24586 0.142857
19681 0.142857
17067 0.142857
15524 0.142857
14544 0.142857
1005 0.142857
9155 0.141678
38621 0.13536
16836 0.133427
5198 0.132111
4819 0.132111
4290 0.132111
2955 0.130203
4633 0.130159
26878 0.127273
29617 0.125
27354 0.125
21005 0.125
613 0.125
40428 0.12401
38683 0.123312
34640 0.121494
21274 0.121494
10110 0.121494
7794 0.121494
6967 0.121494
16974 0.119622
34776 0.11614
20942 0.114075
33044 0.113495
39207 0.111111
35186 0.111111
34093 0.111111
31862 0.111111
31150 0.111111
30583 0.111111
29350 0.111111
29244 0.111111
28988 0.111111
28105 0.111111
19190 0.111111
15179 0.111111
13021 0.111111
12324 0.111111
12308 0.111111
10210 0.111111
2877 0.111111
543 0.111111
37094 0.109456
32732 0.109078
28729 0.104557
34760 0.103967
2320 0.10219
38353 0.1
37577 0.1
36400 0.1
34582 0.1
30309 0.1
30209 0.1
29364 0.1
29302 0.1
18520 0.1
18435 0.1
17440 0.1
17312 0.1
16298 0.1
10480 0.1
6033 0.1
5797 0.1
3096 0.1
1867 0.1
18308 0.0954285
19987 0.0914787
40871 0.0909091
30293 0.0909091
29143 0.0909091
29032 0.0909091
28683 0.0909091
27514 0.0909091
26892 0.0909091
24756 0.0909091
17995 0.0909091
15030 0.0909091
11868 0.0909091
11643 0.0909091
8508 0.0909091
7691 0.0909091
2381 0.0909091
34802 0.0886615
39636 0.0833333
37685 0.0833333
23466 0.0833333
20808 0.0833333
20489 0.0833333
19189 0.0833333
16265 0.0833333
14167 0.0833333
13645 0.0833333
13432 0.0833333
11488 0.0833333
2639 0.0833333
1796 0.0833333
40369 0.082851
36794 0.0823784
9502 0.0823784
38379 0.0803144
35035 0.0803144
7439 0.0784707
1394 0.0774081
40165 0.0769231
39432 0.0769231
38503 0.0769231
37278 0.0769231
35681 0.0769231
32970 0.0769231
27121 0.0769231
24550 0.0769231
20143 0.0769231
18430 0.0769231
7906 0.0769231
2831 0.0769231
22061 0.07306
8377 0.07306
40677 0.0666667
39180 0.0666667
37996 0.0666667
35369 0.0666667
33896 0.0666667
31554 0.0666667
30793 0.0666667
28610 0.0666667
24825 0.0666667
24106 0.0666667
22963 0.0666667
22711 0.0666667
17550 0.0666667
10682 0.0666667
35462 0.0650189
17407 0.0650189
8861 0.0650189
25287 0.0636641
12075 0.0636641
34188 0.0625
33025 0.0625
28341 0.0625
17696 0.0625
3746 0.0625
38082 0.0588235
37576 0.0588235
33695 0.0588235
32668 0.0588235
30351 0.0588235
25668 0.0588235
20727 0.0588235
20250 0.0588235
17653 0.0588235
14543 0.0588235
11986 0.0588235
7620 0.0588235
7579 0.0588235
20432 0.0579365
4530 0.0579365
33507 0.0578002
16749 0.0578002
40750 0.0555556
34241 0.0555556
25603 0.0555556
25155 0.0555556
13371 0.0555556
12209 0.0555556
9455 0.0555556
3973 0.0555556
3125 0.0555556
2284 0.0555556
34904 0.0526316
34333 0.0526316
28682 0.0526316
18429 0.0526316
12865 0.0526316
8435 0.0526316
2703 0.0526316
28151 0.0525444
2772 0.0525444
39242 0.0517962
36345 0.0517962
15216 0.0517962
40523 0.05
37482 0.05
10400 0.05
3592 0.05
24214 0.0489621
37923 0.047619
16723 0.047619
7866 0.047619
4366 0.047619
36753 0.0454545
31242 0.0454545
26095 0.0454545
21434 0.0454545
16395 0.0454545
15416 0.0454545
12922 0.0454545
6340 0.0454545
3168 0.0454545
38520 0.0434783
35645 0.0434783
18469 0.0434783
14062 0.0434783
3501 0.0434783
980 0.0434783
40465 0.0415588
38316 0.0415588
30302 0.0415588
29470 0.0415588
24295 0.0415588
19347 0.0415588
14512 0.0415588
13200 0.0415588
10427 0.0415588
12318 0.0406319
10581 0.0406319
9773 0.0406319
8251 0.0406319
40287 0.04
35734 0.04
29086 0.04
27926 0.04
6313 0.04
39383 0.0384615
34312 0.0384615
30294 0.0384615
29421 0.0384615
29349 0.0384615
28500 0.0384615
23836 0.0384615
22501 0.0384615
20455 0.0384615
19820 0.0384615
18757 0.0384615
18732 0.0384615
18428 0.0384615
17904 0.0384615
16933 0.0384615
16390 0.0384615
9423 0.0384615
9243 0.0384615
39848 0.0357143
27410 0.0357143
23538 0.0357143
22896 0.0357143
22338 0.0357143
20341 0.0357143
9029 0.0357143
1201 0.0357143
40346 0.0344828
38764 0.0344828
37659 0.0344828
35188 0.0344828
21824 0.0344828
12716 0.0344828
30001 0.030303
28958 0.030303
28864 0.030303
20116 0.030303
19683 0.030303
17733 0.030303
16918 0.030303
16893 0.030303
13457 0.030303
7431 0.030303
31994 0.0294118
13447 0.0294118
5741 0.0294118
31715 0.027027
30347 0.027027
15417 0.027027
3416 0.027027
40453 0.0263158
40400 0.0263158
34638 0.0263158
34035 0.0263158
29281 0.0263158
25781 0.0263158
