17605 2.45994
27799 2.20198
33633 1.77821
13654 1.71906
35766 1.65351
9196 1.55575
39671 1.28779
34561 1.19118
25765 0.961111
34923 0.87037
31947 0.832557
35793 0.810513
6041 0.801984
13916 0.760119
10210 0.75
20762 0.684656
36796 0.682196
39158 0.636954
19653 0.62549
3371 0.62549
35014 0.625
6592 0.625
21323 0.562233
19580 0.562233
30897 0.561111
885 0.529075
19313 0.525
3596 0.483333
15075 0.473608
8592 0.424595
32886 0.424361
31589 0.396429
8224 0.396429
8035 0.394626
20093 0.39359
10576 0.379189
3068 0.360401
26794 0.348352
5676 0.333333
12569 0.317993
9154 0.314286
14980 0.291667
18328 0.288462
36400 0.280952
38748 0.27037
612 0.27037
26786 0.266917
550 0.265079
15416 0.263952
25826 0.25
21903 0.25
22781 0.247985
33377 0.235119
28599 0.226984
31352 0.215278
8672 0.215278
40342 0.2125
17312 0.211455
13507 0.211455
25176 0.211081
37927 0.208824
32620 0.200084
27926 0.200084
24678 0.200084
14138 0.200084
40861 0.2
38059 0.2
35365 0.2
35253 0.2
34594 0.2
30425 0.2
29256 0.2
27370 0.2
24596 0.2
22997 0.2
20250 0.2
11230 0.2
10361 0.2
8465 0.2
6319 0.2
5447 0.2
27161 0.190163
12910 0.190163
20007 0.187479
432 0.170566
37496 0.166667
23724 0.166667
23240 0.166667
9309 0.166667
5551 0.166667
32437 0.144893
30419 0.144893
16806 0.144893
35825 0.142857
29946 0.142857
28094 0.142857
22773 0.142857
22088 0.142857
21662 0.142857
13658 0.142857
11789 0.142857
9665 0.142857
7253 0.142857
5642 0.142857
3140 0.142857
3002 0.142857
387 0.142857
34363 0.134322
19461 0.134322
9317 0.134322
38955 0.125
23134 0.125
6417 0.125
5824 0.125
2786 0.121248
31582 0.111111
29875 0.111111
21859 0.111111
16529 0.111111
9553 0.111111
8027 0.111111
39567 0.1
34439 0.1
32536 0.1
30186 0.1
9199 0.1
10 0.1
40788 0.0939327
36313 0.0939327
35317 0.0939327
21978 0.0939327
18138 0.0909091
17033 0.0909091
12104 0.0909091
6859 0.0909091
39619 0.0833333
26069 0.0833333
21889 0.0833333
19379 0.0833333
18558 0.0833333
5623 0.0833333
4953 0.0833333
2621 0.0833333
35894 0.0769231
27465 0.0769231
9327 0.0769231
33898 0.0714286
26058 0.0714286
22530 0.0714286
22170 0.0714286
12522 0.0714286
39846 0.0666667
30234 0.0666667
24573 0.0666667
23653 0.0666667
20171 0.0666667
15012 0.0666667
14935 0.0666667
12722 0.0666667
8412 0.0666667
6300 0.0666667
6036 0.0666667
5781 0.0666667
1998 0.0666667
39183 0.0588235
35116 0.0588235
29172 0.0588235
24957 0.0588235
19950 0.0588235
16097 0.0588235
14546 0.0588235
10480 0.0588235
31450 0.0555556
15873 0.0555556
5719 0.0555556
3852 0.0555556
2484 0.0555556
40241 0.0526316
38344 0.0526316
29626 0.0526316
29270 0.0526316
27408 0.0526316
20704 0.0526316
39386 0.047619
39010 0.047619
36047 0.047619
31646 0.047619
27972 0.047619
16602 0.047619
11727 0.047619
10501 0.047619
10104 0.047619
9651 0.047619
828 0.047619
31367 0.0384615
31318 0.0384615
26095 0.0384615
19870 0.0384615
16395 0.0384615
15764 0.0384615
4973 0.0384615
1142 0.0384615
30835 0.037037
27280 0.037037
25755 0.037037
24920 0.037037
22725 0.037037
12289 0.037037
763 0.037037
40845 0.0208333
39947 0.0208333
38659 0.0208333
35346 0.0208333
35185 0.0208333
34385 0.0208333
34275 0.0208333
27989 0.0208333
26950 0.0208333
24505 0.0208333
23843 0.0208333
18963 0.0208333
13140 0.0208333
11080 0.0208333
9026 0.0208333
6807 0.0208333
6654 0.0208333
6336 0.0208333
5875 0.0208333
5209 0.0208333
3682 0.0208333
3162 0.0208333
1599 0.0208333
110 0.0208333
40764 0.0175439
39507 0.0175439
38952 0.0175439
38118 0.0175439
37597 0.0175439
35734 0.0175439
34932 0.0175439
32838 0.0175439
32043 0.0175439
30876 0.0175439
30025 0.0175439
29237 0.0175439
26151 0.0175439
23439 0.0175439
22711 0.0175439
20840 0.0175439
19967 0.0175439
15348 0.0175439
14943 0.0175439
12110 0.0175439
11393 0.0175439
10240 0.0175439
9197 0.0175439
8309 0.0175439
4385 0.0175439
4361 0.0175439
3718 0.0175439
3356 0.0175439
2971 0.0175439
2885 0.0175439
1966 0.0175439
416 0.0175439
40980 0
40979 0
40978 0
40977 0
40976 0
40975 0
40974 0
40973 0
40972 0
40971 0
40970 0
40969 0
40968 0
40967 0
40966 0
40965 0
40964 0
40963 0
40962 0
40961 0
40960 0
40959 0
40958 0
40957 0
40956 0
40955 0
40954 0
40953 0
40952 0
40951 0
40950 0
40949 0
40948 0
40947 0
40946 0
40945 0
40944 0
40943 0
40942 0
40941 0
40940 0
40939 0
40938 0
40937 0
40936 0
40935 0
40934 0
40933 0
40932 0
40931 0
40930 0
40929 0
40928 0
40927 0
40926 0
40925 0
40924 0
40923 0
40922 0
40921 0
40920 0
40919 0
40918 0
40917 0
40916 0
40915 0
40914 0
40913 0
40912 0
40911 0
40910 0
40909 0
40908 0
40907 0
40906 0
40905 0
40904 0
40903 0
40902 0
40901 0
40900 0
40899 0
40898 0
40897 0
40896 0
40895 0
40894 0
40893 0
40892 0
40891 0
40890 0
40889 0
40888 0
40887 0
40886 0
40885 0
40884 0
40883 0
40882 0
40881 0
40880 0
40879 0
40878 0
40877 0
40876 0
40875 0
40874 0
40873 0
40872 0
40871 0
40870 0
40869 0
40868 0
40867 0
40866 0
40865 0
40864 0
40863 0
40862 0
40860 0
40859 0
40858 0
40857 0
40856 0
40855 0
40854 0
40853 0
40852 0
40851 0
40850 0
40849 0
40848 0
40847 0
40846 0
40844 0
40843 0
40842 0
40841 0
40840 0
40839 0
40838 0
40837 0
40836 0
40835 0
40834 0
40833 0
40832 0
40831 0
40830 0
40829 0
40828 0
40827 0
40826 0
40825 0
40824 0
40823 0
40822 0
40821 0
40820 0
40819 0
40818 0
40817 0
40816 0
40815 0
40814 0
40813 0
40812 0
40811 0
40810 0
40809 0
40808 0
40807 0
40806 0
40805 0
40804 0
40803 0
40802 0
40801 0
40800 0
40799 0
40798 0
40797 0
40796 0
40795 0
40794 0
40793 0
40792 0
40791 0
40790 0
40789 0
40787 0
40786 0
40785 0
40784 0
40783 0
40782 0
40781 0
40780 0
40779 0
40778 0
40777 0
40776 0
40775 0
40774 0
40773 0
40772 0
40771 0
40770 0
40769 0
40768 0
40767 0
40766 0
40765 0
40763 0
40762 0
40761 0
40760 0
40759 0
40758 0
40757 0
40756 0
40755 0
40754 0
40753 0
40752 0
40751 0
40750 0
40749 0
40748 0
40747 0
40746 0
40745 0
40744 0
40743 0
40742 0
