28776 2.82185
38449 1.60126
5798 1.2102
27024 1.09834
1158 0.785106
7570 0.693595
3012 0.678791
8981 0.64411
37377 0.643618
19096 0.642424
24005 0.629567
22939 0.598611
21015 0.519129
14251 0.519129
13166 0.479153
22254 0.421894
3263 0.37734
3964 0.375392
8975 0.361839
37684 0.358333
14163 0.35666
9464 0.33978
3296 0.331101
6940 0.324699
27558 0.323364
23837 0.319444
25092 0.313377
34488 0.305169
36222 0.273449
28661 0.228571
11296 0.228571
3306 0.22197
29879 0.2125
24673 0.211905
22129 0.202413
8632 0.202413
16776 0.20202
229 0.198718
3578 0.195238
36944 0.194739
11452 0.190909
17051 0.166778
9728 0.166778
1376 0.166667
1368 0.166667
11678 0.165825
37089 0.156277
9960 0.156277
40425 0.154545
35644 0.154545
20262 0.154545
18227 0.154545
14852 0.154545
7799 0.154545
28678 0.151789
38919 0.125
31657 0.125
23413 0.125
13893 0.125
11832 0.125
9515 0.125
4555 0.125
38311 0.111111
30542 0.111111
23384 0.111111
13839 0.111111
1958 0.111111
18159 0.110673
10082 0.105495
2258 0.105495
14051 0.10491
29178 0.101516
13392 0.101516
38568 0.1
31965 0.1
31215 0.1
28533 0.1
15565 0.1
12272 0.1
11456 0.1
8257 0.1
7633 0.1
3464 0.1
3175 0.1
2568 0.1
371 0.1
15749 0.0961039
11027 0.0961039
9630 0.0961039
5135 0.0961039
964 0.0961039
37891 0.0959115
14552 0.0959115
12309 0.0959115
30088 0.0941976
14635 0.0936804
1434 0.0936804
22701 0.0909091
19791 0.0909091
16883 0.0909091
8827 0.0909091
4523 0.0909091
3114 0.0909091
98 0.0909091
29742 0.0833333
24633 0.0833333
23153 0.0833333
22237 0.0833333
22140 0.0833333
19456 0.0833333
12005 0.0833333
10211 0.0833333
6733 0.0833333
2396 0.0833333
1009 0.0833333
775 0.0833333
39976 0.0769231
29389 0.0769231
26737 0.0769231
9841 0.0769231
2707 0.0769231
27287 0.076165
19135 0.076165
6594 0.0714286
37205 0.0666667
36296 0.0666667
35557 0.0666667
34442 0.0666667
33581 0.0666667
25711 0.0666667
24259 0.0666667
22545 0.0666667
9832 0.0666667
1517 0.0666667
611 0.0666667
31106 0.0625
7856 0.0625
7317 0.0625
39874 0.0588235
28984 0.0588235
24359 0.0588235
22077 0.0588235
10877 0.0588235
7871 0.0588235
36321 0.047619
34323 0.047619
23664 0.047619
23544 0.047619
23063 0.047619
22669 0.047619
10368 0.047619
40516 0.0454545
39763 0.0454545
35950 0.0454545
33265 0.0454545
30618 0.0454545
27232 0.0454545
17245 0.0454545
15684 0.0454545
12814 0.0454545
10454 0.0454545
8114 0.0454545
2264 0.0454545
1286 0.0454545
36964 0.0384615
35498 0.0384615
33733 0.0384615
31521 0.0384615
30656 0.0384615
25877 0.0384615
24630 0.0384615
22687 0.0384615
22181 0.0384615
14105 0.0384615
11344 0.0384615
7234 0.0384615
6722 0.0384615
6087 0.0384615
3396 0.0384615
2948 0.0384615
2498 0.0384615
552 0.0384615
37266 0.037037
35545 0.037037
31172 0.037037
29765 0.037037
21704 0.037037
11581 0.037037
39744 0.0344828
33098 0.0344828
32585 0.0344828
29703 0.0344828
27650 0.0344828
19276 0.0344828
18575 0.0344828
18049 0.0344828
15766 0.0344828
14491 0.0344828
11045 0.0344828
10734 0.0344828
6453 0.0344828
3765 0.0344828
39214 0.030303
34302 0.030303
31436 0.030303
28406 0.030303
23047 0.030303
21059 0.030303
18556 0.030303
18142 0.030303
17765 0.030303
16666 0.030303
15138 0.030303
12135 0.030303
7419 0.030303
39937 0.0294118
37771 0.0294118
37737 0.0294118
35487 0.0294118
33975 0.0294118
31997 0.0294118
23897 0.0294118
12804 0.0294118
5156 0.0294118
4577 0.0294118
3116 0.0294118
39802 0.0285714
39767 0.0285714
38709 0.0285714
38269 0.0285714
37746 0.0285714
37727 0.0285714
35713 0.0285714
34861 0.0285714
32129 0.0285714
31368 0.0285714
31007 0.0285714
30818 0.0285714
29438 0.0285714
27853 0.0285714
27767 0.0285714
27184 0.0285714
25494 0.0285714
25470 0.0285714
24726 0.0285714
23358 0.0285714
21952 0.0285714
20826 0.0285714
18571 0.0285714
14880 0.0285714
14315 0.0285714
13694 0.0285714
13318 0.0285714
9333 0.0285714
8422 0.0285714
7491 0.0285714
6396 0.0285714
4917 0.0285714
544 0.0285714
40733 0.0181818
40341 0.0181818
39119 0.0181818
35805 0.0181818
35428 0.0181818
28876 0.0181818
28751 0.0181818
27165 0.0181818
24774 0.0181818
19874 0.0181818
17554 0.0181818
17476 0.0181818
15638 0.0181818
15340 0.0181818
15119 0.0181818
13201 0.0181818
12120 0.0181818
10337 0.0181818
9886 0.0181818
9628 0.0181818
8141 0.0181818
2059 0.0181818
907 0.0181818
88 0.0181818
40980 0
40979 0
40978 0
40977 0
40976 0
40975 0
40974 0
40973 0
40972 0
40971 0
40970 0
40969 0
40968 0
40967 0
40966 0
40965 0
40964 0
40963 0
40962 0
40961 0
40960 0
40959 0
40958 0
40957 0
40956 0
40955 0
40954 0
40953 0
40952 0
40951 0
40950 0
40949 0
40948 0
40947 0
40946 0
40945 0
40944 0
40943 0
40942 0
40941 0
40940 0
40939 0
40938 0
40937 0
40936 0
40935 0
40934 0
40933 0
40932 0
40931 0
40930 0
40929 0
40928 0
40927 0
40926 0
40925 0
40924 0
40923 0
40922 0
40921 0
40920 0
40919 0
40918 0
40917 0
40916 0
40915 0
40914 0
40913 0
40912 0
40911 0
40910 0
40909 0
40908 0
40907 0
40906 0
40905 0
40904 0
40903 0
40902 0
40901 0
40900 0
40899 0
40898 0
40897 0
40896 0
40895 0
40894 0
40893 0
40892 0
40891 0
40890 0
40889 0
40888 0
40887 0
40886 0
40885 0
40884 0
40883 0
40882 0
40881 0
40880 0
40879 0
40878 0
40877 0
40876 0
40875 0
40874 0
40873 0
40872 0
40871 0
40870 0
40869 0
40868 0
40867 0
40866 0
40865 0
40864 0
40863 0
40862 0
40861 0
40860 0
40859 0
40858 0
40857 0
40856 0
40855 0
40854 0
40853 0
40852 0
40851 0
40850 0
40849 0
40848 0
40847 0
40846 0
40845 0
40844 0
40843 0
40842 0
40841 0
40840 0
40839 0
40838 0
40837 0
40836 0
40835 0
40834 0
40833 0
40832 0
40831 0
40830 0
40829 0
40828 0
40827 0
40826 0
40825 0
40824 0
40823 0
40822 0
40821 0
40820 0
40819 0
40818 0
40817 0
40816 0
40815 0
40814 0
40813 0
40812 0
40811 0
40810 0
40809 0
40808 0
40807 0
40806 0
40805 0
40804 0
40803 0
40802 0
40801 0
40800 0
40799 0
40798 0
40797 0
40796 0
40795 0
40794 0
40793 0
40792 0
40791 0
40790 0
40789 0
40788 0
40787 0
40786 0
40785 0
40784 0
40783 0
40782 0
40781 0
40780 0
40779 0
40778 0
40777 0
40776 0
40775 0
40774 0
40773 0
40772 0
40771 0
40770 0
40769 0
40768 0
40767 0
40766 0
40765 0
40764 0
