3936 68.8808
14890 11.707
37731 11.0262
5498 9.15698
28173 7.7004
34676 6.4754
39864 6.30992
30012 5.83929
21924 5.43142
16559 4.86667
32885 4.81286
26437 4.80159
14682 3.87619
11595 3.71667
10544 3.6842
11051 3.66786
25344 3.5425
2367 3.44405
37154 3.43512
36080 3.26349
19054 2.93313
725 2.92305
17425 2.62619
30520 2.5881
7522 2.4117
15930 2.22345
1815 2.21667
21334 2.14286
24007 2.05119
32734 1.97143
23724 1.93734
1652 1.92897
1260 1.92
23210 1.8746
19717 1.77063
10955 1.56667
9919 1.54683
34372 1.54405
18505 1.42619
37933 1.40758
32134 1.36555
33193 1.3331
26678 1.26667
6949 1.26111
31190 1.25758
5238 1.12619
33399 1.11071
6262 1.075
6562 1.00952
34768 1.00397
32682 1
2885 0.977381
27799 0.967857
40695 0.94619
12673 0.937857
27979 0.928968
28345 0.922381
9575 0.889048
30558 0.866667
36659 0.864683
24083 0.783333
32894 0.75
8714 0.75
39887 0.731544
14076 0.727778
5888 0.7
909 0.7
21232 0.694603
989 0.674242
33445 0.65
20137 0.644444
11513 0.644444
37479 0.642857
27997 0.632215
5934 0.624242
30949 0.616667
19566 0.616667
23528 0.591068
10755 0.590909
1861 0.575
39003 0.566667
9442 0.566667
24825 0.561111
1975 0.559524
11333 0.533333
16820 0.517857
7493 0.516667
26011 0.509524
8849 0.509524
18328 0.491667
4111 0.490909
34747 0.47619
20625 0.475
13635 0.434524
16634 0.42
24601 0.382576
11368 0.378968
35815 0.362857
19032 0.362857
17290 0.336111
3849 0.311667
10012 0.253247
38675 0.25
22689 0.25
20678 0.25
15769 0.25
10480 0.25
9084 0.25
8234 0.25
36395 0.2
30589 0.2
29795 0.2
29060 0.2
22594 0.2
17083 0.2
16780 0.2
16368 0.2
13654 0.2
9206 0.2
6715 0.2
3039 0.2
1549 0.2
32 0.2
40883 0.166667
39791 0.166667
38584 0.166667
31301 0.166667
30403 0.166667
27879 0.166667
24436 0.166667
24280 0.166667
22758 0.166667
18874 0.166667
12839 0.166667
12072 0.166667
2239 0.166667
40092 0.142857
25016 0.142857
23843 0.142857
18950 0.142857
11149 0.142857
5597 0.142857
34090 0.125
26086 0.125
17312 0.125
10676 0.125
6336 0.125
4761 0.125
37711 0.111111
25813 0.111111
25584 0.111111
24962 0.111111
18601 0.111111
12545 0.111111
32202 0.1
878 0.1
19238 0.0909091
4580 0.0909091
39947 0.0833333
35346 0.0833333
30676 0.0833333
27989 0.0833333
25659 0.0833333
25525 0.0833333
21889 0.0833333
21335 0.0833333
15236 0.0833333
11080 0.0833333
110 0.0833333
35276 0.02
35093 0.02
30415 0.02
27787 0.02
27449 0.02
25668 0.02
25288 0.02
25181 0.02
25155 0.02
24257 0.02
24002 0.02
23852 0.02
23598 0.02
22593 0.02
21859 0.02
20760 0.02
19800 0.02
18954 0.02
18930 0.02
16968 0.02
16789 0.02
15462 0.02
12654 0.02
11450 0.02
10534 0.02
8672 0.02
8290 0.02
6563 0.02
40980 0
40979 0
40978 0
40977 0
40976 0
40975 0
40974 0
40973 0
40972 0
40971 0
40970 0
40969 0
40968 0
40967 0
40966 0
40965 0
40964 0
40963 0
40962 0
40961 0
40960 0
40959 0
40958 0
40957 0
40956 0
40955 0
40954 0
40953 0
40952 0
40951 0
40950 0
40949 0
40948 0
40947 0
40946 0
40945 0
40944 0
40943 0
40942 0
40941 0
40940 0
40939 0
40938 0
40937 0
40936 0
40935 0
40934 0
40933 0
40932 0
40931 0
40930 0
40929 0
40928 0
40927 0
40926 0
40925 0
40924 0
40923 0
40922 0
40921 0
40920 0
40919 0
40918 0
40917 0
40916 0
40915 0
40914 0
40913 0
40912 0
40911 0
40910 0
40909 0
40908 0
40907 0
40906 0
40905 0
40904 0
40903 0
40902 0
40901 0
40900 0
40899 0
40898 0
40897 0
40896 0
40895 0
40894 0
40893 0
40892 0
40891 0
40890 0
40889 0
40888 0
40887 0
40886 0
40885 0
40884 0
40882 0
40881 0
40880 0
40879 0
40878 0
40877 0
40876 0
40875 0
40874 0
40873 0
40872 0
40871 0
40870 0
40869 0
40868 0
40867 0
40866 0
40865 0
40864 0
40863 0
40862 0
40861 0
40860 0
40859 0
40858 0
40857 0
40856 0
40855 0
40854 0
40853 0
40852 0
40851 0
40850 0
40849 0
40848 0
40847 0
40846 0
40845 0
40844 0
40843 0
40842 0
40841 0
40840 0
40839 0
40838 0
40837 0
40836 0
40835 0
40834 0
40833 0
40832 0
40831 0
40830 0
40829 0
40828 0
40827 0
40826 0
40825 0
40824 0
40823 0
40822 0
40821 0
40820 0
40819 0
40818 0
40817 0
40816 0
40815 0
40814 0
40813 0
40812 0
40811 0
40810 0
40809 0
40808 0
40807 0
40806 0
40805 0
40804 0
40803 0
40802 0
40801 0
40800 0
40799 0
40798 0
40797 0
40796 0
40795 0
40794 0
40793 0
40792 0
40791 0
40790 0
40789 0
40788 0
40787 0
40786 0
40785 0
40784 0
40783 0
40782 0
40781 0
40780 0
40779 0
40778 0
40777 0
40776 0
40775 0
40774 0
40773 0
40772 0
40771 0
40770 0
40769 0
40768 0
40767 0
40766 0
40765 0
40764 0
40763 0
40762 0
40761 0
40760 0
40759 0
40758 0
40757 0
40756 0
40755 0
40754 0
40753 0
40752 0
40751 0
40750 0
40749 0
40748 0
40747 0
40746 0
40745 0
40744 0
40743 0
40742 0
40741 0
40740 0
40739 0
40738 0
40737 0
40736 0
40735 0
40734 0
40733 0
40732 0
40731 0
40730 0
40729 0
40728 0
40727 0
40726 0
40725 0
40724 0
40723 0
40722 0
40721 0
40720 0
40719 0
40718 0
40717 0
40716 0
40715 0
40714 0
40713 0
40712 0
40711 0
40710 0
40709 0
40708 0
40707 0
40706 0
40705 0
40704 0
40703 0
40702 0
40701 0
40700 0
40699 0
40698 0
40697 0
40696 0
40694 0
40693 0
40692 0
40691 0
40690 0
40689 0
40688 0
40687 0
40686 0
40685 0
40684 0
40683 0
40682 0
40681 0
40680 0
40679 0
40678 0
40677 0
40676 0
