27799 141.57
36313 128.296
35766 61.095
13654 58.3984
16806 47.7911
6041 44.2526
22530 38.0011
3852 29.8868
26786 28.2328
31589 26.3069
12569 25.7678
29140 25.5672
13916 24.8306
37496 24.0313
26476 23.5445
14138 23.433
21323 22.9016
36400 22.7046
17312 22.3525
22088 22.2011
35317 21.2019
24239 20.6564
11804 18.7417
10210 17.3221
3002 16.8103
4189 16.4019
14858 15.7534
31564 14.4135
13507 13.1934
5778 13.0886
8224 13.0669
15665 12.907
40890 12.8958
3541 12.8587
35346 12.5439
830 12.2116
16504 12.2111
11733 11.9628
19967 11.7494
9180 11.3996
33452 11.2874
5875 11.2776
28855 10.6379
9616 10.3122
32536 10.297
432 10.1146
12522 10.0883
20928 9.92273
12541 9.59596
29875 8.98075
22594 8.8808
12451 8.67044
6319 8.60373
4872 8.5748
6906 8.45875
1410 8.3587
33267 8.34191
2951 8.20827
27926 8.05223
11810 7.99989
24591 7.95645
39661 7.8686
32324 7.84323
30847 7.81317
34116 7.73582
26181 7.58869
2885 7.37575
27166 7.36684
30897 7.30703
37027 7.28642
26794 7.26472
37374 7.23101
16298 7.1978
24902 7.08882
25651 7.03164
14790 7.0173
20704 7.01621
28110 7.0062
33633 6.89038
35734 6.78823
16723 6.78461
16076 6.72808
14943 6.64897
3068 6.63534
24137 6.49094
29634 6.48752
21186 6.44026
21889 6.33309
40342 6.28301
4058 6.14559
18520 6.08833
39791 5.98846
19517 5.93221
27161 5.90969
7807 5.89
6592 5.83457
39177 5.83035
8035 5.76366
11304 5.74903
18844 5.65165
9196 5.59032
29902 5.57393
36540 5.54376
22368 5.53178
35825 5.49368
28094 5.4745
37750 5.45276
38608 5.4102
406 5.3915
3940 5.33569
350 5.33415
8197 5.33075
37815 5.31415
38500 5.28959
14934 5.20943
26095 5.19934
19277 5.1332
37566 5.08627
37342 5.07371
4361 5.03407
2484 5.00173
2027 4.98544
15416 4.95415
30419 4.89945
18138 4.85687
16745 4.80677
32620 4.75227
33477 4.70319
9994 4.64746
19774 4.63012
29946 4.62672
15276 4.60126
4539 4.572
31947 4.48427
9592 4.40799
1230 4.35813
25826 4.31329
9283 4.2951
2877 4.26292
5824 4.22816
21861 4.18715
18834 4.18565
30793 4.18551
23843 4.18494
9553 4.14219
1131 4.07838
37305 4.05005
25362 4.02928
39671 3.97774
31136 3.97277
23446 3.94323
8237 3.9317
27486 3.88134
8412 3.82124
22711 3.81212
24790 3.7477
16097 3.74664
11488 3.69953
17583 3.66295
34561 3.64162
1 3.62327
25360 3.61376
13669 3.57633
36918 3.56947
32688 3.56542
14672 3.5618
35525 3.53394
34999 3.49748
550 3.49651
860 3.48549
31723 3.47882
33377 3.45313
19952 3.44325
2781 3.42229
18435 3.41727
22170 3.39753
10536 3.36043
6336 3.34175
21813 3.32492
7142 3.2655
29626 3.25892
3030 3.21685
27388 3.20523
25505 3.16785
8969 3.10724
1599 3.0964
10196 3.04453
27863 3.04293
16629 3.04287
26323 3.03807
19032 3.03219
12118 2.98376
27208 2.96524
31553 2.95915
11481 2.90575
18328 2.89444
5802 2.88658
40204 2.88504
6140 2.88134
4994 2.86438
15493 2.84575
40525 2.82246
31140 2.81922
39183 2.80678
18835 2.77407
31301 2.77381
11626 2.73387
9239 2.73044
17667 2.7244
36952 2.70131
30379 2.69566
18561 2.69183
18340 2.67148
80 2.63993
15012 2.6122
18842 2.60732
6067 2.5702
24041 2.557
22313 2.54041
34998 2.52756
30417 2.52402
20763 2.5168
24972 2.50678
29923 2.48747
15264 2.47021
24126 2.46564
37958 2.46103
14337 2.44157
34923 2.43188
4900 2.4129
25689 2.39545
29901 2.39512
22184 2.38355
32930 2.37928
39172 2.37197
14534 2.36224
30425 2.36213
7132 2.33274
30676 2.3147
11789 2.31462
27796 2.28833
556 2.28561
17441 2.26428
7921 2.25502
18329 2.24895
12816 2.22266
26928 2.21114
6830 2.21082
19527 2.19845
39951 2.19778
7412 2.19551
29030 2.17499
15958 2.16592
33497 2.16304
23432 2.14009
11393 2.13945
35978 2.12797
30216 2.12773
8356 2.09291
21978 2.08046
25095 2.06075
23886 2.05311
3162 2.04175
2652 2.04084
25076 2.02119
4848 2.00139
30693 1.99422
32611 1.98335
34123 1.98296
24596 1.95973
37882 1.95459
30275 1.95022
31228 1.94895
32016 1.9474
28521 1.94523
9583 1.91203
38856 1.91179
5821 1.91131
39519 1.89729
39245 1.88849
33518 1.86826
34768 1.86472
4934 1.85665
11331 1.85232
33256 1.83741
21801 1.8343
15562 1.82499
29640 1.81982
28478 1.816
28434 1.8067
8497 1.79758
25659 1.77769
36160 1.77388
26832 1.76677
38956 1.76243
12525 1.76064
19327 1.74897
34098 1.74683
18208 1.71767
20442 1.71097
35265 1.69205
24957 1.68586
39947 1.68164
26058 1.67441
110 1.67305
6033 1.67191
11052 1.66273
18230 1.65844
27612 1.64107
30136 1.63297
6166 1.62816
24678 1.62415
2168 1.61496
40597 1.60666
3936 1.60453
20230 1.5998
31352 1.58999
16787 1.58651
36927 1.58294
37597 1.58177
6172 1.56699
14489 1.55327
34457 1.54487
13628 1.54365
27033 1.53003
24400 1.52681
17590 1.52492
30234 1.52287
31450 1.51863
26312 1.51445
38583 1.51176
8177 1.50119
2863 1.49501
18963 1.48987
1610 1.47412
8427 1.4667
4719 1.46614
2786 1.46297
26069 1.4617
27975 1.45
3583 1.44167
22390 1.43994
3356 1.42179
17444 1.41859
11536 1.41645
8208 1.41132
13766 1.40454
10424 1.38817
21534 1.38759
15225 1.38088
19253 1.37871
3018 1.37628
23468 1.36549
1760 1.36542
23715 1.3537
17120 1.34946
35706 1.33908
32231 1.32702
25474 1.32362
34770 1.32345
23566 1.32295
612 1.32064
39962 1.31396
7145 1.31044
17900 1.31036
8688 1.30357
32788 1.30239
26398 1.29652
2869 1.28022
25765 1.273
19511 1.27195
21757 1.26833
7076 1.26704
30094 1.26478
20250 1.25188
22989 1.25128
13073 1.24286
6715 1.24036
14842 1.23485
6298 1.22328
7852 1.20373
35099 1.20167
25833 1.20096
38346 1.20043
12104 1.19967
32036 1.18395
4112 1.178
38468 1.17617
11080 1.16317
24624 1.16109
16236 1.1609
29237 1.15858
9736 1.15828
18369 1.15202
8672 1.15119
6654 1.13909
21912 1.13846
35203 1.13246
40414 1.12787
27190 1.12205
27989 1.11824
13337 1.1131
7245 1.10911
39567 1.10703
26546 1.10326
15056 1.09693
35463 1.09463
8615 1.08955
24849 1.07903
1923 1.07692
40788 1.07248
34030 1.066
22953 1.06217
18356 1.0606
38776 1.06047
11559 1.05778
17154 1.05775
18017 1.05047
37502 1.0504
25831 1.04164
6859 1.03786
38863 1.03686
22787 1.03097
33052 1.02733
18845 1.0266
8828 1.02349
20007 1.02063
34579 1.01423
15916 1.0094
40923 0.99177
17786 0.990624
22405 0.987053
38446 0.983784
16603 0.976974
26854 0.973016
21703 0.972532
30209 0.969879
33108 0.967077
37546 0.966418
36673 0.966052
11101 0.965733
33046 0.964035
1659 0.96349
26541 0.956837
4025 0.941452
2846 0.937948
40764 0.93785
30929 0.932316
27740 0.926861
4028 0.926164
21903 0.925241
39960 0.918239
1109 0.918111
12377 0.917857
38891 0.911335
40383 0.910672
23240 0.89431
1830 0.893953
34439 0.890519
416 0.890412
7253 0.88713
5840 0.88327
4023 0.882519
10925 0.874657
1789 0.869745
6667 0.867539
29125 0.86444
1462 0.856097
6216 0.85423
2585 0.847264
29211 0.846127
8027 0.844874
34043 0.842667
34911 0.839809
16395 0.839286
13231 0.83806
5209 0.832446
90 0.830091
1355 0.821499
5603 0.821429
40861 0.819298
38535 0.81395
18248 0.809524
7630 0.808824
9680 0.802909
39216 0.798214
28739 0.793733
6252 0.792201
25065 0.79098
11909 0.789437
1965 0.787042
4484 0.78227
30990 0.778373
22456 0.777707
14569 0.775737
576 0.773259
35538 0.772558
18753 0.77002
11808 0.764309
35271 0.764194
