23843 12.0472
16390 7.86941
13309 6.0869
29401 5.39946
23024 4.43587
40882 3.86518
24754 3.67424
18887 3.6623
14774 2.62619
26122 2.42645
24670 2.41413
25583 2.16726
6159 2.06905
4036 2.02617
38630 1.73452
3111 1.69632
21689 1.65055
16868 1.53648
36256 1.53089
21712 1.51901
34312 1.48187
5904 1.47778
34758 1.42619
33233 1.37216
11277 1.25043
32668 1.17726
28500 1.14444
19032 1.13452
17592 1.10833
5484 1.10625
16090 1.03258
30294 1.00903
21606 0.996825
4998 0.969298
34737 0.941468
8507 0.934524
27333 0.886111
39640 0.845562
16683 0.828114
10689 0.817201
10061 0.808882
6399 0.794173
6112 0.792262
12209 0.791667
14398 0.78373
20000 0.783333
10587 0.783333
18950 0.783333
29871 0.777778
7436 0.757576
31153 0.75
12069 0.75
8672 0.75
11650 0.674242
1720 0.674242
40519 0.666667
14801 0.665278
38627 0.658333
39936 0.653967
8735 0.650548
9334 0.650256
4975 0.65
9243 0.625
15948 0.592857
11150 0.592857
12278 0.583333
27160 0.575
19259 0.5625
4506 0.561111
14096 0.559524
5124 0.558333
35882 0.552632
19781 0.552632
5895 0.535256
26346 0.5
20088 0.5
39908 0.490811
4890 0.47619
16313 0.467822
20250 0.452632
20459 0.446429
20109 0.446429
10804 0.44359
32599 0.443312
17063 0.4375
744 0.436111
19419 0.433333
33952 0.410145
9249 0.407576
31985 0.405556
19820 0.402778
7947 0.3875
9059 0.385965
12694 0.38254
17056 0.378968
15344 0.378968
18328 0.37113
25075 0.365601
73 0.365601
2675 0.363947
25885 0.359289
18428 0.359289
20705 0.350641
11497 0.349206
37576 0.333333
37557 0.333333
34761 0.333333
24996 0.333333
24821 0.333333
22857 0.333333
20583 0.333333
20231 0.333333
20049 0.333333
19217 0.333333
17976 0.333333
16095 0.333333
14759 0.333333
13654 0.333333
7929 0.333333
3265 0.333333
2885 0.333333
37134 0.326923
25016 0.326923
40014 0.322917
2674 0.321429
21885 0.316667
38812 0.313131
31972 0.313034
3603 0.310689
23196 0.309524
17131 0.309524
1834 0.309524
37888 0.302632
16723 0.29707
34384 0.293478
6756 0.268541
12427 0.267361
865 0.257989
6049 0.254701
32329 0.254555
40149 0.25
38424 0.25
35614 0.25
34768 0.25
33596 0.25
23928 0.25
21942 0.25
12741 0.25
11032 0.25
8646 0.25
7277 0.25
2375 0.25
225 0.25
20875 0.24906
24423 0.247159
16571 0.240666
26627 0.236607
27195 0.233333
36130 0.230998
10319 0.215278
16817 0.214583
40342 0.2
34519 0.2
33582 0.2
31778 0.2
29140 0.2
22355 0.2
20473 0.2
20055 0.2
19236 0.2
18999 0.2
9064 0.2
8673 0.2
7781 0.2
7579 0.2
5214 0.2
3922 0.2
3300 0.2
2547 0.2
656 0.2
543 0.2
1885 0.196256
9423 0.190058
39361 0.188743
29492 0.181573
20353 0.173929
7233 0.173929
39848 0.166667
33960 0.166667
33792 0.166667
32652 0.166667
31283 0.166667
30045 0.166667
28572 0.166667
23252 0.166667
23112 0.166667
21943 0.166667
18757 0.166667
17169 0.166667
15151 0.166667
13043 0.166667
13000 0.166667
7742 0.166667
7400 0.166667
7150 0.166667
6235 0.166667
3501 0.166667
1450 0.166667
1148 0.166667
38535 0.165739
32885 0.165739
3920 0.165739
22692 0.15859
29695 0.155196
27245 0.15
15605 0.15
40830 0.142857
34841 0.142857
31239 0.142857
28345 0.142857
25728 0.142857
25353 0.142857
23696 0.142857
23031 0.142857
22594 0.142857
20158 0.142857
19607 0.142857
19428 0.142857
18584 0.142857
18310 0.142857
17295 0.142857
15609 0.142857
14121 0.142857
7639 0.142857
7316 0.142857
6611 0.142857
4567 0.142857
2566 0.142857
39 0.142857
3483 0.140548
22501 0.136429
14683 0.136429
12206 0.136429
19582 0.13611
17158 0.13611
3074 0.13611
19755 0.134489
40906 0.125
40147 0.125
39296 0.125
38553 0.125
37307 0.125
35808 0.125
33901 0.125
28350 0.125
25952 0.125
25783 0.125
24936 0.125
24267 0.125
23312 0.125
22955 0.125
21839 0.125
21592 0.125
20455 0.125
20180 0.125
17106 0.125
16576 0.125
15842 0.125
13490 0.125
12873 0.125
12589 0.125
7476 0.125
5430 0.125
5067 0.125
1129 0.125
40190 0.111111
29376 0.111111
25844 0.111111
24616 0.111111
14371 0.111111
13267 0.111111
12611 0.111111
9885 0.111111
3036 0.111111
1094 0.111111
38354 0.106871
40604 0.103273
15067 0.103273
13608 0.103273
33163 0.1
31235 0.1
24825 0.1
39732 0.0909091
37720 0.0909091
36483 0.0909091
30102 0.0909091
26178 0.0909091
22407 0.0909091
18463 0.0909091
15376 0.0909091
321 0.0909091
35297 0.0833333
33009 0.0833333
25535 0.0833333
24722 0.0833333
23795 0.0833333
13141 0.0833333
10480 0.0833333
8505 0.0833333
7666 0.0833333
5371 0.0833333
4472 0.0833333
3901 0.0833333
2350 0.0833333
1904 0.0833333
40033 0.0769231
32522 0.0769231
27841 0.0769231
2153 0.0769231
992 0.0769231
39791 0.0714286
33267 0.0714286
32870 0.0714286
32688 0.0714286
29634 0.0714286
29373 0.0714286
27732 0.0714286
26153 0.0714286
25065 0.0714286
24785 0.0714286
24505 0.0714286
24239 0.0714286
23898 0.0714286
23656 0.0714286
19293 0.0714286
17828 0.0714286
16534 0.0714286
15659 0.0714286
14138 0.0714286
9572 0.0714286
9392 0.0714286
7125 0.0714286
6738 0.0714286
5139 0.0714286
4870 0.0714286
902 0.0714286
36147 0.0666667
35404 0.0666667
28551 0.0666667
9320 0.0666667
3050 0.0666667
920 0.0666667
39705 0.0625
35339 0.0625
34578 0.0625
34433 0.0625
34262 0.0625
33185 0.0625
27963 0.0625
25219 0.0625
24406 0.0625
22192 0.0625
22079 0.0625
21911 0.0625
19792 0.0625
17715 0.0625
17041 0.0625
16416 0.0625
15295 0.0625
10686 0.0625
9665 0.0625
9561 0.0625
8569 0.0625
5059 0.0625
3200 0.0625
1642 0.0625
32808 0.0555556
20010 0.0555556
16968 0.0555556
16789 0.0555556
15231 0.0555556
11046 0.0555556
9615 0.0555556
8586 0.0555556
40326 0.0526316
36072 0.0526316
31897 0.0526316
27082 0.0526316
23232 0.0526316
19352 0.0526316
18800 0.0526316
16231 0.0526316
16030 0.0526316
14931 0.0526316
11131 0.0526316
9558 0.0526316
6985 0.0526316
6547 0.0526316
5867 0.0526316
1170 0.0526316
39336 0.0434783
38225 0.0434783
32355 0.0434783
30694 0.0434783
25524 0.0434783
19586 0.0434783
17942 0.0434783
11184 0.0434783
1874 0.0434783
16123 0.0416667
1514 0.0416667
37758 0.04
28216 0.04
18405 0.04
18401 0.04
17830 0.04
7480 0.04
28916 0.03125
27135 0.03125
23078 0.03125
20159 0.03125
19097 0.03125
13246 0.03125
4991 0.03125
1589 0.03125
39810 0.0263158
39758 0.0263158
36888 0.0263158
32783 0.0263158
31516 0.0263158
26839 0.0263158
26820 0.0263158
26632 0.0263158
25964 0.0263158
24393 0.0263158
23903 0.0263158
22330 0.0263158
20804 0.0263158
20225 0.0263158
16281 0.0263158
15758 0.0263158
15663 0.0263158
9877 0.0263158
9705 0.0263158
4033 0.0263158
2123 0.0263158
1713 0.0263158
210 0.0263158
39894 0.025641
38670 0.025641
29551 0.025641
29318 0.025641
28106 0.025641
27926 0.025641
26143 0.025641
23446 0.025641
19664 0.025641
16417 0.025641
16065 0.025641
16059 0.025641
16001 0.025641
15099 0.025641
14318 0.025641
12652 0.025641
10765 0.025641
10379 0.025641
8452 0.025641
7592 0.025641
6369 0.025641
5497 0.025641
2154 0.025641
40125 0.025
38848 0.025
38241 0.025
37806 0.025
37444 0.025
36294 0.025
35551 0.025
34238 0.025
28170 0.025
27666 0.025
25374 0.025
23820 0.025
18411 0.025
17260 0.025
14364 0.025
13819 0.025
12040 0.025
10568 0.025
4867 0.025
3436 0.025
1442 0.025
818 0.025
737 0.025
40980 0
40979 0
40978 0
40977 0
40976 0
40975 0
