36888 10.1317
21341 8.30721
38354 7.28452
28308 7.22933
704 7.21104
32733 7.09625
31155 5.7256
336 5.67472
2089 5.17231
37916 5.00351
37928 4.60065
33786 4.45263
23678 4.06896
9167 4.01357
7123 3.81394
4855 3.60511
7797 3.32866
9195 3.23485
23995 2.79735
3239 2.53186
12871 2.52655
495 2.48143
24190 2.35165
20804 2.29086
24413 2.22659
32922 2.17762
9705 2.09467
1146 1.96781
16281 1.8518
6185 1.7929
27882 1.77289
39696 1.76902
10031 1.6703
4400 1.65116
9707 1.62862
26820 1.61523
34039 1.59775
18504 1.57175
32581 1.52715
22811 1.51987
18745 1.51438
31559 1.48082
8164 1.47008
37431 1.3978
2868 1.39731
18328 1.36733
39810 1.35996
11703 1.35323
34084 1.29308
33235 1.28793
40671 1.26128
6405 1.24254
7110 1.22119
39798 1.16449
16627 1.14772
4755 1.142
15309 1.13936
35329 1.10595
13253 1.08663
30503 1.0803
19984 1.07729
20246 1.0589
2771 1.03792
9877 1.03416
4783 1.02582
14990 0.989836
33957 0.982255
33701 0.966211
9576 0.9595
25964 0.954454
35377 0.93658
29216 0.910981
4040 0.897251
3014 0.876558
18042 0.853939
3113 0.846736
4186 0.845624
33132 0.835988
19155 0.832253
27189 0.813061
30842 0.786004
17242 0.760359
24496 0.745319
210 0.735577
25464 0.726025
39655 0.719912
2269 0.709906
19428 0.7
23159 0.697653
30498 0.671699
26113 0.662617
32064 0.655012
25403 0.630023
8339 0.622633
21699 0.620325
7146 0.61132
40395 0.590544
39801 0.589423
18566 0.588363
5506 0.581558
2344 0.576537
17426 0.574696
32399 0.568548
20806 0.565535
35991 0.56226
28339 0.554947
25216 0.550288
27362 0.549667
38308 0.549066
3640 0.541891
31209 0.539822
24827 0.532903
16562 0.517964
12450 0.515772
26887 0.515152
9805 0.513301
17017 0.509524
33609 0.50581
32783 0.501863
16929 0.493992
17559 0.490365
16351 0.487282
36979 0.481103
19103 0.476391
36169 0.475192
1713 0.467495
11676 0.457602
34737 0.457576
12676 0.455983
34746 0.452381
26632 0.45151
4838 0.45123
24220 0.450505
13858 0.44916
20225 0.444117
30145 0.443478
6883 0.429199
19355 0.427246
38894 0.420233
22115 0.41978
26469 0.403215
34331 0.398104
39758 0.391692
22865 0.390382
22330 0.386902
32700 0.38348
1798 0.37553
35266 0.362797
17951 0.358766
4351 0.357576
18202 0.35218
26872 0.343868
37294 0.342156
3792 0.338806
15328 0.338333
8920 0.337752
35800 0.337366
36633 0.335501
28182 0.333333
13267 0.333333
7940 0.323413
2123 0.321652
20429 0.319389
16837 0.319255
31516 0.314528
32626 0.314109
6824 0.312753
34226 0.311275
14147 0.311231
33833 0.307334
5206 0.305559
15342 0.304723
22748 0.294843
14450 0.29259
22398 0.290858
22363 0.289716
14785 0.287813
38169 0.286147
9352 0.285642
23791 0.280303
11272 0.279221
38718 0.276046
20482 0.268954
34247 0.268498
4010 0.261996
32853 0.261117
13676 0.259988
33669 0.250923
11084 0.250923
172 0.250747
24275 0.249001
1961 0.248506
6476 0.248268
40406 0.244436
25251 0.24373
30524 0.240742
19938 0.238773
25052 0.237648
3893 0.236163
1671 0.235517
22329 0.22589
35593 0.225175
26839 0.222449
39284 0.220605
25995 0.220605
27855 0.215971
29608 0.211963
24547 0.211188
13381 0.209777
38138 0.208396
27507 0.205711
35073 0.204254
35623 0.203685
38331 0.203379
13223 0.203379
12332 0.202949
35477 0.20148
4485 0.20047
21715 0.200136
14557 0.200007
31091 0.2
26925 0.2
18313 0.2
16453 0.2
9318 0.2
35900 0.198793
10195 0.198366
39538 0.197797
5023 0.196465
28162 0.19496
6084 0.194941
7311 0.193343
28368 0.192974
10671 0.192314
12027 0.189312
32005 0.188159
40812 0.186448
25439 0.185817
19930 0.184052
3289 0.183257
32312 0.180926
20796 0.180648
23074 0.180078
39233 0.17976
21789 0.17976
35764 0.179657
24141 0.176984
27111 0.175015
26061 0.172242
22909 0.171387
2075 0.170952
435 0.170802
928 0.169569
16856 0.166971
29401 0.166667
865 0.166667
15003 0.165761
25692 0.165521
26951 0.165303
5913 0.164073
13438 0.163729
146 0.162777
8360 0.160401
39250 0.160231
34866 0.160231
40938 0.159074
26129 0.157345
7345 0.15674
5312 0.155814
5133 0.155724
3865 0.153636
1185 0.153593
37315 0.153485
29344 0.153095
18355 0.153095
5662 0.153095
14536 0.151417
7682 0.15128
19032 0.150718
35867 0.148109
32798 0.147271
27293 0.144484
11428 0.143304
40518 0.142857
36530 0.142857
33633 0.142857
28500 0.142857
25330 0.142857
24166 0.142857
19226 0.142857
15564 0.142857
12218 0.142857
10648 0.142857
4506 0.142857
23903 0.142316
4033 0.142316
16163 0.140203
11884 0.140203
9070 0.140203
21095 0.139928
39886 0.137923
10711 0.136078
2708 0.136078
34738 0.135959
30988 0.133974
10145 0.130343
37476 0.126683
22366 0.125881
5925 0.125881
34366 0.125
31082 0.125
30274 0.125
26919 0.125
19275 0.125
17766 0.125
16431 0.125
14625 0.125
10705 0.125
1020 0.125
11238 0.12445
19985 0.122025
19602 0.122025
25975 0.119334
6078 0.118373
5897 0.118373
12778 0.11824
35168 0.117608
38997 0.117302
6207 0.116977
39794 0.115658
25391 0.112755
1766 0.111737
40760 0.111111
19689 0.111111
10071 0.111111
4250 0.111111
2885 0.111111
29352 0.108853
566 0.108571
22357 0.108102
18078 0.108102
13710 0.108102
23037 0.104689
35431 0.104264
29079 0.104154
24948 0.10414
27070 0.103158
8792 0.102082
39023 0.100505
34294 0.1
10946 0.1
7485 0.1
18346 0.0979421
16098 0.0978836
19711 0.0960071
22634 0.0950458
18482 0.0935793
13350 0.0933452
27559 0.0933263
3033 0.0933263
39152 0.0933025
10733 0.0932326
6073 0.0928724
37129 0.0928347
13456 0.0923077
28400 0.092151
25212 0.0909091
23666 0.0909091
18224 0.0909091
17948 0.0909091
12513 0.0909091
4171 0.0909091
3785 0.0909091
2011 0.0909091
1873 0.0909091
33871 0.0907034
8424 0.0905256
25230 0.0903422
5670 0.089106
20463 0.0873011
9114 0.0865779
37487 0.0833333
4391 0.0833333
38732 0.0822836
21106 0.0814773
30147 0.0787248
31718 0.0769231
25963 0.0769231
4795 0.0769231
11552 0.0765439
6869 0.0760097
34434 0.0757095
14497 0.0757095
28187 0.0755411
33842 0.0749269
5713 0.0749269
31050 0.0731937
31194 0.0729504
37669 0.0724602
5041 0.0724602
12392 0.0719549
11346 0.0714286
25127 0.0695471
24169 0.0695471
12259 0.0695471
1496 0.0695471
8789 0.0692191
22859 0.0690397
9843 0.0681818
39117 0.0674923
25326 0.0674923
24942 0.0667915
20965 0.0667915
22433 0.0666667
7333 0.0666667
2967 0.0649274
7590 0.0648275
5290 0.0646154
27861 0.0637626
27447 0.0637626
12320 0.0625
9441 0.0625
26691 0.0607503
23406 0.0607503
32438 0.0600755
2684 0.0598896
15663 0.0598822
34122 0.0596043
16876 0.0596043
20250 0.0588235
14050 0.0588235
5068 0.0588235
1702 0.0588235
30899 0.0578283
20766 0.0576451
32408 0.057505
22793 0.057505
9363 0.057505
417 0.057505
40881 0.0573291
28830 0.0573291
8753 0.0573291
34354 0.0569094
20492 0.0569094
20097 0.0569094
34962 0.0558353
1694 0.0558353
39315 0.0557568
35986 0.0555556
22225 0.0555556
38816 0.0547142
14728 0.0546803
4812 0.0546803
4231 0.0546803
13918 0.0535421
39501 0.0526316
31973 0.0526316
24564 0.0526316
7840 0.0526316
7444 0.0526316
8450 0.0512083
6745 0.0503648
2382 0.0503648
17418 0.0502455
15368 0.05
20908 0.0498642
13423 0.0498642
8112 0.0498642
11091 0.0497117
14492 0.0481964
26098 0.047619
21745 0.047619
3897 0.047619
14659 0.046373
8346 0.046373
16797 0.0462103
38313 0.0454545
35322 0.0454545
26904 0.0454545
16722 0.0454545
5611 0.0454545
26492 0.0441558
37638 0.0440991
36552 0.0440991
36376 0.0440991
34748 0.0440991
22818 0.0440991
18717 0.0440991
589 0.0440991
39595 0.0434783
29980 0.0434783
19784 0.0434783
17292 0.0434783
14950 0.0434783
12312 0.0434783
5961 0.0434783
5265 0.0434783
13904 0.0416667
2389 0.0416667
1229 0.0416667
