14833 4.69094
35254 2.56816
18135 1.9343
14699 1.66728
5161 1.66728
19883 1.46624
32202 1.04856
32890 0.976725
14334 0.940039
12954 0.903182
34882 0.69359
39835 0.608013
10314 0.575515
22540 0.434524
20101 0.409682
39847 0.35119
28822 0.35119
39124 0.320513
30808 0.320513
10032 0.316468
13980 0.30609
13146 0.30609
29808 0.301923
15877 0.301923
34849 0.256817
18863 0.256817
10513 0.256817
31254 0.25
25815 0.248835
7936 0.248835
22324 0.245401
36765 0.210145
34368 0.210145
32073 0.210145
8947 0.2
7446 0.2
29472 0.166667
15708 0.166667
658 0.143015
9602 0.142857
37483 0.125
27099 0.125
26483 0.125
21290 0.125
10489 0.125
2301 0.125
35149 0.1
8651 0.1
36233 0.0769231
35244 0.0769231
33339 0.0769231
29277 0.0769231
26834 0.0769231
17073 0.0769231
8768 0.0769231
21750 0.0625
19872 0.0625
10342 0.0625
941 0.0625
40361 0.0434783
35182 0.0434783
27018 0.0434783
25805 0.0434783
19504 0.0434783
17046 0.0434783
13860 0.0434783
32885 0.037037
27585 0.037037
20008 0.037037
18788 0.037037
17083 0.037037
13643 0.037037
12580 0.037037
10523 0.037037
9442 0.037037
8662 0.037037
6625 0.037037
6347 0.037037
878 0.037037
39242 0.0216586
37540 0.0216586
36636 0.0216586
34433 0.0216586
33656 0.0216586
33185 0.0216586
33137 0.0216586
32589 0.0216586
32518 0.0216586
32229 0.0216586
31480 0.0216586
31301 0.0216586
30972 0.0216586
29913 0.0216586
27963 0.0216586
26148 0.0216586
25780 0.0216586
25057 0.0216586
24382 0.0216586
24296 0.0216586
22674 0.0216586
21629 0.0216586
20489 0.0216586
20229 0.0216586
20035 0.0216586
19566 0.0216586
18946 0.0216586
18274 0.0216586
17715 0.0216586
17634 0.0216586
17438 0.0216586
17075 0.0216586
16946 0.0216586
16517 0.0216586
16446 0.0216586
15658 0.0216586
15115 0.0216586
13735 0.0216586
13432 0.0216586
13157 0.0216586
13043 0.0216586
10923 0.0216586
10686 0.0216586
10358 0.0216586
10073 0.0216586
9773 0.0216586
8867 0.0216586
5198 0.0216586
5153 0.0216586
5151 0.0216586
1975 0.0216586
1638 0.0216586
1456 0.0216586
939 0.0216586
40872 0.00917431
39545 0.00917431
39048 0.00917431
38873 0.00917431
38512 0.00917431
37868 0.00917431
37805 0.00917431
37413 0.00917431
36168 0.00917431
36033 0.00917431
34737 0.00917431
34022 0.00917431
33976 0.00917431
33121 0.00917431
32628 0.00917431
32493 0.00917431
31473 0.00917431
31063 0.00917431
30583 0.00917431
30480 0.00917431
29401 0.00917431
29254 0.00917431
28347 0.00917431
26813 0.00917431
25035 0.00917431
24464 0.00917431
23043 0.00917431
22684 0.00917431
22594 0.00917431
20808 0.00917431
20727 0.00917431
20167 0.00917431
16597 0.00917431
16425 0.00917431
13763 0.00917431
13672 0.00917431
13309 0.00917431
11281 0.00917431
10682 0.00917431
10072 0.00917431
5141 0.00917431
4576 0.00917431
4290 0.00917431
3379 0.00917431
2024 0.00917431
401 0.00917431
40970 0.008
40754 0.008
40260 0.008
39528 0.008
39346 0.008
38752 0.008
38453 0.008
36491 0.008
35396 0.008
34390 0.008
32634 0.008
32453 0.008
32449 0.008
32293 0.008
32228 0.008
31980 0.008
31431 0.008
31039 0.008
30823 0.008
30765 0.008
28621 0.008
26909 0.008
25720 0.008
25194 0.008
24752 0.008
24475 0.008
24156 0.008
23549 0.008
23019 0.008
21999 0.008
21859 0.008
21794 0.008
20760 0.008
20320 0.008
18378 0.008
17214 0.008
16791 0.008
14472 0.008
13573 0.008
13249 0.008
12654 0.008
12572 0.008
12049 0.008
11556 0.008
11450 0.008
11401 0.008
10983 0.008
9744 0.008
7836 0.008
7816 0.008
7540 0.008
7391 0.008
5997 0.008
5693 0.008
5691 0.008
5680 0.008
4785 0.008
3387 0.008
3054 0.008
2332 0.008
1672 0.008
1616 0.008
1316 0.008
1313 0.008
1091 0.008
40967 0.0044843
40582 0.0044843
39896 0.0044843
39102 0.0044843
38906 0.0044843
38707 0.0044843
38704 0.0044843
37935 0.0044843
37682 0.0044843
37372 0.0044843
37184 0.0044843
36963 0.0044843
36878 0.0044843
36757 0.0044843
36663 0.0044843
36473 0.0044843
35925 0.0044843
35691 0.0044843
35369 0.0044843
35336 0.0044843
35287 0.0044843
34916 0.0044843
34311 0.0044843
34167 0.0044843
33362 0.0044843
33342 0.0044843
33078 0.0044843
32661 0.0044843
32494 0.0044843
32383 0.0044843
31894 0.0044843
31887 0.0044843
31509 0.0044843
30916 0.0044843
30180 0.0044843
30054 0.0044843
29428 0.0044843
29162 0.0044843
28603 0.0044843
28345 0.0044843
27886 0.0044843
27807 0.0044843
27514 0.0044843
26795 0.0044843
26226 0.0044843
26097 0.0044843
26087 0.0044843
25865 0.0044843
25750 0.0044843
25668 0.0044843
25587 0.0044843
25525 0.0044843
25155 0.0044843
24825 0.0044843
24740 0.0044843
24414 0.0044843
24106 0.0044843
24028 0.0044843
24002 0.0044843
23813 0.0044843
23696 0.0044843
23609 0.0044843
23555 0.0044843
23154 0.0044843
22879 0.0044843
22785 0.0044843
22402 0.0044843
22326 0.0044843
21911 0.0044843
21810 0.0044843
21320 0.0044843
21141 0.0044843
20706 0.0044843
20350 0.0044843
20273 0.0044843
20204 0.0044843
20106 0.0044843
19800 0.0044843
19402 0.0044843
19141 0.0044843
19032 0.0044843
18798 0.0044843
18650 0.0044843
17770 0.0044843
17696 0.0044843
17525 0.0044843
17368 0.0044843
17326 0.0044843
17175 0.0044843
16968 0.0044843
16915 0.0044843
16789 0.0044843
16318 0.0044843
16212 0.0044843
16043 0.0044843
16034 0.0044843
15922 0.0044843
15236 0.0044843
15231 0.0044843
15046 0.0044843
14886 0.0044843
14726 0.0044843
14690 0.0044843
14166 0.0044843
12986 0.0044843
12800 0.0044843
12758 0.0044843
12544 0.0044843
12369 0.0044843
12054 0.0044843
11173 0.0044843
11054 0.0044843
10751 0.0044843
10737 0.0044843
10731 0.0044843
10444 0.0044843
10361 0.0044843
10273 0.0044843
10006 0.0044843
9862 0.0044843
9665 0.0044843
9561 0.0044843
9540 0.0044843
9386 0.0044843
8962 0.0044843
8861 0.0044843
8465 0.0044843
8261 0.0044843
8068 0.0044843
8052 0.0044843
7708 0.0044843
7691 0.0044843
7641 0.0044843
7319 0.0044843
6983 0.0044843
6563 0.0044843
6255 0.0044843
6096 0.0044843
6061 0.0044843
5663 0.0044843
4922 0.0044843
4512 0.0044843
4417 0.0044843
4218 0.0044843
3447 0.0044843
2840 0.0044843
2647 0.0044843
2633 0.0044843
2560 0.0044843
2483 0.0044843
2289 0.0044843
2263 0.0044843
2241 0.0044843
1781 0.0044843
1642 0.0044843
1346 0.0044843
1068 0.0044843
919 0.0044843
363 0.0044843
186 0.0044843
52 0.0044843
40980 0
40979 0
40978 0
40977 0
40976 0
40975 0
40974 0
40973 0
40972 0
40971 0
40969 0
40968 0
40966 0
40965 0
40964 0
40963 0
40962 0
40961 0
40960 0
40959 0
40958 0
40957 0
40956 0
40955 0
40954 0
40953 0
40952 0
40951 0
40950 0
40949 0
40948 0
40947 0
40946 0
40945 0
40944 0
40943 0
40942 0
40941 0
40940 0
40939 0
40938 0
40937 0
40936 0
40935 0
40934 0
40933 0
40932 0
40931 0
40930 0
40929 0
40928 0
40927 0
40926 0
40925 0
40924 0
40923 0
40922 0
40921 0
40920 0
40919 0
40918 0
40917 0
40916 0
40915 0
40914 0
40913 0
40912 0
40911 0
40910 0
40909 0
40908 0
40907 0
40906 0
40905 0
40904 0
40903 0
40902 0
40901 0
40900 0
40899 0
40898 0
40897 0
40896 0
40895 0
40894 0
40893 0
40892 0
40891 0
40890 0
40889 0
40888 0
40887 0
40886 0
40885 0
40884 0
