23843 8.74144
22501 7.38378
29401 7.21971
8831 4.05207
16390 3.66928
25016 3.26046
13309 2.45397
32329 2.29286
3721 2.14876
34737 1.62662
18109 1.62111
22956 1.615
16339 1.45952
8313 1.36087
28500 1.24747
4890 1.10758
12069 1.10714
14398 1.07262
31153 1.06859
18428 1.00682
39 0.960635
37758 0.930195
2675 0.928247
32885 0.923153
20250 0.793939
11723 0.783333
2674 0.68557
19820 0.673568
19016 0.666667
9249 0.642857
25685 0.616667
28353 0.611111
15709 0.592857
7714 0.592857
30123 0.581468
36378 0.561111
29466 0.561111
13000 0.561111
7125 0.560931
12427 0.559432
16231 0.558333
33239 0.553114
10480 0.545455
39980 0.540909
797 0.538462
25583 0.53807
17501 0.527778
353 0.511111
22034 0.485714
7277 0.472633
2864 0.457576
40472 0.448756
31604 0.443478
37519 0.442276
40789 0.421015
18757 0.396825
15680 0.39359
14230 0.39359
37888 0.381818
9243 0.380952
34348 0.376623
4325 0.373611
24984 0.366923
24670 0.357576
40149 0.333333
37100 0.333333
29158 0.333333
23435 0.333333
12450 0.333333
12251 0.333333
10555 0.333333
2107 0.333333
1065 0.333333
40882 0.316883
38640 0.316667
12982 0.316468
32814 0.311111
39296 0.310256
33238 0.309524
39640 0.305128
16933 0.301681
32522 0.294935
947 0.294444
31946 0.279589
26011 0.279589
22355 0.274242
18328 0.274242
27135 0.265235
39179 0.261111
21198 0.261111
36647 0.25
36210 0.25
22253 0.25
19259 0.25
15605 0.25
15592 0.25
10587 0.25
9740 0.25
9423 0.25
4695 0.25
1148 0.25
783 0.25
1514 0.247475
4998 0.247135
27333 0.244048
14739 0.239286
33371 0.237637
17295 0.237637
36651 0.230978
34327 0.230978
9442 0.224242
14543 0.213287
10689 0.213287
38310 0.2
35882 0.2
32668 0.2
29710 0.2
29373 0.2
29337 0.2
29011 0.2
28815 0.2
26528 0.2
24572 0.2
22451 0.2
21889 0.2
16683 0.2
7781 0.2
6848 0.2
987 0.2
823 0.194589
17158 0.19329
27045 0.169167
341 0.169167
40562 0.166667
38553 0.166667
36727 0.166667
33475 0.166667
32403 0.166667
32325 0.166667
25844 0.166667
25529 0.166667
25465 0.166667
25353 0.166667
23972 0.166667
21906 0.166667
20120 0.166667
17313 0.166667
16416 0.166667
14667 0.166667
14188 0.166667
13916 0.166667
13245 0.166667
8617 0.166667
6303 0.166667
6239 0.166667
39908 0.157509
29421 0.157509
27248 0.152381
20353 0.152381
37506 0.150216
26153 0.150216
40402 0.142857
38055 0.142857
34758 0.142857
33633 0.142857
28572 0.142857
26306 0.142857
26070 0.142857
23625 0.142857
20884 0.142857
20150 0.142857
19829 0.142857
19643 0.142857
19586 0.142857
18401 0.142857
17230 0.142857
14774 0.142857
12906 0.142857
7402 0.142857
5711 0.142857
33634 0.125
31498 0.125
27064 0.125
25895 0.125
25582 0.125
22763 0.125
19032 0.125
18275 0.125
17252 0.125
16090 0.125
15634 0.125
15593 0.125
5820 0.125
39288 0.111111
30794 0.111111
28235 0.111111
24997 0.111111
23836 0.111111
18829 0.111111
18216 0.111111
17056 0.111111
16569 0.111111
12466 0.111111
9820 0.111111
5166 0.111111
3130 0.111111
38485 0.1
34510 0.1
20841 0.1
12741 0.1
40714 0.0909091
40304 0.0909091
37960 0.0909091
36395 0.0909091
36041 0.0909091
35346 0.0909091
31301 0.0909091
26178 0.0909091
24894 0.0909091
24522 0.0909091
23024 0.0909091
22305 0.0909091
20167 0.0909091
19395 0.0909091
18397 0.0909091
16817 0.0909091
16803 0.0909091
9665 0.0909091
8672 0.0909091
2840 0.0909091
30412 0.0833333
25885 0.0833333
19792 0.0833333
16447 0.0833333
16313 0.0833333
15151 0.0833333
12464 0.0833333
5394 0.0833333
3016 0.0833333
458 0.0833333
37496 0.0769231
35988 0.0769231
35290 0.0769231
34312 0.0769231
33533 0.0769231
33267 0.0769231
26805 0.0769231
23696 0.0769231
19404 0.0769231
16633 0.0769231
16250 0.0769231
15672 0.0769231
12735 0.0769231
11662 0.0769231
11113 0.0769231
10542 0.0769231
6367 0.0769231
16576 0.0714286
7233 0.0714286
5214 0.0714286
39936 0.0666667
34893 0.0666667
34761 0.0666667
32511 0.0666667
32198 0.0666667
30186 0.0666667
29528 0.0666667
28286 0.0666667
26758 0.0666667
25200 0.0666667
24850 0.0666667
23286 0.0666667
23206 0.0666667
21943 0.0666667
17312 0.0666667
14884 0.0666667
13172 0.0666667
9818 0.0666667
9307 0.0625
5178 0.0625
19770 0.0588235
19045 0.0588235
40299 0.047619
32620 0.047619
29902 0.047619
21323 0.047619
18711 0.047619
12421 0.047619
2885 0.047619
40856 0.0454545
39627 0.0454545
39085 0.0454545
37328 0.0454545
37064 0.0454545
36725 0.0454545
34537 0.0454545
34438 0.0454545
28928 0.0454545
25507 0.0454545
25202 0.0454545
23724 0.0454545
23120 0.0454545
23110 0.0454545
15869 0.0454545
13370 0.0454545
11591 0.0454545
10234 0.0454545
9287 0.0454545
4412 0.0454545
1218 0.0454545
38619 0.0434783
37855 0.0434783
32090 0.0434783
25584 0.0434783
18642 0.0434783
12670 0.0434783
4606 0.0434783
40578 0.04
38084 0.04
28216 0.04
26917 0.04
23388 0.04
4378 0.04
126 0.04
40326 0.0384615
39732 0.0384615
39620 0.0384615
39361 0.0384615
31897 0.0384615
30102 0.0384615
29695 0.0384615
27841 0.0384615
27082 0.0384615
18800 0.0384615
18463 0.0384615
13204 0.0384615
9813 0.0384615
9558 0.0384615
6502 0.0384615
5867 0.0384615
39174 0.0357143
34123 0.0357143
31236 0.0357143
29492 0.0357143
24760 0.0357143
19582 0.0357143
12873 0.0357143
9009 0.0357143
1538 0.0357143
38535 0.0333333
27245 0.0333333
24785 0.0333333
22009 0.0333333
20369 0.0333333
19518 0.0333333
12589 0.0333333
9572 0.0333333
6112 0.0333333
4870 0.0333333
3783 0.0333333
40980 0
40979 0
40978 0
40977 0
40976 0
40975 0
40974 0
40973 0
40972 0
40971 0
40970 0
40969 0
40968 0
40967 0
40966 0
40965 0
40964 0
40963 0
40962 0
40961 0
40960 0
40959 0
40958 0
40957 0
40956 0
40955 0
40954 0
40953 0
40952 0
40951 0
40950 0
40949 0
40948 0
40947 0
40946 0
40945 0
40944 0
40943 0
40942 0
40941 0
40940 0
40939 0
40938 0
40937 0
40936 0
40935 0
40934 0
40933 0
40932 0
40931 0
40930 0
40929 0
40928 0
40927 0
40926 0
40925 0
40924 0
40923 0
40922 0
40921 0
40920 0
40919 0
40918 0
40917 0
40916 0
40915 0
40914 0
40913 0
40912 0
40911 0
40910 0
40909 0
40908 0
40907 0
40906 0
40905 0
40904 0
40903 0
40902 0
40901 0
40900 0
40899 0
40898 0
40897 0
40896 0
40895 0
40894 0
40893 0
40892 0
40891 0
40890 0
40889 0
40888 0
40887 0
40886 0
40885 0
40884 0
40883 0
40881 0
40880 0
40879 0
40878 0
40877 0
40876 0
40875 0
40874 0
40873 0
40872 0
40871 0
40870 0
40869 0
40868 0
40867 0
40866 0
40865 0
40864 0
40863 0
40862 0
40861 0
40860 0
40859 0
40858 0
40857 0
40855 0
40854 0
40853 0
40852 0
40851 0
40850 0
40849 0
40848 0
40847 0
40846 0
40845 0
40844 0
40843 0
40842 0
40841 0
40840 0
40839 0
