27799 18.6283
13654 13.9383
36400 7.6858
7145 5.83457
17312 5.5922
37027 5.5416
21323 5.51051
14138 5.11611
37342 4.82503
12569 4.21768
15416 3.99547
6654 3.97028
2885 3.813
16395 3.71624
33653 3.43075
35766 3.29107
24239 3.19548
35734 3.0708
24678 3.05773
38856 2.98066
22711 2.94964
13916 2.8838
3940 2.71741
19277 2.51005
1610 2.40421
16504 2.28975
9196 2.28762
22745 2.25728
35346 2.24639
30793 2.18232
21889 2.06999
432 2.00085
19379 1.91194
31947 1.83648
40890 1.8359
6592 1.80256
31140 1.74437
30897 1.70506
36796 1.69018
18834 1.67907
22530 1.51335
25826 1.49875
18248 1.48962
32324 1.47157
23843 1.42564
8412 1.37167
22405 1.34834
12766 1.31305
16298 1.27845
39671 1.2777
2168 1.27322
27926 1.25709
16745 1.24797
2781 1.2412
39177 1.23544
22184 1.17266
28094 1.15887
14546 1.15518
18520 1.15333
29634 1.10602
15012 1.05253
39155 1.04582
5660 1.02197
15225 0.995929
16806 0.99166
36918 0.990464
37070 0.952168
2877 0.950529
32374 0.945893
27752 0.941057
31046 0.919298
6863 0.897042
28651 0.896037
35265 0.860714
33633 0.853119
20928 0.852066
21160 0.834921
15467 0.833105
25765 0.818347
32620 0.816453
23251 0.796682
26095 0.794745
35894 0.786689
3541 0.785473
23963 0.772258
556 0.767971
39962 0.721405
40204 0.711057
27190 0.695213
39245 0.693437
27740 0.692298
30676 0.688915
27989 0.688915
11080 0.688915
38952 0.684999
15665 0.676389
19313 0.672069
16236 0.666667
14943 0.665675
30933 0.665273
3068 0.659471
885 0.659297
35525 0.652457
33898 0.649495
19461 0.645643
273 0.642857
5778 0.641411
26084 0.625866
12952 0.620408
26476 0.616071
15075 0.609306
468 0.602096
21757 0.600063
25479 0.597368
25651 0.596549
4761 0.595022
29923 0.587477
110 0.578674
39947 0.577383
11626 0.574054
4499 0.569935
6830 0.567457
39791 0.562557
32536 0.554584
2786 0.547749
30693 0.544305
22218 0.53979
25885 0.535354
7852 0.5323
8177 0.532114
23439 0.528563
6011 0.525
2869 0.524802
12922 0.52396
35317 0.517947
10210 0.50681
11810 0.499888
39661 0.494817
13937 0.493165
19653 0.489899
21662 0.488378
5821 0.483766
36952 0.482709
13507 0.479498
32552 0.475491
40342 0.457238
19284 0.454902
15276 0.454032
3535 0.44712
3852 0.439387
17154 0.435917
31367 0.433333
18329 0.427096
4189 0.426822
27033 0.424043
37881 0.417542
6041 0.410006
2069 0.409668
25968 0.408105
13628 0.408008
6924 0.406259
18558 0.400641
8592 0.397495
37502 0.396001
36528 0.394709
21217 0.394533
7076 0.39148
22594 0.388889
30209 0.385223
19648 0.382981
39925 0.381667
30636 0.374536
29875 0.373663
27134 0.37316
10576 0.37316
9317 0.372839
33108 0.364493
28110 0.364493
13927 0.362407
18773 0.361111
26069 0.354419
18844 0.353333
20830 0.346739
1760 0.345408
13297 0.344877
40525 0.340748
37374 0.338423
16100 0.335714
21703 0.334313
36438 0.333333
28855 0.333333
26018 0.333333
20085 0.333333
14154 0.333333
12423 0.333333
7630 0.333333
7122 0.333333
6462 0.333333
27863 0.327558
35185 0.324712
22368 0.324712
27395 0.321823
16283 0.319044
12788 0.316487
4112 0.316399
25200 0.314719
4484 0.309524
1942 0.309267
16117 0.309188
30216 0.305503
34123 0.305115
36313 0.302657
27486 0.301681
5937 0.296672
6859 0.295617
17277 0.294517
8035 0.294432
6807 0.294291
11389 0.293712
24400 0.289751
830 0.285185
3821 0.285063
27168 0.283895
36278 0.283815
39231 0.283333
29455 0.280303
12525 0.277778
26832 0.275242
6199 0.274733
3002 0.273766
16001 0.272445
16076 0.271193
1659 0.270682
32043 0.268572
20099 0.268572
34363 0.267157
7099 0.264866
6319 0.26265
6518 0.260967
25831 0.260547
828 0.259949
35793 0.258895
11113 0.253802
23732 0.251579
35194 0.250924
33267 0.250831
40788 0.25
31283 0.25
25774 0.25
16390 0.25
2971 0.25
2731 0.25
595 0.25
38500 0.248167
29626 0.248167
4848 0.248148
39172 0.244048
6417 0.244007
12449 0.242554
22404 0.241013
12976 0.239165
27059 0.238668
14164 0.236644
32688 0.234127
33256 0.231606
20007 0.230159
13337 0.229184
29851 0.226933
40601 0.221726
19032 0.221726
9309 0.220137
29901 0.219173
20933 0.218835
10 0.217917
31072 0.217778
20569 0.214286
38762 0.212832
38118 0.212832
27161 0.211275
27965 0.209178
4934 0.207344
5852 0.200159
18997 0.200145
1355 0.200145
25362 0.2
24825 0.2
21548 0.2
13972 0.2
12108 0.2
938 0.198288
9239 0.194264
35063 0.19268
17590 0.192302
31318 0.187261
8237 0.186464
31564 0.181648
10654 0.181159
2484 0.180186
22300 0.175516
13513 0.173844
2951 0.173407
36440 0.17326
36160 0.172734
17917 0.172522
21186 0.172258
8197 0.172112
23653 0.172069
22568 0.172069
21284 0.172069
4872 0.171429
1973 0.171121
23206 0.16939
16629 0.169106
19967 0.168397
25184 0.168223
33052 0.168025
19511 0.168025
9001 0.168025
2262 0.167864
19391 0.167607
40462 0.166667
40314 0.166667
34768 0.166667
33038 0.166667
30112 0.166667
24596 0.166667
14015 0.166667
10480 0.166667
8991 0.166667
8242 0.166667
17943 0.165863
5719 0.163744
40644 0.162893
17412 0.162478
27349 0.159649
31810 0.159481
15591 0.159298
14006 0.159278
16233 0.159008
27704 0.158081
1519 0.157665
30665 0.15273
14286 0.15273
31343 0.1525
11914 0.1525
39183 0.150856
8615 0.150278
39960 0.149351
34116 0.149351
6140 0.148777
31160 0.148396
11718 0.147002
416 0.145455
37546 0.144814
19580 0.143452
18407 0.142861
32886 0.142857
20326 0.142857
20286 0.142857
13759 0.142857
10536 0.142857
7859 0.142857
6996 0.142857
2866 0.142857
37729 0.138295
4058 0.137876
4486 0.137587
2863 0.137427
22930 0.137225
15212 0.136667
2424 0.136667
20177 0.136652
8408 0.136652
9197 0.136568
25367 0.13526
12105 0.135123
9823 0.134991
2618 0.134191
38956 0.131722
15826 0.131722
29030 0.13067
3140 0.129315
17631 0.129048
34561 0.128658
391 0.127584
34664 0.127105
39001 0.125
37795 0.125
35193 0.125
32437 0.125
27869 0.125
22094 0.125
19191 0.125
18369 0.125
18328 0.125
17049 0.125
15834 0.125
11136 0.125
978 0.125
705 0.125
6793 0.124167
350 0.124167
8969 0.122895
34923 0.121721
21000 0.121648
3713 0.116917
1791 0.11638
7618 0.116204
15873 0.114926
14894 0.113316
16723 0.113095
22773 0.112914
14980 0.112914
3596 0.112914
3371 0.111476
1142 0.111476
40705 0.111111
37305 0.111111
34312 0.111111
32829 0.111111
31415 0.111111
28521 0.111111
26353 0.111111
16085 0.111111
14314 0.111111
12945 0.111111
8854 0.111111
22283 0.110165
35706 0.108014
19832 0.107334
33119 0.106707
27825 0.105053
39951 0.104889
2837 0.104753
29225 0.104304
19950 0.103252
27388 0.102896
34043 0.102269
328 0.102183
12393 0.1013
3561 0.1013
29077 0.101073
39888 0.1
37426 0.1
35777 0.1
31582 0.1
27840 0.1
20749 0.1
19517 0.1
13471 0.1
4900 0.1
4296 0.1
2621 0.1
612 0.1
24751 0.0985632
38141 0.0984169
233 0.0984169
31589 0.097053
6158 0.0961851
21978 0.0961773
14768 0.0961773
12935 0.0961773
21782 0.0958866
10424 0.0958866
17317 0.0949949
24972 0.0947937
16424 0.0947937
33477 0.0940039
3755 0.0935722
34034 0.0935565
23370 0.0923401
40618 0.0916792
28844 0.0909091
24019 0.0909091
22949 0.0909091
22537 0.0909091
20516 0.0909091
19555 0.0909091
14583 0.0909091
10823 0.0909091
9615 0.0909091
9423 0.0909091
6049 0.0909091
2669 0.0909091
785 0.0909091
614 0.0909091
37800 0.0906006
36630 0.0893111
15493 0.0893111
31723 0.0871212
23898 0.0871212
31352 0.0862319
37942 0.0850821
39472 0.0845425
19167 0.0845425
13661 0.0839257
40883 0.0833333
39596 0.0833333
39507 0.0833333
34030 0.0833333
