19032 60.1613
28345 12.9897
16968 8.40852
543 7.34772
30916 6.37505
30038 6.02611
31806 5.18221
16789 4.85529
23696 4.30871
23843 3.76746
31874 3.01712
18136 2.93889
29075 2.92897
25780 2.66946
11565 2.6661
18328 2.41469
31283 2.41429
22656 2.37013
25155 2.09447
20410 2.0821
35307 2.06226
23859 2.05373
17696 1.96993
31301 1.9157
24002 1.76581
8136 1.69881
8672 1.69562
8943 1.65647
23724 1.38333
31880 1.37763
5087 1.32619
10923 1.24286
5214 1.22778
2560 1.191
27769 1.14583
18930 1.1247
2390 1.08377
32888 0.999054
21005 0.987302
27799 0.983333
15830 0.959957
13043 0.952381
6563 0.930772
865 0.914113
2727 0.90119
16298 0.89881
12701 0.867857
38456 0.866667
22594 0.866667
13194 0.855556
20808 0.819372
3936 0.783333
25181 0.777381
33826 0.753968
24497 0.751587
32885 0.75
17487 0.749431
29109 0.733333
24825 0.730536
5869 0.727183
26807 0.70859
1026 0.703217
23368 0.682546
34768 0.67619
15231 0.668192
8676 0.666667
37711 0.653968
11173 0.620252
2118 0.611111
11046 0.601594
34737 0.6
32209 0.57619
34069 0.566667
38906 0.562796
40136 0.558314
25745 0.55752
8027 0.535714
26755 0.525298
38336 0.524621
19800 0.516667
35755 0.515873
16696 0.503472
5633 0.50111
19262 0.496382
28388 0.492857
38535 0.491667
7721 0.490909
19678 0.478737
786 0.47549
66 0.473649
10761 0.469298
25668 0.465079
9337 0.457576
40883 0.444444
20845 0.443102
20347 0.443102
12986 0.442857
22247 0.430556
28586 0.425
39586 0.424066
7728 0.419935
7434 0.41978
9862 0.409524
15656 0.398352
7236 0.397917
6262 0.396825
39962 0.390476
2885 0.390476
23228 0.387057
36990 0.385714
7610 0.385714
2840 0.380952
4998 0.377778
38391 0.377227
22328 0.376568
23499 0.361111
32651 0.358333
14690 0.353968
35317 0.333333
26305 0.333333
25096 0.333333
18878 0.333333
15644 0.333333
13309 0.333333
11966 0.333333
878 0.333333
17790 0.291586
6380 0.291586
8711 0.283333
1346 0.280952
4113 0.279816
15494 0.277244
12313 0.27619
36189 0.263869
38322 0.257293
7858 0.257293
31952 0.251681
20541 0.251171
37570 0.25
35253 0.25
24264 0.25
23332 0.25
22711 0.25
22709 0.25
22455 0.25
20282 0.25
19712 0.25
15666 0.25
14074 0.25
13794 0.25
12197 0.25
10378 0.25
9892 0.25
4677 0.25
4099 0.25
766 0.25
12948 0.2493
22613 0.247092
24239 0.222619
20980 0.222619
31354 0.221012
40017 0.2
34262 0.2
33276 0.2
31329 0.2
27822 0.2
27307 0.2
26475 0.2
26381 0.2
25016 0.2
24894 0.2
21823 0.2
17976 0.2
17960 0.2
15605 0.2
14657 0.2
14518 0.2
13834 0.2
12966 0.2
10770 0.2
10543 0.2
5072 0.2
2869 0.2
1975 0.2
1859 0.2
17782 0.197935
21827 0.191506
17098 0.188889
30567 0.181201
5174 0.176568
40967 0.167189
33025 0.167189
8269 0.167189
38144 0.166667
37888 0.166667
37442 0.166667
36899 0.166667
36283 0.166667
32202 0.166667
25889 0.166667
25309 0.166667
22014 0.166667
20814 0.166667
20243 0.166667
20136 0.166667
18950 0.166667
17185 0.166667
14430 0.166667
8718 0.166667
6041 0.166667
454 0.166667
12747 0.152058
6583 0.146382
40012 0.142857
37924 0.142857
35336 0.142857
35147 0.142857
34433 0.142857
33298 0.142857
32600 0.142857
23858 0.142857
22627 0.142857
17859 0.142857
16716 0.142857
15171 0.142857
13806 0.142857
13333 0.142857
13207 0.142857
10510 0.142857
9591 0.142857
8531 0.142857
5362 0.142857
3594 0.142857
39 0.142857
6403 0.133631
39977 0.13133
39848 0.125
38077 0.125
22445 0.125
21926 0.125
20913 0.125
4512 0.125
4352 0.125
28031 0.121851
25245 0.121851
15498 0.121851
17522 0.120139
23729 0.115879
37973 0.111111
35529 0.111111
30467 0.111111
27410 0.111111
27061 0.111111
19072 0.111111
13960 0.111111
13689 0.111111
3228 0.111111
39765 0.1
37025 0.1
27226 0.1
21911 0.1
20420 0.1
20273 0.1
14190 0.1
33456 0.0909091
31498 0.0909091
26236 0.0909091
7328 0.0909091
6448 0.0909091
36388 0.0866055
27239 0.0866055
7658 0.0856153
38918 0.0833333
37048 0.0833333
29737 0.0833333
38569 0.0769231
32344 0.0769231
17970 0.0769231
17335 0.0769231
15535 0.0769231
15258 0.0769231
9747 0.0769231
3403 0.0769231
461 0.0769231
23386 0.0714286
24678 0.0666667
8612 0.0666667
5040 0.0666667
1081 0.0666667
32646 0.0625
29845 0.0625
27506 0.0625
21353 0.0625
16017 0.0625
5632 0.0625
3673 0.0625
29793 0.0588235
23603 0.0588235
14924 0.0588235
36389 0.0555556
31059 0.0555556
29369 0.0555556
25288 0.0555556
20588 0.0555556
20090 0.0555556
3633 0.0555556
34955 0.0526316
34511 0.0526316
31665 0.0526316
22795 0.0526316
40204 0.05
39463 0.05
36313 0.05
35220 0.05
32620 0.05
31312 0.05
26786 0.05
25505 0.05
22530 0.05
20704 0.05
19708 0.05
15467 0.05
6906 0.05
4217 0.05
3152 0.05
32055 0.0479962
28934 0.0479962
24740 0.0479962
18984 0.0479962
15898 0.0479962
15046 0.0479962
12757 0.0479962
9864 0.0479962
4480 0.0479962
1594 0.0479962
39791 0.047619
36528 0.047619
35734 0.047619
35063 0.047619
33545 0.047619
22184 0.047619
21075 0.047619
17638 0.047619
12911 0.047619
9924 0.047619
9665 0.047619
9197 0.047619
556 0.047619
233 0.047619
35445 0.0454545
22935 0.0454545
13252 0.0454545
40604 0.0434783
39640 0.0434783
38697 0.0434783
38241 0.0434783
37806 0.0434783
34340 0.0434783
34238 0.0434783
33286 0.0434783
28248 0.0434783
27666 0.0434783
26504 0.0434783
25776 0.0434783
25374 0.0434783
22979 0.0434783
18411 0.0434783
17260 0.0434783
16099 0.0434783
14364 0.0434783
13819 0.0434783
12040 0.0434783
9254 0.0434783
8983 0.0434783
4867 0.0434783
3436 0.0434783
1002 0.0434783
886 0.0434783
14025 0.04
8407 0.04
28588 0.0357143
15809 0.0357143
14091 0.0357143
13197 0.0357143
10612 0.0357143
39504 0.03125
26385 0.03125
23568 0.03125
22565 0.03125
3573 0.03125
36828 0.0222222
33895 0.0222222
22149 0.0222222
20390 0.0222222
2370 0.0222222
39932 0.015873
39706 0.015873
38231 0.015873
36929 0.015873
36585 0.015873
34448 0.015873
26926 0.015873
26875 0.015873
24933 0.015873
21164 0.015873
20351 0.015873
18364 0.015873
16438 0.015873
14343 0.015873
7777 0.015873
5784 0.015873
3867 0.015873
499 0.015873
446 0.015873
39916 0.00990099
39867 0.00990099
35676 0.00990099
34800 0.00990099
31324 0.00990099
30797 0.00990099
30455 0.00990099
29943 0.00990099
28213 0.00990099
27889 0.00990099
24033 0.00990099
23706 0.00990099
23640 0.00990099
22976 0.00990099
22893 0.00990099
22476 0.00990099
20686 0.00990099
20478 0.00990099
19730 0.00990099
19430 0.00990099
18351 0.00990099
16819 0.00990099
16028 0.00990099
12714 0.00990099
12095 0.00990099
11548 0.00990099
9913 0.00990099
9767 0.00990099
8433 0.00990099
7387 0.00990099
7204 0.00990099
5807 0.00990099
4533 0.00990099
4450 0.00990099
4278 0.00990099
3743 0.00990099
953 0.00990099
40980 0
40979 0
40978 0
40977 0
40976 0
40975 0
40974 0
40973 0
40972 0
40971 0
40970 0
40969 0
40968 0
40966 0
40965 0
40964 0
40963 0
40962 0
40961 0
40960 0
40959 0
40958 0
40957 0
40956 0
40955 0
40954 0
40953 0
40952 0
40951 0
40950 0
40949 0
40948 0
40947 0
40946 0
40945 0
40944 0
40943 0
40942 0
40941 0
40940 0
40939 0
40938 0
40937 0
40936 0
40935 0
40934 0
40933 0
40932 0
40931 0
