15148 5.16984
19072 4.99342
3228 3.78849
27234 3.66026
232 2.42097
22864 1.9623
3028 1.93571
20906 1.79359
23992 1.49875
26615 1.3754
27595 1.34381
17895 1.31026
20488 1.25119
31329 1.15181
21467 1.04167
17493 1.01292
12980 0.939846
15991 0.927381
33297 0.888889
1757 0.877778
34716 0.833333
25242 0.748637
5758 0.658333
36886 0.627778
33298 0.575
8160 0.575
25028 0.525
9712 0.511111
34418 0.466891
32278 0.44359
27061 0.434524
1061 0.425
21450 0.420635
32801 0.408333
2318 0.396429
1532 0.384524
15403 0.378968
37973 0.373352
28359 0.373352
39959 0.370635
6627 0.370401
3936 0.367857
2343 0.363095
18328 0.360481
18905 0.353846
11551 0.353846
11592 0.336111
3027 0.336111
28091 0.333333
25827 0.333333
24681 0.333333
21068 0.333333
18573 0.333333
16589 0.333333
11485 0.333333
8619 0.333333
2359 0.333333
1313 0.333333
17446 0.323413
23696 0.295635
3731 0.295635
40073 0.279589
12210 0.254589
9457 0.254589
35866 0.252778
8798 0.252778
32885 0.25
28269 0.25
14109 0.25
13974 0.24359
34768 0.213095
12748 0.213095
40023 0.2
37995 0.2
37793 0.2
34174 0.2
33036 0.2
24838 0.2
21862 0.2
19858 0.2
15378 0.2
13700 0.2
5786 0.2
996 0.2
29223 0.190018
34427 0.166667
28805 0.166667
22867 0.166667
19995 0.166667
4716 0.166667
4609 0.166667
38163 0.142857
37924 0.142857
25335 0.142857
21723 0.142857
21075 0.142857
19324 0.142857
10769 0.142857
7955 0.142857
35662 0.125
31562 0.125
27980 0.125
25311 0.125
24353 0.125
20047 0.125
18809 0.125
17351 0.125
11004 0.125
10107 0.125
1045 0.125
28167 0.112923
35277 0.111111
27087 0.111111
16955 0.111111
14344 0.111111
2091 0.111111
543 0.111111
33242 0.1
19660 0.1
39125 0.0769231
37027 0.0769231
30793 0.0769231
29851 0.0769231
29775 0.0769231
27926 0.0769231
27033 0.0769231
24228 0.0769231
23370 0.0769231
15674 0.0769231
14943 0.0769231
13654 0.0769231
13507 0.0769231
1462 0.0769231
36881 0.0714286
32630 0.0714286
31710 0.0714286
26678 0.0714286
24727 0.0714286
14851 0.0714286
12558 0.0714286
27538 0.0555556
23332 0.0555556
20956 0.0555556
2929 0.0555556
2814 0.0555556
39184 0.0434783
32348 0.0434783
32098 0.0434783
21855 0.0434783
19179 0.0434783
18563 0.0434783
13460 0.0434783
8276 0.0434783
38879 0.0416667
36298 0.0416667
32154 0.0416667
29122 0.0416667
26601 0.0416667
23858 0.0416667
20689 0.0416667
19095 0.0416667
19032 0.0416667
13450 0.0416667
13043 0.0416667
12338 0.0416667
10582 0.0416667
8946 0.0416667
4906 0.0416667
1572 0.0416667
1075 0.0416667
40814 0.0277778
39901 0.0277778
38193 0.0277778
35786 0.0277778
32450 0.0277778
30398 0.0277778
30230 0.0277778
24841 0.0277778
24787 0.0277778
20738 0.0277778
18279 0.0277778
17037 0.0277778
14469 0.0277778
10957 0.0277778
10735 0.0277778
10008 0.0277778
9406 0.0277778
8737 0.0277778
8665 0.0277778
6961 0.0277778
2046 0.0277778
40980 0
40979 0
40978 0
40977 0
40976 0
40975 0
40974 0
40973 0
40972 0
40971 0
40970 0
40969 0
40968 0
40967 0
40966 0
40965 0
40964 0
40963 0
40962 0
40961 0
40960 0
40959 0
40958 0
40957 0
40956 0
40955 0
40954 0
40953 0
40952 0
40951 0
40950 0
40949 0
40948 0
40947 0
40946 0
40945 0
40944 0
40943 0
40942 0
40941 0
40940 0
40939 0
40938 0
40937 0
40936 0
40935 0
40934 0
40933 0
40932 0
40931 0
40930 0
40929 0
40928 0
40927 0
40926 0
40925 0
40924 0
40923 0
40922 0
40921 0
40920 0
40919 0
40918 0
40917 0
40916 0
40915 0
40914 0
40913 0
40912 0
40911 0
40910 0
40909 0
40908 0
40907 0
40906 0
40905 0
40904 0
40903 0
40902 0
40901 0
40900 0
40899 0
40898 0
40897 0
40896 0
40895 0
40894 0
40893 0
40892 0
40891 0
40890 0
40889 0
40888 0
40887 0
40886 0
40885 0
40884 0
40883 0
40882 0
40881 0
40880 0
40879 0
40878 0
40877 0
40876 0
40875 0
40874 0
40873 0
40872 0
40871 0
40870 0
40869 0
40868 0
40867 0
40866 0
40865 0
40864 0
40863 0
40862 0
40861 0
40860 0
40859 0
40858 0
40857 0
40856 0
40855 0
40854 0
40853 0
40852 0
40851 0
40850 0
40849 0
40848 0
40847 0
40846 0
40845 0
40844 0
40843 0
40842 0
40841 0
40840 0
40839 0
40838 0
40837 0
40836 0
40835 0
40834 0
40833 0
40832 0
40831 0
40830 0
40829 0
40828 0
40827 0
40826 0
40825 0
40824 0
40823 0
40822 0
40821 0
40820 0
40819 0
40818 0
40817 0
40816 0
40815 0
40813 0
40812 0
40811 0
40810 0
40809 0
40808 0
40807 0
40806 0
40805 0
40804 0
40803 0
40802 0
40801 0
40800 0
40799 0
40798 0
40797 0
40796 0
40795 0
40794 0
40793 0
40792 0
40791 0
40790 0
40789 0
40788 0
40787 0
40786 0
40785 0
40784 0
40783 0
40782 0
40781 0
40780 0
40779 0
40778 0
40777 0
40776 0
40775 0
40774 0
40773 0
40772 0
40771 0
40770 0
40769 0
40768 0
40767 0
40766 0
40765 0
40764 0
40763 0
40762 0
40761 0
40760 0
40759 0
40758 0
40757 0
40756 0
40755 0
40754 0
40753 0
40752 0
40751 0
40750 0
40749 0
40748 0
40747 0
40746 0
40745 0
40744 0
40743 0
40742 0
40741 0
40740 0
40739 0
40738 0
40737 0
40736 0
40735 0
40734 0
40733 0
40732 0
40731 0
40730 0
40729 0
40728 0
40727 0
40726 0
40725 0
40724 0
40723 0
40722 0
40721 0
40720 0
40719 0
40718 0
40717 0
40716 0
40715 0
40714 0
40713 0
40712 0
40711 0
40710 0
40709 0
40708 0
40707 0
40706 0
40705 0
40704 0
40703 0
40702 0
40701 0
40700 0
40699 0
40698 0
40697 0
40696 0
40695 0
40694 0
40693 0
40692 0
40691 0
40690 0
40689 0
40688 0
40687 0
40686 0
40685 0
40684 0
40683 0
40682 0
40681 0
40680 0
40679 0
40678 0
40677 0
40676 0
40675 0
40674 0
40673 0
40672 0
40671 0
