39967 1.77212
26300 1.02103
1704 0.976044
4534 0.919375
40340 0.913425
28060 0.836781
11788 0.812198
23187 0.542192
2865 0.537841
25662 0.514571
11603 0.49486
26920 0.471315
8703 0.468844
26816 0.467147
6364 0.467147
5472 0.467147
27397 0.465057
19794 0.440753
1792 0.440614
32149 0.421366
27228 0.421366
38126 0.415598
10546 0.409631
8777 0.409631
8256 0.409631
7911 0.409631
21242 0.408466
22146 0.381744
28763 0.372537
9107 0.356229
23827 0.341891
7101 0.320591
28728 0.297445
12305 0.297445
17480 0.293011
13703 0.293011
39223 0.287822
33770 0.287822
25601 0.287822
24532 0.287822
17377 0.287822
14116 0.287822
10380 0.287822
8743 0.287822
3504 0.287822
9308 0.286755
36826 0.283472
23642 0.283472
40828 0.279402
17361 0.25
5534 0.228721
25147 0.219164
11960 0.21589
16458 0.208568
5248 0.208568
18358 0.208235
14275 0.204994
28854 0.202228
37644 0.201076
21050 0.200912
40193 0.189124
13651 0.189124
3660 0.189124
16583 0.187948
10837 0.187948
7548 0.187948
4521 0.187948
27438 0.181759
19706 0.181759
10740 0.181759
987 0.181759
35742 0.176562
10998 0.176562
40377 0.169027
39458 0.169027
8693 0.169027
24326 0.157213
5992 0.157213
5627 0.157213
34524 0.144167
32260 0.144167
7510 0.144167
6102 0.143041
37575 0.142857
11050 0.135552
34335 0.129618
31525 0.129618
21694 0.129618
14872 0.129618
33229 0.120515
29818 0.117847
28145 0.117847
25588 0.117847
23041 0.117847
22582 0.117847
22484 0.117847
20987 0.117847
19128 0.117847
16478 0.117847
2208 0.117847
18047 0.115731
10049 0.115731
34540 0.113874
30672 0.113874
28044 0.113874
13325 0.113874
2234 0.109315
2102 0.109315
26514 0.108836
608 0.108836
40736 0.106949
37194 0.0867707
5439 0.0867707
5418 0.0833333
35232 0.0832221
21696 0.082197
18743 0.082197
13668 0.082197
39497 0.0794263
37039 0.0769231
36025 0.0769231
22717 0.0769231
13054 0.0769231
12516 0.0769231
4784 0.0769231
28615 0.0739448
24908 0.0739448
2002 0.0739448
32215 0.0708188
25702 0.0708188
19756 0.0708188
11834 0.0708188
10578 0.0708188
10372 0.0708188
9623 0.0708188
1512 0.0708188
33988 0.0674123
39713 0.0656198
29587 0.0656198
28868 0.0656198
24478 0.0656198
19247 0.0656198
14729 0.0656198
12359 0.0656198
11217 0.0656198
5451 0.0656198
33408 0.0583502
26935 0.0583502
26156 0.0583502
25402 0.0583502
25224 0.0583502
25146 0.0583502
24052 0.0583502
23698 0.0583502
21305 0.0583502
14021 0.0583502
13093 0.0583502
10090 0.0583502
9836 0.0583502
9326 0.0583502
8739 0.0583502
8415 0.0583502
4754 0.0583502
3332 0.0583502
1047 0.0583502
8761 0.0580308
31320 0.0559673
33336 0.0555556
15670 0.0555556
12065 0.0555556
18609 0.0471986
38754 0.0466702
38473 0.0466702
37532 0.0466702
37460 0.0466702
31686 0.0466702
27647 0.0466702
18554 0.0466702
17731 0.0466702
40056 0.0434783
17734 0.0428463
33736 0.0418137
37985 0.04
25701 0.04
10678 0.04
5614 0.04
36343 0.0348917
17587 0.0348917
10281 0.0348917
2624 0.0348917
34669 0.0342768
34504 0.0342768
26662 0.0342768
4379 0.0342768
20408 0.030303
6060 0.030303
40308 0.0293791
23799 0.0293791
23124 0.0293791
20289 0.0293791
10288 0.0293791
6646 0.0293791
4426 0.0293791
4214 0.0293791
2117 0.0293791
869 0.0293791
38071 0.0280661
19304 0.0280661
10656 0.0280661
3609 0.0280661
39309 0.0232558
36040 0.0208333
25123 0.0208333
17890 0.0208333
5834 0.0208333
38745 0.0197175
36004 0.0197175
35118 0.0197175
34752 0.0197175
32871 0.0197175
31819 0.0197175
29148 0.0197175
28230 0.0197175
27034 0.0197175
26640 0.0197175
22325 0.0197175
19718 0.0197175
19064 0.0197175
16845 0.0197175
15471 0.0197175
14714 0.0197175
14547 0.0197175
14342 0.0197175
13730 0.0197175
11879 0.0197175
10345 0.0197175
4768 0.0197175
3427 0.0197175
1858 0.0197175
2433 0.0196078
40605 0.0176992
38734 0.0176992
36989 0.0176992
32390 0.0176992
32216 0.0176992
30376 0.0176992
29121 0.0176992
28217 0.0176992
27557 0.0176992
25752 0.0176992
23620 0.0176992
23144 0.0176992
16932 0.0176992
16353 0.0176992
15577 0.0176992
14983 0.0176992
14246 0.0176992
13744 0.0176992
11858 0.0176992
9073 0.0176992
8102 0.0176992
6037 0.0176992
5705 0.0176992
5136 0.0176992
2874 0.0176992
2377 0.0176992
2036 0.0176992
40847 0.0140845
35112 0.0140845
34710 0.0140845
32429 0.0140845
32192 0.0140845
31727 0.0140845
27791 0.0140845
26069 0.0140845
20315 0.0140845
8332 0.0140845
8178 0.0140845
5129 0.0140845
4114 0.0140845
2594 0.0140845
2286 0.0140845
16137 0.0125
39691 0.0113636
35368 0.0113636
31935 0.0113636
27076 0.0113636
23497 0.0113636
20609 0.0113636
19154 0.0113636
17133 0.0113636
15582 0.0113636
14453 0.0113636
14192 0.0113636
13475 0.0113636
11121 0.0113636
10120 0.0113636
6676 0.0113636
4566 0.0113636
2855 0.0113636
1412 0.0113636
822 0.0113636
211 0.0113636
16606 0.00769231
15655 0.00769231
37510 0.00719424
30563 0.00719424
26768 0.00719424
21402 0.00719424
20375 0.00719424
3773 0.00719424
1688 0.00719424
40623 0.00657895
40005 0.00657895
39473 0.00657895
38523 0.00657895
36396 0.00657895
36225 0.00657895
31121 0.00657895
29117 0.00657895
26073 0.00657895
25426 0.00657895
22374 0.00657895
21768 0.00657895
21444 0.00657895
20430 0.00657895
18076 0.00657895
17614 0.00657895
13103 0.00657895
11800 0.00657895
8780 0.00657895
7030 0.00657895
6587 0.00657895
6150 0.00657895
4130 0.00657895
3619 0.00657895
816 0.00657895
39947 0.00628931
39785 0.00628931
39652 0.00628931
39212 0.00628931
39210 0.00628931
37523 0.00628931
36462 0.00628931
35887 0.00628931
35346 0.00628931
34835 0.00628931
34794 0.00628931
32851 0.00628931
30676 0.00628931
30227 0.00628931
28022 0.00628931
27989 0.00628931
27799 0.00628931
27400 0.00628931
27154 0.00628931
26915 0.00628931
26472 0.00628931
23760 0.00628931
20250 0.00628931
20005 0.00628931
18020 0.00628931
17521 0.00628931
17373 0.00628931
17033 0.00628931
16189 0.00628931
15995 0.00628931
14917 0.00628931
13673 0.00628931
13497 0.00628931
13140 0.00628931
11080 0.00628931
9606 0.00628931
9470 0.00628931
9048 0.00628931
4542 0.00628931
3337 0.00628931
2834 0.00628931
962 0.00628931
110 0.00628931
40362 0.00483092
31511 0.00483092
22835 0.00483092
22513 0.00483092
19716 0.00483092
15960 0.00483092
12017 0.00483092
9963 0.00483092
9681 0.00483092
9329 0.00483092
5884 0.00483092
5490 0.00483092
2277 0.00483092
2056 0.00483092
40980 0
40979 0
40978 0
40977 0
40976 0
40975 0
40974 0
40973 0
40972 0
40971 0
40970 0
40969 0
40968 0
40967 0
40966 0
40965 0
40964 0
40963 0
40962 0
40961 0
40960 0
40959 0
40958 0
40957 0
40956 0
40955 0
40954 0
40953 0
40952 0
40951 0
40950 0
40949 0
40948 0
40947 0
40946 0
40945 0
40944 0
40943 0
40942 0
40941 0
40940 0
40939 0
40938 0
40937 0
40936 0
40935 0
40934 0
40933 0
40932 0
40931 0
40930 0
40929 0
40928 0
40927 0
40926 0
40925 0
40924 0
40923 0
40922 0
40921 0
40920 0
40919 0
40918 0
40917 0
40916 0
40915 0
40914 0
40913 0
40912 0
40911 0
40910 0
40909 0
40908 0
40907 0
40906 0
40905 0
40904 0
40903 0
40902 0
40901 0
40900 0
40899 0
40898 0
40897 0
40896 0
40895 0
40894 0
40893 0
40892 0
40891 0
40890 0
40889 0
40888 0
40887 0
40886 0
40885 0
40884 0
40883 0
40882 0
40881 0
40880 0
40879 0
40878 0
40877 0
40876 0
40875 0
