18328 3.37398
11475 2.21969
14661 1.99622
1943 1.89656
23847 1.84794
18542 1.70702
13445 1.64268
21784 1.46929
23476 1.43398
26551 1.26156
30015 1.2552
16280 1.187
28742 1.15117
18189 1.09465
24144 1.06143
130 0.892486
9810 0.780891
35892 0.728554
32376 0.692973
32516 0.671454
16068 0.608694
20701 0.608273
445 0.608273
32395 0.598693
33223 0.585832
33230 0.582023
19302 0.577995
22804 0.567538
9549 0.556673
2563 0.536534
32140 0.525513
282 0.51827
28302 0.496653
30793 0.460317
27799 0.460317
2885 0.460317
35137 0.440558
25048 0.438779
35373 0.43544
32176 0.425483
18143 0.417971
22113 0.401812
19032 0.387427
23125 0.371864
36254 0.352632
1322 0.35
36575 0.334127
3040 0.333333
23488 0.320238
10743 0.310661
31117 0.309337
18077 0.288054
35421 0.255909
40598 0.252946
31550 0.25
39962 0.247222
38080 0.234387
27690 0.231667
19562 0.231667
27509 0.223616
4525 0.223616
6283 0.213889
9282 0.208916
33953 0.2
12479 0.2
4477 0.2
766 0.2
21575 0.172433
14168 0.172433
4195 0.172433
33269 0.154907
23285 0.154167
4255 0.154167
17156 0.150132
31754 0.147182
1167 0.143703
32885 0.142816
12807 0.13402
10373 0.130978
34869 0.129762
39659 0.125
22367 0.125
19725 0.125
8824 0.125
247 0.125
31681 0.111111
19597 0.111111
13654 0.111111
40303 0.105978
30995 0.105978
26838 0.0996491
11081 0.0996491
3757 0.0978704
29039 0.0909091
185 0.0909091
1508 0.0883528
26138 0.0882275
1416 0.0882275
39409 0.0868227
38361 0.0868227
22193 0.0864418
19565 0.0864418
40099 0.0769231
10523 0.0769231
22711 0.0714286
830 0.0714286
24397 0.0666667
22198 0.0666667
10183 0.0650063
39795 0.0625
39350 0.0625
37065 0.0625
35945 0.0625
33037 0.0625
32472 0.0625
19417 0.0625
15321 0.0625
5765 0.0625
1712 0.0625
8957 0.0555556
7875 0.0526316
8672 0.047619
3435 0.047619
26175 0.0434783
22120 0.0434783
35517 0.0416667
31301 0.0416667
34765 0.04
23331 0.04
18394 0.04
32976 0.0384615
31724 0.0384615
39876 0.037037
33089 0.037037
26527 0.037037
20520 0.037037
19254 0.037037
19180 0.037037
4907 0.037037
3560 0.037037
38240 0.0344828
36602 0.0333333
25150 0.0333333
24924 0.0333333
23173 0.0333333
22621 0.0333333
15371 0.0333333
5550 0.0333333
23016 0.0285714
19401 0.0285714
25625 0.0263158
22457 0.0263158
15764 0.0263158
39951 0.025
37773 0.025
23439 0.025
11113 0.025
3936 0.025
878 0.025
37671 0.0208333
34989 0.0208333
33139 0.0208333
24132 0.0208333
20620 0.0208333
20425 0.0208333
10465 0.0208333
5915 0.0208333
39890 0.0178571
33545 0.0178571
32620 0.0178571
24881 0.0178571
24842 0.0178571
11072 0.0178571
8479 0.0178571
7573 0.0178571
6992 0.0178571
2869 0.0178571
77 0.0178571
40980 0
40979 0
40978 0
40977 0
40976 0
40975 0
40974 0
40973 0
40972 0
40971 0
40970 0
40969 0
40968 0
40967 0
40966 0
40965 0
40964 0
40963 0
40962 0
40961 0
40960 0
40959 0
40958 0
40957 0
40956 0
40955 0
40954 0
40953 0
40952 0
40951 0
40950 0
40949 0
40948 0
40947 0
40946 0
40945 0
40944 0
40943 0
40942 0
40941 0
40940 0
40939 0
40938 0
40937 0
40936 0
40935 0
40934 0
40933 0
40932 0
40931 0
40930 0
40929 0
40928 0
40927 0
40926 0
40925 0
40924 0
40923 0
40922 0
40921 0
40920 0
40919 0
40918 0
40917 0
40916 0
40915 0
40914 0
40913 0
40912 0
40911 0
40910 0
40909 0
40908 0
40907 0
40906 0
40905 0
40904 0
40903 0
40902 0
40901 0
40900 0
40899 0
40898 0
40897 0
40896 0
40895 0
40894 0
40893 0
40892 0
40891 0
40890 0
40889 0
40888 0
40887 0
40886 0
40885 0
40884 0
40883 0
40882 0
40881 0
40880 0
40879 0
40878 0
40877 0
40876 0
40875 0
40874 0
40873 0
40872 0
40871 0
40870 0
40869 0
40868 0
40867 0
40866 0
40865 0
40864 0
40863 0
40862 0
40861 0
40860 0
40859 0
40858 0
40857 0
40856 0
40855 0
40854 0
40853 0
40852 0
40851 0
40850 0
40849 0
40848 0
40847 0
40846 0
40845 0
40844 0
40843 0
40842 0
40841 0
40840 0
40839 0
40838 0
40837 0
40836 0
40835 0
40834 0
40833 0
40832 0
40831 0
40830 0
40829 0
40828 0
40827 0
40826 0
40825 0
40824 0
40823 0
40822 0
40821 0
40820 0
40819 0
40818 0
40817 0
40816 0
40815 0
40814 0
40813 0
40812 0
40811 0
40810 0
40809 0
40808 0
40807 0
40806 0
40805 0
40804 0
40803 0
40802 0
40801 0
40800 0
40799 0
40798 0
40797 0
40796 0
40795 0
40794 0
40793 0
40792 0
40791 0
40790 0
40789 0
40788 0
40787 0
40786 0
40785 0
40784 0
40783 0
40782 0
40781 0
40780 0
40779 0
40778 0
40777 0
40776 0
40775 0
40774 0
40773 0
40772 0
40771 0
40770 0
40769 0
40768 0
40767 0
40766 0
40765 0
40764 0
40763 0
40762 0
40761 0
40760 0
40759 0
40758 0
40757 0
40756 0
40755 0
40754 0
40753 0
40752 0
40751 0
40750 0
40749 0
40748 0
40747 0
40746 0
40745 0
40744 0
40743 0
40742 0
40741 0
40740 0
40739 0
40738 0
40737 0
40736 0
40735 0
40734 0
40733 0
40732 0
40731 0
40730 0
40729 0
40728 0
40727 0
40726 0
40725 0
40724 0
40723 0
40722 0
40721 0
40720 0
40719 0
40718 0
40717 0
40716 0
40715 0
40714 0
40713 0
40712 0
40711 0
40710 0
40709 0
40708 0
40707 0
40706 0
40705 0
40704 0
40703 0
40702 0
40701 0
40700 0
40699 0
40698 0
40697 0
40696 0
40695 0
40694 0
40693 0
40692 0
40691 0
40690 0
40689 0
40688 0
40687 0
40686 0
40685 0
40684 0
40683 0
40682 0
40681 0
40680 0
40679 0
40678 0
40677 0
40676 0
40675 0
40674 0
40673 0
40672 0
40671 0
40670 0
40669 0
40668 0
40667 0
40666 0
40665 0
40664 0
40663 0
40662 0
40661 0
40660 0
40659 0
