14829 6.65026
17566 4.69073
2323 3.19722
16538 2.76718
24993 2.31256
14177 1.66422
34488 1.59286
28776 1.35278
30268 1.35049
30424 1.23336
13426 1.18016
15015 1.1771
7243 0.783333
27159 0.765502
38932 0.733669
29879 0.666667
20713 0.666667
22467 0.659947
12703 0.658333
13266 0.625
3157 0.616667
28658 0.592857
25358 0.576923
39531 0.569444
34961 0.533333
40339 0.516667
27315 0.5125
38444 0.511534
36275 0.493478
4532 0.483333
1438 0.416667
11435 0.410714
25318 0.408333
37086 0.392857
4239 0.382857
26505 0.378968
21523 0.36859
20441 0.354701
9119 0.35119
27024 0.337302
13994 0.337302
28594 0.333333
24129 0.333333
23168 0.333333
17374 0.333333
22984 0.297447
8092 0.285014
421 0.284722
5958 0.270833
22759 0.257479
34831 0.25
33913 0.25
31821 0.25
29292 0.25
22234 0.25
8566 0.25
8467 0.25
1310 0.25
40358 0.25
38045 0.208333
38611 0.2
34164 0.2
19864 0.182367
37369 0.166667
34872 0.166667
23010 0.166667
11058 0.166667
10945 0.166667
9479 0.166667
970 0.166667
40452 0.143968
40246 0.143968
12045 0.143968
6812 0.143968
38564 0.142857
36660 0.142857
31418 0.142857
26254 0.142857
18783 0.142857
16691 0.142857
10559 0.142857
9159 0.142857
7615 0.142857
6499 0.142857
5756 0.142857
5417 0.142857
33535 0.125
27616 0.125
39543 0.111111
30939 0.111111
30701 0.111111
29348 0.111111
18158 0.111111
11403 0.111111
4207 0.111111
2004 0.111111
24772 0.1
14174 0.1
6420 0.1
39677 0.0833333
37282 0.0833333
28249 0.0833333
23712 0.0833333
18406 0.0833333
17167 0.0833333
16875 0.0833333
11913 0.0833333
9437 0.0833333
8147 0.0833333
7116 0.0833333
1188 0.0833333
39446 0.0769231
12774 0.0769231
37609 0.0625
34264 0.0625
29966 0.0625
26028 0.0625
3526 0.0625
32530 0.0588235
9969 0.0588235
389 0.0588235
36601 0.0555556
36009 0.0555556
24131 0.0555556
21169 0.0555556
40566 0.0434783
35067 0.0434783
30752 0.0434783
2630 0.0434783
35933 0.0416667
34104 0.0416667
33275 0.0416667
25602 0.0416667
24992 0.0416667
15657 0.0416667
40980 0
40979 0
40978 0
40977 0
40976 0
40975 0
40974 0
40973 0
40972 0
40971 0
40970 0
40969 0
40968 0
40967 0
40966 0
40965 0
40964 0
40963 0
40962 0
40961 0
40960 0
40959 0
40958 0
40957 0
40956 0
40955 0
40954 0
40953 0
40952 0
40951 0
40950 0
40949 0
40948 0
40947 0
40946 0
40945 0
40944 0
40943 0
40942 0
40941 0
40940 0
40939 0
40938 0
40937 0
40936 0
40935 0
40934 0
40933 0
40932 0
40931 0
40930 0
40929 0
40928 0
40927 0
40926 0
40925 0
40924 0
40923 0
40922 0
40921 0
40920 0
40919 0
40918 0
40917 0
40916 0
40915 0
40914 0
40913 0
40912 0
40911 0
40910 0
40909 0
40908 0
40907 0
40906 0
40905 0
40904 0
40903 0
40902 0
40901 0
40900 0
40899 0
40898 0
40897 0
40896 0
40895 0
40894 0
40893 0
40892 0
40891 0
40890 0
40889 0
40888 0
40887 0
40886 0
40885 0
40884 0
40883 0
40882 0
40881 0
40880 0
40879 0
40878 0
40877 0
40876 0
40875 0
40874 0
40873 0
40872 0
40871 0
40870 0
40869 0
40868 0
40867 0
40866 0
40865 0
40864 0
40863 0
40862 0
40861 0
40860 0
40859 0
40858 0
40857 0
40856 0
40855 0
40854 0
40853 0
40852 0
40851 0
40850 0
40849 0
40848 0
40847 0
40846 0
40845 0
40844 0
40843 0
40842 0
40841 0
40840 0
40839 0
40838 0
40837 0
40836 0
40835 0
40834 0
40833 0
40832 0
40831 0
40830 0
40829 0
40828 0
40827 0
40826 0
40825 0
40824 0
40823 0
40822 0
40821 0
40820 0
40819 0
40818 0
40817 0
40816 0
40815 0
40814 0
40813 0
40812 0
40811 0
40810 0
40809 0
40808 0
40807 0
40806 0
40805 0
40804 0
40803 0
40802 0
40801 0
40800 0
40799 0
40798 0
40797 0
40796 0
40795 0
40794 0
40793 0
40792 0
40791 0
40790 0
40789 0
40788 0
40787 0
40786 0
40785 0
40784 0
40783 0
40782 0
40781 0
40780 0
40779 0
40778 0
40777 0
40776 0
40775 0
40774 0
40773 0
40772 0
40771 0
40770 0
40769 0
40768 0
40767 0
40766 0
40765 0
40764 0
40763 0
40762 0
40761 0
40760 0
40759 0
40758 0
40757 0
40756 0
40755 0
40754 0
40753 0
40752 0
40751 0
40750 0
40749 0
40748 0
40747 0
40746 0
40745 0
40744 0
40743 0
40742 0
40741 0
40740 0
40739 0
40738 0
40737 0
40736 0
40735 0
40734 0
40733 0
40732 0
40731 0
40730 0
40729 0
40728 0
40727 0
40726 0
40725 0
40724 0
40723 0
40722 0
40721 0
40720 0
40719 0
40718 0
40717 0
40716 0
40715 0
40714 0
40713 0
40712 0
40711 0
40710 0
40709 0
40708 0
40707 0
40706 0
40705 0
40704 0
40703 0
40702 0
40701 0
40700 0
40699 0
40698 0
40697 0
40696 0
40695 0
40694 0
40693 0
40692 0
40691 0
40690 0
40689 0
40688 0
40687 0
40686 0
40685 0
40684 0
40683 0
40682 0
40681 0
40680 0
40679 0
40678 0
40677 0
40676 0
40675 0
40674 0
40673 0
40672 0
40671 0
40670 0
40669 0
40668 0
40667 0
40666 0
40665 0
40664 0
40663 0
40662 0
40661 0
40660 0
40659 0
40658 0
40657 0
40656 0
40655 0
40654 0
40653 0
40652 0
40651 0
40650 0
40649 0
40648 0
40647 0
40646 0
40645 0
40644 0
40643 0
40642 0
40641 0
40640 0
40639 0
40638 0
40637 0
40636 0
40635 0
40634 0
40633 0
40632 0
40631 0
40630 0
40629 0
40628 0
40627 0
40626 0
40625 0
40624 0
40623 0
40622 0
40621 0
40620 0
40619 0
40618 0
40617 0
40616 0
