21323 18.8733
16504 17.8786
27799 9.98522
6859 7.19565
15029 4.7821
2885 4.42376
35346 4.36196
13654 3.52883
30216 3.09614
17312 3.0946
29923 2.96998
3068 2.89446
2877 2.50133
18844 2.01719
25659 2.00828
20927 1.90369
16076 1.8971
11768 1.87347
31675 1.87093
21757 1.85031
24972 1.75265
207 1.63993
37496 1.61794
39791 1.54292
13916 1.52877
11399 1.42209
27651 1.41217
27776 1.37535
30676 1.37422
2424 1.35269
13669 1.34259
22530 1.33221
684 1.2969
23843 1.29586
38583 1.25626
15975 1.25076
24849 1.21852
13231 1.18706
34457 1.18423
30652 1.14933
20928 1.13846
29946 1.09754
23286 1.07861
399 1.05672
6111 1.03684
18891 0.995654
6041 0.985051
12935 0.965997
6068 0.947683
40597 0.935545
14934 0.934185
36787 0.927894
19327 0.868373
3852 0.858249
18190 0.841958
31589 0.827108
2683 0.80844
34123 0.805952
40389 0.802609
21889 0.789192
1610 0.760435
36273 0.757327
15958 0.751217
16806 0.746126
15591 0.739681
6518 0.736681
17381 0.726983
14006 0.72687
24704 0.725706
31333 0.7193
36313 0.717637
31763 0.71624
18328 0.709674
27989 0.704582
15225 0.699436
8384 0.689137
25791 0.672971
17277 0.667367
6140 0.659865
18428 0.646998
29140 0.635615
36692 0.632787
38535 0.615676
24678 0.614358
14858 0.610147
20250 0.608254
27926 0.579553
34768 0.575275
28862 0.571432
2484 0.565748
20704 0.564064
39947 0.563102
11080 0.563102
35317 0.547897
24239 0.545886
35766 0.535647
24764 0.533701
32620 0.531094
2027 0.530631
14138 0.528063
350 0.51319
30955 0.511752
39245 0.51002
33175 0.502745
22676 0.489703
12569 0.487972
35966 0.48688
3002 0.486177
11890 0.47479
37750 0.471769
29787 0.465367
21703 0.460606
18520 0.460298
33633 0.454315
37502 0.454091
3291 0.449679
22184 0.445347
2918 0.445076
7412 0.440088
25885 0.438849
30693 0.4351
110 0.434583
25191 0.42966
9239 0.428366
11488 0.425943
3229 0.425161
36673 0.425034
32324 0.424025
22594 0.421974
37555 0.419478
15913 0.407233
24400 0.406757
13382 0.405872
432 0.403228
37847 0.395811
17035 0.394947
3356 0.393513
25814 0.388836
39661 0.383777
33108 0.383777
28110 0.383777
3713 0.378473
24790 0.377443
34489 0.373365
39183 0.369958
35425 0.365126
17250 0.362146
4455 0.357393
32885 0.353832
28094 0.35058
30209 0.345278
11481 0.342593
6849 0.334524
15416 0.33374
22404 0.333489
2069 0.326338
40890 0.325724
21830 0.325427
39962 0.321567
24902 0.320687
27486 0.316667
12451 0.315264
25968 0.310119
22711 0.306736
2869 0.304905
34034 0.302687
14928 0.301976
4468 0.298081
30417 0.298051
27675 0.2875
7921 0.286036
23888 0.280775
4539 0.280775
37642 0.277757
4189 0.275723
31947 0.274769
34579 0.27395
2570 0.268244
2786 0.267323
15212 0.266667
29875 0.264431
3940 0.264431
23886 0.262888
8419 0.261509
4934 0.259837
29634 0.259308
6924 0.258883
15493 0.256589
31318 0.255256
31564 0.253969
35734 0.251514
24538 0.251209
29073 0.251003
25076 0.24955
6654 0.248591
80 0.247379
25689 0.246711
30321 0.243953
31228 0.241817
33052 0.24065
21861 0.24065
19511 0.24065
35082 0.239957
39177 0.239929
3067 0.237133
39383 0.235714
13016 0.235704
22648 0.231177
29211 0.229998
38863 0.229967
9283 0.229708
26473 0.229555
4361 0.2275
19774 0.226496
19093 0.226108
21201 0.224817
26832 0.222292
16001 0.221801
26095 0.220785
32572 0.220277
34268 0.220105
38271 0.219444
18835 0.218742
28478 0.218214
40696 0.218008
35029 0.216995
16924 0.216669
31622 0.214907
32369 0.214165
17142 0.214117
416 0.213331
9680 0.212719
33017 0.2125
8969 0.210638
40296 0.209091
39063 0.209091
28988 0.209091
19606 0.207636
34998 0.207427
11531 0.206635
4900 0.205563
14546 0.202531
22501 0.202421
32043 0.202274
16236 0.20202
37005 0.201585
3541 0.201422
32688 0.20009
6410 0.197751
2168 0.197555
33452 0.196798
16283 0.196059
6105 0.194828
29237 0.194804
8035 0.194705
40764 0.19394
38907 0.193797
26928 0.193688
6336 0.192729
20311 0.192597
30793 0.189986
16205 0.189484
26058 0.188331
13661 0.188243
34815 0.187611
27033 0.18741
31723 0.187043
23001 0.186891
37130 0.18661
36775 0.18661
9748 0.18661
7308 0.18661
16395 0.186511
40204 0.18606
830 0.185543
38659 0.184414
26084 0.184058
40923 0.18392
14864 0.182908
9583 0.182837
27190 0.182736
18834 0.182736
26794 0.180682
23439 0.180494
38772 0.180189
21186 0.179823
13117 0.179823
697 0.178371
33377 0.177404
36918 0.177339
8237 0.176963
6906 0.175978
36400 0.175151
26476 0.173224
35185 0.172978
37597 0.17214
14658 0.171364
38952 0.170859
17613 0.170279
40783 0.16974
36438 0.169581
15289 0.167946
27208 0.1673
22368 0.1673
31858 0.166826
36888 0.166667
34753 0.166667
34662 0.166667
31818 0.166667
12670 0.166667
9357 0.166667
5693 0.166667
5689 0.165512
37593 0.164988
33798 0.164697
37012 0.163462
24137 0.163158
17785 0.16181
3799 0.16166
34737 0.161645
30439 0.160847
12766 0.159812
8828 0.158721
1942 0.158036
4719 0.157576
1760 0.157266
13129 0.156878
30186 0.156869
9180 0.155913
35315 0.155525
33256 0.155016
23715 0.154677
23370 0.154522
4076 0.154349
34209 0.154116
5209 0.15332
9903 0.153239
5875 0.152798
17104 0.150846
11113 0.150846
22170 0.15004
24591 0.149681
2751 0.149308
29640 0.148518
30298 0.148013
31551 0.147945
19277 0.147756
9196 0.146906
23089 0.144944
31597 0.143369
14887 0.143182
35271 0.14308
1966 0.142015
1857 0.141919
27721 0.141069
26353 0.140695
19032 0.140528
11491 0.140528
8412 0.140043
8224 0.139778
12922 0.13933
40124 0.139051
38346 0.137849
26786 0.137792
31184 0.137637
8592 0.137619
3936 0.1375
14158 0.137232
19260 0.136575
29270 0.134931
34835 0.134623
29225 0.133446
19284 0.133401
8427 0.132418
28611 0.132382
5763 0.132122
2846 0.132009
37689 0.131056
7312 0.130853
33999 0.130164
18340 0.130164
4228 0.1301
23834 0.129892
14769 0.128983
15665 0.128489
11804 0.126926
16557 0.126347
5778 0.126236
37924 0.125
34030 0.125
29261 0.125
12522 0.125
8672 0.125
2034 0.125
36528 0.124033
17631 0.123967
14534 0.122937
8615 0.122932
3666 0.122326
3030 0.121871
34439 0.121591
31072 0.121573
12104 0.121573
25367 0.120646
32607 0.120454
7051 0.119788
36540 0.119688
938 0.119504
556 0.119504
8309 0.118919
550 0.11785
11920 0.117022
2235 0.117022
20315 0.116914
36952 0.116451
16298 0.116355
5719 0.115449
31136 0.115257
19253 0.114476
33800 0.114405
36278 0.113952
40420 0.113745
31236 0.113745
27248 0.113745
25016 0.113745
11726 0.113745
7536 0.113102
26429 0.113028
16778 0.113028
15642 0.112919
33267 0.112773
13234 0.112587
10196 0.111561
23898 0.11139
35100 0.111111
34594 0.111111
31301 0.111111
28010 0.111111
20769 0.111111
16394 0.111111
14734 0.111111
12450 0.111111
11730 0.111111
11453 0.111111
9501 0.111111
1599 0.111111
1355 0.110459
8197 0.109868
8342 0.108974
12535 0.108916
25705 0.108255
35610 0.107618
21079 0.107492
27176 0.106931
20071 0.10609
18914 0.105295
1326 0.104782
32531 0.103868
35086 0.103253
21978 0.10321
7807 0.102641
5293 0.102533
9001 0.101468
15519 0.100858
39642 0.100739
3105 0.100672
2218 0.100672
35762 0.100637
39507 0.100515
35836 0.10049
29401 0.100065
39724 0.1
32474 0.1
32030 0.1
31329 0.1
28334 0.1
27595 0.1
16873 0.1
16284 0.1
8027 0.1
6382 0.1
3651 0.1
2560 0.1
1849 0.1
1410 0.1
543 0.1
35175 0.0998799
29826 0.0993902
5488 0.0982059
31352 0.0978338
37077 0.0972085
7286 0.0969031
30636 0.0959373
18161 0.0957918
39640 0.0953561
29695 0.0953561
17915 0.0953561
12652 0.0953561
38762 0.0949402
16025 0.0947937
