5139 14.6294
23843 13.7967
18015 11.1393
25583 9.12303
13309 7.90519
16390 7.58787
32329 5.71058
14398 5.02176
31153 5.01349
16933 4.35304
18428 4.34435
29401 3.5667
23836 3.53287
20250 3.26266
4998 3.13684
34737 2.99555
25353 2.15452
9059 2.1
28500 2.07778
8361 1.9383
21735 1.91019
25885 1.90394
9543 1.77529
8831 1.73607
23024 1.70897
24670 1.66759
33233 1.57659
26627 1.56857
2675 1.48206
27799 1.44167
30764 1.41438
19419 1.3374
21833 1.33167
21689 1.29264
38535 1.19637
14543 1.19541
20719 1.12685
19259 1.09841
10061 1.09363
25826 1.06786
8735 1.05833
23993 1.01944
10689 1
17571 0.976923
21712 0.966756
17204 0.946296
27135 0.937741
40149 0.920803
32885 0.881643
18088 0.866667
10573 0.866667
1514 0.866667
17056 0.862155
409 0.841667
1904 0.833333
16817 0.832998
5484 0.817581
24239 0.803822
40342 0.791667
25959 0.783333
35349 0.77029
14208 0.77029
32622 0.75
4991 0.745105
38301 0.733333
7614 0.733333
35734 0.719298
19246 0.703438
6356 0.7
20413 0.683333
3721 0.680627
9334 0.67619
16503 0.658333
25317 0.658313
11660 0.652849
35297 0.647213
4686 0.637306
11208 0.633333
19555 0.626165
18732 0.626165
9423 0.626165
6049 0.626165
20875 0.611683
10650 0.6
34312 0.595291
30377 0.590909
11578 0.583333
17295 0.581481
1631 0.576923
3920 0.555849
12983 0.555556
4695 0.551852
12041 0.527778
6140 0.527778
9885 0.527027
40472 0.526923
37122 0.525
26153 0.519669
14008 0.511111
5043 0.511111
6738 0.491727
3111 0.488095
7297 0.483333
19032 0.477778
24663 0.46978
7660 0.468519
1975 0.467857
31778 0.466667
8459 0.465737
40420 0.459179
34127 0.444444
5905 0.444431
8375 0.44359
17592 0.411111
35346 0.403704
29373 0.403409
37454 0.4
12706 0.393519
24393 0.391667
10804 0.391667
7150 0.385965
21341 0.384848
12427 0.384848
4472 0.384848
10928 0.377778
5783 0.377778
902 0.369048
38330 0.365
40332 0.346561
21288 0.339127
40578 0.333333
40299 0.333333
38870 0.333333
37711 0.333333
34768 0.333333
33616 0.333333
33268 0.333333
31947 0.333333
31905 0.333333
31159 0.333333
29971 0.333333
29376 0.333333
25937 0.333333
25509 0.333333
24077 0.333333
21264 0.333333
17951 0.333333
13638 0.333333
13502 0.333333
12766 0.333333
12067 0.333333
10587 0.333333
9442 0.333333
3512 0.333333
2885 0.333333
14931 0.330128
39395 0.327946
7811 0.327946
36256 0.322751
24067 0.321429
11239 0.309848
22501 0.304894
28216 0.303558
18109 0.299423
22098 0.299034
30294 0.283449
35179 0.279894
3074 0.279894
27926 0.278822
15416 0.278822
31047 0.275
21527 0.275
18314 0.275
20563 0.271368
8507 0.270803
6016 0.268519
4617 0.264423
37844 0.260965
10251 0.256643
27333 0.252498
35029 0.25
34816 0.25
30907 0.25
30248 0.25
30216 0.25
29755 0.25
29158 0.25
27454 0.25
26601 0.25
26346 0.25
26324 0.25
21323 0.25
19067 0.25
18197 0.25
17489 0.25
15055 0.25
14807 0.25
11264 0.25
10492 0.25
9196 0.25
7497 0.25
6985 0.25
6984 0.25
6539 0.25
6319 0.25
6145 0.25
6041 0.25
5362 0.25
4780 0.25
4610 0.25
25952 0.248352
16868 0.24537
7742 0.24537
13751 0.243182
10703 0.24202
18578 0.224537
36147 0.223387
35792 0.223387
35601 0.223387
31366 0.223387
27379 0.223387
22537 0.223387
22122 0.223387
14583 0.223387
9615 0.223387
2669 0.223387
26306 0.223372
14774 0.211279
40830 0.2
40190 0.2
39028 0.2
36591 0.2
33452 0.2
32506 0.2
31301 0.2
31239 0.2
24785 0.2
22393 0.2
21452 0.2
19997 0.2
19277 0.2
19270 0.2
16339 0.2
16075 0.2
12541 0.2
11616 0.2
10466 0.2
8662 0.2
7054 0.2
3783 0.2
25016 0.175758
16831 0.172944
26122 0.170966
1885 0.170966
12873 0.166812
40856 0.166667
39936 0.166667
37882 0.166667
29550 0.166667
28094 0.166667
25207 0.166667
22594 0.166667
20320 0.166667
17252 0.166667
17083 0.166667
16504 0.166667
16395 0.166667
14683 0.166667
10653 0.166667
6287 0.166667
32808 0.163952
20397 0.163952
14203 0.153623
4123 0.153623
8533 0.148434
37990 0.142857
32620 0.142857
31972 0.142857
31329 0.142857
30009 0.142857
28922 0.142857
25157 0.142857
17041 0.142857
11184 0.142857
7929 0.142857
6235 0.142857
5605 0.142857
31985 0.141934
31235 0.141934
9596 0.133313
11497 0.126647
73 0.126647
40840 0.125
38809 0.125
35766 0.125
31285 0.125
23205 0.125
21019 0.125
19781 0.125
17158 0.125
16231 0.125
9820 0.125
7778 0.125
6221 0.125
2674 0.125
26069 0.122888
39383 0.111111
39249 0.111111
38627 0.111111
35675 0.111111
31500 0.111111
30754 0.111111
28353 0.111111
14788 0.111111
7771 0.111111
6547 0.111111
21325 0.103973
9320 0.1
17350 0.0909091
651 0.0852088
40882 0.0833333
38608 0.0833333
37223 0.0833333
31977 0.0833333
27746 0.0833333
24678 0.0833333
24302 0.0833333
21606 0.0833333
20158 0.0833333
20071 0.0833333
19901 0.0833333
17312 0.0833333
12164 0.0833333
11412 0.0833333
7666 0.0833333
5371 0.0833333
4404 0.0833333
4018 0.0833333
2341 0.0833333
2153 0.0833333
830 0.0833333
30881 0.0769231
29528 0.0769231
28468 0.0769231
25599 0.0769231
19829 0.0769231
13942 0.0769231
4669 0.0769231
3901 0.0769231
40304 0.0714286
33952 0.0714286
29492 0.0714286
28572 0.0714286
25524 0.0714286
25075 0.0714286
18401 0.0714286
15709 0.0714286
6399 0.0714286
5024 0.0714286
2878 0.0714286
32751 0.0666667
32522 0.0666667
29881 0.0666667
25844 0.0666667
19016 0.0666667
15460 0.0666667
8115 0.0666667
7756 0.0666667
7277 0.0666667
6034 0.0666667
38044 0.0625
35895 0.0625
24631 0.0625
21224 0.0625
19140 0.0625
12379 0.0625
6848 0.0588235
1197 0.0588235
37328 0.0555556
37270 0.0555556
28920 0.0555556
21634 0.0555556
19237 0.0555556
18584 0.0555556
14926 0.0555556
39791 0.0526316
36952 0.0526316
22711 0.0526316
14096 0.0526316
13812 0.0526316
12569 0.0526316
5937 0.0526316
5112 0.0526316
1099 0.0526316
920 0.0526316
37293 0.0434783
34933 0.0434783
30737 0.0434783
16630 0.0434783
13123 0.0434783
9572 0.0434783
8498 0.0434783
4569 0.0434783
2516 0.0434783
1550 0.0434783
1306 0.0434783
39377 0.04
35114 0.04
34536 0.04
22355 0.04
16571 0.04
7947 0.04
38583 0.037037
38225 0.037037
37758 0.037037
35808 0.037037
35360 0.037037
34327 0.037037
33901 0.037037
32699 0.037037
24615 0.037037
20459 0.037037
20353 0.037037
19586 0.037037
19293 0.037037
18757 0.037037
18405 0.037037
18367 0.037037
16112 0.037037
14948 0.037037
12694 0.037037
11488 0.037037
10046 0.037037
1834 0.037037
39142 0.0333333
38223 0.0333333
32940 0.0333333
15234 0.0333333
10480 0.0333333
33163 0.027027
30767 0.027027
29094 0.027027
24423 0.027027
20315 0.027027
20010 0.027027
6508 0.027027
4478 0.027027
40556 0.0185185
40324 0.0185185
38837 0.0185185
38715 0.0185185
36140 0.0185185
33803 0.0185185
28810 0.0185185
25581 0.0185185
22942 0.0185185
21906 0.0185185
20550 0.0185185
19806 0.0185185
14767 0.0185185
13756 0.0185185
12681 0.0185185
10161 0.0185185
10019 0.0185185
9980 0.0185185
4413 0.0185185
39998 0.0181818
37211 0.0181818
35431 0.0181818
34392 0.0181818
33081 0.0181818
32990 0.0181818
32668 0.0181818
28916 0.0181818
27002 0.0181818
24894 0.0181818
21885 0.0181818
20159 0.0181818
18269 0.0181818
17149 0.0181818
11388 0.0181818
10831 0.0181818
6611 0.0181818
6125 0.0181818
1212 0.0181818
40980 0
40979 0
40978 0
40977 0
40976 0
40975 0
40974 0
40973 0
40972 0
40971 0
40970 0
40969 0
40968 0
40967 0
40966 0
