7078 1.68372
26801 1.36644
4741 1.1622
835 1.00553
20189 0.988314
18657 0.884049
23958 0.811071
25841 0.768602
6188 0.768602
39759 0.758724
10681 0.74662
25758 0.684272
17832 0.684272
32404 0.674067
27088 0.662032
21717 0.625
25493 0.61924
39044 0.487204
37660 0.473976
12912 0.421953
16877 0.419506
14675 0.407885
35890 0.380761
23371 0.369032
25145 0.367832
35807 0.355609
26221 0.355609
9042 0.353143
19454 0.346052
19599 0.329529
10336 0.329529
8728 0.329529
11598 0.294899
32679 0.28109
15914 0.280857
3159 0.280857
29947 0.259285
297 0.25489
16637 0.242241
20118 0.238105
21522 0.224605
28365 0.213843
25621 0.213843
3069 0.213843
29927 0.213547
32495 0.209049
13320 0.209049
9627 0.209049
70 0.209049
40857 0.203248
23815 0.203248
23214 0.174817
37753 0.171093
4357 0.171093
26434 0.170673
11860 0.166667
11262 0.155383
37144 0.144416
36983 0.144416
4661 0.144416
131 0.144416
37045 0.140727
19160 0.137066
13144 0.134186
34842 0.133832
35302 0.128064
13590 0.121155
3359 0.121155
38481 0.106527
32910 0.106527
26362 0.106527
14019 0.1
11716 0.1
9604 0.1
1063 0.1
15546 0.0976285
2021 0.0909091
17023 0.0881865
26823 0.0833333
18211 0.0833333
23812 0.0828498
40634 0.0825576
2506 0.0825576
37481 0.0803862
36497 0.0803862
31590 0.0803862
30029 0.0803862
21155 0.0803862
20793 0.0803862
17518 0.0803862
15447 0.0803862
5260 0.0803862
4603 0.0803862
951 0.0803862
31440 0.0714286
18981 0.0714286
14441 0.0714286
12375 0.0714286
11395 0.0666667
24636 0.0658385
20741 0.0658385
20131 0.0658385
40949 0.0588235
32649 0.0588235
5031 0.0588235
1537 0.0588235
1350 0.0588235
4237 0.0526316
2224 0.0454545
30560 0.0443247
29017 0.0443247
20261 0.0443247
18312 0.0443247
15269 0.0443247
28362 0.0440325
17508 0.0440325
16733 0.0440325
35973 0.0434783
22332 0.0434783
16709 0.0434783
37539 0.0428862
21555 0.0428862
6521 0.0428862
6295 0.0428862
35558 0.037037
2362 0.0344828
37258 0.029529
37239 0.029529
35233 0.029529
33261 0.029529
30069 0.029529
29696 0.029529
29180 0.029529
29089 0.029529
28895 0.029529
28548 0.029529
27813 0.029529
27150 0.029529
26330 0.029529
25818 0.029529
21239 0.029529
20514 0.029529
16993 0.029529
16174 0.029529
11538 0.029529
11316 0.029529
10801 0.029529
10121 0.029529
7650 0.029529
7627 0.029529
6999 0.029529
2109 0.029529
1762 0.029529
31064 0.0285714
20859 0.0285714
13724 0.0285714
6432 0.0285714
1381 0.0285714
36107 0.0172414
31109 0.0172414
22370 0.0172414
16382 0.0172414
1077 0.0172414
39241 0.0169492
33788 0.0169492
31408 0.0169492
28516 0.0169492
20499 0.0169492
14361 0.0169492
6328 0.0169492
3174 0.0169492
40537 0.0166667
39816 0.0166667
39325 0.0166667
38213 0.0166667
21967 0.0166667
20095 0.0166667
17095 0.0166667
14752 0.0166667
13222 0.0166667
11605 0.0166667
39470 0.0104167
39088 0.0104167
38401 0.0104167
34117 0.0104167
29779 0.0104167
28911 0.0104167
26496 0.0104167
24768 0.0104167
23768 0.0104167
23650 0.0104167
20820 0.0104167
19530 0.0104167
17944 0.0104167
17059 0.0104167
16138 0.0104167
15333 0.0104167
12862 0.0104167
12244 0.0104167
10429 0.0104167
9863 0.0104167
9809 0.0104167
8434 0.0104167
5581 0.0104167
3205 0.0104167
3087 0.0104167
1309 0.0104167
40392 0.00869565
37763 0.00869565
32227 0.00869565
30421 0.00869565
28048 0.00869565
25674 0.00869565
21671 0.00869565
20244 0.00869565
19252 0.00869565
19136 0.00869565
18696 0.00869565
17991 0.00869565
17823 0.00869565
13152 0.00869565
11160 0.00869565
10214 0.00869565
9522 0.00869565
9356 0.00869565
7349 0.00869565
5657 0.00869565
4685 0.00869565
1481 0.00869565
1233 0.00869565
899 0.00869565
648 0.00869565
40980 0
40979 0
40978 0
40977 0
40976 0
40975 0
40974 0
40973 0
40972 0
40971 0
40970 0
40969 0
40968 0
40967 0
40966 0
40965 0
40964 0
40963 0
40962 0
40961 0
40960 0
40959 0
40958 0
40957 0
40956 0
40955 0
40954 0
40953 0
40952 0
40951 0
40950 0
40948 0
40947 0
40946 0
40945 0
40944 0
40943 0
40942 0
40941 0
40940 0
40939 0
40938 0
40937 0
40936 0
40935 0
40934 0
40933 0
40932 0
40931 0
40930 0
40929 0
40928 0
40927 0
40926 0
40925 0
40924 0
40923 0
40922 0
40921 0
40920 0
40919 0
40918 0
40917 0
40916 0
40915 0
40914 0
40913 0
40912 0
40911 0
40910 0
40909 0
40908 0
40907 0
40906 0
40905 0
40904 0
40903 0
40902 0
40901 0
40900 0
40899 0
40898 0
40897 0
40896 0
40895 0
40894 0
40893 0
40892 0
40891 0
40890 0
40889 0
40888 0
40887 0
40886 0
40885 0
40884 0
40883 0
40882 0
40881 0
40880 0
40879 0
40878 0
40877 0
40876 0
40875 0
40874 0
40873 0
40872 0
40871 0
40870 0
40869 0
40868 0
40867 0
40866 0
40865 0
40864 0
40863 0
40862 0
40861 0
40860 0
40859 0
40858 0
40856 0
40855 0
40854 0
40853 0
40852 0
40851 0
40850 0
40849 0
40848 0
40847 0
40846 0
40845 0
40844 0
40843 0
40842 0
40841 0
40840 0
40839 0
40838 0
40837 0
40836 0
40835 0
40834 0
40833 0
40832 0
40831 0
40830 0
40829 0
40828 0
40827 0
40826 0
40825 0
40824 0
40823 0
40822 0
40821 0
40820 0
40819 0
40818 0
40817 0
40816 0
40815 0
40814 0
40813 0
40812 0
40811 0
40810 0
40809 0
40808 0
40807 0
40806 0
40805 0
40804 0
40803 0
40802 0
40801 0
40800 0
40799 0
40798 0
40797 0
40796 0
40795 0
40794 0
40793 0
40792 0
40791 0
40790 0
40789 0
40788 0
40787 0
40786 0
40785 0
40784 0
40783 0
40782 0
40781 0
40780 0
40779 0
40778 0
40777 0
40776 0
40775 0
40774 0
40773 0
40772 0
40771 0
40770 0
40769 0
40768 0
40767 0
40766 0
40765 0
40764 0
40763 0
40762 0
40761 0
40760 0
40759 0
40758 0
40757 0
40756 0
40755 0
40754 0
40753 0
40752 0
40751 0
40750 0
40749 0
40748 0
40747 0
40746 0
40745 0
40744 0
40743 0
40742 0
40741 0
40740 0
40739 0
40738 0
40737 0
40736 0
40735 0
40734 0
40733 0
40732 0
40731 0
40730 0
40729 0
40728 0
40727 0
40726 0
40725 0
40724 0
40723 0
40722 0
40721 0
40720 0
40719 0
40718 0
40717 0
40716 0
40715 0
40714 0
40713 0
40712 0
40711 0
