16618 1.77035
26750 1.53706
27514 0.798475
1999 0.67619
34011 0.642857
7708 0.584194
3382 0.575
24804 0.571247
29407 0.555556
40635 0.542857
29629 0.485714
12431 0.485714
27487 0.468772
38667 0.433689
9557 0.433689
38013 0.43254
21121 0.43254
16945 0.421739
37711 0.414253
28358 0.412856
3445 0.407742
14175 0.399088
3142 0.388406
25082 0.380556
5691 0.377208
30395 0.374107
40743 0.333333
13581 0.316468
35876 0.293651
5079 0.293651
34883 0.268461
28142 0.268461
13538 0.268461
40912 0.267857
33981 0.25
24133 0.25
14132 0.25
27799 0.226149
21889 0.226149
15416 0.226149
39112 0.2
34673 0.2
17691 0.2
14777 0.2
1318 0.18254
25427 0.167902
8280 0.167902
18148 0.167838
36748 0.166667
212 0.166667
37048 0.142857
22394 0.142857
19151 0.142857
16978 0.142857
13757 0.142857
12510 0.142857
5432 0.142857
38502 0.125
31561 0.125
27895 0.125
19887 0.125
9321 0.125
23813 0.111476
32994 0.111111
28444 0.111111
17672 0.111111
17285 0.111111
16061 0.111111
4393 0.111111
38229 0.100356
28543 0.100356
5693 0.100356
3772 0.100356
33277 0.0909091
32647 0.0909091
25936 0.0909091
33685 0.0802255
31301 0.0802255
20424 0.0802255
10953 0.0802255
10423 0.0802255
5066 0.0802255
3158 0.0802255
186 0.0802255
35020 0.0769231
31817 0.0769231
27094 0.0769231
26044 0.0769231
22365 0.0769231
15610 0.0769231
14253 0.0769231
12047 0.0769231
7707 0.0769231
5723 0.0769231
3739 0.0769231
36952 0.0666667
21217 0.0666667
19972 0.0666667
6140 0.0666667
6061 0.0666667
3936 0.0666667
2869 0.0666667
35380 0.0625
34095 0.0625
29758 0.0625
27892 0.0625
22795 0.0625
22594 0.0625
19032 0.0625
14708 0.0625
10761 0.0625
6262 0.0625
38012 0.0555556
25235 0.0555556
17128 0.0555556
16481 0.0555556
12731 0.0555556
9296 0.0555556
8055 0.0555556
7435 0.0555556
7379 0.0555556
37629 0.0521049
35294 0.0521049
34667 0.0521049
32763 0.0521049
32350 0.0521049
32299 0.0521049
27406 0.0521049
26334 0.0521049
20175 0.0521049
18198 0.0521049
17842 0.0521049
11231 0.0521049
11019 0.0521049
10954 0.0521049
8580 0.0521049
8037 0.0521049
3552 0.0521049
3164 0.0521049
2465 0.0521049
351 0.0521049
29919 0.05
26040 0.05
25810 0.05
25266 0.05
23673 0.05
18731 0.05
13509 0.05
10047 0.05
6496 0.05
35524 0.0344828
35185 0.0344828
34197 0.0344828
33633 0.0344828
32536 0.0344828
30419 0.0344828
27208 0.0344828
26084 0.0344828
24962 0.0344828
24756 0.0344828
22711 0.0344828
22603 0.0344828
22228 0.0344828
21978 0.0344828
18328 0.0344828
16395 0.0344828
15873 0.0344828
14768 0.0344828
13654 0.0344828
7296 0.0344828
6518 0.0344828
5719 0.0344828
2484 0.0344828
37176 0.03125
31234 0.03125
25416 0.03125
25166 0.03125
24454 0.03125
20611 0.03125
19264 0.03125
19007 0.03125
15658 0.03125
12620 0.03125
12518 0.03125
10901 0.03125
6365 0.03125
5021 0.03125
4406 0.03125
52 0.03125
40458 0.0217391
39292 0.0217391
34207 0.0217391
33160 0.0217391
31584 0.0217391
30199 0.0217391
28766 0.0217391
22726 0.0217391
21013 0.0217391
20953 0.0217391
20556 0.0217391
13536 0.0217391
11944 0.0217391
9978 0.0217391
1724 0.0217391
738 0.0217391
584 0.0217391
40975 0.015873
38739 0.015873
35718 0.015873
34727 0.015873
33883 0.015873
31581 0.015873
31195 0.015873
26620 0.015873
25060 0.015873
21515 0.015873
19728 0.015873
19309 0.015873
18846 0.015873
15768 0.015873
12096 0.015873
10123 0.015873
9947 0.015873
9393 0.015873
6973 0.015873
6152 0.015873
6089 0.015873
4859 0.015873
3916 0.015873
1107 0.015873
40029 0.0144928
39197 0.0144928
38636 0.0144928
33941 0.0144928
32131 0.0144928
31799 0.0144928
29663 0.0144928
27886 0.0144928
26088 0.0144928
23309 0.0144928
22519 0.0144928
17634 0.0144928
13765 0.0144928
13151 0.0144928
12217 0.0144928
11658 0.0144928
10073 0.0144928
8935 0.0144928
7343 0.0144928
5100 0.0144928
4489 0.0144928
1444 0.0144928
854 0.0144928
40980 0
40979 0
40978 0
40977 0
40976 0
40974 0
40973 0
40972 0
40971 0
40970 0
40969 0
40968 0
40967 0
40966 0
40965 0
40964 0
40963 0
40962 0
40961 0
40960 0
40959 0
40958 0
40957 0
40956 0
40955 0
40954 0
40953 0
40952 0
40951 0
40950 0
40949 0
40948 0
40947 0
40946 0
40945 0
40944 0
40943 0
40942 0
40941 0
40940 0
40939 0
40938 0
40937 0
40936 0
40935 0
40934 0
40933 0
40932 0
40931 0
40930 0
40929 0
40928 0
40927 0
40926 0
40925 0
40924 0
40923 0
40922 0
40921 0
40920 0
40919 0
40918 0
40917 0
40916 0
40915 0
40914 0
40913 0
40911 0
40910 0
40909 0
40908 0
40907 0
40906 0
40905 0
40904 0
40903 0
40902 0
40901 0
40900 0
40899 0
40898 0
40897 0
40896 0
40895 0
40894 0
40893 0
40892 0
40891 0
40890 0
40889 0
40888 0
40887 0
40886 0
40885 0
40884 0
40883 0
40882 0
40881 0
40880 0
40879 0
40878 0
40877 0
40876 0
40875 0
40874 0
40873 0
40872 0
40871 0
40870 0
40869 0
40868 0
40867 0
40866 0
40865 0
40864 0
40863 0
40862 0
40861 0
40860 0
40859 0
40858 0
40857 0
40856 0
40855 0
40854 0
40853 0
40852 0
40851 0
40850 0
40849 0
40848 0
40847 0
40846 0
40845 0
40844 0
40843 0
40842 0
40841 0
40840 0
40839 0
40838 0
40837 0
40836 0
40835 0
40834 0
40833 0
40832 0
40831 0
40830 0
40829 0
40828 0
40827 0
40826 0
40825 0
40824 0
40823 0
40822 0
40821 0
40820 0
40819 0
40818 0
40817 0
40816 0
40815 0
40814 0
40813 0
40812 0
40811 0
40810 0
40809 0
40808 0
40807 0
40806 0
40805 0
40804 0
40803 0
40802 0
40801 0
40800 0
40799 0
40798 0
40797 0
40796 0
40795 0
40794 0
40793 0
40792 0
40791 0
40790 0
40789 0
40788 0
40787 0
40786 0
40785 0
40784 0
40783 0
40782 0
40781 0
40780 0
40779 0
40778 0
40777 0
40776 0
40775 0
40774 0
40773 0
40772 0
40771 0
40770 0
40769 0
40768 0
40767 0
40766 0
40765 0
40764 0
40763 0
40762 0
40761 0
40760 0
40759 0
40758 0
40757 0
40756 0
40755 0
40754 0
40753 0
40752 0
40751 0
40750 0
40749 0
40748 0
40747 0
40746 0
40745 0
40744 0
40742 0
40741 0
40740 0
40739 0
40738 0
40737 0
40736 0
40735 0
40734 0
40733 0
40732 0
40731 0
