20167 11.3984
30668 8.44353
29367 5.8282
12327 5.53753
3993 5.2666
3237 5.11999
7200 4.78175
36282 4.50741
39379 4.45139
37563 4.00355
32893 3.59357
32584 3.1907
32774 2.77739
36731 2.51692
195 2.31162
21577 2.12303
2442 1.88082
18055 1.7921
18978 1.77825
18328 1.76972
40653 1.67842
9779 1.62695
19492 1.59286
28281 1.58136
14791 1.55682
34678 1.52944
4243 1.51509
9539 1.42337
8246 1.34594
31255 1.33452
32488 1.28333
39331 1.1595
1975 1.1537
12828 1.1443
18813 1.08942
6169 1.08168
14639 1.07941
30685 1.07934
3869 1.06948
23943 1.06303
36756 1.03889
15174 0.960522
15755 0.955377
17413 0.833333
30790 0.827632
3103 0.806999
8672 0.75
5726 0.749803
37445 0.746628
26663 0.746623
15293 0.746623
19464 0.733009
30054 0.732407
40412 0.731054
34768 0.729168
24374 0.704167
18524 0.682965
13530 0.68194
25111 0.679401
24554 0.642857
7617 0.642857
34251 0.636447
12560 0.634912
33006 0.621795
34152 0.612179
2410 0.611111
19370 0.587302
8979 0.586862
32885 0.583333
36433 0.569444
31301 0.566667
5188 0.559524
29001 0.542857
4116 0.542857
558 0.542857
29514 0.53869
3096 0.535714
2973 0.527778
35146 0.525
38364 0.517857
20728 0.516667
1955 0.51619
33852 0.515152
22117 0.479907
29609 0.475
30534 0.469608
39746 0.464286
27799 0.463201
40494 0.457576
8255 0.452413
22594 0.420635
29322 0.417832
17194 0.417832
8232 0.403409
6518 0.402632
2484 0.402632
855 0.396429
34988 0.391509
39800 0.381319
11575 0.381319
10233 0.377778
36843 0.371795
3813 0.368687
25668 0.360256
16968 0.360256
16789 0.360256
30469 0.354701
162 0.353968
20590 0.349573
32512 0.349206
3936 0.338158
28971 0.336111
40546 0.333333
39530 0.333333
34365 0.333333
33958 0.333333
32348 0.333333
30951 0.333333
19817 0.333333
11370 0.333333
8173 0.333333
6181 0.333333
2417 0.333333
40444 0.327285
10695 0.326984
31001 0.325
8412 0.320489
26029 0.310517
2517 0.302413
23857 0.30119
11882 0.291667
520 0.291667
11843 0.278846
13891 0.275336
652 0.275336
39558 0.26859
35734 0.256015
18520 0.256015
39933 0.25
34353 0.25
31275 0.25
29425 0.25
24409 0.25
21846 0.25
20357 0.25
16774 0.25
9150 0.25
33349 0.249573
760 0.249242
26069 0.245671
23155 0.245671
27514 0.226874
13574 0.217778
40588 0.2
30792 0.2
26252 0.2
23843 0.2
17083 0.2
13650 0.2
10915 0.2
9586 0.2
9045 0.2
8501 0.2
8223 0.2
6259 0.2
6184 0.2
19566 0.199074
8261 0.199074
6983 0.199074
39962 0.190789
30793 0.190789
29077 0.190789
2885 0.190789
35925 0.18661
21810 0.18661
35380 0.166667
32333 0.166667
29773 0.166667
28444 0.166667
27623 0.166667
25002 0.166667
24115 0.166667
23813 0.166667
23088 0.166667
20946 0.166667
19415 0.166667
18764 0.166667
16324 0.166667
9521 0.166667
7708 0.166667
1667 0.166667
865 0.166667
743 0.166667
33789 0.163198
28260 0.160839
3390 0.154907
12145 0.150256
37185 0.145098
39217 0.142857
36313 0.142857
32847 0.142857
32079 0.142857
30517 0.142857
26892 0.142857
19026 0.142857
18595 0.142857
18213 0.142857
14993 0.142857
6986 0.142857
6262 0.142857
5693 0.142857
830 0.142857
22711 0.142713
15416 0.142713
13654 0.142713
35092 0.139312
22012 0.134481
36474 0.131054
34620 0.125
29498 0.125
25301 0.125
22337 0.125
20320 0.125
19742 0.125
16316 0.125
13157 0.125
13043 0.125
5510 0.125
4734 0.125
4613 0.125
1374 0.125
40912 0.111111
37711 0.111111
35100 0.111111
33388 0.111111
29227 0.111111
28010 0.111111
21034 0.111111
20363 0.111111
20052 0.111111
19723 0.111111
16684 0.111111
9742 0.111111
3397 0.111111
3281 0.111111
1676 0.111111
28156 0.105062
38465 0.104753
38608 0.1
35825 0.1
34385 0.1
25552 0.1
22359 0.1
14984 0.1
949 0.1
37009 0.0914027
31315 0.0914027
14989 0.0914027
9015 0.0914027
2022 0.0914027
40928 0.0909091
36193 0.0909091
28380 0.0909091
27886 0.0909091
21398 0.0909091
17634 0.0909091
10737 0.0909091
10073 0.0909091
4216 0.0909091
1946 0.0909091
919 0.0909091
186 0.0909091
32229 0.0833333
28988 0.0833333
14886 0.0833333
10361 0.0833333
8465 0.0833333
6195 0.0833333
36502 0.0769231
35185 0.0769231
31218 0.0769231
26084 0.0769231
22795 0.0769231
21978 0.0769231
19032 0.0769231
17982 0.0769231
15873 0.0769231
14768 0.0769231
13359 0.0769231
10761 0.0769231
5719 0.0769231
5462 0.0769231
39872 0.0714286
37848 0.0714286
36682 0.0714286
36250 0.0714286
36031 0.0714286
35941 0.0714286
35548 0.0714286
33314 0.0714286
31444 0.0714286
26370 0.0714286
22906 0.0714286
21626 0.0714286
18530 0.0714286
12187 0.0714286
2918 0.0714286
2049 0.0714286
28647 0.0666667
22261 0.0666667
20628 0.0666667
13716 0.0666667
1576 0.0666667
1445 0.0666667
36726 0.0625
29699 0.0625
28310 0.0625
24453 0.0625
22065 0.0625
19153 0.0625
37688 0.0555556
33429 0.0555556
40204 0.0526316
38014 0.0526316
37729 0.0526316
37689 0.0526316
28424 0.0526316
27900 0.0526316
27208 0.0526316
26281 0.0526316
23439 0.0526316
21889 0.0526316
12911 0.0526316
8035 0.0526316
6992 0.0526316
5691 0.0526316
3251 0.0526316
32065 0.0454545
19623 0.0454545
10187 0.0454545
2564 0.0454545
35587 0.0434783
32979 0.0416667
40738 0.04
19897 0.04
11232 0.04
7432 0.04
38700 0.0384615
31017 0.0384615
30906 0.0384615
28457 0.0384615
27449 0.0384615
20524 0.0384615
19141 0.0384615
16238 0.0384615
10444 0.0384615
5356 0.0384615
1363 0.0384615
36916 0.037037
34004 0.037037
33607 0.037037
32809 0.037037
30543 0.037037
28598 0.037037
27657 0.037037
25525 0.037037
22623 0.037037
22239 0.037037
21964 0.037037
21389 0.037037
18368 0.037037
15922 0.037037
15002 0.037037
14261 0.037037
12511 0.037037
11651 0.037037
11447 0.037037
11202 0.037037
10718 0.037037
10263 0.037037
10218 0.037037
9548 0.037037
9116 0.037037
8023 0.037037
7702 0.037037
7319 0.037037
5299 0.037037
5011 0.037037
221 0.037037
32618 0.0333333
28292 0.0333333
20294 0.0333333
17280 0.0333333
8905 0.0333333
40394 0.0196078
39866 0.0196078
38717 0.0196078
37246 0.0196078
31981 0.0196078
17015 0.0196078
16338 0.0196078
15057 0.0196078
13365 0.0196078
9499 0.0196078
2504 0.0196078
39947 0.0131579
39894 0.0131579
39791 0.0131579
38148 0.0131579
38141 0.0131579
36952 0.0131579
35346 0.0131579
35317 0.0131579
35063 0.0131579
32620 0.0131579
32607 0.0131579
29875 0.0131579
29640 0.0131579
29473 0.0131579
29464 0.0131579
29237 0.0131579
27926 0.0131579
26137 0.0131579
25659 0.0131579
25614 0.0131579
24678 0.0131579
24239 0.0131579
22368 0.0131579
22184 0.0131579
20287 0.0131579
19517 0.0131579
18435 0.0131579
17612 0.0131579
17492 0.0131579
17312 0.0131579
17154 0.0131579
17035 0.0131579
16744 0.0131579
16504 0.0131579
16298 0.0131579
16283 0.0131579
16076 0.0131579
16058 0.0131579
16047 0.0131579
14138 0.0131579
12893 0.0131579
12569 0.0131579
11909 0.0131579
11488 0.0131579
11331 0.0131579
9197 0.0131579
8615 0.0131579
7145 0.0131579
6654 0.0131579
3852 0.0131579
2877 0.0131579
2869 0.0131579
2542 0.0131579
1659 0.0131579
1610 0.0131579
866 0.0131579
556 0.0131579
391 0.0131579
40980 0
40979 0
40978 0
40977 0
40976 0
40975 0
40974 0
40973 0
40972 0
40971 0
40970 0
40969 0
40968 0
40967 0
40966 0
40965 0
40964 0
40963 0
40962 0
40961 0
40960 0
40959 0
40958 0
40957 0
40956 0
40955 0
40954 0
40953 0
40952 0
40951 0
40950 0
40949 0
40948 0
40947 0
40946 0
40945 0
40944 0
