14548 16.273
6262 12.1766
28962 5.34223
11758 3.89842
2629 2.68654
2578 2.29787
35841 2.07904
8140 2.06998
28486 1.92821
12692 1.72858
37238 1.50349
40587 1.49863
40841 1.33659
10571 1.32809
1737 1.26796
37060 1.26154
3668 1.2369
16195 1.23346
37992 1.20699
5887 1.19793
22762 1.12168
26383 1.11235
15598 1.11071
36935 1.08132
40264 1.08095
22625 1.04722
27914 1.01173
9229 0.907998
29892 0.870773
28240 0.836508
35433 0.772078
28206 0.76826
28778 0.75
23067 0.736111
26141 0.716439
33794 0.7
497 0.666667
4622 0.662121
22208 0.658333
6554 0.654324
9139 0.614502
15838 0.604589
17774 0.59033
15970 0.58863
38110 0.577235
8740 0.554324
5893 0.535628
29890 0.517857
1023 0.502747
16192 0.467857
5437 0.466667
25468 0.459577
22171 0.454185
29213 0.446465
15982 0.439424
4242 0.430409
31026 0.429304
33086 0.414286
26815 0.398973
19032 0.396825
7056 0.396825
16140 0.386335
30552 0.37553
7784 0.375474
34792 0.374376
32517 0.366667
32603 0.357143
15419 0.349573
39909 0.347181
30118 0.345408
1269 0.334577
9421 0.331519
24117 0.326812
13484 0.326812
25171 0.325901
30399 0.323413
30879 0.321256
16374 0.321256
13987 0.316239
20702 0.313034
39261 0.311249
16062 0.309524
37334 0.291667
26701 0.289472
33781 0.274376
29530 0.273352
18203 0.270552
12199 0.264847
3354 0.258387
23562 0.254786
29838 0.25
26980 0.237734
16536 0.214286
5101 0.211467
31266 0.210256
27588 0.210256
27782 0.20989
2493 0.2
171 0.2
14 0.2
5277 0.195688
4141 0.195688
15409 0.188406
11802 0.185714
33521 0.178399
12646 0.178399
32637 0.166667
25305 0.166667
24350 0.166667
19267 0.166667
12448 0.166667
3978 0.166667
36536 0.163265
39688 0.155013
36441 0.155013
11140 0.155013
40421 0.142857
39160 0.142857
23763 0.142857
17359 0.142857
13389 0.142857
11888 0.142857
2840 0.142857
1499 0.142857
4732 0.138716
28297 0.131997
18363 0.131997
39591 0.131884
30554 0.131884
10816 0.131884
14375 0.128788
4518 0.128788
19961 0.126867
40509 0.125
40090 0.125
23696 0.125
23499 0.125
18991 0.125
13192 0.125
6717 0.125
36524 0.120773
23761 0.120773
3467 0.120773
18242 0.111111
17654 0.111111
14487 0.111111
11618 0.111111
11416 0.10989
8908 0.104324
7950 0.104324
16612 0.101104
28693 0.1
9987 0.1
25155 0.0833333
22053 0.0833333
17696 0.0833333
16968 0.0833333
16789 0.0833333
36119 0.0806088
29248 0.0806088
22767 0.0806088
11390 0.0806088
35570 0.079932
6418 0.079932
38149 0.0714286
37783 0.0714286
22703 0.0714286
25478 0.0666667
19991 0.0666667
4763 0.0666667
1505 0.0666667
27335 0.0555556
22862 0.0555556
15213 0.0555556
17251 0.0526316
6469 0.0526316
29346 0.047619
14382 0.047619
40662 0.0434783
31238 0.0434783
23843 0.0434783
10949 0.0434783
18742 0.0384615
9395 0.0384615
40184 0.0238095
35884 0.0238095
20157 0.0238095
11438 0.0238095
8916 0.0238095
35307 0.0217391
21430 0.0217391
15365 0.0217391
12087 0.0217391
8281 0.0217391
40449 0.0204082
39502 0.0204082
35154 0.0204082
33398 0.0204082
31349 0.0204082
19334 0.0204082
14069 0.0204082
11838 0.0204082
7067 0.0204082
3800 0.0204082
893 0.0204082
40980 0
40979 0
40978 0
40977 0
40976 0
40975 0
40974 0
40973 0
40972 0
40971 0
40970 0
40969 0
40968 0
40967 0
40966 0
40965 0
40964 0
40963 0
40962 0
40961 0
40960 0
40959 0
40958 0
40957 0
40956 0
40955 0
40954 0
40953 0
40952 0
40951 0
40950 0
40949 0
40948 0
40947 0
40946 0
40945 0
40944 0
40943 0
40942 0
40941 0
40940 0
40939 0
40938 0
40937 0
40936 0
40935 0
40934 0
40933 0
40932 0
40931 0
40930 0
40929 0
40928 0
40927 0
40926 0
40925 0
40924 0
40923 0
40922 0
40921 0
40920 0
40919 0
40918 0
40917 0
40916 0
40915 0
40914 0
40913 0
40912 0
40911 0
40910 0
40909 0
40908 0
40907 0
40906 0
40905 0
40904 0
40903 0
40902 0
40901 0
40900 0
40899 0
40898 0
40897 0
40896 0
40895 0
40894 0
40893 0
40892 0
40891 0
40890 0
40889 0
40888 0
40887 0
40886 0
40885 0
40884 0
40883 0
40882 0
40881 0
40880 0
40879 0
40878 0
40877 0
40876 0
40875 0
40874 0
40873 0
40872 0
40871 0
40870 0
40869 0
40868 0
40867 0
40866 0
40865 0
40864 0
40863 0
40862 0
40861 0
40860 0
40859 0
40858 0
40857 0
40856 0
40855 0
40854 0
40853 0
40852 0
40851 0
40850 0
40849 0
40848 0
40847 0
40846 0
40845 0
40844 0
40843 0
40842 0
40840 0
40839 0
40838 0
40837 0
40836 0
40835 0
40834 0
40833 0
40832 0
40831 0
40830 0
40829 0
40828 0
40827 0
40826 0
40825 0
40824 0
40823 0
40822 0
40821 0
40820 0
40819 0
40818 0
40817 0
40816 0
40815 0
40814 0
40813 0
40812 0
40811 0
40810 0
40809 0
40808 0
40807 0
40806 0
40805 0
40804 0
40803 0
40802 0
40801 0
40800 0
40799 0
40798 0
40797 0
40796 0
40795 0
40794 0
40793 0
40792 0
40791 0
40790 0
40789 0
40788 0
40787 0
40786 0
40785 0
40784 0
40783 0
40782 0
40781 0
40780 0
40779 0
40778 0
40777 0
40776 0
40775 0
40774 0
40773 0
40772 0
40771 0
40770 0
40769 0
40768 0
40767 0
40766 0
40765 0
40764 0
40763 0
40762 0
40761 0
40760 0
40759 0
40758 0
40757 0
40756 0
40755 0
40754 0
40753 0
40752 0
40751 0
40750 0
40749 0
40748 0
40747 0
40746 0
40745 0
40744 0
40743 0
40742 0
40741 0
40740 0
40739 0
40738 0
40737 0
40736 0
40735 0
40734 0
40733 0
40732 0
40731 0
40730 0
40729 0
40728 0
40727 0
40726 0
40725 0
40724 0
40723 0
40722 0
40721 0
40720 0
40719 0
40718 0
40717 0
40716 0
40715 0
40714 0
40713 0
40712 0
40711 0
40710 0
40709 0
40708 0
40707 0
40706 0
40705 0
40704 0
40703 0
40702 0
40701 0
40700 0
40699 0
40698 0
40697 0
40696 0
40695 0
40694 0
40693 0
40692 0
40691 0
40690 0
40689 0
40688 0
40687 0
40686 0
40685 0
