1704 70.783
8703 64.0227
7101 49.0925
10578 46.4039
9107 44.1942
5992 40.7213
9326 37.3911
1688 35.8208
19794 34.4713
40340 34.3724
25662 33.8894
13325 27.6728
11603 27.2978
39309 21.9563
37460 18.9091
31511 15.8001
4214 15.389
987 15.2708
28060 13.7126
36004 13.5397
37194 12.994
12882 12.0654
23799 11.298
10372 10.8527
26662 10.6315
17731 10.3524
11879 9.93113
35742 9.79987
31686 9.29364
5627 9.103
8415 8.91932
30672 8.86081
19706 7.8426
23144 7.50152
27438 7.42911
39967 7.35631
40828 7.29384
32215 7.26978
1512 7.14349
13744 7.0793
35118 7.03824
608 6.96114
24326 6.84186
4521 6.83015
18609 6.30536
34540 6.01077
211 5.59871
5439 5.51332
5490 5.34908
15577 5.28865
27397 5.06572
23843 4.92849
8739 4.50208
21305 4.41108
30376 4.32294
4379 4.21193
15655 4.18982
18047 3.57682
2234 3.54543
5834 3.49379
12305 3.42984
13730 3.17964
31389 3.15792
31096 3.14351
34669 3.08892
1858 3.04102
12065 3.03563
37039 3.03087
14275 3.01888
32390 2.92231
13093 2.87137
31525 2.71489
15471 2.64465
1862 2.62334
39473 2.61795
11050 2.57923
38745 2.57203
40377 2.51337
33736 2.50637
878 2.46667
34710 2.41545
31320 2.39791
17377 2.34177
32186 2.20035
39212 2.19026
16137 2.15509
15582 2.10697
6060 2.03682
9963 1.96762
31962 1.92365
31819 1.86619
40920 1.85543
40308 1.80622
18328 1.80151
26156 1.79753
22594 1.76201
12359 1.75266
16458 1.72853
1047 1.72842
33336 1.72522
11788 1.71066
34419 1.62946
2624 1.62824
39210 1.6084
1975 1.59856
34504 1.57938
25296 1.54088
1792 1.5054
28044 1.49879
23642 1.49673
22582 1.48505
11078 1.41366
5248 1.41013
40005 1.40934
2102 1.39173
23477 1.35829
6102 1.35794
10837 1.33677
26300 1.3228
602 1.26104
11834 1.25865
23041 1.25599
9968 1.22342
37644 1.22093
14246 1.2194
28500 1.20599
26915 1.18034
38409 1.17436
40902 1.16814
13043 1.15833
33229 1.13802
37924 1.10119
13480 1.10053
25146 1.09187
10049 1.08247
9836 1.08074
26935 1.06495
10923 1.06175
23827 1.06045
10998 1.06017
19718 1.05837
10678 1.0514
15670 1.02673
31301 1.02615
4768 1.01523
14021 1.01122
26920 0.989504
19064 0.962831
29117 0.96189
10288 0.939151
9329 0.934246
37692 0.932823
14547 0.930305
10812 0.928571
29401 0.911601
1308 0.907716
5291 0.890359
27799 0.884425
14342 0.872839
25701 0.868079
16353 0.858943
8102 0.83908
32871 0.800323
35842 0.795263
24505 0.789061
28763 0.767979
39903 0.767244
9808 0.765004
24478 0.759034
23698 0.754267
27261 0.74916
20289 0.729239
37863 0.727859
24595 0.721509
5705 0.707236
8672 0.7
20987 0.698207
6168 0.697006
12516 0.696573
34737 0.684215
30342 0.676133
32216 0.65581
28230 0.647211
2885 0.628525
32149 0.621173
30563 0.619186
23124 0.614613
3936 0.610844
28728 0.607202
4566 0.6014
23497 0.59999
25601 0.593728
17430 0.587302
27034 0.586398
40056 0.579062
16583 0.573917
20801 0.573152
28988 0.571825
23724 0.5671
22711 0.565925
20430 0.565158
38126 0.562394
1593 0.561933
40961 0.55328
1412 0.552204
21700 0.540514
27228 0.538582
7281 0.533333
38734 0.532688
28145 0.529545
9137 0.527468
10740 0.525087
37532 0.52072
1052 0.519669
10546 0.519589
8027 0.5125
6262 0.509524
673 0.509524
40150 0.508598
36003 0.497915
29148 0.486526
11217 0.475375
7510 0.473144
29587 0.468207
37888 0.462338
9073 0.451552
40193 0.449321
19247 0.445266
34768 0.444444
20250 0.442659
18930 0.436111
869 0.431498
18743 0.427506
30793 0.420588
21696 0.415824
25555 0.405326
35368 0.404021
8761 0.40339
23620 0.40167
2117 0.401404
4980 0.39359
40623 0.39062
33408 0.384204
29234 0.37388
33181 0.361256
25702 0.36053
14428 0.357085
36131 0.355479
23187 0.343405
37704 0.339136
32522 0.337302
3427 0.336817
35112 0.333501
40883 0.333333
16390 0.333333
25147 0.331968
17312 0.328338
33770 0.32434
2208 0.32434
22484 0.321041
25224 0.314695
9623 0.313561
35232 0.310575
6150 0.307667
7548 0.307383
20568 0.305987
5293 0.302395
19128 0.300792
3773 0.299901
37523 0.299103
1699 0.27544
17587 0.268812
33673 0.266667
11858 0.266291
32620 0.265738
37825 0.25814
24532 0.255686
5884 0.254831
21694 0.254563
24052 0.253697
9665 0.252027
22146 0.250555
28493 0.25
19032 0.25
8256 0.246613
5136 0.243468
35063 0.241363
34794 0.241135
11960 0.240134
22163 0.239057
37510 0.236853
14768 0.236406
15764 0.236111
31586 0.233333
25752 0.229831
26276 0.229555
17133 0.228213
19756 0.218506
803 0.217424
19341 0.21649
4998 0.216393
26640 0.215511
38754 0.212392
643 0.211236
22325 0.206387
29818 0.20601
39640 0.204417
36952 0.204417
37653 0.2
32050 0.2
30054 0.2
27065 0.2
25243 0.2
24028 0.2
17860 0.2
8911 0.2
8088 0.2
543 0.2
40839 0.198924
31727 0.197958
9308 0.197911
16606 0.197318
1508 0.196949
6734 0.195833
4114 0.194444
4534 0.193183
26816 0.189749
8743 0.189749
2056 0.187219
9914 0.185808
36239 0.185808
12175 0.176923
17614 0.176136
22779 0.175794
3137 0.175081
40165 0.173492
2874 0.173441
40197 0.171772
22184 0.16887
40011 0.166667
34543 0.166667
28718 0.166667
19428 0.166667
19335 0.166667
17206 0.166667
10480 0.166667
9820 0.166667
7589 0.166667
5214 0.166667
2838 0.166667
327 0.166667
284 0.166667
21242 0.16554
37935 0.162992
39947 0.162797
35346 0.162797
27989 0.162797
11080 0.162797
110 0.162797
19029 0.161524
6364 0.161343
39962 0.161125
39791 0.161125
17154 0.161125
18554 0.157567
21444 0.15234
39223 0.151053
36826 0.147314
2433 0.147266
34021 0.147186
5534 0.145997
21050 0.145977
35734 0.144538
9197 0.144538
30859 0.142857
30677 0.142857
30659 0.142857
26433 0.142857
19301 0.142857
4339 0.142857
3612 0.142857
401 0.142857
15960 0.138164
37985 0.133151
21768 0.126014
15035 0.125139
39234 0.125
38906 0.125
31964 0.125
31329 0.125
21593 0.125
18601 0.125
11072 0.125
6294 0.125
10345 0.123012
24897 0.119193
25588 0.118134
14729 0.115064
23439 0.11332
40296 0.111111
34459 0.111111
30328 0.111111
28329 0.111111
24825 0.111111
23628 0.111111
15956 0.111111
6501 0.111111
233 0.111111
11382 0.110839
23856 0.109581
24306 0.108219
30676 0.107399
23582 0.104264
33610 0.103939
22267 0.101683
37710 0.1
31509 0.1
30377 0.1
21183 0.1
20273 0.1
18582 0.1
16817 0.1
15605 0.1
12256 0.1
8241 0.1
1885 0.1
843 0.1
6587 0.0990909
36330 0.0986971
10281 0.0985294
28022 0.0977102
4426 0.0944995
23627 0.0942668
20408 0.0935609
28071 0.0909091
23705 0.0909091
4982 0.0909091
2798 0.0909091
29702 0.0901747
26768 0.0882565
822 0.0867345
14983 0.0858471
13593 0.0857187
39435 0.0833333
39109 0.0833333
38544 0.0833333
38277 0.0833333
24102 0.0833333
21920 0.0833333
18155 0.0833333
17685 0.0833333
15067 0.0833333
14128 0.0833333
13822 0.0833333
10779 0.0833333
8831 0.0833333
29121 0.0830265
19304 0.0824206
39444 0.08171
482 0.08171
17096 0.0811002
10120 0.0811002
6171 0.0792452
28615 0.0785946
24908 0.0785946
14714 0.0785946
8693 0.0785946
3660 0.0785946
2002 0.0785946
25065 0.0769231
22405 0.0769231
15873 0.0769231
14650 0.0769231
12727 0.0769231
7708 0.0769231
5719 0.0769231
31947 0.0757955
14138 0.0757955
13654 0.0757955
28854 0.0724639
39713 0.0722977
39458 0.0718171
39183 0.0714286
30166 0.0714286
28424 0.0714286
28316 0.0714286
9862 0.0714286
6992 0.0714286
5561 0.0714286
708 0.0714286
2979 0.0693078
17734 0.0691721
10090 0.0680941
27357 0.0666667
22930 0.0666667
22839 0.0666667
20977 0.0666667
3925 0.0666667
27647 0.0655131
16395 0.0651619
