31301 5.48735
9105 1.7825
16791 1.53929
37221 1.0827
7708 1.05547
22054 1.05322
27514 1.04139
3112 0.89478
263 0.86009
32885 0.743478
27951 0.716272
4538 0.71129
39743 0.701582
27799 0.695489
17634 0.610339
37797 0.589709
8672 0.524854
13422 0.510304
16278 0.496784
24825 0.485714
9561 0.485714
34394 0.451923
26750 0.441534
26892 0.387608
6644 0.387608
1179 0.382576
38116 0.347222
36554 0.333333
34028 0.333333
28089 0.333333
7696 0.333333
36876 0.323256
29443 0.314286
26401 0.307051
4405 0.307051
33545 0.3066
30793 0.3066
2885 0.3066
26744 0.292059
40573 0.273611
38674 0.25
13925 0.25
40912 0.226812
8055 0.226812
1975 0.226812
28722 0.224405
23405 0.224405
29997 0.217308
19295 0.205118
28444 0.202941
27886 0.202941
23014 0.202941
11108 0.202941
40739 0.2
38358 0.2
21698 0.2
18328 0.2
18937 0.196572
20167 0.19152
24756 0.172386
32500 0.167308
16561 0.167308
12502 0.167308
9362 0.167308
23714 0.166667
18666 0.166667
18284 0.166667
9442 0.166667
17159 0.165675
5693 0.165675
14630 0.164286
8508 0.164286
5203 0.149867
3856 0.149867
33333 0.146531
17406 0.146531
3075 0.146531
39962 0.142857
26647 0.142857
26629 0.142857
12620 0.142857
10923 0.142857
5832 0.140385
5130 0.140385
21983 0.134367
40078 0.125
34396 0.125
30485 0.125
25032 0.125
20075 0.125
9654 0.125
7894 0.125
4029 0.125
2007 0.125
18730 0.116749
39614 0.111111
35734 0.111111
22405 0.111111
8366 0.111111
7727 0.111111
10036 0.10953
6656 0.10953
33490 0.1
31283 0.1
22583 0.1
18295 0.1
15603 0.1
13003 0.1
5049 0.1
4406 0.1
1852 0.1
37998 0.0987179
34611 0.0987179
26400 0.0987179
22890 0.0987179
21816 0.0987179
7691 0.0987179
3434 0.0974925
33331 0.091272
26555 0.091272
26295 0.091272
13762 0.091272
13079 0.091272
3880 0.091272
39027 0.0909091
35361 0.0909091
26374 0.0909091
38793 0.085304
23498 0.085304
22228 0.085304
9831 0.085304
6823 0.085304
39090 0.0833333
34908 0.0833333
34360 0.0833333
31255 0.0833333
28523 0.0833333
10117 0.0833333
7024 0.0833333
1091 0.0833333
52 0.0833333
8186 0.0829884
23154 0.0792751
39112 0.0769231
36606 0.0769231
34877 0.0769231
21097 0.0769231
19083 0.0769231
19019 0.0769231
14927 0.0769231
11658 0.0769231
8303 0.0769231
6427 0.0769231
5921 0.0769231
34075 0.0666667
31197 0.0666667
24862 0.0666667
18661 0.0666667
14038 0.0666667
12902 0.0666667
11958 0.0666667
34973 0.0625
34274 0.0625
33825 0.0625
27844 0.0625
24270 0.0625
12636 0.0625
11935 0.0625
2659 0.0625
40568 0.0555556
31888 0.0555556
26789 0.0555556
24819 0.0555556
23211 0.0555556
22502 0.0555556
14873 0.0555556
12466 0.0555556
8027 0.0555556
2249 0.0555556
12569 0.0526316
10551 0.0526316
25984 0.05
17507 0.05
15862 0.05
3924 0.05
373 0.05
316 0.05
40001 0.047619
28265 0.047619
22413 0.047619
16764 0.047619
13837 0.047619
11196 0.047619
1204 0.047619
38012 0.0434783
33883 0.0434783
27340 0.0434783
26334 0.0434783
25082 0.0434783
19887 0.0434783
17870 0.0434783
15592 0.0434783
13568 0.0434783
11216 0.0434783
10387 0.0434783
9557 0.0434783
6496 0.0434783
6409 0.0434783
6152 0.0434783
1318 0.0434783
29741 0.0416667
21181 0.0416667
8474 0.0416667
6002 0.0416667
3321 0.0416667
35537 0.0344828
32902 0.0344828
31986 0.0344828
31417 0.0344828
27892 0.0344828
25413 0.0344828
22488 0.0344828
21312 0.0344828
17767 0.0344828
14311 0.0344828
8196 0.0344828
6886 0.0344828
952 0.0344828
39616 0.0277778
28950 0.0277778
28527 0.0277778
25725 0.0277778
13405 0.0277778
13323 0.0277778
12176 0.0277778
11601 0.0277778
10457 0.0277778
10009 0.0277778
3567 0.0277778
2958 0.0277778
1683 0.0277778
38667 0.025641
32891 0.025641
32582 0.025641
31409 0.025641
28543 0.025641
28483 0.025641
27551 0.025641
27281 0.025641
25416 0.025641
24251 0.025641
20953 0.025641
19957 0.025641
19474 0.025641
19309 0.025641
16110 0.025641
14445 0.025641
14224 0.025641
12431 0.025641
11582 0.025641
10830 0.025641
10423 0.025641
9947 0.025641
6686 0.025641
6320 0.025641
5691 0.025641
5054 0.025641
4493 0.025641
2838 0.025641
2744 0.025641
1605 0.025641
36763 0.0232558
36623 0.0232558
35851 0.0232558
32718 0.0232558
31021 0.0232558
30269 0.0232558
23987 0.0232558
21902 0.0232558
18721 0.0232558
16310 0.0232558
15891 0.0232558
14172 0.0232558
13527 0.0232558
8955 0.0232558
7172 0.0232558
3600 0.0232558
774 0.0232558
40866 0.0196078
40829 0.0196078
38562 0.0196078
37176 0.0196078
33383 0.0196078
29977 0.0196078
25399 0.0196078
24649 0.0196078
24382 0.0196078
23655 0.0196078
23283 0.0196078
22402 0.0196078
20489 0.0196078
20229 0.0196078
19925 0.0196078
18274 0.0196078
17075 0.0196078
16614 0.0196078
13935 0.0196078
10731 0.0196078
8867 0.0196078
8521 0.0196078
7032 0.0196078
6794 0.0196078
6096 0.0196078
5663 0.0196078
5153 0.0196078
4691 0.0196078
3928 0.0196078
3494 0.0196078
3336 0.0196078
2633 0.0196078
1298 0.0196078
39495 0.0153846
38646 0.0153846
38184 0.0153846
37103 0.0153846
34704 0.0153846
33981 0.0153846
33078 0.0153846
32392 0.0153846
31606 0.0153846
25971 0.0153846
23658 0.0153846
23380 0.0153846
22594 0.0153846
17599 0.0153846
17165 0.0153846
16182 0.0153846
15984 0.0153846
15352 0.0153846
15095 0.0153846
13845 0.0153846
13646 0.0153846
11075 0.0153846
10602 0.0153846
8730 0.0153846
7452 0.0153846
6309 0.0153846
3949 0.0153846
3064 0.0153846
2712 0.0153846
2673 0.0153846
2237 0.0153846
2016 0.0153846
1627 0.0153846
1291 0.0153846
680 0.0153846
363 0.0153846
32 0.0153846
40869 0.0120482
39454 0.0120482
38808 0.0120482
37619 0.0120482
36811 0.0120482
36740 0.0120482
36045 0.0120482
33390 0.0120482
33062 0.0120482
32136 0.0120482
31921 0.0120482
31411 0.0120482
31297 0.0120482
30829 0.0120482
29154 0.0120482
28508 0.0120482
28319 0.0120482
28123 0.0120482
27929 0.0120482
27713 0.0120482
27679 0.0120482
26361 0.0120482
26307 0.0120482
25118 0.0120482
24556 0.0120482
24335 0.0120482
23877 0.0120482
22560 0.0120482
20129 0.0120482
19589 0.0120482
18332 0.0120482
17725 0.0120482
16346 0.0120482
16061 0.0120482
15934 0.0120482
15451 0.0120482
15322 0.0120482
13631 0.0120482
12346 0.0120482
12221 0.0120482
11492 0.0120482
10852 0.0120482
10737 0.0120482
9430 0.0120482
7675 0.0120482
7593 0.0120482
6827 0.0120482
6504 0.0120482
5667 0.0120482
5460 0.0120482
4746 0.0120482
4408 0.0120482
3158 0.0120482
2982 0.0120482
2779 0.0120482
2509 0.0120482
1940 0.0120482
936 0.0120482
333 0.0120482
40980 0
40979 0
40978 0
40977 0
40976 0
40975 0
40974 0
40973 0
40972 0
40971 0
40970 0
40969 0
40968 0
40967 0
40966 0
40965 0
40964 0
40963 0
40962 0
40961 0
40960 0
40959 0
40958 0
40957 0
40956 0
40955 0
40954 0
40953 0
40952 0
40951 0
40950 0
40949 0
40948 0
40947 0
40946 0
40945 0
40944 0
40943 0
40942 0
40941 0
40940 0
40939 0
40938 0
40937 0
40936 0
40935 0
40934 0
40933 0
40932 0
40931 0
40930 0
40929 0
40928 0
40927 0
40926 0
40925 0
40924 0
40923 0
40922 0
40921 0
40920 0
40919 0
40918 0
40917 0
40916 0
40915 0
40914 0
40913 0
40911 0
40910 0
40909 0
40908 0
40907 0
40906 0
40905 0
40904 0
40903 0
40902 0
40901 0
40900 0
40899 0
40898 0
40897 0
