34915 4.83583
26845 3.92695
36494 3.7785
7666 3.34575
6287 3.13785
24067 2.8999
29401 2.0661
4471 1.9036
31482 1.85489
225 1.75648
34312 1.52923
13052 1.51667
163 1.482
32652 1.43072
9543 1.37383
18428 1.12039
22010 1.00202
34737 0.995246
0 0.934916
18578 0.900024
20397 0.853022
9324 0.850532
15777 0.766667
25885 0.736377
13309 0.69375
25110 0.67619
25179 0.672891
31791 0.647466
23843 0.638301
21712 0.621466
12230 0.619643
23836 0.569841
4635 0.538911
38281 0.516667
9423 0.516007
9059 0.503968
8831 0.5
27298 0.453137
32165 0.452381
28769 0.452169
17571 0.440476
21019 0.433333
33009 0.415909
18582 0.404589
8313 0.4
4506 0.3625
33233 0.354719
28551 0.346825
5905 0.339932
26069 0.336111
9590 0.333333
13326 0.324242
20010 0.3066
17621 0.287302
21288 0.285714
9720 0.285714
35601 0.251832
31916 0.251832
31366 0.251832
39178 0.25
39028 0.25
22175 0.25
37122 0.247475
2938 0.215132
22501 0.209524
25317 0.2
23701 0.2
11122 0.2
35697 0.19707
37064 0.196429
36725 0.196429
34537 0.196429
25507 0.196429
25202 0.196429
11591 0.196429
30045 0.173333
19259 0.173333
15558 0.166667
12548 0.166667
16963 0.166408
40113 0.152264
36969 0.152264
9615 0.152264
11764 0.15162
29988 0.148133
28500 0.142857
12970 0.142857
1827 0.142857
11815 0.125
18269 0.123002
19555 0.112678
38841 0.111111
38330 0.111111
36591 0.111111
25048 0.111111
23285 0.111111
15764 0.111111
8601 0.111111
26 0.111111
40525 0.1
38850 0.1
34169 0.1
32031 0.1
26172 0.1
22184 0.1
21325 0.1
19956 0.1
17083 0.1
14943 0.1
7478 0.1
7402 0.1
6552 0.1
6298 0.1
4846 0.1
4413 0.1
3741 0.1
2885 0.1
38928 0.0909091
34561 0.0909091
28489 0.0909091
24313 0.0909091
21323 0.0909091
885 0.0909091
30401 0.0833333
29762 0.0833333
14053 0.0833333
50 0.0833333
39 0.0833333
39383 0.0769231
29871 0.0769231
5770 0.0769231
37267 0.0714286
33885 0.0714286
33695 0.0714286
33026 0.0714286
30009 0.0714286
26070 0.0714286
25959 0.0714286
21689 0.0714286
17340 0.0714286
9825 0.0714286
15192 0.0666667
14543 0.0666667
40714 0.0625
38753 0.0625
25031 0.0625
280 0.0625
33870 0.0526316
30351 0.0526316
22462 0.0526316
20308 0.0526316
6706 0.0526316
32522 0.05
28955 0.05
24627 0.05
22607 0.05
5484 0.05
31778 0.0454545
31239 0.0454545
16933 0.0454545
3200 0.0454545
37347 0.0434783
33874 0.0434783
33841 0.0434783
32658 0.0434783
31729 0.0434783
30283 0.0434783
30183 0.0434783
29549 0.0434783
29358 0.0434783
22026 0.0434783
20059 0.0434783
17638 0.0434783
17153 0.0434783
16625 0.0434783
12292 0.0434783
11521 0.0434783
10059 0.0434783
1550 0.0434783
896 0.0434783
39627 0.0416667
39085 0.0416667
37819 0.0416667
23120 0.0416667
23110 0.0416667
17810 0.0416667
15869 0.0416667
13370 0.0416667
10234 0.0416667
9287 0.0416667
4695 0.0416667
4412 0.0416667
1218 0.0416667
29566 0.04
29318 0.04
26687 0.04
25187 0.04
23206 0.04
22955 0.04
16399 0.04
15605 0.04
13546 0.04
9322 0.04
9169 0.04
9050 0.04
8342 0.04
7618 0.04
191 0.04
37270 0.0384615
29240 0.0384615
27135 0.0384615
24318 0.0384615
18933 0.0384615
13685 0.0384615
37670 0.037037
36889 0.037037
18588 0.037037
5820 0.037037
37838 0.0357143
35404 0.0357143
32808 0.0357143
32035 0.0357143
30359 0.0357143
28274 0.0357143
25330 0.0357143
25056 0.0357143
22095 0.0357143
15455 0.0357143
14341 0.0357143
10042 0.0357143
8717 0.0357143
651 0.0357143
38632 0.0333333
38407 0.0333333
34062 0.0333333
31224 0.0333333
29183 0.0333333
27622 0.0333333
24285 0.0333333
24217 0.0333333
15408 0.0333333
15399 0.0333333
14633 0.0333333
11609 0.0333333
40906 0.03125
38442 0.03125
29113 0.03125
24821 0.03125
21326 0.03125
20719 0.03125
20250 0.03125
17353 0.03125
15954 0.03125
12706 0.03125
10594 0.03125
8120 0.03125
7634 0.03125
7370 0.03125
36147 0.025641
35792 0.025641
35241 0.025641
27379 0.025641
26399 0.025641
25546 0.025641
22537 0.025641
22122 0.025641
18732 0.025641
16688 0.025641
14583 0.025641
12956 0.025641
12282 0.025641
6049 0.025641
2669 0.025641
40980 0
40979 0
40978 0
40977 0
40976 0
40975 0
40974 0
40973 0
40972 0
40971 0
40970 0
40969 0
40968 0
40967 0
40966 0
40965 0
40964 0
40963 0
40962 0
40961 0
40960 0
40959 0
40958 0
40957 0
40956 0
40955 0
40954 0
40953 0
40952 0
40951 0
40950 0
40949 0
40948 0
40947 0
40946 0
40945 0
40944 0
40943 0
40942 0
40941 0
40940 0
40939 0
40938 0
40937 0
40936 0
40935 0
40934 0
40933 0
40932 0
40931 0
40930 0
40929 0
40928 0
40927 0
40926 0
40925 0
40924 0
40923 0
40922 0
40921 0
40920 0
40919 0
40918 0
40917 0
40916 0
40915 0
40914 0
40913 0
40912 0
40911 0
40910 0
40909 0
40908 0
40907 0
40905 0
40904 0
40903 0
40902 0
40901 0
40900 0
40899 0
40898 0
40897 0
40896 0
40895 0
40894 0
40893 0
40892 0
40891 0
40890 0
40889 0
40888 0
40887 0
40886 0
40885 0
40884 0
40883 0
40882 0
40881 0
40880 0
40879 0
40878 0
40877 0
40876 0
40875 0
40874 0
40873 0
40872 0
40871 0
40870 0
40869 0
40868 0
40867 0
40866 0
40865 0
40864 0
40863 0
40862 0
40861 0
40860 0
40859 0
40858 0
40857 0
40856 0
40855 0
40854 0
40853 0
40852 0
40851 0
40850 0
40849 0
40848 0
40847 0
40846 0
40845 0
40844 0
40843 0
40842 0
40841 0
40840 0
40839 0
40838 0
40837 0
40836 0
40835 0
40834 0
40833 0
40832 0
40831 0
40830 0
40829 0
40828 0
40827 0
40826 0
40825 0
40824 0
40823 0
40822 0
40821 0
40820 0
40819 0
40818 0
40817 0
40816 0
40815 0
40814 0
40813 0
40812 0
40811 0
40810 0
40809 0
40808 0
40807 0
40806 0
40805 0
40804 0
40803 0
40802 0
40801 0
40800 0
40799 0
40798 0
40797 0
40796 0
40795 0
40794 0
40793 0
40792 0
40791 0
40790 0
40789 0
40788 0
40787 0
40786 0
40785 0
40784 0
40783 0
40782 0
40781 0
40780 0
40779 0
40778 0
40777 0
40776 0
40775 0
40774 0
40773 0
40772 0
40771 0
40770 0
40769 0
40768 0
40767 0
40766 0
40765 0
40764 0
40763 0
40762 0
40761 0
40760 0
40759 0
40758 0
40757 0
40756 0
40755 0
40754 0
40753 0
