9059 2.96916
29401 2.56265
14398 2.00048
13309 1.96145
16231 1.85952
26153 1.85895
30764 1.72194
16390 1.62145
18428 1.58075
40190 1.47619
19246 1.35119
23843 1.29534
17056 1.16786
40882 1.04178
20049 1
20250 0.941905
7666 0.874741
38627 0.809524
7811 0.809524
28500 0.803095
10689 0.79575
25015 0.783333
4036 0.783333
12379 0.72619
25583 0.708333
15711 0.698925
2885 0.688971
16933 0.687969
9012 0.642857
14514 0.625
7277 0.621544
9243 0.619048
24754 0.612745
5484 0.575
15605 0.5625
35114 0.541667
19032 0.521429
33233 0.516408
18269 0.513228
19770 0.453968
37844 0.45
31153 0.429412
1643 0.396078
6049 0.386335
21326 0.378968
31047 0.375
9320 0.372269
225 0.371795
25179 0.366624
0 0.366624
16817 0.362637
663 0.358333
9590 0.357258
7515 0.354978
21735 0.349524
38442 0.340278
20719 0.340278
12706 0.340278
22501 0.339286
5770 0.334524
4686 0.334524
37444 0.333333
24670 0.333333
20231 0.333333
8672 0.333333
6143 0.333333
5139 0.333333
3188 0.333333
1720 0.333333
12020 0.250812
40409 0.25
39028 0.25
33268 0.25
31285 0.25
24459 0.25
24423 0.25
23724 0.25
21833 0.25
19549 0.25
16090 0.25
15634 0.25
15234 0.25
10480 0.25
6399 0.25
4991 0.25
2364 0.25
34312 0.247182
25885 0.247182
33695 0.228687
7125 0.228687
18933 0.225962
13685 0.225962
9543 0.225962
40556 0.2
38301 0.2
35734 0.2
35700 0.2
32316 0.2
29871 0.2
29376 0.2
26150 0.2
23024 0.2
20891 0.2
7846 0.2
6848 0.2
458 0.2
31239 0.189668
29113 0.189668
3200 0.189668
37506 0.166667
36256 0.166667
34758 0.166667
25685 0.166667
16803 0.166667
14774 0.166667
14543 0.166667
5673 0.166667
36494 0.166408
34915 0.166408
16960 0.166408
6287 0.166408
4471 0.166408
5820 0.165825
27135 0.155345
32522 0.154636
38632 0.142857
35349 0.142857
34816 0.142857
28394 0.142857
28375 0.142857
20875 0.142857
17350 0.142857
11497 0.142857
11478 0.142857
7370 0.142857
5082 0.142857
38565 0.125
26799 0.125
20345 0.125
19733 0.125
19395 0.125
17353 0.125
17340 0.125
16393 0.125
14115 0.125
12548 0.125
8507 0.125
5783 0.125
3721 0.125
902 0.125
28311 0.111111
20776 0.111111
20013 0.111111
7614 0.111111
40299 0.10167
32885 0.10167
32620 0.10167
19428 0.10167
5067 0.10167
4998 0.10167
2328 0.10167
40714 0.0833333
40688 0.0833333
24821 0.0833333
9740 0.0833333
4596 0.0833333
2938 0.0833333
1514 0.0833333
4372 0.0769231
19820 0.0714286
38378 0.0666667
23796 0.0666667
716 0.0666667
39395 0.0625
37831 0.0625
33892 0.0625
29183 0.0625
23550 0.0625
31305 0.0454545
28955 0.0454545
17621 0.0454545
15408 0.0454545
13052 0.0454545
2674 0.0454545
191 0.0454545
38753 0.0434783
35151 0.0434783
31770 0.0434783
30359 0.0434783
27379 0.0434783
25419 0.0434783
25330 0.0434783
21288 0.0434783
20404 0.0434783
20397 0.0434783
20010 0.0434783
9720 0.0434783
9615 0.0434783
9423 0.0434783
8717 0.0434783
4249 0.0434783
1106 0.0434783
37888 0.04
31329 0.04
27799 0.04
27454 0.04
24894 0.04
18275 0.04
18248 0.04
12069 0.04
9665 0.04
37270 0.0384615
34737 0.0384615
32652 0.0384615
31482 0.0384615
29240 0.0384615
27298 0.0384615
24318 0.0384615
18578 0.0384615
37670 0.037037
36889 0.037037
28769 0.037037
26845 0.037037
24067 0.037037
19555 0.037037
18588 0.037037
11764 0.037037
9324 0.037037
5905 0.037037
4635 0.037037
39727 0.0322581
36395 0.0322581
33401 0.0322581
29011 0.0322581
17131 0.0322581
9887 0.0322581
6699 0.0322581
40472 0.0294118
40422 0.0294118
33533 0.0294118
23817 0.0294118
22034 0.0294118
21903 0.0294118
13931 0.0294118
13528 0.0294118
12989 0.0294118
12911 0.0294118
11986 0.0294118
4689 0.0294118
3030 0.0294118
40980 0
40979 0
40978 0
40977 0
40976 0
40975 0
40974 0
40973 0
40972 0
40971 0
40970 0
40969 0
40968 0
40967 0
40966 0
40965 0
40964 0
40963 0
40962 0
40961 0
40960 0
40959 0
40958 0
40957 0
40956 0
40955 0
40954 0
40953 0
40952 0
40951 0
40950 0
40949 0
40948 0
40947 0
40946 0
40945 0
40944 0
40943 0
40942 0
40941 0
40940 0
40939 0
40938 0
40937 0
40936 0
40935 0
40934 0
40933 0
40932 0
40931 0
40930 0
40929 0
40928 0
40927 0
40926 0
40925 0
40924 0
40923 0
40922 0
40921 0
40920 0
40919 0
40918 0
40917 0
40916 0
40915 0
40914 0
40913 0
40912 0
40911 0
40910 0
40909 0
40908 0
40907 0
40906 0
40905 0
40904 0
40903 0
40902 0
40901 0
40900 0
40899 0
40898 0
40897 0
40896 0
40895 0
40894 0
40893 0
40892 0
40891 0
40890 0
40889 0
40888 0
40887 0
40886 0
40885 0
40884 0
40883 0
40881 0
40880 0
40879 0
40878 0
40877 0
40876 0
40875 0
40874 0
40873 0
40872 0
40871 0
40870 0
40869 0
40868 0
40867 0
40866 0
40865 0
40864 0
40863 0
40862 0
40861 0
40860 0
40859 0
40858 0
40857 0
40856 0
40855 0
40854 0
40853 0
40852 0
40851 0
40850 0
40849 0
40848 0
40847 0
40846 0
40845 0
40844 0
40843 0
40842 0
40841 0
40840 0
40839 0
40838 0
40837 0
40836 0
40835 0
40834 0
40833 0
40832 0
40831 0
40830 0
40829 0
40828 0
40827 0
40826 0
40825 0
40824 0
40823 0
40822 0
40821 0
40820 0
40819 0
40818 0
40817 0
40816 0
40815 0
40814 0
40813 0
40812 0
40811 0
40810 0
40809 0
40808 0
40807 0
40806 0
40805 0
40804 0
40803 0
40802 0
40801 0
40800 0
40799 0
40798 0
40797 0
40796 0
40795 0
40794 0
40793 0
40792 0
40791 0
40790 0
40789 0
40788 0
40787 0
40786 0
40785 0
40784 0
40783 0
40782 0
40781 0
40780 0
40779 0
40778 0
40777 0
40776 0
40775 0
40774 0
40773 0
40772 0
40771 0
40770 0
40769 0
40768 0
40767 0
40766 0
40765 0
40764 0
40763 0
40762 0
40761 0
40760 0
40759 0
40758 0
40757 0
40756 0
40755 0
40754 0
40753 0
40752 0
40751 0
40750 0
40749 0
40748 0
40747 0
40746 0
40745 0
40744 0
40743 0
40742 0
40741 0
40740 0
40739 0
40738 0
40737 0
40736 0
40735 0
40734 0
40733 0
40732 0
40731 0
40730 0
