27799 4.88223
13654 3.94488
1230 3.78757
3852 3.20619
29140 2.52655
29946 2.41579
4539 2.30884
14858 2.15968
20928 2.12502
38182 2.0901
35086 1.82904
16806 1.72592
33633 1.66984
30897 1.58852
26794 1.55325
35825 1.54513
3068 1.43379
9283 1.26384
6319 1.23858
6041 1.22354
36313 1.18888
36918 1.1664
3541 1.15979
13507 1.13084
37496 1.11567
20704 1.09599
31228 1.08186
26476 1.08155
3002 1.07537
27926 1.06856
4934 1.04533
13234 1.01187
35766 1.00418
17701 0.967427
40204 0.96014
18520 0.949372
2885 0.912572
32016 0.864129
25659 0.856842
23843 0.853968
29193 0.844497
15012 0.841356
7807 0.833333
21186 0.822457
13916 0.821068
22530 0.812963
11488 0.779384
40597 0.751625
7412 0.743498
7145 0.740909
40342 0.735714
16097 0.708333
30419 0.705556
39791 0.702179
25831 0.695935
9592 0.681926
14934 0.680666
39671 0.670865
34768 0.657576
80 0.649015
24239 0.647568
21586 0.646759
12541 0.631914
911 0.624242
22368 0.620041
27253 0.613458
8828 0.602935
38583 0.600779
21889 0.6
14943 0.598934
8384 0.596898
17312 0.583969
12522 0.571429
14138 0.56992
24400 0.568224
19277 0.563683
9196 0.562082
2621 0.557071
20152 0.547619
40165 0.544305
40945 0.544246
18230 0.541453
3682 0.516017
31858 0.503535
24149 0.498333
39383 0.483066
2027 0.478332
21757 0.471157
22378 0.467172
7142 0.467172
24902 0.463615
3124 0.439394
2863 0.430984
36400 0.408513
34835 0.404347
29626 0.400889
12976 0.4
905 0.398314
31564 0.395598
12893 0.388312
10196 0.385511
31947 0.37599
26323 0.374242
19967 0.374107
24790 0.369451
14006 0.369451
40525 0.366667
24041 0.364597
32536 0.36316
37800 0.362637
34116 0.361111
8197 0.356929
3877 0.353329
36952 0.347877
24591 0.346163
3940 0.346163
35317 0.341458
37958 0.338005
25651 0.338005
4499 0.337608
39427 0.333333
35955 0.333333
25826 0.333333
1491 0.333333
15014 0.328891
15416 0.328263
26786 0.326774
306 0.32549
3356 0.318285
22404 0.318057
8224 0.317491
860 0.316468
20569 0.311623
40890 0.300112
21323 0.300112
8237 0.299674
34561 0.2982
18835 0.295687
33765 0.285714
10253 0.278968
4189 0.278869
15225 0.2781
8356 0.276924
6199 0.272222
30793 0.260409
7102 0.260243
39661 0.257989
27408 0.257764
37027 0.254701
39934 0.250086
22057 0.25
9148 0.25
7047 0.25
4872 0.25
349 0.25
37815 0.248835
13337 0.248835
33377 0.248333
37546 0.244721
28407 0.243867
17282 0.243867
17583 0.232955
4058 0.230787
25362 0.226938
11052 0.223297
8990 0.223297
432 0.222752
31260 0.222619
25213 0.219669
6592 0.219431
6807 0.21859
21062 0.211429
30417 0.209266
12525 0.20869
14922 0.206566
34998 0.205556
2751 0.203327
35062 0.20303
28844 0.202084
1599 0.202031
16076 0.200466
11304 0.200337
35629 0.2
23468 0.2
22170 0.2
19712 0.2
17786 0.2
17626 0.2
15113 0.2
13682 0.2
12451 0.2
12377 0.2
11264 0.2
6539 0.2
468 0.2
27166 0.196257
12569 0.194376
35346 0.192479
39177 0.191912
11626 0.189207
40861 0.187816
11393 0.1867
37374 0.186364
30847 0.186364
14734 0.185897
31140 0.173436
16629 0.173217
27740 0.171848
29634 0.170064
22390 0.169841
36615 0.166667
25673 0.166667
19313 0.166667
6172 0.166667
5778 0.166667
1257 0.166667
26095 0.165873
32620 0.165799
26058 0.1657
15913 0.16452
11909 0.16452
37502 0.162158
36712 0.15873
9180 0.157857
8969 0.154141
14534 0.153929
25334 0.153618
7099 0.152935
14790 0.152698
9280 0.152016
37882 0.149093
6067 0.147727
8035 0.145072
37342 0.142857
30385 0.142857
27176 0.142857
26181 0.142857
19527 0.142857
12943 0.142857
11607 0.142857
11559 0.142857
8408 0.142857
6391 0.135745
35538 0.129672
37948 0.12935
22184 0.128243
17441 0.127075
38956 0.125
26512 0.125
10654 0.125
9616 0.125
1064 0.125
1013 0.125
15642 0.123491
29875 0.12328
27171 0.12328
33267 0.119119
34378 0.118306
29030 0.117902
35500 0.113997
16501 0.113997
20461 0.11379
12866 0.11379
3018 0.113306
1109 0.113074
830 0.112325
40389 0.111111
38078 0.111111
37142 0.111111
33308 0.111111
27901 0.111111
27863 0.111111
21801 0.111111
15493 0.111111
14795 0.111111
2731 0.111111
2232 0.111111
16947 0.110816
40783 0.110694
5209 0.110694
15255 0.109777
39583 0.107912
15665 0.103029
38500 0.102936
40141 0.101323
416 0.101323
18340 0.100423
11034 0.100423
6140 0.100064
33477 0.1
24685 0.1
19242 0.1
18120 0.1
10490 0.1
7132 0.1
1590 0.1
16603 0.0972947
10536 0.0958773
2869 0.0929887
39472 0.0920635
39172 0.0909091
35706 0.0909091
27486 0.0909091
27190 0.0909091
24891 0.0909091
18558 0.0909091
18231 0.0909091
10991 0.0909091
10104 0.0909091
9199 0.0909091
9115 0.0909091
987 0.0909091
34 0.0909091
36110 0.0897685
22544 0.0893939
11146 0.0893939
36806 0.08878
1610 0.0879036
28094 0.0867711
6654 0.0859788
32885 0.0833333
27213 0.0833333
26477 0.0833333
16723 0.0833333
11167 0.0833333
391 0.0833333
1821 0.0796183
30693 0.0773148
6205 0.0773148
5857 0.0773148
34923 0.0769231
34560 0.0769231
29455 0.0769231
15884 0.0769231
10529 0.0769231
4670 0.0769231
885 0.0769231
31111 0.0763562
14546 0.0763562
13016 0.0763562
32611 0.0762987
19580 0.0741201
6298 0.0741201
29237 0.0738562
19311 0.0738562
6830 0.0738562
34169 0.0726772
3105 0.0726772
36255 0.0714286
34914 0.0714286
32886 0.0714286
26146 0.0714286
25449 0.0714286
24261 0.0714286
9484 0.0714286
5214 0.0714286
1942 0.0714286
39947 0.0693487
30676 0.0693487
27989 0.0693487
3030 0.0693487
10 0.0693487
19576 0.0681781
19391 0.0681781
13669 0.0681781
3561 0.0681781
40414 0.0666667
25689 0.0666667
13869 0.0666667
33052 0.0625
30229 0.0625
30152 0.0625
28110 0.0625
25833 0.0625
25076 0.0625
22883 0.0625
22745 0.0625
19488 0.0625
16395 0.0625
12974 0.0625
11536 0.0625
7122 0.0625
3755 0.0625
38344 0.0588235
35028 0.0588235
28756 0.0588235
28239 0.0588235
22249 0.0588235
20007 0.0588235
16181 0.0588235
15916 0.0588235
7592 0.0588235
6033 0.0588235
4361 0.0588235
576 0.0588235
34687 0.0555556
30379 0.0555556
29551 0.0555556
15276 0.0555556
11810 0.0555556
11096 0.0555556
9811 0.0555556
8309 0.0555556
7536 0.0555556
2262 0.0555556
29515 0.0546717
509 0.0546717
360 0.0546717
25307 0.0533578
16844 0.0533578
12393 0.0533578
35063 0.0526316
17401 0.0526316
697 0.0526316
39096 0.0518939
33999 0.0518939
32043 0.0518939
24624 0.0518939
20171 0.0518939
37944 0.05
35435 0.05
34579 0.05
26738 0.05
18488 0.05
18138 0.05
5821 0.05
1659 0.05
828 0.0485443
37924 0.047619
37441 0.047619
36528 0.047619
27612 0.047619
23382 0.047619
22914 0.047619
22808 0.047619
22587 0.047619
18963 0.047619
16560 0.047619
14951 0.047619
10706 0.047619
39925 0.0472914
30946 0.0472914
39001 0.0472021
24126 0.0472021
22989 0.0472021
14797 0.0472021
9680 0.0472021
22711 0.0454786
38345 0.0454545
34911 0.0454545
33506 0.0454545
32838 0.0454545
29640 0.0454545
22313 0.0454545
19025 0.0454545
18328 0.0454545
15887 0.0454545
15434 0.0454545
14672 0.0454545
13769 0.0454545
5414 0.0442925
37729 0.0434783
29077 0.0434783
24957 0.0434783
15826 0.0434783
11113 0.0434783
8388 0.0434783
38856 0.0416667
36673 0.0416667
35171 0.04
29782 0.04
26854 0.04
23494 0.04
20763 0.04
17754 0.04
6518 0.04
5240 0.04
2484 0.04
1637 0.04
37597 0.0388492
28478 0.0388492
28434 0.0388492
36165 0.037037
35425 0.037037
34147 0.037037
32544 0.037037
32036 0.037037
26016 0.037037
20326 0.037037
18844 0.037037
16655 0.037037
15576 0.037037
12708 0.037037
11200 0.037037
3753 0.037037
35661 0.0357143
34363 0.0357143
26950 0.0357143
33256 0.0347222
27208 0.0347222
