16390 9.61149
22501 2.46432
23843 2.0033
25583 1.9385
25885 1.48225
10689 1.3693
14774 1.27692
28216 1.26827
18428 1.04702
40882 1.00753
36041 0.939884
17295 0.893013
35882 0.879073
920 0.866667
39936 0.753664
12873 0.736167
14801 0.705128
29492 0.665673
11660 0.660256
19582 0.611458
37758 0.593741
25075 0.576812
10379 0.547619
19586 0.543617
25546 0.529167
15593 0.526923
31153 0.508824
23024 0.508824
16571 0.496452
24850 0.466667
34312 0.453122
3074 0.452367
39908 0.441112
20353 0.439113
2675 0.439113
27746 0.426923
34737 0.393273
18401 0.360945
19016 0.347619
34569 0.34643
24670 0.333333
22192 0.333333
9615 0.327778
14683 0.325714
3111 0.316667
2153 0.3
38225 0.264281
27245 0.260965
13309 0.260965
40190 0.25
23696 0.25
22594 0.25
21606 0.25
18464 0.25
18197 0.25
5895 0.25
5484 0.25
2674 0.247378
29401 0.243541
27248 0.237637
7742 0.232906
18405 0.218633
12206 0.214242
22034 0.208333
39640 0.203487
15067 0.203487
40877 0.2
40474 0.2
32522 0.2
29318 0.2
28825 0.2
24077 0.2
17252 0.2
15192 0.2
9876 0.2
7709 0.2
7112 0.2
15948 0.19329
33952 0.187068
11184 0.187068
1885 0.187068
1874 0.187068
32051 0.186147
18757 0.17549
36261 0.166667
31985 0.166667
27071 0.166667
25529 0.166667
23520 0.166667
19679 0.166667
15765 0.166667
14667 0.150032
38627 0.142857
29240 0.142857
19566 0.142857
16855 0.142857
1975 0.142857
14543 0.14274
27333 0.138889
39336 0.136552
15709 0.13611
39377 0.132341
24678 0.132341
11032 0.132341
6049 0.132341
40604 0.128595
18328 0.128595
26122 0.128462
9334 0.128462
7233 0.128462
40420 0.125
25353 0.125
16534 0.125
13267 0.125
5139 0.125
33634 0.120408
13608 0.112372
1170 0.112372
36256 0.111111
17319 0.111111
13666 0.111111
8717 0.111111
17830 0.108027
7480 0.108027
34384 0.107764
30694 0.107764
27926 0.107359
16779 0.107359
16723 0.107359
35010 0.1
31969 0.1
30294 0.1
14398 0.1
9543 0.1
40304 0.0909091
37960 0.0909091
27238 0.0909091
9442 0.0909091
9392 0.0909091
8120 0.0909091
29695 0.0849928
27841 0.0849928
12652 0.0849928
5928 0.0849928
37307 0.0833333
30054 0.0833333
28500 0.0833333
18088 0.0833333
16817 0.0833333
15605 0.0833333
10568 0.0833333
9423 0.0833333
4617 0.0833333
39361 0.0810142
37444 0.0810142
25374 0.0810142
17260 0.0810142
40402 0.0769231
37590 0.0769231
35438 0.0769231
31047 0.0769231
26153 0.0769231
22857 0.0769231
14203 0.0769231
12741 0.0769231
7834 0.0769231
4930 0.0769231
409 0.0769231
39179 0.0666667
34893 0.0666667
32511 0.0666667
26758 0.0666667
21198 0.0666667
14739 0.0666667
9818 0.0666667
36147 0.0625
16298 0.0625
27135 0.0588235
22423 0.0588235
21093 0.0588235
19032 0.0588235
17421 0.0588235
16090 0.0588235
7125 0.0588235
4890 0.0588235
18732 0.0555556
33214 0.0526316
23232 0.0526316
6985 0.0526316
1437 0.0526316
865 0.0526316
40890 0.05
35179 0.05
32870 0.05
32808 0.05
30484 0.05
30359 0.05
25330 0.05
22530 0.05
21323 0.05
17312 0.05
16504 0.05
6041 0.05
4378 0.05
2885 0.05
2877 0.05
40789 0.047619
40142 0.047619
39879 0.047619
34547 0.047619
30412 0.047619
30163 0.047619
26805 0.047619
26184 0.047619
24984 0.047619
24875 0.047619
23195 0.047619
21911 0.047619
20705 0.047619
19030 0.047619
17474 0.047619
16035 0.047619
11746 0.047619
11662 0.047619
8831 0.047619
7370 0.047619
6759 0.047619
1240 0.047619
40147 0.0454545
38310 0.0454545
35734 0.0454545
28375 0.0454545
27195 0.0454545
24785 0.0454545
23218 0.0454545
22063 0.0454545
21978 0.0454545
18411 0.0454545
17785 0.0454545
14364 0.0454545
9553 0.0454545
7402 0.0454545
6235 0.0454545
5905 0.0454545
4870 0.0454545
1514 0.0454545
32355 0.0434783
25524 0.0434783
17942 0.0434783
3483 0.0434783
73 0.0434783
32599 0.04
22692 0.04
40801 0.0384615
33233 0.0384615
26346 0.0384615
20875 0.0384615
11497 0.0384615
10319 0.0384615
6738 0.0384615
645 0.0384615
39174 0.0357143
34123 0.0357143
33371 0.0357143
31236 0.0357143
29421 0.0357143
25016 0.0357143
24760 0.0357143
12427 0.0357143
9009 0.0357143
8313 0.0357143
1538 0.0357143
40125 0.0204082
38848 0.0204082
38241 0.0204082
37806 0.0204082
36294 0.0204082
35551 0.0204082
34238 0.0204082
33559 0.0204082
32258 0.0204082
29393 0.0204082
28170 0.0204082
27666 0.0204082
19792 0.0204082
16099 0.0204082
13819 0.0204082
13245 0.0204082
12040 0.0204082
4867 0.0204082
3436 0.0204082
1442 0.0204082
818 0.0204082
737 0.0204082
40271 0.0151515
39732 0.0151515
39620 0.0151515
38758 0.0151515
37428 0.0151515
37219 0.0151515
36858 0.0151515
36134 0.0151515
35723 0.0151515
34150 0.0151515
31897 0.0151515
31860 0.0151515
29334 0.0151515
27082 0.0151515
27054 0.0151515
25920 0.0151515
25037 0.0151515
21415 0.0151515
19766 0.0151515
19392 0.0151515
18800 0.0151515
18463 0.0151515
17915 0.0151515
17106 0.0151515
16539 0.0151515
16313 0.0151515
14401 0.0151515
14082 0.0151515
13193 0.0151515
11715 0.0151515
11359 0.0151515
10207 0.0151515
9381 0.0151515
8381 0.0151515
7876 0.0151515
7565 0.0151515
6792 0.0151515
4562 0.0151515
4190 0.0151515
3832 0.0151515
3215 0.0151515
3083 0.0151515
1908 0.0151515
947 0.0151515
797 0.0151515
40952 0.0142857
40716 0.0142857
40448 0.0142857
39894 0.0142857
36851 0.0142857
36486 0.0142857
35463 0.0142857
34999 0.0142857
31744 0.0142857
31649 0.0142857
29615 0.0142857
29551 0.0142857
28381 0.0142857
26377 0.0142857
25828 0.0142857
24949 0.0142857
24936 0.0142857
23446 0.0142857
21634 0.0142857
20835 0.0142857
18999 0.0142857
16001 0.0142857
13796 0.0142857
12723 0.0142857
12110 0.0142857
10601 0.0142857
9823 0.0142857
7592 0.0142857
6979 0.0142857
6252 0.0142857
6120 0.0142857
4508 0.0142857
3603 0.0142857
2864 0.0142857
2310 0.0142857
2154 0.0142857
49 0.0142857
40980 0
40979 0
40978 0
40977 0
40976 0
40975 0
40974 0
40973 0
40972 0
40971 0
40970 0
40969 0
40968 0
40967 0
40966 0
40965 0
40964 0
40963 0
40962 0
40961 0
40960 0
40959 0
40958 0
40957 0
40956 0
40955 0
40954 0
40953 0
40951 0
40950 0
40949 0
40948 0
40947 0
40946 0
40945 0
40944 0
40943 0
40942 0
40941 0
40940 0
40939 0
40938 0
40937 0
40936 0
40935 0
40934 0
40933 0
40932 0
40931 0
40930 0
40929 0
40928 0
40927 0
40926 0
40925 0
40924 0
40923 0
40922 0
40921 0
40920 0
40919 0
40918 0
40917 0
40916 0
40915 0
40914 0
40913 0
40912 0
40911 0
40910 0
40909 0
40908 0
40907 0
40906 0
40905 0
40904 0
40903 0
40902 0
40901 0
40900 0
40899 0
40898 0
40897 0
40896 0
40895 0
40894 0
40893 0
40892 0
40891 0
40889 0
40888 0
40887 0
40886 0
40885 0
40884 0
40883 0
40881 0
40880 0
40879 0
40878 0
40876 0
40875 0
40874 0
40873 0
40872 0
40871 0
40870 0
40869 0
40868 0
40867 0
40866 0
40865 0
40864 0
40863 0
40862 0
40861 0
40860 0
40859 0
40858 0
40857 0
40856 0
40855 0
40854 0
40853 0
