3239 8.01199
21341 4.07284
9021 2.90338
20482 1.95405
21715 1.91594
172 1.53701
39696 1.44916
14417 1.43113
16455 1.36925
31647 1.04286
12450 0.972646
36888 0.859887
16435 0.849054
38354 0.767783
35800 0.704293
30375 0.653023
3488 0.653023
38961 0.639611
36921 0.561111
19428 0.525641
31155 0.486474
38894 0.434291
3640 0.434291
33338 0.429832
23666 0.429832
26632 0.424093
13676 0.424093
9705 0.424093
15309 0.404116
34084 0.368498
27507 0.367705
30516 0.333333
27047 0.326263
23908 0.312879
37764 0.311937
31973 0.311937
29352 0.311937
2269 0.30303
3862 0.302815
30498 0.290773
22748 0.282213
22859 0.27734
704 0.271467
146 0.266273
33957 0.262088
37664 0.25
32885 0.25
32031 0.25
3506 0.25
32581 0.247475
18638 0.246825
39810 0.236364
24166 0.233333
19711 0.233333
31010 0.232388
21360 0.228927
25007 0.20461
34758 0.2
23843 0.2
23678 0.2
4250 0.2
928 0.195238
37487 0.175098
13194 0.166667
24141 0.161364
39655 0.158696
24496 0.158272
21699 0.158272
35867 0.151709
1421 0.151515
27855 0.150253
20027 0.147403
3014 0.147403
2868 0.144038
32733 0.138312
31516 0.138312
19275 0.138312
38997 0.12803
38331 0.12803
22811 0.12803
18482 0.12803
9707 0.12803
35329 0.127031
24508 0.127031
32798 0.123957
27635 0.123339
39116 0.111111
25079 0.111111
22277 0.111111
18328 0.111111
9571 0.111111
2203 0.111111
39 0.111111
28830 0.10461
37590 0.1
24564 0.1
24379 0.1
15609 0.1
14075 0.1
11246 0.1
3289 0.1
135 0.1
37129 0.0914736
13918 0.0914736
7840 0.0914736
20985 0.0909091
15026 0.0899267
11272 0.0899267
17017 0.0833333
28909 0.0795455
23791 0.0795455
8753 0.0795455
8164 0.0795455
24837 0.0792598
20097 0.0769231
38308 0.0740727
12871 0.0740727
9167 0.0740727
7123 0.0740727
435 0.0740727
32783 0.0718953
24942 0.0718953
20429 0.0718953
16510 0.0718953
16349 0.0703463
11771 0.0666667
25403 0.0598485
14147 0.0598485
13253 0.0598485
11084 0.0598485
9843 0.0598485
7110 0.0598485
6883 0.0598485
4010 0.0598485
2344 0.0598485
1961 0.0598485
38871 0.0589572
33925 0.0589572
29873 0.0589572
24169 0.0589572
20246 0.0589572
14369 0.0589572
10460 0.0589572
10350 0.0589572
5713 0.0589572
24190 0.0562354
20965 0.0562354
12676 0.0562354
9576 0.0562354
5133 0.0562354
495 0.0562354
19103 0.0555556
2123 0.0555556
37431 0.0550866
31209 0.0550866
30776 0.0550866
26904 0.0550866
25391 0.0550866
16281 0.0550866
7590 0.0550866
2011 0.0550866
39794 0.0546099
38138 0.0546099
37294 0.0546099
24547 0.0546099
17831 0.0546099
17426 0.0546099
13244 0.0546099
4418 0.0546099
39067 0.05
18346 0.05
8339 0.05
6185 0.05
4783 0.05
30407 0.047619
33786 0.0434783
28308 0.0434783
15866 0.0434783
9195 0.0434783
35168 0.0357143
26113 0.0344828
25052 0.0344828
1702 0.0344828
39006 0.0294118
38472 0.0294118
22501 0.0294118
19984 0.0294118
18745 0.0294118
15266 0.0294118
8453 0.0294118
1520 0.0294118
39159 0.0285714
36424 0.0285714
35246 0.0285714
30651 0.0285714
34354 0.025641
34039 0.025641
27665 0.025641
21363 0.025641
16562 0.025641
11875 0.025641
6207 0.025641
5506 0.025641
33636 0.0212766
30905 0.0212766
29345 0.0212766
17760 0.0212766
17034 0.0212766
14050 0.0212766
9814 0.0212766
9441 0.0212766
7140 0.0212766
6869 0.0212766
5611 0.0212766
740 0.0212766
31050 0.0192308
27882 0.0192308
26820 0.0192308
26617 0.0192308
26061 0.0192308
24413 0.0192308
20806 0.0192308
20225 0.0192308
9877 0.0192308
6824 0.0192308
4463 0.0192308
39595 0.0181818
34247 0.0181818
33473 0.0181818
26910 0.0181818
23952 0.0181818
23037 0.0181818
18202 0.0181818
11033 0.0181818
10014 0.0181818
9057 0.0181818
6639 0.0181818
5847 0.0181818
31 0.0181818
39758 0.0151515
39450 0.0151515
39250 0.0151515
37476 0.0151515
32005 0.0151515
29605 0.0151515
27189 0.0151515
26951 0.0151515
25251 0.0151515
23406 0.0151515
17218 0.0151515
6405 0.0151515
4400 0.0151515
2089 0.0151515
40881 0.0113636
40812 0.0113636
40762 0.0113636
40395 0.0113636
39501 0.0113636
39233 0.0113636
39117 0.0113636
38822 0.0113636
38732 0.0113636
36169 0.0113636
35900 0.0113636
35760 0.0113636
35298 0.0113636
35139 0.0113636
35073 0.0113636
34088 0.0113636
33669 0.0113636
33380 0.0113636
32700 0.0113636
32408 0.0113636
31918 0.0113636
31892 0.0113636
30842 0.0113636
30503 0.0113636
29753 0.0113636
28539 0.0113636
28400 0.0113636
27559 0.0113636
27362 0.0113636
27070 0.0113636
26123 0.0113636
25964 0.0113636
25692 0.0113636
25326 0.0113636
23902 0.0113636
22865 0.0113636
22793 0.0113636
21789 0.0113636
21095 0.0113636
19985 0.0113636
19845 0.0113636
19602 0.0113636
19355 0.0113636
17242 0.0113636
16856 0.0113636
16837 0.0113636
16163 0.0113636
15999 0.0113636
15483 0.0113636
15003 0.0113636
14785 0.0113636
14557 0.0113636
12332 0.0113636
12027 0.0113636
11884 0.0113636
11552 0.0113636
10733 0.0113636
10145 0.0113636
10130 0.0113636
9363 0.0113636
9070 0.0113636
8895 0.0113636
6724 0.0113636
5312 0.0113636
4186 0.0113636
2684 0.0113636
1798 0.0113636
1147 0.0113636
417 0.0113636
210 0.0113636
40980 0
40979 0
40978 0
40977 0
40976 0
40975 0
40974 0
40973 0
40972 0
40971 0
40970 0
40969 0
40968 0
40967 0
40966 0
40965 0
40964 0
40963 0
40962 0
40961 0
40960 0
40959 0
40958 0
40957 0
40956 0
40955 0
40954 0
40953 0
40952 0
40951 0
40950 0
40949 0
40948 0
40947 0
40946 0
40945 0
40944 0
40943 0
40942 0
40941 0
40940 0
40939 0
40938 0
40937 0
40936 0
40935 0
40934 0
40933 0
40932 0
40931 0
40930 0
40929 0
40928 0
40927 0
40926 0
40925 0
40924 0
40923 0
40922 0
40921 0
40920 0
40919 0
40918 0
40917 0
40916 0
40915 0
40914 0
40913 0
40912 0
40911 0
40910 0
40909 0
40908 0
40907 0
40906 0
40905 0
40904 0
40903 0
40902 0
40901 0
40900 0
40899 0
40898 0
40897 0
40896 0
40895 0
40894 0
40893 0
40892 0
40891 0
40890 0
40889 0
40888 0
40887 0
40886 0
40885 0
40884 0
40883 0
40882 0
40880 0
40879 0
40878 0
40877 0
40876 0
40875 0
40874 0
40873 0
40872 0
40871 0
40870 0
40869 0
40868 0
40867 0
40866 0
40865 0
40864 0
40863 0
40862 0
40861 0
40860 0
40859 0
40858 0
40857 0
40856 0
40855 0
40854 0
40853 0
40852 0
40851 0
40850 0
40849 0
40848 0
40847 0
40846 0
40845 0
40844 0
40843 0
40842 0
40841 0
40840 0
40839 0
40838 0
40837 0
40836 0
40835 0
40834 0
40833 0
40832 0
40831 0
40830 0
40829 0
40828 0
40827 0
40826 0
40825 0
40824 0
40823 0
40822 0
40821 0
40820 0
40819 0
40818 0
40817 0
40816 0
40815 0
40814 0
40813 0
40811 0
40810 0
40809 0
40808 0
40807 0
40806 0
40805 0
40804 0
40803 0
40802 0
