9665 4.17329
29350 3.80092
17687 3.68856
2647 2.7815
1642 1.17677
14322 1.16112
37956 0.990144
37426 0.916667
24414 0.897222
9561 0.809524
2840 0.798336
10923 0.684722
39898 0.604762
21911 0.588641
34459 0.571429
34433 0.483916
13447 0.477267
38970 0.474674
27121 0.450122
6967 0.450122
37935 0.436237
25337 0.383616
22079 0.345955
33185 0.305479
30550 0.305479
27963 0.305479
17715 0.305479
6928 0.305479
15411 0.266419
10581 0.266419
38897 0.264286
16282 0.25
39035 0.249206
2054 0.240404
12425 0.216667
34265 0.211892
34904 0.2
32045 0.2
28028 0.2
9431 0.2
8716 0.199489
28883 0.166667
15599 0.166667
13735 0.166667
23805 0.164015
32879 0.143265
2209 0.143265
13058 0.142857
12988 0.142857
1667 0.142857
1005 0.142857
7395 0.125
1017 0.125
31028 0.119449
31509 0.116949
18361 0.111111
9466 0.111111
6255 0.111111
29581 0.104777
5766 0.104777
36862 0.103636
29831 0.103636
23582 0.103636
22339 0.103636
21225 0.103636
18551 0.103636
8601 0.103636
53 0.103636
38315 0.100122
29497 0.100122
10110 0.100122
5740 0.100122
4257 0.100122
2898 0.100122
30309 0.1
18308 0.1
14975 0.1
6478 0.1
39480 0.0714286
20432 0.0714286
5748 0.0714286
27602 0.0666667
9454 0.0666667
2923 0.0666667
38379 0.0625
35339 0.0625
35035 0.0625
33507 0.0625
28280 0.0625
2604 0.0625
38316 0.05
34333 0.05
34007 0.05
32556 0.05
30416 0.05
30302 0.05
28729 0.05
26878 0.05
23750 0.05
21324 0.05
20273 0.05
19190 0.05
17440 0.05
15840 0.05
15818 0.05
10427 0.05
9455 0.05
12949 0.0454545
24102 0.04
30819 0.0384615
40453 0.0263158
40400 0.0263158
39242 0.0263158
36345 0.0263158
34035 0.0263158
32888 0.0263158
29281 0.0263158
26982 0.0263158
26125 0.0263158
25781 0.0263158
20845 0.0263158
19987 0.0263158
19032 0.0263158
18318 0.0263158
17853 0.0263158
15252 0.0263158
15216 0.0263158
13763 0.0263158
10686 0.0263158
9983 0.0263158
5198 0.0263158
4819 0.0263158
4290 0.0263158
3379 0.0263158
939 0.0263158
863 0.0263158
35684 0.0181818
32319 0.0181818
27390 0.0181818
26442 0.0181818
22800 0.0181818
18103 0.0181818
16997 0.0181818
16969 0.0181818
16226 0.0181818
14378 0.0181818
13508 0.0181818
8567 0.0181818
3125 0.0181818
1896 0.0181818
862 0.0181818
40342 0.0169492
40165 0.0169492
38155 0.0169492
36918 0.0169492
34776 0.0169492
34311 0.0169492
34220 0.0169492
33256 0.0169492
33028 0.0169492
30209 0.0169492
30017 0.0169492
29634 0.0169492
29302 0.0169492
27208 0.0169492
27075 0.0169492
26095 0.0169492
25659 0.0169492
24295 0.0169492
23843 0.0169492
23370 0.0169492
23050 0.0169492
22368 0.0169492
21323 0.0169492
21081 0.0169492
19288 0.0169492
19198 0.0169492
17301 0.0169492
15873 0.0169492
13916 0.0169492
13654 0.0169492
13293 0.0169492
13113 0.0169492
12922 0.0169492
10947 0.0169492
10318 0.0169492
9497 0.0169492
7949 0.0169492
5358 0.0169492
4633 0.0169492
4583 0.0169492
2955 0.0169492
2094 0.0169492
1610 0.0169492
40980 0
40979 0
40978 0
40977 0
40976 0
40975 0
40974 0
40973 0
40972 0
40971 0
40970 0
40969 0
40968 0
40967 0
40966 0
40965 0
40964 0
40963 0
40962 0
40961 0
40960 0
40959 0
40958 0
40957 0
40956 0
40955 0
40954 0
40953 0
40952 0
40951 0
40950 0
40949 0
40948 0
40947 0
40946 0
40945 0
40944 0
40943 0
40942 0
40941 0
40940 0
40939 0
40938 0
40937 0
40936 0
40935 0
40934 0
40933 0
40932 0
40931 0
40930 0
40929 0
40928 0
40927 0
40926 0
40925 0
40924 0
40923 0
40922 0
40921 0
40920 0
40919 0
40918 0
40917 0
40916 0
40915 0
40914 0
40913 0
40912 0
40911 0
40910 0
40909 0
40908 0
40907 0
40906 0
40905 0
40904 0
40903 0
40902 0
40901 0
40900 0
40899 0
40898 0
40897 0
40896 0
40895 0
40894 0
40893 0
40892 0
40891 0
40890 0
40889 0
40888 0
40887 0
40886 0
40885 0
40884 0
40883 0
40882 0
40881 0
40880 0
40879 0
40878 0
40877 0
40876 0
40875 0
40874 0
40873 0
40872 0
40871 0
40870 0
40869 0
40868 0
40867 0
40866 0
40865 0
40864 0
40863 0
40862 0
40861 0
40860 0
40859 0
40858 0
40857 0
40856 0
40855 0
40854 0
40853 0
40852 0
40851 0
40850 0
40849 0
40848 0
40847 0
40846 0
40845 0
40844 0
40843 0
40842 0
40841 0
40840 0
40839 0
40838 0
40837 0
40836 0
40835 0
40834 0
40833 0
40832 0
40831 0
40830 0
40829 0
40828 0
40827 0
40826 0
40825 0
40824 0
40823 0
40822 0
40821 0
40820 0
40819 0
40818 0
40817 0
40816 0
40815 0
40814 0
40813 0
40812 0
40811 0
40810 0
40809 0
40808 0
40807 0
40806 0
40805 0
40804 0
40803 0
40802 0
40801 0
40800 0
40799 0
40798 0
40797 0
40796 0
40795 0
40794 0
40793 0
40792 0
40791 0
40790 0
40789 0
40788 0
40787 0
40786 0
40785 0
40784 0
40783 0
40782 0
40781 0
40780 0
40779 0
40778 0
40777 0
40776 0
40775 0
40774 0
40773 0
40772 0
40771 0
40770 0
40769 0
40768 0
40767 0
40766 0
40765 0
40764 0
40763 0
40762 0
40761 0
40760 0
40759 0
40758 0
40757 0
40756 0
40755 0
40754 0
40753 0
40752 0
40751 0
40750 0
40749 0
40748 0
40747 0
40746 0
40745 0
40744 0
40743 0
40742 0
40741 0
40740 0
40739 0
40738 0
40737 0
40736 0
40735 0
40734 0
40733 0
40732 0
40731 0
40730 0
40729 0
40728 0
40727 0
40726 0
40725 0
40724 0
40723 0
40722 0
40721 0
40720 0
40719 0
40718 0
40717 0
40716 0
40715 0
40714 0
40713 0
40712 0
40711 0
40710 0
40709 0
40708 0
40707 0
40706 0
40705 0
40704 0
40703 0
40702 0
40701 0
40700 0
40699 0
40698 0
40697 0
40696 0
40695 0
40694 0
40693 0
40692 0
40691 0
40690 0
40689 0
40688 0
40687 0
40686 0
40685 0
40684 0
40683 0
40682 0
40681 0
40680 0
40679 0
40678 0
40677 0
40676 0
40675 0
