1757 6.76037
31329 4.29618
232 3.16461
5615 2.97453
33297 2.44568
1572 2.40152
27538 2.3993
15148 2.24622
25242 2.19162
5758 1.81728
40023 1.77288
1061 1.7476
19072 1.73053
13460 1.70818
20047 1.66043
27595 1.58721
33298 1.57325
15991 1.4772
12357 1.31828
25335 1.16148
5158 1.13504
24727 1.05234
38763 1.0324
14173 1.02869
37973 1.00015
40073 0.998798
29223 0.976751
20250 0.955697
31055 0.948893
24353 0.913368
29775 0.87668
15403 0.873931
10815 0.859446
22867 0.80712
18843 0.766713
10008 0.729716
34044 0.728339
24228 0.712516
3997 0.709113
14109 0.687754
40814 0.686069
32180 0.686034
9712 0.675447
37484 0.659113
18328 0.647675
17037 0.631687
17493 0.60215
32348 0.580588
3228 0.576999
19179 0.575027
13974 0.569788
8672 0.53087
37995 0.526532
25209 0.526532
6627 0.519271
3027 0.512298
27129 0.473006
12980 0.468882
19095 0.465024
2814 0.460216
1045 0.457935
28321 0.453674
7955 0.442464
32251 0.42743
16406 0.420975
10735 0.420329
31562 0.412527
2354 0.410368
30398 0.393162
21450 0.393162
21467 0.386928
8665 0.381102
36126 0.372024
34418 0.365339
15616 0.365339
21862 0.364403
30792 0.3521
14344 0.351683
12210 0.340284
338 0.329371
16108 0.323413
1048 0.323349
37921 0.322917
2343 0.321974
2091 0.31355
24268 0.304798
2028 0.302003
28359 0.301149
38390 0.300345
23332 0.292368
12748 0.290887
13615 0.28971
39942 0.288641
6665 0.28262
33036 0.276444
34416 0.268812
37865 0.264173
25028 0.261111
23696 0.260082
39901 0.258181
8276 0.258181
26615 0.255858
16490 0.255858
1304 0.25
35529 0.248334
37352 0.241681
14771 0.241681
2484 0.23685
16789 0.230909
38193 0.229994
1429 0.227842
33494 0.227096
26837 0.220855
36511 0.219107
6101 0.215909
21245 0.215812
36298 0.214785
28773 0.207923
20956 0.201853
2929 0.201853
32098 0.201356
1361 0.200618
3028 0.2
34427 0.192853
31710 0.190744
2373 0.186618
39959 0.182955
18279 0.182955
10957 0.182955
19032 0.181871
3593 0.181171
34532 0.170458
15854 0.170458
40883 0.166667
1075 0.16549
27234 0.160267
23992 0.160267
39184 0.157372
27799 0.157372
2359 0.155299
32450 0.155259
24841 0.155259
23519 0.155259
16996 0.155259
8160 0.155259
34369 0.15502
19244 0.150125
29872 0.149589
25241 0.149589
13805 0.149589
10512 0.149589
16153 0.14871
37027 0.146919
24678 0.146919
1486 0.146919
37924 0.142857
34433 0.142857
34357 0.142857
27061 0.142857
21075 0.142857
8774 0.142857
1313 0.142857
18330 0.140326
28963 0.139379
29122 0.138761
36881 0.135258
12492 0.135258
14851 0.135198
19753 0.132086
34174 0.129333
22594 0.129082
20367 0.125139
27766 0.125
10107 0.122043
15378 0.116219
31057 0.11619
26678 0.111111
9665 0.111111
1765 0.111111
14655 0.110991
31761 0.108653
19324 0.108477
11870 0.108477
39092 0.106341
3936 0.102859
21762 0.102705
20757 0.102705
20689 0.102705
32755 0.1
25668 0.1
25155 0.1
15674 0.0983373
848 0.0983373
33242 0.0922975
23753 0.0922975
30916 0.0909091
28314 0.0909091
21393 0.0909091
19194 0.0909091
12763 0.0909091
543 0.0909091
4411 0.0878767
32731 0.0869969
18425 0.086553
20488 0.0851837
2560 0.0851837
8027 0.0851708
38096 0.0844857
25896 0.0844857
24234 0.0844857
22756 0.0844857
19995 0.0844857
4703 0.0844857
35866 0.0798755
30230 0.0798755
28167 0.0798755
20738 0.0798755
9406 0.0798755
8798 0.0798755
2046 0.0798755
24224 0.0786883
6041 0.0786883
22711 0.0771498
14943 0.0771498
9197 0.0771498
1610 0.0771498
32630 0.0769231
7938 0.0769231
30388 0.0755051
23639 0.0707512
28925 0.0684608
35556 0.0666667
18210 0.0666667
5665 0.0666667
29354 0.0630598
35503 0.0588235
27494 0.0588235
32849 0.0586753
12558 0.0529734
14300 0.0526316
39962 0.0495522
2885 0.0495522
2318 0.0493148
23724 0.047619
7227 0.047619
5267 0.047619
2554 0.047619
13654 0.0467188
33734 0.0454545
27700 0.0454545
27079 0.0454545
25455 0.0454545
13196 0.0454545
361 0.0454545
1532 0.0451764
26019 0.0441884
18736 0.0441884
28474 0.04
28345 0.04
14690 0.04
16076 0.0384615
2743 0.0384615
23843 0.0366138
10405 0.0366138
35109 0.0350919
32696 0.0350919
29576 0.0350919
15334 0.0350919
7212 0.0350919
6845 0.0350919
5421 0.0350919
2356 0.0350919
22864 0.0344828
29242 0.0341026
26465 0.0341026
17674 0.0341026
12042 0.0341026
11783 0.0341026
10278 0.0341026
3131 0.0341026
9562 0.03125
33911 0.030303
965 0.030303
34768 0.0263158
25288 0.0263158
24894 0.0263158
23858 0.0263158
20541 0.0263158
13043 0.0263158
5748 0.0263158
5741 0.0263158
14087 0.025
9457 0.025
39400 0.0217391
38141 0.0217391
19832 0.0217391
13644 0.0217391
12816 0.0217391
6298 0.0217391
1760 0.0217391
40697 0.0188679
24002 0.0188679
21855 0.0188679
19771 0.0188679
14077 0.0188679
11648 0.0188679
5894 0.0188679
20587 0.0185185
12338 0.0185185
2086 0.0185185
35012 0.0169492
32722 0.0169492
31058 0.0169492
30793 0.0169492
29852 0.0169492
28952 0.0169492
27926 0.0169492
27033 0.0169492
26137 0.0169492
25799 0.0169492
25617 0.0169492
24838 0.0169492
24239 0.0169492
16047 0.0169492
11592 0.0169492
7124 0.0169492
2542 0.0169492
233 0.0169492
24787 0.0140845
21703 0.0140845
17401 0.0140845
11239 0.0140845
8737 0.0140845
8505 0.0140845
6961 0.0140845
2069 0.0140845
34178 0.0138889
30892 0.0138889
22354 0.0138889
20730 0.0138889
19992 0.0138889
17597 0.0138889
17243 0.0138889
11485 0.0138889
5444 0.0138889
513 0.0138889
20879 0.0131579
31301 0.0128205
27514 0.0128205
22683 0.0128205
17634 0.0128205
17105 0.0128205
14469 0.0128205
9846 0.0128205
5693 0.0128205
52 0.0128205
40884 0.0114943
37793 0.0114943
36716 0.0114943
32924 0.0114943
31643 0.0114943
29899 0.0114943
28269 0.0114943
26319 0.0114943
9405 0.0114943
5321 0.0114943
35951 0.011236
35270 0.011236
26501 0.011236
21723 0.011236
6266 0.011236
38798 0.00970874
6518 0.00970874
6291 0.00970874
40980 0
40979 0
40978 0
40977 0
40976 0
40975 0
40974 0
40973 0
40972 0
40971 0
40970 0
40969 0
40968 0
40967 0
40966 0
40965 0
40964 0
40963 0
40962 0
40961 0
40960 0
40959 0
40958 0
40957 0
40956 0
40955 0
40954 0
40953 0
40952 0
40951 0
40950 0
40949 0
40948 0
40947 0
40946 0
40945 0
40944 0
40943 0
40942 0
40941 0
40940 0
40939 0
40938 0
40937 0
40936 0
40935 0
40934 0
40933 0
40932 0
40931 0
40930 0
40929 0
40928 0
40927 0
40926 0
40925 0
40924 0
40923 0
40922 0
40921 0
40920 0
40919 0
40918 0
40917 0
40916 0
40915 0
40914 0
40913 0
40912 0
40911 0
40910 0
40909 0
40908 0
40907 0
40906 0
40905 0
40904 0
40903 0
40902 0
40901 0
40900 0
40899 0
40898 0
40897 0
40896 0
40895 0
40894 0
40893 0
40892 0
40891 0
40890 0
40889 0
40888 0
40887 0
40886 0
40885 0
40882 0
40881 0
40880 0
40879 0
40878 0
40877 0
40876 0
40875 0
40874 0
40873 0
40872 0
40871 0
40870 0
40869 0
40868 0
40867 0
40866 0
40865 0
40864 0
40863 0
40862 0
40861 0
40860 0
40859 0
40858 0
40857 0
40856 0
40855 0
40854 0
40853 0
