20846 275.499
14388 64.2381
1876 34.0612
29288 33.6069
40684 32.097
14320 28.1312
35589 24.6403
22708 19.4504
5568 18.5121
17018 10.2843
8598 9.67857
7382 9.62528
7626 8.9615
2928 8.77342
24377 8.45895
19435 7.79063
4152 7.5056
23057 7.32025
28594 6.97698
27960 6.73648
10171 6.09968
39880 5.75746
10216 5.64383
27859 5.57226
17482 5.38393
125 5.30758
33296 5.21833
20888 4.41385
15737 4.30708
40278 4.30351
6551 4.23342
26882 4.22738
201 4.16032
12531 3.91198
24995 3.87515
31423 3.86627
32152 3.83254
21146 3.80238
31616 3.41835
38898 3.38571
38204 3.37007
20619 3.35952
34288 3.34286
11327 3.32948
20905 3.20192
442 3.11468
33664 3.11111
23626 3.06503
11257 3.06216
15338 2.98285
20788 2.96281
3219 2.91793
37037 2.8862
39220 2.82959
9330 2.79563
8376 2.65997
10497 2.53883
15298 2.43205
7884 2.42692
35804 2.3961
21267 2.38452
10353 2.37537
22918 2.35827
34488 2.31667
16533 2.31418
20661 2.26667
28750 2.26111
9900 2.25
10838 2.21111
21614 2.20192
17603 2.18367
7291 2.16988
5849 2.16786
2106 2.14286
31459 2.09286
3737 2.07833
3921 2.06349
39709 1.94883
18434 1.94286
21988 1.88725
21436 1.82143
24858 1.75952
16450 1.7517
40883 1.74945
13857 1.73599
34684 1.7
5794 1.69756
17404 1.67897
6687 1.65
39556 1.64206
33131 1.63325
33867 1.59583
7862 1.55952
603 1.55311
40726 1.54394
25149 1.53761
37982 1.51667
40625 1.50762
8316 1.489
5196 1.46667
40227 1.45
10933 1.42619
10023 1.31111
33138 1.28571
22144 1.2671
21625 1.26111
19862 1.21786
10835 1.21786
25034 1.21538
36222 1.2
14273 1.16353
40232 1.15382
38286 1.15278
1513 1.15232
38069 1.14167
32882 1.1373
30992 1.11646
12696 1.1017
24183 1.10043
18924 1.1
31593 1.09087
26997 1.08731
30413 1.0789
38651 1.06111
897 1.06111
35187 1.05549
18424 1.05289
36459 1.02668
16375 1.02619
29711 1.01255
8095 0.993968
7599 0.988095
11767 0.986544
2005 0.969444
35596 0.944444
5276 0.927778
4080 0.927381
35130 0.920238
28055 0.91859
25816 0.916667
3452 0.916667
6910 0.916667
4775 0.916667
17773 0.899675
6804 0.896368
20480 0.893687
22958 0.893369
22432 0.890152
40827 0.881046
18581 0.866667
31765 0.859397
37292 0.844444
39121 0.833333
16364 0.833333
12693 0.833333
15974 0.830952
586 0.822662
3119 0.784596
25958 0.783333
13815 0.783333
12724 0.783333
24567 0.783333
17080 0.780799
1984 0.755952
25770 0.750733
5599 0.75
17305 0.735671
7997 0.72619
4503 0.719298
7857 0.708333
1616 0.708333
21382 0.7
34930 0.694444
21099 0.694444
3768 0.694444
5555 0.678333
32578 0.676702
24635 0.67619
5759 0.674242
36799 0.666667
32802 0.666667
12142 0.666667
19390 0.65
27993 0.633333
13075 0.625
38471 0.616667
719 0.592857
30821 0.590909
12127 0.590909
11471 0.575
5463 0.571429
31244 0.566667
27526 0.566667
35853 0.561111
31237 0.561111
26969 0.559524
8550 0.559524
26244 0.552694
11523 0.55
3703 0.541667
1826 0.540909
24461 0.533333
2071 0.533333
36356 0.529523
24026 0.527778
20091 0.526923
25642 0.522452
29299 0.517857
4012 0.517857
1517 0.516667
22284 0.516046
34224 0.509524
39313 0.503968
37312 0.503614
26000 0.5
329 0.5
7486 0.491667
38261 0.485714
1558 0.476923
12123 0.47619
15729 0.475
13321 0.469298
22334 0.467857
27024 0.466667
25128 0.464286
22167 0.458333
33372 0.453968
11916 0.453968
7085 0.444444
23231 0.440909
9685 0.434524
20544 0.433766
19561 0.420635
1202 0.409524
281 0.409524
186 0.395833
31570 0.386447
25199 0.380366
19584 0.375
37552 0.369048
3881 0.362637
30963 0.361111
19601 0.361111
5237 0.361111
3890 0.361111
8909 0.358333
29328 0.352027
11114 0.347222
11459 0.345238
32842 0.34478
10923 0.339286
9665 0.339286
36042 0.333333
35649 0.333333
33869 0.333333
33316 0.333333
30816 0.333333
29879 0.333333
27159 0.333333
16848 0.333333
12326 0.333333
12157 0.333333
9770 0.333333
6916 0.333333
2984 0.333333
11354 0.32702
34523 0.313131
10545 0.310689
13961 0.30754
24791 0.30202
26085 0.301587
18682 0.291113
40486 0.272619
39279 0.271825
39906 0.25
38368 0.25
38332 0.25
37908 0.25
32007 0.25
31067 0.25
26780 0.25
24114 0.25
21298 0.25
21175 0.25
20951 0.25
19371 0.25
19294 0.25
19091 0.25
17566 0.25
15407 0.25
11561 0.25
10937 0.25
10814 0.25
10651 0.25
9345 0.25
7724 0.25
6048 0.25
5883 0.25
5202 0.25
5078 0.25
2125 0.25
2115 0.25
2040 0.25
2001 0.25
9964 0.248256
22829 0.236455
27237 0.232258
23027 0.230952
20022 0.230252
40234 0.229167
40757 0.226623
19982 0.208845
39623 0.2
39246 0.2
37514 0.2
37470 0.2
37189 0.2
35802 0.2
35633 0.2
35514 0.2
35027 0.2
31922 0.2
29330 0.2
28792 0.2
27829 0.2
27147 0.2
23644 0.2
17732 0.2
15145 0.2
14702 0.2
14016 0.2
13725 0.2
12533 0.2
8204 0.2
7785 0.2
6109 0.2
4793 0.2
4026 0.2
2879 0.2
2126 0.2
2119 0.2
1914 0.2
1200 0.2
1051 0.2
7377 0.192752
23741 0.178091
4313 0.178018
27719 0.177871
5624 0.17286
40212 0.166667
40075 0.166667
38710 0.166667
37449 0.166667
34025 0.166667
33581 0.166667
33420 0.166667
32109 0.166667
31301 0.166667
29985 0.166667
27902 0.166667
26011 0.166667
24465 0.166667
22924 0.166667
22696 0.166667
21684 0.166667
19672 0.166667
17498 0.166667
16842 0.166667
16342 0.166667
14544 0.166667
10073 0.166667
7969 0.166667
5693 0.166667
4942 0.166667
23502 0.16251
37754 0.142857
35496 0.142857
33482 0.142857
33056 0.142857
30838 0.142857
29853 0.142857
28542 0.142857
22369 0.142857
16610 0.142857
12821 0.142857
5910 0.142857
3149 0.142857
2832 0.142857
1203 0.142857
40039 0.125
38321 0.125
36668 0.125
32741 0.125
32476 0.125
30217 0.125
29952 0.125
28313 0.125
27508 0.125
26543 0.125
22349 0.125
18322 0.125
17045 0.125
15013 0.125
13032 0.125
12269 0.125
8478 0.125
3231 0.125
1254 0.125
16441 0.119877
39083 0.111111
38106 0.111111
36980 0.111111
35557 0.111111
33763 0.111111
33620 0.111111
24388 0.111111
21279 0.111111
20303 0.111111
19942 0.111111
19919 0.111111
19366 0.111111
17677 0.111111
13738 0.111111
13257 0.111111
12704 0.111111
10956 0.111111
6636 0.111111
5907 0.111111
5032 0.111111
736 0.111111
35772 0.1
31220 0.1
30265 0.1
29596 0.1
23961 0.1
20176 0.1
11950 0.1
9435 0.1
40127 0.0909091
22257 0.0909091
17375 0.0909091
33060 0.0833333
20988 0.0833333
38588 0.0769231
35606 0.0769231
1602 0.0769231
40206 0.0714286
39629 0.0714286
26742 0.0714286
22428 0.0714286
19032 0.0714286
17805 0.0714286
9561 0.0714286
6400 0.0714286
34947 0.0625
3473 0.0625
38159 0.0588235
27463 0.0588235
18953 0.0588235
16860 0.0588235
11254 0.0588235
25856 0.0526316
19085 0.0526316
34245 0.047619
32880 0.047619
3563 0.047619
35568 0.04
28707 0.04
20321 0.04
11063 0.0357143
29821 0.0322581
15966 0.0322581
10455 0.0322581
33846 0.027027
31535 0.027027
19904 0.027027
15703 0.027027
8999 0.027027
39951 0.0232558
36952 0.0232558
35063 0.0232558
34768 0.0232558
33854 0.0232558
33545 0.0232558
30793 0.0232558
30425 0.0232558
29084 0.0232558
23432 0.0232558
22405 0.0232558
16947 0.0232558
12911 0.0232558
12090 0.0232558
8836 0.0232558
8351 0.0232558
6592 0.0232558
5891 0.0232558
4761 0.0232558
4234 0.0232558
3718 0.0232558
3251 0.0232558
