27799 8.16938
6097 6.78115
37839 4.45516
40842 2.76876
31589 2.74911
18063 2.06164
2638 1.84416
6041 1.83308
26786 1.25876
19494 1.25794
27814 1.20913
3642 1.02868
40890 1.02715
40389 1.02273
11266 0.994048
12942 0.932644
10522 0.852814
22530 0.827655
13550 0.79329
8384 0.687879
25348 0.684989
11810 0.666667
35766 0.616667
24523 0.58837
30504 0.570707
6319 0.563957
27663 0.559256
17312 0.55636
24137 0.509524
25826 0.484668
20928 0.444444
29626 0.416667
40284 0.409524
3815 0.400433
18520 0.392857
21186 0.392157
22670 0.375
16327 0.375
16076 0.368687
8583 0.358766
34579 0.35119
9239 0.348485
13654 0.339827
21323 0.335401
12451 0.335401
16806 0.333333
15167 0.333333
830 0.299242
22404 0.297619
25556 0.292929
29140 0.263889
31531 0.25
22321 0.25
13231 0.25
38049 0.22549
18138 0.223388
25505 0.212121
4189 0.212121
35317 0.2
32337 0.2
29211 0.2
20749 0.2
40476 0.166667
39888 0.166667
29586 0.166667
28008 0.166667
27675 0.166667
15916 0.166667
8365 0.166667
6166 0.166667
3727 0.166667
16504 0.166209
2877 0.155303
33452 0.142857
29640 0.142857
15665 0.142857
14158 0.142857
12985 0.142857
6539 0.142857
31228 0.125
26950 0.125
20315 0.125
20305 0.125
16928 0.125
8672 0.125
6172 0.125
38891 0.111111
35643 0.111111
28611 0.111111
27876 0.111111
25497 0.111111
23843 0.111111
19923 0.111111
7152 0.111111
5209 0.111111
4083 0.111111
39791 0.0909091
39671 0.0909091
32819 0.0909091
32016 0.0909091
31891 0.0909091
27388 0.0909091
26069 0.0909091
23957 0.0909091
22469 0.0909091
15797 0.0909091
13398 0.0909091
13308 0.0909091
11559 0.0909091
6715 0.0909091
5937 0.0909091
3936 0.0909091
3852 0.0909091
320 0.0909091
39401 0.0833333
39125 0.0833333
36457 0.0833333
35734 0.0833333
35463 0.0833333
33997 0.0833333
33653 0.0833333
33633 0.0833333
33617 0.0833333
32324 0.0833333
30897 0.0833333
30209 0.0833333
26512 0.0833333
22719 0.0833333
21889 0.0833333
15264 0.0833333
11167 0.0833333
9199 0.0833333
7454 0.0833333
6592 0.0833333
5240 0.0833333
4934 0.0833333
4361 0.0833333
1760 0.0833333
785 0.0833333
40629 0.0769231
40596 0.0769231
39962 0.0769231
36796 0.0769231
33985 0.0769231
32243 0.0769231
32183 0.0769231
29270 0.0769231
26393 0.0769231
25088 0.0769231
22184 0.0769231
20235 0.0769231
17325 0.0769231
16047 0.0769231
12522 0.0769231
8972 0.0769231
7478 0.0769231
16947 0.0588235
35065 0.0555556
24019 0.0555556
17033 0.0555556
13645 0.0555556
9665 0.0555556
4866 0.0555556
2027 0.0555556
31810 0.047619
27486 0.047619
21157 0.047619
17637 0.047619
9196 0.047619
8356 0.047619
7412 0.047619
2837 0.047619
828 0.047619
40921 0.0416667
39427 0.0416667
39177 0.0416667
37496 0.0416667
36540 0.0416667
35175 0.0416667
34998 0.0416667
34034 0.0416667
32611 0.0416667
32531 0.0416667
30946 0.0416667
28009 0.0416667
27776 0.0416667
27253 0.0416667
26831 0.0416667
24891 0.0416667
24707 0.0416667
24678 0.0416667
20672 0.0416667
20207 0.0416667
17701 0.0416667
16215 0.0416667
15014 0.0416667
13916 0.0416667
9717 0.0416667
8688 0.0416667
7807 0.0416667
7286 0.0416667
5875 0.0416667
1789 0.0416667
1230 0.0416667
1013 0.0416667
80 0.0416667
40204 0.030303
39642 0.030303
37958 0.030303
36313 0.030303
36165 0.030303
35346 0.030303
31947 0.030303
31551 0.030303
29555 0.030303
26058 0.030303
25190 0.030303
23240 0.030303
19277 0.030303
19253 0.030303
18964 0.030303
9828 0.030303
8828 0.030303
8309 0.030303
4539 0.030303
40980 0
40979 0
40978 0
40977 0
40976 0
40975 0
40974 0
40973 0
40972 0
40971 0
40970 0
40969 0
40968 0
40967 0
40966 0
40965 0
40964 0
40963 0
40962 0
40961 0
40960 0
40959 0
40958 0
40957 0
40956 0
40955 0
40954 0
40953 0
40952 0
40951 0
40950 0
40949 0
40948 0
40947 0
40946 0
40945 0
40944 0
40943 0
40942 0
40941 0
40940 0
40939 0
40938 0
40937 0
40936 0
40935 0
40934 0
40933 0
40932 0
40931 0
40930 0
40929 0
40928 0
40927 0
40926 0
40925 0
40924 0
40923 0
40922 0
40920 0
40919 0
40918 0
40917 0
40916 0
40915 0
40914 0
40913 0
40912 0
40911 0
40910 0
40909 0
40908 0
40907 0
40906 0
40905 0
40904 0
40903 0
40902 0
40901 0
40900 0
40899 0
40898 0
40897 0
40896 0
40895 0
40894 0
40893 0
40892 0
40891 0
40889 0
40888 0
40887 0
40886 0
40885 0
40884 0
40883 0
40882 0
40881 0
40880 0
40879 0
40878 0
40877 0
40876 0
40875 0
40874 0
40873 0
40872 0
40871 0
40870 0
40869 0
40868 0
40867 0
40866 0
40865 0
40864 0
40863 0
40862 0
40861 0
40860 0
40859 0
40858 0
40857 0
40856 0
40855 0
40854 0
40853 0
40852 0
40851 0
40850 0
40849 0
40848 0
40847 0
40846 0
40845 0
40844 0
40843 0
40841 0
40840 0
40839 0
40838 0
40837 0
40836 0
40835 0
40834 0
40833 0
40832 0
40831 0
40830 0
40829 0
40828 0
40827 0
40826 0
40825 0
40824 0
40823 0
40822 0
40821 0
40820 0
40819 0
40818 0
40817 0
40816 0
40815 0
40814 0
40813 0
40812 0
40811 0
40810 0
40809 0
40808 0
40807 0
40806 0
40805 0
40804 0
40803 0
40802 0
40801 0
40800 0
40799 0
40798 0
40797 0
40796 0
40795 0
40794 0
40793 0
40792 0
40791 0
40790 0
40789 0
40788 0
40787 0
40786 0
40785 0
40784 0
40783 0
40782 0
40781 0
40780 0
40779 0
40778 0
40777 0
40776 0
40775 0
40774 0
40773 0
40772 0
40771 0
40770 0
40769 0
40768 0
40767 0
40766 0
40765 0
40764 0
40763 0
40762 0
40761 0
40760 0
40759 0
40758 0
40757 0
40756 0
40755 0
40754 0
40753 0
40752 0
40751 0
40750 0
40749 0
40748 0
40747 0
40746 0
40745 0
40744 0
40743 0
40742 0
40741 0
40740 0
40739 0
40738 0
40737 0
40736 0
40735 0
40734 0
40733 0
40732 0
40731 0
40730 0
40729 0
40728 0
40727 0
40726 0
40725 0
40724 0
40723 0
40722 0
40721 0
40720 0
40719 0
40718 0
40717 0
40716 0
40715 0
40714 0
40713 0
40712 0
40711 0
40710 0
40709 0
40708 0
40707 0
40706 0
40705 0
40704 0
40703 0
