9561 26.0751
22879 12.6295
2320 5.61432
38999 4.58875
21911 3.54906
12018 3.49475
318 3.44437
9665 3.12856
27075 3.08532
32732 2.28106
2840 2.27357
34433 1.8326
23696 1.55703
36724 1.3558
38621 1.34087
2647 1.32277
33185 1.12203
36057 1.05764
17264 0.957525
17715 0.934234
2604 0.932576
11430 0.895207
24812 0.875137
7794 0.797094
13667 0.719009
34311 0.708657
6894 0.689213
4828 0.639789
27961 0.636274
24414 0.618748
25337 0.613476
8731 0.595758
10069 0.59007
35339 0.55134
5691 0.551227
40883 0.541667
27963 0.534778
1642 0.534778
40369 0.533333
20273 0.511025
16918 0.508095
24718 0.488913
5748 0.485396
15599 0.469802
33507 0.455128
22263 0.438095
34167 0.396137
27839 0.3875
17687 0.370165
29364 0.365949
26183 0.347619
1017 0.340292
1313 0.338135
8216 0.333333
27390 0.332246
2898 0.320401
8875 0.31467
25416 0.305556
16014 0.296429
31509 0.295151
28883 0.293478
31409 0.287338
20843 0.28431
20942 0.282674
18328 0.281046
21075 0.276316
14425 0.274733
24140 0.269298
38970 0.264423
37678 0.25
13315 0.25
1929 0.25
19323 0.240476
1394 0.239423
5741 0.230978
10423 0.229798
9362 0.229798
15417 0.228077
3125 0.224034
38454 0.217225
26135 0.215451
23353 0.2
19198 0.2
4713 0.2
900 0.2
40327 0.19457
18798 0.19359
28028 0.187127
31150 0.185256
24295 0.185256
17440 0.185256
39612 0.185036
24113 0.185036
33462 0.180195
10318 0.176054
18469 0.175965
35512 0.175876
37924 0.166667
37169 0.166667
27514 0.166667
23545 0.166667
17202 0.166667
16724 0.16405
34768 0.158863
14631 0.158556
5309 0.154167
35087 0.15098
20111 0.142857
6964 0.142857
743 0.142857
9036 0.126697
39247 0.125
29648 0.125
26272 0.125
24988 0.125
22594 0.125
18527 0.125
16576 0.125
10223 0.125
10101 0.125
9163 0.125
1345 0.125
15454 0.120094
22061 0.116182
939 0.116182
37935 0.113272
29143 0.111111
22527 0.111111
18513 0.111111
15751 0.111111
11502 0.111111
1753 0.111111
35626 0.103682
17669 0.103682
39622 0.1
24223 0.1
21059 0.1
20274 0.1
14430 0.1
11376 0.1
11268 0.1
6940 0.1
4429 0.1
34488 0.0909091
33975 0.0909091
30048 0.0909091
24156 0.0909091
22500 0.0909091
22129 0.0909091
3578 0.0909091
3012 0.0909091
18747 0.0890609
7439 0.0890609
32885 0.0833333
28471 0.0833333
17435 0.0833333
17083 0.0833333
7343 0.0833333
16997 0.0812825
31652 0.0794992
23607 0.0794992
23188 0.0794992
19347 0.0794992
19210 0.0794992
15134 0.0794992
10708 0.0794992
8683 0.0794992
39947 0.0769231
35346 0.0769231
35336 0.0769231
30676 0.0769231
27989 0.0769231
13549 0.0769231
11080 0.0769231
8179 0.0769231
110 0.0769231
38315 0.0765199
23631 0.0765199
16425 0.0765199
10110 0.0765199
40415 0.0714286
40341 0.0714286
34971 0.0714286
21794 0.0714286
21541 0.0714286
19917 0.0714286
18677 0.0714286
17554 0.0714286
10923 0.0714286
8404 0.0714286
6753 0.0714286
4757 0.0714286
9455 0.0666667
40428 0.0625
33991 0.0625
15400 0.0625
8000 0.0625
5440 0.0625
1796 0.0625
39696 0.0588235
31301 0.0588235
26361 0.0588235
24335 0.0588235
21097 0.0588235
17406 0.0588235
13795 0.0588235
12709 0.0588235
11673 0.0588235
10980 0.0588235
10737 0.0588235
9693 0.0588235
3952 0.0588235
52 0.0588235
30160 0.0555556
37348 0.0526316
31715 0.0526316
31125 0.0526316
40613 0.05
24214 0.05
22966 0.05
20495 0.05
18361 0.05
5616 0.05
27740 0.047619
22674 0.047619
12178 0.047619
11086 0.047619
7998 0.047619
5766 0.047619
39636 0.0434783
37482 0.0434783
35107 0.0434783
33254 0.0434783
32879 0.0434783
30834 0.0434783
28682 0.0434783
15411 0.0434783
14512 0.0434783
14062 0.0434783
13058 0.0434783
38094 0.0416667
30810 0.0416667
28806 0.0416667
18788 0.0416667
17853 0.0416667
10600 0.0416667
3439 0.0416667
3308 0.04
10581 0.0384615
9595 0.0384615
35159 0.037037
18509 0.037037
9580 0.037037
6644 0.037037
23805 0.0333333
19120 0.0333333
9943 0.0333333
6730 0.0333333
6255 0.0333333
24351 0.0322581
22846 0.0322581
16800 0.0322581
15216 0.0322581
5383 0.0322581
34897 0.0294118
17058 0.0294118
8989 0.0294118
38875 0.0263158
36314 0.0263158
35758 0.0263158
34065 0.0263158
33964 0.0263158
32559 0.0263158
31965 0.0263158
31574 0.0263158
31567 0.0263158
29675 0.0263158
29438 0.0263158
28776 0.0263158
27522 0.0263158
26619 0.0263158
26495 0.0263158
24476 0.0263158
23387 0.0263158
22254 0.0263158
21873 0.0263158
17804 0.0263158
16749 0.0263158
15684 0.0263158
14831 0.0263158
14811 0.0263158
14611 0.0263158
12736 0.0263158
12650 0.0263158
12367 0.0263158
7206 0.0263158
3903 0.0263158
2115 0.0263158
1613 0.0263158
694 0.0263158
40102 0.0102041
39242 0.0102041
38379 0.0102041
37805 0.0102041
36753 0.0102041
36345 0.0102041
35504 0.0102041
35035 0.0102041
34640 0.0102041
34035 0.0102041
32480 0.0102041
30550 0.0102041
29522 0.0102041
29497 0.0102041
29170 0.0102041
28361 0.0102041
27602 0.0102041
27452 0.0102041
27369 0.0102041
26442 0.0102041
26250 0.0102041
26125 0.0102041
25630 0.0102041
25490 0.0102041
22853 0.0102041
22845 0.0102041
21274 0.0102041
20116 0.0102041
19910 0.0102041
18324 0.0102041
15835 0.0102041
13761 0.0102041
12775 0.0102041
11328 0.0102041
10686 0.0102041
10296 0.0102041
9773 0.0102041
9469 0.0102041
9454 0.0102041
6928 0.0102041
5771 0.0102041
5740 0.0102041
5198 0.0102041
5151 0.0102041
4819 0.0102041
4257 0.0102041
2315 0.0102041
1867 0.0102041
733 0.0102041
40980 0
40979 0
40978 0
40977 0
40976 0
40975 0
40974 0
40973 0
40972 0
40971 0
40970 0
40969 0
40968 0
40967 0
40966 0
40965 0
40964 0
40963 0
40962 0
40961 0
40960 0
40959 0
40958 0
40957 0
40956 0
40955 0
40954 0
40953 0
40952 0
40951 0
40950 0
40949 0
40948 0
40947 0
40946 0
40945 0
40944 0
40943 0
40942 0
40941 0
40940 0
40939 0
40938 0
40937 0
40936 0
40935 0
40934 0
40933 0
40932 0
40931 0
40930 0
40929 0
40928 0
40927 0
40926 0
40925 0
40924 0
40923 0
40922 0
40921 0
40920 0
40919 0
40918 0
40917 0
40916 0
40915 0
40914 0
40913 0
40912 0
40911 0
40910 0
40909 0
40908 0
40907 0
40906 0
40905 0
40904 0
40903 0
40902 0
40901 0
40900 0
40899 0
40898 0
40897 0
40896 0
40895 0
40894 0
40893 0
40892 0
40891 0
40890 0
40889 0
40888 0
40887 0
40886 0
40885 0
40884 0
40882 0
40881 0
40880 0
40879 0
40878 0
40877 0
40876 0
40875 0
40874 0
40873 0
40872 0
40871 0
40870 0
40869 0
40868 0
40867 0
40866 0
40865 0
40864 0
40863 0
40862 0
40861 0
40860 0
40859 0
40858 0
40857 0
40856 0
40855 0
40854 0
40853 0
40852 0
40851 0
40850 0
40849 0
40848 0
40847 0
40846 0
40845 0
40844 0
40843 0
40842 0
40841 0
40840 0
40839 0
40838 0
40837 0
40836 0
40835 0
40834 0
40833 0
40832 0
40831 0
40830 0
40829 0
