13654 1.68266
33267 1.64964
21820 1.59297
22530 1.19297
7202 1.13333
27799 1.03473
29140 0.862798
24596 0.861111
3940 0.794053
33878 0.734205
16504 0.666667
8497 0.663058
11810 0.642361
22088 0.6
40890 0.573646
12893 0.549493
31589 0.527338
1281 0.503274
2638 0.490125
27190 0.486111
36313 0.479167
16806 0.4625
9196 0.46064
10016 0.434524
31698 0.433333
2262 0.42619
24055 0.415909
8208 0.388095
7454 0.388095
28521 0.368869
7555 0.368687
32572 0.362338
37496 0.359649
13916 0.359649
7544 0.357143
33836 0.340909
6172 0.329167
23715 0.32619
24678 0.322952
35014 0.315476
11789 0.3125
22997 0.309524
29270 0.298413
24677 0.297576
1491 0.2895
17312 0.280952
18138 0.278409
40431 0.277632
22469 0.265016
4873 0.265016
28855 0.256944
21772 0.25
8672 0.25
6041 0.244298
25356 0.228175
21062 0.228175
35317 0.214969
14133 0.209957
2786 0.209957
26476 0.20989
39177 0.209649
27166 0.209028
34770 0.205556
6592 0.2
38583 0.194762
25826 0.174107
32034 0.169167
37340 0.166667
36438 0.166667
30255 0.166667
30216 0.166667
28094 0.166667
26095 0.166667
25614 0.166667
24902 0.166667
23769 0.166667
22711 0.166667
12522 0.166667
10253 0.166667
3541 0.166667
34 0.166667
27926 0.158892
15225 0.158892
12766 0.158056
19867 0.149306
37342 0.142857
36732 0.142857
14138 0.142857
13124 0.142857
10259 0.142857
9861 0.142857
3356 0.142857
22170 0.137744
6423 0.134298
36400 0.127747
37882 0.125
32437 0.125
21703 0.125
19229 0.125
19079 0.125
7142 0.125
5423 0.125
32544 0.111111
31282 0.111111
29626 0.111111
26181 0.111111
23566 0.111111
22456 0.111111
20569 0.111111
19242 0.111111
7852 0.111111
432 0.111111
31818 0.109712
542 0.109712
21978 0.104777
32324 0.1
26372 0.1
22579 0.1
3384 0.1
35766 0.0909091
34662 0.0909091
30215 0.0909091
24239 0.0909091
19519 0.0909091
17283 0.0909091
13560 0.0909091
6138 0.0909091
3124 0.0909091
33015 0.0833333
32788 0.0833333
31564 0.0833333
27486 0.0833333
22368 0.0833333
21912 0.0833333
20450 0.0833333
17596 0.0833333
12451 0.0833333
10196 0.0833333
4934 0.0833333
3099 0.0833333
2027 0.0833333
35039 0.0714286
28638 0.0714286
18369 0.0714286
18173 0.0714286
16745 0.0714286
2811 0.0714286
39399 0.0666667
32885 0.0666667
32536 0.0666667
31228 0.0666667
30296 0.0666667
25765 0.0666667
21051 0.0666667
20448 0.0666667
17583 0.0666667
15056 0.0666667
14858 0.0666667
14797 0.0666667
13119 0.0666667
9280 0.0666667
7109 0.0666667
4083 0.0666667
3030 0.0666667
1599 0.0666667
634 0.0666667
208 0.0666667
35734 0.0625
34935 0.0625
29923 0.0625
28843 0.0625
25505 0.0625
24511 0.0625
21323 0.0625
20763 0.0625
20305 0.0625
7099 0.0625
4081 0.0625
2885 0.0625
1378 0.0625
29627 0.0555556
29030 0.0555556
19391 0.0555556
15834 0.0555556
6336 0.0555556
4994 0.0555556
40525 0.0526316
21348 0.0526316
7253 0.0526316
3852 0.0526316
40572 0.047619
12569 0.047619
10799 0.047619
8592 0.047619
7623 0.047619
2114 0.047619
39960 0.0416667
38952 0.0416667
35193 0.0416667
18842 0.0416667
18555 0.0416667
8237 0.0416667
8035 0.0416667
5085 0.0416667
4539 0.0416667
39947 0.04
39583 0.04
35346 0.04
35185 0.04
30676 0.04
27989 0.04
24137 0.04
23206 0.04
15873 0.04
14768 0.04
14589 0.04
12965 0.04
12935 0.04
11080 0.04
8990 0.04
8427 0.04
5802 0.04
5719 0.04
4444 0.04
3871 0.04
2511 0.04
697 0.04
110 0.04
38864 0.0384615
37708 0.0384615
35099 0.0384615
33377 0.0384615
32607 0.0384615
30425 0.0384615
30086 0.0384615
25375 0.0384615
25076 0.0384615
6763 0.0384615
5821 0.0384615
40764 0.03125
40599 0.03125
35733 0.03125
31140 0.03125
28449 0.03125
28008 0.03125
27052 0.03125
26900 0.03125
20749 0.03125
12985 0.03125
6319 0.03125
4189 0.03125
3936 0.03125
39791 0.0263158
37847 0.0263158
36955 0.0263158
36952 0.0263158
35364 0.0263158
32620 0.0263158
31205 0.0263158
26084 0.0263158
25791 0.0263158
25689 0.0263158
24400 0.0263158
16076 0.0263158
13733 0.0263158
10501 0.0263158
10210 0.0263158
7921 0.0263158
5937 0.0263158
2877 0.0263158
2837 0.0263158
2731 0.0263158
2069 0.0263158
830 0.0263158
828 0.0263158
40980 0
40979 0
40978 0
40977 0
40976 0
40975 0
40974 0
40973 0
40972 0
40971 0
40970 0
40969 0
40968 0
40967 0
40966 0
40965 0
40964 0
40963 0
40962 0
40961 0
40960 0
40959 0
40958 0
40957 0
40956 0
40955 0
40954 0
40953 0
40952 0
40951 0
40950 0
40949 0
40948 0
40947 0
40946 0
40945 0
40944 0
40943 0
40942 0
40941 0
40940 0
40939 0
40938 0
40937 0
40936 0
40935 0
40934 0
40933 0
40932 0
40931 0
40930 0
40929 0
40928 0
40927 0
40926 0
40925 0
40924 0
40923 0
40922 0
40921 0
40920 0
40919 0
40918 0
40917 0
40916 0
40915 0
40914 0
40913 0
40912 0
40911 0
40910 0
40909 0
40908 0
40907 0
40906 0
40905 0
40904 0
40903 0
40902 0
40901 0
40900 0
40899 0
40898 0
40897 0
40896 0
40895 0
40894 0
40893 0
40892 0
40891 0
40889 0
40888 0
40887 0
40886 0
40885 0
40884 0
40883 0
40882 0
40881 0
40880 0
40879 0
40878 0
40877 0
40876 0
40875 0
40874 0
40873 0
40872 0
40871 0
40870 0
40869 0
40868 0
40867 0
40866 0
40865 0
40864 0
40863 0
40862 0
40861 0
40860 0
40859 0
40858 0
40857 0
40856 0
40855 0
40854 0
40853 0
40852 0
40851 0
40850 0
40849 0
40848 0
40847 0
40846 0
40845 0
40844 0
40843 0
40842 0
40841 0
40840 0
40839 0
40838 0
40837 0
40836 0
40835 0
40834 0
40833 0
40832 0
40831 0
40830 0
40829 0
40828 0
40827 0
40826 0
40825 0
40824 0
40823 0
40822 0
40821 0
40820 0
40819 0
40818 0
40817 0
40816 0
40815 0
40814 0
40813 0
40812 0
40811 0
40810 0
40809 0
40808 0
40807 0
40806 0
40805 0
40804 0
40803 0
40802 0
40801 0
40800 0
40799 0
40798 0
40797 0
40796 0
40795 0
40794 0
40793 0
40792 0
40791 0
40790 0
40789 0
40788 0
40787 0
40786 0
40785 0
40784 0
40783 0
40782 0
40781 0
40780 0
40779 0
40778 0
40777 0
40776 0
40775 0
40774 0
40773 0
40772 0
40771 0
40770 0
40769 0
40768 0
40767 0
40766 0
40765 0
40763 0
40762 0
40761 0
40760 0
40759 0
40758 0
40757 0
40756 0
40755 0
40754 0
