10923 22.081
38970 5.40109
31301 4.04311
9665 3.25525
37426 2.7899
21911 2.23096
17687 2.11839
23696 1.7345
8672 1.7219
23724 1.45
39035 1.21587
22263 1.17823
6255 1.02297
40310 0.927908
9667 0.866667
19032 0.859989
25337 0.818835
23429 0.797619
35299 0.791782
18149 0.745357
27514 0.743102
7162 0.736111
17634 0.701141
32885 0.682804
24414 0.681179
13645 0.655382
2840 0.622517
2209 0.621944
38316 0.608187
24812 0.600296
14322 0.6
15599 0.588942
28864 0.546729
38897 0.533333
1975 0.525
2647 0.515307
18100 0.509524
17202 0.478025
24667 0.476435
22594 0.476435
40465 0.464088
34433 0.452381
13105 0.447619
10537 0.445489
5552 0.42734
34802 0.425
13944 0.394444
12343 0.378968
33416 0.357143
397 0.357143
35339 0.333333
26088 0.327515
20699 0.32702
19914 0.326923
27987 0.310909
7691 0.310689
33183 0.308333
13432 0.307118
186 0.307118
18798 0.30511
28917 0.303114
24017 0.30303
21941 0.286376
24714 0.286147
40319 0.282857
19683 0.269233
34459 0.260714
39171 0.25
13881 0.25
7894 0.25
7248 0.25
2838 0.25
16969 0.245455
15400 0.245455
33329 0.244048
30638 0.244048
9561 0.24
10737 0.235747
33342 0.226254
20106 0.226254
17368 0.226254
13043 0.226254
8465 0.226254
39247 0.2
35835 0.2
35186 0.2
27123 0.2
19566 0.2
15252 0.2
14261 0.2
12466 0.2
5641 0.2
29032 0.196404
919 0.196404
2289 0.194242
7708 0.182418
52 0.182418
32980 0.166667
27892 0.166667
24954 0.166667
21686 0.166667
12988 0.166667
8716 0.166667
6928 0.166667
1642 0.155714
10361 0.146218
36062 0.142857
34760 0.142857
29317 0.142857
27846 0.142857
23366 0.142857
9163 0.142857
8731 0.142857
7196 0.142857
2955 0.142437
40970 0.130472
35035 0.125
29737 0.125
26183 0.125
23353 0.125
18527 0.125
15644 0.125
13457 0.125
12670 0.125
10680 0.125
7129 0.125
16010 0.118859
37935 0.115442
31509 0.115442
32855 0.111111
29063 0.111111
27075 0.111111
21075 0.111111
14226 0.111111
13763 0.111111
10523 0.111111
583 0.111111
2263 0.111082
14654 0.108187
34220 0.1
30967 0.1
29350 0.1
27786 0.1
14108 0.1
6964 0.1
6746 0.1
1313 0.1
18246 0.0962311
40573 0.0909091
34495 0.0909091
33712 0.0909091
32797 0.0909091
31929 0.0909091
28552 0.0909091
28444 0.0909091
26892 0.0909091
26537 0.0909091
26072 0.0909091
23014 0.0909091
20165 0.0909091
18815 0.0909091
13058 0.0909091
10322 0.0909091
10057 0.0909091
9332 0.0909091
7750 0.0909091
3158 0.0909091
3101 0.0909091
34167 0.0887156
30302 0.0887156
21621 0.0887156
14160 0.0887156
36168 0.0833333
35156 0.0833333
34121 0.0833333
25379 0.0833333
22227 0.0833333
17025 0.0833333
14430 0.0833333
7595 0.0833333
37830 0.0769231
28380 0.0769231
26808 0.0769231
25864 0.0769231
23655 0.0769231
20797 0.0769231
20273 0.0769231
15603 0.0769231
10117 0.0769231
2633 0.0769231
37176 0.0763492
33825 0.0763492
26750 0.0763492
22228 0.0763492
20489 0.0763492
20350 0.0763492
27780 0.0714286
25630 0.0714286
22089 0.0714286
13691 0.0714286
37805 0.0625
32732 0.0625
19323 0.0588235
11758 0.0588235
6262 0.0588235
33507 0.0526316
22061 0.0526316
5901 0.0526316
3084 0.0526316
34578 0.047619
32071 0.047619
29386 0.047619
26979 0.047619
22640 0.047619
21066 0.047619
20778 0.047619
13312 0.047619
9486 0.047619
24550 0.0454545
16967 0.0454545
14326 0.0454545
14106 0.0454545
7431 0.0454545
40035 0.04
26108 0.04
17907 0.04
13519 0.04
12425 0.04
10581 0.04
8475 0.04
5028 0.04
3267 0.04
181 0.04
40707 0.037037
40287 0.037037
39496 0.037037
36057 0.037037
30487 0.037037
27065 0.037037
13113 0.037037
10947 0.037037
4131 0.037037
882 0.037037
33185 0.0357143
28600 0.0357143
27963 0.0357143
17715 0.0357143
13028 0.0357143
9659 0.0357143
2094 0.0357143
939 0.0357143
38503 0.0344828
30416 0.0344828
30001 0.0344828
28883 0.0344828
28729 0.0344828
17733 0.0344828
16918 0.0344828
16605 0.0344828
15316 0.0344828
32589 0.0322581
32468 0.0322581
29913 0.0322581
29143 0.0322581
13305 0.0322581
12075 0.0322581
4290 0.0322581
24028 0.0285714
19972 0.0285714
19543 0.0285714
13646 0.0285714
12630 0.0285714
11462 0.0285714
10073 0.0285714
9019 0.0285714
5693 0.0285714
2867 0.0285714
40017 0.0277778
34825 0.0277778
32261 0.0277778
15124 0.0277778
14615 0.0277778
14211 0.0277778
12758 0.0277778
12709 0.0277778
12626 0.0277778
10009 0.0277778
4252 0.0277778
1718 0.0277778
30048 0.02
24382 0.02
23750 0.02
23154 0.02
21632 0.02
20229 0.02
18274 0.02
17075 0.02
15818 0.02
14886 0.02
14425 0.02
10731 0.02
9455 0.02
8867 0.02
6096 0.02
5663 0.02
5153 0.02
2604 0.02
1005 0.02
37999 0.0185185
33743 0.0185185
33404 0.0185185
32303 0.0185185
30309 0.0185185
30303 0.0185185
28841 0.0185185
28610 0.0185185
27390 0.0185185
25286 0.0185185
24295 0.0185185
24102 0.0185185
24034 0.0185185
23314 0.0185185
23188 0.0185185
21138 0.0185185
20709 0.0185185
20111 0.0185185
15807 0.0185185
14631 0.0185185
14512 0.0185185
10400 0.0185185
6345 0.0185185
5372 0.0185185
4516 0.0185185
2608 0.0185185
1667 0.0185185
1394 0.0185185
40980 0
40979 0
40978 0
40977 0
40976 0
40975 0
40974 0
40973 0
40972 0
40971 0
40969 0
40968 0
40967 0
40966 0
40965 0
40964 0
40963 0
40962 0
40961 0
40960 0
40959 0
40958 0
40957 0
40956 0
40955 0
40954 0
40953 0
40952 0
40951 0
40950 0
40949 0
40948 0
40947 0
40946 0
40945 0
40944 0
40943 0
40942 0
40941 0
40940 0
40939 0
40938 0
40937 0
40936 0
40935 0
40934 0
40933 0
40932 0
40931 0
40930 0
40929 0
40928 0
40927 0
40926 0
40925 0
40924 0
40923 0
40922 0
40921 0
40920 0
40919 0
40918 0
40917 0
40916 0
40915 0
40914 0
40913 0
40912 0
40911 0
40910 0
40909 0
40908 0
40907 0
40906 0
40905 0
40904 0
40903 0
40902 0
40901 0
40900 0
40899 0
40898 0
40897 0
40896 0
40895 0
40894 0
40893 0
40892 0
40891 0
40890 0
40889 0
40888 0
40887 0
40886 0
40885 0
40884 0
40883 0
40882 0
40881 0
40880 0
40879 0
40878 0
40877 0
40876 0
40875 0
40874 0
40873 0
40872 0
40871 0
40870 0
40869 0
40868 0
40867 0
40866 0
40865 0
40864 0
40863 0
40862 0
40861 0
40860 0
40859 0
40858 0
40857 0
40856 0
40855 0
40854 0
40853 0
40852 0
40851 0
40850 0
40849 0
40848 0
40847 0
40846 0
40845 0
40844 0
40843 0
40842 0
40841 0
40840 0
40839 0
40838 0
40837 0
40836 0
40835 0
40834 0
40833 0
40832 0
40831 0
40830 0
40829 0
40828 0
40827 0
40826 0
40825 0
40824 0
40823 0
40822 0
40821 0
40820 0
40819 0
40818 0
40817 0
40816 0
