27926 53.222
24239 33.899
21978 29.2828
2885 21.0162
35734 17.9251
32620 16.5383
27799 16.1038
39791 14.5189
30793 14.3923
12569 14.3449
36952 12.2069
23439 12.1739
21757 11.7531
22184 11.6934
17312 11.1444
35185 10.9945
13654 10.9481
22711 9.86217
35346 9.76365
24678 9.16532
830 8.68296
1610 8.50993
35317 7.61609
30676 7.42787
16001 7.21688
556 7.1631
27989 7.14095
15416 6.42119
2869 6.38593
18520 6.33883
26084 6.32486
938 6.30142
15873 6.2568
23843 6.15922
39947 6.06633
39894 5.99027
16723 5.9413
11080 5.53437
5719 5.25395
110 5.22082
16047 5.05174
29551 5.02793
15225 4.98213
6140 4.9101
6654 4.77733
14768 4.65751
17277 4.58433
14138 4.57487
29225 4.53171
2069 4.19287
21323 4.18156
3852 4.14526
20007 3.99047
9197 3.88817
33267 3.83532
9553 3.71143
38583 3.7021
37233 3.62795
17035 3.53113
6979 3.51225
35525 3.40787
34999 3.39197
6592 3.29686
4444 3.26549
1659 2.83565
37027 2.83299
39962 2.82677
29640 2.5211
2484 2.48301
2154 2.45396
37502 2.44953
16395 2.43847
11488 2.38342
28094 2.37514
23446 2.33463
233 2.32683
7076 2.31732
14546 2.28638
5937 2.26183
3750 2.18246
31301 2.10195
1966 2.08823
24591 2.0779
22368 2.0515
28106 2.0414
30209 2.03546
16076 2.0163
29077 1.96784
3561 1.9344
18997 1.93019
18119 1.90072
26476 1.88812
37931 1.88808
13916 1.80825
11626 1.8082
32885 1.80337
21889 1.7906
22405 1.77469
16779 1.74492
26137 1.74378
40342 1.7362
35766 1.73406
14934 1.71901
29634 1.71451
18428 1.70052
31140 1.67352
26095 1.65853
12090 1.65767
38010 1.65705
16298 1.6563
7937 1.62783
33633 1.57563
38952 1.56971
29464 1.56836
32243 1.56665
25065 1.55748
25885 1.55011
39383 1.53584
17154 1.51368
23218 1.49543
6924 1.49276
19391 1.4728
32043 1.46615
22530 1.4618
2877 1.45188
36528 1.4491
36239 1.44037
12766 1.42307
40204 1.38103
35065 1.36682
19576 1.35959
5293 1.35403
33028 1.35159
35439 1.34658
19967 1.34236
26181 1.33202
37729 1.33035
23370 1.32108
34312 1.30717
8672 1.30334
2310 1.28435
3936 1.27164
28575 1.25845
550 1.2498
34737 1.23745
11113 1.22803
36673 1.22381
27033 1.21533
25614 1.18246
29237 1.17996
35029 1.17443
17739 1.14964
7592 1.13244
12393 1.12949
18963 1.11969
9823 1.11014
39507 1.08632
16504 1.08201
17631 1.07325
24063 1.05729
14672 1.03786
6518 1.02015
37496 1.01578
34663 1.0045
34385 1.00124
37342 0.990492
30419 0.977557
7807 0.976859
26541 0.968727
8652 0.955545
35615 0.943812
39472 0.9346
26832 0.924308
14543 0.921714
11725 0.919873
25659 0.919164
19517 0.909837
35974 0.904196
20250 0.881532
22594 0.859856
31947 0.855896
6041 0.855142
36313 0.85406
26195 0.839777
34156 0.82699
21703 0.810034
432 0.809126
16283 0.782443
12104 0.768147
12893 0.758409
10210 0.753667
35463 0.749715
16250 0.743082
37340 0.742958
14133 0.730848
31260 0.727679
38148 0.724516
18788 0.721132
16233 0.719465
29401 0.708579
19032 0.704082
8828 0.703505
24400 0.70349
34043 0.701929
16390 0.69679
5423 0.69143
19379 0.682512
33256 0.676115
31649 0.675525
18435 0.673105
34664 0.67304
7708 0.658324
866 0.657789
3291 0.656747
391 0.656161
22388 0.655697
21000 0.653679
37924 0.651158
15603 0.649871
7125 0.649761
40883 0.648694
37374 0.647486
8035 0.641819
40618 0.625595
36968 0.623798
8592 0.617649
2168 0.616266
9423 0.607586
23696 0.602941
24414 0.597732
23174 0.597342
36457 0.594688
16745 0.589439
21302 0.588142
170 0.585945
18328 0.583021
4405 0.578942
31537 0.570457
39155 0.570306
13669 0.562475
4479 0.552009
12110 0.549535
2241 0.548518
13337 0.547619
52 0.542304
17710 0.540711
14943 0.533105
11393 0.529391
14316 0.528618
36918 0.522285
29923 0.518415
32607 0.516881
5488 0.515191
10923 0.51431
12922 0.510163
28381 0.507688
19820 0.501625
40525 0.493726
40764 0.493693
17634 0.493186
38141 0.493025
29285 0.49286
30417 0.492682
23769 0.489502
27514 0.488917
20835 0.483754
1355 0.481997
35282 0.480828
15276 0.479808
33825 0.478335
40644 0.474643
565 0.46986
26312 0.469508
39640 0.466882
22170 0.466539
6033 0.463181
37546 0.46216
11909 0.461996
28952 0.461411
1975 0.458824
27168 0.458709
13491 0.454448
26151 0.448753
26786 0.447093
25617 0.446918
2786 0.446332
6049 0.442046
13507 0.439493
19311 0.437329
4872 0.436734
14589 0.435446
7051 0.435208
24269 0.432621
17068 0.432099
26069 0.428421
18842 0.425115
3068 0.42266
16947 0.419121
34123 0.417922
37750 0.417159
6859 0.416265
4562 0.412086
12788 0.411971
25367 0.409855
37441 0.409469
18248 0.408664
1973 0.407923
16890 0.405124
7074 0.404896
33545 0.402466
23206 0.397097
2585 0.396953
27208 0.393259
40882 0.389571
8412 0.386406
36661 0.385355
23689 0.38431
3382 0.383824
16844 0.381665
10912 0.381294
11331 0.378235
38535 0.378164
19551 0.376434
16943 0.371926
27400 0.371563
27379 0.371527
7059 0.371348
38468 0.37105
18999 0.369562
12525 0.369526
25799 0.369363
6756 0.36706
17492 0.366504
26323 0.357753
12723 0.35758
22218 0.357544
6083 0.35625
3501 0.354646
5709 0.34775
16817 0.347243
10980 0.345867
23724 0.34555
6261 0.345051
20928 0.341744
18329 0.33897
37444 0.33773
23628 0.337648
37672 0.333552
18116 0.33353
39951 0.333479
11389 0.330386
40890 0.328832
21545 0.326707
15659 0.326707
35063 0.326289
2542 0.326289
25765 0.32343
8969 0.320375
34034 0.319559
29030 0.318002
8417 0.317021
7889 0.316198
40106 0.314472
36400 0.314127
9665 0.312292
28424 0.310755
11536 0.310125
16913 0.308917
16500 0.308498
17260 0.304583
9196 0.302178
4994 0.30119
34768 0.300597
15476 0.299188
1791 0.296489
3718 0.296368
29852 0.296131
18011 0.295238
23432 0.294195
30897 0.293791
14318 0.289969
29695 0.289568
15665 0.288304
34561 0.288295
26153 0.288013
34784 0.28748
36796 0.287442
7332 0.286778
186 0.286532
18452 0.284756
31366 0.282366
31582 0.280216
30847 0.279674
28655 0.279337
24505 0.279304
12652 0.278848
267 0.277633
23898 0.277345
40326 0.277321
5867 0.277321
6391 0.277241
32838 0.276994
4772 0.276671
18421 0.274643
39401 0.27403
29589 0.273599
30025 0.272108
25016 0.270509
4076 0.269911
8419 0.267609
14894 0.266414
15029 0.265632
4468 0.26477
14398 0.264399
18810 0.264181
9484 0.263748
39925 0.263414
5367 0.262465
1326 0.261716
12935 0.261685
25568 0.260214
26351 0.258929
31352 0.256963
23240 0.254805
39172 0.253916
9825 0.253568
21217 0.252862
37955 0.252849
32808 0.251343
1760 0.249511
9283 0.249459
18732 0.247223
987 0.245873
36160 0.244846
30887 0.244352
13140 0.244175
19377 0.2438
35082 0.241739
6863 0.241723
12105 0.240747
14573 0.23998
40952 0.23896
24870 0.238069
15787 0.238061
12911 0.237356
10601 0.236447
10366 0.236337
25360 0.236021
4548 0.235551
16744 0.233202
11077 0.232143
27900 0.231131
4900 0.230611
5693 0.230136
878 0.229555
10480 0.228938
10737 0.228831
350 0.228767
17105 0.228595
32688 0.227958
21283 0.227941
2781 0.227738
5414 0.227652
15519 0.2275
1137 0.22694
20489 0.226615
6096 0.226615
1965 0.226527
1784 0.225123
25207 0.224607
26512 0.224182
27865 0.224127
31553 0.223699
8859 0.223154
37176 0.222984
2766 0.222222
22501 0.222015
22650 0.22192
15467 0.221805
19259 0.221682
12605 0.221361
18950 0.22094
17373 0.220617
697 0.220513
25374 0.22042
3940 0.220166
27032 0.219454
40649 0.218322
4825 0.218212
32930 0.217138
13309 0.216796
16703 0.21648
21394 0.216431
9876 0.216364
9583 0.216313
10791 0.213468
3854 0.213344
28611 0.21329
28049 0.212695
19260 0.212673
