23843 6.69409
13309 2.23898
6356 1.37063
23696 1.34678
8831 1.28588
3721 1.10859
16933 1.0869
14398 1.01692
19016 1.00651
40472 1.00159
9320 0.88254
25016 0.766667
23435 0.75
16633 0.733954
16390 0.719665
18428 0.708333
25685 0.694444
4998 0.657738
32522 0.632764
7277 0.606966
19032 0.566667
23836 0.53968
33238 0.525
34603 0.517857
5082 0.511905
27333 0.455128
22594 0.433824
40190 0.42734
27926 0.42549
1065 0.419298
21591 0.416667
31047 0.395594
23024 0.378571
38740 0.333333
33695 0.333333
33047 0.333333
29550 0.333333
24393 0.333333
23135 0.333333
21889 0.333333
19826 0.333333
15741 0.333333
15055 0.333333
14339 0.333333
11621 0.333333
9249 0.333333
9210 0.333333
6966 0.333333
5673 0.333333
2350 0.333333
14543 0.332165
38301 0.305109
21689 0.278571
17131 0.278571
30412 0.267399
31742 0.265873
30123 0.265873
36514 0.25
32885 0.25
26754 0.25
20898 0.25
17252 0.25
15634 0.25
15341 0.25
14488 0.25
9590 0.25
6799 0.25
6508 0.25
6307 0.25
6239 0.25
3541 0.25
19820 0.23359
18133 0.23359
17828 0.23359
17312 0.213585
16817 0.213585
40332 0.2
29934 0.2
25737 0.2
24964 0.2
17296 0.2
40299 0.166667
37576 0.166667
34683 0.166667
31969 0.166667
25155 0.166667
19236 0.166667
15620 0.166667
8672 0.166667
11122 0.148741
39671 0.142857
35525 0.142857
33088 0.142857
32221 0.142857
29667 0.142857
20322 0.142857
17580 0.142857
14931 0.142857
14556 0.142857
13923 0.142857
34549 0.141097
17904 0.141097
16035 0.141097
14462 0.141097
12494 0.141097
8578 0.141097
6759 0.141097
37134 0.141071
30561 0.141071
28500 0.141071
27766 0.141071
16683 0.141071
16075 0.141071
40612 0.125
39383 0.125
30009 0.125
27561 0.125
22501 0.125
5949 0.125
4958 0.125
946 0.116423
32906 0.111111
20250 0.111111
458 0.111111
40950 0.102998
38039 0.102998
2675 0.102998
40882 0.1
39142 0.1
25897 0.1
25535 0.1
14142 0.1
8735 0.1
40420 0.0990191
31285 0.0990191
26153 0.0990191
25583 0.0990191
19770 0.0769231
3420 0.0769231
880 0.0769231
36256 0.0625
4991 0.0625
39791 0.0588235
35734 0.0588235
34768 0.0588235
32620 0.0588235
26601 0.0588235
24239 0.0588235
23724 0.0588235
22711 0.0588235
21978 0.0588235
5214 0.0588235
27694 0.0526316
27135 0.0526316
24760 0.0526316
24572 0.0526316
20049 0.0526316
17801 0.0526316
40790 0.05
40789 0.05
34793 0.05
19998 0.05
15460 0.05
10720 0.05
14767 0.047619
10587 0.047619
8165 0.047619
4372 0.047619
4095 0.047619
38084 0.0434783
40198 0.0384615
29492 0.0384615
26306 0.0384615
25353 0.0384615
23675 0.0384615
21041 0.0384615
20353 0.0384615
16770 0.0384615
2375 0.0384615
38535 0.0344828
37359 0.0344828
34167 0.0344828
26796 0.0344828
26001 0.0344828
25342 0.0344828
24411 0.0344828
22034 0.0344828
20273 0.0344828
5783 0.0344828
39705 0.0119048
38812 0.0119048
36672 0.0119048
34252 0.0119048
33751 0.0119048
33239 0.0119048
31299 0.0119048
29373 0.0119048
28922 0.0119048
27195 0.0119048
26482 0.0119048
25826 0.0119048
24267 0.0119048
23830 0.0119048
22956 0.0119048
22499 0.0119048
21712 0.0119048
20180 0.0119048
19755 0.0119048
19097 0.0119048
16979 0.0119048
16868 0.0119048
16090 0.0119048
14909 0.0119048
13246 0.0119048
11635 0.0119048
10689 0.0119048
10573 0.0119048
10466 0.0119048
9572 0.0119048
9334 0.0119048
9012 0.0119048
8132 0.0119048
8125 0.0119048
7929 0.0119048
7125 0.0119048
6112 0.0119048
5484 0.0119048
5067 0.0119048
3920 0.0119048
3050 0.0119048
2885 0.0119048
2093 0.0119048
1885 0.0119048
1643 0.0119048
1514 0.0119048
40980 0
40979 0
40978 0
40977 0
40976 0
40975 0
40974 0
40973 0
40972 0
40971 0
40970 0
40969 0
40968 0
40967 0
40966 0
40965 0
40964 0
40963 0
40962 0
40961 0
40960 0
40959 0
40958 0
40957 0
40956 0
40955 0
40954 0
40953 0
40952 0
40951 0
40949 0
40948 0
40947 0
40946 0
40945 0
40944 0
40943 0
40942 0
40941 0
40940 0
40939 0
40938 0
40937 0
40936 0
40935 0
40934 0
40933 0
40932 0
40931 0
40930 0
40929 0
40928 0
40927 0
40926 0
40925 0
40924 0
40923 0
40922 0
40921 0
40920 0
40919 0
40918 0
40917 0
40916 0
40915 0
40914 0
40913 0
40912 0
40911 0
40910 0
40909 0
40908 0
40907 0
40906 0
40905 0
40904 0
40903 0
40902 0
40901 0
40900 0
40899 0
40898 0
40897 0
40896 0
40895 0
40894 0
40893 0
40892 0
40891 0
40890 0
40889 0
40888 0
40887 0
40886 0
40885 0
40884 0
40883 0
40881 0
40880 0
40879 0
40878 0
40877 0
40876 0
40875 0
40874 0
40873 0
40872 0
40871 0
40870 0
40869 0
40868 0
40867 0
40866 0
40865 0
40864 0
40863 0
40862 0
40861 0
40860 0
40859 0
40858 0
40857 0
40856 0
40855 0
40854 0
40853 0
40852 0
40851 0
40850 0
40849 0
40848 0
40847 0
40846 0
40845 0
40844 0
40843 0
40842 0
40841 0
40840 0
40839 0
40838 0
40837 0
40836 0
40835 0
40834 0
40833 0
40832 0
40831 0
40830 0
40829 0
40828 0
40827 0
40826 0
40825 0
40824 0
40823 0
40822 0
40821 0
40820 0
40819 0
40818 0
40817 0
40816 0
40815 0
40814 0
40813 0
40812 0
40811 0
40810 0
40809 0
40808 0
40807 0
40806 0
40805 0
40804 0
40803 0
40802 0
40801 0
40800 0
40799 0
40798 0
40797 0
40796 0
40795 0
40794 0
40793 0
40792 0
40791 0
40788 0
40787 0
40786 0
40785 0
40784 0
40783 0
40782 0
40781 0
40780 0
40779 0
40778 0
40777 0
40776 0
40775 0
40774 0
40773 0
40772 0
40771 0
40770 0
40769 0
40768 0
40767 0
40766 0
40765 0
40764 0
40763 0
40762 0
40761 0
40760 0
40759 0
40758 0
40757 0
40756 0
40755 0
40754 0
40753 0
40752 0
40751 0
40750 0
40749 0
40748 0
40747 0
40746 0
40745 0
40744 0
40743 0
40742 0
40741 0
40740 0
40739 0
40738 0
40737 0
40736 0
40735 0
40734 0
40733 0
40732 0
40731 0
40730 0
40729 0
40728 0
40727 0
40726 0
40725 0
40724 0
40723 0
40722 0
40721 0
40720 0
40719 0
40718 0
40717 0
40716 0
40715 0
40714 0
40713 0
40712 0
