28776 41.4245
36498 13.9296
14251 7.28257
21015 6.88227
25092 6.53322
34488 6.40167
11027 6.02495
1158 5.52255
37377 5.26121
38449 5.04338
29879 4.9993
14163 4.66242
35805 4.13287
27024 2.62792
5798 2.48147
19135 2.29468
16210 2.01533
33975 1.99931
27767 1.94671
1434 1.79804
37684 1.5691
24005 1.3255
10454 1.25268
9464 1.1846
39976 1.1694
13839 1.0924
30473 1.09091
27184 1.08814
27165 1.06829
15684 1.06117
9333 1.01217
27558 0.99219
28981 0.970919
3012 0.961028
2391 0.955711
23047 0.912933
18227 0.907975
9630 0.898971
795 0.872917
39763 0.863205
34956 0.818873
12198 0.807709
22254 0.807532
24418 0.806424
40289 0.797228
12024 0.795972
39305 0.777778
21116 0.765569
18597 0.763635
17245 0.759484
13865 0.753255
28694 0.751432
34630 0.745384
16666 0.736874
14105 0.730959
30088 0.725372
36222 0.712273
19096 0.702429
37266 0.663013
40341 0.659268
20274 0.651556
27404 0.65
29742 0.631031
14866 0.618355
4555 0.601874
22181 0.590134
15250 0.571014
24345 0.56396
13404 0.552314
31215 0.54506
11286 0.536447
22441 0.533333
40733 0.523988
19456 0.522337
16988 0.517801
3296 0.510828
7783 0.493849
24292 0.492075
8385 0.491291
13392 0.480764
37802 0.47619
22939 0.471356
33265 0.468184
19281 0.453273
22197 0.443827
29438 0.438098
38205 0.436335
22523 0.435162
3263 0.432218
9841 0.420952
35549 0.419362
10082 0.419362
11222 0.418391
4424 0.412933
9524 0.403704
18280 0.402632
23652 0.38224
21720 0.380986
14097 0.37826
21049 0.377807
31922 0.368893
18590 0.36884
7323 0.361659
13982 0.360256
10211 0.357576
3306 0.3528
24259 0.349005
11241 0.347389
31967 0.346733
15208 0.34
39626 0.333333
19588 0.326268
6411 0.322107
5835 0.319937
37975 0.317008
36153 0.316923
28272 0.316667
24726 0.315803
22913 0.312222
6088 0.311406
9990 0.31124
33970 0.302413
15366 0.300251
6940 0.29943
20218 0.296429
25234 0.296221
13737 0.29359
29532 0.285612
25071 0.283472
17257 0.281031
16084 0.279762
32174 0.278073
21059 0.271913
12455 0.268176
21546 0.2676
19629 0.262978
33098 0.262467
28751 0.262366
35545 0.255724
17804 0.254576
319 0.254576
2059 0.254485
40515 0.25
40256 0.25
28903 0.25
26495 0.25
20016 0.25
18606 0.25
16087 0.25
37771 0.24871
1009 0.245991
2922 0.244444
35644 0.24225
17987 0.241128
1872 0.238095
8141 0.237619
37727 0.237231
34386 0.237231
30818 0.237231
13594 0.233838
13426 0.231685
12120 0.228608
23586 0.227048
15340 0.227048
12521 0.227048
30049 0.225211
30111 0.223016
21608 0.216667
4879 0.214242
14051 0.213086
23321 0.20519
25898 0.201811
37849 0.2
27030 0.2
18882 0.2
17051 0.2
15374 0.2
6836 0.2
5697 0.2
943 0.2
15749 0.199798
34065 0.195697
27232 0.193446
28678 0.191865
15638 0.191138
11452 0.190688
15119 0.189678
31583 0.189546
26631 0.188116
23416 0.18694
5183 0.185543
37634 0.185065
34651 0.183921
31657 0.183369
17670 0.182122
34302 0.179232
12254 0.179232
35487 0.174979
17937 0.17115
29178 0.168398
22195 0.167545
40941 0.166667
33843 0.166667
33359 0.166667
25206 0.166667
25027 0.166667
19892 0.166667
6360 0.166667
2948 0.166667
694 0.166667
544 0.166667
23606 0.165435
7023 0.165435
40824 0.161997
39653 0.159939
28700 0.158543
4261 0.156413
21220 0.152525
20278 0.149762
8981 0.149181
438 0.148746
23798 0.14871
3402 0.145556
37028 0.143
14867 0.143
39153 0.142857
30768 0.142857
30249 0.142857
26343 0.142857
25381 0.142857
23063 0.142857
22375 0.142857
21035 0.142857
19343 0.142857
14648 0.142857
13183 0.142857
6385 0.142857
18901 0.141891
26139 0.140663
22701 0.14
8975 0.137619
21410 0.135323
39203 0.133412
9960 0.130926
5513 0.129926
39544 0.126607
23066 0.126607
6389 0.125443
38868 0.125
38347 0.125
23837 0.125
22754 0.125
7570 0.125
7265 0.125
6594 0.124771
14635 0.12336
14552 0.12336
25448 0.121739
35539 0.116071
23897 0.116071
6211 0.115501
28186 0.112727
22628 0.112727
20284 0.112195
35 0.11125
28004 0.111111
2041 0.111111
28646 0.110346
26025 0.107709
18359 0.10733
11456 0.105556
270 0.105556
36036 0.103292
40681 0.102203
40763 0.1
35713 0.1
35263 0.1
33968 0.1
31870 0.1
28709 0.1
27851 0.1
27797 0.1
27648 0.1
21979 0.1
19032 0.1
11433 0.1
9721 0.1
7104 0.1
4065 0.1
3889 0.1
3118 0.1
2930 0.1
2061 0.1
5231 0.0973422
18226 0.0968468
15906 0.0933572
36163 0.0909091
34858 0.0909091
30709 0.0909091
27157 0.0909091
6370 0.0909091
722 0.0907112
20698 0.0905506
16549 0.0905506
25594 0.0896916
25494 0.0896916
34387 0.0863045
27287 0.0863045
25066 0.0863045
12229 0.0853755
4460 0.084117
36020 0.0833333
35318 0.0833333
35067 0.0833333
33431 0.0833333
28344 0.0833333
23005 0.0833333
22760 0.0833333
17566 0.0833333
15936 0.0833333
15064 0.0833333
14829 0.0833333
3114 0.0833333
800 0.0833333
14828 0.0829832
7856 0.0829832
36905 0.081866
35810 0.0769231
30671 0.0769231
30104 0.0769231
28081 0.0769231
25974 0.0769231
25470 0.0769231
22187 0.0769231
19369 0.0769231
19257 0.0769231
18596 0.0769231
18436 0.0769231
16643 0.0769231
19851 0.0753935
27609 0.0743043
36998 0.0737803
29584 0.0737803
26660 0.0737803
39874 0.0737254
12804 0.0723422
13277 0.0717407
3516 0.0717407
31772 0.0715076
23525 0.0715076
38983 0.0714286
31573 0.0714286
14346 0.0714286
31998 0.0709669
6765 0.0707283
16151 0.0701374
7317 0.0701374
23128 0.0692971
15166 0.0692971
38017 0.0666667
33222 0.0666667
23265 0.0666667
21676 0.0666667
16654 0.0666667
14666 0.0666667
7982 0.0666667
4557 0.0666667
38660 0.0659281
30245 0.0659281
39623 0.0625
32791 0.0625
25281 0.0625
20716 0.0625
18115 0.0625
40169 0.0593552
34038 0.0593552
40345 0.0588235
28608 0.0588235
24686 0.0588235
7974 0.0588235
7368 0.0588235
5156 0.0588235
3004 0.0588235
671 0.0588235
24548 0.0568804
12937 0.0568804
9612 0.0568804
34759 0.0555556
21422 0.0555556
21340 0.0555556
18571 0.0555556
17986 0.0555556
8632 0.0555556
3836 0.0555556
20262 0.0554233
31689 0.0550725
33218 0.0547593
23544 0.0547593
13852 0.0547593
27896 0.0526316
25796 0.0526316
24792 0.0526316
18158 0.0526316
14540 0.0526316
10904 0.0526316
9603 0.0526316
8954 0.0526316
7034 0.0526316
6087 0.0526316
3578 0.0526316
2789 0.0526316
1701 0.0526316
35405 0.05
24127 0.05
13802 0.05
10670 0.05
10102 0.05
9789 0.05
3088 0.05
20935 0.0490732
13893 0.0490732
1272 0.0490732
39815 0.047619
38903 0.047619
38348 0.047619
30105 0.047619
29262 0.047619
26081 0.047619
25044 0.047619
23430 0.047619
21159 0.047619
20083 0.047619
18716 0.047619
16720 0.047619
15915 0.047619
14456 0.047619
14284 0.047619
13930 0.047619
11671 0.047619
7028 0.047619
2780 0.047619
2645 0.047619
36956 0.0457347
35950 0.0457347
30968 0.0457347
10326 0.0454545
9942 0.0454545
6039 0.0434783
4310 0.0434783
40685 0.0416667
29822 0.0416667
12814 0.0416667
12457 0.0416667
19874 0.0407549
13201 0.0407549
6733 0.0407549
31831 0.04
31400 0.04
29414 0.04
28705 0.04
25062 0.04
22687 0.04
21968 0.04
18049 0.04
17157 0.04
14656 0.04
12026 0.04
11468 0.04
10029 0.04
7491 0.04
4360 0.04
39119 0.0370462
18142 0.0370462
14852 0.0370462
6987 0.0370462
2115 0.0370462
964 0.0370462
21952 0.037037
18944 0.037037
13166 0.037037
34993 0.0357143
21837 0.0357143
16714 0.0357143
15088 0.0357143
9728 0.0357143
4917 0.0357143
1612 0.0357143
37423 0.0344828
36964 0.0344828
36009 0.0344828
33434 0.0344828
26489 0.0344828
15439 0.0344828
11762 0.0344828
11519 0.0344828
8876 0.0344828
36151 0.0333333
34643 0.0333333
32228 0.0333333
30348 0.0333333
