20906 5.23821
31329 5.19923
27595 3.6253
1757 3.41184
23992 3.23967
31562 3.02719
19072 2.83609
9712 2.40746
24458 2.35249
21068 1.73333
40023 1.53686
3228 1.51342
29775 1.49697
31213 1.44735
20488 1.33553
16108 1.31026
32278 1.27433
15148 1.26857
24228 1.14824
15403 1.13934
17493 1.09907
11485 1.01772
25242 1.01081
33298 1.00311
19324 0.968749
12980 0.951923
1572 0.872693
1075 0.870073
34427 0.817288
8665 0.78702
4906 0.780037
29505 0.742721
543 0.722412
34174 0.696825
30792 0.677658
3027 0.629798
12763 0.619048
28321 0.612338
22867 0.586398
18905 0.578089
27234 0.57272
22211 0.559524
13460 0.550581
848 0.550581
13974 0.546984
6627 0.546984
19995 0.537389
11551 0.514811
1045 0.495819
14655 0.476703
24353 0.437976
2343 0.433333
14109 0.428122
18330 0.423925
2045 0.41978
32154 0.412485
16490 0.412338
513 0.411111
1061 0.393541
36511 0.385965
6266 0.358824
16153 0.34906
39184 0.333333
13027 0.333333
4411 0.333333
3028 0.333333
31301 0.327778
8672 0.327778
39942 0.32619
22864 0.32059
17351 0.32059
17925 0.310689
28314 0.308501
1048 0.308501
9457 0.303557
14159 0.28799
8470 0.282258
2356 0.272742
36881 0.261425
31769 0.257764
26549 0.254589
8160 0.250433
11004 0.25
5758 0.25
29122 0.24906
37921 0.238889
36126 0.234387
18032 0.234387
5786 0.234387
20047 0.229762
14300 0.229762
35814 0.213413
38763 0.207576
32885 0.205816
38798 0.2
34044 0.2
32801 0.2
27766 0.2
26615 0.2
20551 0.2
14938 0.2
232 0.192222
21723 0.188095
14344 0.176703
16406 0.17549
39092 0.166667
35456 0.166667
25335 0.166667
23696 0.166667
996 0.166667
878 0.166667
27129 0.166645
16955 0.166547
38390 0.1625
29242 0.1625
37973 0.157393
34716 0.142857
34405 0.142857
28091 0.142857
34418 0.133571
36886 0.129443
19095 0.129152
12210 0.129152
6262 0.125
24889 0.111111
19244 0.111111
26837 0.103623
26757 0.103623
23753 0.103623
14851 0.102632
15854 0.1
5615 0.1
37995 0.0909091
32641 0.0909091
28269 0.0909091
22478 0.0909091
15378 0.0909091
3936 0.0909091
3471 0.0909091
24838 0.0833333
21862 0.0833333
15674 0.0833333
13450 0.0833333
12338 0.0833333
3131 0.0833333
35529 0.0769231
33911 0.0769231
9764 0.0769231
987 0.0769231
32348 0.0743902
19179 0.0743902
8276 0.0743902
3731 0.0743902
2091 0.0743902
37484 0.0625
35866 0.0625
19771 0.0625
15991 0.0625
15940 0.0625
26019 0.0588235
20689 0.0588235
32630 0.0526316
10735 0.0526316
1429 0.0526316
39282 0.05
14173 0.05
6101 0.05
40073 0.0333333
36298 0.0333333
24727 0.0333333
20367 0.0333333
18843 0.0333333
17037 0.0333333
8946 0.0333333
8774 0.0333333
2814 0.0333333
38096 0.0322581
32755 0.0322581
32696 0.0322581
28925 0.0322581
17597 0.0322581
5158 0.0322581
2929 0.0322581
1424 0.0322581
965 0.0322581
35109 0.0243902
29223 0.0243902
28167 0.0243902
21855 0.0243902
18563 0.0243902
18328 0.0243902
1532 0.0243902
33297 0.0166667
33242 0.0166667
32251 0.0166667
31710 0.0166667
30398 0.0166667
29576 0.0166667
26465 0.0166667
23519 0.0166667
16996 0.0166667
14077 0.0166667
12492 0.0166667
6845 0.0166667
2359 0.0166667
40980 0
40979 0
40978 0
40977 0
40976 0
40975 0
40974 0
40973 0
40972 0
40971 0
40970 0
40969 0
40968 0
40967 0
40966 0
40965 0
40964 0
40963 0
40962 0
40961 0
40960 0
40959 0
40958 0
40957 0
40956 0
40955 0
40954 0
40953 0
40952 0
40951 0
40950 0
40949 0
40948 0
40947 0
40946 0
40945 0
40944 0
40943 0
40942 0
40941 0
40940 0
40939 0
40938 0
40937 0
40936 0
40935 0
40934 0
40933 0
40932 0
40931 0
40930 0
40929 0
40928 0
40927 0
40926 0
40925 0
40924 0
40923 0
40922 0
40921 0
40920 0
40919 0
40918 0
40917 0
40916 0
40915 0
40914 0
40913 0
40912 0
40911 0
40910 0
40909 0
40908 0
40907 0
40906 0
40905 0
40904 0
40903 0
40902 0
40901 0
40900 0
40899 0
40898 0
40897 0
40896 0
40895 0
40894 0
40893 0
40892 0
40891 0
40890 0
40889 0
40888 0
40887 0
40886 0
40885 0
40884 0
40883 0
40882 0
40881 0
40880 0
40879 0
40878 0
40877 0
40876 0
40875 0
40874 0
40873 0
40872 0
40871 0
40870 0
40869 0
40868 0
40867 0
40866 0
40865 0
40864 0
40863 0
40862 0
40861 0
40860 0
40859 0
40858 0
40857 0
40856 0
40855 0
40854 0
40853 0
40852 0
40851 0
40850 0
40849 0
40848 0
40847 0
40846 0
40845 0
40844 0
40843 0
40842 0
40841 0
40840 0
40839 0
40838 0
40837 0
40836 0
40835 0
40834 0
40833 0
40832 0
40831 0
40830 0
40829 0
40828 0
40827 0
40826 0
40825 0
40824 0
40823 0
40822 0
40821 0
40820 0
40819 0
40818 0
40817 0
40816 0
40815 0
40814 0
40813 0
40812 0
40811 0
40810 0
40809 0
40808 0
40807 0
40806 0
40805 0
40804 0
40803 0
40802 0
40801 0
40800 0
40799 0
40798 0
40797 0
40796 0
40795 0
40794 0
40793 0
40792 0
40791 0
40790 0
40789 0
40788 0
40787 0
40786 0
40785 0
40784 0
40783 0
40782 0
40781 0
40780 0
40779 0
40778 0
40777 0
40776 0
40775 0
40774 0
40773 0
40772 0
40771 0
40770 0
40769 0
40768 0
40767 0
40766 0
40765 0
40764 0
40763 0
40762 0
40761 0
40760 0
40759 0
40758 0
40757 0
40756 0
40755 0
40754 0
40753 0
40752 0
40751 0
40750 0
40749 0
40748 0
40747 0
40746 0
40745 0
40744 0
40743 0
40742 0
40741 0
40740 0
40739 0
40738 0
40737 0
40736 0
40735 0
40734 0
40733 0
40732 0
40731 0
40730 0
40729 0
40728 0
40727 0
40726 0
40725 0
40724 0
40723 0
40722 0
40721 0
40720 0
40719 0
40718 0
40717 0
40716 0
40715 0
40714 0
40713 0
40712 0
40711 0
40710 0
40709 0
40708 0
40707 0
40706 0
40705 0
40704 0
40703 0
40702 0
40701 0
40700 0
40699 0
40698 0
40697 0
40696 0
40695 0
40694 0
40693 0
40692 0
40691 0
40690 0
40689 0
40688 0
40687 0
40686 0
