10329 15.251
24449 4.80468
5968 4.5633
7487 4.04883
1471 3.8151
6809 3.62984
32459 3.44689
13343 3.43935
29781 3.39124
38375 3.12503
3366 2.89805
31717 2.78323
23427 2.3244
24687 1.92988
7263 1.63687
33495 1.52443
23945 1.38918
31181 1.37646
5459 1.3679
2280 1.34622
39494 1.29482
25648 1.24195
19554 1.17377
24561 1.10329
18885 1.08048
37375 1.01987
6395 0.963095
375 0.941064
37166 0.891598
26727 0.855252
11242 0.849802
8672 0.838095
6588 0.834378
9751 0.791425
24706 0.760014
27380 0.757528
32405 0.741504
29616 0.739999
36272 0.685147
27058 0.635931
40913 0.632179
6076 0.629004
27594 0.606566
20394 0.606201
25923 0.57751
38095 0.571615
35375 0.515005
7406 0.51154
25113 0.508824
20717 0.501923
33319 0.477846
14544 0.464286
24678 0.450216
34983 0.442857
16511 0.396465
15509 0.391667
23235 0.359524
25162 0.353968
40843 0.343541
21414 0.341667
7708 0.333333
12478 0.327241
19102 0.316667
21469 0.293612
40521 0.290909
3476 0.28742
11755 0.284541
11394 0.281288
7749 0.269444
25097 0.261111
33602 0.25
28401 0.25
5427 0.25
34768 0.2
22038 0.2
15203 0.174621
24762 0.166667
22889 0.166667
19032 0.166667
17690 0.166667
1975 0.166667
9185 0.163095
17784 0.160119
38255 0.138596
2595 0.137121
32885 0.125
31301 0.125
27410 0.125
5131 0.125
25105 0.123333
40973 0.1
39486 0.1
15957 0.0909091
6262 0.0909091
3096 0.0909091
40114 0.0769231
36854 0.0769231
33972 0.0769231
30525 0.0769231
19498 0.0769231
12131 0.0769231
7244 0.0769231
6514 0.0769231
3730 0.0769231
3007 0.0769231
2838 0.0769231
317 0.0769231
39593 0.0714286
37523 0.0714286
27799 0.0714286
24213 0.0714286
23432 0.0714286
17928 0.0714286
15225 0.0714286
10882 0.0714286
9197 0.0714286
2869 0.0714286
36658 0.0625
34642 0.0625
28571 0.0625
10923 0.0625
9665 0.0625
2839 0.0625
39333 0.0555556
36536 0.0555556
34875 0.0555556
27251 0.0555556
25468 0.0555556
18059 0.0555556
14548 0.0555556
14375 0.0555556
8740 0.0555556
3800 0.0555556
28565 0.0526316
10749 0.0526316
16000 0.05
10772 0.05
7537 0.05
38952 0.0454545
37342 0.0454545
34965 0.0454545
33267 0.0454545
32930 0.0454545
30793 0.0454545
30262 0.0454545
29473 0.0454545
23776 0.0454545
21911 0.0454545
17312 0.0454545
17154 0.0454545
5861 0.0454545
5423 0.0454545
4672 0.0454545
2885 0.0454545
830 0.0454545
7545 0.04
38260 0.0333333
27398 0.0333333
2606 0.0333333
40980 0
40979 0
40978 0
40977 0
40976 0
40975 0
40974 0
40972 0
40971 0
40970 0
40969 0
40968 0
40967 0
40966 0
40965 0
40964 0
40963 0
40962 0
40961 0
40960 0
40959 0
40958 0
40957 0
40956 0
40955 0
40954 0
40953 0
40952 0
40951 0
40950 0
40949 0
40948 0
40947 0
40946 0
40945 0
40944 0
40943 0
40942 0
40941 0
40940 0
40939 0
40938 0
40937 0
40936 0
40935 0
40934 0
40933 0
40932 0
40931 0
40930 0
40929 0
40928 0
40927 0
40926 0
40925 0
40924 0
40923 0
40922 0
40921 0
40920 0
40919 0
40918 0
40917 0
40916 0
40915 0
40914 0
40912 0
40911 0
40910 0
40909 0
40908 0
40907 0
40906 0
40905 0
40904 0
40903 0
40902 0
40901 0
40900 0
40899 0
40898 0
40897 0
40896 0
40895 0
40894 0
40893 0
40892 0
40891 0
40890 0
40889 0
40888 0
40887 0
40886 0
40885 0
40884 0
40883 0
40882 0
40881 0
40880 0
40879 0
40878 0
40877 0
40876 0
40875 0
40874 0
40873 0
40872 0
40871 0
40870 0
40869 0
40868 0
40867 0
40866 0
40865 0
40864 0
40863 0
40862 0
40861 0
40860 0
40859 0
40858 0
40857 0
40856 0
40855 0
40854 0
40853 0
40852 0
40851 0
40850 0
40849 0
40848 0
40847 0
40846 0
40845 0
40844 0
40842 0
40841 0
40840 0
40839 0
40838 0
40837 0
40836 0
40835 0
40834 0
40833 0
40832 0
40831 0
40830 0
40829 0
40828 0
40827 0
40826 0
40825 0
40824 0
40823 0
40822 0
40821 0
40820 0
40819 0
40818 0
40817 0
40816 0
40815 0
40814 0
40813 0
40812 0
40811 0
40810 0
40809 0
40808 0
40807 0
40806 0
40805 0
40804 0
40803 0
40802 0
40801 0
40800 0
40799 0
40798 0
40797 0
40796 0
40795 0
40794 0
40793 0
40792 0
40791 0
40790 0
40789 0
40788 0
40787 0
40786 0
40785 0
40784 0
40783 0
40782 0
40781 0
40780 0
40779 0
40778 0
40777 0
40776 0
40775 0
40774 0
40773 0
40772 0
40771 0
40770 0
40769 0
40768 0
40767 0
40766 0
40765 0
40764 0
40763 0
40762 0
40761 0
40760 0
40759 0
40758 0
40757 0
40756 0
40755 0
40754 0
40753 0
40752 0
40751 0
40750 0
40749 0
40748 0
40747 0
40746 0
40745 0
40744 0
40743 0
40742 0
40741 0
40740 0
40739 0
40738 0
40737 0
40736 0
40735 0
40734 0
40733 0
40732 0
40731 0
40730 0
40729 0
40728 0
40727 0
40726 0
40725 0
40724 0
40723 0
40722 0
40721 0
40720 0
40719 0
40718 0
40717 0
40716 0
40715 0
40714 0
40713 0
40712 0
40711 0
40710 0
40709 0
40708 0
40707 0
40706 0
40705 0
40704 0
40703 0
40702 0
40701 0
40700 0
40699 0
40698 0
40697 0
40696 0
40695 0
40694 0
40693 0
40692 0
40691 0
40690 0
40689 0
40688 0
40687 0
40686 0
40685 0
40684 0
40683 0
40682 0
40681 0
40680 0
40679 0
40678 0
40677 0
40676 0
40675 0
40674 0
40673 0
40672 0
40671 0
40670 0
40669 0
40668 0
40667 0
40666 0
40665 0
40664 0
40663 0
40662 0
40661 0
40660 0
40659 0
40658 0
40657 0
40656 0
40655 0
40654 0
40653 0
40652 0
40651 0
40650 0
40649 0
40648 0
40647 0
40646 0
40645 0
40644 0
40643 0
40642 0
40641 0
40640 0
40639 0
40638 0
40637 0
