22583 2.3407
16895 1.93639
31301 1.92787
1204 0.75
20127 0.606589
40017 0.516667
34357 0.508621
30286 0.492712
20684 0.453447
19124 0.453447
3567 0.391393
37042 0.382292
52 0.353362
24013 0.300287
18039 0.300287
29313 0.296429
26750 0.288062
23317 0.255158
23380 0.25
22402 0.25
16705 0.25
1091 0.25
19119 0.219724
27951 0.2
22228 0.2
15891 0.2
13003 0.2
6055 0.194538
14565 0.193685
13646 0.168689
10737 0.168689
33630 0.166667
29629 0.166667
22594 0.166667
4785 0.166667
17634 0.153833
10602 0.153833
23366 0.145415
7708 0.145415
23306 0.140032
17272 0.140032
14544 0.140032
919 0.140032
25273 0.138881
33374 0.125
26083 0.125
23193 0.125
17884 0.125
8474 0.125
6823 0.125
2077 0.125
7691 0.115074
7024 0.115074
2241 0.107079
5175 0.103818
40381 0.103447
40294 0.103447
32148 0.103447
30144 0.103447
32023 0.1
14920 0.1
11795 0.1
13187 0.0969561
9200 0.0969561
8589 0.0969561
4943 0.0969561
3473 0.0969561
2249 0.0940476
38158 0.0909091
24518 0.0909091
3447 0.0909091
40869 0.0730784
10880 0.0730784
6719 0.0730784
2775 0.0730784
1587 0.0730784
1267 0.0730784
9647 0.0714286
27434 0.0631265
14466 0.0631265
12444 0.0631265
8538 0.0631265
32261 0.0588235
6671 0.0588235
2289 0.0588235
1427 0.0588235
1318 0.0588235
36903 0.057579
29332 0.057579
25508 0.057579
23013 0.057579
21345 0.057579
14574 0.057579
11945 0.057579
1259 0.057579
39191 0.0553598
34495 0.0553598
27892 0.0553598
19589 0.0553598
14603 0.0553598
10980 0.0553598
9718 0.0553598
2943 0.0553598
363 0.0553598
40704 0.0482699
36051 0.0482699
31986 0.0482699
27713 0.0482699
26159 0.0482699
25817 0.0482699
14779 0.0482699
13871 0.0482699
12490 0.0482699
3042 0.0482699
187 0.0482699
57 0.0482699
33683 0.0357143
22465 0.0357143
21399 0.0357143
15307 0.0357143
13291 0.0357143
11587 0.0357143
3641 0.0357143
40758 0.0333333
39601 0.0333333
38645 0.0333333
36115 0.0333333
35850 0.0333333
30464 0.0333333
24780 0.0333333
22290 0.0333333
20914 0.0333333
18754 0.0333333
13596 0.0333333
13369 0.0333333
8516 0.0333333
3287 0.0333333
36102 0.03125
31682 0.03125
31061 0.03125
29997 0.03125
29972 0.03125
29746 0.03125
24986 0.03125
23912 0.03125
22588 0.03125
17659 0.03125
13636 0.03125
13035 0.03125
12837 0.03125
12447 0.03125
10322 0.03125
2633 0.03125
304 0.03125
37637 0.025
37396 0.025
33069 0.025
31426 0.025
28878 0.025
28305 0.025
26400 0.025
26088 0.025
22422 0.025
16418 0.025
12709 0.025
11630 0.025
9002 0.025
4405 0.025
2204 0.025
40968 0.0232558
40912 0.0232558
40661 0.0232558
39616 0.0232558
39374 0.0232558
39291 0.0232558
37234 0.0232558
35769 0.0232558
34834 0.0232558
34727 0.0232558
31849 0.0232558
31735 0.0232558
31670 0.0232558
31662 0.0232558
29794 0.0232558
29407 0.0232558
26334 0.0232558
25413 0.0232558
25265 0.0232558
23987 0.0232558
23452 0.0232558
23402 0.0232558
21771 0.0232558
21190 0.0232558
19295 0.0232558
18655 0.0232558
18295 0.0232558
17128 0.0232558
16982 0.0232558
16791 0.0232558
13568 0.0232558
13432 0.0232558
12885 0.0232558
12096 0.0232558
11615 0.0232558
10245 0.0232558
10073 0.0232558
9795 0.0232558
9557 0.0232558
9393 0.0232558
8118 0.0232558
8037 0.0232558
7916 0.0232558
7435 0.0232558
4859 0.0232558
3863 0.0232558
3112 0.0232558
2850 0.0232558
2712 0.0232558
132 0.0232558
38662 0.0217391
36996 0.0217391
34529 0.0217391
27514 0.0217391
26923 0.0217391
24819 0.0217391
18567 0.0217391
16907 0.0217391
16710 0.0217391
12518 0.0217391
40487 0.0163934
39731 0.0163934
38668 0.0163934
38176 0.0163934
37665 0.0163934
34120 0.0163934
33496 0.0163934
28153 0.0163934
27646 0.0163934
25880 0.0163934
25725 0.0163934
23742 0.0163934
19962 0.0163934
19380 0.0163934
17121 0.0163934
16833 0.0163934
16446 0.0163934
15643 0.0163934
14746 0.0163934
13990 0.0163934
13762 0.0163934
12241 0.0163934
11861 0.0163934
11128 0.0163934
7928 0.0163934
7374 0.0163934
6584 0.0163934
3434 0.0163934
979 0.0163934
40108 0.015625
36046 0.015625
35101 0.015625
33544 0.015625
33438 0.015625
32713 0.015625
32182 0.015625
30856 0.015625
28257 0.015625
27180 0.015625
24621 0.015625
24603 0.015625
24365 0.015625
18616 0.015625
17606 0.015625
16214 0.015625
15446 0.015625
15086 0.015625
14535 0.015625
13820 0.015625
11738 0.015625
11153 0.015625
10487 0.015625
9391 0.015625
6684 0.015625
5846 0.015625
4082 0.015625
3586 0.015625
2259 0.015625
431 0.015625
261 0.015625
40829 0.00862069
40181 0.00862069
37940 0.00862069
36746 0.00862069
36606 0.00862069
35330 0.00862069
34773 0.00862069
34574 0.00862069
34032 0.00862069
33383 0.00862069
33331 0.00862069
33189 0.00862069
33167 0.00862069
32806 0.00862069
32529 0.00862069
31861 0.00862069
31859 0.00862069
30462 0.00862069
30167 0.00862069
30043 0.00862069
29214 0.00862069
28812 0.00862069
27915 0.00862069
27322 0.00862069
26054 0.00862069
25832 0.00862069
25352 0.00862069
25220 0.00862069
24818 0.00862069
24684 0.00862069
24335 0.00862069
24237 0.00862069
23849 0.00862069
22897 0.00862069
21774 0.00862069
21097 0.00862069
20546 0.00862069
19055 0.00862069
18804 0.00862069
18691 0.00862069
17352 0.00862069
17293 0.00862069
15637 0.00862069
15515 0.00862069
14615 0.00862069
14228 0.00862069
13795 0.00862069
13541 0.00862069
11859 0.00862069
11803 0.00862069
11506 0.00862069
11171 0.00862069
10472 0.00862069
9966 0.00862069
9593 0.00862069
9445 0.00862069
9378 0.00862069
9068 0.00862069
6414 0.00862069
5373 0.00862069
5205 0.00862069
4084 0.00862069
3600 0.00862069
3363 0.00862069
2958 0.00862069
2640 0.00862069
827 0.00862069
205 0.00862069
40980 0
40979 0
40978 0
40977 0
40976 0
40975 0
40974 0
40973 0
40972 0
40971 0
40970 0
40969 0
40967 0
40966 0
40965 0
40964 0
40963 0
40962 0
40961 0
40960 0
40959 0
40958 0
40957 0
40956 0
40955 0
40954 0
40953 0
40952 0
40951 0
40950 0
40949 0
40948 0
40947 0
40946 0
40945 0
40944 0
40943 0
40942 0
40941 0
40940 0
40939 0
40938 0
40937 0
40936 0
40935 0
40934 0
40933 0
40932 0
40931 0
40930 0
40929 0
40928 0
40927 0
40926 0
40925 0
40924 0
40923 0
40922 0
40921 0
40920 0
40919 0
40918 0
40917 0
40916 0
40915 0
40914 0
40913 0
40911 0
40910 0
40909 0
40908 0
40907 0
40906 0
40905 0
40904 0
40903 0
40902 0
40901 0
40900 0
40899 0
40898 0
40897 0
40896 0
40895 0
40894 0
40893 0
40892 0
40891 0
40890 0
40889 0
40888 0
40887 0
40886 0
40885 0
40884 0
40883 0
40882 0
40881 0
40880 0
40879 0
40878 0
40877 0
40876 0
40875 0
40874 0
40873 0
40872 0
40871 0
40870 0
40868 0
40867 0
40866 0
40865 0
40864 0
40863 0
40862 0
40861 0
40860 0
40859 0
40858 0
40857 0
40856 0
40855 0
40854 0
40853 0
40852 0
40851 0
40850 0
40849 0
40848 0
40847 0
40846 0
40845 0
40844 0
40843 0
40842 0
40841 0
40840 0
40839 0
40838 0
40837 0
40836 0
40835 0
