20846 15.8032
32152 2.63886
29780 2.42083
20905 2.21254
4152 2.20952
19435 2.18171
7382 2.00238
15338 1.94924
8376 1.74802
15966 1.42619
38204 1.19286
18924 1.15952
442 1.14719
28055 1.11667
37982 0.98869
4026 0.988095
35596 0.963492
27960 0.954701
22708 0.945489
17420 0.916667
25068 0.783333
16450 0.783333
20544 0.719877
17045 0.7
10216 0.67619
31363 0.642857
3452 0.642857
13032 0.63952
15729 0.575
21267 0.559524
32047 0.554167
23057 0.543366
21614 0.540909
17540 0.540909
22299 0.525
2928 0.517857
17941 0.516667
4313 0.511111
40594 0.509524
26513 0.509524
10003 0.509524
12724 0.502632
5568 0.485714
8909 0.470833
2119 0.442857
1876 0.433766
33296 0.429331
15298 0.428571
10497 0.40202
39880 0.391667
14388 0.362155
40227 0.361111
24567 0.361111
38069 0.333333
20788 0.333333
13055 0.333333
7884 0.330409
25149 0.32702
40787 0.3125
33123 0.3125
17640 0.28869
29288 0.272727
21988 0.272727
24221 0.25
19561 0.25
8316 0.25
5692 0.25
4053 0.25
2714 0.25
33763 0.240666
33515 0.222854
21625 0.222854
10538 0.222854
1254 0.222854
39246 0.2
38471 0.2
38261 0.2
29166 0.2
24717 0.2
20888 0.2
18434 0.2
7626 0.2
5463 0.2
36065 0.174679
11767 0.174679
4553 0.174679
2832 0.174679
40684 0.166667
37449 0.166667
33073 0.166667
28750 0.166667
24377 0.166667
17773 0.166667
11257 0.166667
5599 0.166667
3119 0.166667
647 0.166667
298 0.166667
201 0.166667
38898 0.142857
34245 0.142857
33482 0.142857
29330 0.142857
27282 0.142857
26955 0.142857
19390 0.142857
3563 0.142857
3469 0.142857
897 0.142857
40234 0.125
31237 0.125
21146 0.125
3921 0.125
17498 0.111111
15407 0.111111
10835 0.111111
5236 0.111111
35514 0.1
30372 0.1
16533 0.1
10545 0.0909091
8672 0.0909091
40726 0.0769231
37292 0.0769231
31570 0.0526316
31459 0.0526316
31423 0.0526316
29853 0.0526316
20480 0.0526316
10353 0.0526316
2005 0.0526316
1984 0.0526316
38849 0.0208333
35456 0.0208333
35449 0.0208333
31547 0.0208333
30821 0.0208333
27988 0.0208333
26997 0.0208333
23961 0.0208333
22838 0.0208333
22340 0.0208333
20988 0.0208333
19837 0.0208333
17467 0.0208333
17080 0.0208333
13391 0.0208333
12696 0.0208333
12339 0.0208333
12112 0.0208333
11554 0.0208333
11209 0.0208333
8154 0.0208333
2905 0.0208333
2126 0.0208333
878 0.0208333
40980 0
40979 0
40978 0
40977 0
40976 0
40975 0
40974 0
40973 0
40972 0
40971 0
40970 0
40969 0
40968 0
40967 0
40966 0
40965 0
40964 0
40963 0
40962 0
40961 0
40960 0
40959 0
40958 0
40957 0
40956 0
40955 0
40954 0
40953 0
40952 0
40951 0
40950 0
40949 0
40948 0
40947 0
40946 0
40945 0
40944 0
40943 0
40942 0
40941 0
40940 0
40939 0
40938 0
40937 0
40936 0
40935 0
40934 0
40933 0
40932 0
40931 0
40930 0
40929 0
40928 0
40927 0
40926 0
40925 0
40924 0
40923 0
40922 0
40921 0
40920 0
40919 0
40918 0
40917 0
40916 0
40915 0
40914 0
40913 0
40912 0
40911 0
40910 0
40909 0
40908 0
40907 0
40906 0
40905 0
40904 0
40903 0
40902 0
40901 0
40900 0
40899 0
40898 0
40897 0
40896 0
40895 0
40894 0
40893 0
40892 0
40891 0
40890 0
40889 0
40888 0
40887 0
40886 0
40885 0
40884 0
40883 0
40882 0
40881 0
40880 0
40879 0
40878 0
40877 0
40876 0
40875 0
40874 0
40873 0
40872 0
40871 0
40870 0
40869 0
40868 0
40867 0
40866 0
40865 0
40864 0
40863 0
40862 0
40861 0
40860 0
40859 0
40858 0
40857 0
40856 0
40855 0
40854 0
40853 0
40852 0
40851 0
40850 0
40849 0
40848 0
40847 0
40846 0
40845 0
40844 0
40843 0
40842 0
40841 0
40840 0
40839 0
40838 0
40837 0
40836 0
40835 0
40834 0
40833 0
40832 0
40831 0
40830 0
40829 0
40828 0
40827 0
40826 0
40825 0
40824 0
40823 0
40822 0
40821 0
40820 0
40819 0
40818 0
40817 0
40816 0
40815 0
40814 0
40813 0
40812 0
40811 0
40810 0
40809 0
40808 0
40807 0
40806 0
40805 0
40804 0
40803 0
40802 0
40801 0
40800 0
40799 0
40798 0
40797 0
40796 0
40795 0
40794 0
40793 0
40792 0
40791 0
40790 0
40789 0
40788 0
40786 0
40785 0
40784 0
40783 0
40782 0
40781 0
40780 0
40779 0
40778 0
40777 0
40776 0
40775 0
40774 0
40773 0
40772 0
40771 0
40770 0
40769 0
40768 0
40767 0
40766 0
40765 0
40764 0
40763 0
40762 0
40761 0
40760 0
40759 0
40758 0
40757 0
40756 0
40755 0
40754 0
40753 0
40752 0
40751 0
40750 0
40749 0
40748 0
40747 0
40746 0
40745 0
40744 0
40743 0
40742 0
40741 0
40740 0
40739 0
40738 0
40737 0
40736 0
40735 0
40734 0
40733 0
40732 0
40731 0
40730 0
40729 0
40728 0
40727 0
40725 0
40724 0
40723 0
40722 0
40721 0
40720 0
40719 0
40718 0
40717 0
40716 0
40715 0
40714 0
40713 0
40712 0
40711 0
40710 0
40709 0
40708 0
40707 0
40706 0
40705 0
40704 0
40703 0
40702 0
40701 0
40700 0
40699 0
40698 0
40697 0
40696 0
40695 0
40694 0
40693 0
40692 0
40691 0
40690 0
40689 0
40688 0
40687 0
40686 0
40685 0
40683 0
40682 0
40681 0
40680 0
40679 0
40678 0
40677 0
40676 0
40675 0
40674 0
40673 0
40672 0
40671 0
40670 0
40669 0
40668 0
40667 0
40666 0
40665 0
40664 0
40663 0
40662 0
40661 0
40660 0
40659 0
40658 0
40657 0
40656 0
40655 0
40654 0
40653 0
40652 0
40651 0
40650 0
40649 0
40648 0
40647 0
40646 0
40645 0
40644 0
40643 0
40642 0
40641 0
40640 0
40639 0
40638 0
40637 0
40636 0
40635 0
40634 0
