31301 21698.2
27799 10504.2
19032 10079
8672 9198.17
32885 8279.17
23843 7390.11
3936 6604.95
865 6022.08
1975 5038.18
22594 4622.88
34768 3133.81
8027 3079.09
3096 2299.41
25048 2023.5
20167 1976.82
23696 1754.89
25079 1718.58
37711 1702.09
24825 1644.9
2885 1625.04
6262 1593.55
34152 1582.26
543 1563.09
23724 1461.81
10923 1282.11
37924 1230.48
18950 1121.05
1508 1053.9
31329 1048.2
987 997.524
23285 946.739
36734 920.639
21341 909.703
15603 836.407
40883 824.923
15764 766.982
878 723.882
30793 699.425
17312 661.572
13194 644.203
31283 640.578
9810 634.885
7708 633.372
13043 619.216
20250 552.613
9665 545.716
6195 492.587
6294 484.317
5693 459.202
17301 453.259
32620 416.173
17634 413.995
24239 395.86
35734 395.837
10480 388.553
34825 386.034
14661 359.426
27514 332.727
39962 331.087
15453 324.447
1471 313.371
1621 304.572
36395 303.125
4477 297.177
16068 294.843
595 268.406
37523 266.01
13654 264.769
22711 263.799
18542 263.269
25016 245.408
37888 244.516
22228 235.596
52 232.997
10761 230.645
29934 221.245
5214 214.639
32 212.895
38535 212.605
11072 207.773
30054 206.799
24903 200.238
14138 198.422
10523 198.179
830 196.406
17399 194.774
23847 194.287
2422 189.572
35253 189.344
28634 186.212
13635 183.761
19590 183.689
27926 181.576
29143 181.08
17083 172.88
39791 172.125
29997 171.704
21005 169.031
21593 168.937
5279 166.777
30012 166.317
34737 166.012
16789 163.097
34426 161.835
23254 161.744
29401 161.696
26750 161.344
29737 161.289
10737 159.755
27410 158.059
26152 157.43
14645 157.011
20701 155.419
21889 151.705
19302 151.515
25625 151.495
282 150.829
11475 150.105
2869 149.555
9197 149.08
4998 142.829
37048 142.09
34749 141.387
22572 140.087
9561 138.076
39371 134.707
16817 134.44
21911 133.657
10361 130.559
35766 130.109
30668 129.231
19566 128.925
16652 127.762
8465 126.681
363 124.38
3554 123.733
18189 120.394
32176 120.109
21859 119.914
5362 118.648
27766 117.777
22337 116.549
7054 116.464
11118 115.478
26370 114.912
2560 114.643
11792 113.63
18788 113.542
39593 113.279
13445 110.384
14964 109.47
12569 109.444
37027 109.342
36899 107.728
37923 107.7
20520 106.159
29777 105.982
2249 105.157
10331 103.701
17716 103.444
35346 102.408
2840 101.95
20962 101.881
7392 101.842
9282 101.771
24028 101.65
186 101.491
21393 100.625
6992 99.5991
16298 96.0406
12466 94.7764
18956 94.3998
25584 93.9651
27357 93.5649
11453 92.37
6983 91.9056
22405 91.8918
33545 91.794
22184 91.7635
33557 91.4196
10980 91.1997
18520 90.4259
13309 90.1635
5691 89.849
6592 89.6692
21323 89.5415
4966 89.3823
39086 89.0702
28345 88.8148
11758 87.2572
36952 86.3073
16704 85.7081
4405 84.9861
23499 84.4438
15400 83.5461
7052 82.5269
19742 82.1467
16280 82.0498
18428 82.0052
28552 81.4811
16791 81.2551
9196 80.992
40136 80.7861
15599 79.2243
17368 79.0373
39921 78.9389
9549 78.7662
38002 78.5486
32229 77.55
31509 77.2618
8455 76.8298
31754 76.5006
24340 75.8802
3757 75.7866
31550 75.2252
32202 73.805
24678 73.465
13432 73.4094
27934 73.3731
26011 73.2109
26069 73.0612
13916 72.7137
15416 72.0692
31964 71.3772
27623 71.2577
31354 71.117
33633 70.5911
35892 70.2699
1943 69.7912
17687 69.5281
11081 69.2315
28742 68.9614
7729 67.7148
23476 67.1007
40598 67.0746
36313 66.5693
20833 65.6945
15321 64.1448
23582 63.7758
9442 63.7233
36123 63.5768
13956 63.3912
18011 63.1735
20136 63.0994
37176 62.8757
22804 61.6448
12709 61.4389
432 61.3864
36474 61.1193
36293 60.2327
28089 59.9436
12327 59.9293
33267 59.6734
14544 59.4262
27509 59.3725
24280 58.8589
31806 58.3322
40340 58.0693
26175 56.5296
33944 56.4934
10183 56.1443
30898 55.7094
38231 55.5142
15922 55.0959
22530 54.9015
32933 54.7862
2263 54.3019
35317 54.0507
12807 53.766
39555 53.6123
4195 53.5834
34543 53.4992
20878 53.4357
29878 53.196
30015 53.0619
6041 52.9467
2647 52.928
21703 52.2048
1659 52.1684
18034 51.2583
40166 51.1516
35063 51.1282
23813 50.6626
13327 50.632
15769 50.5763
40059 50.4888
40303 50.3229
26551 50.0959
11626 50.0453
2838 49.9816
11810 49.9144
3068 49.6682
39951 49.6658
14886 49.2262
38088 49.1242
31308 49.1208
15150 48.9071
25826 48.8899
23016 48.8657
8066 48.862
27434 48.7304
14502 48.6532
27595 48.5799
28992 48.3817
21730 48.2282
16947 47.9945
8708 47.1502
4525 46.8157
16390 46.8089
35945 46.6867
7691 46.2671
28132 46.0988
35408 46.0535
5637 45.8056
808 44.9754
38316 44.8737
29599 44.5807
37313 44.53
30425 44.3776
3382 44.2113
17348 44.2069
28302 44.2059
20320 43.8515
25337 43.8005
17447 43.7963
40501 43.3755
18143 43.3501
31946 43.2933
21478 43.1295
39695 42.6926
23462 42.4182
10257 42.3183
34433 41.8132
16806 41.0726
2241 40.8261
38529 40.7945
20007 40.7756
33148 40.7065
10233 40.5332
2867 40.2757
38196 40.2335
16081 39.808
7427 39.7161
16370 39.6689
37340 39.5979
13879 39.3067
4928 39.1832
23682 39.173
34167 39.073
35720 38.9331
23353 38.8875
30377 38.8099
20273 38.6454
36128 38.6307
32536 38.5587
17860 38.5441
15225 38.3585
25143 38.1684
33452 38.0607
34653 37.9946
33307 37.8742
2663 37.8293
1610 37.7555
38227 37.6853
10100 37.6414
38354 37.5373
13825 37.4565
30792 37.3166
24422 37.2582
26006 37.2378
25780 37.2137
15301 37.0655
22193 37.034
2659 36.994
40915 36.7294
32733 36.6837
40017 36.6142
16968 36.386
39379 36.3064
33297 36.1592
28718 36.0701
23898 36.0573
9689 35.6701
12766 35.1369
17154 35.129
6096 35.059
40202 35.0148
3852 34.9176
27892 34.7795
6336 34.7486
28778 34.6598
32814 34.6549
12608 34.5997
14603 34.5661
26763 34.4259
30589 34.4242
23717 34.3941
31586 34.3703
26468 34.3612
32222 34.327
10057 34.2779
37882 34.2511
15637 33.9382
28444 33.8724
14847 33.763
23432 33.6438
9575 33.6254
18906 33.3598
24397 33.3076
27425 33.2415
7909 33.1583
8186 33.0668
34312 32.9239
23139 32.8858
2283 32.7964
28094 32.7467
36400 32.717
10423 32.6988
5778 32.6759
28500 32.6252
32112 32.313
18209 32.202
16601 32.1515
27895 32.1061
11897 32.0797
836 32.0404
4907 32.0275
15592 31.7167
6644 31.3118
10073 31.1714
3541 31.1064
445 30.9228
32797 30.8422
33223 30.8319
6440 30.687
35585 30.5811
34637 30.54
13254 30.4926
40890 30.452
21823 30.425
16504 30.4164
37065 30.3592
18394 30.2918
8242 30.2737
8224 29.9223
15331 29.8374
19725 29.7977
38906 29.6655
24894 29.6548
16723 29.5722
19125 29.5347
35706 29.2868
3228 29.0911
15644 29.0802
16283 28.9424
14900 28.9016
26095 28.8476
8479 28.829
4507 28.8232
16853 28.812
33664 28.7845
6061 28.6939
7921 28.6836
33269 28.5841
39671 28.5415
36528 28.5127
1315 28.5047
24414 28.4678
26476 28.3565
10087 28.3477
9741 28.1358
28988 28.0086
28380 28.0084
3158 27.978
12670 27.8887
2633 27.8379
10117 27.8197
13824 27.8126
19774 27.7253
25150 27.6988
2386 27.5996
7076 27.294
30457 27.2012
20181 27.1925
3356 27.1893
10743 27.1236
21784 27.0976
3040 27.0897
13334 27.0644
6651 27.0196
37072 26.9973
3239 26.9811
20106 26.9462
19800 26.8748
37496 26.8193
37256 26.7947
2118 26.7275
18963 26.6782
37374 26.4181
8237 26.3663
