31301 23.9269
29997 16.3963
40829 13.6636
17634 10.8619
13410 6.81694
14544 6.68837
27434 5.968
26750 5.54366
15637 5.16055
39515 4.75471
16791 4.65177
36032 3.88442
4507 3.84377
13646 3.42115
32885 3.29865
2249 3.23538
25750 2.96907
11630 2.86397
27514 2.74458
20886 2.70614
5693 2.67592
14007 2.4352
10737 2.40076
4405 2.36271
2850 2.34459
30320 2.28666
19041 2.25801
29059 2.22133
14603 2.14589
21641 2.11848
7708 2.10172
24335 1.97784
10923 1.92361
27799 1.84614
21113 1.73197
29962 1.67881
8672 1.66154
52 1.646
33712 1.5303
40661 1.52577
8508 1.51307
34673 1.45961
3363 1.40309
19032 1.38132
37711 1.35695
24825 1.34393
1897 1.27236
34495 1.258
24237 1.25367
10602 1.18725
18328 1.18627
18529 1.14124
22594 1.14099
38662 1.13438
32939 1.1234
1975 1.10424
15603 1.10414
7691 1.10411
33331 1.1032
39962 1.05457
40036 1.0375
26088 0.989922
40609 0.966634
39616 0.938981
2885 0.928126
2943 0.926415
8186 0.925803
34825 0.904657
3863 0.889044
34274 0.883066
32760 0.881301
28104 0.876674
12243 0.8697
9831 0.86661
16723 0.857764
23014 0.846956
6096 0.840723
16071 0.833333
16853 0.820971
32620 0.818767
28038 0.791667
27892 0.787032
14677 0.765139
23380 0.763597
9621 0.740608
20966 0.730357
26892 0.706528
15352 0.705262
26789 0.704278
29934 0.7
25445 0.683359
16056 0.683333
27627 0.678325
24239 0.673403
23193 0.672148
37176 0.662459
33069 0.658848
29673 0.658333
3112 0.658333
29332 0.652869
11019 0.652112
2289 0.651857
1027 0.644458
12709 0.637612
19295 0.620886
2958 0.612695
14073 0.609649
22227 0.608994
27021 0.590996
8027 0.58961
8263 0.583891
2204 0.583891
7139 0.583333
31581 0.582647
39861 0.578899
36746 0.566828
2659 0.565713
33189 0.56304
9698 0.5625
30683 0.549034
6815 0.537333
3096 0.537034
31806 0.535714
3906 0.52381
35734 0.523047
30793 0.523047
17312 0.523047
13541 0.520677
36623 0.508796
12444 0.504237
2241 0.50012
13955 0.498333
32647 0.482258
9655 0.480303
1848 0.47619
363 0.475595
13007 0.47549
21816 0.462888
15384 0.456579
6487 0.45
2712 0.439656
16622 0.436105
16551 0.434848
10472 0.431132
40017 0.428679
18044 0.420968
2854 0.415682
25476 0.411111
26923 0.397207
37661 0.395819
38259 0.392982
14863 0.39251
4822 0.39251
11985 0.389394
26206 0.388034
31606 0.382576
11462 0.381818
16890 0.379119
37940 0.375364
36912 0.375
14466 0.37027
3648 0.366667
3600 0.363668
31069 0.362141
9731 0.35
25543 0.349733
18274 0.345902
21983 0.342551
16216 0.339205
36963 0.333333
35830 0.333333
34871 0.333333
31903 0.333333
17999 0.333333
15400 0.333333
9362 0.333333
6173 0.333333
15320 0.328324
7928 0.32549
31030 0.324242
25652 0.323762
18950 0.323413
23695 0.322911
38184 0.319048
6866 0.303386
36467 0.30303
30167 0.300519
9415 0.3
36899 0.284524
18937 0.279762
27886 0.277867
24079 0.27689
10980 0.27689
29032 0.273553
14565 0.272619
28305 0.270509
5175 0.26912
18616 0.268182
39393 0.265812
40573 0.263598
33167 0.263045
16944 0.261772
30054 0.260256
26159 0.25957
606 0.256944
6823 0.254683
9487 0.252214
32863 0.25
27765 0.25
12893 0.25
11825 0.25
9355 0.25
6461 0.25
5368 0.25
19207 0.247712
10519 0.247378
34908 0.247274
22402 0.247024
13079 0.246324
10457 0.24269
12431 0.241883
20333 0.240642
10036 0.233929
2633 0.233533
1659 0.231685
7894 0.231512
5832 0.230155
11249 0.229371
9875 0.229371
10730 0.228801
40888 0.227994
40704 0.226651
33118 0.226651
24819 0.225969
10880 0.225349
30037 0.224613
23317 0.222285
30371 0.21908
1940 0.219017
39565 0.216667
34253 0.215812
9220 0.215812
21147 0.214127
3245 0.209214
35985 0.208333
8267 0.204657
6209 0.204545
25811 0.2041
9197 0.201558
35096 0.2
33490 0.2
29852 0.2
28778 0.2
24013 0.2
23885 0.2
21110 0.2
20129 0.2
18770 0.2
13986 0.2
13003 0.2
9551 0.2
6378 0.2
4375 0.2
3575 0.2
3282 0.2
1210 0.2
36199 0.199943
21097 0.197712
128 0.19697
21722 0.195833
39374 0.191247
15237 0.189777
31023 0.189608
16418 0.188889
32975 0.187814
24986 0.185139
11958 0.184295
14779 0.182834
22606 0.182186
10009 0.182002
8446 0.175926
20774 0.173542
1163 0.170462
21670 0.170278
40022 0.168917
23813 0.167298
901 0.167262
10057 0.166883
31859 0.166667
24739 0.166667
23211 0.166667
23029 0.166667
13332 0.166667
12388 0.166667
12384 0.166667
6974 0.166667
6565 0.166667
3385 0.166667
31986 0.166263
23877 0.166263
28094 0.16388
39843 0.163518
26268 0.163518
22990 0.162888
22557 0.162777
31536 0.162159
31344 0.15947
28245 0.159234
7723 0.157969
29746 0.154907
3158 0.154762
10322 0.153708
40706 0.153486
13540 0.153486
12659 0.153486
15136 0.151944
3382 0.15066
33282 0.146002
16710 0.146002
27192 0.145938
5663 0.145404
39940 0.144788
28194 0.144017
17794 0.144017
13295 0.144017
40093 0.142857
39191 0.142857
39112 0.142857
37529 0.142857
37048 0.142857
36734 0.142857
32763 0.142857
26762 0.142857
23429 0.142857
20460 0.142857
16515 0.142857
16369 0.142857
15308 0.142857
11844 0.142857
9378 0.142857
8669 0.142857
3493 0.142857
2007 0.142857
138 0.142857
99 0.142857
26401 0.141447
13757 0.141288
12297 0.141204
11969 0.140374
7844 0.13848
34355 0.134581
29257 0.134581
6656 0.134581
2227 0.134581
40635 0.134524
8076 0.133563
919 0.133563
6061 0.133478
16018 0.131265
20424 0.129953
34768 0.129657
5373 0.128816
31000 0.128618
16047 0.128618
22583 0.125877
9846 0.125055
37998 0.125
35063 0.125
33267 0.125
32797 0.125
32238 0.125
29709 0.125
29683 0.125
16983 0.125
15427 0.125
10857 0.125
2016 0.125
1295 0.125
8579 0.124854
28917 0.124635
24342 0.123994
28444 0.121084
22422 0.120333
13256 0.119143
1628 0.119143
7024 0.116891
20489 0.114662
38229 0.111111
36650 0.111111
35598 0.111111
33650 0.111111
21646 0.111111
15545 0.111111
13719 0.111111
12812 0.111111
777 0.111111
30972 0.11045
33667 0.109295
12009 0.109295
2505 0.109295
39311 0.109275
21686 0.109275
35185 0.108954
27926 0.108954
21978 0.108954
15530 0.106744
17177 0.105031
11803 0.105031
11615 0.10166
11017 0.10166
9538 0.10166
5920 0.10166
10658 0.100041
8299 0.100041
37882 0.1
36861 0.1
36457 0.1
36292 0.1
34326 0.1
26161 0.1
22952 0.1
22386 0.1
18332 0.1
12882 0.1
6152 0.1
1858 0.1
1704 0.1
2237 0.0950888
36895 0.0936147
36208 0.0909091
35778 0.0909091
33483 0.0909091
31888 0.0909091
25763 0.0909091
20385 0.0909091
19457 0.0909091
17884 0.0909091
15891 0.0909091
14311 0.0909091
11526 0.0909091
4432 0.0905434
6644 0.0878688
25118 0.0871522
11658 0.0868506
1477 0.0850405
17818 0.084501
39414 0.0833333
35361 0.0833333
32909 0.0833333
31734 0.0833333
28722 0.0833333
26992 0.0833333
25413 0.0833333
20418 0.0833333
19047 0.0833333
18729 0.0833333
17475 0.0833333
16233 0.0833333
15282 0.0833333
13631 0.0833333
8369 0.0833333
4377 0.0833333
1870 0.0833333
27951 0.0810196
33804 0.0769231
30729 0.0769231
30668 0.0769231
28527 0.0769231
28380 0.0769231
27759 0.0769231
26874 0.0769231
25868 0.0769231
19583 0.0769231
13598 0.0769231
8462 0.0769231
7883 0.0769231
5049 0.0769231
41 0.0769231
26978 0.076882
7500 0.0763889
25832 0.075
20075 0.0723117
36299 0.0714286
31385 0.0714286
28871 0.0714286
28582 0.0714286
26908 0.0714286
25220 0.0714286
20759 0.0714286
18754 0.0714286
15201 0.0714286
10523 0.0714286
9413 0.0714286
8131 0.0714286
5201 0.0714286
4538 0.0714286
3936 0.0714286
1427 0.0714286
878 0.0714286
13432 0.0712653
