30216 8.36859
27799 5.89284
25659 3.45106
2885 2.92573
35766 2.75211
17312 2.47414
20928 2.18789
432 2.02327
14138 1.80645
18520 1.79594
23843 1.72906
10210 1.6681
3068 1.45526
35346 1.424
13654 1.41589
34737 1.38285
24678 1.31017
16076 1.12523
24591 1.10675
38863 1.10049
13916 1.09512
30652 1.08144
36313 1.05404
22711 0.975972
21323 0.962757
21448 0.929291
30676 0.926351
15416 0.908817
36712 0.862782
37496 0.806598
20569 0.743023
13234 0.731636
11080 0.708444
30897 0.694754
16298 0.667296
27776 0.648588
26832 0.646968
26095 0.63503
16395 0.627863
37882 0.621795
31470 0.619048
14934 0.582759
9196 0.57097
828 0.548385
16745 0.542872
3162 0.528446
2877 0.516788
18160 0.512821
15029 0.497415
11810 0.488095
33267 0.483396
8990 0.481087
39245 0.469282
13337 0.461943
31810 0.459957
16504 0.459733
26928 0.459023
28611 0.453255
6041 0.450703
38762 0.446196
39947 0.443367
27989 0.443367
110 0.443367
34998 0.438462
25433 0.438008
38535 0.427384
32885 0.425115
22404 0.423861
34835 0.422534
21703 0.419863
8237 0.411492
32043 0.407736
35317 0.403253
29401 0.402778
684 0.398203
9786 0.395692
12922 0.385411
3030 0.383226
18356 0.38285
11113 0.38254
38856 0.379423
7921 0.379293
6140 0.374299
29634 0.37395
2218 0.372101
29030 0.369247
22594 0.361111
6592 0.357238
35734 0.353854
25184 0.353846
13754 0.349754
11531 0.349754
18138 0.340625
26069 0.338889
21183 0.333333
26786 0.324444
24797 0.321795
21887 0.321795
34123 0.316718
37924 0.312261
35553 0.309649
6859 0.30921
16873 0.304242
40644 0.298861
5875 0.296919
32327 0.293588
14894 0.287426
11331 0.284021
18328 0.268565
15764 0.268565
22676 0.267732
27190 0.267667
15873 0.266116
17277 0.263848
15225 0.259085
14768 0.253249
37734 0.25
21201 0.248768
12451 0.248768
37642 0.247985
27033 0.247968
18329 0.245531
21000 0.243331
2786 0.241094
2869 0.237141
39177 0.234814
9006 0.234387
1487 0.234387
3356 0.231319
35185 0.230418
24400 0.230418
31858 0.228332
27865 0.226149
12569 0.225538
29875 0.222514
32536 0.214622
7175 0.213492
26084 0.211989
5719 0.211989
38583 0.207829
7312 0.206934
13309 0.2058
350 0.204886
24239 0.203397
35624 0.2
27486 0.2
22605 0.2
16394 0.2
40525 0.195374
11488 0.194464
22368 0.193241
36400 0.192978
25200 0.190015
37027 0.187617
31537 0.184055
10453 0.183662
35435 0.180515
27611 0.180458
21889 0.180089
33175 0.170876
17583 0.169921
38092 0.169606
6410 0.167448
23696 0.166667
22879 0.166667
19824 0.166667
15434 0.166667
15012 0.166667
9561 0.166667
7132 0.166667
29923 0.165951
35609 0.163314
34043 0.16285
23370 0.160764
20577 0.15907
20326 0.15907
22170 0.156573
31140 0.154014
3852 0.15318
8035 0.151497
35525 0.149817
6654 0.148939
33653 0.148494
11804 0.148194
4189 0.148194
6391 0.146838
6111 0.145332
15255 0.14391
36289 0.142857
32112 0.142857
26546 0.142857
14790 0.142857
7054 0.142857
4908 0.142857
3858 0.142857
19517 0.142548
4444 0.14214
31675 0.141919
16424 0.141919
416 0.141266
23439 0.139472
32620 0.138149
27208 0.134449
12766 0.133331
25651 0.133105
22184 0.131029
21978 0.131029
35974 0.129721
8828 0.129721
17287 0.129426
33247 0.129012
19284 0.129012
34923 0.127624
3713 0.127513
39680 0.12696
40764 0.126857
207 0.126326
40165 0.125
18997 0.125
11052 0.125
3107 0.125
21782 0.123684
16806 0.123684
830 0.122726
12393 0.121928
634 0.121558
25765 0.120377
27176 0.120141
40204 0.119996
1326 0.119742
34501 0.118074
9199 0.118017
1942 0.116342
30417 0.11593
14006 0.11593
31947 0.115457
14399 0.114912
40342 0.114727
36918 0.114727
885 0.114727
4667 0.112955
90 0.111566
34594 0.111111
34543 0.111111
32933 0.111111
22489 0.111111
18303 0.111111
8601 0.111111
3096 0.111111
37800 0.110584
33048 0.11017
10923 0.110145
4583 0.110145
36673 0.109102
36273 0.106886
39183 0.105836
12935 0.104778
13832 0.104681
31564 0.102735
25504 0.102735
16283 0.10243
19253 0.100825
5488 0.10072
20439 0.1
12453 0.1
11469 0.1
4271 0.1
29237 0.0971127
8969 0.0971127
38956 0.0966667
37555 0.095791
19327 0.095791
39507 0.095591
17631 0.0952621
267 0.0952614
25780 0.094697
35082 0.0933557
34378 0.0929085
1614 0.0929085
30636 0.0915829
35832 0.0909091
34152 0.0909091
30467 0.0909091
27093 0.0909091
25826 0.0909091
25048 0.0909091
23285 0.0909091
15777 0.0909091
14928 0.0909091
7256 0.0909091
24972 0.0901724
24849 0.0901724
20071 0.0883357
31318 0.087944
17492 0.087944
13126 0.087944
23251 0.0863868
32930 0.0855145
5414 0.0852472
40890 0.0851982
7145 0.0839887
32229 0.0833333
26179 0.0833333
18946 0.0833333
18871 0.0833333
11623 0.0833333
5843 0.0833333
24506 0.0823525
25191 0.081141
15665 0.0804392
36952 0.0802576
24704 0.0801282
17412 0.0796974
3124 0.0789773
5479 0.0788378
26541 0.0782738
10575 0.0782738
32611 0.0780711
17373 0.0773783
30025 0.0770676
20968 0.0770676
24790 0.0769854
4058 0.0769854
38001 0.0769231
27166 0.0769231
26485 0.0769231
19277 0.0769231
14490 0.0769231
39472 0.0753624
12118 0.0753222
11890 0.0752456
39791 0.0747755
6793 0.0741207
19653 0.0723009
37233 0.0720899
26366 0.0720899
23643 0.0720899
9197 0.0720899
38165 0.0717934
37038 0.0717934
31477 0.0717934
31221 0.0717934
12361 0.0717934
3454 0.0717934
40745 0.0714286
35825 0.0714286
24719 0.0714286
16962 0.0714286
16787 0.0714286
12920 0.0714286
1963 0.0714286
550 0.0714286
3561 0.0704032
34209 0.0696445
29020 0.0696445
23473 0.0696445
15591 0.0692094
32607 0.067309
19379 0.067309
16058 0.067309
13669 0.0668198
38372 0.0666667
31184 0.0666667
25334 0.0666667
23432 0.0666667
22598 0.0666667
17104 0.0666667
7051 0.0666667
2108 0.0666667
23022 0.0647872
28177 0.0647605
10529 0.0647605
34439 0.0632775
9309 0.0632775
3645 0.0632775
32562 0.0631731
14546 0.0631731
2837 0.0631731
22530 0.0627622
4934 0.0627622
34987 0.0618837
19313 0.0618817
9154 0.0618817
1610 0.0618817
27400 0.0610332
16775 0.0610332
37502 0.0602368
27161 0.0602368
24596 0.0601852
8615 0.0601852
37881 0.0601504
35637 0.0601504
26375 0.0601504
16117 0.0601504
10 0.0601504
4293 0.0596267
10706 0.0591856
37795 0.0588235
37077 0.0588235
36797 0.0588235
22808 0.0588235
6830 0.0588235
2528 0.0588235
36528 0.0570382
13948 0.0570382
20007 0.0565421
11789 0.0565421
26181 0.0560798
6518 0.0560599
34561 0.0552355
18173 0.0550773
20099 0.0550567
19391 0.0550567
19967 0.0546976
18248 0.0546976
8309 0.0546976
17068 0.0533804
33633 0.0518968
16001 0.0518513
13661 0.0518513
28655 0.0512724
7511 0.0512724
5435 0.0512724
19580 0.0508952
6807 0.0508952
19461 0.0508492
14589 0.0508492
31582 0.0507515
27863 0.0507515
19048 0.0507515
40618 0.0506542
25791 0.0500584
27073 0.05
22745 0.05
14133 0.05
12974 0.05
8111 0.05
12605 0.0493413
38258 0.0489643
35793 0.0489643
7807 0.0489643
33256 0.0480372
40159 0.047619
31723 0.047619
3877 0.047619
39155 0.0467286
9907 0.0467286
39671 0.0462646
19260 0.0461803
17035 0.0451375
4818 0.0451375
23034 0.0447906
17154 0.0447906
11540 0.0447906
33693 0.044393
8592 0.044393
3535 0.044393
40649 0.0435194
22577 0.0435194
16529 0.0435194
4296 0.0435194
38970 0.0434783
37935 0.0434783
34776 0.0434783
34311 0.0434783
34167 0.0434783
31151 0.0434783
27075 0.0434783
22048 0.0434783
21911 0.0434783
20843 0.0434783
20273 0.0434783
15400 0.0434783
14734 0.0434783
10947 0.0434783
10581 0.0434783
9466 0.0434783
4471 0.0434783
2647 0.0434783
2209 0.0434783
36787 0.0434233
36028 0.0434233
31352 0.0434233
27168 0.0434233
18844 0.0434233
17142 0.0434233
6068 0.0434233
4900 0.0434233
30793 0.0430197
3755 0.0429882
40601 0.0428724
9180 0.0428724
5333 0.0428724
565 0.0428724
40008 0.041929
26961 0.041929
19832 0.041929
8820 0.041929
40215 0.0416667
30916 0.0416667
