22594 71.1441
21183 22.3393
10986 6.85563
21668 5.93929
30997 5.60625
29619 5.6004
23843 5.56905
16639 5.31428
40915 5.04821
39572 4.95428
31113 4.33115
39459 4.11981
11453 4.01715
25339 3.96608
26352 3.82075
18388 3.6873
38265 3.64772
27811 3.37565
34228 3.26194
40579 3.13452
12637 3.10682
11104 2.97956
27799 2.87662
28552 2.83818
401 2.81845
37249 2.45529
9838 2.32143
19032 2.31508
7514 2.28079
18328 2.21783
14595 2.04478
38292 1.96085
2149 1.95043
39708 1.94587
987 1.8373
28938 1.81509
1957 1.81174
11360 1.7968
9686 1.70833
22002 1.68773
18532 1.6
13179 1.55321
17574 1.52231
27505 1.50696
3873 1.50404
16599 1.49167
17314 1.4554
30579 1.37925
35844 1.36012
27169 1.35162
9665 1.34286
4348 1.32523
10712 1.28507
15144 1.2193
6655 1.1622
28146 1.15882
40899 1.13761
36141 1.13611
33439 1.13164
39613 1.10698
14560 1.10115
23696 1.09307
12402 1.06944
31286 1.06429
34014 1.04525
9725 1.03932
22029 1.02346
1237 1.01647
40288 0.985714
31301 0.982576
5258 0.976984
24468 0.96859
16266 0.910714
40616 0.909615
26715 0.891508
12791 0.877399
30061 0.866667
2635 0.858824
33962 0.848808
6415 0.839315
27500 0.802632
31371 0.785256
7803 0.770074
4208 0.763369
29588 0.761398
19104 0.750433
15122 0.75
2840 0.75
9532 0.733333
13485 0.706298
7135 0.67902
2316 0.666667
40248 0.644444
4298 0.628781
18495 0.613636
4322 0.610534
9671 0.604832
19365 0.592157
3210 0.567832
9384 0.5671
17223 0.561111
25784 0.560207
35833 0.559524
34407 0.559524
26661 0.54105
9092 0.517695
37834 0.507576
25663 0.507576
34635 0.50686
27317 0.495833
31203 0.494007
22119 0.47123
8672 0.467857
23432 0.459524
19450 0.458333
16995 0.453968
39667 0.45
31697 0.45
24239 0.45
28870 0.42619
37580 0.422168
33918 0.422168
23691 0.420635
8071 0.416667
6191 0.403204
6681 0.401149
37165 0.4
33157 0.385965
28010 0.385965
39965 0.379167
6651 0.377632
33485 0.37406
9399 0.362637
35734 0.360714
31288 0.357576
15323 0.35119
18457 0.344444
4454 0.341414
30793 0.339881
5940 0.337302
10906 0.337103
40586 0.333333
38098 0.333333
36734 0.333333
33094 0.333333
30456 0.333333
28500 0.333333
27888 0.333333
27459 0.333333
17497 0.333333
14690 0.333333
10778 0.333333
9625 0.333333
550 0.333333
20183 0.330409
10076 0.323413
32598 0.319444
457 0.314286
27336 0.287879
22910 0.285014
40825 0.281746
32367 0.277778
14653 0.270833
38351 0.265079
24074 0.263743
11801 0.25947
35110 0.257576
33989 0.257576
40882 0.25
36557 0.25
34564 0.25
34312 0.25
30964 0.25
30673 0.25
30012 0.25
26042 0.25
25782 0.25
21911 0.25
20007 0.25
19706 0.25
18856 0.25
17860 0.25
17480 0.25
16421 0.25
13309 0.25
10568 0.25
6481 0.25
3011 0.25
2247 0.25
878 0.25
19571 0.25
16172 0.249639
20233 0.243867
9579 0.238095
5666 0.238095
26133 0.232318
2869 0.227381
20669 0.225
31943 0.223214
34867 0.208094
21295 0.202381
7625 0.202381
530 0.202381
20060 0.201389
39177 0.2
37127 0.2
36528 0.2
36400 0.2
35725 0.2
34180 0.2
31894 0.2
31283 0.2
29143 0.2
25518 0.2
25210 0.2
23599 0.2
13654 0.2
5141 0.193213
33764 0.192055
8247 0.188131
38788 0.183824
8017 0.183066
23215 0.176923
40040 0.169192
32197 0.166667
31530 0.166667
30535 0.166667
27949 0.166667
27274 0.166667
24569 0.166667
23043 0.166667
20271 0.166667
17290 0.166667
16947 0.166667
13043 0.166667
7563 0.166667
6592 0.166667
4443 0.166667
4225 0.166667
3543 0.166667
2960 0.166667
595 0.158824
38952 0.145833
35616 0.143398
37780 0.142857
34972 0.142857
31664 0.142857
31608 0.142857
24612 0.142857
20167 0.142857
19299 0.142857
18438 0.142857
15665 0.142857
6294 0.142857
6195 0.142857
3992 0.142857
3936 0.142857
2829 0.142857
812 0.142857
33213 0.142677
39771 0.14267
4705 0.136864
24831 0.126786
35262 0.125
32533 0.125
25731 0.125
23724 0.125
15259 0.125
5931 0.125
38778 0.111111
34242 0.111111
33375 0.111111
33032 0.111111
32810 0.111111
31835 0.111111
29575 0.111111
27711 0.111111
20642 0.111111
19438 0.111111
14137 0.111111
9231 0.111111
9039 0.111111
2047 0.111111
29484 0.110965
2384 0.110965
36952 0.1
36541 0.1
36137 0.1
35185 0.1
30251 0.1
28051 0.1
24599 0.1
24146 0.1
21978 0.1
17277 0.1
17273 0.1
17246 0.1
12569 0.1
10923 0.1
8318 0.1
7348 0.1
790 0.1
33176 0.0909091
28426 0.0909091
25098 0.0909091
22360 0.0909091
17858 0.0909091
17769 0.0909091
16514 0.0909091
10737 0.0909091
9100 0.0909091
2225 0.0909091
1542 0.0909091
1043 0.0909091
16233 0.0857143
7147 0.0857143
2885 0.0857143
39676 0.0833333
33016 0.0833333
17207 0.0833333
16869 0.0833333
6421 0.0833333
179 0.0833333
34420 0.0714286
25029 0.0714286
7393 0.0714286
39791 0.0666667
35063 0.0666667
27649 0.0666667
25799 0.0666667
24618 0.0666667
24162 0.0666667
18866 0.0666667
9656 0.0666667
9197 0.0666667
31491 0.0625
26883 0.0625
24825 0.0625
22218 0.0625
21018 0.0625
20648 0.0625
16283 0.0625
9775 0.0625
7852 0.0625
4076 0.0625
3211 0.0625
40542 0.0555556
39696 0.0555556
39501 0.0555556
36888 0.0555556
32733 0.0555556
26839 0.0555556
26469 0.0555556
19355 0.0555556
18745 0.0555556
18566 0.0555556
9766 0.0555556
9707 0.0555556
4783 0.0555556
4675 0.0555556
4231 0.0555556
2089 0.0555556
36865 0.0526316
34599 0.0526316
31174 0.0526316
26852 0.0526316
10432 0.0526316
4390 0.0526316
3884 0.0526316
3155 0.0526316
34628 0.047619
32225 0.047619
30832 0.047619
30252 0.047619
28233 0.047619
26237 0.047619
17906 0.047619
15501 0.047619
5725 0.047619
4643 0.047619
4052 0.047619
8211 0.0416667
4901 0.0416667
39962 0.0357143
18119 0.0357143
17312 0.0357143
14901 0.0357143
5003 0.0357143
33121 0.0344828
4595 0.0344828
4559 0.0344828
32454 0.0333333
22128 0.0333333
19861 0.0333333
17393 0.0333333
13136 0.030303
69 0.030303
40204 0.0166667
37867 0.0166667
35724 0.0166667
32620 0.0166667
29077 0.0166667
28575 0.0166667
28094 0.0166667
26541 0.0166667
24505 0.0166667
23628 0.0166667
23439 0.0166667
22184 0.0166667
16076 0.0166667
14809 0.0166667
14138 0.0166667
14056 0.0166667
12245 0.0166667
10872 0.0166667
9924 0.0166667
9010 0.0166667
8231 0.0166667
40980 0
40979 0
40978 0
40977 0
40976 0
40975 0
40974 0
40973 0
40972 0
40971 0
40970 0
40969 0
40968 0
40967 0
40966 0
40965 0
40964 0
40963 0
40962 0
40961 0
40960 0
40959 0
40958 0
40957 0
40956 0
40955 0
40954 0
40953 0
40952 0
40951 0
40950 0
40949 0
40948 0
40947 0
40946 0
40945 0
40944 0
40943 0
40942 0
40941 0
40940 0
40939 0
40938 0
40937 0
40936 0
40935 0
40934 0
40933 0
40932 0
40931 0
40930 0
40929 0
40928 0
40927 0
40926 0
40925 0
40924 0
40923 0
40922 0
40921 0
40920 0
40919 0
40918 0
40917 0
40916 0
40914 0
40913 0
40912 0
40911 0
40910 0
40909 0
40908 0
40907 0
40906 0
40905 0
40904 0
40903 0
40902 0
40901 0
40900 0
40898 0
40897 0
