16652 9.35999
17152 2.00958
18034 1.62064
10404 1.50261
18830 1.47658
26310 1.19312
27816 1.19237
30996 1.16795
12639 1.13488
10096 1.12179
22758 1.01517
33487 0.978873
5776 0.967403
14257 0.954904
8122 0.948611
20465 0.906034
19266 0.864587
40044 0.837262
4845 0.72648
27247 0.726435
16161 0.706746
7968 0.706746
33760 0.698175
28258 0.685008
5801 0.609357
19001 0.584203
36693 0.571382
29795 0.555685
29802 0.509524
10005 0.497619
32323 0.492024
26272 0.492024
8492 0.492024
1887 0.458062
30531 0.450365
3942 0.449459
27790 0.414885
24815 0.399573
3325 0.399348
14440 0.398265
7958 0.393071
35940 0.358295
20318 0.358295
19674 0.349455
31202 0.346768
35874 0.345254
5033 0.345254
36805 0.333028
2138 0.333028
25788 0.328829
12085 0.325941
58 0.29596
14908 0.28199
378 0.28199
16191 0.280045
29338 0.278788
17768 0.25
1527 0.246158
21647 0.232906
19654 0.227191
40277 0.222706
31541 0.214165
29870 0.21155
35201 0.209773
237 0.209773
12174 0.207006
11862 0.207006
31272 0.205405
28148 0.205405
21797 0.205405
9449 0.2
26779 0.198461
17103 0.192262
32621 0.190278
27621 0.189109
28496 0.166667
3791 0.166667
30241 0.157183
29889 0.157183
33501 0.150527
32135 0.145985
22855 0.145985
14952 0.142575
12115 0.142575
4102 0.142575
13067 0.142148
6770 0.142148
34836 0.130583
24367 0.130583
30200 0.125
5749 0.125
15544 0.122536
17042 0.122238
11659 0.122238
5116 0.122238
30194 0.120201
31329 0.111111
18328 0.111111
17925 0.111111
8705 0.111111
3228 0.111111
38237 0.106914
32185 0.106914
23095 0.1
34125 0.0998888
31306 0.0998888
31103 0.0998888
26792 0.0998888
26509 0.0998888
18704 0.0998888
12841 0.0998888
10357 0.0998888
6700 0.0998888
4262 0.0998888
5278 0.0958944
3193 0.0958944
19692 0.0951049
40862 0.0852312
9768 0.0833333
9644 0.0833333
25411 0.0803044
30874 0.0782867
14213 0.0753391
39682 0.0714286
8029 0.0714286
1198 0.0714286
30877 0.067406
6881 0.067406
6614 0.0667929
7795 0.0625
33385 0.0616601
1435 0.047619
22030 0.0454545
40547 0.0384615
39904 0.0384615
35382 0.0384615
32757 0.0384615
23426 0.0384615
12881 0.0384615
30903 0.037037
12523 0.037037
8060 0.037037
3968 0.037037
40092 0.0322581
21401 0.0322581
10074 0.0322581
1299 0.0322581
1223 0.0322581
36094 0.0277778
29906 0.0277778
19272 0.0232558
16451 0.0232558
11094 0.0232558
40269 0.0217391
38051 0.0217391
36347 0.0217391
30369 0.0217391
23262 0.0217391
22377 0.0217391
21166 0.0217391
20616 0.0217391
11300 0.0217391
10495 0.0217391
7963 0.0217391
7071 0.0217391
35921 0.0212766
29684 0.0212766
28019 0.0212766
27656 0.0212766
27378 0.0212766
17602 0.0212766
17199 0.0212766
39340 0.0208333
34980 0.0208333
15769 0.0208333
4117 0.0208333
37709 0.0181818
35256 0.0181818
33623 0.0181818
21144 0.0181818
16107 0.0181818
9932 0.0181818
8203 0.0181818
1617 0.0181818
40980 0
40979 0
40978 0
40977 0
40976 0
40975 0
40974 0
40973 0
40972 0
40971 0
40970 0
40969 0
40968 0
40967 0
40966 0
40965 0
40964 0
40963 0
40962 0
40961 0
40960 0
40959 0
40958 0
40957 0
40956 0
40955 0
40954 0
40953 0
40952 0
40951 0
40950 0
40949 0
40948 0
40947 0
40946 0
40945 0
40944 0
40943 0
40942 0
40941 0
40940 0
40939 0
40938 0
40937 0
40936 0
40935 0
40934 0
40933 0
40932 0
40931 0
40930 0
40929 0
40928 0
40927 0
40926 0
40925 0
40924 0
40923 0
40922 0
40921 0
40920 0
40919 0
40918 0
40917 0
40916 0
40915 0
40914 0
40913 0
40912 0
40911 0
40910 0
40909 0
40908 0
40907 0
40906 0
40905 0
40904 0
40903 0
40902 0
40901 0
40900 0
40899 0
40898 0
40897 0
40896 0
40895 0
40894 0
40893 0
40892 0
40891 0
40890 0
40889 0
40888 0
40887 0
40886 0
40885 0
40884 0
40883 0
40882 0
40881 0
40880 0
40879 0
40878 0
40877 0
40876 0
40875 0
40874 0
40873 0
40872 0
40871 0
40870 0
40869 0
40868 0
40867 0
40866 0
40865 0
40864 0
40863 0
40861 0
40860 0
40859 0
40858 0
40857 0
40856 0
40855 0
40854 0
40853 0
40852 0
40851 0
40850 0
40849 0
40848 0
40847 0
40846 0
40845 0
40844 0
40843 0
40842 0
40841 0
40840 0
40839 0
40838 0
40837 0
40836 0
40835 0
40834 0
40833 0
40832 0
40831 0
40830 0
40829 0
40828 0
40827 0
40826 0
40825 0
40824 0
40823 0
40822 0
40821 0
40820 0
40819 0
40818 0
40817 0
40816 0
40815 0
40814 0
40813 0
40812 0
40811 0
40810 0
40809 0
40808 0
40807 0
40806 0
40805 0
40804 0
40803 0
40802 0
40801 0
40800 0
40799 0
40798 0
40797 0
40796 0
40795 0
40794 0
40793 0
40792 0
40791 0
40790 0
40789 0
40788 0
40787 0
40786 0
40785 0
40784 0
40783 0
40782 0
40781 0
40780 0
40779 0
40778 0
40777 0
40776 0
40775 0
40774 0
40773 0
40772 0
40771 0
40770 0
40769 0
40768 0
40767 0
40766 0
40765 0
40764 0
40763 0
40762 0
40761 0
40760 0
40759 0
40758 0
40757 0
40756 0
40755 0
40754 0
40753 0
40752 0
40751 0
40750 0
40749 0
40748 0
40747 0
40746 0
40745 0
40744 0
40743 0
40742 0
40741 0
40740 0
40739 0
40738 0
40737 0
40736 0
40735 0
40734 0
40733 0
40732 0
40731 0
40730 0
40729 0
40728 0
40727 0
40726 0
40725 0
40724 0
40723 0
40722 0
40721 0
40720 0
40719 0
40718 0
40717 0
40716 0
40715 0
40714 0
40713 0
40712 0
40711 0
40710 0
40709 0
40708 0
40707 0
40706 0
40705 0
40704 0
40703 0
40702 0
40701 0
40700 0
40699 0
40698 0
40697 0
40696 0
40695 0
40694 0
40693 0
40692 0
40691 0
40690 0
40689 0
40688 0
40687 0
40686 0
40685 0
40684 0
40683 0
40682 0
40681 0
40680 0
40679 0
40678 0
40677 0
40676 0
40675 0
40674 0
40673 0
40672 0
40671 0
40670 0
40669 0
40668 0
40667 0
40666 0
40665 0
40664 0
