27799 11.4686
13654 6.90016
13916 5.20291
14138 5.14753
5778 3.64439
21801 2.76749
30419 2.65769
2899 2.46606
3541 2.40915
5824 2.16262
35766 2.12857
24239 1.58496
1659 1.49919
16806 1.41506
3852 1.33906
33633 1.3346
2786 1.32505
35734 1.25062
35706 1.20645
10210 1.20072
30476 1.14074
33452 1.10952
28094 1.06907
30425 1.05543
14934 1.02553
22530 0.983537
17137 0.975365
18520 0.922177
28756 0.920631
36313 0.893966
37496 0.889922
12569 0.814991
6041 0.781455
9196 0.751533
27740 0.735148
33256 0.71993
3124 0.714087
17590 0.69742
29586 0.643096
36918 0.630098
16504 0.625
12525 0.624985
27208 0.620117
9553 0.608607
3002 0.605227
40342 0.588906
6592 0.585695
11890 0.583451
30897 0.567464
2027 0.563636
27395 0.540855
25659 0.518056
24344 0.512933
4984 0.508333
21323 0.50761
13507 0.504457
37881 0.491667
36400 0.490069
1610 0.488435
6300 0.483463
31589 0.472222
37027 0.469022
27565 0.467768
38952 0.453359
38262 0.450415
38856 0.448465
39925 0.444528
16298 0.437302
32620 0.43511
38608 0.430556
13382 0.427632
37815 0.425
20928 0.417982
37800 0.414842
29901 0.414544
24957 0.409972
19277 0.408824
34116 0.395127
30847 0.395127
23468 0.395127
18842 0.395127
26476 0.388889
32708 0.386302
3068 0.385714
17033 0.376422
30209 0.372222
40525 0.362745
2631 0.362155
3887 0.362102
28855 0.355556
26928 0.355556
36540 0.355191
24678 0.349339
21889 0.349339
16076 0.348629
1332 0.346465
18561 0.334649
36160 0.333907
25765 0.333333
16117 0.333333
38346 0.32732
27926 0.323928
11393 0.316811
7001 0.315134
38583 0.313636
20177 0.3125
4574 0.304114
2781 0.298963
6518 0.297676
21431 0.296078
416 0.293912
34561 0.291969
19967 0.291667
34579 0.277778
23843 0.27747
22184 0.275402
30417 0.270909
1390 0.267063
31553 0.261111
14604 0.252632
38049 0.25
38345 0.249763
432 0.247381
28880 0.243862
35203 0.238034
30234 0.237542
40655 0.237427
14672 0.233453
12935 0.233333
17312 0.230071
15665 0.230071
830 0.230071
37342 0.229777
4150 0.228788
4361 0.226828
5821 0.226472
16745 0.216923
27033 0.214286
12377 0.211076
10923 0.211076
12922 0.2109
4848 0.208965
32536 0.20873
38118 0.205606
29140 0.205556
35629 0.2
9748 0.2
9357 0.2
860 0.2
12522 0.198465
10 0.198465
31947 0.198083
15562 0.193364
15012 0.188352
24041 0.187576
2484 0.186593
32437 0.186572
12360 0.18656
2877 0.180556
838 0.180162
35463 0.177494
3718 0.177494
22551 0.176367
39172 0.172831
8135 0.172831
18329 0.171245
34169 0.169089
40890 0.168687
39661 0.166667
37597 0.166667
31140 0.166667
28250 0.166667
20007 0.166667
16399 0.166667
14858 0.166667
10991 0.166667
7766 0.166667
6401 0.166667
8828 0.16535
6924 0.16334
37882 0.158874
27349 0.154762
26323 0.149445
14534 0.148256
31537 0.142857
20250 0.142857
17120 0.142677
14489 0.142677
22960 0.139174
35346 0.132381
14133 0.132381
39951 0.129727
19511 0.127872
12451 0.125887
20093 0.125397
34999 0.125
33518 0.125
32886 0.125
29787 0.125
26485 0.125
18531 0.125
14790 0.125
22620 0.123063
1104 0.122401
16787 0.121108
11243 0.121108
34363 0.120455
27190 0.120219
26181 0.120219
11626 0.119749
31582 0.118255
21757 0.117431
11718 0.117431
1965 0.116545
33391 0.11633
26312 0.111255
15495 0.111111
12943 0.111111
7142 0.111111
612 0.111111
34378 0.109821
37233 0.109722
11810 0.109722
37566 0.108081
21830 0.108081
6319 0.108081
19377 0.106589
16283 0.101318
22368 0.100758
40597 0.1
35825 0.1
29768 0.1
26989 0.1
26786 0.1
21076 0.1
20763 0.1
10668 0.1
9583 0.1
5085 0.1
3438 0.1
1378 0.1
21703 0.0992601
18834 0.0992601
8672 0.0992601
34923 0.0987879
7306 0.0987879
1886 0.0987879
29640 0.0971895
34043 0.0963958
8035 0.0963958
23240 0.0948413
29211 0.0936364
27695 0.0936364
8412 0.0936364
5875 0.0923977
448 0.0923977
39290 0.0909091
25826 0.0909091
24943 0.0909091
18063 0.0909091
10505 0.0909091
1599 0.0909091
934 0.0909091
40764 0.0881871
34034 0.0833333
31698 0.0833333
27714 0.0833333
25885 0.0833333
18428 0.0833333
15276 0.0833333
13669 0.0833333
11640 0.0833333
6979 0.0833333
31450 0.0798746
22711 0.0798746
18683 0.0798746
11808 0.0792082
38330 0.0769231
37795 0.0769231
33617 0.0769231
21217 0.0769231
3356 0.0769231
23206 0.0759234
26069 0.0750507
32841 0.0748779
11789 0.0748779
30262 0.0731092
30186 0.0714286
29819 0.0714286
25831 0.0714286
6707 0.0714286
32043 0.0670635
25651 0.0670635
8969 0.0670635
14842 0.0666667
30876 0.0636986
36278 0.0627182
25360 0.0627182
39822 0.0625
21338 0.0625
12289 0.0625
8237 0.0625
7505 0.0625
3877 0.0625
4484 0.0623529
3645 0.0623529
37374 0.0605556
9561 0.0605556
37070 0.0588235
34768 0.0588235
10480 0.0588235
697 0.0588235
35265 0.058655
39791 0.0583749
39155 0.0583749
21861 0.0583749
34911 0.0563106
33267 0.0563106
428 0.0563106
39076 0.0562425
34439 0.0555556
29009 0.0555556
28521 0.0555556
27166 0.0555556
24849 0.0555556
22088 0.0555556
13972 0.0555556
13801 0.0555556
10240 0.0555556
7076 0.0555556
2731 0.0555556
2462 0.0555556
170 0.0555556
24596 0.0538527
4796 0.0538527
39245 0.0526316
31301 0.0526316
28407 0.0526316
19712 0.0526316
13686 0.0526316
12104 0.0526316
3535 0.0526316
39177 0.05
23446 0.05
19079 0.05
17317 0.05
8592 0.05
885 0.05
39400 0.0479435
23089 0.0479435
21189 0.0479435
34315 0.047619
33545 0.047619
33477 0.047619
31352 0.047619
31205 0.047619
23432 0.047619
19038 0.047619
11331 0.047619
36653 0.0454545
21662 0.0454545
19461 0.0454545
18844 0.0454545
18138 0.0454545
8465 0.0454545
6166 0.0454545
6033 0.0454545
4293 0.0454545
350 0.0454545
37142 0.0451557
35525 0.0451557
26832 0.0451557
23370 0.0451557
19379 0.0451557
15225 0.0451557
277 0.0451557
37452 0.0416667
30789 0.0416667
22673 0.0416667
19032 0.0416667
18796 0.0416667
13433 0.0416667
9180 0.0416667
15264 0.0413177
11540 0.0413177
35317 0.04
32374 0.04
18356 0.04
15445 0.04
11559 0.04
7274 0.04
7047 0.04
25504 0.0384615
16047 0.0384615
9197 0.0384615
18558 0.0344828
37502 0.030303
32930 0.030303
19774 0.030303
14158 0.030303
11488 0.030303
10536 0.030303
10022 0.030303
3940 0.030303
3854 0.030303
39894 0.0294118
24963 0.0294118
23056 0.0294118
17318 0.0294118
15255 0.0294118
14036 0.0294118
40649 0.0277778
34687 0.0277778
30793 0.0277778
25334 0.0277778
23894 0.0277778
22097 0.0277778
19695 0.0277778
16097 0.0277778
13628 0.0277778
11804 0.0277778
11434 0.0277778
4872 0.0277778
33829 0.0263158
18803 0.0263158
9179 0.0263158
7255 0.0263158
6243 0.0263158
5743 0.0263158
391 0.0263158
39761 0.025
39671 0.025
35122 0.025
34674 0.025
33046 0.025
32611 0.025
31723 0.025
17786 0.025
16299 0.025
14768 0.025
11714 0.025
5708 0.025
5660 0.025
4189 0.025
2869 0.025
1642 0.025
1410 0.025
32688 0.0232558
28635 0.0232558
24761 0.0232558
24407 0.0232558
23898 0.0232558
23251 0.0232558
21752 0.0232558
12907 0.0232558
7852 0.0232558
7478 0.0232558
7145 0.0232558
4551 0.0232558
2809 0.0232558
2749 0.0232558
987 0.0232558
556 0.0232558
550 0.0232558
40845 0.0222222
39058 0.0222222
37305 0.0222222
36796 0.0222222
27876 0.0222222
26541 0.0222222
25304 0.0222222
19653 0.0222222
18753 0.0222222
17917 0.0222222
16755 0.0222222
15416 0.0222222
13513 0.0222222
12978 0.0222222
9660 0.0222222
9239 0.0222222
6391 0.0222222
1355 0.0222222
294 0.0222222
1 0.0222222
29634 0.0208333
18208 0.0208333
16723 0.0208333
16250 0.0208333
14894 0.0208333
31247 0.0196078
26546 0.0196078
13759 0.0196078
4444 0.0196078
39960 0.0175439
34179 0.0175439
26477 0.0175439
16715 0.0175439
15016 0.0175439
13491 0.0175439
38863 0.0142857
