10923 11.3822
23696 9.58377
34167 6.81606
17687 6.64762
28883 5.73929
9561 5.16071
31301 4.44625
39035 3.47056
9665 2.92395
15599 2.81667
8672 2.66906
17715 2.49448
27373 2.26905
38970 2.19895
24414 2.16591
28054 2.08596
31509 2.08492
22263 2.04405
21911 1.96607
25337 1.96515
34433 1.82543
2840 1.8193
38316 1.7796
30834 1.66012
24812 1.64762
28683 1.61667
37856 1.56111
40883 1.4
2647 1.19405
40310 1.19286
27799 1.10952
32732 1.10119
5440 1.08168
10581 1.06786
28433 1
11537 0.993108
33507 0.969298
2209 0.947222
5383 0.916667
2608 0.886742
20432 0.880159
19198 0.866667
15579 0.833333
10680 0.777778
34311 0.733333
19032 0.733333
37935 0.729167
15644 0.72619
34459 0.7
38253 0.666667
30588 0.65
14322 0.65
5214 0.65
21081 0.644444
19566 0.619048
5748 0.592857
6255 0.575
18361 0.525
35943 0.5
32620 0.489899
40859 0.486742
14226 0.472756
15058 0.452632
25490 0.443541
33185 0.442857
939 0.434524
24017 0.417832
20699 0.417832
26338 0.415909
24550 0.415909
31169 0.402778
1642 0.367857
15411 0.363095
37342 0.361111
19288 0.359524
38449 0.333333
38209 0.333333
33416 0.333333
33267 0.333333
31960 0.333333
27839 0.333333
27734 0.333333
26573 0.333333
26556 0.333333
23773 0.333333
22778 0.333333
21097 0.333333
21075 0.333333
15245 0.333333
14378 0.333333
11697 0.333333
8308 0.333333
3557 0.333333
1313 0.333333
830 0.333333
397 0.333333
15400 0.324242
18469 0.30609
9831 0.299423
37923 0.299145
32885 0.299145
23429 0.272412
30303 0.254555
40886 0.25
39365 0.25
36168 0.25
36062 0.25
34663 0.25
31554 0.25
31030 0.25
27514 0.25
27080 0.25
24282 0.25
23724 0.25
23641 0.25
21962 0.25
19376 0.25
17634 0.25
13028 0.25
10600 0.25
9035 0.25
8000 0.25
4623 0.25
1629 0.25
27819 0.240132
26442 0.216667
40748 0.2
38538 0.2
38309 0.2
37496 0.2
36757 0.2
36428 0.2
35299 0.2
33712 0.2
30638 0.2
29489 0.2
29350 0.2
27786 0.2
26064 0.2
24825 0.2
17312 0.2
17202 0.2
16052 0.2
15227 0.2
14672 0.2
14165 0.2
8731 0.2
7949 0.2
7395 0.2
5485 0.2
5255 0.2
878 0.2
40970 0.166667
40525 0.166667
37876 0.166667
37436 0.166667
34999 0.166667
34971 0.166667
30309 0.166667
28275 0.166667
28094 0.166667
27391 0.166667
24678 0.166667
12528 0.166667
5969 0.166667
2604 0.166667
34768 0.142857
28778 0.142857
27963 0.142857
25286 0.142857
25083 0.142857
23750 0.142857
21711 0.142857
20167 0.142857
14160 0.142857
13157 0.142857
12425 0.142857
7708 0.142857
6983 0.142857
1975 0.142857
919 0.142857
749 0.142857
363 0.142857
39480 0.125
32773 0.125
32303 0.125
30302 0.125
29174 0.125
27044 0.125
23314 0.125
15859 0.125
9958 0.125
6964 0.125
2955 0.125
1828 0.125
39962 0.111111
34274 0.111111
33545 0.111111
30793 0.111111
30242 0.111111
29517 0.111111
27892 0.111111
26750 0.111111
22388 0.111111
18328 0.111111
18100 0.111111
12510 0.111111
10980 0.111111
8662 0.111111
2885 0.111111
28841 0.1
28471 0.1
27410 0.1
22338 0.1
15457 0.1
11989 0.1
5641 0.1
38231 0.0909091
37261 0.0909091
26537 0.0909091
17771 0.0909091
13058 0.0909091
7750 0.0909091
7747 0.0909091
6126 0.0909091
39400 0.0833333
35414 0.0833333
34123 0.0833333
30048 0.0833333
29851 0.0833333
26181 0.0833333
18513 0.0833333
17437 0.0833333
10488 0.0833333
8412 0.0833333
5840 0.0833333
38032 0.0769231
36289 0.0769231
26011 0.0769231
13251 0.0769231
12670 0.0769231
9168 0.0769231
6826 0.0769231
1864 0.0769231
25949 0.0714286
14062 0.0714286
5552 0.0714286
30096 0.0666667
27961 0.0666667
26157 0.0666667
21332 0.0666667
20143 0.0666667
13851 0.0666667
37426 0.0625
35186 0.0625
34401 0.0625
26242 0.0625
26032 0.0625
24034 0.0625
16969 0.0625
10537 0.0625
7472 0.0625
7431 0.0625
6345 0.0625
4304 0.0625
1796 0.0625
35159 0.0526316
27452 0.0526316
16918 0.0526316
1769 0.0526316
39636 0.05
38720 0.05
28864 0.05
15835 0.05
8377 0.05
1017 0.05
35185 0.0454545
34355 0.0454545
33483 0.0454545
32760 0.0454545
29059 0.0454545
27926 0.0454545
24335 0.0454545
21978 0.0454545
21147 0.0454545
20966 0.0454545
12243 0.0454545
9621 0.0454545
8186 0.0454545
7296 0.0454545
7009 0.0454545
40980 0
40979 0
40978 0
40977 0
40976 0
40975 0
40974 0
40973 0
40972 0
40971 0
40969 0
40968 0
40967 0
40966 0
40965 0
40964 0
40963 0
40962 0
40961 0
40960 0
40959 0
40958 0
40957 0
40956 0
40955 0
40954 0
40953 0
40952 0
40951 0
40950 0
40949 0
40948 0
40947 0
40946 0
40945 0
40944 0
40943 0
40942 0
40941 0
40940 0
40939 0
40938 0
40937 0
40936 0
40935 0
40934 0
40933 0
40932 0
40931 0
40930 0
40929 0
40928 0
40927 0
40926 0
40925 0
40924 0
40923 0
40922 0
40921 0
40920 0
40919 0
40918 0
40917 0
40916 0
40915 0
40914 0
40913 0
40912 0
40911 0
40910 0
40909 0
40908 0
40907 0
40906 0
40905 0
40904 0
40903 0
40902 0
40901 0
40900 0
40899 0
40898 0
40897 0
40896 0
40895 0
40894 0
40893 0
40892 0
40891 0
40890 0
40889 0
40888 0
40887 0
40885 0
40884 0
40882 0
40881 0
40880 0
40879 0
40878 0
40877 0
40876 0
40875 0
40874 0
40873 0
40872 0
40871 0
40870 0
40869 0
40868 0
40867 0
40866 0
40865 0
40864 0
40863 0
40862 0
40861 0
40860 0
40858 0
40857 0
40856 0
40855 0
40854 0
40853 0
40852 0
40851 0
40850 0
40849 0
40848 0
40847 0
40846 0
40845 0
40844 0
40843 0
40842 0
40841 0
40840 0
40839 0
40838 0
40837 0
40836 0
40835 0
40834 0
40833 0
40832 0
40831 0
40830 0
40829 0
40828 0
40827 0
40826 0
40825 0
40824 0
40823 0
40822 0
40821 0
40820 0
40819 0
40818 0
40817 0
40816 0
40815 0
40814 0
40813 0
40812 0
40811 0
40810 0
40809 0
40808 0
40807 0
40806 0
40805 0
40804 0
40803 0
40802 0
40801 0
40800 0
40799 0
40798 0
40797 0
40796 0
40795 0
40794 0
40793 0
40792 0
40791 0
40790 0
40789 0
40788 0
40787 0
40786 0
40785 0
40784 0
40783 0
40782 0
40781 0
40780 0
40779 0
40778 0
40777 0
40776 0
40775 0
40774 0
40773 0
40772 0
40771 0
40770 0
40769 0
40768 0
