16390 2.49475
20250 1.80954
25583 1.49978
2675 1.04008
40190 0.945238
27135 0.883157
10299 0.814674
24670 0.733413
16231 0.692763
29401 0.68101
4998 0.625898
25885 0.596104
31047 0.580828
4726 0.567709
23843 0.549219
36889 0.525617
9543 0.509096
34312 0.506066
18428 0.506066
27196 0.456041
26845 0.4462
7370 0.413858
26153 0.391438
12675 0.386447
32668 0.363001
651 0.355011
10804 0.330462
9950 0.326923
16933 0.320687
1847 0.316667
9423 0.28189
7666 0.251578
15777 0.25
9818 0.25
21712 0.244955
14774 0.243541
21689 0.234921
9059 0.234921
8735 0.234921
31972 0.231685
34737 0.221795
1874 0.221795
29158 0.219298
35438 0.215812
32506 0.207935
3111 0.207935
31778 0.207875
29812 0.203175
28500 0.201389
32004 0.2
31153 0.2
34893 0.199145
34404 0.195833
6738 0.194046
3920 0.194046
19032 0.19152
28394 0.188462
22355 0.188462
17295 0.188462
25016 0.17193
225 0.17193
19419 0.167763
25895 0.166667
15593 0.166667
11986 0.166667
23836 0.158187
19820 0.158187
19555 0.149573
21885 0.14787
35832 0.142857
33798 0.142857
27454 0.142857
8591 0.142857
3738 0.142857
645 0.136676
32808 0.135566
26149 0.135566
21288 0.135566
18732 0.134921
33163 0.131997
20875 0.129555
13309 0.129555
27779 0.125
16543 0.125
14788 0.125
35601 0.124747
27379 0.124747
22537 0.124747
9615 0.124747
6049 0.124747
37137 0.1
8807 0.1
8459 0.1
7125 0.1
5820 0.1
4617 0.1
2312 0.1
33233 0.0979853
23024 0.0979853
9074 0.0979853
5484 0.0979853
27746 0.0909091
26070 0.0909091
2985 0.0909091
39936 0.0833333
38055 0.0833333
36455 0.0833333
34510 0.0833333
33952 0.0833333
31969 0.0833333
31239 0.0833333
30384 0.0833333
30045 0.0833333
28034 0.0833333
23520 0.0833333
23268 0.0833333
22763 0.0833333
21735 0.0833333
20008 0.0833333
19259 0.0833333
17263 0.0833333
17252 0.0833333
17083 0.0833333
15634 0.0833333
15408 0.0833333
11184 0.0833333
10831 0.0833333
8662 0.0833333
7640 0.0833333
7223 0.0833333
3200 0.0833333
3093 0.0833333
1885 0.0833333
1666 0.0833333
902 0.0833333
40402 0.0769231
34758 0.0769231
26174 0.0769231
24406 0.0769231
22501 0.0769231
20841 0.0769231
18757 0.0769231
18241 0.0769231
16079 0.0769231
31285 0.0714286
25685 0.0714286
15117 0.0714286
39383 0.0666667
38928 0.0666667
28572 0.0666667
24515 0.0666667
24459 0.0666667
17472 0.0666667
17301 0.0666667
16688 0.0666667
7634 0.0666667
6552 0.0666667
3922 0.0666667
1579 0.0666667
30377 0.0625
25452 0.0625
15443 0.0625
14488 0.0625
13245 0.0625
7709 0.0625
6159 0.0625
507 0.0625
40562 0.0555556
36041 0.0555556
27919 0.0555556
24850 0.0555556
21198 0.0555556
18197 0.0555556
14739 0.0555556
9243 0.0555556
7639 0.0555556
6112 0.0555556
40895 0.0526316
40149 0.0526316
39873 0.0526316
39142 0.0526316
38535 0.0526316
37888 0.0526316
36860 0.0526316
36252 0.0526316
33381 0.0526316
32751 0.0526316
31985 0.0526316
29492 0.0526316
25075 0.0526316
24217 0.0526316
23795 0.0526316
23252 0.0526316
23205 0.0526316
20183 0.0526316
19755 0.0526316
16447 0.0526316
16030 0.0526316
15758 0.0526316
14931 0.0526316
12427 0.0526316
11764 0.0526316
11239 0.0526316
10896 0.0526316
9720 0.0526316
8505 0.0526316
6508 0.0526316
4991 0.0526316
3884 0.0526316
1904 0.0526316
920 0.0526316
73 0.0526316
0 0.0526316
14398 0.05
9320 0.05
7614 0.05
5783 0.05
1239 0.05
1008 0.05
991 0.05
946 0.05
37270 0.047619
32652 0.047619
28769 0.047619
17173 0.047619
15605 0.047619
14633 0.047619
13635 0.047619
11122 0.047619
9324 0.047619
4471 0.047619
38632 0.0384615
38442 0.0384615
34915 0.0384615
34076 0.0384615
24067 0.0384615
20013 0.0384615
18588 0.0384615
18269 0.0384615
17353 0.0384615
16817 0.0384615
12706 0.0384615
11497 0.0384615
9334 0.0384615
39395 0.0357143
27523 0.0357143
25179 0.0357143
24283 0.0357143
13052 0.0357143
12494 0.0357143
12020 0.0357143
9331 0.0357143
8507 0.0357143
32035 0.030303
23196 0.030303
20929 0.030303
20397 0.030303
16831 0.030303
12278 0.030303
10251 0.030303
9885 0.030303
6547 0.030303
4018 0.030303
3226 0.030303
36147 0.0277778
35792 0.0277778
35404 0.0277778
34520 0.0277778
31366 0.0277778
28551 0.0277778
26399 0.0277778
25056 0.0277778
24970 0.0277778
24894 0.0277778
22122 0.0277778
22095 0.0277778
14583 0.0277778
12956 0.0277778
12282 0.0277778
10480 0.0277778
5371 0.0277778
3317 0.0277778
2669 0.0277778
37211 0.0238095
33081 0.0238095
31235 0.0238095
30294 0.0238095
25535 0.0238095
25317 0.0238095
16313 0.0238095
13246 0.0238095
10061 0.0238095
9596 0.0238095
6611 0.0238095
4472 0.0238095
3597 0.0238095
2350 0.0238095
1589 0.0238095
1099 0.0238095
40980 0
40979 0
40978 0
40977 0
40976 0
40975 0
40974 0
40973 0
40972 0
40971 0
40970 0
40969 0
40968 0
40967 0
40966 0
40965 0
40964 0
40963 0
40962 0
40961 0
40960 0
40959 0
40958 0
40957 0
40956 0
40955 0
40954 0
40953 0
40952 0
40951 0
40950 0
40949 0
40948 0
40947 0
40946 0
40945 0
40944 0
40943 0
40942 0
40941 0
40940 0
40939 0
40938 0
40937 0
40936 0
40935 0
40934 0
40933 0
40932 0
40931 0
40930 0
40929 0
40928 0
40927 0
40926 0
40925 0
40924 0
40923 0
40922 0
40921 0
40920 0
40919 0
40918 0
40917 0
40916 0
40915 0
40914 0
40913 0
40912 0
40911 0
40910 0
40909 0
40908 0
40907 0
40906 0
40905 0
40904 0
40903 0
40902 0
40901 0
40900 0
40899 0
40898 0
40897 0
40896 0
40894 0
40893 0
40892 0
40891 0
40890 0
40889 0
40888 0
40887 0
40886 0
40885 0
40884 0
40883 0
40882 0
40881 0
40880 0
40879 0
40878 0
40877 0
40876 0
40875 0
40874 0
40873 0
40872 0
40871 0
40870 0
40869 0
40868 0
40867 0
40866 0
40865 0
40864 0
40863 0
40862 0
40861 0
40860 0
40859 0
40858 0
40857 0
40856 0
40855 0
40854 0
40853 0
40852 0
40851 0
40850 0
40849 0
40848 0
40847 0
40846 0
40845 0
40844 0
40843 0
40842 0
40841 0
40840 0
40839 0
40838 0
40837 0
40836 0
40835 0
40834 0
40833 0
40832 0
40831 0
40830 0
40829 0
40828 0
40827 0
40826 0
40825 0
40824 0
40823 0
40822 0
40821 0
40820 0
40819 0
40818 0
40817 0
40816 0
40815 0
40814 0
40813 0
40812 0
40811 0
40810 0
40809 0
40808 0
40807 0
40806 0
40805 0
40804 0
40803 0
40802 0
40801 0
40800 0
40799 0
40798 0
40797 0
40796 0
40795 0
40794 0
40793 0
40792 0
40791 0
40790 0
40789 0
40788 0
40787 0
40786 0
40785 0
40784 0
40783 0
40782 0
40781 0
40780 0
40779 0
