34116 268.034
35766 253.368
27799 245.359
17312 215.803
13654 214.282
830 208.832
36400 168.697
35525 146.234
5821 145.928
30847 112.342
24239 107.541
33267 103.675
23468 95.5675
14138 94.8017
12569 85.5099
39951 80.8015
13916 80.2478
4872 76.9901
26476 72.1549
35734 68.976
11626 65.8476
16298 62.6722
27926 59.0575
15225 49.6297
37342 45.4433
27395 44.8271
14672 42.3157
29551 42.1068
2885 41.792
18555 40.8456
37496 38.4115
37027 37.7524
24596 36.5834
12525 35.6115
36313 35.4729
2781 35.0917
26181 34.7417
15665 33.9012
39960 32.8332
2484 31.8081
5778 31.2771
1659 30.633
26786 29.7758
10210 29.0079
32620 27.9397
18520 27.8204
18834 27.5666
33545 27.2682
39172 27.0101
27190 25.9351
37340 25.5221
22405 25.5209
6979 25.3175
13759 24.4968
9553 23.8008
35317 23.2346
9196 22.9095
27863 22.1817
32688 22.0993
31553 21.4225
39791 21.4158
11243 21.3937
40342 21.2459
3852 21.0604
6592 20.9694
432 20.9396
16806 20.7482
8224 20.7111
8035 20.6307
3940 20.1153
31947 20.1007
34999 19.6784
17393 19.4467
26546 19.2121
18329 19.1634
17137 19.1431
35706 19.0924
14534 18.6163
35265 18.4857
34911 17.4548
7145 17.2402
697 17.115
30793 17.0097
28106 16.9447
24902 16.9339
16745 16.8464
6041 16.3326
36952 16.0357
40890 15.8533
22711 15.6446
6924 15.1801
37882 15.1368
25765 14.4234
16723 14.228
29640 14.2109
14943 13.8861
6033 13.7294
21703 13.6604
21889 13.5891
7921 13.1575
36918 12.9193
3356 12.8909
7306 12.6057
4994 12.4738
31301 12.4493
3541 12.3001
24678 12.2287
23886 11.8842
26410 11.8097
28094 11.3597
2786 11.3549
11113 11.2316
23432 11.1442
1760 10.9181
34768 10.8876
30425 10.58
27349 10.4914
9180 10.4913
31582 10.4496
30897 10.375
13628 10.2594
37374 10.1248
4761 10.0883
14934 9.90702
22184 9.90032
17583 9.89763
3887 9.87587
2877 9.83219
35082 9.75454
38118 9.69059
15467 9.63997
29634 9.26641
38952 9.19907
24591 9.12286
5824 9.01535
26512 8.82455
21338 8.81901
38468 8.81746
2262 8.78449
37546 8.6768
7624 8.60988
4551 8.49619
34561 8.32092
23843 8.14549
12451 7.99907
32043 7.95747
630 7.90897
15276 7.88059
40525 7.87049
12110 7.79662
550 7.79462
7536 7.77683
17921 7.62046
9197 7.60754
3124 7.54475
35346 7.51417
13337 7.41568
7312 7.33329
19967 7.32616
29875 7.31671
21323 7.28447
14133 7.26099
391 7.08017
20286 7.04703
7076 6.94792
25065 6.90171
23370 6.87733
18356 6.83294
33477 6.75049
2899 6.70455
5293 6.53092
13507 6.51406
468 6.45413
6992 6.41869
10601 6.41816
8672 6.36848
12449 6.33477
4189 6.19404
8828 6.16747
8412 6.16429
15012 6.14134
4539 6.00311
21861 5.9967
30186 5.97845
20177 5.9577
448 5.94647
33227 5.88656
19517 5.88162
26832 5.8225
8237 5.81223
23446 5.80786
19032 5.79676
16076 5.64298
35193 5.63325
30419 5.62351
25614 5.57769
22530 5.57616
7274 5.53085
33452 5.53075
39925 5.52896
38956 5.4399
2168 5.42204
16395 5.33457
4112 5.29257
16097 5.26563
22368 5.19587
12377 5.16258
4467 5.11637
36661 5.02997
12935 5.00726
20007 5.00449
30209 4.98729
38346 4.98679
23898 4.97136
23163 4.89823
21217 4.85147
21601 4.71166
36796 4.69921
27740 4.60692
37795 4.5699
21189 4.52195
7852 4.48717
16283 4.47088
33633 4.46701
11559 4.42121
11393 4.41443
38863 4.40954
38583 4.34165
26095 4.2988
21813 4.29265
7807 4.25644
20099 4.25289
6518 4.24732
21757 4.23489
22960 4.18332
2585 4.16034
19379 4.10936
37502 4.10607
27166 4.10104
19527 4.0873
17154 4.08638
19253 4.07858
25360 4.07067
18531 4.06267
29140 3.99048
32552 3.91722
11789 3.91222
3068 3.88994
32930 3.87661
24041 3.87456
26477 3.86732
17590 3.85333
28110 3.83536
21932 3.82494
36160 3.81868
22388 3.78281
30318 3.77337
2951 3.72468
39962 3.72467
10 3.71102
3002 3.69935
26541 3.67984
29237 3.65661
40861 3.64791
22313 3.64705
20704 3.64427
39383 3.63841
1830 3.61628
31136 3.58202
16222 3.54568
20569 3.52669
25826 3.5103
15416 3.50554
6336 3.50233
9010 3.42079
10480 3.37005
36528 3.35854
15264 3.34494
4484 3.34222
37750 3.33298
39183 3.30602
3535 3.29579
19277 3.26217
34123 3.20485
16947 3.19813
21801 3.19729
9592 3.19218
19774 3.17988
3854 3.16408
23206 3.15905
23251 3.12733
19580 3.12712
315 3.12103
1 3.10604
12989 3.05793
24224 3.03731
19511 2.98414
32324 2.98209
6300 2.97223
3877 2.95655
19684 2.9144
31140 2.91089
22594 2.90647
39671 2.8304
3911 2.82522
16250 2.78406
28756 2.78095
38856 2.76969
19313 2.76224
8592 2.75686
33256 2.756
11804 2.74957
576 2.72284
28617 2.66517
10923 2.64723
15826 2.62618
15669 2.60732
31260 2.57359
4023 2.56619
38864 2.55003
26323 2.53152
170 2.5272
1410 2.51421
3018 2.49899
32611 2.49579
543 2.48702
21978 2.47284
3821 2.46274
39155 2.4381
14318 2.43468
25659 2.42832
26069 2.40167
885 2.3504
2069 2.32632
34043 2.32139
21348 2.31295
1462 2.29276
18331 2.27897
3507 2.27816
13655 2.25348
31564 2.25196
35029 2.25086
7001 2.22983
20928 2.20087
9239 2.15576
31589 2.13341
30417 2.12653
7245 2.1151
5709 2.09335
21752 2.09111
34923 2.09082
16504 2.09079
34998 2.0902
31938 2.08854
8652 2.08197
27161 2.07578
13937 2.07215
37233 2.05958
32708 2.05624
32536 2.05177
14015 2.04011
24063 2.03803
19079 2.03412
2869 2.032
37070 2.02048
20093 2.0177
35014 2.00316
416 2.00289
14858 2.00133
9665 1.99224
5085 1.99152
17710 1.9694
24825 1.96141
21186 1.9538
4900 1.94868
17068 1.94309
29946 1.93667
35194 1.93498
32886 1.9314
19712 1.91494
34835 1.91209
32294 1.91013
38500 1.87268
5558 1.86993
39245 1.86468
13120 1.85544
17846 1.83332
18328 1.82381
36259 1.81821
32327 1.81619
37597 1.81219
31352 1.79097
25651 1.78975
29745 1.78142
15056 1.76859
12766 1.7684
12952 1.76564
33458 1.75952
9994 1.74334
35203 1.74306
33391 1.73782
23696 1.73408
11718 1.72634
16715 1.70694
16001 1.6771
29782 1.67122
36278 1.66459
8913 1.65388
2697 1.64701
29211 1.6418
5875 1.63263
7412 1.62501
25479 1.62346
10253 1.61661
36540 1.61619
3645 1.61591
12522 1.59831
1886 1.56846
6563 1.5563
24073 1.54954
5937 1.54179
200 1.54082
15075 1.53654
25900 1.53392
9001 1.53143
12893 1.52718
1346 1.52254
25831 1.51855
17412 1.51793
7142 1.50708
27796 1.50662
33028 1.50153
16181 1.49325
38360 1.48333
2752 1.48158
32544 1.48063
5481 1.48046
7096 1.47651
35978 1.47466
40204 1.47257
13283 1.47203
17356 1.46801
15519 1.42924
13433 1.41683
33108 1.41253
428 1.39048
37800 1.38658
32885 1.38562
39472 1.38549
31184 1.37857
27947 1.37789
40597 1.37024
15255 1.36407
29586 1.35765
34385 1.34567
13658 1.34507
28651 1.34397
37729 1.34301
15476 1.34085
12788 1.34008
27033 1.33285
31858 1.33269
22170 1.33068
18293 1.32712
129 1.32067
4054 1.31512
1610 1.31233
4361 1.30016
3030 1.29301
24368 1.2848
36615 1.27975
14768 1.27761
9680 1.27735
7008 1.27727
6140 1.27528
34439 1.2718
3583 1.25089
6801 1.2437
2749 1.23778
12118 1.23313
23442 1.23104
8212 1.22021
38345 1.2164
12910 1.21051
6058 1.20804
3622 1.20731
11863 1.20587
39947 1.19086
27989 1.19086
34663 1.19066
26862 1.18288
40165 1.18044
11469 1.17282
29851 1.17005
5519 1.1698
21785 1.15882
18561 1.15615
1791 1.15447
11488 1.15434
27388 1.15334
