19032 291.548
28345 122.366
24002 109.803
16789 92.0081
38906 78.3987
2560 71.303
30916 71.0626
16968 65.739
22656 54.3333
543 53.0268
25780 31.5533
8672 31.2607
25155 30.8321
1026 21.7634
6563 21.2346
23368 18.4288
1247 18.415
23696 17.0074
11173 15.9352
18328 15.5761
25288 15.2303
27239 15.0915
19800 14.5868
25668 12.021
20541 12.014
20845 11.9233
12747 11.9092
31301 10.6963
8943 10.5624
30038 10.5476
9665 10.4252
15231 9.74551
23603 9.60709
14690 9.23664
17696 8.58293
40883 8.141
12701 7.74053
24740 7.62248
22594 7.39994
36180 6.90731
15898 6.70867
13689 6.2108
7250 6.20942
33387 6.10723
5869 5.89738
27799 5.80447
33025 5.78577
28248 5.76038
32888 5.71938
31806 5.52936
8136 5.52433
16716 5.51417
23843 5.17051
38391 5.09562
28213 5.03838
19262 4.9604
33456 4.91552
39586 4.84645
66 4.80897
21911 4.65962
29793 4.53635
3936 4.45503
31509 4.29661
31880 4.25522
10923 4.12569
34340 4.03077
32885 3.96502
20347 3.81759
20500 3.7404
13043 3.17545
23724 3.13095
33857 3.09286
20410 3.04129
36388 3.03449
20250 2.978
25181 2.93337
10761 2.92721
15830 2.66425
14518 2.65275
7721 2.6395
31952 2.58569
20808 2.56897
2885 2.56166
987 2.53126
2831 2.49772
25745 2.4944
27769 2.4417
30622 2.40718
40136 2.39693
22935 2.343
32473 2.34286
11182 2.24127
25678 2.19422
1975 2.17521
38336 2.13129
37924 2.10119
4512 2.09492
2647 2.0849
27787 2.07211
31206 2.06904
38171 2.06187
23729 2.02142
878 2.01833
13309 2.01789
9107 1.97931
11565 1.96615
36828 1.95144
16070 1.9403
1002 1.90549
35445 1.88449
28997 1.87604
9205 1.85182
21341 1.84348
25776 1.83166
5087 1.80469
31283 1.79225
9561 1.77444
27923 1.7621
28835 1.74873
17989 1.73258
11966 1.73197
39932 1.72496
35060 1.70435
34351 1.67522
7658 1.67286
22979 1.66639
19430 1.6494
27167 1.60853
786 1.56648
27514 1.53715
9767 1.52428
7728 1.50103
30567 1.49761
37711 1.46677
15400 1.46429
31329 1.45679
36549 1.43359
39916 1.42728
36189 1.42225
17720 1.41571
22461 1.40278
11385 1.37835
17312 1.37354
2580 1.34998
925 1.34811
40455 1.33871
22476 1.32373
22976 1.32094
3573 1.30538
35123 1.30177
17368 1.29292
18950 1.27778
17859 1.27485
1466 1.27312
25704 1.26
19882 1.24551
16652 1.2373
19678 1.22916
8407 1.22852
12986 1.21872
1346 1.21231
16017 1.20226
40215 1.17264
16696 1.16381
33895 1.14218
865 1.13729
16094 1.1247
23090 1.11722
8027 1.11667
24598 1.11558
24414 1.10776
34851 1.10476
34768 1.10238
22613 1.10229
8718 1.09579
22795 1.09479
26650 1.08153
5693 1.06632
7434 1.0631
2209 1.05696
39277 1.04924
27518 1.04598
31324 1.04285
26926 1.04061
13197 1.03376
26385 1.02536
38077 1.0223
31139 1.02146
186 1.01624
26696 1.01427
15225 1.01294
2329 1.00278
26152 1
39830 0.99109
32620 0.986305
9254 0.98425
8676 0.97619
4869 0.975772
6119 0.97295
25467 0.97105
8703 0.969444
34776 0.965141
23706 0.956494
40165 0.948629
33267 0.934657
8514 0.930188
13432 0.929414
38535 0.924431
15791 0.924088
34433 0.923353
38456 0.918692
17634 0.917379
5318 0.913532
39962 0.913128
29580 0.911011
18878 0.90988
27595 0.90798
37613 0.901617
34840 0.894659
10805 0.890045
20686 0.888984
24825 0.877233
40967 0.876924
7257 0.872245
2727 0.871256
15656 0.862424
40166 0.853381
35346 0.845238
38970 0.835427
6274 0.833333
7236 0.831159
31059 0.82846
13395 0.823352
2840 0.814008
17335 0.808558
23764 0.803182
24257 0.793578
22731 0.788849
10300 0.778176
34459 0.7743
35303 0.768308
13654 0.764225
22709 0.763501
5390 0.763247
9337 0.7625
357 0.761866
10361 0.760922
12714 0.74191
10254 0.738889
26755 0.737649
36585 0.735968
19566 0.735689
27963 0.733582
37663 0.730952
5214 0.72619
36899 0.72619
40915 0.720353
34422 0.718926
5750 0.718688
29174 0.705343
37888 0.7
10480 0.7
40012 0.699082
29831 0.698925
14544 0.694444
23774 0.687278
32 0.683333
35352 0.673231
20980 0.673208
38566 0.669913
31586 0.666667
24866 0.666667
13194 0.660256
31399 0.658155
32048 0.657337
6262 0.654004
6983 0.653409
34000 0.646432
1704 0.645982
4113 0.642747
39812 0.641674
7641 0.630545
17324 0.622024
26069 0.619048
1642 0.613692
13635 0.611111
4405 0.602564
1508 0.601768
9326 0.596996
33823 0.592857
20587 0.592857
9371 0.592857
18881 0.586601
11252 0.583333
52 0.579342
28031 0.577383
38125 0.575997
20737 0.575397
32344 0.574102
34981 0.5696
22681 0.569414
23859 0.568056
32199 0.561111
14430 0.558584
27506 0.547857
13252 0.547518
31428 0.547418
15781 0.546349
20273 0.543126
32209 0.538906
27766 0.535714
10911 0.53404
22711 0.533491
24239 0.53307
32203 0.523669
20432 0.520501
22879 0.518492
10447 0.518388
4129 0.516667
32229 0.514572
26599 0.513712
25337 0.509244
4533 0.504894
35264 0.502964
13874 0.501149
4278 0.500939
16465 0.4992
26498 0.494998
13809 0.494985
20890 0.488505
16390 0.486111
23386 0.48541
19730 0.485038
32390 0.483766
10400 0.482989
16987 0.482767
11580 0.480745
40340 0.477778
20936 0.477201
2370 0.474328
33185 0.464281
17715 0.464281
29102 0.461111
35676 0.459733
29340 0.459524
22531 0.459524
23568 0.458333
11046 0.456744
22424 0.455357
37184 0.452632
12054 0.452632
27822 0.452381
39791 0.449282
5293 0.449282
29275 0.444361
20351 0.443677
16112 0.443478
32255 0.442857
10578 0.440682
21859 0.436667
16845 0.436111
6294 0.435534
39977 0.431825
24382 0.427813
20489 0.427813
20229 0.427813
18274 0.427813
17075 0.427813
10731 0.427813
6096 0.427813
5663 0.427813
5153 0.427813
15494 0.425968
5633 0.424956
7507 0.424832
6255 0.423611
11113 0.421544
35755 0.419298
21183 0.414286
37372 0.413743
28921 0.407576
21926 0.404762
6644 0.403704
6583 0.402898
8433 0.402163
30054 0.401923
12516 0.400433
2390 0.4
17687 0.399629
38322 0.397642
1594 0.395023
8508 0.393927
8152 0.393303
39695 0.391359
8006 0.391359
20478 0.39049
30377 0.389051
20829 0.38537
34311 0.380952
627 0.375235
29943 0.373142
36005 0.371739
22149 0.371073
34129 0.367857
27453 0.367523
28163 0.366848
13810 0.365289
7387 0.359504
17343 0.352201
8921 0.35049
17522 0.35032
9747 0.349964
32651 0.348381
35063 0.344444
22184 0.343929
29519 0.343523
4770 0.340523
37935 0.335189
15159 0.335138
31498 0.333929
29686 0.333766
39623 0.333333
39559 0.333333
36528 0.333333
29978 0.333333
28594 0.333333
21669 0.333333
20161 0.333333
12180 0.333333
11749 0.333333
8186 0.333333
7774 0.333333
311 0.330217
32961 0.328704
5809 0.328655
499 0.328655
21983 0.32702
9466 0.325397
36809 0.324189
26407 0.320635
39884 0.320074
32301 0.318396
36823 0.316757
13080 0.316468
24013 0.316017
17487 0.315696
12758 0.315476
28956 0.315425
8531 0.313406
13328 0.31087
31759 0.309524
23228 0.308678
4785 0.308081
6566 0.307143
40533 0.304604
28941 0.303968
1274 0.30001
16675 0.299537
29777 0.298979
3025 0.297749
28010 0.296429
12757 0.295756
28444 0.295455
29570 0.295043
32992 0.29259
38300 0.292247
22893 0.291367
24662 0.291209
24028 0.291044
8465 0.291044
3417 0.288889
25444 0.288406
17277 0.287828
32303 0.2875
19198 0.287037
32933 0.286447
82 0.286376
29075 0.285714
28476 0.284722
25584 0.284722
35313 0.284524
33825 0.283778
685 0.283766
39848 0.28359
23154 0.279732
8867 0.279732
38571 0.279315
7692 0.279315
2104 0.279315
1215 0.279315
8237 0.277857
29401 0.275
31496 0.273705
29329 0.273611
40636 0.271866
29369 0.267104
17301 0.266024
15599 0.265541
19739 0.263179
39947 0.261905
