13654 15.3257
27799 13.485
17312 12.4092
2885 9.98334
35766 9.7961
35734 9.69363
27926 9.47955
36952 9.40477
14138 8.84416
22405 7.42038
3940 7.19904
31140 6.23314
30793 5.79711
31947 5.69199
40890 5.40826
9823 5.25418
12569 5.04868
24239 4.55371
18834 4.3103
27863 4.17442
35346 4.0828
16723 3.92387
22313 3.90954
16047 3.86064
34999 3.5883
7076 3.47043
13916 3.37246
28094 3.32669
8035 3.28157
18520 3.27231
830 3.18268
6979 3.09854
16806 3.05662
5778 2.96954
4994 2.84588
24678 2.83312
224 2.75945
6592 2.74769
35317 2.73272
1610 2.53138
12766 2.44384
16298 2.43417
6041 2.41551
32536 2.24379
21978 2.22339
40342 2.18459
33267 2.10053
25651 2.08374
2484 2.06063
18138 2.01111
4296 1.97896
4551 1.9699
32043 1.9415
25614 1.93854
35463 1.90014
29551 1.89921
39791 1.89031
16283 1.87575
26786 1.85178
22711 1.7961
37374 1.75998
26541 1.75112
9196 1.74212
28106 1.73757
33633 1.69721
25065 1.65077
29237 1.64216
29634 1.62444
26095 1.62035
11393 1.60073
30425 1.58898
37546 1.58366
36400 1.56965
18435 1.54651
23843 1.54504
21889 1.54355
12723 1.53535
25765 1.53493
16001 1.52803
19032 1.52431
23446 1.50582
22184 1.46401
11626 1.44815
1791 1.43867
34768 1.40962
24596 1.40949
33545 1.38129
32708 1.36761
3852 1.33401
34565 1.31603
27740 1.28117
23240 1.27768
39962 1.27714
19517 1.24529
35063 1.22498
550 1.21402
23218 1.20698
2869 1.19239
39383 1.16897
26181 1.14314
37027 1.13736
25885 1.13095
18428 1.13095
18328 1.11944
16097 1.10485
1410 1.09074
170 1.08756
38856 1.08235
30636 1.07001
22530 1.06951
16779 1.06884
7592 1.06477
9553 1.05523
12110 1.05352
20007 1.05039
40204 1.01835
10923 1.01429
7523 1.01111
6140 1.0076
21703 1.0052
27033 1.00362
14546 0.994321
6298 0.988263
24902 0.967547
15276 0.95299
15054 0.942659
20099 0.919816
22088 0.913626
39596 0.913581
25360 0.897997
28381 0.893572
16233 0.890978
13628 0.884649
35974 0.882128
21323 0.86752
30847 0.852345
35185 0.851948
37882 0.849851
3541 0.81848
2781 0.812563
37340 0.805369
9283 0.799675
4444 0.789868
14894 0.770635
13769 0.758404
14133 0.733338
22218 0.731755
4361 0.72626
8412 0.718774
1965 0.717077
432 0.715142
36918 0.714323
8828 0.700217
36313 0.69937
6319 0.699123
20835 0.697738
35717 0.697348
32620 0.689301
39951 0.684071
37496 0.678552
39894 0.67676
33256 0.672392
36673 0.661604
8427 0.658333
7852 0.6573
20928 0.65144
6033 0.646946
31582 0.644434
2154 0.642298
21217 0.63126
9197 0.631251
31589 0.625474
23432 0.62445
3854 0.618867
9665 0.616667
6518 0.601185
12922 0.595729
3713 0.594961
38956 0.59339
6830 0.591078
2310 0.589889
39619 0.58648
40525 0.580434
36486 0.575931
22048 0.566514
10210 0.565662
556 0.557079
38118 0.54982
3583 0.540909
2786 0.532381
22594 0.532352
16913 0.53125
18555 0.523428
15416 0.521401
312 0.520528
12393 0.517332
16076 0.513064
14534 0.509804
15014 0.508333
16504 0.506258
11876 0.505618
3535 0.503968
10575 0.503451
31553 0.496505
29030 0.495846
26476 0.495133
14672 0.491131
35825 0.489301
28756 0.488689
9527 0.488432
30419 0.485736
24400 0.484954
30676 0.482917
3002 0.480332
17154 0.479731
34116 0.476309
12893 0.467684
5660 0.461111
3561 0.460517
40165 0.460079
27166 0.459316
11331 0.457778
34043 0.454707
6924 0.453005
2542 0.438737
22787 0.434483
7312 0.433644
39671 0.433333
3356 0.430817
328 0.430777
20166 0.428571
31367 0.427027
938 0.426233
21348 0.424172
35099 0.422685
10878 0.422222
39472 0.419935
40314 0.414706
17137 0.411659
14734 0.404616
12104 0.404457
6654 0.404457
2638 0.402381
33452 0.398925
17412 0.397192
38608 0.393493
26601 0.392857
39947 0.390177
13120 0.383257
12695 0.379031
29140 0.377488
37881 0.376223
1760 0.375763
14858 0.375554
3887 0.374989
38762 0.371795
17785 0.369562
37070 0.367509
32885 0.365079
110 0.364992
391 0.361799
40882 0.357143
34123 0.354762
37672 0.353795
25304 0.353571
23468 0.35162
8672 0.348288
21801 0.344257
5974 0.342231
13669 0.340376
8237 0.339816
7536 0.339528
5561 0.339286
29225 0.33839
29077 0.336761
26375 0.335165
17164 0.333333
12541 0.333333
4848 0.333333
3217 0.333333
294 0.333333
13513 0.32824
15264 0.32788
306 0.327363
6336 0.324298
13670 0.321981
8264 0.321534
10253 0.321403
18248 0.320238
25385 0.3171
576 0.3171
15669 0.316718
12525 0.315513
11909 0.310672
5293 0.308883
26832 0.308041
39661 0.307265
36796 0.306931
31744 0.30477
16395 0.301289
8212 0.299762
2899 0.298459
22057 0.290476
29901 0.287642
17943 0.285714
17583 0.285625
2837 0.284476
5085 0.279717
27989 0.27703
11080 0.27703
31649 0.276432
29073 0.275261
483 0.271392
30168 0.269593
27395 0.268496
26195 0.267835
8615 0.266966
19391 0.263665
14769 0.263251
19253 0.257576
9180 0.254488
4189 0.252946
37342 0.252853
32930 0.251569
37158 0.25
21393 0.25
18963 0.25
16181 0.25
13766 0.25
13129 0.25
9561 0.25
30209 0.249423
28617 0.247733
39155 0.247381
17921 0.243825
37778 0.24359
19580 0.243314
1 0.241529
24591 0.241241
29851 0.240943
4625 0.240132
90 0.237637
23251 0.235177
10 0.234499
31352 0.234276
15012 0.231685
21757 0.230077
25568 0.227274
33028 0.22711
33653 0.224234
9319 0.220513
35014 0.219039
39925 0.214557
2218 0.214557
32788 0.211988
39859 0.211522
2797 0.210119
7807 0.209791
32544 0.209325
39400 0.208167
36239 0.207834
29285 0.202901
26546 0.202831
13507 0.20212
33119 0.201981
22673 0.201923
14318 0.201105
39551 0.2
37102 0.2
36154 0.2
30216 0.2
29902 0.2
29762 0.2
25225 0.2
22469 0.2
21815 0.2
20864 0.2
15709 0.2
9894 0.2
9592 0.2
5719 0.19959
24224 0.199457
16250 0.198626
38583 0.198227
8969 0.198026
12377 0.197232
11077 0.196733
35793 0.191912
3162 0.191871
8592 0.18984
19647 0.189639
24505 0.18804
23439 0.187187
40870 0.186508
14943 0.185851
2813 0.182332
24825 0.181548
18383 0.177961
39640 0.177761
24368 0.177538
39172 0.176923
21343 0.176923
22388 0.176923
7175 0.176681
5821 0.17646
18329 0.175874
15022 0.174048
34664 0.173726
29875 0.171765
17105 0.171727
2585 0.170966
3068 0.169856
15010 0.169766
32886 0.169643
27486 0.167946
24957 0.167488
3821 0.167262
40915 0.166667
34312 0.166667
20152 0.166667
13832 0.166667
12844 0.166667
9423 0.166667
8177 0.166667
6707 0.166667
5448 0.166667
4292 0.166667
2631 0.166667
15665 0.16431
26323 0.162844
12090 0.162187
4484 0.161385
12185 0.160457
25076 0.157747
16924 0.157747
32324 0.157299
21000 0.157084
34911 0.153175
4872 0.153175
23089 0.151344
26854 0.149867
34561 0.149674
33391 0.149338
27865 0.148759
1599 0.148443
37142 0.148085
28964 0.147614
15225 0.145999
27675 0.145833
5479 0.145588
23894 0.144107
37958 0.142857
35086 0.142857
32573 0.142857
26900 0.142857
25285 0.142857
20084 0.142857
13126 0.142857
10991 0.142857
10802 0.142857
9199 0.142857
6166 0.142857
2510 0.142857
427 0.141884
30715 0.141667
4852 0.141667
29091 0.14152
16557 0.141403
29455 0.141223
27161 0.141223
15567 0.141071
612 0.140842
33942 0.140276
32688 0.139881
20977 0.139683
37689 0.139652
31858 0.138228
13337 0.137797
17492 0.137693
2863 0.137544
468 0.137387
6992 0.136134
31537 0.135793
11810 0.133704
30186 0.133631
28655 0.132941
1966 0.13185
34385 0.131335
38772 0.131146
7937 0.130496
28424 0.130072
19576 0.129472
18810 0.129472
37233 0.129071
23455 0.128781
37898 0.128363
3718 0.127818
5519 0.125499
31818 0.125
30439 0.125
