27799 9.45082
13654 6.10194
35766 2.76753
36400 2.70438
17312 2.51732
30793 1.95188
1659 1.81851
12569 1.76474
26476 1.55586
15012 1.3
35317 1.1829
13120 1.14249
4112 1.08875
2885 1.08542
37027 0.949989
29923 0.934814
21889 0.863339
8035 0.808949
11626 0.751582
31947 0.740824
40342 0.74005
2899 0.717466
35734 0.696448
18520 0.692111
39962 0.678062
24239 0.647827
34116 0.632961
39791 0.631604
5875 0.61911
28094 0.617373
1610 0.599403
2484 0.5961
7145 0.586518
29640 0.585414
19580 0.581752
38608 0.579251
35706 0.568137
39172 0.52265
27926 0.52126
16283 0.515145
30847 0.505772
37496 0.502359
19379 0.467241
14138 0.463313
38118 0.452756
16806 0.45202
15225 0.45202
31260 0.445455
10210 0.440626
6041 0.435971
27190 0.4328
37374 0.431826
16298 0.42676
556 0.414202
37342 0.403539
29851 0.402842
22184 0.395686
33267 0.393182
13916 0.381167
30419 0.373575
830 0.358333
3852 0.357098
15255 0.333333
9197 0.332229
17583 0.327706
33477 0.316468
21757 0.313737
39743 0.309848
19517 0.309249
16233 0.305556
8828 0.305357
36918 0.302389
22313 0.300064
24678 0.297175
9196 0.28965
33633 0.287078
6592 0.287078
31553 0.285998
4054 0.276478
2585 0.274147
15467 0.272024
31938 0.270167
40165 0.25
25049 0.25
22088 0.25
25360 0.249612
39661 0.247091
6138 0.2436
11863 0.233515
27863 0.228687
13628 0.228687
22405 0.215591
15276 0.214106
17154 0.204693
6518 0.204693
21703 0.202295
13507 0.201015
7852 0.2
4855 0.2
21323 0.197388
3541 0.19375
35063 0.181789
26095 0.177778
38856 0.176923
36313 0.166667
30977 0.166667
17393 0.166667
5693 0.166667
19424 0.166658
13337 0.165809
3940 0.165809
30209 0.161518
3637 0.159483
34123 0.15448
12525 0.15353
32552 0.151593
17710 0.151593
32324 0.148239
16913 0.148239
37597 0.146749
37196 0.146612
37502 0.146126
25659 0.146126
37077 0.142857
33017 0.142857
29687 0.142857
27161 0.142857
20823 0.142857
19656 0.142857
2873 0.142857
416 0.142857
6140 0.138043
15416 0.136063
29875 0.135605
30897 0.130373
4484 0.128072
34561 0.127131
23468 0.127131
20928 0.126695
5778 0.126695
25765 0.125
22905 0.125
21421 0.125
6096 0.125
14943 0.120483
16250 0.119331
18834 0.117857
16504 0.113358
40241 0.111111
38864 0.111111
38539 0.111111
7033 0.111111
80 0.111111
25479 0.108204
2869 0.106838
550 0.106838
31352 0.106813
12451 0.104949
7312 0.104949
28177 0.101481
14672 0.101157
7807 0.101157
40861 0.1
40204 0.1
37729 0.1
23446 0.1
12675 0.1
23439 0.0995169
17492 0.0988385
19967 0.0949328
13433 0.0949328
2877 0.0942566
36255 0.0909091
33142 0.0909091
32886 0.0909091
29140 0.0909091
28628 0.0909091
17068 0.0909091
9239 0.0909091
5362 0.0909091
630 0.0909091
19079 0.089134
3018 0.089134
90 0.089134
24506 0.0873224
14934 0.0827965
14006 0.0827965
35203 0.081786
23843 0.081565
12104 0.081565
432 0.081565
31858 0.0801385
9934 0.0774669
8237 0.0774669
23696 0.0769231
16745 0.0769231
16001 0.0769231
4548 0.0769231
24923 0.0714286
24224 0.0714286
21282 0.0714286
20875 0.0714286
4761 0.0714286
4479 0.0714286
3356 0.0714286
22530 0.0692593
20286 0.0666667
17137 0.0666667
9283 0.0666667
5162 0.0666667
1923 0.0666667
29401 0.0657822
17590 0.0657822
18845 0.0625
13774 0.0625
11113 0.0625
6011 0.0625
612 0.0625
36718 0.0620929
29237 0.0620929
22711 0.0620929
20177 0.0620929
40457 0.0606665
18248 0.0606665
9189 0.0606665
11243 0.0588235
9660 0.0588235
2631 0.0588235
20093 0.0583451
2786 0.0573868
32327 0.0555556
25968 0.0555556
18356 0.0555556
15519 0.0555556
7306 0.0555556
3068 0.0546336
31675 0.0530071
13124 0.0530071
12976 0.0530071
10654 0.0530071
34385 0.0502523
32607 0.0502523
24400 0.0502523
22368 0.0502523
16058 0.0502523
5085 0.0502523
2749 0.0502523
1830 0.0502523
35193 0.047619
32043 0.0456704
4994 0.0456704
39960 0.0454545
39042 0.0454545
31248 0.0454545
27752 0.0454545
25651 0.0454545
23748 0.0454545
21912 0.0454545
19277 0.0454545
19038 0.0454545
16787 0.0454545
6801 0.0454545
39063 0.0434783
33457 0.0434783
24596 0.0434783
5241 0.0434783
758 0.0434783
37795 0.0416667
16785 0.0416667
14795 0.0416667
36952 0.0384615
32536 0.0384615
23194 0.0384615
19884 0.0384615
12522 0.0384615
4361 0.0384615
3596 0.0384615
2752 0.0384615
2618 0.0384615
10 0.0384615
29901 0.0357143
11393 0.0357143
30876 0.0344828
24073 0.0344828
7792 0.0344828
36468 0.0322581
6820 0.0322581
4852 0.0322581
37850 0.03125
37730 0.03125
37452 0.03125
33504 0.03125
32620 0.03125
28862 0.03125
27153 0.03125
17985 0.03125
17105 0.03125
16952 0.03125
16047 0.03125
3204 0.03125
1965 0.03125
35029 0.0294118
34268 0.0294118
22182 0.0294118
21017 0.0294118
20726 0.0294118
15980 0.0294118
12681 0.0294118
8583 0.0294118
2621 0.0294118
35346 0.0286354
34043 0.0286354
28110 0.0286354
27033 0.0286354
21217 0.0286354
19511 0.0286354
16076 0.0286354
14858 0.0286354
12449 0.0286354
9180 0.0286354
7412 0.0286354
1290 0.0286354
39950 0.0285714
38863 0.0285714
38468 0.0285714
37955 0.0285714
34835 0.0285714
33518 0.0285714
27349 0.0285714
24216 0.0285714
20673 0.0285714
18293 0.0285714
18138 0.0285714
14864 0.0285714
12185 0.0285714
6486 0.0285714
4872 0.0285714
38141 0.027027
25799 0.027027
6830 0.027027
4934 0.027027
34706 0.0243902
33256 0.0243902
23861 0.0243902
22501 0.0243902
13309 0.0243902
12893 0.0243902
3936 0.0243902
37003 0.0222222
18116 0.0222222
17277 0.0222222
15787 0.0222222
12952 0.0222222
12766 0.0222222
10366 0.0222222
938 0.0222222
31140 0.0217391
25705 0.0217391
18329 0.0217391
17317 0.0217391
16025 0.0217391
14546 0.0217391
14164 0.0217391
13147 0.0217391
11077 0.0217391
10828 0.0217391
39245 0.0188679
36540 0.0188679
36273 0.0188679
34083 0.0188679
33028 0.0188679
29073 0.0188679
23886 0.0188679
23032 0.0188679
22914 0.0188679
21189 0.0188679
16220 0.0188679
7142 0.0188679
1390 0.0188679
38148 0.0181818
36278 0.0181818
33391 0.0181818
29285 0.0181818
29077 0.0181818
21348 0.0181818
17846 0.0181818
391 0.0181818
40696 0.0172414
35463 0.0172414
35365 0.0172414
34507 0.0172414
33111 0.0172414
32223 0.0172414
26928 0.0172414
22725 0.0172414
20753 0.0172414
9823 0.0172414
9651 0.0172414
4551 0.0172414
4467 0.0172414
40644 0.0128205
39640 0.0128205
37882 0.0128205
36853 0.0128205
36796 0.0128205
33465 0.0128205
28988 0.0128205
28599 0.0128205
27565 0.0128205
23432 0.0128205
21394 0.0128205
14543 0.0128205
6756 0.0128205
6243 0.0128205
3291 0.0128205
1293 0.0128205
40525 0.00862069
39947 0.00862069
39177 0.00862069
38583 0.00862069
36673 0.00862069
34923 0.00862069
34439 0.00862069
32930 0.00862069
31037 0.00862069
29634 0.00862069
28635 0.00862069
27208 0.00862069
26323 0.00862069
25433 0.00862069
23206 0.00862069
20840 0.00862069
20417 0.00862069
13669 0.00862069
12935 0.00862069
11909 0.00862069
11488 0.00862069
10453 0.00862069
10285 0.00862069
8969 0.00862069
8419 0.00862069
8412 0.00862069
6654 0.00862069
1760 0.00862069
866 0.00862069
40649 0.00719424
39846 0.00719424
38955 0.00719424
38156 0.00719424
37494 0.00719424
37473 0.00719424
35333 0.00719424
33552 0.00719424
33112 0.00719424
33108 0.00719424
33052 0.00719424
33048 0.00719424
31806 0.00719424
31477 0.00719424
31396 0.00719424
31333 0.00719424
30417 0.00719424
30284 0.00719424
29225 0.00719424
29206 0.00719424
28403 0.00719424
27989 0.00719424
24972 0.00719424
24849 0.00719424
23585 0.00719424
23134 0.00719424
23034 0.00719424
23022 0.00719424
22868 0.00719424
22075 0.00719424
21861 0.00719424
21448 0.00719424
21284 0.00719424
20099 0.00719424
19313 0.00719424
19032 0.00719424
18796 0.00719424
17396 0.00719424
16759 0.00719424
16424 0.00719424
14961 0.00719424
14399 0.00719424
12910 0.00719424
12393 0.00719424
12360 0.00719424
12227 0.00719424
12016 0.00719424
11768 0.00719424
11491 0.00719424
9403 0.00719424
9001 0.00719424
8105 0.00719424
7769 0.00719424
7060 0.00719424
6859 0.00719424
