24678 5.95768
35766 3.29982
22184 3.06204
1610 3.06204
16298 2.70882
27926 2.38524
24239 2.32688
31947 1.98691
13654 1.81942
11857 1.51845
8412 1.24705
2885 1.15461
27033 1.10425
8417 1.09796
22711 1.00126
34043 0.964316
17312 0.887561
15010 0.846571
27799 0.8461
32043 0.84371
21323 0.816645
2484 0.779874
10423 0.763682
5691 0.763682
37496 0.750625
2786 0.704875
3887 0.659444
18356 0.630908
21217 0.628275
32620 0.622693
15665 0.605598
12110 0.573602
14138 0.562798
26491 0.533136
15276 0.52597
3852 0.52597
432 0.5193
25416 0.514899
36673 0.487961
13916 0.487961
22577 0.464537
5778 0.452556
38583 0.448815
37502 0.448815
19580 0.424795
32930 0.402106
12569 0.397683
14858 0.34918
22368 0.346025
9196 0.335111
39642 0.333306
4076 0.332297
6252 0.315559
17590 0.315289
21978 0.31373
40525 0.310251
39791 0.30937
22743 0.305528
16076 0.305362
13507 0.305101
1174 0.304309
31582 0.298145
23843 0.277799
11013 0.270455
9362 0.270455
17035 0.261872
31409 0.261111
16529 0.260377
35734 0.253478
5719 0.229122
23240 0.228148
11488 0.219791
550 0.21856
12935 0.211918
34116 0.211659
29634 0.210421
30793 0.2101
39951 0.205661
18963 0.205029
26476 0.202778
35346 0.199689
29875 0.199689
2869 0.199266
29237 0.193403
15054 0.193403
12178 0.192704
6140 0.190316
36400 0.185
3068 0.182718
32838 0.179237
27863 0.179237
31314 0.177209
26366 0.177209
24400 0.176849
1290 0.174074
26084 0.173807
30209 0.171468
28381 0.169724
37142 0.167279
36718 0.166961
30897 0.164611
14534 0.146078
38118 0.145427
8212 0.143333
24335 0.142857
22960 0.142681
26012 0.142377
27208 0.140386
16250 0.139432
23370 0.138932
6041 0.13858
18844 0.137975
17142 0.137975
15029 0.137975
6068 0.137975
36661 0.136732
34439 0.136732
35463 0.135424
25568 0.134425
416 0.133718
37027 0.133322
2585 0.130758
37882 0.130541
3718 0.129761
6120 0.129574
40342 0.127616
28094 0.127616
18520 0.127616
12104 0.127616
5743 0.125948
3507 0.125948
39155 0.125532
20177 0.124654
27695 0.124635
39947 0.124426
35185 0.124426
30676 0.124426
27989 0.124426
16504 0.124426
11080 0.124426
110 0.124426
17277 0.121201
1296 0.120904
35317 0.11697
15873 0.11697
26786 0.115575
7412 0.114522
23439 0.111582
1341 0.111111
31301 0.108598
27514 0.108598
612 0.107648
26832 0.107408
14546 0.107408
7145 0.107408
37597 0.106793
24371 0.104437
8105 0.104437
3291 0.103255
40632 0.102721
4872 0.102663
11909 0.0949764
483 0.0928918
19511 0.0924442
4953 0.0912856
10991 0.0909091
3854 0.0883929
5518 0.0883753
4467 0.0877976
38952 0.0863828
24972 0.08556
23886 0.08556
15225 0.0842943
38535 0.0833333
31806 0.0833333
30425 0.0810296
6592 0.0810296
39627 0.079075
37819 0.079075
37462 0.079075
34537 0.079075
25507 0.079075
23120 0.079075
4618 0.079075
1799 0.079075
30186 0.0780115
36273 0.0779274
32324 0.0778762
2749 0.0778762
391 0.0773095
29640 0.0769352
2877 0.0769352
27349 0.0765182
6807 0.0765182
7074 0.0750637
1966 0.0750637
3124 0.0741
29225 0.073571
26095 0.0728947
40204 0.0727173
33175 0.0717601
20928 0.0717601
14768 0.0717601
350 0.0717601
6518 0.0688081
919 0.0666667
40764 0.0659894
21889 0.0659894
20840 0.0659894
38608 0.0637595
5085 0.0637595
14489 0.0635471
1849 0.0635471
22388 0.0626263
16629 0.0626263
2069 0.0625806
30419 0.0625
24596 0.0625
33028 0.0623625
25659 0.0623625
33119 0.0618456
23089 0.0618456
27161 0.0614962
19313 0.0614962
12910 0.0614962
8969 0.0614962
8309 0.0614962
631 0.0614962
24063 0.061434
31352 0.0609419
32536 0.0574956
15416 0.0574956
6654 0.0574956
12525 0.0569394
20166 0.0555556
13628 0.0555556
11077 0.0555556
39619 0.0552514
36160 0.0549116
11789 0.0543371
414 0.0543371
29787 0.0540556
26928 0.0540556
18161 0.0540556
38123 0.0526316
36473 0.0526316
32661 0.0526316
28247 0.0526316
23570 0.0526316
9540 0.0526316
4083 0.0526316
2195 0.0526316
39177 0.0524227
39925 0.0521886
26016 0.0521886
24790 0.0521886
14181 0.0517816
29073 0.0514915
3713 0.0510863
11393 0.05
9553 0.05
14734 0.049822
33391 0.0468008
938 0.046713
26312 0.0463673
25831 0.0457693
22530 0.0457693
6243 0.0457693
7768 0.0455472
34391 0.0454545
5875 0.0454545
2473 0.0454545
33256 0.0444976
24870 0.0444976
21348 0.0444976
15699 0.0434783
33458 0.0427873
23894 0.0427873
18997 0.0420446
3750 0.0420446
830 0.0420446
5802 0.0419303
13337 0.0413383
23748 0.0409525
20099 0.0409525
10285 0.0409525
39671 0.0405725
28635 0.0401863
39400 0.0400609
26541 0.0400609
9180 0.0400609
25016 0.04
11331 0.04
2813 0.04
36918 0.0391175
36457 0.0391175
4551 0.0391175
2168 0.0390381
35282 0.0387616
31072 0.0387616
17154 0.0387616
18383 0.0387081
2781 0.0381177
541 0.0381177
39962 0.0379229
31744 0.0379229
23446 0.0379229
16047 0.0379229
14848 0.0379229
14380 0.0379229
9197 0.0379229
1965 0.0379229
23251 0.0376149
8242 0.037037
39245 0.0368889
24764 0.0368889
16220 0.0368889
16117 0.0368889
19517 0.036647
5479 0.036647
26989 0.0357143
25076 0.0357143
3651 0.0357143
40120 0.0347975
37902 0.0347975
25765 0.0347975
17605 0.0347975
8237 0.0347975
5763 0.0347403
32607 0.0345551
16058 0.0345551
14934 0.0345551
37344 0.0343248
33048 0.0343248
19967 0.0343248
3371 0.0343248
36796 0.0333333
35825 0.0322581
13658 0.0322581
8177 0.0314884
27904 0.03125
34740 0.0307925
37176 0.030303
36725 0.030303
34143 0.030303
34028 0.030303
15869 0.030303
11591 0.030303
10234 0.030303
8783 0.030303
6644 0.030303
4412 0.030303
186 0.030303
10210 0.0297965
9823 0.0297965
866 0.0297965
38955 0.0294656
27525 0.0294656
22679 0.0294656
15787 0.0294656
14286 0.0294656
13491 0.0294656
10690 0.0294656
8592 0.0294656
3596 0.0294656
36313 0.0294118
28407 0.0294118
22997 0.0294118
16197 0.0294118
14943 0.0294118
12834 0.0294118
5240 0.0294118
22313 0.0293438
17779 0.0277778
427 0.0277778
16723 0.027027
35706 0.0263158
33653 0.0263158
9189 0.0263158
36787 0.0258382
30652 0.0258382
25651 0.0258382
24849 0.0258382
23585 0.0258382
23001 0.0258382
21431 0.0258382
13234 0.0258382
8035 0.0258382
37881 0.0258251
27168 0.0258251
21757 0.0258251
3645 0.0258251
10 0.0258251
31248 0.0244045
29300 0.0244045
21448 0.0244045
10654 0.0244045
10305 0.0244045
9317 0.0244045
8471 0.0244045
6417 0.0244045
2837 0.0244045
33633 0.0238231
16395 0.0238231
13669 0.0238231
11718 0.0238231
10240 0.0238095
26196 0.0212766
22544 0.0212766
13670 0.0212766
26069 0.02
21474 0.02
20250 0.02
17785 0.02
40749 0.0196078
37672 0.0196078
24923 0.0196078
21820 0.0196078
11808 0.0196078
10706 0.0196078
40890 0.0181818
32544 0.0181818
31228 0.0181818
29193 0.0181818
27740 0.0181818
26854 0.0181818
22088 0.0181818
12698 0.0181818
3541 0.0181818
40069 0.0175439
25367 0.0175439
22814 0.0175439
21893 0.0175439
20171 0.0175439
19592 0.0175439
13045 0.0175439
4028 0.0175439
1931 0.0175439
32886 0.0169492
29285 0.0169492
37374 0.0166667
35324 0.0166667
37682 0.016129
35775 0.016129
35691 0.016129
34768 0.016129
32745 0.016129
32494 0.016129
26087 0.016129
25820 0.016129
24825 0.016129
20204 0.016129
18650 0.016129
17525 0.016129
16043 0.016129
9862 0.016129
9386 0.016129
8861 0.016129
4922 0.016129
4417 0.016129
4129 0.016129
2592 0.016129
36952 0.015625
35525 0.015625
18782 0.015625
5937 0.015625
34034 0.0153846
32327 0.0153846
27277 0.0153846
9403 0.0153846
38856 0.0151515
32923 0.0151515
21786 0.0151515
14036 0.0151515
11805 0.0151515
39507 0.0149254
37955 0.0149254
37287 0.0149254
35211 0.0149254
34123 0.0149254
33561 0.0149254
30929 0.0149254
30136 0.0149254
24591 0.0149254
20007 0.0149254
19253 0.0149254
17826 0.0149254
9199 0.0149254
4221 0.0149254
3107 0.0149254
2971 0.0149254
40119 0.0144928
39125 0.0144928
34999 0.0144928
31276 0.0144928
28964 0.0144928
21801 0.0144928
21534 0.0144928
17583 0.0144928
13877 0.0144928
