31301 21890.6
23843 20711.2
8672 12016.9
27799 10758.7
22594 10467.3
18328 10079
1975 5052.2
23696 4960.29
24825 4933.36
32885 4803.49
8027 4361.47
3936 3992.74
34768 3450.71
10923 3434.56
23724 3031.38
2560 2900.1
6262 2650.08
40883 2644.85
31283 2493.87
543 2422.25
878 2375.3
13043 2277.33
31806 2146.59
987 1635.13
10761 1616.57
16789 1590.3
28345 1564.47
9665 1428.29
5214 1395.23
2885 1320.62
37924 1180.32
25780 1076.19
13194 951.47
37711 917.069
30916 915.188
16968 865.542
38906 854.539
18950 853.991
31329 841.964
20167 806.624
25016 757.981
40136 724.98
21005 717.943
17301 676.533
27766 648.092
17634 641.094
865 628.192
36734 549.078
7708 545.794
11182 543.018
17312 541.149
35253 534.581
32 532.032
34825 524.217
3096 510.842
7250 505.034
24002 499.742
4998 497.267
21393 480.51
30793 474.053
6563 460.502
5693 441.503
21341 434.813
24239 432.266
21859 429.026
21911 423.811
25155 412.692
31428 412.626
32620 408.3
39962 396.801
20250 388.711
18930 387.829
13654 384.393
22711 381.611
36899 379.707
38535 371.21
22795 369.281
13635 356.275
10480 354.318
32888 348.151
37523 335.657
17782 333.617
1026 332.706
595 317.102
30622 315.634
10737 309.423
15400 308.133
27514 302.903
29143 289.573
32202 284.959
37888 281.331
35734 276.58
31354 274.719
14690 272.268
2840 271.168
830 270.159
22656 269.433
19800 256.228
5362 252.967
9442 249.988
15603 245.909
30054 241.868
19566 238.498
29075 236.756
28586 235.125
9561 234.933
52 232.024
8465 226.455
11453 224.639
31509 221.657
26305 210.954
17083 204.983
2249 199.519
35766 198.446
15231 195.769
17687 193.199
26152 188.701
29934 183.975
14138 183.325
10361 182.897
31324 182.494
6983 172.132
30038 170.782
34737 170.304
28089 165.251
20845 164.94
39555 163.456
11173 162.76
14544 159.832
31894 159.247
39791 158.235
38231 156.366
29401 156.167
24028 153.849
25668 152.185
22613 149.686
27926 149.079
35307 148.652
17696 140.95
15312 139.449
11758 138.393
27410 134.165
29997 133.478
17860 133.112
32229 130.953
12569 129.76
23499 129.484
21889 128.628
16652 127.936
10523 127.6
28132 124.891
186 121.756
363 121.386
37426 120.72
17368 120.512
19262 119.676
25337 119.441
4374 117.422
7721 116.899
39848 116.278
1471 113.285
2869 113.031
31964 111.397
40082 111.11
808 108.772
9205 108.736
35346 108.28
16817 106.866
33664 106.765
37342 105.821
4405 105.151
9107 105.148
23582 105.021
28552 104.532
22405 102.988
22184 102.802
15599 102.658
34488 102.452
432 102.143
21703 102.125
38002 101.642
32933 101.463
26750 100.524
20976 100.391
26011 99.31
5869 98.9423
22228 97.2862
34433 96.4858
28778 96.3179
2118 96.1257
8136 96.0776
36952 94.8715
31498 94.129
40340 94.0302
1346 93.9873
13916 92.4026
2831 91.6443
13432 90.8724
6592 90.2309
5691 89.6002
7055 89.0568
22530 89.0345
39812 87.7237
31952 87.6949
24414 86.9373
2647 86.7684
5750 86.5126
7054 85.6751
36395 84.1911
29737 83.3607
35317 83.3489
20587 82.3604
16094 81.7434
25584 81.4014
12466 81.2722
8718 81.0514
14886 80.4811
34167 78.9919
9064 78.4808
18136 78.3825
40915 77.9407
4129 77.1408
10911 76.1563
36464 75.8193
16298 75.7072
18034 75.2081
38391 74.49
2241 73.3653
5748 72.9308
36963 72.6598
5633 72.0811
37048 72.0458
18428 71.9706
17399 71.4849
18788 70.6988
13309 70.1709
26069 70.1367
37176 68.8339
27667 68.0266
2370 67.804
19590 67.4683
15179 66.7555
36388 66.6947
16390 66.6841
12701 65.687
28290 65.5351
30012 64.9768
28718 64.6979
16947 64.61
16806 64.5343
12747 64.4249
17762 64.1215
39102 62.5104
36528 62.4439
15225 62.4236
36400 61.9548
28010 61.8242
6829 61.3281
20808 61.0291
24497 60.4438
2263 59.9259
12766 59.7599
20347 59.1636
36283 58.9135
28594 58.3991
24678 58.3599
27787 58.2251
40166 57.9933
22976 57.9009
14548 57.8373
30377 57.806
19430 57.7067
30668 57.5361
29599 56.8155
37923 56.798
9197 56.7726
9575 56.3528
11461 56.297
15830 55.9576
8943 55.8197
15592 55.6436
34340 55.5572
38171 55.4924
36189 55.0318
34543 54.8063
3554 54.4441
22979 54.4017
36180 53.9058
13334 53.8214
1860 53.6115
17715 53.6034
32651 53.5023
32961 53.4735
27149 53.4167
33633 53.1345
11966 52.5116
33267 52.4871
31880 52.1234
8676 51.9267
766 51.9195
33025 51.769
40017 51.6485
28500 51.549
613 51.4433
35063 51.3041
17796 51.2998
1616 51.2822
25754 51.2052
11626 51.187
20686 50.8399
34116 50.5161
33857 50.1789
10073 49.9276
27239 49.8831
27623 49.8168
11113 49.5318
36455 49.5205
1704 49.3544
919 49.1208
13197 49.0473
38843 48.7992
38354 48.6435
20320 48.3775
2484 48.1618
10210 48.0059
20350 47.9151
2604 47.7262
24812 47.6072
15644 47.3687
33362 47.282
37374 47.152
1659 47.1503
31947 46.4143
39951 46.3533
39695 45.7313
15416 45.7254
20489 45.2938
29795 45.2727
34311 45.2308
7145 44.9667
5291 44.6439
22297 44.4943
12607 44.323
33545 44.3115
10980 43.6588
7728 43.617
16791 43.4482
6504 43.3659
36313 43.1677
8186 42.7934
31586 42.3619
3852 42.2999
9862 42.068
21323 41.6893
5778 41.6031
8237 41.5676
33122 41.5248
34123 41.4109
20273 41.3772
35691 41.1602
23764 40.7674
27945 40.7317
39392 40.7075
27989 40.4418
18520 40.0313
40109 39.7766
16696 39.7668
10581 39.6338
23368 39.6066
28444 39.4451
2781 39.1996
40882 39.0679
28388 38.9035
28941 38.7299
66 38.7202
18834 38.6198
16283 38.3357
20106 38.3092
2209 38.1858
27892 38.0037
30209 37.9169
15922 37.8606
31258 37.7762
7691 37.3898
8224 37.368
1642 37.321
18777 37.272
29275 37.1327
39921 37.0946
2335 37.056
33185 36.953
23271 36.9429
16723 36.8869
20978 36.7145
886 36.4084
6677 36.3394
32732 36.0944
12327 36.037
12758 35.8254
39947 35.6481
7852 35.6331
17202 35.5185
30317 35.5156
10254 35.2912
40310 35.2456
25065 35.1578
8242 35.088
26601 35.0212
27065 34.9726
40342 34.9625
11080 34.7585
28988 34.6865
8412 34.5639
8311 34.1844
15236 34.0732
24740 34.0086
7076 33.9234
25181 33.7399
35462 33.6468
18718 33.3381
27453 33.3264
13254 33.1358
33387 33.1174
6041 33.1101
19926 32.9085
7729 32.893
17185 32.8259
27003 32.8044
38918 32.7659
23813 32.7603
17290 32.5374
35336 32.4983
6255 32.3467
25048 32.2612
27339 32.2444
34999 32.2175
27963 32.0474
22879 31.9657
12893 31.8605
20410 31.7613
9196 31.6665
17231 31.6595
34495 31.6037
17324 31.5324
2659 31.3952
28917 31.2609
27889 31.186
18011 31.1012
6992 31.0645
28213 30.9899
27301 30.8387
11209 30.8285
4512 30.7029
37027 30.6693
20177 30.1724
1247 30.1696
12709 30.1689
6651 30.0598
20890 30.0563
30467 29.9509
27595 29.8156
17225 29.8127
22935 29.7858
37496 29.7743
19739 29.7369
33342 29.7089
3940 29.656
4520 29.6043
26503 29.5643
30425 29.5615
19882 29.3903
32760 29.387
36289 29.3836
3158 29.3161
1017 29.3028
25497 29.2083
25219 28.9308
23228 28.9086
23432 28.8545
20007 28.8075
2727 28.7712
1313 28.7375
38508 28.7297
6336 28.6596
9404 28.6052
30792 28.5872
15494 28.5675
2206 28.5307
27863 28.5124
21983 28.3993
27886 28.3697
28835 28.3171
24106 28.3124
37672 28.2632
14603 28.207
12986 28.1973
28094 28.1913
3684 28.1873
4994 28.0306
3419 27.9979
