20167 15.4307
15759 5.75578
30668 5.24894
36815 4.86354
15174 4.1153
39379 3.62363
39351 2.87054
35756 2.18648
30469 2.06675
23548 2.06197
3813 1.81421
32979 1.79766
29708 1.63022
21178 1.60555
31301 1.45099
33852 1.36743
23943 1.30597
31255 1.29488
32893 1.26738
24900 1.2123
19378 1.20556
34251 1.1517
19022 1.03247
38742 0.854798
20294 0.852315
10923 0.845635
13359 0.836692
32333 0.789614
10026 0.78796
30906 0.737203
2057 0.668647
19723 0.640159
18328 0.636254
35146 0.635251
3895 0.614856
39973 0.583895
16269 0.575846
2022 0.551136
22117 0.537965
162 0.5275
13574 0.525821
37848 0.512338
935 0.511693
11071 0.503968
20728 0.502632
25461 0.492075
23694 0.47195
1401 0.456963
33388 0.453259
19032 0.434524
12147 0.429167
37246 0.42399
34768 0.423611
6184 0.410256
13716 0.392857
29080 0.392545
13664 0.388034
40325 0.382576
13753 0.375
36813 0.373148
28310 0.340909
36756 0.339802
18813 0.333333
8139 0.330891
21577 0.329167
3390 0.32648
36193 0.324222
855 0.315909
24374 0.304379
17775 0.3
38890 0.297784
10233 0.297684
18750 0.284314
32774 0.284139
16866 0.277778
40767 0.275433
32488 0.264423
30357 0.264423
3103 0.260256
27799 0.254701
31707 0.25
24825 0.25
10242 0.25
19415 0.244444
28026 0.232435
18167 0.229555
669 0.225296
17376 0.216667
23333 0.215132
31001 0.207226
38858 0.202302
3026 0.202302
22093 0.2
15101 0.2
13891 0.2
8815 0.2
25283 0.198135
12560 0.18677
8905 0.183712
36726 0.183333
5462 0.183333
40394 0.179383
9521 0.175
34588 0.173955
29514 0.17373
24271 0.173002
39800 0.172784
24453 0.172222
21034 0.170833
32620 0.166667
31315 0.166667
30951 0.166667
26029 0.166667
13530 0.166667
6262 0.166667
6259 0.160586
18709 0.15947
11882 0.15947
1946 0.157038
12145 0.154278
6708 0.15396
37711 0.150145
8246 0.149601
28156 0.147169
5993 0.146324
9015 0.144682
1955 0.144682
23556 0.142857
22359 0.142857
19429 0.142857
38465 0.142424
33789 0.142424
39558 0.142157
39505 0.125
13646 0.125
11432 0.125
29367 0.124647
9499 0.124647
17194 0.123465
27205 0.116389
25111 0.116389
14799 0.116389
21398 0.115371
26013 0.114312
17721 0.114312
29322 0.111111
23004 0.111111
15796 0.111111
32618 0.106017
37559 0.1
35548 0.1
33565 0.1
22792 0.1
20522 0.1
19464 0.1
19370 0.1
12828 0.1
11453 0.1
9150 0.1
33314 0.0909091
31486 0.0909091
24878 0.0909091
7617 0.0909091
6829 0.0909091
6236 0.0909091
36502 0.0769231
34678 0.0769231
34365 0.0769231
7200 0.0769231
31771 0.0714286
19817 0.0714286
865 0.0714286
33478 0.0666667
28971 0.0666667
26281 0.0666667
22261 0.0666667
6608 0.0666667
38430 0.0625
38216 0.0625
33440 0.0625
31518 0.0625
30793 0.0625
30790 0.0625
29294 0.0625
28647 0.0625
27644 0.0625
22906 0.0625
19897 0.0625
19039 0.0625
16059 0.0625
15688 0.0625
11370 0.0625
7432 0.0625
4116 0.0625
3936 0.0625
3869 0.0625
2517 0.0625
2412 0.0625
31329 0.0588235
28260 0.0588235
17280 0.0588235
3237 0.0588235
3073 0.0588235
15057 0.0526316
10695 0.0526316
18524 0.05
1682 0.05
40444 0.0454545
36731 0.0454545
36031 0.0454545
35092 0.0454545
26663 0.0454545
2442 0.0454545
195 0.0454545
13194 0.0434783
35335 0.04
30685 0.04
27156 0.04
25094 0.04
20517 0.04
16774 0.04
36433 0.037037
28828 0.037037
40738 0.0357143
40412 0.0357143
38212 0.0357143
37445 0.0357143
20363 0.0357143
17015 0.0357143
16337 0.0357143
1676 0.0357143
1576 0.0357143
37009 0.030303
34988 0.030303
16338 0.030303
14989 0.030303
14791 0.030303
12327 0.030303
5510 0.030303
520 0.030303
27671 0.0208333
26610 0.0208333
20657 0.0208333
11655 0.0208333
1423 0.0208333
40980 0
40979 0
40978 0
40977 0
40976 0
40975 0
40974 0
40973 0
40972 0
40971 0
40970 0
40969 0
40968 0
40967 0
40966 0
40965 0
40964 0
40963 0
40962 0
40961 0
40960 0
40959 0
40958 0
40957 0
40956 0
40955 0
40954 0
40953 0
40952 0
40951 0
40950 0
40949 0
40948 0
40947 0
40946 0
40945 0
40944 0
40943 0
40942 0
40941 0
40940 0
40939 0
40938 0
40937 0
40936 0
40935 0
40934 0
40933 0
40932 0
40931 0
40930 0
40929 0
40928 0
40927 0
40926 0
40925 0
40924 0
40923 0
40922 0
40921 0
40920 0
40919 0
40918 0
40917 0
40916 0
40915 0
40914 0
40913 0
40912 0
40911 0
40910 0
40909 0
40908 0
40907 0
40906 0
40905 0
40904 0
40903 0
40902 0
40901 0
40900 0
40899 0
40898 0
40897 0
40896 0
40895 0
40894 0
40893 0
40892 0
40891 0
40890 0
40889 0
40888 0
40887 0
40886 0
40885 0
40884 0
40883 0
40882 0
40881 0
40880 0
40879 0
40878 0
40877 0
40876 0
40875 0
40874 0
40873 0
40872 0
40871 0
40870 0
40869 0
40868 0
40867 0
40866 0
40865 0
40864 0
40863 0
40862 0
40861 0
40860 0
40859 0
40858 0
40857 0
40856 0
40855 0
40854 0
40853 0
40852 0
40851 0
40850 0
40849 0
40848 0
40847 0
40846 0
40845 0
40844 0
40843 0
40842 0
40841 0
40840 0
40839 0
40838 0
40837 0
40836 0
40835 0
40834 0
40833 0
40832 0
40831 0
40830 0
40829 0
40828 0
40827 0
40826 0
40825 0
40824 0
40823 0
40822 0
40821 0
40820 0
40819 0
40818 0
40817 0
40816 0
40815 0
40814 0
40813 0
40812 0
40811 0
40810 0
40809 0
40808 0
40807 0
40806 0
40805 0
40804 0
40803 0
40802 0
40801 0
40800 0
40799 0
40798 0
40797 0
40796 0
40795 0
40794 0
40793 0
40792 0
40791 0
40790 0
40789 0
40788 0
40787 0
40786 0
40785 0
40784 0
40783 0
40782 0
40781 0
40780 0
40779 0
40778 0
40777 0
40776 0
40775 0
40774 0
40773 0
40772 0
40771 0
40770 0
40769 0
40768 0
40766 0
40765 0
40764 0
40763 0
40762 0
40761 0
40760 0
40759 0
40758 0
40757 0
40756 0
40755 0
40754 0
40753 0
40752 0
40751 0
40750 0
40749 0
40748 0
40747 0
40746 0
40745 0
40744 0
40743 0
40742 0
40741 0
40740 0
40739 0
40737 0
40736 0
40735 0
40734 0
40733 0
40732 0
40731 0
40730 0
40729 0
40728 0
40727 0
40726 0
40725 0
40724 0
