31301 11.6536
17634 3.43186
21097 1.35
10737 1.28296
30627 1.2625
27514 1.23101
15829 1.0685
3936 1.06775
10923 1.03261
26750 0.940659
8672 0.81484
7708 0.797172
2249 0.744695
29997 0.721739
21399 0.615098
3015 0.561973
32885 0.561938
363 0.528354
5693 0.524986
24825 0.487431
27799 0.453131
27434 0.408333
11443 0.401149
11587 0.3875
186 0.355978
19012 0.333333
5362 0.329932
4928 0.328392
16791 0.326149
19032 0.289596
12518 0.288462
128 0.288462
7691 0.286725
3641 0.254979
34904 0.25
2241 0.243819
5691 0.235171
1267 0.220888
6528 0.216105
22990 0.213312
27886 0.212215
14544 0.212073
31816 0.208529
2838 0.208529
19099 0.20694
28974 0.204561
34704 0.2
21983 0.2
20886 0.2
18950 0.182908
13895 0.182908
14603 0.180267
3494 0.168674
40915 0.159918
22594 0.159918
39947 0.14722
35346 0.14722
30676 0.14722
27989 0.14722
13654 0.14722
11080 0.14722
110 0.14722
33007 0.142857
24962 0.142857
21736 0.142857
13256 0.142857
10763 0.142857
5214 0.142857
3297 0.142857
37637 0.128987
26088 0.128987
9718 0.128987
31894 0.126319
22711 0.126319
40869 0.125
40192 0.125
35096 0.125
34355 0.125
31986 0.125
30985 0.125
29713 0.125
29063 0.125
22269 0.125
18514 0.125
16542 0.125
15599 0.125
13640 0.125
12510 0.125
10964 0.125
9655 0.125
1975 0.125
32212 0.111111
31130 0.111111
30683 0.111111
27892 0.111111
23724 0.111111
11615 0.111111
10423 0.111111
9442 0.111111
8156 0.111111
36526 0.1
32411 0.1
30757 0.1
29891 0.1
4111 0.1
31606 0.0932386
13646 0.0932386
2387 0.0932386
30191 0.0909091
30012 0.0909091
25634 0.0909091
15400 0.0909091
14076 0.0909091
12868 0.0909091
11836 0.0909091
2659 0.0909091
40017 0.0833333
39743 0.0833333
33981 0.0833333
33633 0.0833333
23366 0.0833333
8186 0.0833333
3880 0.0833333
33825 0.0714286
32558 0.0714286
33078 0.071414
28305 0.071414
19589 0.071414
17999 0.071414
13785 0.071414
9200 0.071414
4405 0.071414
2943 0.071414
2775 0.071414
52 0.071414
15603 0.0703064
6644 0.0703064
5373 0.0703064
39695 0.0625
28917 0.0625
25205 0.0625
24492 0.0625
24382 0.0625
18691 0.0625
15484 0.0625
9379 0.0625
34529 0.0526316
27951 0.0526316
23380 0.0526316
14041 0.0526316
11630 0.0526316
8589 0.0526316
22227 0.047619
21557 0.047619
20979 0.047619
16527 0.047619
15280 0.047619
15162 0.047619
12063 0.047619
7065 0.047619
2227 0.047619
40764 0.0434783
32202 0.0434783
24678 0.0434783
24414 0.0434783
22530 0.0434783
21217 0.0434783
6654 0.0434783
3337 0.0434783
36554 0.0384615
33069 0.0384615
11108 0.0384615
10731 0.0384615
2204 0.0384615
24505 0.0344828
24475 0.0344828
23843 0.0344828
16890 0.0344828
16007 0.0344828
14138 0.0344828
8508 0.0344828
4129 0.0344828
3447 0.0344828
2592 0.0344828
40615 0.0217391
40078 0.0217391
39593 0.0217391
39171 0.0217391
38836 0.0217391
32529 0.0217391
30336 0.0217391
29709 0.0217391
29474 0.0217391
28380 0.0217391
26892 0.0217391
26789 0.0217391
26539 0.0217391
25425 0.0217391
24756 0.0217391
22557 0.0217391
21816 0.0217391
19258 0.0217391
16604 0.0217391
16310 0.0217391
15506 0.0217391
13029 0.0217391
12149 0.0217391
9075 0.0217391
6504 0.0217391
2509 0.0217391
39791 0.0204082
34433 0.0204082
34167 0.0204082
33185 0.0204082
32758 0.0204082
31354 0.0204082
30083 0.0204082
28132 0.0204082
27963 0.0204082
24213 0.0204082
24013 0.0204082
22184 0.0204082
17715 0.0204082
17075 0.0204082
15416 0.0204082
13200 0.0204082
12976 0.0204082
10581 0.0204082
10427 0.0204082
9689 0.0204082
9665 0.0204082
9561 0.0204082
6255 0.0204082
4785 0.0204082
2840 0.0204082
2647 0.0204082
1642 0.0204082
1610 0.0204082
1313 0.0204082
1271 0.0204082
665 0.0204082
37998 0.0188679
37396 0.0188679
36623 0.0188679
33814 0.0188679
31561 0.0188679
30269 0.0188679
26400 0.0188679
22583 0.0188679
22465 0.0188679
19119 0.0188679
16895 0.0188679
12384 0.0188679
10980 0.0188679
10880 0.0188679
10760 0.0188679
6719 0.0188679
6671 0.0188679
6055 0.0188679
4851 0.0188679
3906 0.0188679
2289 0.0188679
1427 0.0188679
606 0.0188679
40115 0.0140845
36950 0.0140845
32789 0.0140845
32593 0.0140845
31946 0.0140845
28444 0.0140845
28038 0.0140845
27939 0.0140845
27646 0.0140845
27425 0.0140845
25846 0.0140845
24428 0.0140845
23014 0.0140845
22228 0.0140845
21670 0.0140845
21403 0.0140845
20947 0.0140845
19951 0.0140845
19758 0.0140845
18788 0.0140845
18328 0.0140845
18274 0.0140845
18011 0.0140845
15263 0.0140845
13422 0.0140845
10630 0.0140845
10523 0.0140845
10073 0.0140845
8521 0.0140845
8068 0.0140845
8036 0.0140845
7054 0.0140845
6815 0.0140845
6585 0.0140845
6096 0.0140845
5663 0.0140845
4408 0.0140845
3245 0.0140845
2256 0.0140845
808 0.0140845
590 0.0140845
57 0.0140845
40980 0
40979 0
40978 0
40977 0
40976 0
40975 0
40974 0
40973 0
40972 0
40971 0
40970 0
40969 0
40968 0
40967 0
40966 0
40965 0
40964 0
40963 0
40962 0
40961 0
40960 0
40959 0
40958 0
40957 0
40956 0
40955 0
40954 0
40953 0
40952 0
40951 0
40950 0
40949 0
40948 0
40947 0
40946 0
40945 0
40944 0
40943 0
40942 0
40941 0
40940 0
40939 0
40938 0
40937 0
40936 0
40935 0
40934 0
40933 0
40932 0
40931 0
40930 0
40929 0
40928 0
40927 0
40926 0
40925 0
40924 0
40923 0
40922 0
40921 0
40920 0
40919 0
40918 0
40917 0
40916 0
40914 0
40913 0
40912 0
40911 0
40910 0
40909 0
40908 0
40907 0
40906 0
40905 0
40904 0
40903 0
40902 0
40901 0
40900 0
40899 0
40898 0
40897 0
40896 0
40895 0
40894 0
40893 0
40892 0
40891 0
40890 0
40889 0
40888 0
40887 0
40886 0
40885 0
40884 0
40883 0
40882 0
40881 0
40880 0
40879 0
40878 0
40877 0
40876 0
40875 0
40874 0
40873 0
40872 0
40871 0
40870 0
40868 0
40867 0
40866 0
40865 0
40864 0
40863 0
40862 0
40861 0
40860 0
40859 0
40858 0
40857 0
40856 0
40855 0
40854 0
40853 0
40852 0
40851 0
40850 0
40849 0
40848 0
40847 0
40846 0
40845 0
40844 0
40843 0
40842 0
40841 0
40840 0
40839 0
40838 0
40837 0
40836 0
40835 0
40834 0
40833 0
40832 0
40831 0
40830 0
40829 0
40828 0
40827 0
40826 0
40825 0
40824 0
40823 0
40822 0
40821 0
40820 0
40819 0
40818 0
40817 0
40816 0
40815 0
40814 0
40813 0
40812 0
40811 0
40810 0
40809 0
40808 0
40807 0
40806 0
40805 0
40804 0
40803 0
40802 0
40801 0
40800 0
40799 0
40798 0
40797 0
40796 0
40795 0
40794 0
40793 0
40792 0
40791 0
40790 0
40789 0
40788 0
40787 0
40786 0
40785 0
