13654 2.1145
16076 1.88512
6041 1.6398
36400 1.55656
27799 1.10814
16508 1.00536
14138 0.707764
27863 0.683333
18340 0.655616
31564 0.642857
22530 0.517374
2027 0.504762
24126 0.497076
17763 0.48844
8237 0.466667
3887 0.423777
16806 0.402778
830 0.333929
18842 0.333333
841 0.333333
10925 0.32481
18520 0.301681
15665 0.276149
21119 0.264596
34015 0.25
28638 0.25
24596 0.25
19242 0.25
3718 0.25
34169 0.234722
13957 0.214907
36313 0.210127
30946 0.209187
34116 0.2
27083 0.2
24239 0.2
16181 0.2
8208 0.2
40389 0.166667
17444 0.166667
10253 0.163406
31741 0.145799
30417 0.145799
27926 0.142857
27190 0.142857
24891 0.142857
23354 0.142857
16001 0.142857
5778 0.142857
1131 0.142857
25362 0.126794
19952 0.125
4872 0.125
21323 0.115045
14534 0.115045
11410 0.115045
40890 0.111111
34579 0.111111
33119 0.111111
32016 0.111111
29140 0.111111
10536 0.111111
9616 0.111111
7229 0.111111
37496 0.110681
35766 0.110681
26786 0.110681
12834 0.110681
592 0.110681
35194 0.1
33075 0.1
30112 0.1
29437 0.1
23526 0.1
13628 0.1
4934 0.1
3356 0.1
37944 0.078916
28739 0.078916
21831 0.078916
18561 0.078916
14943 0.078916
6298 0.078916
5180 0.078916
2885 0.078916
40632 0.0714286
36259 0.0714286
33836 0.0714286
31723 0.0714286
30367 0.0714286
27796 0.0714286
27695 0.0714286
27033 0.0714286
20569 0.0714286
19712 0.0714286
18844 0.0714286
18356 0.0714286
16755 0.0714286
14840 0.0714286
13916 0.0714286
12110 0.0714286
9584 0.0714286
6361 0.0714286
4599 0.0714286
38468 0.0625
31947 0.0625
30897 0.0625
25360 0.0625
11559 0.0625
40525 0.0588235
37342 0.0588235
27395 0.0588235
23206 0.0588235
22960 0.0588235
11718 0.0588235
9583 0.0588235
5821 0.0588235
32552 0.0526316
32418 0.0526316
24400 0.0526316
23494 0.0526316
14858 0.0526316
13016 0.0526316
5492 0.0526316
4539 0.0526316
2218 0.0526316
36948 0.0434783
22577 0.0434783
22430 0.0434783
18834 0.0434783
18231 0.0434783
16298 0.0434783
40100 0.0416667
37502 0.0416667
36864 0.0416667
36438 0.0416667
36148 0.0416667
33506 0.0416667
30275 0.0416667
29626 0.0416667
24137 0.0416667
20448 0.0416667
16665 0.0416667
6914 0.0416667
5209 0.0416667
1355 0.0416667
34378 0.0344828
29819 0.0344828
22997 0.0344828
21431 0.0344828
15012 0.0344828
14934 0.0344828
14006 0.0344828
12525 0.0344828
8828 0.0344828
7145 0.0344828
3877 0.0344828
3068 0.0344828
2786 0.0344828
432 0.0344828
416 0.0344828
37991 0.0217391
36517 0.0217391
36255 0.0217391
33682 0.0217391
30693 0.0217391
29634 0.0217391
28688 0.0217391
26748 0.0217391
26738 0.0217391
26373 0.0217391
24902 0.0217391
24678 0.0217391
22318 0.0217391
22184 0.0217391
16629 0.0217391
15010 0.0217391
14585 0.0217391
14475 0.0217391
9736 0.0217391
4468 0.0217391
2843 0.0217391
1821 0.0217391
1610 0.0217391
40631 0.0136986
40159 0.0136986
40069 0.0136986
39001 0.0136986
38864 0.0136986
36540 0.0136986
35978 0.0136986
35175 0.0136986
35086 0.0136986
33999 0.0136986
33979 0.0136986
32544 0.0136986
31640 0.0136986
31312 0.0136986
30439 0.0136986
26928 0.0136986
26476 0.0136986
23886 0.0136986
23834 0.0136986
22368 0.0136986
21895 0.0136986
21586 0.0136986
20567 0.0136986
19580 0.0136986
18161 0.0136986
17626 0.0136986
16655 0.0136986
15576 0.0136986
13661 0.0136986
12289 0.0136986
11804 0.0136986
9484 0.0136986
5612 0.0136986
4544 0.0136986
3753 0.0136986
3698 0.0136986
3541 0.0136986
3291 0.0136986
3018 0.0136986
2751 0.0136986
1931 0.0136986
1923 0.0136986
1174 0.0136986
905 0.0136986
509 0.0136986
80 0.0136986
40980 0
40979 0
40978 0
40977 0
40976 0
40975 0
40974 0
40973 0
40972 0
40971 0
40970 0
40969 0
40968 0
40967 0
40966 0
40965 0
40964 0
40963 0
40962 0
40961 0
40960 0
40959 0
40958 0
40957 0
40956 0
40955 0
40954 0
40953 0
40952 0
40951 0
40950 0
40949 0
40948 0
40947 0
40946 0
40945 0
40944 0
40943 0
40942 0
40941 0
40940 0
40939 0
40938 0
40937 0
40936 0
40935 0
40934 0
40933 0
40932 0
40931 0
40930 0
40929 0
40928 0
40927 0
40926 0
40925 0
40924 0
40923 0
40922 0
40921 0
40920 0
40919 0
40918 0
40917 0
40916 0
40915 0
40914 0
40913 0
40912 0
40911 0
40910 0
40909 0
40908 0
40907 0
40906 0
40905 0
40904 0
40903 0
40902 0
40901 0
40900 0
40899 0
40898 0
40897 0
40896 0
40895 0
40894 0
40893 0
40892 0
40891 0
40889 0
40888 0
40887 0
40886 0
40885 0
40884 0
40883 0
40882 0
40881 0
40880 0
40879 0
40878 0
40877 0
40876 0
40875 0
40874 0
40873 0
40872 0
40871 0
40870 0
40869 0
40868 0
40867 0
40866 0
40865 0
40864 0
40863 0
40862 0
40861 0
40860 0
40859 0
40858 0
40857 0
40856 0
40855 0
40854 0
40853 0
40852 0
40851 0
40850 0
40849 0
40848 0
40847 0
40846 0
40845 0
40844 0
40843 0
40842 0
40841 0
40840 0
40839 0
40838 0
40837 0
40836 0
40835 0
40834 0
40833 0
40832 0
40831 0
40830 0
40829 0
40828 0
40827 0
40826 0
40825 0
40824 0
40823 0
40822 0
40821 0
40820 0
40819 0
40818 0
40817 0
40816 0
40815 0
40814 0
40813 0
40812 0
40811 0
40810 0
40809 0
40808 0
40807 0
40806 0
40805 0
40804 0
40803 0
40802 0
40801 0
40800 0
40799 0
40798 0
40797 0
40796 0
40795 0
40794 0
40793 0
40792 0
40791 0
40790 0
40789 0
40788 0
40787 0
40786 0
40785 0
40784 0
40783 0
40782 0
40781 0
40780 0
40779 0
40778 0
40777 0
40776 0
40775 0
40774 0
40773 0
40772 0
40771 0
40770 0
40769 0
40768 0
40767 0
40766 0
40765 0
40764 0
40763 0
40762 0
40761 0
40760 0
40759 0
40758 0
40757 0
40756 0
40755 0
40754 0
40753 0
40752 0
40751 0
40750 0
40749 0
40748 0
40747 0
40746 0
40745 0
40744 0
40743 0
40742 0
40741 0
40740 0
40739 0
40738 0
40737 0
40736 0
40735 0
40734 0
40733 0
40732 0
40731 0
40730 0
40729 0
40728 0
40727 0
40726 0
40725 0
40724 0
40723 0
40722 0
40721 0
40720 0
40719 0
40718 0
40717 0
40716 0
40715 0
40714 0
40713 0
40712 0
40711 0
40710 0
