31301 59.0964
7708 19.7793
3158 16.7986
37711 9.617
17285 8.75802
32760 7.04751
18328 6.0558
25349 6.05199
18198 5.77902
9557 5.28213
7691 4.86863
24845 4.70715
5693 4.08019
13581 4.01704
13757 4.00484
32885 3.83739
7296 3.81858
15161 3.61662
40912 3.6018
29997 3.36742
10923 3.35039
12837 3.25159
33667 3.09905
29407 2.9772
12447 2.96065
3844 2.78449
35469 2.71442
13646 2.65101
11658 2.57267
17672 2.53004
8672 2.35347
36625 2.30159
1318 2.22115
4192 2.22004
39754 2.09762
12204 2.04508
3382 2.00974
31581 1.9848
24698 1.88998
20735 1.83889
32571 1.83258
33483 1.76515
16791 1.72474
19972 1.72153
9183 1.72143
24825 1.67008
26750 1.66267
3134 1.61667
2599 1.59607
31658 1.58321
24125 1.57741
23317 1.48963
5066 1.48728
3916 1.42682
34158 1.4
10332 1.38701
30195 1.38333
2792 1.36604
13636 1.35615
33944 1.35
27514 1.31886
13568 1.3093
23813 1.30088
35490 1.2968
12620 1.27664
12196 1.24666
30074 1.24275
35985 1.22778
29059 1.22619
52 1.19678
16945 1.18849
25325 1.15472
36991 1.12308
33825 1.09939
1329 1.09915
34825 1.09286
10737 1.06748
2249 1.01786
18749 1
1097 0.983126
29219 0.976786
16660 0.954951
38881 0.948403
12672 0.937792
40776 0.921256
363 0.917762
32843 0.914232
39505 0.904737
28543 0.899697
1975 0.888492
21221 0.883333
6537 0.882634
12431 0.871703
21022 0.866667
17634 0.843911
16618 0.835965
22890 0.833333
15451 0.833333
21147 0.822374
12009 0.818746
39807 0.812303
39735 0.809957
12096 0.805296
17659 0.799181
30394 0.797222
9506 0.795321
38013 0.786742
31799 0.783333
35247 0.775083
38667 0.751664
22990 0.75
3780 0.75
2838 0.75
16835 0.74561
38865 0.740657
19416 0.72619
26307 0.724687
14544 0.718687
2712 0.713743
3567 0.708333
37603 0.696068
433 0.694888
37176 0.693115
20979 0.689394
26923 0.686508
3236 0.681999
14531 0.677453
17221 0.67619
27340 0.666667
25810 0.666667
16141 0.660256
2706 0.658453
37550 0.644695
34883 0.642857
33663 0.642857
32820 0.642857
30569 0.642857
39565 0.629064
33856 0.624242
34495 0.616667
2060 0.616667
27951 0.615591
8988 0.612637
8819 0.6
23309 0.593108
24454 0.583333
34274 0.582109
9831 0.582109
16650 0.575
10953 0.575
4406 0.575
34673 0.569444
6953 0.5625
13430 0.561111
37804 0.559983
12345 0.559524
7009 0.555988
24237 0.55
15265 0.549242
30046 0.533333
4474 0.531746
34604 0.531746
8027 0.521458
2465 0.517496
30037 0.513889
2505 0.508898
6489 0.501129
36688 0.499583
279 0.487042
34803 0.485714
31720 0.485714
26401 0.485714
32878 0.477778
21911 0.47549
4690 0.474117
24004 0.466667
7139 0.466667
15603 0.465163
27003 0.464286
31216 0.460473
9655 0.457576
40036 0.455357
15768 0.452823
26384 0.45164
13992 0.447594
5691 0.446681
34355 0.444491
10070 0.442857
16853 0.438095
14201 0.436189
34894 0.434211
36106 0.422385
35769 0.422385
31990 0.422222
25416 0.41978
34244 0.416667
28719 0.413528
30680 0.4125
37983 0.411111
39861 0.410401
40876 0.408333
4507 0.405128
33425 0.405045
28142 0.404762
1468 0.401496
34522 0.397619
23452 0.393541
15183 0.392857
36849 0.38614
31682 0.379275
13432 0.378116
30917 0.377778
2404 0.367832
29709 0.360401
30288 0.358766
6292 0.358766
27886 0.357917
6378 0.356898
29741 0.355556
878 0.354589
35131 0.35
22084 0.349206
22713 0.344877
37048 0.34478
1525 0.34092
24013 0.338462
39948 0.338095
38145 0.338095
33809 0.337666
11019 0.333898
39197 0.333333
27692 0.333333
26897 0.333333
26458 0.333333
23877 0.333333
22778 0.333333
19264 0.333333
18789 0.333333
17435 0.333333
16948 0.333333
14255 0.333333
11887 0.333333
7411 0.333333
6823 0.333333
4794 0.333333
3958 0.333333
24739 0.330357
4928 0.326681
24335 0.326322
32620 0.326055
2885 0.326055
37797 0.321324
18148 0.320635
10903 0.320422
3112 0.318056
28743 0.317857
23193 0.315018
3692 0.314592
29146 0.310207
1994 0.310207
16296 0.305556
28092 0.303571
13378 0.30234
21983 0.300962
38515 0.298413
30720 0.295635
22594 0.292253
1940 0.290007
34880 0.288972
8508 0.283824
37220 0.282576
20169 0.282563
15637 0.280396
25427 0.279798
19032 0.279762
5816 0.276923
27162 0.27316
30966 0.271368
9458 0.252778
7503 0.252778
38283 0.25
37366 0.25
36912 0.25
35718 0.25
34200 0.25
33941 0.25
32604 0.25
30973 0.25
29790 0.25
27830 0.25
25679 0.25
22771 0.25
18937 0.25
17573 0.25
17570 0.25
15043 0.25
14548 0.25
12140 0.25
8267 0.25
6671 0.25
3458 0.25
3447 0.25
30533 0.249639
40205 0.248413
6973 0.247378
7435 0.245594
4851 0.240909
34618 0.240123
33389 0.234499
20175 0.23395
11630 0.233333
17428 0.230978
20966 0.230615
16983 0.230252
34704 0.225251
8907 0.223388
21641 0.222231
14820 0.22123
33362 0.221212
4663 0.221001
30335 0.217832
22474 0.215812
18950 0.210761
14914 0.210317
22405 0.210036
3521 0.206443
2744 0.205267
24962 0.203856
39940 0.2
38012 0.2
36943 0.2
36895 0.2
36292 0.2
34197 0.2
29139 0.2
29070 0.2
26762 0.2
25837 0.2
24604 0.2
23638 0.2
22492 0.2
20858 0.2
20037 0.2
18929 0.2
18034 0.2
17135 0.2
11625 0.2
10658 0.2
10347 0.2
8205 0.2
6106 0.2
2500 0.2
1979 0.2
1526 0.2
19047 0.196465
4393 0.195833
21121 0.194654
32994 0.191206
979 0.191206
26093 0.185354
36105 0.18511
10100 0.18511
5620 0.176923
17841 0.176367
21515 0.176129
32342 0.17381
28380 0.172727
3863 0.172727
3445 0.170401
9846 0.167544
39954 0.166667
37373 0.166667
34396 0.166667
30024 0.166667
27552 0.166667
20424 0.166667
16346 0.166667
8363 0.166667
7192 0.166667
6744 0.166667
5744 0.166667
4408 0.166667
900 0.166667
22557 0.165446
12346 0.165446
24213 0.15947
9200 0.158778
30793 0.158296
27799 0.158296
6992 0.158296
10245 0.155296
29269 0.153968
3245 0.152098
40108 0.148634
6644 0.146637
121 0.146282
39608 0.142857
34824 0.142857
34115 0.142857
32392 0.142857
31882 0.142857
31372 0.142857
29474 0.142857
29257 0.142857
28352 0.142857
27281 0.142857
26447 0.142857
26260 0.142857
25763 0.142857
23762 0.142857
22671 0.142857
22049 0.142857
21661 0.142857
20395 0.142857
17929 0.142857
17083 0.142857
16061 0.142857
11737 0.142857
10122 0.142857
9019 0.142857
7674 0.142857
7054 0.142857
6487 0.142857
6061 0.142857
3740 0.142857
3327 0.142857
2935 0.142857
2839 0.142857
1820 0.142857
39102 0.140415
35369 0.140415
8280 0.135171
33490 0.133135
13845 0.126122
24028 0.125029
10361 0.125029
7024 0.125029
39773 0.125
36458 0.125
28358 0.125
27149 0.125
24782 0.125
21573 0.125
17407 0.125
16992 0.125
14776 0.125
13209 0.125
7894 0.125
6365 0.125
5239 0.125
1628 0.125
40573 0.116744
10738 0.113825
26892 0.112852
40704 0.111111
38502 0.111111
36528 0.111111
35634 0.111111
34712 0.111111
33883 0.111111
33492 0.111111
32423 0.111111
27410 0.111111
25982 0.111111
23491 0.111111
16922 0.111111
11639 0.111111
11195 0.111111
9665 0.111111
9482 0.111111
8748 0.111111
6089 0.111111
2685 0.111111
17128 0.10989
21550 0.108184
32797 0.105941
36102 0.104806
34727 0.104806
10660 0.104806
8706 0.104806
6152 0.104806
24678 0.103167
23380 0.103167
28444 0.102673
27434 0.102673
23014 0.102673
39994 0.1
33005 0.1
32647 0.1
27627 0.1
27021 0.1
17297 0.1
12463 0.1
9600 0.1
2659 0.1
1295 0.1
490 0.1
19589 0.0929887
10980 0.0929887
34950 0.0919341
