24239 5.24523
2885 4.6356
17312 4.13533
27799 3.5979
19684 3.22301
22711 3.19055
32620 2.47379
30793 1.57875
23432 1.48024
35734 1.46886
2869 1.39547
13654 1.35319
35317 1.28333
22598 1.24411
11626 1.20954
23240 1.13526
7807 1.10847
18119 1.1051
35974 1.08371
2262 1.0659
6336 1.02505
39791 1.01147
28424 0.996748
8237 0.932321
24505 0.91743
16298 0.877033
40009 0.832462
35082 0.832462
11113 0.83167
31184 0.812992
17104 0.812992
16947 0.773963
34043 0.722173
15416 0.688302
7412 0.666667
5937 0.658041
38141 0.614719
18866 0.613773
22405 0.606536
34702 0.585906
830 0.580598
1791 0.577768
14138 0.564915
21703 0.560933
25659 0.557735
12569 0.546969
24678 0.535549
31702 0.499467
39962 0.489593
7536 0.46917
8035 0.46036
39183 0.456667
7051 0.45181
8652 0.448455
40644 0.447418
2069 0.43712
27926 0.431519
15665 0.426923
26476 0.417857
30234 0.415167
21323 0.404474
5824 0.389925
38956 0.389706
14672 0.38806
19038 0.384848
11559 0.384848
29030 0.384524
6801 0.377905
35346 0.377347
556 0.371969
26181 0.363265
13916 0.362508
5610 0.349464
38863 0.3456
38772 0.342857
37672 0.342063
9197 0.340909
28605 0.338528
2546 0.337857
25484 0.334367
32708 0.333333
35836 0.328115
3713 0.328115
630 0.318182
13507 0.314925
36952 0.313426
24957 0.31059
21889 0.310411
14658 0.309864
15276 0.308302
23944 0.308256
6924 0.30778
35063 0.307458
7921 0.302481
40106 0.298809
38583 0.296944
19391 0.296944
11488 0.296944
37421 0.288828
5861 0.287562
1659 0.267241
37340 0.262777
37961 0.25
13967 0.25
11136 0.25
8982 0.25
21757 0.241578
15264 0.240518
15054 0.238963
34664 0.228221
29077 0.228221
16047 0.228221
26137 0.217778
10412 0.217778
23439 0.211327
4361 0.210643
27740 0.20915
3940 0.20198
36375 0.201039
38856 0.2
18520 0.198867
550 0.197931
32536 0.197923
37077 0.197433
40602 0.193987
4987 0.191818
16619 0.185016
33633 0.182709
19695 0.177604
39637 0.174387
33267 0.17037
38500 0.166667
27253 0.166667
25713 0.166667
25385 0.166667
17943 0.166667
17033 0.166667
2961 0.166667
110 0.165448
9309 0.163776
29589 0.161981
12766 0.161981
33227 0.16028
6033 0.150268
31947 0.147728
9553 0.145803
25826 0.142857
25765 0.142857
18128 0.142857
11240 0.142857
9760 0.142857
4058 0.142857
2484 0.142857
684 0.142857
22184 0.141112
1610 0.141112
1355 0.133987
32930 0.133193
37948 0.132468
11469 0.131063
33545 0.127816
37729 0.125604
37027 0.125
31260 0.125
26210 0.125
12449 0.125
8027 0.125
6140 0.125
3486 0.125
1830 0.125
11331 0.123413
28740 0.122102
1965 0.119877
16076 0.116332
8969 0.11497
697 0.113413
40398 0.111111
36292 0.111111
30762 0.111111
17154 0.109903
14316 0.105478
1228 0.105478
3852 0.105458
39641 0.104064
4038 0.103501
33435 0.103333
23163 0.103333
6840 0.103333
26786 0.101552
37374 0.100322
11393 0.100322
8137 0.1
34156 0.097619
32243 0.097619
21566 0.097619
7889 0.097619
29640 0.0955577
27033 0.0933871
35185 0.0929639
26084 0.0929639
21978 0.0929639
33817 0.0909091
16784 0.0909091
31589 0.0895714
30425 0.0895714
432 0.0895714
39831 0.0881541
35439 0.0881541
25667 0.0881541
24269 0.0881541
13026 0.0881541
10283 0.0881541
36160 0.0864108
11389 0.0864108
37233 0.0862115
16250 0.0862115
11804 0.0858388
10210 0.0858388
12110 0.0846777
37496 0.084598
13513 0.084598
37800 0.0842205
34561 0.0842205
31582 0.0842205
30419 0.0842205
36400 0.0841757
39158 0.084001
32885 0.0833333
16395 0.0833333
39947 0.0794985
30676 0.0794985
27989 0.0794985
20007 0.0794985
15225 0.0794985
11080 0.0794985
19419 0.0769231
14934 0.0769231
34457 0.0714286
37546 0.0710965
12922 0.0693371
33028 0.0674714
16283 0.0671882
38139 0.0666667
37804 0.0666667
37396 0.0666667
37305 0.0666667
33483 0.0666667
31301 0.0666667
30054 0.0666667
29997 0.0666667
28404 0.0666667
27279 0.0666667
24261 0.0666667
22530 0.0666667
22172 0.0666667
17318 0.0666667
14943 0.0666667
12205 0.0666667
10925 0.0666667
7708 0.0666667
1975 0.0666667
30897 0.0653942
17811 0.0597946
39951 0.0572689
233 0.0572689
26095 0.0566101
21861 0.0566101
5778 0.0566101
24596 0.0564471
18834 0.0564471
9357 0.0564471
34998 0.0555556
34663 0.0555556
27776 0.0555556
23473 0.0555556
11857 0.0555556
11152 0.0555556
5852 0.0555556
3356 0.0555556
18421 0.0536265
24063 0.0535773
34999 0.0526316
14534 0.0526316
12768 0.0526316
39661 0.0523554
34116 0.0523554
33052 0.0523554
28110 0.0523554
21282 0.0523554
16563 0.0523554
4467 0.0523554
26012 0.0512231
9660 0.0502827
38049 0.05
22088 0.05
19899 0.05
18842 0.05
17401 0.05
13686 0.05
38952 0.0494584
8264 0.0494584
5479 0.0494584
33147 0.0491027
29687 0.0491027
20287 0.0491027
1641 0.0486944
38185 0.0484319
24506 0.0484319
23137 0.0484319
37795 0.047619
35825 0.047619
26989 0.047619
23776 0.047619
20928 0.047619
2078 0.047619
7076 0.0467647
35014 0.0457209
24591 0.0457209
12893 0.0457209
16723 0.0445472
9196 0.0445472
2786 0.0445472
28952 0.0444345
26195 0.0444345
14768 0.0437064
30698 0.0434783
18016 0.0434783
6220 0.0434783
37023 0.0423847
15354 0.0423847
31140 0.0418846
19576 0.0418846
39787 0.0416667
14490 0.0416667
633 0.0416667
36226 0.041396
25831 0.041396
16806 0.041396
170 0.041396
35637 0.04
31058 0.04
28349 0.04
16096 0.04
16085 0.04
15698 0.04
6992 0.04
267 0.04
16779 0.0384615
34835 0.037037
29634 0.037037
16775 0.037037
11890 0.037037
7306 0.037037
1821 0.037037
32043 0.0367188
26151 0.0367188
17785 0.0367188
5414 0.0367188
39925 0.0366873
32838 0.0366873
18997 0.0366873
15873 0.0366873
8412 0.0366873
5719 0.0366873
36968 0.0353623
32535 0.0353623
21000 0.0353623
16233 0.0353623
10511 0.0353623
6863 0.0353623
938 0.0353623
13628 0.0344828
8224 0.0344828
4896 0.0344828
36120 0.0322581
34123 0.0322581
32552 0.0322581
27190 0.0322581
26323 0.0322581
4994 0.0322581
23732 0.0294118
22218 0.0294118
22008 0.0294118
16913 0.0294118
11914 0.0294118
39155 0.027027
37958 0.027027
21813 0.027027
14569 0.027027
10453 0.027027
10022 0.027027
7478 0.027027
6041 0.027027
927 0.027027
35265 0.025
30636 0.025
14399 0.025
6654 0.025
40845 0.0212766
40764 0.0212766
38162 0.0212766
36313 0.0212766
31551 0.0212766
28294 0.0212766
23449 0.0212766
22313 0.0212766
20823 0.0212766
20065 0.0212766
19167 0.0212766
18208 0.0212766
17786 0.0212766
17492 0.0212766
16401 0.0212766
14231 0.0212766
8278 0.0212766
5790 0.0212766
4825 0.0212766
4486 0.0212766
3541 0.0212766
3475 0.0212766
416 0.0212766
40138 0.0204082
33518 0.0204082
33108 0.0204082
31495 0.0204082
23468 0.0204082
19511 0.0204082
13081 0.0204082
12844 0.0204082
12377 0.0204082
12016 0.0204082
9001 0.0204082
5269 0.0204082
4296 0.0204082
3068 0.0204082
448 0.0204082
1 0.0204082
37898 0.0181818
34544 0.0181818
33706 0.0181818
33477 0.0181818
26351 0.0181818
24751 0.0181818
18555 0.0181818
18415 0.0181818
15536 0.0181818
11876 0.0181818
9325 0.0181818
391 0.0181818
37342 0.0178571
31318 0.0178571
31240 0.0178571
18999 0.0178571
18160 0.0178571
17521 0.0178571
17344 0.0178571
13658 0.0178571
9583 0.0178571
8990 0.0178571
2781 0.0178571
1519 0.0178571
90 0.0178571
40165 0.0172414
39960 0.0172414
37926 0.0172414
34911 0.0172414
33476 0.0172414
28912 0.0172414
26794 0.0172414
25371 0.0172414
24329 0.0172414
24003 0.0172414
18561 0.0172414
7624 0.0172414
4872 0.0172414
2618 0.0172414
985 0.0172414
315 0.0172414
40890 0.0149254
37142 0.0149254
35766 0.0149254
35240 0.0149254
34740 0.0149254
29902 0.0149254
28756 0.0149254
26312 0.0149254
25651 0.0149254
21801 0.0149254
20177 0.0149254
19461 0.0149254
11718 0.0149254
6592 0.0149254
1332 0.0149254
40861 0.0147059
37882 0.0147059
36827 0.0147059
34819 0.0147059
33391 0.0147059
31470 0.0147059
27395 0.0147059
