29879 16.4198
37288 3.35951
22237 2.71821
2184 2.46745
4942 2.21152
15366 2.15171
29894 1.97914
28776 1.74913
20122 1.62037
25796 1.5798
40622 1.52542
27024 1.52261
29479 1.40675
12745 1.31001
23583 1.23535
10437 1.1172
20907 1.01878
32268 0.967383
37547 0.920621
34956 0.919334
28623 0.88879
12583 0.848399
34571 0.847712
1066 0.807576
8766 0.799854
14995 0.683066
23606 0.663889
30105 0.625408
36543 0.624242
27119 0.592857
37684 0.581481
484 0.581481
30465 0.57751
35387 0.559524
5858 0.555288
17308 0.537037
19456 0.509524
39874 0.489057
18928 0.488095
30389 0.457576
4401 0.444444
15190 0.425
10064 0.418673
39701 0.400433
24345 0.394444
15915 0.383333
2287 0.380877
26825 0.366667
37423 0.333333
2385 0.333333
28224 0.314815
30500 0.281385
28608 0.281385
23716 0.274242
7023 0.272619
30 0.265152
9505 0.260965
34641 0.260844
35950 0.25
34334 0.25
22151 0.25
17839 0.25
8106 0.25
23430 0.248148
17117 0.240909
34488 0.23445
38617 0.231481
35197 0.220238
32770 0.220238
10897 0.220238
15051 0.219298
1529 0.219298
2780 0.214286
23651 0.203704
39188 0.2
32889 0.2
27767 0.2
25069 0.2
19398 0.2
6290 0.2
4460 0.2
4248 0.2
2571 0.2
35557 0.191642
34630 0.187552
6455 0.187552
28536 0.16735
38219 0.166667
36538 0.166667
33188 0.166667
30701 0.166667
25706 0.166667
24851 0.166667
19918 0.166667
12789 0.166667
11757 0.166667
10806 0.166667
3234 0.166667
2499 0.166667
38005 0.142857
28043 0.142857
15921 0.142857
13996 0.142857
13219 0.142857
9679 0.142857
6733 0.142857
3539 0.142857
143 0.142857
18158 0.137288
3894 0.137288
36708 0.125
32561 0.125
27108 0.125
26397 0.125
23818 0.125
11174 0.125
9703 0.125
38781 0.111111
31869 0.111111
30463 0.111111
30041 0.111111
20032 0.111111
11457 0.111111
7871 0.111111
30820 0.1
30643 0.1
27159 0.1
21600 0.1
15936 0.1
10540 0.1
9832 0.1
6960 0.1
6743 0.1
5016 0.1
3395 0.1
3038 0.1
1570 0.1
37814 0.0909091
35714 0.0909091
35328 0.0909091
33975 0.0909091
32011 0.0909091
30768 0.0909091
28256 0.0909091
27946 0.0909091
27610 0.0909091
24000 0.0909091
23440 0.0909091
22660 0.0909091
22503 0.0909091
22471 0.0909091
20275 0.0909091
19944 0.0909091
16210 0.0909091
14148 0.0909091
13392 0.0909091
611 0.0909091
38432 0.0833333
38018 0.0833333
37283 0.0833333
37251 0.0833333
35612 0.0833333
33705 0.0833333
25711 0.0833333
24455 0.0833333
15444 0.0833333
12192 0.0833333
3396 0.0833333
2186 0.0833333
1581 0.0833333
1114 0.0833333
750 0.0833333
39949 0.0769231
33810 0.0769231
2366 0.0714286
39581 0.0666667
29600 0.0666667
26889 0.0666667
38406 0.0588235
28195 0.0588235
17427 0.0588235
36181 0.0526316
30522 0.0526316
29002 0.0526316
28014 0.0526316
22826 0.0526316
22803 0.0526316
18166 0.0526316
6575 0.0526316
38466 0.047619
35492 0.047619
30528 0.047619
27798 0.047619
22244 0.047619
16170 0.047619
11141 0.047619
16363 0.037037
13331 0.037037
40702 0.0238095
38124 0.0238095
37280 0.0238095
33285 0.0238095
32443 0.0238095
30065 0.0238095
29098 0.0238095
28594 0.0238095
26993 0.0238095
26094 0.0238095
25382 0.0238095
23092 0.0238095
22810 0.0238095
18494 0.0238095
18450 0.0238095
18320 0.0238095
17666 0.0238095
13924 0.0238095
11894 0.0238095
7902 0.0238095
7421 0.0238095
6472 0.0238095
4014 0.0238095
40980 0
40979 0
40978 0
40977 0
40976 0
40975 0
40974 0
40973 0
40972 0
40971 0
40970 0
40969 0
40968 0
40967 0
40966 0
40965 0
40964 0
40963 0
40962 0
40961 0
40960 0
40959 0
40958 0
40957 0
40956 0
40955 0
40954 0
40953 0
40952 0
40951 0
40950 0
40949 0
40948 0
40947 0
40946 0
40945 0
40944 0
40943 0
40942 0
40941 0
40940 0
40939 0
40938 0
40937 0
40936 0
40935 0
40934 0
40933 0
40932 0
40931 0
40930 0
40929 0
40928 0
40927 0
40926 0
40925 0
40924 0
40923 0
40922 0
40921 0
40920 0
40919 0
40918 0
40917 0
40916 0
40915 0
40914 0
40913 0
40912 0
40911 0
40910 0
40909 0
40908 0
40907 0
40906 0
40905 0
40904 0
40903 0
40902 0
40901 0
40900 0
40899 0
40898 0
40897 0
40896 0
40895 0
40894 0
40893 0
40892 0
40891 0
40890 0
40889 0
40888 0
40887 0
40886 0
40885 0
40884 0
40883 0
40882 0
40881 0
40880 0
40879 0
40878 0
40877 0
40876 0
40875 0
40874 0
40873 0
40872 0
40871 0
40870 0
40869 0
40868 0
40867 0
40866 0
40865 0
40864 0
40863 0
40862 0
40861 0
40860 0
40859 0
40858 0
40857 0
40856 0
40855 0
40854 0
40853 0
40852 0
40851 0
40850 0
40849 0
40848 0
40847 0
40846 0
40845 0
40844 0
40843 0
40842 0
40841 0
40840 0
40839 0
40838 0
40837 0
40836 0
40835 0
40834 0
40833 0
40832 0
40831 0
40830 0
40829 0
40828 0
40827 0
40826 0
40825 0
40824 0
40823 0
40822 0
40821 0
40820 0
40819 0
40818 0
40817 0
40816 0
40815 0
40814 0
40813 0
40812 0
40811 0
40810 0
40809 0
40808 0
40807 0
40806 0
40805 0
40804 0
40803 0
40802 0
40801 0
40800 0
40799 0
40798 0
40797 0
40796 0
40795 0
40794 0
40793 0
40792 0
40791 0
40790 0
40789 0
40788 0
40787 0
40786 0
40785 0
40784 0
40783 0
40782 0
40781 0
40780 0
40779 0
40778 0
40777 0
40776 0
40775 0
40774 0
40773 0
40772 0
40771 0
40770 0
40769 0
40768 0
40767 0
40766 0
40765 0
40764 0
40763 0
40762 0
40761 0
40760 0
40759 0
40758 0
40757 0
40756 0
40755 0
40754 0
40753 0
40752 0
40751 0
40750 0
40749 0
40748 0
40747 0
40746 0
40745 0
40744 0
40743 0
40742 0
40741 0
40740 0
40739 0
40738 0
40737 0
40736 0
40735 0
40734 0
40733 0
40732 0
40731 0
40730 0
40729 0
40728 0
40727 0
40726 0
40725 0
40724 0
40723 0
40722 0
40721 0
40720 0
40719 0
40718 0
40717 0
40716 0
40715 0
40714 0
40713 0
40712 0
40711 0
40710 0
40709 0
40708 0
40707 0
40706 0
40705 0
40704 0
40703 0
40701 0
