27799 629.899
13654 321.816
36313 229.489
35766 220.228
26786 201.377
6041 95.3529
17312 89.6193
2885 81.3679
36400 79.5054
22530 75.9841
5778 70.3797
24239 68.0566
20704 67.2563
14138 62.7696
21323 59.7266
12569 56.5091
16806 55.4926
27926 54.2758
432 48.6229
18520 48.3886
26476 45.6473
13916 45.2837
40890 44.372
4539 44.284
22088 43.8834
16298 41.7648
24902 41.6347
31589 40.7942
33452 40.7476
3852 40.0594
23843 39.4404
32536 38.8676
33633 38.6112
16504 36.8852
37496 36.295
35317 34.9268
10210 33.7386
4189 33.2648
7145 33.2158
21186 32.7257
9196 32.5533
8035 32.186
5875 31.5585
3541 30.25
27166 30.2138
35734 30.0151
6592 29.8691
3068 29.8453
3002 29.3971
12451 28.9166
8224 27.9501
37342 27.6267
30419 27.1606
30793 27.1398
18138 26.9551
29923 26.2564
40525 25.4916
24591 24.5063
6140 24.4449
16723 24.1375
3940 23.6754
31947 23.5678
26181 23.0294
36918 23.0024
5824 22.0108
24790 21.6033
19032 20.9612
25826 20.7986
14858 20.7466
26794 20.7025
24596 20.5071
37546 20.3184
28094 20.148
30425 19.9539
19967 19.86
28855 19.3359
29634 19.288
2781 19.086
12522 18.8082
34561 18.7645
34123 18.5192
36952 18.2616
14943 18.1842
18329 17.9415
13507 17.7498
29140 17.5078
38856 17.488
11810 17.4101
14934 17.2872
15276 16.9872
40204 16.8945
35346 16.8719
1410 16.67
22711 16.5223
15665 16.4088
6319 16.2824
40342 16.2181
35825 16.104
16076 16.0138
39791 15.9604
33267 15.9154
30897 15.9104
32620 15.7119
19774 15.6767
2484 15.6071
12525 15.3551
36540 15.354
8828 15.3133
21801 15.2833
30847 15.0747
11804 15.0135
10253 14.608
25362 14.5784
39671 14.3712
29626 14.234
19461 14.1637
27863 14.1335
22456 14.1239
36528 13.9647
15467 13.9404
19517 13.9131
3535 13.5954
21813 13.5168
33518 13.2703
34116 13.1534
34768 13.1399
16745 12.9941
37750 12.978
31140 12.8528
39962 12.3063
22594 12.2964
11789 12.1795
20569 11.8415
39661 11.7975
32016 11.782
7807 11.6784
17137 11.6725
35086 11.5113
32930 11.4368
22405 11.379
38608 11.3683
11626 11.3538
350 11.2783
30209 11.1328
18834 10.6535
37374 10.6231
33377 10.5948
8237 10.3735
20928 10.2105
39951 10.1816
20763 10.0346
31564 10.0221
29875 10.0116
9283 9.9972
30216 9.92136
4551 9.90826
31301 9.8912
24041 9.87461
1599 9.82989
12541 9.73364
37882 9.6616
34770 9.6462
6820 9.39981
39245 9.16494
19191 9.11205
23432 9.03419
33477 8.91101
2786 8.83893
830 8.79203
10536 8.73878
2899 8.66332
9592 8.62841
21889 8.56941
37566 8.50398
27740 8.48167
17033 8.43462
21703 8.37968
27190 8.31657
24957 8.26178
37027 8.15983
4994 8.11854
7099 7.95414
3936 7.94271
9180 7.88063
2877 7.8254
17943 7.77938
26069 7.75795
885 7.75783
25765 7.75041
6707 7.72557
22404 7.6476
37672 7.62453
13628 7.62314
11559 7.61766
31136 7.60462
6336 7.52441
13658 7.50965
15012 7.43963
25505 7.34928
15562 7.24078
16283 7.17243
11393 7.05749
10923 7.05173
7852 7.03091
9907 7.01327
16001 7.0132
29627 7.00667
15416 6.99665
2027 6.99431
15225 6.85344
6067 6.84138
25651 6.81166
33497 6.77366
3877 6.76001
26541 6.73883
9994 6.72624
34034 6.6884
22170 6.67136
26398 6.66006
23963 6.64206
18369 6.59322
80 6.54424
36255 6.52837
9553 6.51938
2168 6.42639
29551 6.36377
349 6.35709
26854 6.34659
36673 6.31875
8969 6.31503
24126 6.29255
6172 6.28432
24137 6.27351
13337 6.2553
25659 6.23871
19580 6.18781
34378 6.15819
36110 6.13896
8242 6.1175
612 6.00915
39383 5.97444
10196 5.8307
22390 5.82553
35978 5.73052
509 5.69401
4872 5.62298
4112 5.61219
35525 5.60089
5821 5.59616
7245 5.56185
22184 5.55796
8592 5.53003
23056 5.49345
11331 5.48263
1 5.4798
25474 5.47016
1830 5.44762
4023 5.40595
36796 5.38606
30876 5.35518
27486 5.34384
39925 5.28937
8412 5.28436
1659 5.24797
18328 5.24747
6518 5.2462
25065 5.16136
15669 5.1332
8197 5.12812
4848 5.11217
40788 5.10945
32885 5.08176
39183 5.07488
12110 5.05991
35706 5.05785
39172 5.02115
37305 5.02068
21785 5.00492
3356 4.98961
19327 4.96602
19313 4.95509
38049 4.92312
22469 4.92215
3030 4.83583
21348 4.79919
35014 4.77787
26323 4.77337
8384 4.75663
32572 4.73348
3018 4.72353
18963 4.69857
34457 4.6976
7253 4.68273
33653 4.66587
24678 4.64038
21861 4.61263
31352 4.61041
18844 4.5724
29640 4.56027
37815 4.54517
23240 4.53988
34043 4.53296
27663 4.51781
306 4.51197
34015 4.50068
6830 4.48049
39155 4.45498
13513 4.41246
15916 4.41138
26095 4.38716
8672 4.3794
25360 4.33898
1760 4.30806
11101 4.29035
20093 4.24147
20286 4.22996
26928 4.21333
38535 4.1959
25568 4.14152
20177 4.13997
20230 4.1384
1131 4.13268
37070 4.12771
38583 4.12415
8027 4.1174
3124 4.10834
22313 4.09821
22368 4.07259
12989 4.0678
4058 4.01998
40597 4.00471
20250 4.00422
8497 3.99961
6979 3.99872
22218 3.92668
35211 3.91797
21772 3.91339
17596 3.88375
39960 3.86838
34098 3.83774
90 3.82874
16787 3.82624
18561 3.8163
3291 3.80572
32886 3.80555
38346 3.79218
5209 3.78677
17583 3.78092
6033 3.76696
23715 3.76528
38558 3.75205
40383 3.75191
23354 3.72414
27675 3.71869
3682 3.6939
14672 3.63072
29946 3.62666
8408 3.61256
7592 3.60582
6539 3.59795
37233 3.59523
860 3.57576
30379 3.57547
36160 3.56391
34998 3.54982
16962 3.5292
32788 3.52125
23888 3.49926
7312 3.4953
22959 3.49521
16395 3.46737
32611 3.45767
28110 3.44094
33898 3.43191
18428 3.43001
9663 3.42687
550 3.42645
4866 3.42193
20007 3.41891
38907 3.41811
5709 3.41683
23370 3.40757
34579 3.38511
25334 3.38146
19253 3.35167
1462 3.33868
18248 3.32319
27989 3.32256
5603 3.31658
7047 3.31555
29193 3.31306
23218 3.30444
3887 3.29809
29237 3.29345
35203 3.27792
23898 3.27403
23439 3.27305
2652 3.26315
18842 3.26217
4296 3.25754
27161 3.25352
4028 3.23883
37502 3.22079
15699 3.19866
27395 3.16891
16629 3.16798
23566 3.16163
31858 3.16085
29768 3.15759
19884 3.15394
34999 3.13986
7306 3.13377
8850 3.13321
19511 3.09076
35029 3.08087
30693 3.06335
18231 3.05886
39777 3.05338
38118 3.05016
28478 3.04428
26058 3.03671
17917 3.03167
37077 3.0289
31260 3.00191
2638 2.99947
1109 2.99875
30186 2.98559
24400 2.97973
6863 2.97965
26832 2.97103
23251 2.9705
13669 2.96629
19527 2.95643
5293 2.93225
110 2.9279
39037 2.91906
14181 2.89751
12185 2.89681
19952 2.89275
8365 2.88872
29211 2.87097
28106 2.86826
27033 2.86737
170 2.83558
17120 2.82841
10480 2.82417
39947 2.82096
3162 2.81071
6906 2.80685
26546 2.7996
17393 2.76624
6252 2.76473
26693 2.76122
328 2.7609
14546 2.74182
20448 2.7385
24505 2.73217
6298 2.7318
2863 2.71561
4796 2.70796
29901 2.70631
35813 2.70588
19653 2.69528
12816 2.68541
27865 2.65345
2869 2.63934
21757 2.63469
23446 2.62788
35063 2.60943
31582 2.59911
29009 2.5921
5857 2.58669
18555 2.56249
828 2.5471
15642 2.5461
9680 2.54254
15056 2.54052
32279 2.52027
13759 2.51154
16025 2.51005
34911 2.5037
19079 2.50263
16097 2.48473
7132 2.48334
6654 2.47571
5642 2.47311
19379 2.45024
31450 2.4482
15834 2.43977
37426 2.43926
25016 2.43709
2232 2.43356
11113 2.43353
7498 2.43207
33545 2.42539
22808 2.40737
26574 2.40473
12766 2.39779
556 2.3944
7274 2.39201
