28776 4.71836
14656 3.78043
20262 3.38265
21608 2.8068
3114 2.35657
34488 2.00093
14251 1.94217
7570 1.59804
37377 1.47186
15684 1.42778
40289 1.32738
3012 1.29146
21015 1.09319
23837 1.03835
29389 1.02246
38449 1.01667
39976 0.959524
13839 0.95603
34065 0.945833
3836 0.916667
2922 0.841667
30273 0.796861
35487 0.748214
3964 0.733333
22968 0.7
35699 0.689312
11027 0.664364
20218 0.651441
34939 0.639881
23782 0.617063
19629 0.616667
25092 0.591468
29438 0.58738
4555 0.575
37266 0.566186
31215 0.562933
438 0.544444
10904 0.540909
9628 0.527778
30473 0.521429
36222 0.5157
32585 0.5125
4816 0.503968
2159 0.5
9333 0.483333
11519 0.472222
10112 0.464286
11938 0.453571
19096 0.442857
15064 0.433333
16084 0.429167
21059 0.426587
6940 0.420635
16609 0.410714
39156 0.405357
22162 0.402778
33975 0.396825
22197 0.396764
14163 0.396764
39153 0.395833
14105 0.378968
35399 0.375
14464 0.358766
26631 0.357602
19135 0.357143
27767 0.352174
4989 0.337302
31987 0.333333
28566 0.333333
27024 0.333333
22140 0.333333
7495 0.333333
144 0.333333
14373 0.321256
3063 0.319444
1158 0.314562
8257 0.305357
21693 0.295635
10082 0.2875
28481 0.284524
5798 0.273449
7303 0.266667
35950 0.25
32523 0.25
28700 0.25
26301 0.25
21952 0.25
21108 0.25
14640 0.25
13148 0.25
1272 0.25
24726 0.22406
20698 0.2125
8975 0.208333
35197 0.2
29747 0.2
14209 0.2
11311 0.2
9977 0.2
14852 0.189484
13392 0.188889
31922 0.188596
39889 0.166667
39362 0.166667
35023 0.166667
34759 0.166667
34584 0.166667
32011 0.166667
31689 0.166667
30872 0.166667
29986 0.166667
28221 0.166667
25133 0.166667
24747 0.166667
24259 0.166667
21321 0.166667
18094 0.166667
15138 0.166667
11545 0.166667
9603 0.166667
3758 0.166667
40941 0.142857
39518 0.142857
34671 0.142857
34399 0.142857
31005 0.142857
26708 0.142857
25956 0.142857
23005 0.142857
21035 0.142857
20274 0.142857
19526 0.142857
13949 0.142857
10672 0.142857
8776 0.142857
8148 0.142857
7325 0.142857
5210 0.142857
2402 0.142857
23586 0.141917
28021 0.125
22346 0.125
19036 0.125
18486 0.125
13787 0.125
12363 0.125
7317 0.125
5132 0.125
3402 0.125
3306 0.125
2699 0.125
1096 0.125
260 0.125
35318 0.111111
34696 0.111111
25249 0.111111
23168 0.111111
22254 0.111111
12455 0.111111
11452 0.111111
8965 0.111111
4964 0.111111
1155 0.111111
40685 0.1
34630 0.1
31637 0.1
29532 0.1
23123 0.1
18987 0.1
4786 0.1
22471 0.0909091
19211 0.0909091
13163 0.0909091
10636 0.0909091
8951 0.0909091
40826 0.0833333
20340 0.0833333
20278 0.0833333
14946 0.0833333
3578 0.0833333
28470 0.0769231
28072 0.0769231
27235 0.0714286
24548 0.0714286
23265 0.0714286
19588 0.0714286
15084 0.0714286
10106 0.0714286
1613 0.0714286
37771 0.0666667
29954 0.0666667
16813 0.0666667
9789 0.0666667
800 0.0666667
352 0.0666667
39802 0.0625
25364 0.0625
24359 0.0625
19496 0.0625
11930 0.0625
1716 0.0625
1501 0.0625
28780 0.0555556
15250 0.0555556
15119 0.0555556
40341 0.0526316
39838 0.0526316
29879 0.0526316
29264 0.0526316
25735 0.0526316
25208 0.0526316
21968 0.0526316
14866 0.0526316
12248 0.0526316
3263 0.0526316
40030 0.047619
30496 0.047619
27184 0.047619
23648 0.047619
18227 0.047619
16961 0.047619
12950 0.047619
11076 0.047619
6987 0.047619
1609 0.047619
1497 0.047619
33970 0.0434783
31105 0.0434783
18901 0.0434783
16210 0.0434783
12640 0.0434783
12198 0.0434783
38454 0.0416667
35545 0.0416667
30796 0.0416667
29221 0.0416667
28678 0.0416667
24068 0.0416667
22898 0.0416667
21925 0.0416667
21692 0.0416667
20210 0.0416667
18142 0.0416667
17222 0.0416667
16883 0.0416667
15488 0.0416667
6141 0.0416667
5799 0.0416667
40980 0
40979 0
40978 0
40977 0
40976 0
40975 0
40974 0
40973 0
40972 0
40971 0
40970 0
40969 0
40968 0
40967 0
40966 0
40965 0
40964 0
40963 0
40962 0
40961 0
40960 0
40959 0
40958 0
40957 0
40956 0
40955 0
40954 0
40953 0
40952 0
40951 0
40950 0
40949 0
40948 0
40947 0
40946 0
40945 0
40944 0
40943 0
40942 0
40940 0
40939 0
40938 0
40937 0
40936 0
40935 0
40934 0
40933 0
40932 0
40931 0
40930 0
40929 0
40928 0
40927 0
40926 0
40925 0
40924 0
40923 0
40922 0
40921 0
40920 0
40919 0
40918 0
40917 0
40916 0
40915 0
40914 0
40913 0
40912 0
40911 0
40910 0
40909 0
40908 0
40907 0
40906 0
40905 0
40904 0
40903 0
40902 0
40901 0
40900 0
40899 0
40898 0
40897 0
40896 0
40895 0
40894 0
40893 0
40892 0
40891 0
40890 0
40889 0
40888 0
40887 0
40886 0
40885 0
40884 0
40883 0
40882 0
40881 0
40880 0
40879 0
40878 0
40877 0
40876 0
40875 0
40874 0
40873 0
40872 0
40871 0
40870 0
40869 0
40868 0
40867 0
40866 0
40865 0
40864 0
40863 0
40862 0
40861 0
40860 0
40859 0
40858 0
40857 0
40856 0
40855 0
40854 0
40853 0
40852 0
40851 0
40850 0
40849 0
40848 0
40847 0
40846 0
40845 0
40844 0
40843 0
40842 0
40841 0
40840 0
40839 0
40838 0
40837 0
40836 0
40835 0
40834 0
40833 0
40832 0
40831 0
40830 0
40829 0
40828 0
40827 0
40825 0
40824 0
40823 0
40822 0
40821 0
40820 0
40819 0
40818 0
40817 0
40816 0
40815 0
40814 0
40813 0
40812 0
40811 0
40810 0
40809 0
40808 0
40807 0
40806 0
40805 0
40804 0
40803 0
40802 0
40801 0
40800 0
40799 0
40798 0
40797 0
40796 0
40795 0
40794 0
40793 0
40792 0
40791 0
40790 0
40789 0
40788 0
40787 0
40786 0
40785 0
40784 0
40783 0
40782 0
40781 0
40780 0
40779 0
40778 0
40777 0
40776 0
40775 0
40774 0
40773 0
40772 0
40771 0
40770 0
40769 0
40768 0
40767 0
40766 0
40765 0
40764 0
40763 0
40762 0
40761 0
40760 0
40759 0
40758 0
40757 0
40756 0
40755 0
40754 0
40753 0
40752 0
40751 0
40750 0
40749 0
40748 0
40747 0
40746 0
40745 0
40744 0
40743 0
40742 0
40741 0
40740 0
40739 0
40738 0
40737 0
40736 0
40735 0
40734 0
40733 0
40732 0
40731 0
40730 0
40729 0
40728 0
40727 0
