23843 96.2662
33163 83.2283
34768 65.9853
18428 58.9196
29401 45.3888
16236 45.3128
13309 42.5375
16390 31.5889
20250 27.3054
10480 23.3887
25304 20.7166
34312 19.7545
34758 16.6568
17312 15.9168
25885 15.6873
37778 14.2973
40882 13.9548
26521 13.9072
21682 13.7895
22501 11.6593
34737 11.5904
8672 11.2766
39383 10.7358
21341 10.2351
18328 10.1115
5163 9.82508
213 9.6468
4998 9.38331
1222 8.29359
17349 7.95971
8678 7.59127
3721 7.58122
23462 7.10229
32885 6.92437
9423 6.87453
25583 6.84958
38535 6.83881
19555 6.13498
24670 6.10724
33985 6.09286
13442 5.81646
21323 5.75586
2042 5.70675
28500 5.66097
18021 5.54964
29258 5.40797
16817 5.36898
35346 5.36266
10367 5.26032
1193 5.15278
21288 5.06876
14543 5.02967
26069 4.96266
4179 4.91667
40143 4.90589
38887 4.84802
1901 4.84085
32403 4.77931
25537 4.73429
32620 4.69048
17685 4.64406
33469 4.52186
23696 4.37897
31964 4.23883
35601 4.18569
9782 4.18333
27799 4.13092
10689 4.07063
9771 4.03341
797 4.01019
2601 3.99444
2885 3.99435
18803 3.86465
2675 3.84045
16933 3.80569
26824 3.78611
36326 3.76289
33982 3.73658
22594 3.68571
18099 3.67479
37888 3.64033
33585 3.62126
10210 3.429
17379 3.39286
31153 3.33868
17129 3.32946
3239 3.31673
16579 3.3119
25765 3.26567
26601 3.25238
23582 3.21801
17951 3.16274
9748 3.10001
40296 3.07736
4995 3.05952
6049 2.94213
16231 2.92868
34294 2.85357
25330 2.85221
22132 2.81667
32329 2.8001
37840 2.75952
21889 2.75865
16395 2.74875
11617 2.7
30764 2.69759
947 2.67692
543 2.67619
31307 2.66978
1289 2.62619
8361 2.59746
19820 2.53075
32522 2.51178
32940 2.4708
23024 2.42406
28355 2.40397
27454 2.40311
23077 2.36212
8313 2.36111
33633 2.33653
14203 2.31944
13635 2.30064
28334 2.29286
24239 2.27867
36256 2.18333
39142 2.1659
2275 2.15119
28988 2.08333
5730 2.07662
40716 2.05311
26067 2.03853
19590 2.03645
36888 2.03099
11080 2.01467
6473 2.00754
2171 1.99286
29113 1.98333
24552 1.97662
38335 1.95873
830 1.94488
30676 1.93834
8507 1.9373
7277 1.93432
10794 1.9119
8717 1.90406
29682 1.89686
27135 1.88938
9320 1.88645
27926 1.82266
15332 1.82063
987 1.81786
21118 1.81784
8088 1.80119
4300 1.77778
24825 1.7754
9615 1.75424
5821 1.75
34026 1.75
32690 1.75
30641 1.75
25353 1.74444
27082 1.72845
38189 1.70537
10389 1.70126
4589 1.70126
21703 1.7
19428 1.7
5337 1.7
26627 1.69108
10587 1.66667
32933 1.66179
16090 1.66069
36952 1.65182
25016 1.61021
32258 1.60374
24591 1.59286
14931 1.58849
29397 1.58694
24520 1.58333
18088 1.56795
10677 1.56667
8331 1.56667
27379 1.56516
22537 1.56516
22734 1.56028
4506 1.55526
39791 1.55196
37923 1.55101
27146 1.54283
6145 1.53929
3096 1.53333
12010 1.52778
22122 1.51213
24821 1.50952
7774 1.50532
10642 1.50202
11748 1.48333
8831 1.4762
1257 1.47143
721 1.46667
37958 1.45882
23993 1.449
6369 1.42654
16504 1.42517
6112 1.41318
109 1.41142
9820 1.40833
7639 1.40491
13355 1.404
28572 1.40202
6850 1.38333
27196 1.37917
27732 1.37763
11412 1.37436
12706 1.36905
32296 1.36667
35114 1.3547
32845 1.35278
40604 1.35103
24393 1.34167
16534 1.3374
30793 1.32886
22026 1.30385
14088 1.30278
39908 1.28333
25638 1.27387
3265 1.27222
26953 1.25
3783 1.25
39947 1.24928
27989 1.24928
110 1.24928
29373 1.23889
6992 1.23764
1904 1.23075
33835 1.22821
17571 1.2276
38577 1.22143
350 1.21658
9665 1.21246
30754 1.2095
5905 1.20889
29237 1.20014
18221 1.19702
781 1.19545
8570 1.18056
15609 1.17674
3068 1.17525
17268 1.16786
27700 1.16667
26181 1.16502
33233 1.16065
33798 1.15867
3111 1.15667
23232 1.15076
34433 1.14842
32652 1.14759
9543 1.14382
26149 1.14354
33662 1.13936
35792 1.13805
18732 1.13805
14583 1.13805
36605 1.1373
23000 1.13526
24835 1.12763
17509 1.12424
10826 1.1193
37027 1.11667
33649 1.10278
21689 1.10162
13287 1.10043
35301 1.09821
24615 1.09267
39411 1.09091
6336 1.08718
12427 1.08647
17131 1.08526
1951 1.07179
13916 1.06965
10802 1.06772
4695 1.06429
21260 1.06111
39069 1.05952
10845 1.05397
13993 1.05119
225 1.04283
14679 1.0366
7150 1.03037
17617 1.03025
18367 1.02778
14858 1.02261
15665 1.00988
20444 1.00877
25317 1.00799
3501 1.00064
37347 1
10652 1
6303 1
28790 0.991667
12069 0.991667
6330 0.991425
37967 0.989899
26730 0.985714
17632 0.979978
40688 0.976557
39 0.967532
2669 0.966603
15063 0.965451
17083 0.961204
19032 0.960141
28421 0.959181
40705 0.957875
450 0.944007
32427 0.939729
8419 0.925254
20804 0.920398
13684 0.919481
1460 0.918651
25876 0.917721
35126 0.916667
9400 0.916667
19807 0.916667
14963 0.916667
10061 0.914536
22169 0.910714
25200 0.90404
2286 0.888263
10765 0.887312
38583 0.88503
11488 0.88503
20315 0.883008
10080 0.88254
1550 0.880519
34053 0.878968
2869 0.87361
9196 0.867814
20134 0.866667
12451 0.866667
1379 0.866667
2089 0.865355
32814 0.859524
20523 0.858512
29539 0.856066
39022 0.847222
17902 0.846898
9442 0.842343
5089 0.841782
11418 0.835354
32614 0.833333
31301 0.833333
12681 0.833333
12522 0.833333
10705 0.833333
1728 0.833333
26596 0.829762
22907 0.828788
40883 0.818452
35415 0.815909
31972 0.814322
23898 0.814286
15599 0.812734
35766 0.81272
29492 0.809524
24754 0.809524
14767 0.809524
6232 0.804762
31834 0.802747
23966 0.802381
29710 0.802114
9720 0.800343
38899 0.796429
31778 0.789286
9026 0.789249
1306 0.788034
27714 0.787247
30767 0.785846
34111 0.783333
28220 0.783333
17682 0.783333
12864 0.783333
9781 0.783333
38301 0.783333
37974 0.783333
20940 0.783333
6235 0.783333
7054 0.777818
39811 0.767857
39370 0.766667
9272 0.766667
14398 0.761544
20008 0.760014
14774 0.757045
36451 0.752778
19280 0.751227
16076 0.75
7756 0.75
2 0.75
15067 0.747256
22530 0.744846
19822 0.74359
39962 0.742063
3014 0.741667
18788 0.739367
14119 0.738095
15228 0.738095
37711 0.733333
23282 0.733333
12118 0.733333
8578 0.733333
4761 0.733333
40760 0.733333
19943 0.733333
7716 0.733333
13215 0.727957
5111 0.72619
40049 0.722222
32808 0.716375
25376 0.715966
30097 0.712137
28769 0.71078
9869 0.710714
6041 0.710624
13206 0.709314
6158 0.708333
4944 0.708333
16083 0.704221
36147 0.703635
31366 0.703635
3318 0.696544
13654 0.695529
14800 0.694444
5352 0.694444
21712 0.693694
651 0.685925
4018 0.683333
39661 0.67619
39218 0.67619
25496 0.666667
10555 0.666667
26476 0.664869
6759 0.658333
5856 0.658333
3060 0.65
31235 0.649682
14488 0.645833
8661 0.644444
39580 0.642857
36649 0.642857
30054 0.642857
20413 0.642857
19772 0.642857
505 0.642857
19536 0.638889
7729 0.638095
28546 0.635965
17056 0.633835
17952 0.633333
26786 0.6284
5778 0.625
29077 0.623016
40714 0.616667
37327 0.616667
24632 0.616667
13123 0.616667
9845 0.616667
6016 0.616667
5279 0.616667
23836 0.61372
17492 0.613636
37924 0.611111
31500 0.611111
20928 0.607724
19774 0.605253
2458 0.604762
23155 0.602453
37134 0.60119
21281 0.6
36800 0.5993
25826 0.595785
16036 0.594007
31239 0.592857
23953 0.592857
16447 0.589259
15482 0.588889
33381 0.585965
37844 0.583333
23135 0.583333
35292 0.583333
5214 0.583333
4857 0.583333
9957 0.583062
40472 0.580711
35297 0.576812
28234 0.575583
30827 0.575
6239 0.575
25659 0.574509
30294 0.572354
1441 0.571429
