10986 8.86316
22594 4.26219
21668 2.99286
13485 2.78894
31301 1.29231
30997 1.17252
24612 1.16702
40899 1.15493
26352 1.13128
10076 1.09133
39613 1.04778
16172 1.03378
1957 1.01623
5666 1.01026
37127 0.943758
401 0.938889
26715 0.884524
17574 0.768565
21183 0.753782
25339 0.751054
5258 0.75
9838 0.661874
33962 0.634387
4298 0.633676
13179 0.621302
20669 0.573413
7803 0.567374
34228 0.563203
2149 0.555231
28938 0.521653
4348 0.5
3182 0.477778
9656 0.453968
9725 0.452514
34014 0.45202
18388 0.444444
36141 0.443478
15144 0.438889
34599 0.436111
22119 0.421739
12791 0.408333
32454 0.405357
38292 0.404696
25561 0.402778
27811 0.391667
790 0.383333
13043 0.377778
39965 0.370006
9766 0.358766
7514 0.358333
4158 0.35119
23085 0.347985
9485 0.347985
28051 0.341037
30579 0.333333
3992 0.333333
37249 0.323551
7762 0.311335
33350 0.302632
14653 0.299145
39459 0.288889
23696 0.288889
33918 0.284722
21202 0.283333
11801 0.283333
6481 0.283333
5940 0.283333
33016 0.281311
20060 0.281311
16995 0.278943
27336 0.277778
6415 0.276812
4705 0.27619
35616 0.27408
4322 0.27408
38351 0.251044
40889 0.25
28552 0.24359
40846 0.241891
17769 0.239423
16599 0.233929
22029 0.230556
40579 0.213743
3211 0.205128
36557 0.2
35208 0.2
34768 0.2
34407 0.2
17884 0.2
16514 0.2
11104 0.196256
9671 0.195833
33213 0.189312
28010 0.179315
35844 0.166667
21018 0.166667
18495 0.166667
18438 0.166667
4643 0.166667
2384 0.158863
11444 0.146739
39676 0.142857
35725 0.142857
8756 0.142857
38531 0.13285
33224 0.13285
40595 0.125
31925 0.125
22895 0.125
12402 0.125
3214 0.125
33157 0.116037
19433 0.116037
10906 0.116037
35534 0.111111
34867 0.111111
33865 0.111111
32225 0.111111
28659 0.111111
27799 0.111111
27505 0.111111
25731 0.111111
19365 0.111111
18656 0.111111
17273 0.111111
9520 0.111111
34342 0.103679
21295 0.103679
19299 0.1
19104 0.1
10088 0.1
9532 0.1
39483 0.0909091
33614 0.0909091
17862 0.0909091
16869 0.0909091
40825 0.0833333
4901 0.0833333
2829 0.0833333
11360 0.0769231
35262 0.0714286
29588 0.0714286
40616 0.0666667
35110 0.0666667
25663 0.0666667
22580 0.0666667
17858 0.0666667
16639 0.0666667
14901 0.0666667
4443 0.0666667
40288 0.0625
39572 0.0625
37780 0.0625
25784 0.0625
16462 0.0625
11028 0.0625
5725 0.0625
31467 0.0555556
30546 0.0555556
28146 0.0555556
27039 0.0555556
18107 0.0555556
10712 0.0555556
9730 0.0555556
7625 0.0555556
7348 0.0555556
1917 0.0555556
2247 0.0526316
33439 0.05
24074 0.05
9579 0.05
8247 0.05
32367 0.0434783
28117 0.0434783
8231 0.0434783
7474 0.0434783
5912 0.0434783
33049 0.0416667
31288 0.0416667
40248 0.0384615
27317 0.0384615
40017 0.0217391
38098 0.0217391
32269 0.0217391
31371 0.0217391
26883 0.0217391
20271 0.0217391
13136 0.0217391
8017 0.0217391
4433 0.0217391
1204 0.0217391
40980 0
40979 0
40978 0
40977 0
40976 0
40975 0
40974 0
40973 0
40972 0
40971 0
40970 0
40969 0
40968 0
40967 0
40966 0
40965 0
40964 0
40963 0
40962 0
40961 0
40960 0
40959 0
40958 0
40957 0
40956 0
40955 0
40954 0
40953 0
40952 0
40951 0
40950 0
40949 0
40948 0
40947 0
40946 0
40945 0
40944 0
40943 0
40942 0
40941 0
40940 0
40939 0
40938 0
40937 0
40936 0
40935 0
40934 0
40933 0
40932 0
40931 0
40930 0
40929 0
40928 0
40927 0
40926 0
40925 0
40924 0
40923 0
40922 0
40921 0
40920 0
40919 0
40918 0
40917 0
40916 0
40915 0
40914 0
40913 0
40912 0
40911 0
40910 0
40909 0
40908 0
40907 0
40906 0
40905 0
40904 0
40903 0
40902 0
40901 0
40900 0
40898 0
40897 0
40896 0
40895 0
40894 0
40893 0
40892 0
40891 0
40890 0
40888 0
40887 0
40886 0
40885 0
40884 0
40883 0
40882 0
40881 0
40880 0
40879 0
40878 0
40877 0
40876 0
40875 0
40874 0
40873 0
40872 0
40871 0
40870 0
40869 0
40868 0
40867 0
40866 0
40865 0
40864 0
40863 0
40862 0
40861 0
40860 0
40859 0
40858 0
40857 0
40856 0
40855 0
40854 0
40853 0
40852 0
40851 0
40850 0
40849 0
40848 0
40847 0
40845 0
40844 0
40843 0
40842 0
40841 0
40840 0
40839 0
40838 0
40837 0
40836 0
40835 0
40834 0
40833 0
40832 0
40831 0
40830 0
40829 0
40828 0
40827 0
40826 0
40824 0
40823 0
40822 0
40821 0
40820 0
40819 0
40818 0
40817 0
40816 0
40815 0
40814 0
40813 0
40812 0
40811 0
40810 0
40809 0
40808 0
40807 0
40806 0
40805 0
40804 0
40803 0
40802 0
40801 0
40800 0
40799 0
40798 0
40797 0
40796 0
40795 0
40794 0
40793 0
40792 0
40791 0
40790 0
40789 0
40788 0
40787 0
40786 0
40785 0
40784 0
40783 0
40782 0
40781 0
40780 0
40779 0
40778 0
40777 0
40776 0
40775 0
40774 0
40773 0
40772 0
40771 0
40770 0
40769 0
40768 0
40767 0
40766 0
40765 0
40764 0
40763 0
40762 0
40761 0
40760 0
40759 0
40758 0
40757 0
40756 0
40755 0
40754 0
40753 0
40752 0
40751 0
40750 0
40749 0
40748 0
40747 0
40746 0
40745 0
40744 0
40743 0
40742 0
40741 0
40740 0
40739 0
40738 0
40737 0
40736 0
40735 0
40734 0
40733 0
40732 0
40731 0
40730 0
40729 0
40728 0
40727 0
40726 0
40725 0
40724 0
40723 0
40722 0
40721 0
40720 0
40719 0
40718 0
40717 0
40716 0
40715 0
40714 0
40713 0
40712 0
40711 0
40710 0
40709 0
40708 0
40707 0
40706 0
40705 0
40704 0
40703 0
40702 0
40701 0
40700 0
40699 0
40698 0
40697 0
40696 0
40695 0
40694 0
40693 0
40692 0
40691 0
40690 0
40689 0
40688 0
40687 0
40686 0
40685 0
40684 0
40683 0
40682 0
40681 0
40680 0
40679 0
40678 0
40677 0
40676 0
40675 0
40674 0
40673 0
40672 0
40671 0
40670 0
40669 0
40668 0
