29934 168.423
8672 73.3702
31301 28.5127
3936 26.8242
18328 13.7127
27149 10.4618
37051 10.2796
23843 9.20629
6844 9.13333
20460 8.83016
1975 8.72897
19032 6.0746
933 5.65833
33480 4.80952
28277 4.45
22594 4.42738
23696 3.84716
27799 3.75833
32615 3.0648
30103 2.62619
2249 2.56667
10923 2.37619
26152 2.29286
8027 2.28452
1906 2.21905
24825 2.19286
20167 2.12778
40883 2.12619
18900 2.06399
18950 1.83333
26723 1.75848
9665 1.72619
23724 1.7
27866 1.61691
16788 1.61667
30721 1.53664
23762 1.45653
16791 1.36667
34768 1.29924
878 1.26667
4540 1.21026
26750 1.19924
8964 1.17796
32958 1.16111
7050 1.15238
21635 1.04524
3096 0.916667
30602 0.891057
39834 0.877381
39260 0.863622
20273 0.861905
33629 0.836689
38535 0.824145
20373 0.817857
27514 0.809524
987 0.783333
15179 0.75
2263 0.75
3001 0.75
15603 0.7
10737 0.7
7708 0.7
37711 0.694444
7052 0.694444
15926 0.683333
5693 0.67619
16652 0.65
14332 0.619048
32885 0.616667
27766 0.616667
6842 0.616667
989 0.583333
557 0.575
27381 0.568211
4216 0.566667
12766 0.55
657 0.542857
36452 0.533333
34167 0.533333
363 0.491667
23106 0.470112
28123 0.453968
4881 0.452381
21958 0.439109
15857 0.439109
11734 0.434524
17634 0.433766
7451 0.421277
30690 0.414134
1674 0.414134
17802 0.382857
4998 0.380556
19566 0.367857
3388 0.353002
24178 0.35119
36474 0.35
13309 0.34478
26007 0.34359
39773 0.333333
38316 0.333333
36431 0.333333
34222 0.333333
32959 0.333333
28704 0.333333
28305 0.333333
27790 0.333333
26866 0.333333
26859 0.333333
22573 0.333333
22184 0.333333
20169 0.333333
13156 0.333333
11658 0.333333
8934 0.333333
2663 0.333333
2427 0.333333
1377 0.333333
1028 0.333333
479 0.333333
17807 0.332388
4381 0.321277
35373 0.316667
19725 0.316667
16068 0.316667
9549 0.316667
8186 0.306818
20483 0.285845
11760 0.285845
39962 0.280556
30793 0.280556
2885 0.280556
31596 0.276111
10365 0.264134
9111 0.252778
40707 0.25
40188 0.25
38693 0.25
38429 0.25
37924 0.25
37587 0.25
37048 0.25
34825 0.25
34321 0.25
34152 0.25
33847 0.25
32921 0.25
31380 0.25
30490 0.25
29737 0.25
29173 0.25
29143 0.25
28917 0.25
28586 0.25
28507 0.25
27414 0.25
25175 0.25
23254 0.25
23193 0.25
22530 0.25
21778 0.25
21518 0.25
21039 0.25
18183 0.25
18034 0.25
17672 0.25
16397 0.25
16283 0.25
16012 0.25
14886 0.25
13464 0.25
12620 0.25
12243 0.25
9655 0.25
9561 0.25
9499 0.25
9232 0.25
6229 0.25
3809 0.25
1784 0.25
3505 0.241057
22655 0.232388
12461 0.232388
5946 0.232388
16121 0.229701
12388 0.22961
4500 0.214242
2702 0.210145
40951 0.2
40283 0.2
39102 0.2
38006 0.2
37759 0.2
37549 0.2
37130 0.2
36994 0.2
33537 0.2
31509 0.2
30377 0.2
28883 0.2
27802 0.2
27241 0.2
26449 0.2
25605 0.2
22690 0.2
20727 0.2
20418 0.2
18763 0.2
18274 0.2
17583 0.2
17407 0.2
13650 0.2
13631 0.2
12104 0.2
11958 0.2
11305 0.2
5362 0.2
2869 0.2
2241 0.2
33282 0.166667
32774 0.166667
32620 0.166667
31921 0.166667
31458 0.166667
31283 0.166667
28944 0.166667
28889 0.166667
28737 0.166667
28554 0.166667
28427 0.166667
27166 0.166667
26638 0.166667
26546 0.166667
26476 0.166667
22710 0.166667
19415 0.166667
18854 0.166667
15637 0.166667
15599 0.166667
14358 0.166667
13654 0.166667
13043 0.166667
9909 0.166667
9466 0.166667
8592 0.166667
8378 0.166667
6872 0.166667
6262 0.166667
6181 0.166667
5380 0.166667
4767 0.166667
3714 0.166667
3123 0.166667
2797 0.166667
2335 0.166667
1384 0.166667
865 0.166667
40802 0.142857
40654 0.142857
39035 0.142857
37046 0.142857
36916 0.142857
35578 0.142857
33698 0.142857
32732 0.142857
30054 0.142857
29997 0.142857
26740 0.142857
23767 0.142857
21075 0.142857
18890 0.142857
16849 0.142857
16310 0.142857
10587 0.142857
5396 0.142857
4538 0.142857
3315 0.142857
2867 0.142857
52 0.142857
5191 0.139866
4260 0.139866
37657 0.127255
26800 0.127255
16376 0.127255
5987 0.127255
40821 0.125145
11100 0.125145
40342 0.125
37527 0.125
35985 0.125
34312 0.125
33624 0.125
32099 0.125
25763 0.125
23059 0.125
20928 0.125
18428 0.125
18189 0.125
13916 0.125
13157 0.125
11081 0.125
8501 0.125
6656 0.125
4794 0.125
4405 0.125
3880 0.125
2585 0.125
35779 0.111111
34543 0.111111
32674 0.111111
20140 0.111111
18366 0.111111
16368 0.111111
14042 0.111111
10563 0.111111
10519 0.111111
10057 0.111111
7741 0.111111
1869 0.111111
1471 0.111111
40412 0.1
39416 0.1
36893 0.1
31806 0.1
28424 0.1
23855 0.1
21102 0.1
13397 0.1
6170 0.1
6030 0.1
39454 0.0909091
38791 0.0909091
37998 0.0909091
35778 0.0909091
31606 0.0909091
27434 0.0909091
26789 0.0909091
20385 0.0909091
20333 0.0909091
18616 0.0909091
18393 0.0909091
13466 0.0909091
27895 0.0833333
9263 0.0833333
40190 0.0769231
38565 0.0769231
35185 0.0769231
35014 0.0769231
30425 0.0769231
30272 0.0769231
25076 0.0769231
21978 0.0769231
19820 0.0769231
19404 0.0769231
18173 0.0769231
15873 0.0769231
14768 0.0769231
9442 0.0769231
5783 0.0769231
5719 0.0769231
4729 0.0769231
4189 0.0769231
2786 0.0769231
38503 0.0666667
36676 0.0666667
36603 0.0666667
34765 0.0666667
34401 0.0666667
33600 0.0666667
32976 0.0666667
30015 0.0666667
26551 0.0666667
24028 0.0666667
20606 0.0666667
19565 0.0666667
19138 0.0666667
18081 0.0666667
16917 0.0666667
15629 0.0666667
14661 0.0666667
4195 0.0666667
12756 0.0625
5675 0.0625
39791 0.0555556
38148 0.0555556
35063 0.0555556
33545 0.0555556
25016 0.0555556
13194 0.0555556
6937 0.0555556
233 0.0555556
37358 0.05
32653 0.05
20119 0.05
15922 0.05
15867 0.05
10622 0.05
9238 0.05
8058 0.05
7501 0.05
5262 0.05
4075 0.05
3426 0.05
35957 0.0434783
23227 0.0434783
30657 0.0416667
10134 0.0416667
37427 0.04
28456 0.04
23094 0.04
21877 0.04
18903 0.04
10629 0.04
6712 0.04
6596 0.04
40397 0.0212766
36639 0.0212766
36058 0.0212766
34900 0.0212766
28512 0.0212766
27906 0.0212766
23226 0.0212766
11837 0.0212766
5985 0.0212766
4104 0.0212766
3385 0.0212766
2590 0.0212766
2569 0.0212766
40980 0
40979 0
40978 0
40977 0
40976 0
40975 0
40974 0
40973 0
40972 0
40971 0
40970 0
40969 0
40968 0
40967 0
40966 0
40965 0
40964 0
40963 0
40962 0
40961 0
40960 0
40959 0
40958 0
40957 0
40956 0
40955 0
40954 0
40953 0
40952 0
40950 0
40949 0
40948 0
40947 0
40946 0
40945 0
40944 0
40943 0
40942 0
40941 0
40940 0
40939 0
40938 0
40937 0
40936 0
40935 0
40934 0
40933 0
40932 0
40931 0
40930 0
40929 0
40928 0
40927 0
40926 0
40925 0
40924 0
40923 0
40922 0
40921 0
40920 0
40919 0
40918 0
40917 0
40916 0
40915 0
40914 0
40913 0
40912 0
40911 0
40910 0
40909 0
40908 0
40907 0
