1975 25.4357
30054 7.81945
5458 6.1172
33972 4.42086
36474 3.05494
35925 2.90119
15922 2.68541
24958 2.52624
19566 2.19188
26830 1.88414
26315 1.87606
3007 1.87158
5594 1.86383
317 1.86027
12412 1.85656
32790 1.72778
36854 1.68932
39144 1.62895
34916 1.62355
39053 1.6199
9373 1.5071
40701 1.497
13157 1.48198
36185 1.45913
40114 1.42172
20281 1.36313
5061 1.36085
18748 1.28966
6514 1.2868
29428 1.26268
6983 1.20825
18950 1.16071
7501 1.15331
4075 1.14904
35497 1.10788
8438 1.10501
3730 1.09426
3096 1.0478
13467 1.02176
8261 1.01391
7441 1.0027
5145 0.97619
18368 0.929762
10923 0.908187
9793 0.905685
8672 0.875492
11202 0.84654
25262 0.84602
33827 0.845564
19610 0.84359
22294 0.826426
7654 0.823333
10146 0.819841
14718 0.817737
27807 0.808333
37646 0.80652
35267 0.8065
21810 0.806071
19077 0.802474
34573 0.775043
15435 0.765108
12800 0.759328
9499 0.751777
13680 0.74258
30201 0.737302
36608 0.727942
18341 0.721642
11508 0.718608
19152 0.7
8501 0.698481
12544 0.688668
8058 0.670887
35287 0.666717
8050 0.655152
34166 0.647109
38510 0.645384
6265 0.642857
14261 0.641073
3936 0.632946
5954 0.617265
19776 0.615702
37320 0.614787
2895 0.609894
21427 0.60202
16807 0.60119
14814 0.583333
19141 0.544564
9297 0.54052
5724 0.539753
12397 0.535354
20706 0.517118
29601 0.503585
38700 0.50131
9339 0.5
6393 0.494917
13770 0.490094
30443 0.48957
28767 0.477273
26164 0.474462
7244 0.458795
19032 0.447147
27043 0.431319
19126 0.41978
1866 0.413321
724 0.412338
27520 0.405252
1962 0.403497
22172 0.40011
3969 0.388312
18621 0.387888
35467 0.386447
3220 0.381319
10622 0.362637
11940 0.361111
32595 0.357332
15327 0.353909
28056 0.35119
30478 0.35049
15236 0.349326
38243 0.342857
25534 0.339286
20575 0.336601
22911 0.332266
15487 0.326452
2800 0.325251
32991 0.323925
28951 0.321429
17484 0.320238
32995 0.317857
20394 0.31385
20050 0.3127
40645 0.305195
33203 0.300595
17636 0.298687
23619 0.297619
25175 0.291667
29400 0.285014
21711 0.28486
26057 0.283986
25002 0.283515
38689 0.281124
35045 0.280836
17229 0.280556
26097 0.276111
32434 0.274242
7251 0.271863
20313 0.269841
30793 0.266713
2885 0.266713
830 0.266713
24431 0.266667
17996 0.261149
20950 0.257479
36096 0.250312
35494 0.25
33263 0.25
31809 0.25
29962 0.25
28677 0.25
19270 0.25
19054 0.25
16618 0.25
12138 0.25
6323 0.25
5066 0.25
32671 0.249206
22761 0.247835
20006 0.247664
34052 0.245833
26484 0.244048
40220 0.24
7628 0.23814
22273 0.235653
23743 0.234017
2889 0.233333
15221 0.232143
31301 0.229555
25451 0.226703
27449 0.22549
11654 0.223086
30668 0.22254
30210 0.222308
27801 0.216165
2654 0.216165
31737 0.212338
12327 0.208824
34322 0.207393
40061 0.204762
38787 0.203546
38846 0.2
33472 0.2
33402 0.2
32725 0.2
31711 0.2
29390 0.2
25552 0.2
18764 0.2
15691 0.2
19426 0.197943
25183 0.195971
2880 0.194979
34182 0.193074
25865 0.192033
10006 0.192033
21482 0.190018
37760 0.188995
24330 0.188743
12131 0.186813
30773 0.185455
27074 0.183882
34296 0.182186
8581 0.178528
23855 0.176984
22506 0.176407
17855 0.173929
9780 0.173929
35801 0.169555
8719 0.168016
24085 0.166667
22212 0.166667
16505 0.166667
10450 0.166667
9517 0.166667
5908 0.166667
34979 0.163611
32620 0.163611
34251 0.161455
6809 0.161429
16285 0.155686
33267 0.154683
2374 0.154683
14333 0.153846
8523 0.152747
7890 0.152632
8290 0.146544
40527 0.142857
40347 0.142857
34648 0.142857
28603 0.142857
23516 0.142857
16814 0.142857
6025 0.142857
4830 0.142857
3136 0.142857
20328 0.14127
18328 0.140212
4458 0.140212
17312 0.138816
11178 0.133631
28730 0.13291
9238 0.130013
1714 0.12813
7314 0.125714
2916 0.125714
36652 0.125
35908 0.125
30013 0.125
28679 0.125
28414 0.125
21681 0.125
11775 0.125
6359 0.125
3993 0.125
31851 0.121429
26727 0.115499
38946 0.115054
38888 0.115054
37912 0.111111
31084 0.111111
9574 0.111111
5591 0.111111
443 0.111111
8225 0.110197
37861 0.109127
7199 0.109127
24833 0.104304
28140 0.101316
36946 0.100829
26106 0.100829
15654 0.100829
37432 0.1
26860 0.1
21583 0.1
19575 0.1
3086 0.1
27799 0.0988496
23734 0.0945906
26736 0.0945638
21814 0.0945638
14638 0.0945638
25169 0.0929765
33882 0.0909091
24014 0.0909091
15240 0.0909091
7026 0.0909091
40779 0.090155
40323 0.090155
24921 0.090155
20238 0.0865836
38676 0.0833333
35822 0.0833333
34634 0.0833333
28315 0.0833333
25079 0.0833333
19958 0.0833333
12569 0.0833333
6139 0.0833333
39921 0.0794819
39991 0.0769231
38703 0.0769231
36734 0.0769231
34433 0.0769231
28322 0.0769231
27618 0.0769231
19118 0.0769231
17973 0.0769231
10742 0.0769231
2249 0.0769231
1493 0.0769231
34008 0.0758138
22438 0.0758138
40048 0.0714286
37923 0.0714286
27952 0.0714286
22315 0.0714286
21423 0.0714286
13646 0.0714286
12670 0.0714286
10813 0.0714286
1734 0.0714286
34702 0.0708796
32846 0.0695638
24366 0.0695638
40883 0.0666667
37006 0.0666667
21097 0.0666667
12154 0.0666667
40151 0.0634401
38889 0.0634401
30276 0.0634401
1078 0.0625
24374 0.0588235
21909 0.0588235
20294 0.0588235
17303 0.0588235
15772 0.0588235
12560 0.0588235
37888 0.0555556
31768 0.0555556
30459 0.0555556
27460 0.0555556
27420 0.0555556
25983 0.0555556
18507 0.0555556
16789 0.0555556
8210 0.0555556
5466 0.0555556
38666 0.0526316
38536 0.0526316
36571 0.0526316
36332 0.0526316
34896 0.0526316
20558 0.0526316
20288 0.0526316
20167 0.0526316
18562 0.0526316
13494 0.0526316
13372 0.0526316
12148 0.0526316
8806 0.0526316
1132 0.0526316
37837 0.05
37739 0.05
37342 0.05
37029 0.05
36901 0.05
33806 0.05
32930 0.05
30791 0.05
29833 0.05
29540 0.05
29473 0.05
28864 0.05
28580 0.05
26419 0.05
24222 0.05
24034 0.05
15714 0.05
14933 0.05
10033 0.05
9952 0.05
6790 0.05
6170 0.05
5188 0.05
4672 0.05
3770 0.05
2211 0.05
1430 0.05
140 0.05
37886 0.047619
37528 0.047619
32951 0.047619
26943 0.047619
24884 0.047619
14634 0.047619
12511 0.047619
10863 0.047619
7564 0.047619
568 0.047619
40412 0.0454545
31713 0.0454545
31630 0.0454545
27149 0.0454545
24945 0.0454545
21533 0.0454545
20339 0.0454545
14773 0.0454545
9056 0.0454545
3126 0.0454545
1585 0.0454545
447 0.0454545
38172 0.0416667
34509 0.0416667
12109 0.0416667
10084 0.0416667
34678 0.04
32387 0.04
28738 0.04
25611 0.04
15606 0.04
9185 0.04
4923 0.04
1739 0.04
1471 0.04
334 0.04
37784 0.0384615
35255 0.0384615
33580 0.0384615
24899 0.0384615
16314 0.0384615
15509 0.0384615
6395 0.0384615
5595 0.0384615
3148 0.0384615
35856 0.0357143
32645 0.0357143
31792 0.0357143
23305 0.0357143
22217 0.0357143
19960 0.0357143
16442 0.0357143
9442 0.0357143
29227 0.0322581
28452 0.0322581
16091 0.0322581
11357 0.0322581
3397 0.0322581
23645 0.03125
23006 0.03125
13377 0.03125
10718 0.03125
38766 0.0285714
25785 0.0285714
15382 0.0285714
12374 0.0285714
5356 0.0285714
4924 0.0285714
30100 0.0263158
22711 0.0263158
21685 0.0263158
9844 0.0263158
7011 0.0263158
18790 0.025
18174 0.025
17546 0.025
16512 0.025
35979 0.016129
35418 0.016129
30250 0.016129
27897 0.016129
25506 0.016129
22657 0.016129
21910 0.016129
13543 0.016129
11651 0.016129
11197 0.016129
6957 0.016129
5939 0.016129
5792 0.016129
3975 0.016129
2095 0.016129
39962 0.00884956
39778 0.00884956
38141 0.00884956
37892 0.00884956
37711 0.00884956
37581 0.00884956
35346 0.00884956
32121 0.00884956
30012 0.00884956
