14886 149.361
40166 94.3232
8465 91.5264
16010 81.954
10361 75.5556
13043 70.2991
17368 56.6905
24028 54.8899
33342 46.6227
2263 40.4482
29143 38.6406
20106 22.2089
12758 22.0936
36480 20.5649
8027 19.3585
18503 18.8701
32229 18.6578
32468 12.3498
22594 11.9046
5102 11.8355
20350 11.5213
13024 11.1042
31301 10.2233
12623 9.78231
8962 9.72538
24759 9.72209
8637 9.25979
19032 9.01819
4804 8.59891
38323 8.54902
34612 8.52518
8149 7.46352
20320 7.24066
6757 7.03882
29913 6.37696
15548 6.08065
25483 5.9916
33888 5.94082
28989 5.68344
29547 5.48212
31873 5.35592
23895 5.31301
29162 4.96794
38767 4.87741
37924 4.73533
13254 4.67657
29432 4.56555
19936 4.54017
39015 4.51136
16034 4.44626
33033 4.41712
39606 4.41669
16318 4.29559
301 4.15169
22472 4.02121
11906 3.88242
40795 3.69417
18946 3.67958
9561 3.62196
38384 3.58266
12283 3.52864
21629 3.51395
38234 3.32546
34650 3.28709
15465 3.19708
9547 3.18798
6079 3.1415
12742 3.07865
19738 3.07739
38386 3.06125
8399 3.05598
12381 2.888
40032 2.88123
19835 2.83038
37515 2.82659
15651 2.75791
16131 2.67292
19945 2.67255
8082 2.59614
8672 2.45307
23843 2.43313
15065 2.42654
4252 2.40004
2885 2.30642
23546 2.22063
534 2.2123
2335 2.16694
12624 2.10828
26187 2.10556
16753 2.04597
37010 2.04424
24746 2.03199
5693 2.03094
5042 1.98412
18467 1.96961
10923 1.91153
31509 1.90833
39193 1.88732
39492 1.81403
19513 1.77058
40429 1.74167
37628 1.72062
13478 1.69455
13221 1.68993
9003 1.675
32273 1.65162
22567 1.63794
4218 1.59243
35901 1.56505
30904 1.55169
1993 1.54603
746 1.50615
18328 1.46035
13305 1.457
15171 1.44986
13275 1.44663
9665 1.41722
15828 1.34081
164 1.33958
11553 1.3287
35710 1.32864
14102 1.31192
16914 1.30727
32079 1.29515
27308 1.26293
8383 1.23943
26734 1.23445
8250 1.23347
5137 1.21366
18347 1.20056
35848 1.19759
28519 1.18535
35205 1.18282
13194 1.16515
22289 1.1518
20273 1.14679
21493 1.14167
40103 1.12222
31176 1.11482
11999 1.11172
28798 1.10948
39376 1.10935
27676 1.09454
3342 1.09025
2973 1.06753
26148 1.06213
14092 1.025
18419 1.02471
7809 0.998918
878 0.995238
1975 0.985364
16789 0.977778
3281 0.969048
22060 0.958333
26750 0.954678
4288 0.946381
10818 0.929085
22205 0.925514
4563 0.918839
18727 0.917801
10950 0.913242
20978 0.904932
19171 0.867971
38062 0.859603
7546 0.853064
24916 0.852567
24294 0.840036
20148 0.83512
35423 0.83254
13440 0.829798
3163 0.829117
13023 0.824364
15357 0.81436
16074 0.810736
31045 0.807143
1818 0.807067
38429 0.783333
16219 0.764881
27799 0.757937
40883 0.75
38707 0.75
7708 0.727485
24825 0.719298
18258 0.718565
20182 0.714521
39406 0.712573
26898 0.709127
5405 0.709121
17634 0.706627
35336 0.700239
5214 0.7
11186 0.698413
363 0.696753
5853 0.687222
23722 0.683333
22276 0.682251
17687 0.67619
26455 0.66369
6618 0.660508
743 0.642157
9225 0.633333
32883 0.631061
23486 0.626776
52 0.625756
21678 0.603209
40315 0.5995
35261 0.599206
37876 0.586483
28275 0.586483
10246 0.584112
4591 0.576887
10227 0.568398
19063 0.566667
25933 0.566239
39945 0.563853
543 0.561111
19315 0.559649
2560 0.559524
20592 0.554824
30866 0.544822
9107 0.540909
8892 0.54
19979 0.538035
11253 0.525
9620 0.524778
36435 0.515873
20489 0.515186
2338 0.514286
12369 0.512088
12626 0.509499
18130 0.502613
33761 0.5
36409 0.499704
9556 0.492857
28998 0.491667
2143 0.488462
5285 0.488095
23447 0.48704
34904 0.486111
35646 0.477361
21384 0.460926
26249 0.457576
32589 0.457575
13646 0.455675
4579 0.455128
7754 0.452381
24208 0.45
21892 0.447024
31283 0.444444
38458 0.440386
8317 0.439959
10761 0.438095
11630 0.434848
1736 0.429167
5960 0.422727
1729 0.422727
38942 0.420071
33597 0.420071
16355 0.420071
11015 0.420071
3671 0.418752
29159 0.410714
17064 0.405128
8511 0.404448
20527 0.402916
38826 0.402778
37651 0.400641
34768 0.396825
4160 0.396429
37031 0.395833
37176 0.392271
19834 0.392206
21005 0.391667
18741 0.391667
23724 0.391667
2647 0.38353
36676 0.382263
13601 0.381519
3907 0.380952
21496 0.378577
16009 0.375096
1704 0.371795
30863 0.365079
19436 0.364034
34566 0.363586
18257 0.359841
19969 0.356942
12630 0.3566
1277 0.352437
919 0.349112
33937 0.34832
15031 0.348214
24705 0.347222
27702 0.344877
4547 0.34478
5353 0.343369
11615 0.343182
34467 0.333333
25219 0.333333
25020 0.333333
23582 0.333333
19035 0.333333
18718 0.333333
15561 0.333333
7084 0.333333
32832 0.331901
14143 0.329167
32179 0.329004
6269 0.326984
23750 0.32619
3269 0.309524
34279 0.306667
4405 0.303079
29571 0.294986
23570 0.294393
31862 0.293651
27345 0.293498
30793 0.29329
35726 0.292857
21919 0.292857
28833 0.291667
33825 0.291288
20710 0.286111
31513 0.284524
1893 0.282477
10965 0.280224
27634 0.279005
4096 0.278183
19953 0.275837
2847 0.273707
30858 0.273611
5613 0.270331
32742 0.269841
18274 0.268714
40078 0.268249
25573 0.268182
5920 0.268182
11546 0.265909
27514 0.265099
23014 0.265099
26088 0.261918
28380 0.261136
33259 0.260823
34600 0.260488
24962 0.258838
9081 0.257576
18319 0.256243
30970 0.253968
2840 0.252632
37397 0.25
36734 0.25
35301 0.25
34459 0.25
34203 0.25
33001 0.25
32606 0.25
29037 0.25
20742 0.25
18689 0.25
17312 0.25
15400 0.25
14586 0.25
8168 0.25
5362 0.25
4871 0.25
1324 0.25
10619 0.246825
1642 0.245833
10073 0.245721
186 0.245721
15245 0.245238
14139 0.244223
21229 0.24359
987 0.242816
19127 0.240005
6701 0.234072
31264 0.23205
15818 0.226874
31329 0.226018
5663 0.224747
17887 0.22114
4895 0.220963
11758 0.219284
40179 0.21869
4724 0.218317
13899 0.216883
20547 0.215219
20525 0.214118
6065 0.214118
867 0.214118
27886 0.213932
37877 0.213462
40340 0.211081
18201 0.210256
13941 0.209415
27382 0.208333
19249 0.207955
35245 0.202381
6334 0.202201
38779 0.2
37478 0.2
32061 0.2
31641 0.2
26923 0.2
25598 0.2
25315 0.2
25203 0.2
24414 0.2
23044 0.2
21911 0.2
20587 0.2
20167 0.2
17202 0.2
15179 0.2
11020 0.2
8980 0.2
2661 0.2
1957 0.2
865 0.2
5832 0.195105
33050 0.192293
6622 0.192293
11649 0.19127
22583 0.191048
37117 0.190858
12995 0.18891
30517 0.187879
33189 0.185594
17486 0.184878
30454 0.180375
29735 0.180375
23411 0.17859
33514 0.175865
27425 0.175631
21233 0.17484
23043 0.174176
24969 0.170455
37744 0.166667
36527 0.166667
36395 0.166667
35096 0.166667
34225 0.166667
33680 0.166667
32373 0.166667
29332 0.166667
26638 0.166667
23499 0.166667
22711 0.166667
19916 0.166667
15570 0.166667
13044 0.166667
9758 0.166667
8077 0.166667
7355 0.166667
6677 0.166667
6187 0.166667
5128 0.166667
1351 0.166667
1346 0.166667
6262 0.165266
20836 0.164745
24534 0.164394
13432 0.159756
28781 0.157661
24124 0.156989
22228 0.153963
22702 0.150005
18767 0.148629
39289 0.142857
27643 0.142857
25016 0.142857
24244 0.142857
23599 0.142857
20727 0.142857
16652 0.142857
15154 0.142857
11484 0.142857
1703 0.142857
38453 0.142677
32308 0.142677
32228 0.142677
21859 0.142677
18738 0.142677
15156 0.142677
11450 0.142677
11047 0.142677
7836 0.142677
35170 0.141667
35038 0.138649
29329 0.138649
40493 0.13474
5208 0.13474
11604 0.134295
37416 0.130773
5585 0.128704
15402 0.127381
12794 0.126832
29957 0.126323
39471 0.125
34825 0.125
