13654 155.137
27799 101.69
35766 94.642
36400 83.7945
12569 53.8009
14138 52.8189
37027 47.7317
2885 47.2493
13916 46.0277
432 40.2844
18520 39.068
24239 38.6228
40525 37.3945
27926 36.3109
31947 34.5375
17312 32.8273
16298 31.8944
36313 31.8578
23843 28.1892
7145 27.7801
5778 27.7441
35734 27.3786
40342 23.0753
3852 22.3966
8035 21.9241
3887 20.6316
25765 19.9269
33633 19.3919
37496 19.3614
24596 17.7576
6041 17.6357
29634 17.0893
10210 17.0764
6592 17.0464
32536 16.931
830 16.6253
13507 16.5974
26476 16.1816
2484 14.6595
21323 14.5327
35346 13.8495
26181 13.8236
37342 13.7121
16806 13.5711
24902 13.2971
21889 13.0183
34116 12.5338
30793 12.311
32620 12.2317
22530 11.8333
28094 11.8162
30209 11.7958
39791 11.6292
35317 11.6008
34043 11.5676
30897 11.3649
27190 11.045
16283 10.5688
39962 10.2501
23446 10.0579
20569 9.96174
550 9.84181
26786 9.73355
15012 9.59188
885 9.49674
9196 9.43572
27863 9.42704
7807 9.3967
24678 9.16954
8224 9.13624
22711 9.00233
4551 8.96085
29237 8.89839
19517 8.80696
15276 8.75504
34561 8.66195
16723 8.56975
20177 8.55426
18138 8.31165
18328 8.27686
6807 8.17959
12525 8.14476
37882 8.09454
22184 7.91946
8412 7.86657
14943 7.77111
31582 7.76911
24957 7.56221
9553 7.56214
29875 7.48703
29140 7.46523
31260 7.33769
5824 7.25596
8592 7.23714
2869 7.22687
38856 7.15327
15225 7.0991
39951 7.09332
9239 6.91982
15416 6.65806
3124 6.57836
38956 6.56323
6319 6.55591
12451 6.53236
26541 6.47732
2786 6.31978
7852 6.28846
19277 6.18781
1610 6.07643
4994 6.05492
3356 6.03737
3068 6.01441
21703 5.87529
8969 5.8104
2877 5.70185
11626 5.60694
2781 5.5639
17943 5.55077
39183 5.54372
35706 5.48262
20928 5.44136
14858 5.36158
30234 5.27024
36952 5.24867
35014 5.22761
12104 5.17668
7076 5.1647
27740 5.12121
25065 5.09523
27166 5.09264
37374 5.07292
1760 5.04757
33653 5.02348
26832 4.93821
18329 4.93694
25568 4.92829
259 4.90791
31301 4.7948
12522 4.78991
26546 4.77733
1659 4.74864
22594 4.68361
32886 4.64171
3541 4.63921
6518 4.63161
27208 4.61313
18683 4.60104
11113 4.58295
37546 4.37014
16395 4.30178
28110 4.29743
391 4.287
40597 4.15325
27349 4.08708
3535 4.02663
26095 3.97287
12289 3.96995
8027 3.88997
200 3.83624
38608 3.82545
5875 3.7958
4872 3.78714
37800 3.77049
3940 3.6684
21348 3.66227
39177 3.65405
15467 3.62172
32552 3.61929
29901 3.58872
22368 3.56671
3002 3.56281
18356 3.539
23439 3.49437
10 3.46548
15264 3.41897
13120 3.3839
39925 3.36256
19950 3.32111
3877 3.31279
592 3.30768
29626 3.30348
6924 3.29762
36918 3.29332
39671 3.26318
34565 3.23998
13628 3.23035
24505 3.23028
22405 3.22893
40890 3.19957
16181 3.18875
34923 3.17116
23251 3.16229
32930 3.12857
18842 3.12712
328 3.08145
32324 3.02273
34768 3.01194
33545 2.96931
27989 2.92026
30425 2.91634
9197 2.90869
35825 2.87151
19379 2.86736
21911 2.86221
19032 2.86037
30847 2.83478
40204 2.80217
26854 2.73831
33256 2.72907
10923 2.67076
9283 2.66164
37070 2.64592
17590 2.64432
16076 2.6391
4539 2.61752
37672 2.60575
38118 2.59908
33452 2.58786
36673 2.53397
6298 2.52504
2899 2.50591
29455 2.50371
15665 2.49904
14546 2.48133
20830 2.46052
36796 2.44104
33377 2.42911
24591 2.42421
30676 2.41839
3936 2.41801
25831 2.39288
1849 2.37179
8672 2.34475
4796 2.3336
8237 2.32415
33267 2.31411
6654 2.29073
6140 2.25448
878 2.24278
34363 2.23297
20250 2.20725
23432 2.19268
15434 2.18639
13433 2.18623
12541 2.18499
1791 2.18338
20093 2.18159
39567 2.17219
1462 2.15755
2752 2.15165
11393 2.14505
26366 2.12199
21903 2.10341
32838 2.10066
25651 2.08397
13759 2.08172
22388 2.07651
8212 2.06683
11080 2.06592
34911 2.05343
25362 2.03478
6830 2.0294
4058 2.01803
2585 2.01548
32841 2.00241
4467 1.99597
37924 1.97669
38583 1.97235
9665 1.95762
19967 1.95135
1965 1.94566
39947 1.94301
18248 1.93993
3821 1.93008
32043 1.92284
19653 1.92229
4761 1.91408
27033 1.89237
23468 1.89198
40314 1.88684
24126 1.88539
18531 1.87705
21801 1.86147
26323 1.84695
25504 1.83807
16745 1.83304
37502 1.83195
26794 1.82286
11488 1.82285
14534 1.79477
29923 1.79333
16097 1.78847
828 1.78271
34123 1.7444
26928 1.7429
28855 1.73913
19461 1.73743
11789 1.7155
19511 1.69567
14672 1.69491
29551 1.6895
39661 1.68137
1332 1.6709
21516 1.66542
6336 1.66312
12110 1.65471
37340 1.63968
7921 1.63884
25614 1.63468
35029 1.63348
11808 1.63267
17763 1.62893
29640 1.61762
18834 1.61712
19079 1.61225
2168 1.59782
30417 1.59762
23748 1.59299
19684 1.58438
38141 1.57322
2866 1.5714
110 1.5571
31090 1.55565
13337 1.54412
11804 1.53408
21601 1.52716
24923 1.52588
32688 1.52444
19712 1.51931
29300 1.51558
17033 1.51418
31938 1.51342
7536 1.50976
11243 1.50759
8828 1.49976
14842 1.4919
4112 1.49182
31858 1.47871
5103 1.46921
14380 1.45548
20152 1.45474
30419 1.45342
30186 1.44712
34439 1.43951
8417 1.43781
25659 1.43511
35463 1.43013
28964 1.42463
29851 1.40855
18835 1.40215
29225 1.40201
36457 1.40148
32829 1.39476
10654 1.39275
25076 1.39228
4023 1.38222
40861 1.37436
40165 1.36888
28407 1.3655
612 1.36533
9001 1.36459
29138 1.35952
36661 1.35858
22170 1.34719
25095 1.34336
170 1.33766
16504 1.33112
16947 1.32924
2621 1.32618
21217 1.32034
90 1.31667
31136 1.30668
19327 1.2983
11810 1.29636
38468 1.28933
12377 1.27641
6863 1.25956
21284 1.25886
21431 1.25428
5056 1.25182
18963 1.24928
21000 1.24775
32374 1.23624
24162 1.232
15562 1.22778
36528 1.21953
33108 1.20765
34999 1.20651
35978 1.20595
35194 1.20227
9907 1.19642
7766 1.1881
4934 1.18502
8197 1.18009
350 1.17979
109 1.16847
33391 1.16365
16250 1.15741
17154 1.15152
11410 1.15119
20763 1.15098
4998 1.14634
11409 1.14491
32708 1.13505
37958 1.12758
24371 1.12699
30275 1.12401
39245 1.12058
27395 1.11855
36540 1.11556
35525 1.1047
11909 1.10346
26084 1.10253
7274 1.09867
15576 1.09548
14768 1.09397
6906 1.09291
12974 1.0883
31509 1.0841
16047 1.08139
19774 1.07576
233 1.07435
35203 1.07406
1192 1.07356
35894 1.06951
23894 1.06215
17583 1.05776
31450 1.05663
36160 1.05343
19191 1.05334
21861 1.05091
39231 1.047
28651 1.04636
21978 1.04528
26950 1.03857
15054 1.0361
24400 1.03439
8105 1.03087
2570 1.0266
16284 1.01859
15873 1.01224
5821 1.00848
23370 1.00802
31589 1.00133
20007 0.990149
40241 0.989025
15958 0.987302
2749 0.986775
40282 0.985843
17786 0.985354
15075 0.983333
13043 0.981746
10253 0.976962
16001 0.970878
17137 0.969717
2863 0.969655
29077 0.968819
38952 0.965628
33693 0.965468
3507 0.95582
29768 0.953283
29589 0.948232
12943 0.947558
697 0.944338
39158 0.939983
8850 0.933793
17393 0.925084
38356 0.91972
29028 0.916667
19647 0.911919
3645 0.899931
20704 0.895268
29193 0.892153
6859 0.890383
22456 0.883053
2262 0.880913
416 0.880536
35185 0.870006
27486 0.869007
3753 0.86576
37597 0.864426
39400 0.860037
12907 0.859524
35175 0.858495
39125 0.836344
987 0.833333
27280 0.831944
12935 0.831846
35082 0.831814
33558 0.830303
31314 0.829975
7312 0.828637
5292 0.818841
16913 0.818347
17035 0.814341
10480 0.809524
20099 0.807752
10285 0.803433
11718 0.79687
36027 0.790958
