13654 16.4309
27799 14.6038
35346 11.6267
35766 9.61914
13916 9.3141
2885 8.17201
6807 7.93403
17312 7.906
36313 7.70406
14138 7.69437
27926 6.99256
12569 6.80709
10210 6.80363
36400 6.36671
22530 6.19251
3940 5.27122
13507 5.20476
16298 4.20908
15665 4.19927
5778 3.5059
2786 3.41125
24239 3.36924
25831 3.13552
38118 2.95604
33028 2.91501
14943 2.88057
11080 2.83659
432 2.79761
26095 2.7767
18520 2.63783
2262 2.60628
32043 2.59839
4994 2.46303
32930 2.43694
30209 2.40284
39947 2.40087
22544 2.36196
37882 2.31395
10 2.28647
19517 2.19561
3852 2.19554
31140 2.18639
30847 2.17937
110 2.14542
22184 2.117
35825 2.11574
4189 2.10626
24678 2.09168
14858 2.09131
27989 2.02535
35734 2.00518
22711 1.82804
30676 1.7936
37374 1.77898
828 1.76973
17583 1.74535
18435 1.71201
26476 1.69782
36673 1.67353
3291 1.65976
26069 1.62595
16076 1.62114
8035 1.61873
8969 1.61388
32620 1.58143
33267 1.5795
27166 1.54903
21323 1.54179
2484 1.53996
1610 1.52177
26181 1.51305
31301 1.50976
25765 1.50479
30897 1.49644
9196 1.48656
29634 1.48593
39177 1.43249
15416 1.41998
34999 1.40801
40890 1.38493
27863 1.35018
36712 1.33953
6140 1.33644
38583 1.32892
830 1.31716
30793 1.31247
21889 1.29658
17710 1.29648
12922 1.26959
40342 1.25147
2899 1.25109
37027 1.24147
3541 1.22078
8237 1.2141
30425 1.19984
27190 1.1956
31947 1.18422
32324 1.17115
33633 1.16992
6041 1.13943
12104 1.13537
16047 1.10126
37342 1.08726
22170 1.07945
13628 1.07456
31352 1.06472
11789 1.05371
23089 1.0312
2781 1.02548
4444 1.02405
259 0.969888
21186 0.969241
11626 0.962351
35317 0.960495
3887 0.952101
30693 0.943838
39962 0.943151
24790 0.94216
15276 0.941035
27033 0.936855
16097 0.936753
24400 0.931463
26546 0.921918
30379 0.915903
40525 0.914892
19580 0.911919
21978 0.886078
4112 0.884584
36918 0.882431
2869 0.881981
3718 0.875348
3068 0.872557
15873 0.837085
16806 0.832712
19967 0.821154
32536 0.820125
6067 0.813034
3002 0.809504
6518 0.803755
20928 0.80119
37233 0.797947
1760 0.797859
6033 0.79614
18834 0.789677
6707 0.788942
21757 0.773212
12525 0.773002
16787 0.765369
22594 0.729816
37672 0.728202
16283 0.718015
23468 0.715415
37502 0.705099
24957 0.694816
23843 0.694247
10453 0.689249
8197 0.686207
27208 0.685725
24137 0.682728
5875 0.682064
33119 0.68032
12110 0.669802
30417 0.662954
35185 0.656733
10196 0.654265
34378 0.65224
19048 0.651094
26786 0.649299
23898 0.646806
21000 0.645732
15012 0.637602
23439 0.635361
22088 0.628006
39951 0.627964
24902 0.62751
31450 0.617042
17590 0.616764
35525 0.615438
4934 0.612307
31564 0.612124
20099 0.610602
38772 0.607334
28106 0.603994
8224 0.603437
19684 0.603096
30419 0.598355
20704 0.597725
37305 0.595489
15467 0.593401
2837 0.588301
7145 0.587887
29030 0.585523
33518 0.571745
34565 0.569072
18329 0.565263
2027 0.562352
3356 0.556198
416 0.555035
36952 0.553405
28094 0.550962
16913 0.544877
29851 0.543819
29237 0.54351
2462 0.540079
18531 0.537905
33545 0.537782
35063 0.535586
9309 0.532185
26854 0.520654
38952 0.517398
4872 0.517304
25826 0.514687
8212 0.510473
37496 0.510036
18683 0.507969
27161 0.503218
6830 0.498499
9319 0.498266
33175 0.497444
29923 0.490451
29551 0.487395
17412 0.483363
37597 0.479997
4396 0.479798
14768 0.478492
8412 0.477646
14842 0.469563
23240 0.455041
15833 0.45202
4551 0.445211
9197 0.443431
20093 0.438148
28110 0.437636
25184 0.433109
31582 0.429401
38467 0.429167
21101 0.42894
25190 0.428669
14380 0.428453
18138 0.425295
15225 0.424868
33256 0.424573
39661 0.424565
6298 0.423691
34116 0.423082
27395 0.422601
28880 0.420234
36287 0.412465
24596 0.412347
19284 0.41229
34561 0.407921
21801 0.403484
28842 0.401629
28635 0.40122
17137 0.399315
1410 0.393814
2877 0.392814
39172 0.392446
22057 0.391542
3124 0.385399
612 0.38478
16745 0.383926
6859 0.38108
22313 0.380937
28988 0.380279
26485 0.376923
3535 0.376836
30876 0.376633
25651 0.373611
34098 0.372836
7649 0.368074
11810 0.367413
23715 0.36625
27349 0.364977
16395 0.363833
3820 0.362265
11808 0.359169
13669 0.358747
31390 0.357702
32243 0.357135
556 0.356965
13172 0.356429
23370 0.356064
17120 0.352778
39791 0.350402
23446 0.349444
32611 0.344231
9001 0.343129
39671 0.340069
29270 0.338613
21830 0.33858
7536 0.338303
1965 0.333127
11331 0.331638
328 0.328261
14600 0.327961
39245 0.327011
18328 0.326249
30344 0.322188
34770 0.322171
7937 0.321216
4028 0.320178
5824 0.316667
19712 0.316117
32788 0.315132
9583 0.311483
2168 0.310019
8592 0.309754
8408 0.308957
10501 0.306024
33108 0.305384
1332 0.302364
12449 0.301832
17943 0.301681
30636 0.299523
38608 0.296457
6319 0.296393
29902 0.296259
13670 0.29611
8672 0.2946
34169 0.292118
38659 0.290846
634 0.29015
38683 0.289199
22036 0.289199
12866 0.289199
306 0.288951
31553 0.288014
31260 0.287692
6654 0.286724
15493 0.28622
29875 0.285428
18935 0.285401
36117 0.284763
7852 0.283553
36540 0.282279
19511 0.281162
22368 0.279753
17033 0.279325
18092 0.276539
6336 0.27619
23034 0.275641
3854 0.274842
14672 0.273837
19379 0.272148
2376 0.272104
37881 0.271861
11727 0.269898
7412 0.269167
17154 0.266824
8615 0.26601
12893 0.264364
20840 0.264249
32729 0.264246
12766 0.262903
40764 0.262086
38329 0.261468
21772 0.261111
5209 0.256571
1659 0.25596
32841 0.253655
39400 0.253532
17105 0.253257
11488 0.252426
9180 0.25164
21217 0.251392
27840 0.251166
17393 0.250062
34457 0.25
11540 0.25
6924 0.248894
21010 0.248233
36160 0.247318
17786 0.245833
30883 0.245357
1973 0.244734
8850 0.239426
37024 0.239309
12393 0.233965
19277 0.23262
14934 0.230951
12377 0.228606
34156 0.227996
35793 0.227893
34167 0.227412
6166 0.223014
23696 0.222901
25673 0.222879
11718 0.22204
3877 0.220915
31110 0.220811
20177 0.219118
12681 0.219056
36278 0.218786
1849 0.216312
21703 0.21516
39960 0.213025
6992 0.212312
21903 0.20989
12661 0.209853
31810 0.208916
23585 0.208816
24591 0.206737
25479 0.205195
18866 0.204885
26349 0.204762
20071 0.204103
37958 0.204034
29140 0.201049
18842 0.200981
7118 0.2
7059 0.2
3438 0.2
30504 0.199377
39368 0.198352
29901 0.198186
4058 0.197315
35099 0.19689
21782 0.196563
5036 0.193664
32036 0.193494
28855 0.192779
39183 0.191952
16924 0.190673
18999 0.189639
37750 0.189484
18796 0.189444
16327 0.189385
40165 0.188227
7921 0.188095
39155 0.187865
22405 0.18631
21431 0.184602
27388 0.184142
38956 0.184102
11890 0.180556
428 0.17973
11077 0.17963
860 0.178462
37948 0.17779
35014 0.177632
18248 0.175956
34439 0.175714
33898 0.173521
29258 0.172222
32886 0.171529
5763 0.171474
6715 0.171268
26794 0.169705
5414 0.168821
33391 0.168552
13769 0.16798
885 0.167687
17952 0.166667
16399 0.166667
15268 0.166667
4937 0.166667
2560 0.166667
3162 0.166343
6906 0.165999
32544 0.165489
18369 0.165489
35463 0.165019
18356 0.164493
28381 0.163158
12788 0.163036
38762 0.162424
21348 0.162299
34819 0.160478
19774 0.159735
36643 0.159719
1131 0.159719
9661 0.159544
12708 0.158986
12935 0.158698
4900 0.157738
25659 0.155343
11113 0.154876
24368 0.153748
33796 0.152493
22836 0.151769
19867 0.151672
2542 0.151253
2813 0.150207
3936 0.150144
36273 0.14996
19313 0.148574
34923 0.147747
14534 0.147618
26448 0.146504
35894 0.146311
36796 0.143276
38621 0.142857
36857 0.142857
34311 0.142857
5719 0.142857
90 0.142857
10696 0.140132
16058 0.138072
27886 0.137016
