23843 4.50952
21592 2.54921
29401 2.00814
27668 1.26993
13309 1.19093
34737 1.17874
1550 1.13168
16390 0.880191
22026 0.804563
20250 0.77967
22594 0.583333
38962 0.438494
23696 0.392857
9665 0.392857
1313 0.392857
2681 0.333616
1240 0.333616
18658 0.321429
12051 0.316468
18990 0.300595
22987 0.293506
37590 0.273109
16313 0.25
4998 0.25
987 0.25
39640 0.243819
38909 0.242157
25638 0.2
22995 0.193872
17653 0.188095
25583 0.185747
39 0.185747
32668 0.166667
22857 0.166667
22749 0.15989
24758 0.150282
40882 0.142857
37098 0.142857
15252 0.142857
10417 0.142857
7097 0.142857
5711 0.142857
19028 0.111111
40110 0.1
20345 0.1
11650 0.1
9491 0.1
4846 0.1
4472 0.1
36451 0.088744
32652 0.088744
20680 0.088744
14543 0.088744
7579 0.088744
4471 0.088744
3501 0.088744
40327 0.0833333
35423 0.0833333
35156 0.0833333
32214 0.0833333
29143 0.0833333
27766 0.0833333
26658 0.0833333
25053 0.0833333
24683 0.0833333
24028 0.0833333
20106 0.0833333
19198 0.0833333
18422 0.0833333
16817 0.0833333
15400 0.0833333
13043 0.0833333
8465 0.0833333
5748 0.0833333
38927 0.0769231
22333 0.0769231
18757 0.0769231
36649 0.0714286
34556 0.0714286
25571 0.0714286
25016 0.0714286
18089 0.0714286
17638 0.0714286
16786 0.0714286
11239 0.0714286
39169 0.0666667
35697 0.0666667
22418 0.0666667
20310 0.0666667
17169 0.0666667
15694 0.0666667
15372 0.0666667
8221 0.0666667
8120 0.0666667
6125 0.0666667
3200 0.0666667
40426 0.0625
31908 0.0625
22820 0.0625
21394 0.0625
20719 0.0625
19200 0.0625
34446 0.0588235
29003 0.0588235
28609 0.0588235
27297 0.0588235
19744 0.0588235
6926 0.0588235
4606 0.0588235
2754 0.0588235
32785 0.05
29691 0.05
25297 0.05
24286 0.05
2675 0.05
1885 0.05
596 0.05
36858 0.0384615
29756 0.0384615
18582 0.0384615
18373 0.0384615
16625 0.0384615
11641 0.0384615
3265 0.0384615
3077 0.0384615
1395 0.0384615
38082 0.0333333
37924 0.0333333
31651 0.0333333
31264 0.0333333
30351 0.0333333
29113 0.0333333
28720 0.0333333
25353 0.0333333
15777 0.0333333
14530 0.0333333
10335 0.0333333
8962 0.0333333
7497 0.0333333
7093 0.0333333
2674 0.0333333
1514 0.0333333
804 0.0333333
37270 0.0169492
35564 0.0169492
34905 0.0169492
34062 0.0169492
31482 0.0169492
31305 0.0169492
30634 0.0169492
30045 0.0169492
29240 0.0169492
28769 0.0169492
27298 0.0169492
26409 0.0169492
25885 0.0169492
25179 0.0169492
25132 0.0169492
24535 0.0169492
24318 0.0169492
23252 0.0169492
21041 0.0169492
20459 0.0169492
19259 0.0169492
18578 0.0169492
15399 0.0169492
14371 0.0169492
13685 0.0169492
13429 0.0169492
13326 0.0169492
12979 0.0169492
12872 0.0169492
11764 0.0169492
11609 0.0169492
11439 0.0169492
9009 0.0169492
8541 0.0169492
7400 0.0169492
5905 0.0169492
4635 0.0169492
3316 0.0169492
1827 0.0169492
246 0.0169492
225 0.0169492
191 0.0169492
0 0.0169492
40980 0
40979 0
40978 0
40977 0
40976 0
40975 0
40974 0
40973 0
40972 0
40971 0
40970 0
40969 0
40968 0
40967 0
40966 0
40965 0
40964 0
40963 0
40962 0
40961 0
40960 0
40959 0
40958 0
40957 0
40956 0
40955 0
40954 0
40953 0
40952 0
40951 0
40950 0
40949 0
40948 0
40947 0
40946 0
40945 0
40944 0
40943 0
40942 0
40941 0
40940 0
40939 0
40938 0
40937 0
40936 0
40935 0
40934 0
40933 0
40932 0
40931 0
40930 0
40929 0
40928 0
40927 0
40926 0
40925 0
40924 0
40923 0
40922 0
40921 0
40920 0
40919 0
40918 0
40917 0
40916 0
40915 0
40914 0
40913 0
40912 0
40911 0
40910 0
40909 0
40908 0
40907 0
40906 0
40905 0
40904 0
40903 0
40902 0
40901 0
40900 0
40899 0
40898 0
40897 0
40896 0
40895 0
40894 0
40893 0
40892 0
40891 0
40890 0
40889 0
40888 0
40887 0
40886 0
40885 0
40884 0
40883 0
40881 0
40880 0
40879 0
40878 0
40877 0
40876 0
40875 0
40874 0
40873 0
40872 0
40871 0
40870 0
40869 0
40868 0
40867 0
40866 0
40865 0
40864 0
40863 0
40862 0
40861 0
40860 0
40859 0
40858 0
40857 0
40856 0
40855 0
40854 0
40853 0
40852 0
40851 0
40850 0
40849 0
40848 0
40847 0
40846 0
40845 0
40844 0
40843 0
40842 0
40841 0
40840 0
40839 0
40838 0
40837 0
40836 0
40835 0
40834 0
40833 0
40832 0
40831 0
40830 0
40829 0
40828 0
40827 0
40826 0
40825 0
40824 0
40823 0
40822 0
40821 0
40820 0
40819 0
40818 0
40817 0
40816 0
40815 0
40814 0
40813 0
40812 0
40811 0
40810 0
40809 0
40808 0
40807 0
40806 0
40805 0
40804 0
40803 0
40802 0
40801 0
40800 0
40799 0
40798 0
40797 0
40796 0
40795 0
40794 0
40793 0
40792 0
40791 0
40790 0
40789 0
40788 0
40787 0
40786 0
40785 0
40784 0
40783 0
40782 0
40781 0
40780 0
40779 0
40778 0
40777 0
40776 0
40775 0
40774 0
40773 0
40772 0
40771 0
40770 0
40769 0
40768 0
40767 0
40766 0
40765 0
40764 0
40763 0
40762 0
40761 0
40760 0
40759 0
40758 0
40757 0
40756 0
40755 0
40754 0
40753 0
40752 0
40751 0
40750 0
40749 0
40748 0
40747 0
40746 0
40745 0
40744 0
40743 0
40742 0
40741 0
40740 0
40739 0
40738 0
40737 0
40736 0
40735 0
40734 0
40733 0
40732 0
40731 0
40730 0
40729 0
40728 0
40727 0
40726 0
40725 0
40724 0
40723 0
40722 0
40721 0
40720 0
40719 0
40718 0
40717 0
40716 0
40715 0
40714 0
40713 0
40712 0
40711 0
40710 0
40709 0
40708 0
40707 0
40706 0
40705 0
40704 0
40703 0
40702 0
40701 0
40700 0
40699 0
40698 0
40697 0
40696 0
40695 0
40694 0
40693 0
40692 0
40691 0
40690 0
40689 0
40688 0
40687 0
40686 0
40685 0
40684 0
40683 0
40682 0
40681 0
40680 0
40679 0
40678 0
40677 0
40676 0
40675 0
40674 0
40673 0
40672 0
40671 0
40670 0
40669 0
40668 0
40667 0
40666 0
