31301 11230.8
30054 7250.23
8672 6081.96
19032 5052.2
18328 5038.18
19566 4588.38
23843 3864.4
32885 2749.64
15922 2704.73
27799 2635.3
22594 2464.47
6983 1878.86
3936 1669.93
10923 1535.25
36474 1336.75
20167 1293.93
20373 1260.3
34768 1159.01
3096 1136.03
39921 924.735
24825 895.279
13157 890.186
15603 849.312
6262 848.074
37711 832.785
2885 673.863
8027 606.775
18950 593.648
40883 585.787
21102 543.669
34916 537.738
25175 535.356
13043 532.154
5458 470.418
7708 463.313
14261 462.574
14718 460.47
8261 443.248
35925 432.838
15236 410.746
25552 407.33
25983 398.629
21711 374.117
22915 373.626
543 365.521
8501 364.321
5693 340.782
20913 338.797
23696 331.051
13467 317.266
21810 296.159
878 289.398
31283 265.312
37924 260.76
30793 254.392
23724 251.491
16512 241.78
17634 235.41
22228 229.816
7501 226.662
9952 222.339
36734 222.188
35287 215.605
35045 214.82
29934 208.493
17636 206.291
1734 193.186
4075 190.846
13543 189.121
2249 188.127
35497 188.088
33580 187.929
17312 185.384
27410 182.548
22239 177.104
30668 176.921
34543 173.278
987 172.995
16442 164.256
12800 163.111
25472 162.821
32595 159.527
9665 154.936
7909 152.747
31329 151.711
3730 150.436
8438 149.272
26106 148.729
6170 147.326
13194 144.678
6393 143.239
19141 142.056
33972 140.455
52 140.343
37796 139.634
27514 138.604
8225 136.115
38243 135.253
7895 134.719
26750 134.655
11202 133.631
865 132.858
22711 131.929
1471 130.756
37760 130.344
16652 129.758
38535 128.062
25525 127.048
13770 125.88
2895 124.7
37646 122.777
19077 122.74
1781 122.608
29428 121.745
26315 121.076
10737 120.951
25534 119.963
22172 119.929
12327 119.539
19270 117.035
5954 116.843
5214 115.727
8210 115.445
30773 115.184
32202 114.752
40412 114.486
8058 114.397
32846 113.275
27449 113.113
20494 112.35
38700 111.094
24239 109.918
21859 109.159
10006 108.5
32620 106.666
21320 104.332
15435 104.014
25865 103.711
12412 103.288
16791 100.393
16212 100.251
9442 99.8351
31851 99.8117
17301 99.4648
9238 99.2634
20706 97.7351
23855 95.2116
28322 95.0267
3969 94.4176
21005 91.0753
8290 89.4757
29400 88.926
5145 88.7919
25969 87.2846
38846 87.1598
4998 85.4007
34825 83.4324
17083 83.0794
18011 82.4626
20006 82.1957
20250 81.5228
29997 81.3262
18748 80.9852
40114 80.1422
9561 79.3615
28089 79.3354
25183 79.2638
26152 78.6198
11974 78.6002
25002 78.2075
1294 77.6425
25451 77.4119
7319 76.7187
28552 76.0355
11197 75.5514
30478 75.1523
24431 73.3533
363 73.3432
17546 73.2156
10622 72.274
7441 70.9485
21911 70.5781
23989 70.0503
35267 69.8323
24330 69.7199
28315 69.4347
38888 69.3735
11940 69.2511
17457 68.7451
15400 68.6855
39791 67.5124
19823 67.2206
11508 67.1531
830 66.4993
30180 66.2474
17589 66.2368
18764 66.1123
10361 65.9799
12511 65.9309
4405 65.8103
36854 65.5173
10100 65.3068
20281 65.2485
12544 65.1459
14544 65.1024
13635 64.6445
30012 63.3663
38638 62.8573
12466 62.8132
2560 62.7322
7691 62.1525
38510 62.0674
724 61.8525
32857 61.5118
26097 61.3744
9793 61.2287
35253 61.1323
32809 61.086
24366 61.0191
23053 60.4095
17399 60.3383
28457 60.1361
35990 60.0053
38787 59.662
10146 59.6068
12569 59.2856
2519 59.0133
12138 58.6135
5595 58.5728
18621 58.1853
17946 57.694
36899 57.4231
595 56.3199
4328 56.2655
34979 55.9473
27926 55.7678
7358 55.6984
9373 55.623
25016 55.4755
35885 55.391
11453 55.2783
22217 54.9174
40017 54.8641
32790 54.766
21889 54.7398
32467 53.4363
25262 53.3473
10480 52.74
27043 52.3179
37523 52.1506
18034 51.9772
8465 51.5179
39962 51.4265
15040 51.4077
182 51.1647
15691 50.8939
13654 50.6643
7052 50.5342
16789 49.7946
10523 49.5313
29601 49.5201
9499 49.4756
28603 49.2757
27766 48.7202
28580 48.5914
40182 47.9669
15599 47.8281
35734 47.7158
38676 47.6647
10604 47.3512
9297 47.0129
4928 46.9442
186 46.7475
38172 46.4169
39988 46.2338
39593 46.0489
39102 45.9502
24028 45.8652
32919 45.8428
2838 45.1397
22972 45.0161
7054 44.3234
27149 43.8254
40323 43.7157
32933 43.5881
17996 43.521
5362 43.2846
1866 43.0702
23700 42.8551
25584 42.7655
5061 42.5998
36096 42.4947
14812 42.4851
36608 42.2879
12299 42.1275
19316 42.1179
33402 41.9246
39053 41.9044
1374 41.6471
10137 41.2468
11651 41.1244
22998 40.8685
38418 40.8164
27434 40.5373
37426 40.4758
26484 40.4651
7729 40.36
16661 39.8292
40109 39.6401
13964 39.4732
14933 39.2402
37636 39.0581
19118 38.9727
11093 38.2129
25611 37.8986
10761 37.7013
39991 37.476
5691 37.2536
20360 37.2091
23346 36.8548
40701 36.5129
14886 36.4743
28414 36.3659
31964 36.3323
317 36.2816
5724 36.2357
26470 36.0779
23929 36.0707
2840 35.6851
22326 35.568
38002 35.5238
29227 35.284
32342 35.238
20119 35.2035
15769 35.1716
18700 34.8427
36395 34.792
13432 34.5501
33795 34.3681
33184 34.0737
29401 33.8963
40962 33.5786
26272 33.4804
9998 33.3723
34495 33.1867
31509 33.1356
32814 33.1237
19498 33.0506
39379 33.0384
9574 33.0373
26401 32.6891
17608 32.555
40645 32.4902
37888 32.4442
7199 32.1271
37601 31.951
29721 31.8964
36593 31.8083
24921 31.6092
14138 31.533
25048 31.5006
2869 31.379
31581 31.3469
7628 31.3256
30459 31.2167
1962 31.2079
12154 31.1994
10980 30.9856
2106 30.9667
38536 30.9048
21309 30.839
16091 30.7354
30722 30.6554
7654 30.6416
21341 30.6211
26830 30.4862
32229 30.3297
26554 30.2705
27375 30.2686
28497 30.1727
34766 30.1381
24414 30.0727
9607 29.9853
21685 29.9691
37176 29.9285
18341 29.8024
36332 29.7011
28126 29.5605
10225 29.3929
29143 29.3683
20558 29.042
19776 29.0373
36701 28.9678
28778 28.8764
3959 28.8699
19610 28.8436
34152 28.7778
34433 28.6887
9575 28.5964
27623 28.3554
37923 27.9708
1640 27.9075
27897 27.8393
7251 27.8104
9113 27.7986
4743 27.7891
17687 27.7719
9481 27.7569
24987 27.6813
10444 27.6398
32417 27.6213
23499 27.6021
26011 27.5711
38908 27.4063
18889 27.4056
30626 27.3856
15150 27.3732
9197 26.9627
31506 26.8805
38711 26.6524
36135 26.5651
33944 26.4539
24958 26.4304
15382 26.3944
29366 26.2917
13004 26.2119
17918 26.1262
34296 26.0794
28140 26.0442
33882 25.9886
30543 25.9325
30201 25.9109
15755 25.848
35766 25.819
22790 25.5952
6514 25.4462
30791 25.3967
26863 25.3838
20007 25.3798
21323 25.3165
16324 25.2468
21097 25.168
17514 25.0984
21482 24.989
18777 24.9726
5066 24.9409
20106 24.9086
989 24.8874
140 24.8537
31198 24.7805
23813 24.6334
18498 24.4628
34166 24.4576
15539 24.3781
21703 24.3311
12456 24.3226
17782 24.3218
12560 24.2717
33263 24.148
24197 24.0083
33267 23.9811
30100 23.9457
16290 23.9262
3161 23.8547
16817 23.7043
21393 23.6926
13945 23.6527
28094 23.6511
17484 23.3163
24678 23.2822
33921 23.2376
40089 23.2071
6997 23.0895
5482 23.0406
2880 23.0366
36919 23.0207
18274 22.8571
30250 22.8537
35209 22.8281
29737 22.8144
10813 22.7951
24383 22.769
2263 22.7304
709 22.664
38061 22.5381
40340 22.51
29833 22.4042
35346 22.3517
40957 22.2714
12437 22.1297
1714 22.0426
37432 22.025
3086 22.0127
14153 21.9636
35063 21.8363
4761 21.787
6096 21.7404
1616 21.6476
19415 21.6131
4923 21.5351
