31301 42.2579
22228 16.0544
32885 7.08378
2249 3.38616
3936 3.24912
17634 2.79128
52 2.35312
8672 2.25476
14544 1.91804
29997 1.7815
10523 1.55209
37711 1.44818
24825 1.22048
3648 1.2125
31146 1.19613
19032 1.16772
27799 1.16328
2885 1.16328
27514 1.10897
40017 1.10297
10737 1.07353
27623 1.04212
32620 1.02339
15603 1.01236
22557 0.981303
32136 0.965483
33944 0.9025
24428 0.886284
34825 0.880666
17725 0.83247
34768 0.82453
30793 0.743202
12466 0.679118
26750 0.662771
15263 0.651888
27886 0.631602
4405 0.614449
32933 0.607242
2387 0.601207
7894 0.598775
39582 0.580323
186 0.579646
36128 0.569716
16310 0.558824
10009 0.546558
3158 0.538818
32090 0.537185
5693 0.522985
18328 0.514495
18950 0.509524
18788 0.500999
13323 0.5
1427 0.489243
37550 0.482189
7009 0.482189
6096 0.479143
23696 0.477907
9665 0.477907
16791 0.465578
2775 0.464085
15506 0.460145
12217 0.455357
23364 0.44
14615 0.433766
39527 0.428571
128 0.425
10923 0.420568
32058 0.376508
12620 0.368498
11625 0.368347
20167 0.358333
18963 0.354753
34673 0.333481
32261 0.333333
23813 0.333333
16652 0.324389
27929 0.320481
2241 0.314567
18209 0.31396
5175 0.30989
24335 0.309302
1975 0.306445
6528 0.299799
29962 0.291667
6644 0.287901
22214 0.286725
23154 0.285169
23887 0.284627
19608 0.284627
8516 0.27799
5667 0.27799
7708 0.273703
27915 0.273109
34649 0.272836
32814 0.257456
39948 0.256944
27585 0.2544
32760 0.252529
40487 0.25
39750 0.25
38667 0.25
37523 0.25
30668 0.25
14626 0.25
13080 0.25
8608 0.25
8474 0.25
32843 0.245833
23495 0.242225
2647 0.24201
1851 0.240278
10630 0.239339
13422 0.225403
31354 0.225397
20457 0.223333
9575 0.222399
40174 0.221161
33616 0.215296
34311 0.210833
34167 0.210833
10880 0.202364
22594 0.20042
40036 0.2
38662 0.2
26011 0.2
23059 0.2
19300 0.2
18614 0.2
14349 0.2
9170 0.2
7000 0.2
31933 0.191871
40869 0.191749
33501 0.189733
35602 0.189286
13058 0.181849
39791 0.172106
36741 0.166667
36734 0.166667
35247 0.166667
26206 0.166667
19033 0.166667
17307 0.166667
13797 0.166667
8366 0.166667
878 0.166667
39730 0.162771
37923 0.161261
25584 0.161261
20409 0.161261
8571 0.161261
590 0.157674
37221 0.156517
11658 0.154808
39384 0.152201
20486 0.152189
10731 0.152189
8867 0.152189
26789 0.14415
21557 0.14415
40883 0.142857
40254 0.142857
38809 0.142857
34495 0.142857
33063 0.142857
31964 0.142857
31882 0.142857
18776 0.142857
18332 0.142857
13795 0.142857
6427 0.142857
2867 0.142857
3252 0.140183
2320 0.140183
2209 0.140183
37176 0.138235
22049 0.134185
17083 0.126045
8662 0.126045
6347 0.126045
13772 0.125717
37529 0.125
30444 0.125
20760 0.125
18777 0.125
17160 0.125
14502 0.125
11495 0.125
1655 0.125
3245 0.117259
28323 0.11683
19243 0.11683
18890 0.11683
28444 0.116716
23014 0.116716
28974 0.116704
19589 0.116704
30023 0.114462
13643 0.114462
8156 0.114462
21703 0.111111
21521 0.111111
10915 0.111111
9846 0.111111
7296 0.111111
5066 0.111111
26892 0.110701
28038 0.109945
36622 0.106195
1724 0.106195
17312 0.10427
38808 0.103387
31297 0.103387
26765 0.103387
25813 0.1
25445 0.1
23724 0.1
20966 0.1
16214 0.1
9197 0.1
39354 0.0909091
38515 0.0909091
36032 0.0909091
29795 0.0909091
28450 0.0909091
24803 0.0909091
23539 0.0909091
16216 0.0909091
3260 0.0909091
27926 0.0901041
24239 0.0901041
16298 0.0901041
36623 0.0833333
30021 0.0833333
29053 0.0833333
24762 0.0833333
16555 0.0833333
10117 0.0833333
7556 0.0833333
1213 0.0833333
37065 0.0769231
31581 0.0769231
28904 0.0769231
27434 0.0769231
25079 0.0769231
24819 0.0769231
14288 0.0769231
12709 0.0769231
6827 0.0769231
3297 0.0769231
2869 0.0769231
24382 0.0756778
20489 0.0756778
17075 0.0756778
13432 0.0756778
14001 0.0745955
9019 0.0745955
31956 0.0715647
8186 0.0715647
40374 0.0714286
39318 0.0714286
36208 0.0714286
26401 0.0714286
24623 0.0714286
9995 0.0714286
6173 0.0714286
5564 0.0714286
3382 0.0714286
18274 0.0709027
8521 0.0709027
5663 0.0709027
33667 0.0666667
28718 0.0666667
26897 0.0666667
21641 0.0666667
20129 0.0666667
12009 0.0666667
8748 0.0666667
4157 0.0666667
2982 0.0666667
738 0.0666667
39371 0.0625
35469 0.0625
34355 0.0625
34028 0.0625
33712 0.0625
33545 0.0625
31030 0.0625
30966 0.0625
30037 0.0625
27727 0.0625
26063 0.0625
24845 0.0625
23099 0.0625
21543 0.0625
20948 0.0625
19298 0.0625
16157 0.0625
16061 0.0625
15614 0.0625
14311 0.0625
6942 0.0625
5620 0.0625
3740 0.0625
1509 0.0625
865 0.0625
39131 0.0588235
38638 0.0588235
36693 0.0588235
34911 0.0588235
34485 0.0588235
32323 0.0588235
31202 0.0588235
27790 0.0588235
26272 0.0588235
24815 0.0588235
24367 0.0588235
22054 0.0588235
20759 0.0588235
20407 0.0588235
19001 0.0588235
18034 0.0588235
12386 0.0588235
24125 0.0566954
7729 0.0566954
6378 0.0566954
7054 0.0565293
31509 0.0560671
27401 0.0560671
12518 0.0560671
40001 0.0555556
38411 0.0555556
37797 0.0555556
24375 0.0555556
16890 0.0555556
15849 0.0555556
11196 0.0555556
1422 0.0555556
9442 0.0548635
8508 0.0548635
40573 0.0526316
23714 0.0526316
11615 0.0526316
37935 0.0518584
34433 0.0518584
33185 0.0518584
27963 0.0518584
27862 0.0518584
25287 0.0518584
24812 0.0518584
21911 0.0518584
17715 0.0518584
15411 0.0518584
11984 0.0518584
10581 0.0518584
10427 0.0518584
9561 0.0518584
7839 0.0518584
2840 0.0518584
1642 0.0518584
28194 0.05
26651 0.05
19691 0.05
3025 0.05
919 0.05
32789 0.0486177
27646 0.0486177
4408 0.0486177
36963 0.047619
33362 0.047619
31986 0.047619
22732 0.047619
22227 0.047619
15769 0.047619
15352 0.047619
12149 0.047619
10105 0.047619
36950 0.0434787
33078 0.0434787
31946 0.0434787
27939 0.0434787
18011 0.0434787
10073 0.0434787
8036 0.0434787
6815 0.0434787
3494 0.0434787
808 0.0434787
39256 0.0434783
37998 0.0434783
37508 0.0434783
32529 0.0434783
31200 0.0434783
30683 0.0434783
24756 0.0434783
19148 0.0434783
15162 0.0434783
13955 0.0434783
3906 0.0434783
3880 0.0434783
3600 0.0434783
34852 0.0416667
28290 0.0416667
17184 0.0416667
15237 0.0416667
14554 0.0416667
11958 0.0416667
30996 0.04
30322 0.04
27182 0.04
26310 0.04
17152 0.04
16366 0.04
12115 0.04
4845 0.04
1198 0.04
31921 0.0384615
17507 0.0384615
17159 0.0384615
15862 0.0384615
14206 0.0384615
1852 0.0384615
455 0.0384615
373 0.0384615
30288 0.037037
18248 0.037037
14744 0.037037
36221 0.0357143
35320 0.0357143
31638 0.0357143
28827 0.0357143
25084 0.0357143
25078 0.0357143
23249 0.0357143
13811 0.0357143
10732 0.0357143
10261 0.0357143
490 0.0357143
40316 0.0294118
39940 0.0294118
30054 0.0294118
29194 0.0294118
29032 0.0294118
27765 0.0294118
25215 0.0294118
25057 0.0294118
23655 0.0294118
23380 0.0294118
23211 0.0294118
19566 0.0294118
16833 0.0294118
13856 0.0294118
12787 0.0294118
6625 0.0294118
4082 0.0294118
3473 0.0294118
1204 0.0294118
33981 0.0263158
28245 0.0263158
25763 0.0263158
24619 0.0263158
16443 0.0263158
15282 0.0263158
13646 0.0263158
12141 0.0263158
11803 0.0263158
10980 0.0263158
7691 0.0263158
5203 0.0263158
4432 0.0263158
2289 0.0263158
2237 0.0263158
2227 0.0263158
39565 0.025641
39454 0.025641
38711 0.025641
37399 0.025641
37048 0.025641
36952 0.025641
33490 0.025641
33483 0.025641
33425 0.025641
32857 0.025641
29589 0.025641
29059 0.025641
21884 0.025641
21859 0.025641
20075 0.025641
19972 0.025641
17687 0.025641
15161 0.025641
11626 0.025641
11323 0.025641
9943 0.025641
9831 0.025641
9655 0.025641
8189 0.025641
5881 0.025641
4520 0.025641
805 0.025641
38116 0.0196078
