23843 3.5414
35698 2.53651
19182 2.07535
515 2.00169
4669 1.97415
337 1.38829
21283 1.37718
27482 1.34031
31159 1.28893
29401 1.0447
4420 0.927184
21889 0.914472
15347 0.60963
22066 0.585097
14543 0.538721
27926 0.494044
22594 0.488462
1610 0.469127
34737 0.44351
27989 0.443485
35285 0.436275
33633 0.419154
9825 0.382508
13309 0.379174
28094 0.36913
24678 0.36913
13654 0.36913
16301 0.355119
30676 0.341166
11080 0.341166
110 0.341166
18558 0.333333
39 0.32963
31729 0.305803
12863 0.305803
21323 0.295332
17153 0.27619
39947 0.273846
39383 0.269608
25016 0.25
9665 0.25
35346 0.245527
15994 0.245202
26069 0.239557
6592 0.236275
27799 0.233872
12872 0.22963
6756 0.226852
2877 0.206689
6017 0.20119
32502 0.2
21394 0.18791
8088 0.186147
35734 0.177694
35317 0.177694
29225 0.177694
22184 0.177694
12569 0.177694
6140 0.177694
2885 0.177694
350 0.173872
30209 0.170734
26203 0.166667
25200 0.166667
24591 0.166667
15020 0.166667
9999 0.166667
8031 0.166667
22313 0.158766
14138 0.158766
16504 0.153368
37374 0.15
31947 0.15
37888 0.142857
25267 0.142857
22355 0.142857
17948 0.142857
10677 0.142857
39627 0.127329
39085 0.127329
38969 0.127329
37819 0.127329
37462 0.127329
37064 0.127329
36725 0.127329
34537 0.127329
34438 0.127329
28928 0.127329
27531 0.127329
26567 0.127329
25507 0.127329
25202 0.127329
23120 0.127329
23110 0.127329
23003 0.127329
21776 0.127329
17810 0.127329
15869 0.127329
13370 0.127329
11591 0.127329
10234 0.127329
9287 0.127329
8783 0.127329
6522 0.127329
4695 0.127329
4618 0.127329
4412 0.127329
1799 0.127329
1218 0.127329
34043 0.126976
27033 0.126976
28967 0.125
25111 0.125
24374 0.125
22261 0.125
20682 0.125
15067 0.125
2675 0.125
18844 0.124067
23439 0.120829
22711 0.120829
17312 0.120829
556 0.120829
39791 0.119802
24239 0.119802
37743 0.111111
4606 0.111111
3828 0.111111
2754 0.111111
1344 0.111111
39541 0.108127
37710 0.108127
23007 0.108127
11315 0.108127
4471 0.104932
3501 0.104932
21448 0.104793
36451 0.1
33143 0.0948842
15416 0.0948842
2585 0.0948842
37347 0.0909091
35488 0.0909091
25651 0.0909091
23748 0.0909091
20273 0.0909091
6367 0.0909091
39079 0.0833333
35016 0.0833333
29043 0.0833333
17571 0.0833333
10237 0.0833333
4235 0.0833333
35832 0.0803663
24395 0.0759265
10810 0.0757638
34143 0.0748872
38608 0.073064
30153 0.073064
22530 0.073064
10656 0.073064
7878 0.073064
3541 0.073064
2612 0.073064
15225 0.0720276
35766 0.0706451
24870 0.0706451
13916 0.0706451
2869 0.0706451
26566 0.0702082
1705 0.0702082
31301 0.0666667
30278 0.0666667
22809 0.0666667
20931 0.0666667
15276 0.0666667
5093 0.0666667
12393 0.0572702
32620 0.0558761
19379 0.0558761
18520 0.0503253
17785 0.0503253
38812 0.05
35203 0.05
27134 0.05
19515 0.05
38479 0.0466849
37270 0.0466849
36197 0.0466849
32652 0.0466849
28360 0.0466849
18582 0.0466849
12575 0.0466849
3265 0.0466849
2200 0.0466849
37267 0.0454545
33026 0.0454545
30321 0.0454545
30284 0.0454545
30267 0.0454545
24972 0.0454545
23512 0.0454545
23155 0.0454545
21589 0.0454545
16197 0.0454545
9706 0.0454545
7412 0.0454545
6110 0.0454545
6034 0.0454545
5875 0.0454545
27208 0.0454151
24457 0.0454151
14053 0.0454151
6862 0.0454151
28988 0.0413243
27349 0.0413243
24063 0.0413243
16298 0.0413243
39661 0.0402814
37597 0.0402814
35439 0.0402814
33108 0.0402814
33052 0.0402814
21861 0.0402814
20919 0.0402814
19511 0.0402814
12016 0.0402814
9001 0.0402814
40915 0.0384615
40393 0.0384615
39877 0.0384615
37937 0.0384615
37245 0.0384615
30117 0.0384615
29501 0.0384615
26134 0.0384615
24843 0.0384615
23724 0.0384615
23582 0.0384615
22800 0.0384615
19943 0.0384615
18200 0.0384615
16752 0.0384615
16379 0.0384615
13109 0.0384615
10528 0.0384615
9233 0.0384615
8562 0.0384615
7068 0.0384615
5350 0.0384615
4648 0.0384615
3805 0.0384615
39177 0.0333878
36673 0.0333878
30793 0.0333878
29634 0.0333878
25367 0.0333878
20315 0.0333878
18997 0.0333878
11718 0.0333878
7145 0.0333878
5937 0.0333878
432 0.0333878
36775 0.0285714
16718 0.0285714
3561 0.0285714
35941 0.0262967
21217 0.0262967
20721 0.0262967
7074 0.0262967
6859 0.0262967
4444 0.0262967
3852 0.0262967
3291 0.0262967
1290 0.0262967
37931 0.0204082
29318 0.0204082
23370 0.0204082
12206 0.0204082
7125 0.0204082
2168 0.0204082
17142 0.02
37027 0.0196078
36461 0.0196078
35983 0.0196078
33798 0.0196078
31387 0.0196078
31243 0.0196078
30417 0.0196078
29358 0.0196078
26754 0.0196078
25599 0.0196078
12808 0.0196078
8820 0.0196078
5504 0.0196078
5271 0.0196078
40715 0.0185185
40389 0.0185185
40296 0.0185185
39640 0.0185185
39273 0.0185185
33997 0.0185185
33530 0.0185185
31908 0.0185185
31683 0.0185185
30802 0.0185185
29549 0.0185185
28769 0.0185185
26730 0.0185185
26409 0.0185185
23484 0.0185185
19259 0.0185185
17638 0.0185185
17322 0.0185185
15885 0.0185185
13661 0.0185185
13161 0.0185185
12280 0.0185185
11404 0.0185185
10663 0.0185185
4934 0.0185185
4495 0.0185185
3002 0.0185185
2286 0.0185185
2027 0.0185185
1073 0.0185185
38850 0.0178571
37494 0.0178571
36001 0.0178571
35518 0.0178571
34905 0.0178571
29687 0.0178571
29336 0.0178571
27298 0.0178571
27002 0.0178571
25885 0.0178571
25479 0.0178571
25179 0.0178571
25132 0.0178571
24758 0.0178571
24506 0.0178571
22987 0.0178571
22373 0.0178571
21041 0.0178571
20823 0.0178571
20250 0.0178571
19820 0.0178571
17902 0.0178571
16924 0.0178571
16283 0.0178571
14398 0.0178571
14371 0.0178571
13685 0.0178571
11626 0.0178571
11439 0.0178571
11239 0.0178571
10456 0.0178571
8617 0.0178571
7577 0.0178571
4468 0.0178571
2918 0.0178571
2621 0.0178571
946 0.0178571
819 0.0178571
225 0.0178571
39951 0.0133333
39472 0.0133333
38952 0.0133333
38762 0.0133333
33119 0.0133333
31140 0.0133333
29091 0.0133333
29030 0.0133333
24505 0.0133333
21000 0.0133333
19624 0.0133333
18452 0.0133333
18383 0.0133333
17373 0.0133333
16250 0.0133333
16233 0.0133333
13491 0.0133333
11113 0.0133333
8879 0.0133333
8212 0.0133333
8035 0.0133333
6924 0.0133333
5419 0.0133333
3940 0.0133333
40069 0.0131579
36952 0.0131579
36395 0.0131579
35525 0.0131579
35185 0.0131579
34740 0.0131579
33256 0.0131579
32536 0.0131579
31318 0.0131579
26832 0.0131579
26084 0.0131579
21978 0.0131579
21474 0.0131579
21348 0.0131579
16913 0.0131579
15873 0.0131579
14768 0.0131579
13140 0.0131579
5719 0.0131579
3936 0.0131579
2749 0.0131579
2069 0.0131579
1931 0.0131579
830 0.0131579
40342 0.0103093
35982 0.0103093
35029 0.0103093
34312 0.0103093
33870 0.0103093
31858 0.0103093
31225 0.0103093
30419 0.0103093
30351 0.0103093
29640 0.0103093
27160 0.0103093
25330 0.0103093
21757 0.0103093
18428 0.0103093
17492 0.0103093
17154 0.0103093
16076 0.0103093
14529 0.0103093
12976 0.0103093
11491 0.0103093
8680 0.0103093
7453 0.0103093
6518 0.0103093
6111 0.0103093
2484 0.0103093
1659 0.0103093
550 0.0103093
40644 0.00909091
40632 0.00909091
36796 0.00909091
36732 0.00909091
36400 0.00909091
34610 0.00909091
33773 0.00909091
33518 0.00909091
31589 0.00909091
30693 0.00909091
28789 0.00909091
28749 0.00909091
28110 0.00909091
27721 0.00909091
25081 0.00909091
25058 0.00909091
24206 0.00909091
22641 0.00909091
22388 0.00909091
21115 0.00909091
20099 0.00909091
19465 0.00909091
18138 0.00909091
17637 0.00909091
17590 0.00909091
15042 0.00909091
12973 0.00909091
11266 0.00909091
11264 0.00909091
10994 0.00909091
8427 0.00909091
7792 0.00909091
6959 0.00909091
6172 0.00909091
6105 0.00909091
5159 0.00909091
3980 0.00909091
3709 0.00909091
3706 0.00909091
3068 0.00909091
3003 0.00909091
2307 0.00909091
413 0.00909091
109 0.00909091
40764 0.00689655
39671 0.00689655
38118 0.00689655
37502 0.00689655
36160 0.00689655
35615 0.00689655
35463 0.00689655
35282 0.00689655
33028 0.00689655
32324 0.00689655
31048 0.00689655
30717 0.00689655
25184 0.00689655
24400 0.00689655
22283 0.00689655
21010 0.00689655
