39688 4.22932
38110 4.22932
17251 2.80909
6262 2.61962
11140 2.13454
36441 1.794
28486 1.57639
11758 1.10319
26701 1.04952
6469 1.03211
14548 0.991346
16192 0.649854
37783 0.608298
497 0.608298
35841 0.545772
6506 0.535714
18242 0.451407
28240 0.437068
22594 0.377778
30510 0.367227
34848 0.362637
23562 0.340322
8140 0.338346
19042 0.333333
12580 0.333333
5457 0.333333
28297 0.291693
12199 0.291693
33086 0.288518
12692 0.278451
6554 0.278451
26815 0.265873
7067 0.258403
33521 0.257064
40841 0.253597
22171 0.253597
28693 0.25
22625 0.25
12222 0.237121
1737 0.237121
24829 0.225397
35154 0.223016
10571 0.200595
13861 0.195971
37238 0.184722
29890 0.179616
29213 0.165675
4242 0.165675
40184 0.159074
31349 0.148629
18328 0.142857
14069 0.136759
6418 0.136759
1269 0.133756
893 0.13285
26011 0.125
19334 0.125
18011 0.125
9849 0.125
29530 0.124647
30554 0.119048
28552 0.111111
25468 0.107764
7950 0.107764
38599 0.10697
22703 0.10697
11438 0.10697
36935 0.0666667
28962 0.0666667
27895 0.0666667
16747 0.0666667
16652 0.0666667
14011 0.0666667
3354 0.0666667
3325 0.0666667
989 0.0666667
27335 0.0625
23696 0.0625
22762 0.0625
17774 0.0625
17715 0.0625
4227 0.0625
1642 0.0625
16374 0.0588235
10949 0.0588235
36119 0.0555556
33781 0.0555556
17654 0.0555556
11390 0.0555556
22799 0.0526316
16140 0.0526316
13484 0.0526316
38233 0.047619
15970 0.047619
4732 0.047619
40587 0.0454545
9139 0.0454545
5101 0.0454545
40449 0.0434783
30118 0.0434783
18742 0.0434783
9065 0.0434783
36386 0.0357143
33250 0.0357143
30399 0.0357143
27251 0.0357143
15982 0.0357143
15213 0.0357143
9395 0.0357143
1499 0.0357143
1182 0.0357143
39909 0.0285714
36536 0.0285714
35570 0.0285714
28206 0.0285714
26383 0.0285714
16195 0.0285714
11838 0.0285714
8908 0.0285714
8740 0.0285714
5277 0.0285714
3800 0.0285714
2493 0.0285714
39261 0.0277778
37242 0.0277778
36238 0.0277778
34768 0.0277778
34472 0.0277778
33102 0.0277778
27782 0.0277778
14879 0.0277778
9389 0.0277778
40980 0
40979 0
40978 0
40977 0
40976 0
40975 0
40974 0
40973 0
40972 0
40971 0
40970 0
40969 0
40968 0
40967 0
40966 0
40965 0
40964 0
40963 0
40962 0
40961 0
40960 0
40959 0
40958 0
40957 0
40956 0
40955 0
40954 0
40953 0
40952 0
40951 0
40950 0
40949 0
40948 0
40947 0
40946 0
40945 0
40944 0
40943 0
40942 0
40941 0
40940 0
40939 0
40938 0
40937 0
40936 0
40935 0
40934 0
40933 0
40932 0
40931 0
40930 0
40929 0
40928 0
40927 0
40926 0
40925 0
40924 0
40923 0
40922 0
40921 0
40920 0
40919 0
40918 0
40917 0
40916 0
40915 0
40914 0
40913 0
40912 0
40911 0
40910 0
40909 0
40908 0
40907 0
40906 0
40905 0
40904 0
40903 0
40902 0
40901 0
40900 0
40899 0
40898 0
40897 0
40896 0
40895 0
40894 0
40893 0
40892 0
40891 0
40890 0
40889 0
40888 0
40887 0
40886 0
40885 0
40884 0
40883 0
40882 0
40881 0
40880 0
40879 0
40878 0
40877 0
40876 0
40875 0
40874 0
40873 0
40872 0
40871 0
40870 0
40869 0
40868 0
40867 0
40866 0
40865 0
40864 0
40863 0
40862 0
40861 0
40860 0
40859 0
40858 0
40857 0
40856 0
40855 0
40854 0
40853 0
40852 0
40851 0
40850 0
40849 0
40848 0
40847 0
40846 0
40845 0
40844 0
40843 0
40842 0
40840 0
40839 0
40838 0
40837 0
40836 0
40835 0
40834 0
40833 0
40832 0
40831 0
40830 0
40829 0
40828 0
40827 0
40826 0
40825 0
40824 0
40823 0
40822 0
40821 0
40820 0
40819 0
40818 0
40817 0
40816 0
40815 0
40814 0
40813 0
40812 0
40811 0
40810 0
40809 0
40808 0
40807 0
40806 0
40805 0
40804 0
40803 0
40802 0
40801 0
40800 0
40799 0
40798 0
40797 0
40796 0
40795 0
40794 0
40793 0
40792 0
40791 0
40790 0
40789 0
40788 0
40787 0
40786 0
40785 0
40784 0
40783 0
40782 0
40781 0
40780 0
40779 0
40778 0
40777 0
40776 0
40775 0
40774 0
40773 0
40772 0
40771 0
40770 0
40769 0
40768 0
40767 0
40766 0
40765 0
40764 0
40763 0
40762 0
40761 0
40760 0
40759 0
40758 0
40757 0
40756 0
40755 0
40754 0
40753 0
40752 0
40751 0
40750 0
40749 0
40748 0
40747 0
40746 0
40745 0
40744 0
40743 0
40742 0
40741 0
40740 0
40739 0
40738 0
40737 0
40736 0
40735 0
40734 0
40733 0
40732 0
40731 0
40730 0
40729 0
40728 0
40727 0
40726 0
40725 0
40724 0
40723 0
40722 0
40721 0
40720 0
40719 0
40718 0
40717 0
40716 0
40715 0
40714 0
40713 0
40712 0
40711 0
40710 0
40709 0
40708 0
40707 0
40706 0
40705 0
40704 0
40703 0
40702 0
40701 0
40700 0
40699 0
40698 0
40697 0
40696 0
40695 0
40694 0
40693 0
40692 0
40691 0
40690 0
40689 0
40688 0
40687 0
40686 0
40685 0
40684 0
40683 0
40682 0
40681 0
40680 0
40679 0
40678 0
40677 0
40676 0
40675 0
40674 0
40673 0
40672 0
40671 0
40670 0
40669 0
40668 0
40667 0
40666 0
40665 0
40664 0
40663 0
40662 0
40661 0
40660 0
40659 0
40658 0
40657 0
40656 0
40655 0
40654 0
40653 0
40652 0
40651 0
40650 0
40649 0
40648 0
40647 0
40646 0
40645 0
40644 0
40643 0
40642 0
40641 0
40640 0
40639 0
40638 0
40637 0
40636 0
40635 0
40634 0
40633 0
40632 0
40631 0
40630 0
40629 0
40628 0
40627 0
40626 0
40625 0
40624 0
40623 0
40622 0
40621 0
40620 0
40619 0
40618 0
40617 0
40616 0
40615 0
40614 0
40613 0
40612 0
