32 7.15872
33042 3.56074
30222 3.45303
1991 2.66106
26726 2.29515
31355 1.95701
21473 1.93479
37244 1.61875
17843 1.52464
6752 1.44783
31143 1.42299
5117 1.40801
25544 1.26454
15438 1.22256
25390 1.08619
15984 1.07049
21701 1.04781
1317 0.932326
36739 0.791871
19032 0.791667
22813 0.641569
25282 0.598707
23696 0.571795
31627 0.566667
20578 0.563503
40130 0.5
22645 0.468223
11144 0.43285
17919 0.424647
35206 0.41978
25380 0.409524
8871 0.398117
19682 0.37619
31989 0.344444
16470 0.340909
5057 0.333333
18622 0.329004
40302 0.324675
824 0.300433
18321 0.292929
6865 0.287037
15588 0.286447
16499 0.278073
4699 0.257989
27842 0.254263
543 0.25
11284 0.239261
38993 0.23395
5109 0.23395
9665 0.2
6262 0.2
39951 0.197944
39791 0.197944
2885 0.197944
22880 0.19359
32204 0.182631
17647 0.182631
10710 0.182631
14665 0.181831
10021 0.17646
38612 0.168223
38542 0.168223
6324 0.168223
15889 0.166667
5549 0.166187
40774 0.165591
11747 0.165591
9504 0.150074
28980 0.142857
36122 0.125
39038 0.119295
21538 0.119295
14222 0.119295
3688 0.119295
29130 0.111111
15618 0.111111
3104 0.111111
13537 0.0909091
4644 0.0909091
3485 0.0909091
17112 0.0833333
37388 0.0769231
32885 0.0769231
31192 0.0769231
28979 0.0769231
28856 0.0769231
22594 0.0769231
17491 0.0769231
1764 0.0769231
36349 0.0714286
26389 0.0666667
22200 0.0666667
18460 0.0666667
15952 0.0666667
33850 0.0625
31439 0.0625
4182 0.0625
14020 0.0526316
10209 0.0526316
1190 0.0526316
20637 0.05
392 0.05
36239 0.0384615
35063 0.0384615
34156 0.0384615
29077 0.0384615
28952 0.0384615
27799 0.0384615
27699 0.0384615
24239 0.0384615
12911 0.0384615
6202 0.0384615
233 0.0384615
37350 0.037037
35121 0.037037
24899 0.037037
19501 0.037037
11931 0.037037
39962 0.0344828
37155 0.0344828
35734 0.0344828
30793 0.0344828
23898 0.0344828
20065 0.0344828
14318 0.0344828
11113 0.0344828
6992 0.0344828
830 0.0344828
40652 0.0322581
27186 0.0322581
10443 0.0322581
1334 0.0322581
40980 0
40979 0
40978 0
40977 0
40976 0
40975 0
40974 0
40973 0
40972 0
40971 0
40970 0
40969 0
40968 0
40967 0
40966 0
40965 0
40964 0
40963 0
40962 0
40961 0
40960 0
40959 0
40958 0
40957 0
40956 0
40955 0
40954 0
40953 0
40952 0
40951 0
40950 0
40949 0
40948 0
40947 0
40946 0
40945 0
40944 0
40943 0
40942 0
40941 0
40940 0
40939 0
40938 0
40937 0
40936 0
40935 0
40934 0
40933 0
40932 0
40931 0
40930 0
40929 0
40928 0
40927 0
40926 0
40925 0
40924 0
40923 0
40922 0
40921 0
40920 0
40919 0
40918 0
40917 0
40916 0
40915 0
40914 0
40913 0
40912 0
40911 0
40910 0
40909 0
40908 0
40907 0
40906 0
40905 0
40904 0
40903 0
40902 0
40901 0
40900 0
40899 0
40898 0
40897 0
40896 0
40895 0
40894 0
40893 0
40892 0
40891 0
40890 0
40889 0
40888 0
40887 0
40886 0
40885 0
40884 0
40883 0
40882 0
40881 0
40880 0
40879 0
40878 0
40877 0
40876 0
40875 0
40874 0
40873 0
40872 0
40871 0
40870 0
40869 0
40868 0
40867 0
40866 0
40865 0
40864 0
40863 0
40862 0
40861 0
40860 0
40859 0
40858 0
40857 0
40856 0
40855 0
40854 0
40853 0
40852 0
40851 0
40850 0
40849 0
40848 0
40847 0
40846 0
40845 0
40844 0
40843 0
40842 0
40841 0
40840 0
40839 0
40838 0
40837 0
40836 0
40835 0
40834 0
40833 0
40832 0
40831 0
40830 0
40829 0
40828 0
40827 0
40826 0
40825 0
40824 0
40823 0
40822 0
40821 0
40820 0
40819 0
40818 0
40817 0
40816 0
40815 0
40814 0
40813 0
40812 0
40811 0
40810 0
40809 0
40808 0
40807 0
40806 0
40805 0
40804 0
40803 0
40802 0
40801 0
40800 0
40799 0
40798 0
40797 0
40796 0
40795 0
40794 0
40793 0
40792 0
40791 0
40790 0
40789 0
40788 0
40787 0
40786 0
40785 0
40784 0
40783 0
40782 0
40781 0
40780 0
40779 0
40778 0
40777 0
40776 0
40775 0
40773 0
40772 0
40771 0
40770 0
40769 0
40768 0
40767 0
40766 0
40765 0
40764 0
40763 0
40762 0
40761 0
40760 0
40759 0
40758 0
40757 0
40756 0
40755 0
40754 0
40753 0
40752 0
40751 0
40750 0
40749 0
40748 0
40747 0
40746 0
40745 0
40744 0
40743 0
40742 0
40741 0
40740 0
40739 0
40738 0
40737 0
40736 0
40735 0
40734 0
40733 0
40732 0
40731 0
40730 0
40729 0
40728 0
40727 0
40726 0
40725 0
40724 0
40723 0
40722 0
40721 0
40720 0
40719 0
40718 0
40717 0
40716 0
40715 0
40714 0
40713 0
40712 0
40711 0
40710 0
40709 0
40708 0
40707 0
40706 0
40705 0
40704 0
40703 0
40702 0
40701 0
40700 0
40699 0
40698 0
40697 0
40696 0
40695 0
40694 0
40693 0
40692 0
40691 0
40690 0
40689 0
40688 0
40687 0
40686 0
40685 0
40684 0
40683 0
40682 0
40681 0
40680 0
40679 0
40678 0
40677 0
40676 0
40675 0
40674 0
40673 0
40672 0
40671 0
40670 0
40669 0
40668 0
40667 0
40666 0
40665 0
40664 0
40663 0
40662 0
40661 0
40660 0
40659 0
40658 0
40657 0
40656 0
40655 0
40654 0
40653 0
40651 0
40650 0
40649 0
40648 0
40647 0
40646 0
40645 0
40644 0
40643 0
40642 0
40641 0
40640 0
40639 0
40638 0
40637 0
40636 0
40635 0
40634 0
40633 0
40632 0
40631 0
40630 0
40629 0
40628 0
40627 0
40626 0
40625 0
40624 0
40623 0
40622 0
40621 0
40620 0
40619 0
40618 0
40617 0
40616 0
40615 0
40614 0
40613 0
40612 0
40611 0
