23843 10.8126
12494 2.35218
8831 2.26954
3721 1.7154
16390 1.46478
26153 1.3247
16933 1.25119
23836 1.20365
15541 1
34737 0.867695
20250 0.757576
6356 0.75
13123 0.710965
25583 0.673649
26917 0.67105
1904 0.666667
6112 0.663346
34312 0.599044
23696 0.592857
6592 0.590909
35297 0.476874
12706 0.473256
29401 0.452632
22501 0.447619
7277 0.447619
19820 0.436153
17757 0.423256
18428 0.420635
16817 0.414286
33009 0.389922
30412 0.3875
1550 0.3875
7125 0.375
18367 0.372024
11660 0.372024
18328 0.348352
37932 0.333333
27799 0.333333
19852 0.333333
19515 0.333333
15851 0.333333
13916 0.333333
39395 0.327778
40472 0.315476
17312 0.307955
21712 0.292857
40578 0.274621
40299 0.258929
18711 0.258929
12873 0.251667
2675 0.251667
27622 0.25103
40033 0.25
32620 0.25
30216 0.25
27454 0.25
16947 0.25
15741 0.25
15416 0.25
13245 0.25
5099 0.25
3954 0.25
14230 0.235119
3356 0.230332
2885 0.230332
9210 0.216113
38084 0.21129
23388 0.21129
40830 0.2
37496 0.2
35766 0.2
29030 0.2
26172 0.2
24902 0.2
23312 0.2
22734 0.2
17350 0.2
13786 0.2
13309 0.2
11335 0.2
6933 0.2
5190 0.2
3060 0.2
124 0.2
32427 0.166667
28988 0.166667
18401 0.166667
14208 0.166667
11634 0.166667
9613 0.166667
4372 0.166667
37758 0.160119
16231 0.160119
40420 0.146382
33792 0.142857
30075 0.142857
26668 0.142857
25524 0.142857
23435 0.142857
20079 0.142857
17952 0.142857
13645 0.142857
9820 0.142857
8459 0.142857
6682 0.142857
6572 0.142857
3920 0.142857
40788 0.125
39383 0.125
38535 0.125
37711 0.125
36313 0.125
32611 0.125
31301 0.125
22463 0.125
22026 0.125
17782 0.125
16633 0.125
14813 0.125
13595 0.125
7614 0.125
4617 0.125
34761 0.111111
30565 0.111111
20852 0.111111
13052 0.111111
33634 0.103869
28216 0.103869
31235 0.0958749
28500 0.0958749
24670 0.0958749
18757 0.0958749
39962 0.0909091
33267 0.0909091
31947 0.0909091
30793 0.0909091
21288 0.0909091
20273 0.0909091
15599 0.0909091
12911 0.0909091
8672 0.0909091
6992 0.0909091
4976 0.0909091
39908 0.0769231
36858 0.0769231
31897 0.0769231
29695 0.0769231
29492 0.0769231
27082 0.0769231
20353 0.0769231
17295 0.0769231
17032 0.0769231
39640 0.0714286
36048 0.0714286
30915 0.0714286
25737 0.0714286
25016 0.0714286
3711 0.0714286
350 0.0714286
40612 0.0625
37708 0.0625
36217 0.0625
34123 0.0625
29875 0.0625
27714 0.0625
26069 0.0625
25200 0.0625
24984 0.0625
24850 0.0625
22530 0.0625
22405 0.0625
19419 0.0625
16228 0.0625
15680 0.0625
14142 0.0625
11726 0.0625
5400 0.0625
3200 0.0625
40474 0.0526316
40149 0.0526316
37328 0.0526316
25140 0.0526316
24423 0.0526316
22393 0.0526316
19293 0.0526316
17580 0.0526316
10555 0.0526316
4780 0.0526316
37506 0.05
33695 0.05
28791 0.05
24267 0.05
19997 0.05
17592 0.05
12020 0.05
9320 0.05
6143 0.05
34893 0.047619
29421 0.047619
28922 0.047619
25151 0.047619
17926 0.047619
17301 0.047619
16313 0.047619
14774 0.047619
12069 0.047619
11986 0.047619
9243 0.047619
8313 0.047619
39879 0.0454545
35988 0.0454545
33740 0.0454545
33533 0.0454545
24977 0.0454545
24964 0.0454545
24572 0.0454545
24396 0.0454545
24239 0.0454545
22784 0.0454545
21906 0.0454545
16957 0.0454545
6759 0.0454545
4378 0.0454545
34489 0.03125
28403 0.03125
27333 0.03125
27277 0.03125
25191 0.03125
22355 0.03125
21323 0.03125
20927 0.03125
20315 0.03125
19641 0.03125
18405 0.03125
18109 0.03125
16571 0.03125
16504 0.03125
15289 0.03125
12421 0.03125
6111 0.03125
2877 0.03125
207 0.03125
40332 0.025
33163 0.025
31972 0.025
30294 0.025
28137 0.025
27135 0.025
26174 0.025
22879 0.025
21689 0.025
18361 0.025
16868 0.025
15443 0.025
14543 0.025
11488 0.025
9665 0.025
9561 0.025
9543 0.025
8507 0.025
5484 0.025
1834 0.025
40402 0.0232558
39627 0.0232558
39563 0.0232558
39085 0.0232558
38812 0.0232558
38130 0.0232558
37967 0.0232558
37941 0.0232558
37576 0.0232558
37557 0.0232558
37074 0.0232558
37064 0.0232558
36725 0.0232558
34537 0.0232558
34520 0.0232558
32668 0.0232558
32477 0.0232558
30936 0.0232558
29592 0.0232558
28066 0.0232558
27125 0.0232558
25664 0.0232558
25580 0.0232558
25507 0.0232558
25452 0.0232558
25317 0.0232558
25116 0.0232558
24766 0.0232558
23993 0.0232558
23024 0.0232558
19428 0.0232558
19423 0.0232558
17810 0.0232558
17685 0.0232558
17038 0.0232558
15869 0.0232558
15305 0.0232558
14860 0.0232558
14398 0.0232558
13847 0.0232558
12915 0.0232558
11591 0.0232558
10333 0.0232558
10061 0.0232558
9331 0.0232558
8735 0.0232558
7933 0.0232558
6383 0.0232558
5815 0.0232558
5783 0.0232558
5543 0.0232558
4695 0.0232558
4420 0.0232558
4412 0.0232558
2940 0.0232558
2476 0.0232558
2210 0.0232558
1666 0.0232558
1589 0.0232558
1008 0.0232558
645 0.0232558
321 0.0232558
40980 0
40979 0
40978 0
40977 0
40976 0
40975 0
40974 0
40973 0
40972 0
40971 0
40970 0
40969 0
40968 0
40967 0
40966 0
40965 0
40964 0
40963 0
40962 0
40961 0
40960 0
40959 0
40958 0
40957 0
40956 0
40955 0
40954 0
40953 0
40952 0
40951 0
40950 0
40949 0
40948 0
40947 0
40946 0
40945 0
40944 0
40943 0
40942 0
40941 0
40940 0
40939 0
40938 0
40937 0
40936 0
40935 0
40934 0
40933 0
40932 0
40931 0
40930 0
40929 0
40928 0
40927 0
40926 0
40925 0
40924 0
40923 0
40922 0
40921 0
40920 0
40919 0
40918 0
40917 0
40916 0
40915 0
40914 0
40913 0
40912 0
40911 0
40910 0
40909 0
40908 0
40907 0
40906 0
40905 0
40904 0
40903 0
40902 0
40901 0
40900 0
40899 0
40898 0
40897 0
40896 0
40895 0
40894 0
40893 0
40892 0
40891 0
40890 0
40889 0
40888 0
40887 0
40886 0
40885 0
40884 0
40883 0
40882 0
40881 0
40880 0
40879 0
40878 0
40877 0
40876 0
40875 0
40874 0
40873 0
40872 0
40871 0
40870 0
40869 0
40868 0
40867 0
40866 0
40865 0
40864 0
40863 0
40862 0
40861 0
40860 0
40859 0
40858 0
40857 0
40856 0
40855 0
40854 0
40853 0
40852 0
40851 0
40850 0
40849 0
40848 0
40847 0
40846 0
40845 0
40844 0
40843 0
40842 0
40841 0
40840 0
40839 0
40838 0
40837 0
40836 0
40835 0
40834 0
40833 0
40832 0
40831 0
40829 0
40828 0
40827 0
40826 0
40825 0
40824 0
40823 0
40822 0
40821 0
40820 0
40819 0
40818 0
40817 0
40816 0
40815 0
40814 0
40813 0
40812 0
40811 0
40810 0
40809 0
40808 0
40807 0
40806 0
40805 0
40804 0
