13043 1.43793
8465 1.37829
12369 1.34046
34612 1.20339
20592 1.16812
29911 0.957342
12995 0.957342
8542 0.957342
14886 0.932613
34566 0.918526
5042 0.8795
30517 0.815909
13275 0.811646
32079 0.777003
15465 0.773474
19543 0.714521
18130 0.667793
27676 0.614539
11750 0.6
31873 0.596447
10361 0.510002
16034 0.474881
2263 0.446612
26148 0.359777
12624 0.356213
8962 0.356213
12818 0.351801
16917 0.341703
6079 0.341703
9561 0.333333
5102 0.320253
28781 0.313294
9003 0.299242
19835 0.299204
28337 0.27166
16318 0.27166
8206 0.27166
32179 0.271429
33514 0.255952
8027 0.25
16914 0.235653
31115 0.229167
33342 0.225855
6269 0.224206
31176 0.223096
35848 0.214286
18727 0.214286
40795 0.210379
13024 0.210379
6757 0.210256
13254 0.210119
32439 0.203788
14009 0.203788
35646 0.203419
37924 0.2
20320 0.187121
16010 0.176444
17972 0.17363
8317 0.17363
36527 0.166667
31641 0.166667
30904 0.164085
15548 0.164085
12758 0.164085
29143 0.162436
1277 0.157674
14102 0.144689
11553 0.144689
36522 0.142857
29162 0.142857
24028 0.13576
33355 0.125
32273 0.125
28833 0.125
13440 0.125
35205 0.12363
36480 0.111942
6334 0.111942
4252 0.111111
256 0.109918
39015 0.10337
3163 0.10337
40103 0.1
34321 0.1
19032 0.1
38767 0.0909091
21117 0.0909091
20978 0.0909091
10262 0.0909091
2335 0.0909091
987 0.0909091
37010 0.0833333
31301 0.0833333
29432 0.0833333
27382 0.0833333
26628 0.0833333
26187 0.0833333
22472 0.0833333
18526 0.0833333
11186 0.0833333
35901 0.0769231
15828 0.0769231
2296 0.0769231
33761 0.0714286
22289 0.0714286
22060 0.0714286
17724 0.0714286
15171 0.0714286
13899 0.0714286
32883 0.0666667
29910 0.0666667
19936 0.0666667
19063 0.0666667
5585 0.0666667
21664 0.0625
8082 0.0625
40166 0.0585935
38386 0.0585935
36370 0.0585935
18319 0.0585935
4804 0.0585935
37877 0.047619
35038 0.047619
22205 0.047619
8637 0.047619
36676 0.0454545
31568 0.0454545
24916 0.0454545
21496 0.0454545
29735 0.0416667
14139 0.0416667
36409 0.0333333
28519 0.0333333
26806 0.0333333
26116 0.0333333
24705 0.0333333
8511 0.0333333
2143 0.0333333
40419 0.025641
39606 0.025641
27345 0.025641
20106 0.025641
13023 0.025641
11906 0.025641
535 0.025641
31264 0.0188679
26734 0.0188679
22702 0.0188679
20527 0.0188679
19979 0.0188679
19834 0.0188679
19171 0.0188679
18257 0.0188679
13941 0.0188679
11999 0.0188679
6618 0.0188679
4563 0.0188679
1893 0.0188679
1790 0.0188679
164 0.0188679
40179 0.0140845
39376 0.0140845
38323 0.0140845
38234 0.0140845
35672 0.0140845
33937 0.0140845
32832 0.0140845
31157 0.0140845
29571 0.0140845
27634 0.0140845
25483 0.0140845
24759 0.0140845
21384 0.0140845
20148 0.0140845
19969 0.0140845
19945 0.0140845
19513 0.0140845
18347 0.0140845
17368 0.0140845
16753 0.0140845
16131 0.0140845
16009 0.0140845
10818 0.0140845
9436 0.0140845
8517 0.0140845
6071 0.0140845
3671 0.0140845
2847 0.0140845
1818 0.0140845
40980 0
40979 0
40978 0
40977 0
40976 0
40975 0
40974 0
40973 0
40972 0
40971 0
40970 0
40969 0
40968 0
40967 0
40966 0
40965 0
40964 0
40963 0
40962 0
40961 0
40960 0
40959 0
40958 0
40957 0
40956 0
40955 0
40954 0
40953 0
40952 0
40951 0
40950 0
40949 0
40948 0
40947 0
40946 0
40945 0
40944 0
40943 0
40942 0
40941 0
40940 0
40939 0
40938 0
40937 0
40936 0
40935 0
40934 0
40933 0
40932 0
40931 0
40930 0
40929 0
40928 0
40927 0
40926 0
40925 0
40924 0
40923 0
40922 0
40921 0
40920 0
40919 0
40918 0
40917 0
40916 0
40915 0
40914 0
40913 0
40912 0
40911 0
40910 0
40909 0
40908 0
40907 0
40906 0
40905 0
40904 0
40903 0
40902 0
40901 0
40900 0
40899 0
40898 0
40897 0
40896 0
40895 0
40894 0
40893 0
40892 0
40891 0
40890 0
40889 0
40888 0
40887 0
40886 0
40885 0
40884 0
40883 0
40882 0
40881 0
40880 0
40879 0
40878 0
40877 0
40876 0
40875 0
40874 0
40873 0
40872 0
40871 0
40870 0
40869 0
40868 0
40867 0
40866 0
40865 0
40864 0
40863 0
40862 0
40861 0
40860 0
40859 0
40858 0
40857 0
40856 0
40855 0
40854 0
40853 0
40852 0
40851 0
40850 0
40849 0
40848 0
40847 0
40846 0
40845 0
40844 0
40843 0
40842 0
40841 0
40840 0
40839 0
40838 0
40837 0
40836 0
40835 0
40834 0
40833 0
40832 0
40831 0
40830 0
40829 0
40828 0
40827 0
40826 0
40825 0
40824 0
40823 0
40822 0
40821 0
40820 0
40819 0
40818 0
40817 0
40816 0
40815 0
40814 0
40813 0
40812 0
40811 0
40810 0
40809 0
40808 0
40807 0
40806 0
40805 0
40804 0
40803 0
40802 0
40801 0
40800 0
40799 0
40798 0
40797 0
40796 0
40794 0
40793 0
40792 0
40791 0
40790 0
40789 0
40788 0
40787 0
40786 0
40785 0
40784 0
40783 0
40782 0
40781 0
40780 0
40779 0
40778 0
40777 0
40776 0
40775 0
40774 0
40773 0
40772 0
40771 0
40770 0
40769 0
40768 0
40767 0
40766 0
40765 0
40764 0
40763 0
40762 0
40761 0
40760 0
40759 0
40758 0
40757 0
40756 0
40755 0
40754 0
40753 0
40752 0
40751 0
40750 0
40749 0
40748 0
40747 0
40746 0
40745 0
40744 0
40743 0
40742 0
40741 0
40740 0
40739 0
40738 0
40737 0
40736 0
40735 0
40734 0
40733 0
40732 0
40731 0
40730 0
40729 0
40728 0
40727 0
40726 0
40725 0
40724 0
40723 0
40722 0
40721 0
40720 0
40719 0
40718 0
40717 0
40716 0
40715 0
40714 0
40713 0
40712 0
40711 0
40710 0
40709 0
40708 0
40707 0
40706 0
40705 0
40704 0
40703 0
40702 0
40701 0
40700 0
40699 0
40698 0
40697 0
40696 0
40695 0
40694 0
40693 0
40692 0
40691 0
40690 0
40689 0
40688 0
40687 0
40686 0
40685 0
40684 0
40683 0
40682 0
40681 0
40680 0
40679 0
40678 0
40677 0
40676 0
40675 0
40674 0
40673 0
40672 0
40671 0
40670 0
40669 0
