9333 306.452
28776 154.933
1158 146.512
21015 91.3139
14163 63.0794
24630 56.2651
27767 45.0346
23837 38.2583
14251 36.594
34488 29.5785
7570 26.4832
33975 25.7211
22254 25.5909
38449 24.8285
37266 23.1132
20262 21.6051
24726 20.7391
5798 20.4588
3114 20.3408
13392 18.9864
13318 17.3513
144 14.1302
11027 13.7507
37377 13.6503
29438 12.4224
14866 12.3765
18094 12.3238
38454 12.1857
3578 11.7772
40626 11.5845
24005 11.3901
29986 11.3778
3964 11.1851
29178 10.9409
17987 10.4421
3012 9.52255
544 9.36458
16210 9.27925
24412 9.13588
26737 8.89323
39744 8.87607
35487 8.81539
438 8.67899
21608 8.43008
13839 8.40553
20274 8.39068
11452 8.28051
39976 8.02961
21693 8.01947
19096 7.8781
39763 7.71647
20275 7.64239
31215 7.56688
14373 7.52511
29879 7.40328
27287 7.1979
35862 6.9486
19281 6.88409
16883 6.80019
4989 6.65717
39590 6.55043
26489 6.49675
19791 6.37458
7783 6.16437
36812 6.05452
24548 5.92923
35545 5.86932
36829 5.83436
21059 5.82797
22939 5.64083
10211 5.58032
14105 5.46687
18227 5.45275
11344 5.40461
2141 5.38156
31922 5.28603
35699 5.28336
38381 5.26909
23586 4.95908
9464 4.95136
33265 4.62965
18901 4.60442
32585 4.52442
28608 4.51009
12198 4.50676
8975 4.45758
17643 4.4143
552 4.40302
27184 4.39164
25092 4.38784
27377 4.28333
39224 4.2787
10904 4.27697
4555 4.26115
19135 4.24271
23168 4.21526
3396 4.18815
25161 3.89161
9953 3.82289
26631 3.81559
9841 3.71291
25877 3.68323
7856 3.65431
22129 3.64182
11519 3.46317
15250 3.44829
10092 3.40413
35950 3.4
19526 3.3818
10082 3.371
11938 3.317
23782 3.22928
38269 3.17302
22197 3.14628
14656 3.1443
28678 3.01642
2922 3.01263
12736 3.0071
31998 2.99445
25594 2.94756
722 2.89008
23991 2.80364
39628 2.77708
9630 2.74411
20716 2.70812
37802 2.70559
22687 2.6876
21692 2.68138
3584 2.65996
15906 2.64886
15560 2.62211
8951 2.61059
33970 2.6085
15084 2.59531
14051 2.54183
34260 2.53214
27024 2.5119
694 2.48842
6594 2.45204
38474 2.40758
17239 2.39211
3595 2.38925
15488 2.37977
28221 2.37953
8632 2.36328
14830 2.34246
23460 2.34147
17804 2.3236
18280 2.31834
14880 2.3046
13154 2.28692
12390 2.27851
3516 2.27537
16813 2.26702
15098 2.24775
29389 2.23849
19211 2.23577
22968 2.20301
28694 2.18953
35810 2.17464
22280 2.169
36577 2.14916
32608 2.11739
30258 2.09477
30473 2.07386
27851 2.06204
8876 2.03095
3063 2.0117
24747 2.00711
10377 2.00621
18061 1.96683
35713 1.96344
972 1.95673
19235 1.95434
22950 1.95397
18794 1.93524
15439 1.93278
6940 1.91835
36786 1.90443
19550 1.85675
40292 1.84412
2015 1.84188
28267 1.82664
36296 1.78483
36482 1.77562
23798 1.77144
23387 1.76744
23648 1.75723
39964 1.73571
28594 1.7
6087 1.66346
40289 1.65937
8257 1.6529
36222 1.64987
23136 1.64241
19629 1.63065
14101 1.59683
15064 1.59199
10256 1.5917
3263 1.55492
9398 1.5426
24303 1.53262
38365 1.53004
39937 1.51853
22000 1.51468
37771 1.51207
16151 1.50603
40826 1.50232
8965 1.49638
35098 1.47894
34630 1.47237
2586 1.46637
35863 1.46242
30986 1.45546
12024 1.44793
28931 1.43921
8421 1.42781
13212 1.42146
671 1.4084
17245 1.39277
31689 1.39133
21677 1.38298
3836 1.35899
18229 1.35588
16084 1.35446
40685 1.35357
40941 1.35293
198 1.35292
5452 1.35043
34395 1.33264
11099 1.32876
22195 1.3257
30104 1.31977
25494 1.31941
14563 1.31688
39573 1.31667
19496 1.30812
13865 1.30797
13767 1.29374
33098 1.29181
13594 1.28442
34065 1.27802
25158 1.27738
22471 1.2623
21657 1.25007
21963 1.2493
9495 1.24286
8658 1.23171
10230 1.22619
24259 1.22539
38705 1.22018
22162 1.19992
7313 1.19286
10383 1.18742
18486 1.18526
35461 1.15127
28272 1.15048
32270 1.14415
23294 1.14333
25156 1.12619
13277 1.12571
28641 1.12424
30728 1.12063
25071 1.11218
23005 1.10484
35023 1.10476
37222 1.10242
26025 1.10201
27558 1.09623
40341 1.09014
16134 1.07889
30623 1.07619
2115 1.07619
9110 1.05833
88 1.04108
34759 1.03376
26185 1.03333
35860 1.03248
21321 1.03105
36179 1.02759
150 1.02738
7974 1.02357
11295 1.0202
27501 1.01275
39024 0.997835
13404 0.997567
8954 0.996264
39153 0.994257
28751 0.976937
12242 0.968069
7317 0.966333
19588 0.959845
1609 0.95459
36498 0.953087
31637 0.939635
37717 0.935714
10179 0.935578
25608 0.921047
28935 0.912247
18272 0.912086
24359 0.911111
1613 0.908486
27367 0.897384
21588 0.896825
32499 0.892832
8202 0.890113
319 0.888122
11286 0.88445
14976 0.880223
28981 0.874558
35197 0.866667
22140 0.866667
17673 0.866667
33733 0.862945
23652 0.852814
27235 0.848862
32096 0.846636
33285 0.844709
22160 0.833333
7234 0.823352
34939 0.818452
10454 0.81201
12703 0.808766
12046 0.791667
18004 0.783333
15119 0.783333
24742 0.783333
18987 0.777218
11002 0.76859
20372 0.756426
9960 0.754652
34175 0.750836
32989 0.75
7805 0.732587
20067 0.731441
13687 0.721556
17047 0.721055
21036 0.71946
1330 0.710747
4917 0.704978
40169 0.7
37768 0.7
15138 0.698413
34399 0.69561
30671 0.694444
4964 0.69318
9628 0.692873
10029 0.692002
20278 0.681533
32150 0.676773
32756 0.676681
6122 0.67619
30496 0.675121
11045 0.673918
9416 0.668379
17557 0.666667
22898 0.664225
354 0.655237
19319 0.651441
27296 0.65
20195 0.65
29766 0.642857
23664 0.642857
31214 0.639683
32540 0.635399
16336 0.630159
18142 0.625433
23265 0.623805
25470 0.619353
20846 0.616667
13641 0.615299
22662 0.614025
2325 0.611943
12804 0.609046
19343 0.601954
5062 0.60119
32011 0.596977
30138 0.595833
17124 0.591464
37727 0.5903
37905 0.588889
7323 0.584512
28210 0.583333
21222 0.580626
5063 0.580106
12937 0.57655
1272 0.569499
34132 0.566667
30111 0.566303
10382 0.565179
9746 0.564668
25738 0.564607
8141 0.561936
21116 0.561392
9728 0.550446
18882 0.549351
7177 0.544262
27871 0.541125
7153 0.540909
17564 0.535691
7799 0.535354
14003 0.535328
12195 0.535119
4816 0.534483
25772 0.533333
27358 0.532125
15475 0.521102
9427 0.517857
27232 0.513567
4344 0.511111
18436 0.510238
11375 0.509524
419 0.508914
36318 0.502868
18726 0.501554
33431 0.500029
4986 0.5
4728 0.5
2264 0.5
40944 0.499332
32244 0.499181
40030 0.494048
29221 0.491667
25522 0.491667
2470 0.490683
22441 0.488095
36286 0.485714
22847 0.48431
7034 0.482701
13086 0.479412
18115 0.477778
10327 0.477778
8557 0.476923
5118 0.475147
14663 0.474747
15638 0.474383
40824 0.471429
11222 0.470321
14835 0.468975
25141 0.467857
34984 0.466667
34861 0.466667
18674 0.463131
26660 0.463108
35709 0.462025
35549 0.461518
33964 0.461122
10506 0.459524
33082 0.457827
33156 0.457518
1958 0.455357
28984 0.453104
7265 0.448925
39099 0.448431
18667 0.447024
1214 0.445489
32335 0.443401
18808 0.442956
40907 0.442857
27575 0.438462
24292 0.437646
31521 0.434483
22201 0.433766
10672 0.433766
30542 0.429167
3576 0.427464
27464 0.42619
18575 0.423499
19374 0.420635
12158 0.419299
15532 0.419298
2136 0.419298
21126 0.418419
14065 0.416784
10514 0.416667
38988 0.416129
11111 0.409524
8845 0.408189
1434 0.405923
12573 0.404762
10293 0.402778
14386 0.402381
25898 0.400539
21035 0.400433
3043 0.392857
29415 0.391667
20210 0.391055
28578 0.390742
11076 0.390476
17257 0.388312
9515 0.38823
34531 0.388034
9426 0.387427
1155 0.381818
16961 0.380952
38160 0.378482
7495 0.377778
34651 0.377189
4224 0.376623
16434 0.370988
