28119 4.53544
28089 3.06627
32521 2.77913
37304 2.54099
25193 2.54099
6557 2.54099
39226 2.01351
40298 1.98286
32245 1.79951
8672 1.75696
36818 1.74502
24489 1.06379
16652 0.855952
14067 0.813675
17083 0.75
4878 0.707759
32110 0.640711
28544 0.640711
15198 0.640711
335 0.640711
26287 0.62287
19842 0.580952
14612 0.554748
12003 0.547605
9442 0.511111
13775 0.5
11677 0.5
37910 0.404097
11142 0.404097
9343 0.403704
11043 0.365004
39848 0.337121
5245 0.337121
37923 0.333333
33877 0.333333
33757 0.333333
27556 0.333333
808 0.333333
474 0.260714
19350 0.252564
4814 0.252564
26011 0.25
15155 0.25
9086 0.25
1882 0.25
39307 0.246825
38203 0.246825
34619 0.246825
14002 0.246825
8865 0.244318
24049 0.235119
19544 0.235119
7369 0.227946
23353 0.220464
39384 0.2
33616 0.2
32753 0.2
28506 0.2
19032 0.2
18830 0.2
17550 0.2
8928 0.2
4520 0.197619
39604 0.192842
2704 0.179894
31879 0.177174
29876 0.167289
30598 0.158092
8971 0.158092
38002 0.142857
36917 0.142857
32056 0.142857
11332 0.142857
8773 0.142857
35943 0.125
28899 0.125
24537 0.125
22338 0.125
8851 0.125
4961 0.125
39742 0.111111
32814 0.111111
32648 0.111111
28866 0.111111
25584 0.111111
23876 0.111111
7729 0.111111
39382 0.1
35627 0.1
32885 0.1
17109 0.1
29737 0.0909091
29045 0.0909091
11901 0.0833333
9275 0.0833333
6322 0.0833333
37754 0.0769231
37097 0.0769231
36128 0.0769231
33192 0.0769231
32255 0.0769231
27585 0.0769231
24062 0.0769231
23064 0.0769231
22690 0.0769231
18011 0.0769231
16967 0.0769231
15686 0.0769231
15479 0.0769231
14277 0.0769231
9027 0.0769231
8413 0.0769231
7111 0.0769231
2430 0.0769231
35767 0.0666667
34406 0.0666667
28020 0.0666667
20748 0.0666667
13674 0.0666667
37755 0.0625
22415 0.0625
20280 0.0625
37807 0.0588235
34023 0.0588235
3062 0.0588235
25573 0.0526316
24594 0.0526316
15497 0.0526316
14748 0.0526316
9790 0.0526316
4389 0.0526316
33007 0.047619
31730 0.047619
29743 0.047619
25054 0.047619
24376 0.047619
23721 0.047619
22963 0.047619
15712 0.047619
4674 0.047619
3176 0.047619
33917 0.0454545
4931 0.0454545
4247 0.0454545
3115 0.0454545
1684 0.0454545
38548 0.037037
34496 0.037037
25862 0.037037
15272 0.037037
38127 0.0357143
35679 0.0357143
33343 0.0357143
32972 0.0357143
30909 0.0357143
28852 0.0357143
26976 0.0357143
23752 0.0357143
13312 0.0357143
10078 0.0357143
9633 0.0357143
6637 0.0357143
2735 0.0357143
5 0.0357143
39102 0.0192308
38902 0.0192308
37471 0.0192308
37372 0.0192308
37212 0.0192308
37184 0.0192308
36996 0.0192308
36963 0.0192308
36473 0.0192308
35691 0.0192308
33362 0.0192308
33303 0.0192308
32661 0.0192308
32494 0.0192308
31894 0.0192308
31887 0.0192308
29136 0.0192308
28132 0.0192308
26779 0.0192308
26083 0.0192308
24825 0.0192308
23246 0.0192308
22259 0.0192308
17770 0.0192308
17175 0.0192308
14166 0.0192308
12054 0.0192308
11054 0.0192308
10751 0.0192308
9540 0.0192308
8373 0.0192308
7567 0.0192308
7242 0.0192308
6823 0.0192308
6644 0.0192308
5693 0.0192308
4785 0.0192308
2747 0.0192308
2483 0.0192308
40980 0
40979 0
40978 0
40977 0
40976 0
40975 0
40974 0
40973 0
40972 0
40971 0
40970 0
40969 0
40968 0
40967 0
40966 0
40965 0
40964 0
40963 0
40962 0
40961 0
40960 0
40959 0
40958 0
40957 0
40956 0
40955 0
40954 0
40953 0
40952 0
40951 0
40950 0
40949 0
40948 0
40947 0
40946 0
40945 0
40944 0
40943 0
40942 0
40941 0
40940 0
40939 0
40938 0
40937 0
40936 0
40935 0
40934 0
40933 0
40932 0
40931 0
40930 0
40929 0
40928 0
40927 0
40926 0
40925 0
40924 0
40923 0
40922 0
40921 0
40920 0
40919 0
40918 0
40917 0
40916 0
40915 0
40914 0
40913 0
40912 0
40911 0
40910 0
40909 0
40908 0
40907 0
40906 0
40905 0
40904 0
40903 0
40902 0
40901 0
40900 0
40899 0
40898 0
40897 0
40896 0
40895 0
40894 0
40893 0
40892 0
40891 0
40890 0
40889 0
40888 0
40887 0
40886 0
40885 0
40884 0
40883 0
40882 0
40881 0
40880 0
40879 0
40878 0
40877 0
40876 0
40875 0
40874 0
40873 0
40872 0
40871 0
40870 0
40869 0
40868 0
40867 0
40866 0
40865 0
40864 0
40863 0
40862 0
40861 0
40860 0
40859 0
40858 0
40857 0
40856 0
40855 0
40854 0
40853 0
40852 0
40851 0
40850 0
40849 0
40848 0
40847 0
40846 0
40845 0
40844 0
40843 0
40842 0
40841 0
40840 0
40839 0
40838 0
40837 0
40836 0
40835 0
40834 0
40833 0
40832 0
40831 0
40830 0
40829 0
40828 0
40827 0
40826 0
40825 0
40824 0
40823 0
40822 0
40821 0
40820 0
40819 0
40818 0
40817 0
40816 0
40815 0
40814 0
40813 0
40812 0
40811 0
40810 0
40809 0
40808 0
40807 0
40806 0
40805 0
40804 0
40803 0
40802 0
40801 0
40800 0
40799 0
40798 0
40797 0
40796 0
40795 0
40794 0
40793 0
40792 0
40791 0
40790 0
40789 0
40788 0
40787 0
40786 0
40785 0
40784 0
40783 0
40782 0
40781 0
40780 0
40779 0
40778 0
40777 0
40776 0
40775 0
40774 0
40773 0
40772 0
40771 0
40770 0
40769 0
40768 0
40767 0
40766 0
40765 0
40764 0
40763 0
40762 0
40761 0
40760 0
40759 0
40758 0
40757 0
40756 0
40755 0
40754 0
40753 0
40752 0
40751 0
40750 0
40749 0
40748 0
40747 0
40746 0
40745 0
40744 0
40743 0
40742 0
40741 0
40740 0
40739 0
40738 0
40737 0
40736 0
40735 0
40734 0
40733 0
40732 0
40731 0
40730 0
40729 0
40728 0
40727 0
40726 0
40725 0
40724 0
40723 0
40722 0
40721 0
40720 0
40719 0
40718 0
40717 0
40716 0
40715 0
40714 0
40713 0
40712 0
40711 0
40710 0
40709 0
40708 0
40707 0
40706 0
40705 0
40704 0
40703 0
40702 0
40701 0
40700 0
40699 0
40698 0
40697 0
40696 0
40695 0
40694 0
40693 0
40692 0
40691 0
40690 0
40689 0
40688 0
40687 0
40686 0
40685 0
40684 0
