27905 2.62043
12308 2.62043
28347 1.95202
22684 1.95202
20727 1.95202
31728 1.33555
32493 1.26389
4713 0.984066
40872 0.722684
39545 0.722684
31473 0.722684
31063 0.722684
30583 0.722684
25035 0.722684
31301 0.714531
22594 0.64092
878 0.630195
13735 0.567309
37876 0.511663
28275 0.511663
13043 0.455404
23843 0.365079
8473 0.333333
3096 0.319444
40004 0.312121
1975 0.263143
15599 0.25
32978 0.247475
16034 0.210119
10361 0.210119
31283 0.2
8672 0.2
7113 0.2
13309 0.186952
32229 0.182785
29913 0.182785
26148 0.182785
18946 0.182785
34433 0.180008
33185 0.180008
27963 0.180008
17715 0.180008
16429 0.174542
40340 0.142857
17634 0.12723
8154 0.125
30006 0.116288
10226 0.116288
35734 0.111111
12717 0.111111
5691 0.111111
3795 0.111111
1704 0.111111
38897 0.1
34225 0.1
18727 0.1
17687 0.0909091
27623 0.0833333
9948 0.0833333
34555 0.0769231
31509 0.075
21911 0.075
17202 0.075
9665 0.075
9561 0.075
2840 0.075
2647 0.075
1642 0.075
23696 0.0666667
19032 0.0666667
17083 0.0666667
3936 0.0666667
39242 0.063341
33137 0.063341
22674 0.063341
16517 0.063341
16425 0.063341
9773 0.063341
5198 0.063341
5151 0.063341
1456 0.063341
939 0.063341
37924 0.0625
33873 0.0625
23499 0.0625
16010 0.0625
5693 0.0625
4785 0.0625
2263 0.0625
2529 0.0555556
52 0.0555556
21618 0.05
13979 0.05
6589 0.05
35336 0.047619
32885 0.047619
24028 0.047619
8465 0.047619
30742 0.0454545
15965 0.0454545
28151 0.0333333
25781 0.0333333
4366 0.0333333
39898 0.0208333
37956 0.0208333
36757 0.0208333
35835 0.0208333
35339 0.0208333
35188 0.0208333
35156 0.0208333
34167 0.0208333
33675 0.0208333
31948 0.0208333
25337 0.0208333
24414 0.0208333
22879 0.0208333
22123 0.0208333
21632 0.0208333
15807 0.0208333
13926 0.0208333
13050 0.0208333
8404 0.0208333
6255 0.0208333
3057 0.0208333
1017 0.0208333
39048 0.00917431
38873 0.00917431
38512 0.00917431
37868 0.00917431
37805 0.00917431
37540 0.00917431
37413 0.00917431
36636 0.00917431
36168 0.00917431
36033 0.00917431
35254 0.00917431
34737 0.00917431
34022 0.00917431
33976 0.00917431
33656 0.00917431
33121 0.00917431
32628 0.00917431
32589 0.00917431
32518 0.00917431
32202 0.00917431
31480 0.00917431
30972 0.00917431
30480 0.00917431
29401 0.00917431
29254 0.00917431
26813 0.00917431
25780 0.00917431
25057 0.00917431
24464 0.00917431
24382 0.00917431
24296 0.00917431
23043 0.00917431
21629 0.00917431
20808 0.00917431
20489 0.00917431
20229 0.00917431
20167 0.00917431
20035 0.00917431
19883 0.00917431
19566 0.00917431
18274 0.00917431
18135 0.00917431
17438 0.00917431
17075 0.00917431
16946 0.00917431
16597 0.00917431
16446 0.00917431
15870 0.00917431
15658 0.00917431
15115 0.00917431
14833 0.00917431
13763 0.00917431
13672 0.00917431
13432 0.00917431
13157 0.00917431
12954 0.00917431
11281 0.00917431
10923 0.00917431
10686 0.00917431
10682 0.00917431
10358 0.00917431
10314 0.00917431
10073 0.00917431
10072 0.00917431
8867 0.00917431
5153 0.00917431
5141 0.00917431
4576 0.00917431
4290 0.00917431
3379 0.00917431
1638 0.00917431
401 0.00917431
40980 0
40979 0
40978 0
40977 0
40976 0
40975 0
40974 0
40973 0
40972 0
40971 0
40970 0
40969 0
40968 0
40967 0
40966 0
40965 0
40964 0
40963 0
40962 0
40961 0
40960 0
40959 0
40958 0
40957 0
40956 0
40955 0
40954 0
40953 0
40952 0
40951 0
40950 0
40949 0
40948 0
40947 0
40946 0
40945 0
40944 0
40943 0
40942 0
40941 0
40940 0
40939 0
40938 0
40937 0
40936 0
40935 0
40934 0
40933 0
40932 0
40931 0
40930 0
40929 0
40928 0
40927 0
40926 0
40925 0
40924 0
40923 0
40922 0
40921 0
40920 0
40919 0
40918 0
40917 0
40916 0
40915 0
40914 0
40913 0
40912 0
40911 0
40910 0
40909 0
40908 0
40907 0
40906 0
40905 0
40904 0
40903 0
40902 0
40901 0
40900 0
40899 0
40898 0
40897 0
40896 0
40895 0
40894 0
40893 0
40892 0
40891 0
40890 0
40889 0
40888 0
40887 0
40886 0
40885 0
40884 0
40883 0
40882 0
40881 0
40880 0
40879 0
40878 0
40877 0
40876 0
40875 0
40874 0
40873 0
40871 0
40870 0
40869 0
40868 0
40867 0
40866 0
40865 0
40864 0
40863 0
40862 0
40861 0
40860 0
40859 0
40858 0
40857 0
40856 0
40855 0
40854 0
40853 0
40852 0
40851 0
40850 0
40849 0
40848 0
40847 0
40846 0
40845 0
40844 0
40843 0
40842 0
40841 0
40840 0
40839 0
40838 0
40837 0
40836 0
40835 0
40834 0
40833 0
40832 0
40831 0
40830 0
40829 0
40828 0
40827 0
40826 0
40825 0
40824 0
40823 0
40822 0
40821 0
40820 0
40819 0
40818 0
40817 0
40816 0
40815 0
40814 0
40813 0
40812 0
40811 0
40810 0
40809 0
40808 0
40807 0
40806 0
40805 0
40804 0
40803 0
40802 0
40801 0
40800 0
40799 0
40798 0
40797 0
40796 0
40795 0
40794 0
40793 0
40792 0
40791 0
40790 0
40789 0
40788 0
40787 0
40786 0
40785 0
40784 0
40783 0
40782 0
40781 0
40780 0
40779 0
40778 0
40777 0
40776 0
40775 0
40774 0
40773 0
40772 0
40771 0
40770 0
40769 0
40768 0
40767 0
40766 0
40765 0
40764 0
40763 0
40762 0
40761 0
40760 0
40759 0
40758 0
40757 0
40756 0
40755 0
40754 0
40753 0
40752 0
40751 0
40750 0
40749 0
40748 0
40747 0
40746 0
40745 0
40744 0
40743 0
40742 0
40741 0
40740 0
40739 0
40738 0
40737 0
40736 0
40735 0
40734 0
40733 0
40732 0
40731 0
40730 0
40729 0
40728 0
40727 0
40726 0
40725 0
40724 0
40723 0
40722 0
40721 0
40720 0
40719 0
40718 0
40717 0
40716 0
40715 0
40714 0
40713 0
40712 0
40711 0
40710 0
40709 0
40708 0
40707 0
40706 0
40705 0
40704 0
40703 0
40702 0
40701 0
40700 0
40699 0
40698 0
40697 0
40696 0
40695 0
40694 0
40693 0
40692 0
40691 0
40690 0
40689 0
40688 0
40687 0
40686 0
40685 0
40684 0
40683 0
40682 0
40681 0
40680 0
40679 0
40678 0
40677 0
