27799 3.21871
24239 1.84688
7145 1.40482
432 1.30054
13916 1.15522
17312 1.08841
16806 1.05873
13654 1.00522
36952 0.996883
16298 0.93855
9196 0.708247
35766 0.665931
27926 0.636255
35734 0.6057
2786 0.585375
37342 0.555159
36400 0.555159
26476 0.547619
15276 0.505952
14015 0.505556
16745 0.438095
12974 0.40873
29300 0.375
11113 0.375
14138 0.333333
12788 0.333333
6654 0.271739
12569 0.266414
24678 0.255217
31582 0.25
35525 0.218168
26512 0.2
8224 0.2
6924 0.2
31260 0.166667
31184 0.166667
27863 0.166667
23251 0.166667
21820 0.166667
12449 0.166667
36160 0.125
35265 0.125
33633 0.125
24894 0.125
20286 0.125
20250 0.125
19684 0.125
18328 0.125
5488 0.125
26069 0.124914
12104 0.124914
35317 0.111111
32324 0.111111
30209 0.111111
18963 0.111111
4028 0.111111
3002 0.111111
29875 0.0853755
22711 0.0853755
18520 0.0853755
16076 0.0853755
38185 0.0833333
35014 0.0833333
29439 0.0833333
22373 0.0833333
11876 0.0833333
39960 0.0714286
38762 0.0714286
21932 0.0714286
19032 0.0714286
13628 0.0714286
5821 0.0714286
19580 0.0666667
19079 0.0666667
1849 0.0666667
38955 0.0555556
31470 0.0555556
15075 0.0555556
3371 0.0555556
39791 0.047619
39177 0.047619
38468 0.047619
37496 0.047619
32611 0.047619
27395 0.047619
27349 0.047619
25360 0.047619
23468 0.047619
20928 0.047619
14842 0.047619
14534 0.047619
9553 0.047619
4112 0.047619
2899 0.047619
39172 0.0333333
31477 0.0333333
31221 0.0333333
27190 0.0333333
26095 0.0333333
25765 0.0333333
24591 0.0333333
18842 0.0333333
17287 0.0333333
12525 0.0333333
5056 0.0333333
612 0.0333333
39671 0.030303
35463 0.030303
34043 0.030303
29923 0.030303
27033 0.030303
26832 0.030303
23370 0.030303
21889 0.030303
10210 0.030303
2869 0.030303
2585 0.030303
550 0.030303
10 0.030303
40342 0.0217391
38583 0.0217391
37502 0.0217391
35346 0.0217391
33028 0.0217391
28988 0.0217391
21978 0.0217391
19379 0.0217391
17492 0.0217391
16395 0.0217391
15873 0.0217391
15416 0.0217391
14768 0.0217391
13507 0.0217391
12976 0.0217391
9239 0.0217391
5937 0.0217391
5719 0.0217391
3936 0.0217391
3852 0.0217391
2885 0.0217391
2484 0.0217391
2069 0.0217391
830 0.0217391
40980 0
40979 0
40978 0
40977 0
40976 0
40975 0
40974 0
40973 0
40972 0
40971 0
40970 0
40969 0
40968 0
40967 0
40966 0
40965 0
40964 0
40963 0
40962 0
40961 0
40960 0
40959 0
40958 0
40957 0
40956 0
40955 0
40954 0
40953 0
40952 0
40951 0
40950 0
40949 0
40948 0
40947 0
40946 0
40945 0
40944 0
40943 0
40942 0
40941 0
40940 0
40939 0
40938 0
40937 0
40936 0
40935 0
40934 0
40933 0
40932 0
40931 0
40930 0
40929 0
40928 0
40927 0
40926 0
40925 0
40924 0
40923 0
40922 0
40921 0
40920 0
40919 0
40918 0
40917 0
40916 0
40915 0
40914 0
40913 0
40912 0
40911 0
40910 0
40909 0
40908 0
40907 0
40906 0
40905 0
40904 0
40903 0
40902 0
40901 0
40900 0
40899 0
40898 0
40897 0
40896 0
40895 0
40894 0
40893 0
40892 0
40891 0
40890 0
40889 0
40888 0
40887 0
40886 0
40885 0
40884 0
40883 0
40882 0
40881 0
40880 0
40879 0
40878 0
40877 0
40876 0
40875 0
40874 0
40873 0
40872 0
40871 0
40870 0
40869 0
40868 0
40867 0
40866 0
40865 0
40864 0
40863 0
40862 0
40861 0
40860 0
40859 0
40858 0
40857 0
40856 0
40855 0
40854 0
40853 0
40852 0
40851 0
40850 0
40849 0
40848 0
40847 0
40846 0
40845 0
40844 0
40843 0
40842 0
40841 0
40840 0
40839 0
40838 0
40837 0
40836 0
40835 0
40834 0
40833 0
40832 0
40831 0
40830 0
40829 0
40828 0
40827 0
40826 0
40825 0
40824 0
40823 0
40822 0
40821 0
40820 0
40819 0
40818 0
40817 0
40816 0
40815 0
40814 0
40813 0
40812 0
40811 0
40810 0
40809 0
40808 0
40807 0
40806 0
40805 0
40804 0
40803 0
40802 0
40801 0
40800 0
40799 0
40798 0
40797 0
40796 0
40795 0
40794 0
40793 0
40792 0
40791 0
40790 0
40789 0
40788 0
40787 0
40786 0
40785 0
40784 0
40783 0
40782 0
40781 0
40780 0
40779 0
40778 0
40777 0
40776 0
40775 0
40774 0
40773 0
40772 0
40771 0
40770 0
40769 0
40768 0
40767 0
40766 0
40765 0
40764 0
40763 0
40762 0
40761 0
40760 0
40759 0
40758 0
40757 0
40756 0
40755 0
40754 0
40753 0
40752 0
40751 0
40750 0
40749 0
40748 0
40747 0
40746 0
40745 0
40744 0
40743 0
40742 0
40741 0
40740 0
40739 0
40738 0
40737 0
40736 0
40735 0
40734 0
40733 0
40732 0
40731 0
40730 0
40729 0
40728 0
40727 0
40726 0
40725 0
40724 0
40723 0
40722 0
40721 0
40720 0
40719 0
40718 0
40717 0
40716 0
40715 0
40714 0
40713 0
40712 0
40711 0
40710 0
40709 0
40708 0
40707 0
40706 0
40705 0
40704 0
40703 0
40702 0
40701 0
40700 0
40699 0
40698 0
40697 0
40696 0
40695 0
40694 0
40693 0
40692 0
40691 0
40690 0
40689 0
40688 0
40687 0
40686 0
40685 0
40684 0
40683 0
40682 0
40681 0
40680 0
40679 0
40678 0
40677 0
40676 0
40675 0
40674 0
40673 0
40672 0
40671 0
40670 0
40669 0
40668 0
40667 0
40666 0
40665 0
40664 0
40663 0
40662 0
40661 0
40660 0
40659 0
40658 0
40657 0
40656 0
40655 0
40654 0
40653 0
40652 0
40651 0
40650 0
40649 0
40648 0
40647 0
40646 0
40645 0
40644 0
40643 0
40642 0
40641 0
40640 0
40639 0
40638 0
40637 0
40636 0
40635 0
40634 0
40633 0
40632 0
40631 0
40630 0
40629 0
40628 0
40627 0
40626 0
40625 0
40624 0
