28776 579.82
14251 248.738
11027 173.081
21692 159.783
1158 120.358
34488 108.132
21015 99.429
21657 69.9997
20262 64.0978
4555 46.2564
5798 45.0849
38449 44.4316
29438 42.5637
9333 42.4285
33975 42.3952
8965 38.6671
14163 33.2588
8202 29.2246
27767 29.0925
38454 27.3432
7570 25.6836
15684 24.0566
2922 23.9041
3263 23.7528
22254 22.8147
26737 22.14
15638 21.8481
3012 21.8114
21588 21.4661
31215 21.4052
14105 21.2106
3578 20.2176
24726 20.1024
11452 19.7836
25229 18.4981
28694 17.8349
18227 17.7087
22129 17.0844
14852 16.7934
19496 16.3008
37266 16.0695
18882 15.9792
3114 15.7974
23837 15.0247
37377 14.5229
13277 14.2775
10904 14.2398
18534 14.2018
37802 14.1205
10211 13.5113
19096 13.3748
13392 13.0083
34630 12.6443
13839 12.5949
9628 12.1593
29879 11.8466
17804 11.7929
17987 11.5621
14563 11.4806
35699 11.4586
23063 11.2489
34651 11.2304
23168 11.108
23586 10.6725
14373 10.668
35545 10.3064
10082 10.2169
21059 10.0545
20275 10.0435
24418 9.96841
25336 9.851
4989 9.58657
39186 9.31684
9960 9.12094
24005 8.87418
26489 8.58033
34065 8.54533
32585 8.53862
31922 8.52676
20218 8.39068
22197 8.17254
15439 8.07641
23005 8.0707
15119 7.92478
3516 7.68214
6940 7.62634
6082 7.4056
6087 7.34125
12242 7.25955
25696 7.24835
3964 7.14693
28751 7.11686
14051 7.1156
40341 7.02173
29389 6.92387
9464 6.90556
23798 6.89513
33265 6.75126
32540 6.65754
12736 6.58086
14656 6.55038
38474 6.44444
12056 6.28972
23782 6.19906
36296 6.03296
39763 6.02469
18901 6.01647
12198 5.83111
19629 5.75857
16045 5.66586
694 5.54188
40289 5.4048
7974 5.33691
29747 5.32515
28608 5.24737
15250 5.15802
21952 5.01453
22441 4.97468
19135 4.87117
36222 4.83877
25338 4.82162
8975 4.80698
35810 4.63364
21321 4.57184
21977 4.56905
26631 4.56841
3624 4.42867
6385 4.40747
16087 4.34746
29986 4.28208
438 4.27388
33970 4.21064
14880 4.11721
16210 4.07266
3396 4.02507
8925 3.97861
27184 3.97689
21693 3.86506
37872 3.67631
22950 3.61528
18590 3.60831
11938 3.60321
107 3.59266
31967 3.56929
3595 3.50318
671 3.49129
6594 3.45952
23457 3.44944
9728 3.43779
9953 3.37688
39156 3.36731
14866 3.3539
22701 3.35204
16883 3.33881
39153 3.30125
17566 3.29792
25734 3.26348
26660 3.25684
30872 3.21367
19909 3.17393
35549 3.15298
28935 3.14919
11698 3.12643
5344 3.07803
20698 3.06584
24630 3.03151
24359 3.01313
11222 2.93993
2115 2.89904
13154 2.87632
19526 2.86416
25494 2.85711
26124 2.85635
40169 2.84408
17586 2.84405
4883 2.83446
7325 2.83065
352 2.82948
29178 2.82422
13404 2.81965
27558 2.80396
2391 2.76591
27794 2.75536
34409 2.73566
9841 2.73333
17937 2.72041
38381 2.71056
14830 2.7046
12024 2.6996
35544 2.69813
38875 2.65787
36786 2.63709
10092 2.61753
25092 2.55374
7317 2.50791
1009 2.45942
3972 2.45476
4816 2.44557
12691 2.44438
16813 2.43955
33431 2.43676
39544 2.43581
19976 2.4305
27287 2.42344
22939 2.41088
30564 2.39862
4261 2.37443
24548 2.3715
28533 2.3399
33082 2.30863
14640 2.28333
15488 2.28123
28646 2.26277
7799 2.25011
2264 2.2427
2572 2.20711
5566 2.20585
7303 2.19071
32608 2.17667
1613 2.14444
32011 2.13363
12703 2.12143
18126 2.12111
28438 2.11843
21677 2.10431
5231 2.0745
18987 2.06825
40681 2.0645
4199 2.05615
16336 2.02897
39976 2.02658
23819 2.02222
28678 2.00637
34381 2.00263
23871 1.99524
18226 1.9909
8951 1.97501
35025 1.97243
3836 1.95501
40896 1.94846
11311 1.93359
13166 1.9172
9515 1.9098
23664 1.8875
24348 1.88177
21818 1.88016
21574 1.86831
12771 1.85933
12120 1.84996
17245 1.84055
36482 1.83803
35 1.83495
34956 1.83202
34399 1.81134
127 1.80552
35863 1.77656
30857 1.76349
544 1.74029
25861 1.72768
4384 1.72386
3584 1.71361
34974 1.7
25470 1.69064
24259 1.67452
33299 1.67186
13318 1.67105
24120 1.65397
12455 1.63682
22471 1.60149
22523 1.59818
29284 1.5881
12086 1.58258
25156 1.5747
88 1.57403
29182 1.57145
35950 1.56967
21108 1.56667
39744 1.55678
1609 1.55469
32270 1.54574
40495 1.535
22545 1.53428
40646 1.53333
12191 1.53333
30761 1.51118
26981 1.50397
15906 1.49676
12521 1.49474
722 1.48778
30986 1.48156
36498 1.46593
10672 1.46233
39203 1.45938
2828 1.43333
38205 1.42769
39525 1.4252
6601 1.42373
17670 1.42231
40824 1.39926
22871 1.39592
3524 1.39008
10717 1.3835
31870 1.37449
14792 1.37171
8632 1.36315
4728 1.36026
38919 1.35827
7206 1.3494
38349 1.34359
28285 1.34131
20255 1.32803
21220 1.30154
8893 1.28856
9871 1.2866
7323 1.28403
19211 1.28008
20016 1.27821
19004 1.2663
19235 1.26502
20210 1.26099
23265 1.25314
35461 1.25058
5019 1.25046
11456 1.24074
32872 1.23659
19588 1.22187
23544 1.21533
10383 1.20197
34260 1.19744
30566 1.19286
13814 1.1906
727 1.18863
36964 1.18806
36910 1.18795
19066 1.18693
17643 1.18004
5348 1.17921
29982 1.17797
30031 1.17165
8658 1.16897
21925 1.16685
36565 1.16634
34063 1.16167
15064 1.16111
6892 1.15879
27006 1.15575
35226 1.15397
22280 1.15023
14946 1.14167
27609 1.12687
20372 1.12566
892 1.12344
28780 1.11953
19440 1.11716
8257 1.11163
23387 1.11098
30088 1.10739
22662 1.09932
29055 1.08311
21968 1.08288
32150 1.07824
19149 1.0754
24303 1.06822
17686 1.06393
19731 1.06225
28981 1.05761
12739 1.04402
17529 1.04192
3306 1.03836
18762 1.03687
11765 1.03571
11433 1.03328
144 1.02804
21608 1.01014
35487 1.00633
34964 1.00323
10368 1.00162
13242 1
28376 0.994048
20848 0.992857
19343 0.991667
40201 0.987229
4630 0.983514
5246 0.982258
27871 0.980958
15749 0.977246
13163 0.976623
23541 0.971161
11111 0.96859
40070 0.964927
3611 0.958471
15532 0.955952
2258 0.953502
11762 0.950946
13804 0.949733
7313 0.947699
32386 0.943687
32129 0.935014
34003 0.934524
31540 0.930212
23554 0.92764
21702 0.927183
14976 0.926149
33098 0.922735
36153 0.915873
24075 0.913228
11519 0.913095
6722 0.902204
20082 0.898855
3296 0.893687
6606 0.89022
18486 0.886234
27358 0.886164
18436 0.882093
23047 0.877453
30482 0.866667
12804 0.866667
26451 0.8631
31772 0.860232
8141 0.86006
20846 0.858187
10293 0.853266
1339 0.851291
3063 0.849952
15385 0.8446
22746 0.840278
21704 0.835066
29177 0.834343
39809 0.833631
33392 0.833333
37771 0.830089
26025 0.818122
17479 0.817832
6987 0.817361
35644 0.817063
34759 0.812239
19791 0.810501
6211 0.80423
36020 0.7989
9450 0.790909
25516 0.787601
32126 0.784816
31565 0.783333
38806 0.783333
29385 0.782878
27404 0.78125
31689 0.779251
37222 0.779228
1272 0.777945
18575 0.777773
24617 0.77366
28849 0.770322
5842 0.762521
2872 0.759387
29569 0.757576
27575 0.757071
39224 0.754718
11286 0.754262
38639 0.753968
26916 0.749322
7856 0.74657
38269 0.744877
5118 0.743528
13594 0.736732
34006 0.735173
20872 0.734127
23330 0.733333
25302 0.72638
36318 0.725812
1393 0.72412
4899 0.722832
35405 0.722269
34302 0.719893
30273 0.719304
371 0.716433
754 0.708333
25066 0.707684
32006 0.706084
18061 0.705795
16549 0.703105
35713 0.700495
13504 0.700397
34940 0.7
29169 0.7
17618 0.7
36490 0.698397
40941 0.698023
17940 0.694444
15901 0.694444
36829 0.691677
34855 0.690377
15977 0.687401
30618 0.683827
34948 0.683333
24412 0.682007
38988 0.679017
14464 0.67786
38058 0.676074
1434 0.67548
19281 0.672259
