20047 8.6348
17037 3.03146
25242 2.91533
21467 2.90949
31329 2.73416
34369 2.59027
34532 2.25474
34418 2.25286
3131 1.98121
3593 1.92207
12338 1.90199
24841 1.84114
1361 1.70352
232 1.68098
18328 1.19506
37352 1.17661
2373 1.17233
24353 1.12289
1572 1.12289
26501 1.01289
30398 0.972892
25896 0.967411
6961 0.956394
18736 0.947673
23753 0.929804
38763 0.879004
1757 0.832637
8665 0.829138
22756 0.817763
39959 0.804453
18279 0.804453
15148 0.743104
5158 0.743104
16406 0.719854
32450 0.647453
22354 0.641639
7955 0.609122
37973 0.603906
24838 0.57968
34416 0.578867
1532 0.572967
39901 0.572072
22594 0.500564
21450 0.492492
12042 0.492492
29505 0.461111
21862 0.460261
21723 0.437569
7938 0.437075
15854 0.435812
10957 0.426917
11592 0.406226
2046 0.397877
13450 0.390818
33242 0.385689
10008 0.385689
24234 0.384672
19995 0.384672
14109 0.384672
23696 0.379825
40023 0.371203
22867 0.367737
12748 0.367737
32641 0.355488
38390 0.354638
30230 0.354439
28167 0.354439
9406 0.354439
8798 0.354439
1429 0.332289
23639 0.331862
18843 0.320538
14173 0.320538
17446 0.302003
1061 0.300474
8672 0.295423
30388 0.292172
38096 0.288412
8774 0.284524
19072 0.280797
31057 0.274748
26615 0.272283
16490 0.272283
2354 0.272283
14077 0.263741
24787 0.263537
7041 0.263537
15616 0.262704
10815 0.254152
35814 0.25
29122 0.24981
19324 0.247605
1048 0.243168
26837 0.234562
12357 0.226303
26465 0.226067
11783 0.226067
10278 0.226067
16153 0.223856
32154 0.220486
31710 0.207428
33297 0.207327
15334 0.203658
27129 0.20131
2647 0.2
29223 0.193539
24727 0.191832
7212 0.191832
31761 0.187881
14344 0.187881
39942 0.186618
15674 0.185687
848 0.185687
30892 0.184519
28963 0.184519
12980 0.184519
5444 0.184519
9562 0.184055
35529 0.173301
36177 0.172559
23858 0.172559
13460 0.170458
8276 0.170458
6492 0.166667
5267 0.166667
29775 0.163575
8160 0.163575
3027 0.156944
26019 0.154715
40814 0.152993
28321 0.150777
17674 0.150215
513 0.148782
17284 0.143182
27079 0.142857
35866 0.140646
20738 0.140646
18330 0.140326
29242 0.140119
3228 0.140061
2814 0.138095
6627 0.135208
19095 0.134777
27538 0.132917
15378 0.131232
13615 0.130413
14655 0.130328
34174 0.129333
30792 0.129333
2091 0.128589
32801 0.125
37995 0.123677
23332 0.123677
14851 0.114189
15403 0.111787
31769 0.111111
28991 0.111111
11374 0.111111
29510 0.109973
32180 0.108653
11485 0.108533
29363 0.10216
26303 0.1
23362 0.1
19244 0.0889486
35951 0.0879519
6266 0.0860097
33911 0.085194
18425 0.085194
23519 0.0844857
16996 0.0844857
4703 0.0844857
18573 0.083555
20689 0.082958
32348 0.0829292
27595 0.0809334
32696 0.079837
31055 0.0755051
2359 0.0725716
34427 0.0707512
35012 0.0701152
32722 0.0701152
7124 0.0701152
19771 0.0677401
11648 0.0677401
28091 0.0666667
26757 0.0666667
36881 0.0661875
12492 0.0661875
5894 0.063989
1045 0.0632465
29354 0.0630598
24228 0.0601852
32849 0.0586753
25209 0.0586753
6665 0.0562212
2086 0.0560667
28805 0.0552566
37865 0.0528343
5615 0.0528343
10107 0.0525641
39092 0.0496521
32251 0.0496521
19179 0.0496521
39760 0.0494243
18118 0.0494243
11527 0.0494243
3731 0.0470796
14469 0.0464943
1424 0.0464943
37793 0.045601
25241 0.045601
5321 0.045601
3997 0.045601
20250 0.0451764
2484 0.0451764
24268 0.0449354
20757 0.0449354
20730 0.0449354
17243 0.0449354
15991 0.0439802
20879 0.0435232
20356 0.041978
559 0.041978
26549 0.0416667
38193 0.0408185
10735 0.0408185
8737 0.0408185
35270 0.0405229
34044 0.04
25335 0.04
7227 0.04
36298 0.0393513
31841 0.0384615
17860 0.0357143
8480 0.0357143
35109 0.0350919
32731 0.0350919
29576 0.0350919
12210 0.0350919
6845 0.0350919
5421 0.0350919
2356 0.0350919
37921 0.0344828
28345 0.0344828
5758 0.0341026
19753 0.0340457
12763 0.0322581
2554 0.0322581
20367 0.03125
5060 0.03125
965 0.030303
32098 0.0277778
21245 0.0277778
2343 0.0277778
36126 0.0243902
28925 0.0243902
27234 0.0243902
17493 0.0243902
16402 0.0243902
13974 0.0243902
6766 0.0243902
40109 0.0204082
27087 0.0204082
25028 0.0204082
22666 0.0204082
17872 0.0204082
11797 0.0204082
11596 0.0204082
10961 0.0204082
7466 0.0204082
1765 0.0204082
40697 0.0188679
40073 0.0188679
33036 0.0188679
24002 0.0188679
20488 0.0188679
2560 0.0188679
39962 0.0185185
39184 0.0185185
36511 0.0185185
27799 0.0185185
20587 0.0185185
4411 0.0185185
2885 0.0185185
38800 0.0181818
29728 0.0181818
17950 0.0181818
12764 0.0181818
29665 0.0175439
20906 0.0175439
4330 0.0175439
37027 0.0169492
24678 0.0169492
24224 0.0169492
13654 0.0169492
6041 0.0169492
1486 0.0169492
35786 0.0166667
33298 0.0166667
31097 0.0166667
10582 0.0166667
36886 0.016129
32755 0.016129
31562 0.016129
28359 0.016129
22864 0.016129
21855 0.016129
18809 0.016129
5786 0.016129
4906 0.016129
3936 0.016129
34178 0.0138889
21762 0.0138889
19992 0.0138889
17597 0.0138889
12558 0.0138889
6101 0.0138889
26365 0.0136986
10918 0.0136986
38163 0.0135135
34768 0.0135135
19032 0.0135135
9712 0.0131579
40884 0.0114943
37484 0.0114943
36716 0.0114943
32924 0.0114943
31643 0.0114943
29899 0.0114943
29872 0.0114943
28773 0.0114943
28269 0.0114943
26319 0.0114943
20956 0.0114943
13805 0.0114943
11870 0.0114943
10512 0.0114943
9405 0.0114943
2929 0.0114943
2318 0.0114943
8027 0.011236
27766 0.0106383
19194 0.0106383
13043 0.0106383
13027 0.0106383
38798 0.00970874
23843 0.00970874
10405 0.00970874
6518 0.00970874
6291 0.00970874
40980 0
40979 0
40978 0
40977 0
40976 0
40975 0
40974 0
40973 0
40972 0
40971 0
40970 0
40969 0
40968 0
40967 0
40966 0
40965 0
40964 0
40963 0
40962 0
40961 0
40960 0
40959 0
40958 0
40957 0
40956 0
40955 0
40954 0
40953 0
40952 0
40951 0
40950 0
40949 0
40948 0
40947 0
40946 0
40945 0
40944 0
40943 0
40942 0
40941 0
40940 0
40939 0
40938 0
40937 0
40936 0
40935 0
40934 0
40933 0
40932 0
40931 0
40930 0
40929 0
40928 0
40927 0
40926 0
40925 0
40924 0
40923 0
40922 0
40921 0
40920 0
40919 0
40918 0
40917 0
40916 0
40915 0
40914 0
40913 0
40912 0
40911 0
40910 0
40909 0
40908 0
40907 0
40906 0
40905 0
40904 0
40903 0
40902 0
40901 0
40900 0
40899 0
40898 0
40897 0
40896 0
40895 0
40894 0
40893 0
40892 0
40891 0
40890 0
40889 0
40888 0
40887 0
40886 0
40885 0
40883 0
40882 0
40881 0
40880 0
40879 0
40878 0
40877 0
40876 0
40875 0
40874 0
40873 0
40872 0
40871 0
40870 0
40869 0
40868 0
40867 0
40866 0
40865 0
40864 0
40863 0
40862 0
40861 0
40860 0
40859 0
40858 0
40857 0
40856 0
40855 0
40854 0
40853 0
40852 0
40851 0
40850 0
40849 0
40848 0
40847 0
40846 0
40845 0
40844 0
40843 0
40842 0
40841 0
40840 0
40839 0
40838 0
40837 0
40836 0
40835 0
40834 0
40833 0
40832 0
40831 0
