32615 7.58492
40821 2.53672
11305 2.20425
11279 2.16087
20405 2.00412
27783 1.79682
33629 1.75955
14493 1.66261
8222 1.61721
24447 1.37593
11760 1.37007
9263 1.36696
27381 1.32518
4549 1.21669
39928 1.14628
37549 1.14144
32577 1.04436
29934 1.01848
21413 0.980656
30721 0.947241
34308 0.929756
8964 0.912297
28507 0.900579
13397 0.872768
27149 0.833503
8698 0.833144
26800 0.77524
17969 0.757892
28425 0.753966
9975 0.740893
18187 0.707142
23106 0.700685
20460 0.699176
30280 0.643687
26723 0.632706
18900 0.629756
17139 0.62742
4063 0.619252
35036 0.616932
12831 0.608984
4318 0.598984
18382 0.593905
14042 0.584288
10494 0.564652
10365 0.556056
1674 0.555863
3315 0.55
12239 0.543478
22863 0.542322
4500 0.536329
28456 0.516728
26308 0.513164
3613 0.507253
28554 0.501039
34103 0.482834
657 0.481228
40283 0.472076
33537 0.468642
30490 0.468642
24178 0.452689
33095 0.434524
30058 0.422137
20483 0.421684
10149 0.415286
3001 0.414286
27529 0.413468
25928 0.369121
40265 0.352098
28271 0.349916
27747 0.343478
557 0.328051
34928 0.307362
18763 0.307362
17802 0.299517
31107 0.293651
10629 0.285214
3385 0.283333
1906 0.276923
15907 0.276557
6712 0.26254
26117 0.244372
26740 0.237188
25749 0.232925
38642 0.229814
36058 0.223187
23341 0.223187
4229 0.222985
30188 0.207559
14214 0.202564
17807 0.19611
27207 0.194136
37587 0.192593
22824 0.192593
23515 0.186465
10644 0.184701
1275 0.177943
31447 0.174341
13690 0.17094
36439 0.169004
35667 0.169004
38006 0.167496
17548 0.166667
10563 0.166667
4448 0.166667
36675 0.166533
32674 0.166533
6596 0.166533
20292 0.165684
31301 0.153073
15330 0.143365
16412 0.142857
67 0.140783
12235 0.132577
4767 0.132577
13643 0.125
16649 0.118642
6842 0.118377
31392 0.116453
1079 0.115404
38791 0.113554
36592 0.113554
25189 0.113554
21996 0.113554
32141 0.107531
40654 0.106564
36099 0.106206
36752 0.104753
16671 0.102254
10134 0.101867
9153 0.1
34162 0.0960243
10025 0.0960243
12465 0.0924388
38328 0.0914745
13303 0.0914745
14849 0.0908961
17736 0.0903251
11100 0.0903251
5191 0.0903251
30169 0.0899767
10876 0.0899767
8378 0.0899767
3388 0.0845909
38210 0.0833333
30156 0.0833333
3076 0.0833333
35957 0.0769231
9561 0.0769231
3308 0.0769231
2840 0.0769231
1313 0.0769231
15185 0.0758741
22228 0.0714286
17499 0.0714286
5916 0.0714286
22933 0.0667254
22655 0.0625
13432 0.0625
5693 0.0625
2590 0.0625
2212 0.0625
27906 0.0577055
39437 0.0555556
24525 0.0555556
20140 0.0555556
3680 0.0555556
8103 0.0554716
40231 0.0540055
37427 0.0540055
33698 0.0540055
27229 0.0540055
21707 0.0540055
20421 0.0540055
8610 0.0540055
36822 0.0526316
30690 0.0526316
27866 0.0526316
24066 0.0526316
22309 0.0526316
7502 0.0526316
6649 0.0526316
2702 0.0526316
39416 0.0472059
36898 0.0472059
24708 0.0472059
22932 0.0472059
15899 0.0472059
12388 0.0472059
6853 0.0472059
2467 0.0472059
39757 0.0434783
37711 0.0434783
30657 0.0434783
18724 0.0434783
1894 0.0434783
23762 0.0416667
23227 0.0416667
8401 0.0416667
5675 0.0416667
4104 0.0416667
39557 0.04
13156 0.04
7451 0.04
40433 0.0384615
37363 0.0384615
34593 0.0384615
33947 0.0384615
32094 0.0384615
21184 0.0384615
14738 0.0384615
5328 0.0384615
3218 0.0384615
1028 0.0384615
178 0.0384615
35026 0.037037
27004 0.037037
23395 0.037037
22470 0.037037
18357 0.037037
11291 0.037037
9128 0.0344828
3809 0.0344828
28485 0.0333333
22439 0.03125
4658 0.03125
4312 0.03125
29173 0.0243902
2569 0.0243902
33534 0.0227273
8034 0.0227273
1909 0.0227273
34675 0.0217391
33463 0.0217391
27471 0.0217391
24161 0.0217391
21775 0.0217391
18366 0.0217391
36260 0.0192308
27546 0.0192308
27008 0.0192308
15023 0.0192308
5396 0.0192308
37463 0.0181818
30427 0.0181818
17584 0.0181818
16849 0.0181818
15396 0.0181818
2039 0.0181818
25548 0.0140845
16144 0.0140845
12719 0.0140845
4440 0.0140845
40397 0.0135135
37485 0.0135135
30470 0.0135135
30221 0.0135135
10185 0.0135135
4260 0.0135135
40980 0
40979 0
40978 0
40977 0
40976 0
40975 0
40974 0
40973 0
40972 0
40971 0
40970 0
40969 0
40968 0
40967 0
40966 0
40965 0
40964 0
40963 0
40962 0
40961 0
40960 0
40959 0
40958 0
40957 0
40956 0
40955 0
40954 0
40953 0
40952 0
40951 0
40950 0
40949 0
40948 0
40947 0
40946 0
40945 0
40944 0
40943 0
40942 0
40941 0
40940 0
40939 0
40938 0
40937 0
40936 0
40935 0
40934 0
40933 0
40932 0
40931 0
40930 0
40929 0
40928 0
40927 0
40926 0
40925 0
40924 0
40923 0
40922 0
40921 0
40920 0
40919 0
40918 0
40917 0
40916 0
40915 0
40914 0
40913 0
40912 0
40911 0
40910 0
40909 0
40908 0
40907 0
40906 0
40905 0
40904 0
40903 0
40902 0
40901 0
40900 0
40899 0
40898 0
40897 0
40896 0
40895 0
40894 0
40893 0
40892 0
40891 0
40890 0
40889 0
40888 0
40887 0
40886 0
40885 0
40884 0
40883 0
40882 0
40881 0
40880 0
40879 0
40878 0
40877 0
40876 0
40875 0
40874 0
40873 0
40872 0
40871 0
40870 0
40869 0
40868 0
40867 0
40866 0
40865 0
40864 0
40863 0
40862 0
40861 0
40860 0
40859 0
40858 0
40857 0
40856 0
40855 0
40854 0
40853 0
40852 0
40851 0
40850 0
40849 0
40848 0
40847 0
40846 0
40845 0
40844 0
40843 0
40842 0
40841 0
40840 0
40839 0
40838 0
40837 0
40836 0
40835 0
40834 0
40833 0
40832 0
40831 0
40830 0
40829 0
40828 0
40827 0
40826 0
40825 0
40824 0
40823 0
40822 0
40820 0
40819 0
40818 0
40817 0
40816 0
40815 0
40814 0
40813 0
40812 0
40811 0
40810 0
40809 0
40808 0
40807 0
40806 0
40805 0
40804 0
40803 0
40802 0
40801 0
40800 0
40799 0
40798 0
40797 0
40796 0
40795 0
40794 0
40793 0
40792 0
40791 0
40790 0
40789 0
40788 0
40787 0
40786 0
40785 0
40784 0
40783 0
40782 0
40781 0
40780 0
40779 0
40778 0
40777 0
40776 0
40775 0
40774 0
40773 0
40772 0
40771 0
40770 0
40769 0
40768 0
40767 0
40766 0
40765 0
40764 0
40763 0
40762 0
40761 0
40760 0
40759 0
40758 0
40757 0
40756 0
40755 0
40754 0
40753 0
40752 0
40751 0
40750 0
40749 0
40748 0
40747 0
40746 0
40745 0
40744 0
40743 0
40742 0
40741 0
40740 0
40739 0
40738 0
