31301 10.3889
4405 3.93333
27514 3.90911
26401 3.47077
18730 3.09156
26750 2.38096
16791 2.3349
27951 2.10175
34592 1.96014
9831 1.86613
36554 1.70745
1427 1.48527
26789 1.41049
24475 1.25082
8186 1.02977
2673 0.971191
13845 0.92832
19972 0.909524
27886 0.838959
18937 0.810808
5693 0.749242
37087 0.749151
33672 0.713235
186 0.701827
5433 0.674242
40205 0.672222
17634 0.671399
7708 0.661084
28380 0.625
15768 0.625
29997 0.605079
8169 0.6
16853 0.575
8822 0.569643
28950 0.561282
30485 0.559524
23813 0.541667
39616 0.520234
13762 0.518026
27834 0.509921
7691 0.491519
32885 0.47619
36746 0.465909
2249 0.461111
28527 0.454605
25445 0.453968
31888 0.451068
22422 0.446499
40017 0.442857
35048 0.438034
39495 0.414683
13432 0.412897
12243 0.412695
15237 0.400433
29629 0.394661
17599 0.384367
6644 0.369865
31816 0.366667
16604 0.366667
8508 0.354701
34495 0.349031
22890 0.344538
36045 0.340439
39393 0.333333
492 0.332102
33804 0.326923
19951 0.326923
32873 0.326149
919 0.319514
52 0.319514
13079 0.312695
38289 0.298127
19032 0.296266
23714 0.295833
12221 0.295788
33078 0.293651
12176 0.293651
2712 0.29194
11630 0.281818
22990 0.273611
4943 0.25978
20407 0.25202
38450 0.25
37197 0.25
29669 0.25
25324 0.25
22465 0.25
18328 0.25
8065 0.25
1916 0.25
680 0.248746
27844 0.245671
23755 0.23822
35985 0.237745
32282 0.235653
11968 0.230332
6173 0.230332
12431 0.227805
36051 0.224542
27759 0.224542
30741 0.223388
31859 0.22254
38646 0.214753
33327 0.211662
26400 0.207643
12812 0.200311
38515 0.2
22070 0.2
20127 0.2
13837 0.2
7894 0.2
6584 0.2
18616 0.199697
13631 0.199697
37697 0.186465
13907 0.178788
1091 0.170139
30335 0.168788
11936 0.168788
10596 0.168788
2838 0.167484
39907 0.166667
39394 0.166667
34825 0.166667
33104 0.166667
32015 0.166667
31161 0.166667
28038 0.166667
25101 0.166667
23193 0.166667
20966 0.166667
16835 0.166667
14588 0.166667
13344 0.166667
9655 0.166667
8628 0.166667
5108 0.166667
292 0.166667
33712 0.164286
2160 0.164286
39454 0.163779
16404 0.163779
25944 0.156642
17515 0.156642
36032 0.156222
10118 0.156222
33651 0.14899
20068 0.14899
7164 0.146281
3856 0.146281
1628 0.146281
31817 0.142857
31561 0.142857
27094 0.142857
14427 0.142857
3362 0.142857
40661 0.140426
13646 0.140426
21983 0.140098
39743 0.133754
6096 0.133754
10423 0.129167
9362 0.129167
5691 0.129167
15291 0.128521
3434 0.128521
3321 0.128521
13334 0.126112
3600 0.126112
28701 0.125
27799 0.125
18380 0.125
10073 0.125
39171 0.124825
28444 0.124825
26892 0.124825
23014 0.124825
33331 0.121295
31147 0.116713
26083 0.116713
6705 0.116713
19589 0.112623
40140 0.111111
40093 0.111111
33814 0.111111
25205 0.111111
24825 0.111111
23724 0.111111
23364 0.111111
21022 0.111111
15235 0.111111
10701 0.111111
9647 0.111111
5620 0.111111
3279 0.111111
6092 0.109623
38303 0.1
28122 0.1
26651 0.1
26159 0.1
20684 0.1
18254 0.1
22514 0.0992063
36467 0.0909091
31999 0.0909091
24174 0.0909091
5564 0.0909091
2885 0.0909091
2053 0.0909091
40479 0.086176
39669 0.086176
11668 0.086176
8267 0.086176
37998 0.0845834
19529 0.0845834
18332 0.0845834
15451 0.0845834
6504 0.0845834
5130 0.0845834
17406 0.0840641
15446 0.0840641
10980 0.0840641
10322 0.0840641
35215 0.0833333
34451 0.0833333
33490 0.0833333
32852 0.0833333
19939 0.0833333
17342 0.0833333
17144 0.0833333
13925 0.0833333
9332 0.0833333
9028 0.0833333
3924 0.0833333
27401 0.0805789
23059 0.0805789
6694 0.0805789
33981 0.077451
10131 0.077451
38714 0.0769231
38176 0.0769231
27139 0.0769231
26612 0.0769231
16018 0.0769231
6616 0.0769231
5034 0.0769231
1295 0.0769231
1250 0.0769231
32763 0.0714286
13765 0.0714286
2677 0.0666667
40573 0.0625
22502 0.0625
20035 0.0625
14007 0.0625
28305 0.0588235
19258 0.0588235
8196 0.0588235
7036 0.0588235
6886 0.0588235
3064 0.0588235
34277 0.0555556
32604 0.0555556
28480 0.0555556
26260 0.0555556
40387 0.05
37396 0.05
35778 0.05
17301 0.05
38667 0.047619
37797 0.047619
35361 0.047619
35096 0.047619
34611 0.047619
31930 0.047619
27132 0.047619
25350 0.047619
22228 0.047619
19474 0.047619
17725 0.047619
14311 0.047619
13422 0.047619
13007 0.047619
12524 0.047619
10923 0.047619
8672 0.047619
3880 0.047619
3336 0.047619
3245 0.047619
30345 0.0454545
29746 0.0454545
40029 0.0416667
39165 0.0416667
34355 0.0416667
33160 0.0416667
32863 0.0416667
32058 0.0416667
26506 0.0416667
24428 0.0416667
20457 0.0416667
19925 0.0416667
17184 0.0416667
11944 0.0416667
5800 0.0416667
1971 0.0416667
333 0.0416667
18961 0.04
15302 0.04
14603 0.04
13462 0.04
39112 0.0357143
26978 0.0357143
23154 0.0357143
21312 0.0357143
16890 0.0357143
16570 0.0357143
16182 0.0357143
13527 0.0357143
9487 0.0357143
7883 0.0357143
7684 0.0357143
2958 0.0357143
37562 0.0344828
34394 0.0344828
34357 0.0344828
32582 0.0344828
31861 0.0344828
31409 0.0344828
30494 0.0344828
28543 0.0344828
27892 0.0344828
25118 0.0344828
24237 0.0344828
23013 0.0344828
21774 0.0344828
21579 0.0344828
17833 0.0344828
17044 0.0344828
16659 0.0344828
16614 0.0344828
15637 0.0344828
14777 0.0344828
14677 0.0344828
12502 0.0344828
9621 0.0344828
6414 0.0344828
4746 0.0344828
4493 0.0344828
3494 0.0344828
3369 0.0344828
3158 0.0344828
1312 0.0344828
38662 0.0333333
37501 0.0333333
35400 0.0333333
33341 0.0333333
28535 0.0333333
22941 0.0333333
22931 0.0333333
14705 0.0333333
9654 0.0333333
2884 0.0333333
35537 0.03125
34963 0.03125
34871 0.03125
34529 0.03125
30127 0.03125
24518 0.03125
24316 0.03125
23317 0.03125
11075 0.03125
6823 0.03125
5203 0.03125
1683 0.03125
263 0.03125
39311 0.030303
25629 0.030303
24803 0.030303
19898 0.030303
15891 0.030303
12021 0.030303
10036 0.030303
7586 0.030303
2237 0.030303
36740 0.0294118
34126 0.0294118
32158 0.0294118
29741 0.0294118
29554 0.0294118
22269 0.0294118
2016 0.0294118
569 0.0294118
99 0.0294118
33189 0.0277778
32975 0.0277778
30167 0.0277778
29310 0.0277778
29032 0.0277778
21097 0.0277778
20489 0.0277778
8538 0.0277778
8036 0.0277778
3363 0.0277778
40811 0.0232558
39048 0.0232558
29139 0.0232558
27551 0.0232558
25462 0.0232558
24213 0.0232558
20634 0.0232558
16149 0.0232558
13633 0.0232558
12481 0.0232558
6309 0.0232558
6209 0.0232558
2509 0.0232558
936 0.0232558
33390 0.0217391
32261 0.0217391
31986 0.0217391
31294 0.0217391
30611 0.0217391
28722 0.0217391
22518 0.0217391
22166 0.0217391
21495 0.0217391
19373 0.0217391
17767 0.0217391
15352 0.0217391
13323 0.0217391
11615 0.0217391
10602 0.0217391
6002 0.0217391
4538 0.0217391
40903 0.015873
40829 0.015873
38516 0.015873
37940 0.015873
37103 0.015873
33383 0.015873
26295 0.015873
23221 0.015873
22594 0.015873
21181 0.015873
14127 0.015873
10737 0.015873
9599 0.015873
4851 0.015873
3282 0.015873
363 0.015873
40869 0.0147059
37529 0.0147059
36208 0.0147059
36206 0.0147059
32862 0.0147059
30829 0.0147059
30269 0.0147059
26395 0.0147059
26088 0.0147059
22402 0.0147059
22288 0.0147059
21724 0.0147059
21345 0.0147059
20809 0.0147059
17272 0.0147059
14565 0.0147059
12050 0.0147059
10009 0.0147059
8867 0.0147059
7024 0.0147059
2633 0.0147059
2289 0.0147059
123 0.0147059
40980 0
40979 0
40978 0
40977 0
40976 0
40975 0
40974 0
40973 0
40972 0
40971 0
40970 0
40969 0
40968 0
40967 0
40966 0
40965 0
40964 0
40963 0
40962 0
40961 0
40960 0
40959 0
40958 0
40957 0
40956 0
40955 0
40954 0
