28776 7.95629
24259 2.25952
7570 2.17424
19004 1.66151
21126 1.5
33975 1.14921
10211 1.00263
14163 0.883333
34488 0.873016
7783 0.75
3595 0.7
14251 0.694841
9333 0.666667
1158 0.651984
11027 0.613431
34630 0.555556
107 0.507576
29664 0.486111
3114 0.486111
4555 0.461111
21015 0.452381
13154 0.436111
40929 0.434524
12198 0.420635
35487 0.41978
3836 0.41978
1009 0.416667
26489 0.383333
29986 0.360256
39119 0.333333
37525 0.333333
35950 0.333333
35284 0.333333
22197 0.333333
16910 0.333333
16210 0.333333
7856 0.333333
3306 0.333333
38988 0.311111
14051 0.311111
31215 0.306349
24630 0.299242
5947 0.28254
40896 0.25
39156 0.25
38381 0.25
34956 0.25
32150 0.25
32011 0.25
31745 0.25
24188 0.25
24005 0.25
23648 0.25
15660 0.25
11065 0.25
604 0.25
39153 0.223016
20262 0.223016
14656 0.223016
34939 0.219298
28646 0.219298
4424 0.219298
39763 0.2
25988 0.2
25092 0.2
19211 0.2
19002 0.2
18229 0.2
14346 0.2
7330 0.2
36829 0.166667
35318 0.166667
28267 0.166667
27024 0.166667
26708 0.166667
13687 0.166667
7211 0.166667
6471 0.166667
4986 0.166667
4261 0.166667
39802 0.142857
29562 0.142857
23837 0.142857
13493 0.142857
3934 0.142857
892 0.142857
33628 0.125
21859 0.125
21693 0.125
19629 0.125
15007 0.125
7325 0.125
37266 0.111111
32585 0.111111
31583 0.111111
31540 0.111111
28981 0.111111
21059 0.111111
18060 0.111111
17937 0.111111
15315 0.111111
13539 0.111111
9953 0.111111
8965 0.111111
7683 0.111111
38449 0.1
36493 0.1
22129 0.1
23222 0.0909091
21702 0.0909091
14373 0.0909091
11295 0.0909091
10289 0.0909091
6088 0.0909091
31922 0.0833333
25494 0.0833333
21116 0.0833333
20255 0.0833333
17896 0.0833333
17524 0.0833333
13284 0.0833333
5438 0.0833333
4429 0.0833333
39976 0.0769231
36427 0.0769231
34651 0.0769231
32078 0.0769231
27287 0.0769231
12135 0.0769231
40169 0.0555556
37802 0.0555556
37584 0.0555556
28751 0.0555556
27767 0.0555556
24348 0.0555556
20698 0.0555556
20300 0.0555556
19282 0.0555556
15684 0.0555556
13594 0.0555556
8609 0.0555556
6976 0.0555556
5762 0.0555556
4728 0.0555556
3578 0.0555556
3012 0.0555556
1382 0.0555556
38348 0.0526316
29389 0.0526316
28849 0.0526316
18734 0.0526316
14103 0.0526316
10249 0.0526316
9960 0.0526316
7317 0.0526316
4384 0.0526316
2264 0.0526316
2115 0.0526316
2059 0.0526316
119 0.0526316
36222 0.0285714
35863 0.0285714
35699 0.0285714
34065 0.0285714
29438 0.0285714
29221 0.0285714
25208 0.0285714
24726 0.0285714
21692 0.0285714
20274 0.0285714
19526 0.0285714
19096 0.0285714
18901 0.0285714
14468 0.0285714
13839 0.0285714
9728 0.0285714
6892 0.0285714
6385 0.0285714
5181 0.0285714
4816 0.0285714
849 0.0285714
40980 0
40979 0
40978 0
40977 0
40976 0
40975 0
40974 0
40973 0
40972 0
40971 0
40970 0
40969 0
40968 0
40967 0
40966 0
40965 0
40964 0
40963 0
40962 0
40961 0
40960 0
40959 0
40958 0
40957 0
40956 0
40955 0
40954 0
40953 0
40952 0
40951 0
40950 0
40949 0
40948 0
40947 0
40946 0
40945 0
40944 0
40943 0
40942 0
40941 0
40940 0
40939 0
40938 0
40937 0
40936 0
40935 0
40934 0
40933 0
40932 0
40931 0
40930 0
40928 0
40927 0
40926 0
40925 0
40924 0
40923 0
40922 0
40921 0
40920 0
40919 0
40918 0
40917 0
40916 0
40915 0
40914 0
40913 0
40912 0
40911 0
40910 0
40909 0
40908 0
40907 0
40906 0
40905 0
40904 0
40903 0
40902 0
40901 0
40900 0
40899 0
40898 0
40897 0
40895 0
40894 0
40893 0
40892 0
40891 0
40890 0
40889 0
40888 0
40887 0
40886 0
40885 0
40884 0
40883 0
40882 0
40881 0
40880 0
40879 0
40878 0
40877 0
40876 0
40875 0
40874 0
40873 0
40872 0
40871 0
40870 0
40869 0
40868 0
40867 0
40866 0
40865 0
40864 0
40863 0
40862 0
40861 0
40860 0
40859 0
40858 0
40857 0
40856 0
40855 0
40854 0
40853 0
40852 0
40851 0
40850 0
40849 0
40848 0
40847 0
40846 0
40845 0
40844 0
40843 0
40842 0
40841 0
40840 0
40839 0
40838 0
40837 0
40836 0
40835 0
40834 0
40833 0
40832 0
40831 0
40830 0
40829 0
40828 0
40827 0
40826 0
40825 0
40824 0
40823 0
40822 0
40821 0
40820 0
40819 0
40818 0
40817 0
40816 0
40815 0
40814 0
40813 0
40812 0
40811 0
40810 0
40809 0
40808 0
40807 0
40806 0
40805 0
40804 0
40803 0
40802 0
40801 0
40800 0
40799 0
40798 0
40797 0
40796 0
40795 0
40794 0
40793 0
40792 0
40791 0
40790 0
40789 0
40788 0
40787 0
40786 0
40785 0
40784 0
40783 0
40782 0
40781 0
40780 0
40779 0
40778 0
40777 0
40776 0
40775 0
40774 0
40773 0
40772 0
40771 0
40770 0
40769 0
40768 0
40767 0
40766 0
40765 0
40764 0
40763 0
40762 0
40761 0
40760 0
40759 0
40758 0
40757 0
40756 0
40755 0
40754 0
40753 0
40752 0
40751 0
40750 0
40749 0
40748 0
40747 0
40746 0
40745 0
40744 0
40743 0
40742 0
40741 0
40740 0
40739 0
40738 0
40737 0
40736 0
40735 0
40734 0
40733 0
40732 0
40731 0
40730 0
40729 0
40728 0
40727 0
40726 0
40725 0
40724 0
40723 0
40722 0
40721 0
40720 0
40719 0
40718 0
40717 0
40716 0
40715 0
40714 0
40713 0
40712 0
40711 0
40710 0
40709 0
40708 0
40707 0
40706 0
40705 0
40704 0
40703 0
40702 0
40701 0
40700 0
40699 0
40698 0
40697 0
40696 0
40695 0
40694 0
40693 0
40692 0
40691 0
40690 0
40689 0
40688 0
40687 0
40686 0
40685 0
40684 0
40683 0
40682 0
40681 0
40680 0
40679 0
40678 0
40677 0
40676 0
40675 0
40674 0
40673 0
40672 0
40671 0
40670 0
40669 0
40668 0
40667 0
40666 0
40665 0
40664 0
40663 0
40662 0
40661 0
40660 0
