17566 155.009
14829 59.5113
28776 28.29
9942 25.2314
24993 15.8073
34488 13.9758
35810 13.1829
29879 11.5897
34149 10.8615
13426 8.60417
33257 8.56624
36296 7.34875
12703 7.04858
40452 6.82175
37086 6.79405
38444 6.57554
27315 6.32092
2391 5.32024
34630 5.3126
5565 4.85129
31178 4.71158
10693 4.65925
17610 4.63532
37369 4.5899
30752 4.26151
35197 4.22619
9960 3.98452
40097 3.97534
38005 3.97269
4181 3.81525
40230 3.70575
38352 3.62579
10945 3.48367
7570 3.17375
5849 3.13654
10438 2.86071
10371 2.77778
26952 2.61065
16538 2.5964
8147 2.51668
28594 2.48084
9333 2.36786
38449 2.23815
27159 2.08541
3157 2.08452
38564 2.07794
35933 1.95242
7105 1.89484
11403 1.84401
17167 1.82336
20839 1.81428
34961 1.76525
10326 1.75977
34586 1.74017
7116 1.7046
20664 1.69157
2812 1.67256
28658 1.48486
27616 1.46647
18008 1.40315
14470 1.38022
8472 1.34953
1301 1.30952
38994 1.30278
14861 1.27992
2025 1.275
13839 1.25684
1158 1.23452
33975 1.22653
16469 1.20263
14163 1.20017
22254 1.19924
30332 1.19295
23606 1.17738
25470 1.17063
18082 1.13301
35738 1.12871
37377 1.12199
6532 1.1196
23712 1.11786
17374 1.06905
1188 1.0516
36009 1.01349
24005 1.00632
22421 1.00117
8092 0.98604
24259 0.969538
37308 0.947854
33328 0.937459
10203 0.936601
7270 0.916667
25660 0.912302
3970 0.90202
35067 0.89408
1015 0.8671
9078 0.83952
31922 0.833333
39796 0.81859
39543 0.799603
39976 0.798748
34884 0.791667
33627 0.783333
30939 0.778794
14751 0.778794
24322 0.777381
1161 0.766399
1649 0.757576
14251 0.750763
2576 0.748109
23492 0.74478
15229 0.743541
23505 0.742298
38405 0.741766
38611 0.737128
1890 0.728175
895 0.72619
26505 0.718687
14629 0.715909
19092 0.711905
7655 0.708333
39839 0.700397
12769 0.7
12674 0.685317
314 0.683333
34231 0.683333
24129 0.67619
40187 0.66859
29668 0.666667
24418 0.666667
21822 0.666667
8529 0.657738
24725 0.650408
20744 0.642857
14373 0.642857
14397 0.624242
3528 0.60579
10426 0.592857
12350 0.590909
1368 0.590909
38913 0.587864
29389 0.583333
28787 0.583333
21015 0.57619
20262 0.575
18227 0.573538
34065 0.571429
24693 0.564379
38818 0.559524
14177 0.55
7095 0.545635
32070 0.53869
37110 0.538462
25092 0.538462
22467 0.530749
6122 0.525
526 0.525
34929 0.508824
18783 0.501389
27024 0.5
2589 0.5
1472 0.5
16875 0.497076
28932 0.483965
11918 0.476243
3457 0.476243
28298 0.458333
31677 0.458333
34872 0.453968
13439 0.45202
36618 0.45
21116 0.440539
18944 0.438095
7235 0.437062
1434 0.436963
21523 0.434524
20403 0.433824
36167 0.42751
9159 0.415909
1438 0.411111
8674 0.400433
2900 0.399733
3043 0.394444
37522 0.388889
19818 0.384483
11948 0.384483
25303 0.38158
4239 0.378968
18611 0.375794
30306 0.374242
29479 0.372024
3012 0.371795
35207 0.362459
12024 0.361111
27126 0.357576
11058 0.348485
9018 0.344877
990 0.344877
24750 0.34359
14063 0.342857
26028 0.339286
28081 0.338462
7694 0.333766
40816 0.333333
38402 0.333333
35750 0.333333
34808 0.333333
33970 0.333333
27792 0.333333
24742 0.333333
21608 0.333333
20815 0.333333
20716 0.333333
19281 0.333333
15475 0.333333
13584 0.333333
10211 0.333333
8803 0.333333
698 0.333333
21220 0.330891
7302 0.315476
25138 0.308333
30701 0.298611
5798 0.296983
30643 0.274573
28249 0.26978
37208 0.263743
1838 0.253247
4204 0.252632
39446 0.25
36481 0.25
35699 0.25
34204 0.25
31869 0.25
26466 0.25
25204 0.25
24235 0.25
23010 0.25
22129 0.25
21387 0.25
19183 0.25
18823 0.25
18142 0.25
16772 0.25
13331 0.25
12242 0.25
11735 0.25
7879 0.25
5156 0.25
3678 0.25
3278 0.25
33397 0.249733
3705 0.249242
23140 0.246324
14660 0.246324
713 0.242063
27017 0.239423
5880 0.236742
31452 0.236111
28149 0.230159
16691 0.227778
17232 0.223214
19090 0.221161
8283 0.221001
22791 0.217262
6095 0.217022
33346 0.204762
7513 0.204762
9055 0.203409
6211 0.201465
40718 0.2
40370 0.2
40341 0.2
38922 0.2
38783 0.2
37266 0.2
37058 0.2
36484 0.2
34057 0.2
32002 0.2
31756 0.2
27917 0.2
25564 0.2
24726 0.2
15822 0.2
9479 0.2
8226 0.2
7397 0.2
6376 0.2
3094 0.2
2323 0.2
393 0.2
14240 0.199176
4268 0.189776
15929 0.176923
3049 0.169841
35805 0.168714
38626 0.166667
35914 0.166667
35863 0.166667
35049 0.166667
29203 0.166667
27558 0.166667
24131 0.166667
20195 0.166667
19066 0.166667
17118 0.166667
15250 0.166667
15238 0.166667
11456 0.166667
7264 0.166667
2998 0.166667
1518 0.166667
486 0.166667
4460 0.165476
36498 0.163853
39438 0.142857
38207 0.142857
37684 0.142857
34164 0.142857
33464 0.142857
32432 0.142857
31540 0.142857
31106 0.142857
29561 0.142857
28243 0.142857
26737 0.142857
18406 0.142857
17787 0.142857
15551 0.142857
15015 0.142857
11027 0.142857
9969 0.142857
3114 0.142857
1772 0.142857
1731 0.142857
38114 0.142157
29114 0.142157
15050 0.128571
40399 0.125
40291 0.125
36420 0.125
36090 0.125
35950 0.125
32069 0.125
30837 0.125
29095 0.125
26631 0.125
25738 0.125
25061 0.125
23922 0.125
23782 0.125
18239 0.125
17864 0.125
16668 0.125
15565 0.125
15028 0.125
14032 0.125
10809 0.125
10092 0.125
6821 0.125
6597 0.125
6343 0.125
3526 0.125
2369 0.125
970 0.125
33720 0.111111
22237 0.111111
14889 0.111111
13301 0.111111
13098 0.111111
6733 0.111111
3909 0.111111
3656 0.111111
1009 0.111111
40976 0.1
33144 0.1
29178 0.1
24345 0.1
24199 0.1
21494 0.1
19111 0.1
17354 0.1
13266 0.1
9722 0.1
5409 0.1
2215 0.1
40002 0.0909091
39258 0.0909091
36275 0.0909091
35622 0.0909091
33275 0.0909091
32953 0.0909091
32422 0.0909091
29966 0.0909091
29462 0.0909091
26520 0.0909091
24737 0.0909091
24398 0.0909091
23310 0.0909091
21952 0.0909091
19508 0.0909091
19412 0.0909091
17372 0.0909091
10771 0.0909091
9925 0.0909091
8958 0.0909091
7243 0.0909091
6998 0.0909091
1376 0.0909091
40673 0.0833333
39192 0.0833333
34514 0.0833333
34110 0.0833333
19949 0.0833333
16509 0.0833333
16234 0.0833333
10934 0.0833333
9119 0.0833333
8772 0.0833333
1359 0.0833333
39962 0.0769231
33073 0.0769231
30793 0.0769231
28094 0.0769231
20698 0.0769231
14318 0.0769231
13654 0.0769231
13352 0.0769231
7764 0.0769231
4532 0.0769231
2885 0.0769231
1776 0.0769231
365 0.0769231
38267 0.0714286
35478 0.0714286
33265 0.0714286
31104 0.0714286
12432 0.0714286
8933 0.0714286
4862 0.0714286
3950 0.0714286
37735 0.0666667
6177 0.0666667
5958 0.0666667
34398 0.0625
30771 0.0625
11736 0.0625
1939 0.0625
22542 0.0588235
20366 0.0588235
19096 0.0588235
17670 0.0588235
17245 0.0588235
15936 0.0588235
13982 0.0588235
11872 0.0588235
10188 0.0588235
7871 0.0588235
6411 0.0588235
4816 0.0588235
2827 0.0588235
2440 0.0588235
415 0.0588235
34374 0.0555556
22789 0.0555556
12678 0.0555556
1122 0.0555556
8447 0.0526316
34831 0.05
37640 0.047619
32825 0.047619
31821 0.047619
21851 0.0384615
19990 0.0384615
14486 0.0384615
6841 0.0384615
3296 0.0384615
2240 0.0384615
436 0.0384615
30800 0.0344828
38102 0.0333333
28046 0.0333333
23622 0.0333333
10559 0.0333333
38466 0.0178571
31129 0.0178571
30542 0.0178571
29415 0.0178571
27913 0.0178571
24291 0.0178571
23831 0.0178571
22754 0.0178571
21754 0.0178571
19873 0.0178571
19369 0.0178571
18115 0.0178571
12272 0.0178571
8950 0.0178571
8184 0.0178571
7023 0.0178571
