36560 12.2723
16657 6.21567
27826 3.57208
5668 3.50738
29347 3.37232
35936 2.97782
35041 2.3312
5556 1.91456
20587 1.90528
39430 1.86743
17549 1.70912
37772 1.61892
330 1.57759
38427 1.35637
14263 1.30657
18744 1.30481
7737 1.28917
26090 1.25214
36920 1.16041
33550 1.09292
24867 1.08169
19181 1.00724
27348 1.00299
24123 0.970132
19819 0.964357
16573 0.955508
1696 0.89922
20591 0.831267
18624 0.816703
33816 0.766667
987 0.760244
13483 0.759866
20659 0.755027
30333 0.750567
11036 0.694039
34444 0.573004
20641 0.536386
37713 0.513875
32564 0.505495
37966 0.478947
10625 0.472713
30662 0.469068
13317 0.433333
37695 0.43205
7428 0.417007
21734 0.412121
18639 0.410714
10222 0.405357
21945 0.40347
37493 0.391781
21714 0.372882
17269 0.36908
89 0.362155
15951 0.358824
26104 0.357879
10609 0.357879
9314 0.356443
33471 0.345238
10539 0.323817
6795 0.314322
33560 0.312075
12286 0.308333
34982 0.302632
20077 0.299423
36129 0.296427
11440 0.291667
8166 0.267399
25701 0.259463
39084 0.256357
38031 0.254555
7353 0.252506
6437 0.24906
13657 0.243056
39922 0.241883
13876 0.234266
6375 0.214286
10352 0.210139
33654 0.202861
1018 0.202691
28704 0.2
1841 0.2
36907 0.192574
31075 0.192574
23533 0.192574
20295 0.192574
13407 0.192574
25852 0.190172
18681 0.190172
14057 0.182079
28584 0.166667
16179 0.166667
26695 0.165333
33168 0.155817
34646 0.155282
20708 0.155282
12516 0.150858
28945 0.14982
24472 0.144051
17780 0.144051
13547 0.144051
6958 0.144051
3222 0.144051
29830 0.142857
15481 0.142857
27000 0.125
36629 0.111111
20503 0.111111
37422 0.109694
6004 0.109694
10633 0.108154
28733 0.100037
19937 0.100037
34891 0.0978153
18372 0.0978153
7398 0.0855342
28939 0.0833333
2392 0.0833333
1938 0.0833333
26770 0.077838
15035 0.0769231
12475 0.0769231
10834 0.0769231
6165 0.0769231
1308 0.0769231
20656 0.0714286
7417 0.0714286
39719 0.069061
15353 0.069061
33159 0.0666667
33178 0.0625
20064 0.0588235
35654 0.0556695
17827 0.0556695
17552 0.0556695
7188 0.0556695
6780 0.0556695
5764 0.0556695
5720 0.0556695
2250 0.0556695
30414 0.0555556
19546 0.0526316
37460 0.047619
25662 0.047619
21152 0.047619
19794 0.047619
18609 0.047619
17815 0.047619
9107 0.047619
8703 0.047619
6168 0.047619
4214 0.047619
27057 0.0454545
26674 0.0454545
24060 0.0454545
5229 0.0416667
38687 0.0263158
34577 0.0263158
34139 0.0263158
33229 0.0263158
25555 0.0263158
22712 0.0263158
19686 0.0263158
17731 0.0263158
12484 0.0263158
8543 0.0263158
7101 0.0263158
5992 0.0263158
5604 0.0263158
5291 0.0263158
4765 0.0263158
37467 0.0232558
36311 0.0232558
35712 0.0232558
9366 0.0232558
176 0.0204082
28118 0.0188679
18521 0.0188679
34718 0.0163934
33027 0.0163934
27072 0.0163934
12836 0.0163934
11812 0.0163934
6852 0.0163934
40980 0
40979 0
40978 0
40977 0
40976 0
40975 0
40974 0
40973 0
40972 0
40971 0
40970 0
40969 0
40968 0
40967 0
40966 0
40965 0
40964 0
40963 0
40962 0
40961 0
40960 0
40959 0
40958 0
40957 0
40956 0
40955 0
40954 0
40953 0
40952 0
40951 0
40950 0
40949 0
40948 0
40947 0
40946 0
40945 0
40944 0
40943 0
40942 0
40941 0
40940 0
40939 0
40938 0
40937 0
40936 0
40935 0
40934 0
40933 0
40932 0
40931 0
40930 0
40929 0
40928 0
40927 0
40926 0
40925 0
40924 0
40923 0
40922 0
40921 0
40920 0
40919 0
40918 0
40917 0
40916 0
40915 0
40914 0
40913 0
40912 0
40911 0
40910 0
40909 0
40908 0
40907 0
40906 0
40905 0
40904 0
40903 0
40902 0
40901 0
40900 0
40899 0
40898 0
40897 0
40896 0
40895 0
40894 0
40893 0
40892 0
40891 0
40890 0
40889 0
40888 0
40887 0
40886 0
40885 0
40884 0
40883 0
40882 0
40881 0
40880 0
40879 0
40878 0
40877 0
40876 0
40875 0
40874 0
40873 0
40872 0
40871 0
40870 0
40869 0
40868 0
40867 0
40866 0
40865 0
40864 0
40863 0
40862 0
40861 0
40860 0
40859 0
40858 0
40857 0
40856 0
40855 0
40854 0
40853 0
40852 0
40851 0
40850 0
40849 0
40848 0
40847 0
40846 0
40845 0
40844 0
40843 0
40842 0
40841 0
40840 0
40839 0
40838 0
40837 0
40836 0
40835 0
40834 0
40833 0
40832 0
40831 0
40830 0
40829 0
40828 0
40827 0
40826 0
40825 0
40824 0
40823 0
40822 0
40821 0
40820 0
40819 0
40818 0
40817 0
40816 0
40815 0
40814 0
40813 0
40812 0
40811 0
40810 0
40809 0
40808 0
40807 0
40806 0
40805 0
40804 0
40803 0
40802 0
40801 0
40800 0
40799 0
40798 0
40797 0
40796 0
40795 0
40794 0
40793 0
40792 0
40791 0
40790 0
40789 0
40788 0
40787 0
40786 0
40785 0
40784 0
40783 0
40782 0
40781 0
40780 0
40779 0
40778 0
40777 0
40776 0
40775 0
40774 0
40773 0
40772 0
40771 0
40770 0
40769 0
40768 0
40767 0
40766 0
40765 0
40764 0
40763 0
40762 0
40761 0
40760 0
40759 0
40758 0
40757 0
40756 0
40755 0
40754 0
40753 0
40752 0
40751 0
40750 0
40749 0
40748 0
40747 0
40746 0
40745 0
40744 0
40743 0
40742 0
40741 0
40740 0
40739 0
40738 0
40737 0
40736 0
40735 0
40734 0
40733 0
40732 0
40731 0
40730 0
40729 0
40728 0
40727 0
40726 0
40725 0
40724 0
40723 0
40722 0
40721 0
40720 0
40719 0
40718 0
40717 0
40716 0
40715 0
40714 0
40713 0
40712 0
40711 0
40710 0
40709 0
40708 0
40707 0
40706 0
40705 0
40704 0
40703 0
40702 0
40701 0
40700 0
40699 0
40698 0
40697 0
40696 0
40695 0
40694 0
40693 0
40692 0
40691 0
40690 0
40689 0
40688 0
40687 0
40686 0
40685 0
40684 0
40683 0
40682 0
40681 0
40680 0
40679 0
40678 0
40677 0
40676 0
40675 0
40674 0
40673 0
40672 0
40671 0
40670 0
40669 0
40668 0
40667 0
40666 0
40665 0
40664 0
