34488 28.261
28776 20.128
33975 6.88618
21059 6.74381
6940 3.99599
34065 3.00419
20262 2.99589
35284 2.8294
2059 2.62289
2115 2.51414
14656 2.21129
34630 2.16827
17937 2.12619
29532 1.99881
14251 1.96551
7317 1.94197
4261 1.91753
28751 1.85635
22950 1.79942
19211 1.73968
10904 1.69875
19526 1.65
14373 1.63654
9960 1.61188
7570 1.56416
19629 1.47619
14163 1.42383
604 1.40833
10211 1.39327
13404 1.33385
32585 1.33257
13594 1.31026
8893 1.30119
37905 1.28615
23837 1.28333
34651 1.25766
20698 1.18166
38381 1.17761
37268 1.12976
3306 1.01751
27287 1.01026
9464 0.972215
16225 0.944048
35644 0.927921
26081 0.905118
23586 0.904508
32078 0.901166
39415 0.900397
38449 0.89676
5798 0.843324
11027 0.805113
13570 0.788492
1158 0.782869
3396 0.761111
7856 0.75396
15977 0.744754
34964 0.727531
39763 0.725848
21015 0.71145
24259 0.702038
14005 0.7
31922 0.698647
38205 0.694444
3114 0.694444
39815 0.642857
27794 0.642857
18590 0.642857
17566 0.642857
18142 0.614719
25092 0.599141
37975 0.559524
15684 0.551623
30458 0.55
39525 0.542857
7495 0.520729
16084 0.487037
33684 0.458333
40169 0.457576
3964 0.451149
352 0.44359
29879 0.4375
35699 0.420635
12135 0.41978
29168 0.411111
3578 0.394444
6087 0.390909
17060 0.38254
18227 0.380205
5835 0.377778
10249 0.37734
14105 0.367816
9721 0.362637
2015 0.347222
15906 0.344007
27558 0.340909
39457 0.333333
34759 0.333333
32776 0.333333
31322 0.333333
21847 0.333333
21552 0.333333
20083 0.333333
17896 0.333333
23416 0.330036
13839 0.327231
35950 0.321429
22197 0.321429
24005 0.317877
9886 0.310689
29389 0.307576
16666 0.300595
4786 0.295455
18115 0.292857
25972 0.291209
37266 0.282258
16210 0.277019
36956 0.264423
4577 0.264286
27851 0.262338
19490 0.262338
9841 0.255952
35993 0.25
35716 0.25
31164 0.25
30637 0.25
26631 0.25
21604 0.25
19440 0.25
14866 0.25
9573 0.25
6843 0.25
2848 0.25
2326 0.25
14852 0.235669
13852 0.228927
4555 0.21908
621 0.212637
16151 0.206208
20210 0.202315
36101 0.2
35399 0.2
34969 0.2
33581 0.2
25494 0.2
25161 0.2
20255 0.2
20086 0.2
16920 0.2
16134 0.2
14552 0.2
13641 0.2
12207 0.2
12015 0.2
10868 0.2
8966 0.2
6668 0.2
6088 0.2
3889 0.2
36222 0.192059
39156 0.182479
40289 0.17037
22129 0.17037
7974 0.17037
39317 0.166667
38903 0.166667
37945 0.166667
36964 0.166667
30570 0.166667
30496 0.166667
30396 0.166667
30258 0.166667
30088 0.166667
29986 0.166667
28849 0.166667
23648 0.166667
20781 0.166667
17679 0.166667
17650 0.166667
15901 0.166667
15572 0.166667
13802 0.166667
12703 0.166667
10717 0.166667
6264 0.166667
5836 0.166667
4737 0.166667
3423 0.166667
972 0.166667
438 0.166667
19096 0.165591
8981 0.165591
23047 0.153557
40944 0.142857
40341 0.142857
39946 0.142857
35461 0.142857
33628 0.142857
27575 0.142857
25861 0.142857
25819 0.142857
25274 0.142857
22968 0.142857
20951 0.142857
20935 0.142857
18229 0.142857
18126 0.142857
17765 0.142857
17564 0.142857
12457 0.142857
12341 0.142857
11464 0.142857
10607 0.142857
8553 0.142857
6039 0.142857
1286 0.142857
33265 0.126796
15638 0.126796
12936 0.126796
12691 0.126796
40637 0.125
40293 0.125
35926 0.125
28251 0.125
28209 0.125
26124 0.125
24345 0.125
23272 0.125
12342 0.125
12254 0.125
11222 0.125
6987 0.125
750 0.125
398 0.125
3296 0.12334
39099 0.116585
35788 0.116585
29435 0.111111
26737 0.111111
24292 0.111111
23664 0.111111
17938 0.111111
12570 0.111111
11698 0.111111
7783 0.111111
2445 0.111111
8114 0.106648
17257 0.1
16830 0.1
16348 0.1
11456 0.1
9333 0.1
7303 0.1
3972 0.1
3595 0.1
2258 0.1
37377 0.0911311
13086 0.0911311
36493 0.0909091
27085 0.0909091
26451 0.0909091
26039 0.0909091
24686 0.0909091
23782 0.0909091
23153 0.0909091
22254 0.0909091
21818 0.0909091
19004 0.0909091
15660 0.0909091
14635 0.0909091
12439 0.0909091
10293 0.0909091
3836 0.0909091
36077 0.0833333
20746 0.0833333
4816 0.0833333
36030 0.0769231
34060 0.0769231
32244 0.0769231
30968 0.0769231
30844 0.0769231
27404 0.0769231
19731 0.0769231
16813 0.0769231
15081 0.0769231
3584 0.0769231
34302 0.0714286
22939 0.0714286
17966 0.0714286
1272 0.0714286
418 0.0714286
40896 0.0666667
37768 0.0666667
32693 0.0666667
31465 0.0666667
26563 0.0666667
22234 0.0666667
13455 0.0666667
7234 0.0666667
6912 0.0666667
34956 0.0625
31967 0.0625
28406 0.0625
23613 0.0625
25990 0.0588235
24630 0.0588235
12879 0.0588235
31764 0.0555556
25062 0.0555556
8062 0.0555556
5947 0.0555556
1716 0.0555556
37089 0.05
28960 0.05
24548 0.05
14392 0.05
13277 0.05
11047 0.05
5407 0.05
775 0.05
32270 0.047619
12086 0.047619
119 0.047619
33218 0.0454545
28594 0.0454545
21859 0.0454545
12533 0.0454545
2136 0.0454545
37224 0.037037
32608 0.037037
31574 0.037037
28700 0.037037
24051 0.037037
14663 0.037037
11376 0.037037
10230 0.037037
10065 0.037037
1967 0.037037
36905 0.0357143
36174 0.0357143
35489 0.0357143
21960 0.0357143
20278 0.0357143
20237 0.0357143
15138 0.0357143
4072 0.0357143
2264 0.0357143
1612 0.0357143
1041 0.0357143
38454 0.0344828
35090 0.0344828
31301 0.0344828
25864 0.0344828
25671 0.0344828
17987 0.0344828
17634 0.0344828
6360 0.0344828
1613 0.0344828
40733 0.0322581
39937 0.0322581
39056 0.0322581
35539 0.0322581
35487 0.0322581
31997 0.0322581
30989 0.0322581
29885 0.0322581
28981 0.0322581
24127 0.0322581
14202 0.0322581
6733 0.0322581
4990 0.0322581
3012 0.0322581
1009 0.0322581
35545 0.0243902
35544 0.0243902
33082 0.0243902
24774 0.0243902
19135 0.0243902
18296 0.0243902
17747 0.0243902
15602 0.0243902
11241 0.0243902
10337 0.0243902
9728 0.0243902
4728 0.0243902
88 0.0243902
40980 0
40979 0
40978 0
40977 0
40976 0
40975 0
40974 0
40973 0
40972 0
40971 0
40970 0
40969 0
40968 0
40967 0
40966 0
40965 0
40964 0
40963 0
40962 0
40961 0
40960 0
40959 0
40958 0
40957 0
40956 0
40955 0
40954 0
40953 0
40952 0
40951 0
40950 0
40949 0
40948 0
40947 0
40946 0
40945 0
40943 0
40942 0
40941 0
40940 0
40939 0
40938 0
40937 0
40936 0
40935 0
40934 0
40933 0
40932 0
40931 0
40930 0
40929 0
40928 0
40927 0
40926 0
40925 0
40924 0
40923 0
40922 0
40921 0
40920 0
40919 0
40918 0
40917 0
40916 0
40915 0
40914 0
40913 0
40912 0
40911 0
40910 0
40909 0
40908 0
40907 0
40906 0
40905 0
40904 0
40903 0
40902 0
40901 0
40900 0
40899 0
40898 0
40897 0
40895 0
40894 0
40893 0
40892 0
40891 0
40890 0
40889 0
40888 0
40887 0
40886 0
40885 0
40884 0
40883 0
40882 0
40881 0
40880 0
40879 0
40878 0
40877 0
40876 0
40875 0
40874 0
40873 0
40872 0
40871 0
40870 0
40869 0
40868 0
40867 0
40866 0
40865 0
40864 0
