35529 4.01053
31329 3.06514
12980 1.1797
33298 1.00202
37793 0.826733
22090 0.74359
15148 0.708333
29122 0.6635
31562 0.658333
23843 0.571429
6627 0.513158
38798 0.5125
31057 0.466667
28773 0.446429
23530 0.438095
40878 0.333333
26615 0.333333
19032 0.333333
13974 0.333333
33863 0.313034
6492 0.313034
1765 0.313034
38763 0.308043
14109 0.308043
34418 0.297491
33242 0.297491
25242 0.297491
24234 0.297491
232 0.297491
11527 0.280365
40500 0.25
37973 0.25
30388 0.25
29872 0.25
27079 0.25
24889 0.25
7212 0.25
7041 0.25
3028 0.25
27595 0.224269
5615 0.224269
1572 0.224269
35582 0.2
29784 0.2
28963 0.2
22666 0.2
22493 0.2
21068 0.2
20488 0.2
18425 0.2
17243 0.2
13027 0.2
11761 0.2
10961 0.2
7961 0.2
4906 0.2
4753 0.2
15403 0.18731
29505 0.166667
8774 0.166667
39092 0.166567
32251 0.166567
26837 0.166567
19179 0.166567
8276 0.166567
8160 0.166567
31301 0.125
19324 0.125
40863 0.111111
34174 0.111111
30792 0.111111
27980 0.111111
17872 0.111111
12748 0.111111
32180 0.1
23639 0.1
6291 0.1
40199 0.0769231
35228 0.0769231
23142 0.0769231
3760 0.0769231
35336 0.0714286
21862 0.0714286
13043 0.0714286
7938 0.0714286
5405 0.0714286
2929 0.0714286
36716 0.0625
32731 0.0625
12210 0.0625
39959 0.0435232
39901 0.0435232
35866 0.0435232
34532 0.0435232
34369 0.0435232
32450 0.0435232
30398 0.0435232
30230 0.0435232
29242 0.0435232
28167 0.0435232
26465 0.0435232
25896 0.0435232
24841 0.0435232
23753 0.0435232
22756 0.0435232
21467 0.0435232
21450 0.0435232
20738 0.0435232
20047 0.0435232
19995 0.0435232
18279 0.0435232
17037 0.0435232
15616 0.0435232
12042 0.0435232
11783 0.0435232
10957 0.0435232
10278 0.0435232
10008 0.0435232
9406 0.0435232
8798 0.0435232
8665 0.0435232
3131 0.0435232
2046 0.0435232
2028 0.0435232
1757 0.0435232
1048 0.0435232
35951 0.0166667
34416 0.0166667
31097 0.0166667
26501 0.0166667
26019 0.0166667
21723 0.0166667
18736 0.0166667
10107 0.0166667
6266 0.0166667
3593 0.0166667
2814 0.0166667
1429 0.0166667
39760 0.0136986
38390 0.0136986
32696 0.0136986
32348 0.0136986
31761 0.0136986
29363 0.0136986
26365 0.0136986
25241 0.0136986
19753 0.0136986
19095 0.0136986
18843 0.0136986
18118 0.0136986
14851 0.0136986
14655 0.0136986
14469 0.0136986
14344 0.0136986
14173 0.0136986
10918 0.0136986
5321 0.0136986
3997 0.0136986
2359 0.0136986
1424 0.0136986
1361 0.0136986
39942 0.0131579
38096 0.0131579
37865 0.0131579
31710 0.0131579
29775 0.0131579
29223 0.0131579
27538 0.0131579
24353 0.0131579
23519 0.0131579
17674 0.0131579
17446 0.0131579
16996 0.0131579
16406 0.0131579
15854 0.0131579
13460 0.0131579
5758 0.0131579
4703 0.0131579
2373 0.0131579
1061 0.0131579
40980 0
40979 0
40978 0
40977 0
40976 0
40975 0
40974 0
40973 0
40972 0
40971 0
40970 0
40969 0
40968 0
40967 0
40966 0
40965 0
40964 0
40963 0
40962 0
40961 0
40960 0
40959 0
40958 0
40957 0
40956 0
40955 0
40954 0
40953 0
40952 0
40951 0
40950 0
40949 0
40948 0
40947 0
40946 0
40945 0
40944 0
40943 0
40942 0
40941 0
40940 0
40939 0
40938 0
40937 0
40936 0
40935 0
40934 0
40933 0
40932 0
40931 0
40930 0
40929 0
40928 0
40927 0
40926 0
40925 0
40924 0
40923 0
40922 0
40921 0
40920 0
40919 0
40918 0
40917 0
40916 0
40915 0
40914 0
40913 0
40912 0
40911 0
40910 0
40909 0
40908 0
40907 0
40906 0
40905 0
40904 0
40903 0
40902 0
40901 0
40900 0
40899 0
40898 0
40897 0
40896 0
40895 0
40894 0
40893 0
40892 0
40891 0
40890 0
40889 0
40888 0
40887 0
40886 0
40885 0
40884 0
40883 0
40882 0
40881 0
40880 0
40879 0
40877 0
40876 0
40875 0
40874 0
40873 0
40872 0
40871 0
40870 0
40869 0
40868 0
40867 0
40866 0
40865 0
40864 0
40862 0
40861 0
40860 0
40859 0
40858 0
40857 0
40856 0
40855 0
40854 0
40853 0
40852 0
40851 0
40850 0
40849 0
40848 0
40847 0
40846 0
40845 0
40844 0
40843 0
40842 0
40841 0
40840 0
40839 0
40838 0
40837 0
40836 0
40835 0
40834 0
40833 0
40832 0
40831 0
40830 0
40829 0
40828 0
40827 0
40826 0
40825 0
40824 0
40823 0
40822 0
40821 0
40820 0
40819 0
40818 0
40817 0
40816 0
40815 0
40814 0
40813 0
40812 0
40811 0
40810 0
40809 0
40808 0
40807 0
40806 0
40805 0
40804 0
40803 0
40802 0
40801 0
40800 0
40799 0
40798 0
40797 0
40796 0
40795 0
40794 0
40793 0
40792 0
40791 0
40790 0
40789 0
40788 0
40787 0
40786 0
40785 0
40784 0
40783 0
40782 0
40781 0
40780 0
40779 0
40778 0
40777 0
40776 0
40775 0
40774 0
40773 0
40772 0
40771 0
40770 0
40769 0
40768 0
40767 0
40766 0
40765 0
40764 0
40763 0
40762 0
40761 0
40760 0
40759 0
40758 0
40757 0
40756 0
40755 0
40754 0
40753 0
40752 0
40751 0
40750 0
40749 0
40748 0
40747 0
40746 0
40745 0
40744 0
40743 0
40742 0
40741 0
40740 0
40739 0
40738 0
40737 0
40736 0
40735 0
40734 0
40733 0
40732 0
40731 0
40730 0
40729 0
40728 0
40727 0
40726 0
40725 0
40724 0
40723 0
40722 0
40721 0
40720 0
40719 0
40718 0
40717 0
40716 0
40715 0
40714 0
40713 0
40712 0
40711 0
40710 0
40709 0
40708 0
40707 0
40706 0
40705 0
40704 0
40703 0
40702 0
40701 0
40700 0
40699 0
40698 0
40697 0
40696 0
40695 0
40694 0
40693 0
40692 0
40691 0
40690 0
40689 0
40688 0
40687 0
40686 0
40685 0
40684 0
40683 0
40682 0
40681 0
40680 0
40679 0
40678 0
40677 0
40676 0
40675 0
40674 0
40673 0
40672 0
40671 0
40670 0
40669 0
40668 0
40667 0
40666 0
40665 0
40664 0
40663 0
40662 0
40661 0
40660 0
40659 0
