31301 43.734
17634 15.8609
15237 11.7955
7708 8.4045
1975 3.87633
39393 3.03496
8672 3.01834
26750 2.9886
30320 2.86791
11958 2.5657
33825 2.56308
12620 2.55497
23785 2.54174
27434 2.52829
19258 2.28704
19295 2.25162
32797 2.22191
2249 2.19246
36032 2.12041
10923 2.11818
3494 2.1072
37176 2.09353
30760 2.07476
28380 2.0373
37711 2.01825
27283 1.95867
15603 1.8904
5693 1.87136
18328 1.72495
8508 1.70791
15879 1.57143
40001 1.56912
21641 1.5139
15637 1.48709
6002 1.43583
10737 1.39824
40829 1.34819
22594 1.26284
14544 1.26016
186 1.25421
18274 1.23925
2885 1.17153
37508 1.13008
31921 1.12424
26892 1.11057
9831 1.04152
38283 0.990909
27514 0.975588
39515 0.966005
9028 0.959524
52 0.94969
13432 0.943593
28444 0.900669
36292 0.898445
4789 0.888141
3382 0.869146
6823 0.867857
23014 0.855294
4405 0.817519
10057 0.810965
24825 0.809709
6684 0.800877
6644 0.790094
18896 0.790079
35490 0.783333
27425 0.780705
26401 0.754638
28089 0.75
1566 0.75
3245 0.745859
30793 0.73042
34495 0.719877
23154 0.708333
9846 0.683453
27799 0.683027
14007 0.68228
1940 0.679016
21097 0.678211
36051 0.641689
29997 0.629725
16791 0.625078
30577 0.60119
32683 0.600877
14794 0.592857
22228 0.590042
4070 0.574061
33167 0.5625
33078 0.561111
16710 0.555556
33630 0.550877
7015 0.548879
2706 0.548435
21497 0.542857
12709 0.541812
27624 0.535256
13410 0.528571
14925 0.527778
18950 0.521429
9391 0.517544
8186 0.514916
29868 0.509524
1211 0.503788
18295 0.5
261 0.498879
39112 0.49
39616 0.488995
2241 0.469073
34360 0.468049
3311 0.468033
31986 0.467857
3336 0.467857
39861 0.452205
32537 0.444186
14996 0.441667
6173 0.440553
11687 0.437037
5175 0.430556
21556 0.425876
28710 0.424107
8446 0.422711
32885 0.409793
37797 0.404126
13334 0.403759
24335 0.40202
34032 0.396825
19032 0.395489
38397 0.371429
13646 0.369234
36895 0.36702
17794 0.365639
13295 0.365132
11859 0.362637
17406 0.353968
18754 0.352778
901 0.350267
439 0.347222
25846 0.345594
16056 0.344877
27951 0.344444
10602 0.343541
40573 0.343478
13104 0.338936
26400 0.338725
40372 0.333333
28382 0.333333
24544 0.333333
24172 0.333333
16890 0.333333
16012 0.333333
13014 0.333333
9274 0.333333
7284 0.333333
1320 0.333333
30972 0.330043
36623 0.325917
12009 0.324727
18217 0.319048
27216 0.314379
3075 0.313034
14603 0.310119
36465 0.308453
16216 0.304894
33347 0.302632
2867 0.295455
7685 0.294467
20966 0.293478
40661 0.291467
19589 0.291209
7691 0.289794
6487 0.289322
21722 0.281673
33490 0.27512
26555 0.273611
25379 0.273449
33944 0.267454
37426 0.264683
16198 0.260419
1069 0.252976
32620 0.250761
39828 0.25
39437 0.25
34028 0.25
31223 0.25
28626 0.25
27155 0.25
26808 0.25
26111 0.25
21005 0.25
20396 0.25
19380 0.25
15862 0.25
7603 0.25
7411 0.25
5010 0.25
3447 0.25
2053 0.25
22402 0.24767
2775 0.247475
5620 0.238312
14584 0.236429
1427 0.232895
3363 0.227273
28722 0.226335
4864 0.225877
738 0.223016
3096 0.22254
36073 0.217544
34274 0.217544
23249 0.216883
15506 0.215389
1210 0.215
7307 0.214669
9197 0.214514
35734 0.212822
3538 0.206667
218 0.206667
29709 0.205578
22990 0.202961
7139 0.202632
20169 0.202037
20474 0.201149
40254 0.2
33574 0.2
29443 0.2
29269 0.2
28480 0.2
27003 0.2
25936 0.2
24445 0.2
23714 0.2
23681 0.2
23193 0.2
21871 0.2
21003 0.2
19779 0.2
14426 0.2
14249 0.2
13762 0.2
11937 0.2
11153 0.2
2237 0.2
38725 0.199362
31294 0.198001
21147 0.198001
29996 0.19535
6770 0.195322
518 0.193478
16018 0.192059
22054 0.190217
9647 0.189922
27982 0.185145
14499 0.185145
9668 0.183502
9655 0.183502
3924 0.183502
37197 0.182544
25640 0.182544
15775 0.182544
26159 0.181419
22422 0.180909
14558 0.175876
38662 0.170983
23317 0.170909
13845 0.170855
20489 0.169555
38141 0.166667
38037 0.166667
36458 0.166667
36450 0.166667
34768 0.166667
30966 0.166667
29059 0.166667
26361 0.166667
23877 0.166667
16949 0.166667
15844 0.166667
15568 0.166667
11460 0.166667
8563 0.166667
27021 0.165329
12297 0.163233
32342 0.162227
28482 0.161502
14211 0.161502
35048 0.16037
18332 0.150322
8579 0.149895
14565 0.149537
14288 0.149537
2850 0.149537
4432 0.147131
2943 0.144316
40274 0.142857
38929 0.142857
36734 0.142857
36235 0.142857
30871 0.142857
24130 0.142857
23843 0.142857
22783 0.142857
20854 0.142857
18866 0.142857
15209 0.142857
14502 0.142857
14349 0.142857
14221 0.142857
10844 0.142857
9665 0.142857
7032 0.142857
799 0.142857
25017 0.139727
2958 0.139727
11196 0.135528
10980 0.134684
5373 0.134684
3362 0.13285
25652 0.130833
40704 0.129582
12444 0.127513
27366 0.12696
39027 0.125
34963 0.125
28508 0.125
28176 0.125
28094 0.125
25707 0.125
23013 0.125
20736 0.125
19041 0.125
15352 0.125
14511 0.125
13925 0.125
13541 0.125
9792 0.125
9019 0.125
7065 0.125
2839 0.125
7690 0.123879
6504 0.123879
39695 0.12229
28686 0.12229
10073 0.12229
919 0.12229
29746 0.114332
2659 0.113376
24956 0.112782
26395 0.112503
24441 0.112503
38825 0.111111
38108 0.111111
33981 0.111111
33679 0.111111
30683 0.111111
24986 0.111111
24316 0.111111
21911 0.111111
19644 0.111111
17238 0.111111
14436 0.111111
9101 0.111111
3880 0.111111
3445 0.111111
23925 0.108601
25837 0.100662
39527 0.1
36991 0.1
36622 0.1
36418 0.1
33667 0.1
32975 0.1
31682 0.1
27771 0.1
26789 0.1
20127 0.1
19847 0.1
12893 0.1
5362 0.1
3158 0.1
128 0.1
24237 0.098885
3297 0.0934305
35136 0.0909091
34845 0.0909091
34587 0.0909091
26739 0.0909091
19529 0.0909091
17392 0.0909091
15302 0.0909091
14201 0.0909091
12856 0.0909091
2289 0.0909091
356 0.0909091
26923 0.0876461
19243 0.0876461
40609 0.0833333
39029 0.0833333
32647 0.0833333
32366 0.0833333
26088 0.0833333
25350 0.0833333
16853 0.0833333
11658 0.0833333
3648 0.0833333
2505 0.0833333
28535 0.0796493
9378 0.0796493
29977 0.0769231
29934 0.0769231
24818 0.0769231
16788 0.0769231
11498 0.0769231
3600 0.0769231
2982 0.0769231
18688 0.0762449
40478 0.0714286
37983 0.0714286
24678 0.0714286
20542 0.0714286
18011 0.0714286
16047 0.0714286
13323 0.0714286
6815 0.0714286
1610 0.0714286
989 0.0714286
31930 0.0666667
11630 0.0666667
10315 0.0666667
3896 0.0666667
2712 0.0666667
363 0.0666667
29683 0.0645932
9200 0.0645932
37562 0.0625
34825 0.0625
34673 0.0625
30569 0.0625
22677 0.0625
13797 0.0625
12243 0.0625
11019 0.0625
9117 0.0625
7828 0.0625
5034 0.0625
36942 0.0588235
22777 0.0588235
13470 0.0588235
12905 0.0588235
11462 0.0588235
5564 0.0588235
4785 0.0588235
40108 0.0555556
40017 0.0555556
33189 0.0555556
30167 0.0555556
22583 0.0555556
20129 0.0555556
18913 0.0555556
9294 0.0555556
8870 0.0555556
8521 0.0555556
8056 0.0555556
7327 0.0555556
6866 0.0555556
6096 0.0555556
3729 0.0555556
2191 0.0555556
2043 0.0555556
28812 0.0526316
26190 0.0526316
19332 0.0526316
12217 0.0526316
5066 0.0526316
35598 0.05
31000 0.05
13907 0.05
6929 0.05
2304 0.05
24125 0.047619
18039 0.047619
16157 0.047619
5532 0.047619
38478 0.0454545
33118 0.0454545
31332 0.0454545
31313 0.0454545
24266 0.0454545
19765 0.0454545
18804 0.0454545
17885 0.0454545
16685 0.0454545
15124 0.0454545
9995 0.0454545
9023 0.0454545
3936 0.0454545
3210 0.0454545
34611 0.0434783
34375 0.0434783
34357 0.0434783
32660 0.0434783
13598 0.0434783
