32885 188.13
19608 54.9776
27585 26.4992
20454 22.8045
25584 22.2991
10523 22.1306
37885 22.0851
32933 15.0245
40027 14.2845
40131 14.057
12466 12.1017
39900 11.5998
30442 11.1638
18328 10.9107
36128 10.8059
39384 10.6913
17083 10.3651
22594 9.91519
7054 9.89481
808 9.8738
35520 8.82261
18788 8.60926
15592 8.50799
9442 8.41499
14276 8.22541
37923 8.11369
20847 7.29881
31301 7.17897
19790 6.96004
13643 6.71132
10630 6.60957
7729 6.39428
36950 6.22456
36897 6.07283
39987 5.73542
18011 5.47272
22214 5.29968
23621 5.28196
33019 5.10602
2947 5.0208
24597 4.86029
33616 4.78661
18389 4.77626
8672 4.60913
16111 4.54896
35932 4.48965
27799 4.34127
3238 4.31831
20008 4.07935
1741 4.01829
32545 3.87496
23048 3.76393
32814 3.66504
2663 3.58594
38251 3.5826
22049 3.53728
33066 3.47854
5457 3.36444
35157 3.32743
9732 3.09299
8934 3.01252
36645 2.9147
25787 2.83001
13080 2.78972
9575 2.7294
8662 2.71557
27623 2.66716
33613 2.65941
8510 2.6592
25063 2.65732
22315 2.64455
27563 2.61653
23335 2.52767
26011 2.51887
30573 2.42324
39204 2.39936
4031 2.34327
25955 2.32772
6591 2.29959
11486 2.27721
37337 2.25815
16190 2.19554
7833 2.1665
3936 2.15649
15963 2.13994
28685 2.1345
17793 2.09966
14421 2.09114
24652 2.08206
364 2.0549
13856 1.99398
29934 1.99286
30714 1.96447
40386 1.95814
6347 1.92312
19032 1.8746
14483 1.86051
16652 1.84485
37779 1.80607
29096 1.80365
29266 1.78587
4694 1.7623
15892 1.74302
32916 1.71361
13565 1.70278
36196 1.654
12795 1.65277
37054 1.63764
22592 1.63105
40060 1.62381
20645 1.59646
1165 1.57236
2859 1.54294
12670 1.47003
32484 1.4696
2451 1.43811
8687 1.31221
23588 1.30495
18772 1.30101
39232 1.28435
39614 1.27632
22442 1.27149
18219 1.24703
6625 1.23726
31915 1.23277
22608 1.23148
34717 1.22474
3686 1.19605
36436 1.1931
31112 1.19249
36035 1.1873
38090 1.18333
36445 1.18056
26314 1.17422
25329 1.16783
22652 1.1456
15769 1.12619
6528 1.12226
20409 1.11692
24536 1.06483
3096 1.03874
34064 1.02013
36607 1.0074
12505 0.989987
24153 0.956818
19351 0.937207
7839 0.935354
35971 0.912769
10128 0.910025
13635 0.902338
3496 0.902263
29864 0.887879
9761 0.881818
23241 0.881481
25443 0.876497
29717 0.876418
4520 0.872655
30340 0.850073
35395 0.837885
11053 0.836304
36353 0.835354
31945 0.833333
8027 0.833333
20014 0.829762
39917 0.795956
6425 0.794877
39972 0.791815
6697 0.791225
29739 0.788346
34358 0.783333
18593 0.767857
31079 0.763568
32766 0.72619
5876 0.725
24678 0.716667
13194 0.7
27862 0.693491
1021 0.693206
6002 0.683333
3775 0.679322
31879 0.674242
8605 0.666667
24036 0.665446
10125 0.652168
34485 0.650119
610 0.65
12710 0.65
10825 0.648042
8465 0.645833
29931 0.645199
11064 0.643968
6878 0.642857
2920 0.642857
15849 0.634247
26289 0.631366
27736 0.616667
13043 0.614044
24544 0.613636
4490 0.610624
30556 0.605711
26272 0.599802
11984 0.595455
8638 0.594949
18787 0.578824
23816 0.574457
40352 0.573989
27410 0.569444
40803 0.559048
23521 0.556855
36938 0.550918
29769 0.548515
11269 0.545115
16196 0.544444
39956 0.543917
987 0.541667
12415 0.53702
13915 0.536986
12894 0.532869
6262 0.527778
11142 0.524242
24879 0.52197
801 0.515123
30793 0.509524
11314 0.508449
36289 0.502377
7757 0.500362
27185 0.49781
34725 0.496795
27511 0.490864
23724 0.486111
14744 0.481046
21134 0.480723
27262 0.480269
39126 0.480128
35096 0.474747
28476 0.472222
346 0.470796
27148 0.470795
4674 0.467857
37087 0.466667
12243 0.463636
21611 0.454836
32112 0.452742
37827 0.452035
4338 0.451681
8794 0.448647
21468 0.446487
6768 0.437623
37855 0.437069
38656 0.432083
26936 0.430392
11661 0.428064
29795 0.427933
1698 0.426923
36344 0.424426
38809 0.42332
26339 0.421885
31283 0.409524
26892 0.405303
1975 0.402778
38085 0.40022
40810 0.399953
28552 0.397917
17738 0.393954
30927 0.390909
2272 0.386335
11273 0.383333
31251 0.377778
32160 0.376623
18034 0.366324
24258 0.361465
28203 0.361374
19670 0.36055
34799 0.358464
13610 0.355477
8347 0.354167
31360 0.353132
11463 0.346561
39742 0.344303
39670 0.337121
28211 0.336111
37711 0.333333
27951 0.333333
24147 0.333333
23887 0.333333
23843 0.333333
23317 0.333333
23284 0.333333
19201 0.333333
14603 0.333333
9138 0.333333
5327 0.333333
2158 0.333333
19410 0.324589
19965 0.322174
18315 0.320197
2197 0.319298
29424 0.309379
19843 0.308173
8755 0.298397
20548 0.292857
9311 0.288826
24674 0.287429
29200 0.287302
1883 0.286398
4006 0.282935
30054 0.279762
25927 0.274242
8571 0.269669
26418 0.263781
6581 0.260714
21491 0.25202
40883 0.25
31539 0.25
29707 0.25
27283 0.25
25130 0.25
21151 0.25
20250 0.25
14138 0.25
13656 0.25
12349 0.25
12061 0.25
10923 0.25
10915 0.25
8311 0.25
5362 0.25
4878 0.25
3939 0.25
1791 0.25
1124 0.25
35903 0.243687
31946 0.237318
5544 0.234694
6870 0.223333
20773 0.217721
12106 0.217632
16410 0.213528
5871 0.210625
29379 0.210145
5952 0.207576
14064 0.205816
36940 0.203888
18286 0.203846
11453 0.201705
39437 0.2
34394 0.2
33490 0.2
28133 0.2
27567 0.2
25277 0.2
24825 0.2
21183 0.2
20232 0.2
18428 0.2
14544 0.2
14440 0.2
12980 0.2
12656 0.2
12225 0.2
12020 0.2
10999 0.2
8156 0.2
4024 0.2
3355 0.2
2869 0.2
8565 0.199034
19033 0.198958
3144 0.198214
39675 0.194183
9959 0.191111
21376 0.188508
28530 0.186068
6798 0.186068
19482 0.185714
6446 0.179193
8338 0.177961
30650 0.176
12366 0.175
32255 0.17315
37236 0.170408
38210 0.166667
37212 0.166667
36741 0.166667
36029 0.166667
35138 0.166667
33629 0.166667
32615 0.166667
32141 0.166667
32099 0.166667
31536 0.166667
31509 0.166667
27846 0.166667
27546 0.166667
27149 0.166667
23662 0.166667
22711 0.166667
21911 0.166667
21005 0.166667
20916 0.166667
18776 0.166667
15103 0.166667
9940 0.166667
7501 0.166667
556 0.166667
8647 0.164907
7676 0.164907
30607 0.164737
27429 0.161414
3892 0.158503
20528 0.153995
26675 0.153131
5406 0.148925
5886 0.142936
40053 0.142857
39848 0.142857
38141 0.142857
33501 0.142857
32711 0.142857
31483 0.142857
26558 0.142857
26467 0.142857
24239 0.142857
23684 0.142857
22661 0.142857
17870 0.142857
16308 0.142857
14257 0.142857
12824 0.142857
11677 0.142857
10403 0.142857
4164 0.142857
2885 0.142857
1659 0.142857
826 0.142857
15814 0.141204
26846 0.140431
39489 0.140299
22653 0.139145
30282 0.134483
9259 0.13428
38945 0.125
37130 0.125
26959 0.125
24729 0.125
23239 0.125
14933 0.125
14549 0.125
5967 0.125
3782 0.125
3210 0.125
2870 0.125
2409 0.125
2142 0.125
1435 0.125
38702 0.122917
16029 0.122917
9170 0.121566
14949 0.118568
40488 0.111111
39343 0.111111
38711 0.111111
33078 0.111111
32857 0.111111
32229 0.111111
28550 0.111111
26789 0.111111
25438 0.111111
25311 0.111111
21934 0.111111
21641 0.111111
17563 0.111111
17368 0.111111
16244 0.111111
12510 0.111111
12176 0.111111
10686 0.111111
6613 0.111111
3833 0.111111
2973 0.111111
856 0.111111
746 0.111111
11115 0.108062
1560 0.101484
38375 0.1
38103 0.1
36306 0.1
33980 0.1
32620 0.1
31358 0.1
29629 0.1
29194 0.1
28586 0.1
27496 0.1
27475 0.1
14940 0.1
13048 0.1
7496 0.1
6176 0.1
6061 0.1
