18328 74.0139
25048 17.5322
21593 15.5747
2885 6.08367
3936 4.8058
22572 4.52619
22594 4.04536
1621 3.21832
27799 3.19677
13825 3.17024
39086 3.02391
30812 2.98095
6294 2.89329
6195 2.75501
23285 2.58199
15764 2.52366
10087 2.52128
23843 2.34286
19736 2.3
32885 2.23571
19032 2.20513
3757 1.82321
23847 1.72232
34749 1.61786
24733 1.48377
23696 1.45
28634 1.37424
865 1.37424
31301 1.33799
15453 1.26006
9810 1.25952
20520 1.13498
25079 1.04286
39962 1.04286
17312 1.01905
2422 1.00119
14645 0.971277
33557 0.923658
543 0.916667
20701 0.837028
24422 0.833333
28992 0.783333
23724 0.7
16601 0.659622
25401 0.616667
13956 0.616667
13194 0.616667
16789 0.60461
22124 0.566765
23016 0.559587
35945 0.526923
11792 0.520133
11475 0.520133
12608 0.519997
23254 0.516667
8455 0.516393
11218 0.509524
20686 0.471277
26011 0.434524
19254 0.424242
2283 0.421277
233 0.416667
15301 0.416393
25846 0.391393
34653 0.387943
39003 0.364134
7392 0.364134
18542 0.359512
16068 0.359512
26437 0.35461
28742 0.35119
10331 0.346277
30793 0.34478
37888 0.333333
36144 0.333333
32595 0.333333
31466 0.333333
30971 0.333333
20181 0.333333
5362 0.333333
3835 0.333333
3096 0.333333
1230 0.333333
987 0.333333
6992 0.330128
36566 0.302632
26682 0.302632
22804 0.274573
40202 0.25
39555 0.25
38529 0.25
35734 0.25
34768 0.25
25155 0.25
21393 0.25
19741 0.25
17716 0.25
17301 0.25
16780 0.25
9561 0.25
8672 0.25
7891 0.25
1471 0.25
595 0.25
19165 0.247467
13199 0.247467
567 0.247467
17634 0.227505
37323 0.2
36734 0.2
34152 0.2
33148 0.2
32528 0.2
28035 0.2
25625 0.2
24280 0.2
22198 0.2
20007 0.2
17240 0.2
9741 0.2
8714 0.2
1975 0.2
1508 0.2
878 0.2
830 0.2
14661 0.175217
4525 0.175217
36785 0.173908
22258 0.173908
18502 0.173908
25798 0.166667
17348 0.166667
16723 0.166667
16704 0.166667
14847 0.166667
10923 0.166667
2869 0.166667
2840 0.166667
2386 0.166667
40303 0.142857
37460 0.142857
37039 0.142857
31915 0.142857
25344 0.142857
24825 0.142857
24239 0.142857
19894 0.142857
15592 0.142857
13304 0.142857
10578 0.142857
9924 0.142857
8703 0.142857
8027 0.142857
5637 0.142857
4214 0.142857
391 0.142857
37065 0.125
36952 0.125
35063 0.125
29852 0.125
27628 0.125
14138 0.125
7427 0.125
480 0.125
32620 0.117355
31308 0.117355
27509 0.117355
4195 0.117355
1943 0.117355
31606 0.111111
29257 0.111111
8186 0.111111
37998 0.1
26750 0.1
20634 0.1
11937 0.1
3040 0.1
29878 0.0909091
26478 0.0909091
20087 0.0909091
19387 0.0909091
18873 0.0909091
6526 0.0909091
2793 0.0909091
34951 0.0833333
33643 0.0833333
24144 0.0833333
19302 0.0833333
23717 0.0769231
20878 0.0769231
960 0.0769231
34312 0.0714286
32652 0.0714286
25885 0.0714286
25200 0.0714286
18428 0.0714286
9423 0.0714286
6049 0.0714286
2669 0.0714286
26551 0.0625
18143 0.0625
23476 0.0588235
19444 0.0588235
12807 0.0588235
11503 0.0588235
8824 0.0588235
6283 0.0588235
1416 0.0588235
37041 0.0526316
36834 0.0526316
36395 0.0526316
30898 0.0526316
18492 0.0526316
9203 0.0526316
39409 0.0384615
34989 0.0384615
34869 0.0384615
27891 0.0384615
18081 0.0384615
13100 0.0384615
282 0.0384615
37313 0.0212766
33369 0.0212766
32222 0.0212766
28226 0.0212766
25780 0.0212766
25096 0.0212766
24007 0.0212766
23139 0.0212766
20090 0.0212766
19800 0.0212766
14690 0.0212766
10140 0.0212766
8718 0.0212766
8708 0.0212766
5257 0.0212766
5238 0.0212766
2560 0.0212766
1365 0.0212766
1346 0.0212766
836 0.0212766
38842 0.0163934
37655 0.0163934
35892 0.0163934
34765 0.0163934
33712 0.0163934
32176 0.0163934
31581 0.0163934
30336 0.0163934
29997 0.0163934
29629 0.0163934
29087 0.0163934
28302 0.0163934
26468 0.0163934
24986 0.0163934
24924 0.0163934
24780 0.0163934
23628 0.0163934
23432 0.0163934
23380 0.0163934
22711 0.0163934
22193 0.0163934
20425 0.0163934
20242 0.0163934
19401 0.0163934
18189 0.0163934
16280 0.0163934
15637 0.0163934
13410 0.0163934
12009 0.0163934
10465 0.0163934
7022 0.0163934
6045 0.0163934
5915 0.0163934
3297 0.0163934
2659 0.0163934
1329 0.0163934
445 0.0163934
40980 0
40979 0
40978 0
40977 0
40976 0
40975 0
40974 0
40973 0
40972 0
40971 0
40970 0
40969 0
40968 0
40967 0
40966 0
40965 0
40964 0
40963 0
40962 0
40961 0
40960 0
40959 0
40958 0
40957 0
40956 0
40955 0
40954 0
40953 0
40952 0
40951 0
40950 0
40949 0
40948 0
40947 0
40946 0
40945 0
40944 0
40943 0
40942 0
40941 0
40940 0
40939 0
40938 0
40937 0
40936 0
40935 0
40934 0
40933 0
40932 0
40931 0
40930 0
40929 0
40928 0
40927 0
40926 0
40925 0
40924 0
40923 0
40922 0
40921 0
40920 0
40919 0
40918 0
40917 0
40916 0
40915 0
40914 0
40913 0
40912 0
40911 0
40910 0
40909 0
40908 0
40907 0
40906 0
40905 0
40904 0
40903 0
40902 0
40901 0
40900 0
40899 0
40898 0
40897 0
40896 0
40895 0
40894 0
40893 0
40892 0
40891 0
40890 0
40889 0
40888 0
40887 0
40886 0
40885 0
40884 0
40883 0
40882 0
40881 0
40880 0
40879 0
40878 0
40877 0
40876 0
40875 0
40874 0
40873 0
40872 0
40871 0
40870 0
40869 0
40868 0
40867 0
40866 0
40865 0
40864 0
40863 0
40862 0
40861 0
40860 0
40859 0
40858 0
40857 0
40856 0
40855 0
40854 0
40853 0
40852 0
40851 0
40850 0
40849 0
40848 0
40847 0
40846 0
40845 0
40844 0
40843 0
40842 0
40841 0
40840 0
40839 0
40838 0
40837 0
40836 0
40835 0
40834 0
40833 0
40832 0
40831 0
40830 0
40829 0
40828 0
40827 0
40826 0
40825 0
40824 0
40823 0
40822 0
40821 0
40820 0
40819 0
40818 0
40817 0
40816 0
40815 0
40814 0
40813 0
40812 0
40811 0
40810 0
40809 0
40808 0
40807 0
40806 0
40805 0
40804 0
40803 0
40802 0
40801 0
40800 0
40799 0
40798 0
40797 0
40796 0
40795 0
40794 0
40793 0
40792 0
40791 0
40790 0
40789 0
40788 0
40787 0
40786 0
40785 0
40784 0
40783 0
40782 0
40781 0
40780 0
40779 0
40778 0
40777 0
40776 0
40775 0
40774 0
40773 0
40772 0
40771 0
40770 0
40769 0
40768 0
40767 0
40766 0
40765 0
40764 0
40763 0
40762 0
40761 0
40760 0
40759 0
