31301 6.83307
15280 5.21652
35096 4.27627
17634 2.18974
26750 1.99335
8672 1.66255
1975 1.55615
18328 1.52393
2659 1.52235
26088 1.38327
10737 1.19363
6096 1.01102
27514 0.99671
919 0.822538
7708 0.748722
5071 0.726923
979 0.720103
5693 0.692465
19185 0.689394
13845 0.666778
27951 0.665539
30683 0.665099
1940 0.60397
6504 0.590334
23714 0.570517
27886 0.557786
363 0.553924
52 0.54517
5691 0.532799
2744 0.532799
28380 0.531355
38184 0.526197
29997 0.526197
865 0.524115
27660 0.518182
24825 0.513889
18950 0.496445
8027 0.496445
3447 0.458824
39695 0.442857
28917 0.434993
4928 0.434722
35361 0.402381
40829 0.401332
10980 0.359681
18332 0.358242
31409 0.354695
5175 0.351111
32789 0.333333
6868 0.333333
31930 0.327197
2633 0.326738
30037 0.291209
7918 0.286787
33411 0.286329
33825 0.285859
18044 0.283582
29934 0.265385
35985 0.262549
32 0.258663
21097 0.253278
38011 0.25
15024 0.25
9379 0.25
22227 0.244869
3600 0.24212
29629 0.240873
808 0.240625
27021 0.237395
31223 0.229293
32176 0.223718
14661 0.223718
19032 0.22012
2387 0.218176
16328 0.212626
19589 0.208573
7691 0.208573
9117 0.203627
39311 0.2
33007 0.2
10730 0.2
27939 0.192796
8068 0.189484
17999 0.189236
8579 0.188492
10923 0.186909
22228 0.181469
3648 0.174533
3382 0.173838
34357 0.172527
27892 0.172527
5373 0.169265
36032 0.166667
22990 0.166667
3880 0.165916
37777 0.161447
40869 0.15866
25083 0.156746
38832 0.154427
37940 0.154427
27163 0.154427
9362 0.154427
28147 0.147829
11108 0.144783
32857 0.142857
8443 0.142857
29683 0.132143
14001 0.128416
1267 0.128416
37711 0.125
34495 0.125
27352 0.125
21345 0.125
12780 0.125
10738 0.125
9665 0.125
6716 0.125
4192 0.125
32593 0.116363
18913 0.116363
20418 0.115142
2850 0.115142
37637 0.112184
9718 0.112184
36710 0.111111
36467 0.111111
34344 0.111111
31889 0.111111
9218 0.111111
1897 0.111111
40661 0.110482
28377 0.110482
20546 0.110482
12176 0.10364
27120 0.1
19373 0.1
16540 0.1
15603 0.1
6061 0.1
4493 0.1
4274 0.1
20850 0.0966434
4161 0.0966434
14857 0.0923423
10073 0.0923423
37234 0.0909091
34355 0.0909091
14712 0.0909091
3236 0.0885281
28543 0.0880282
37087 0.0834451
9831 0.0834451
28323 0.0833333
22724 0.0833333
16853 0.0833333
15768 0.0833333
15427 0.0833333
12212 0.0833333
11897 0.0833333
2241 0.0833333
22583 0.0800089
3363 0.0800089
33981 0.0785208
6644 0.0785208
14007 0.0769231
8644 0.0769231
33078 0.0749344
31023 0.0744064
8730 0.0744064
7032 0.0744064
32503 0.0740666
10277 0.0740666
26224 0.0714286
13256 0.0714286
3896 0.0714286
24335 0.0706367
3863 0.0706367
36623 0.066798
18274 0.066798
3494 0.066798
20075 0.0666667
11013 0.0666667
4679 0.0666667
13432 0.0629063
12812 0.0629063
29220 0.0625
27434 0.061801
13029 0.061801
6173 0.061801
40479 0.0588235
39669 0.0588235
38081 0.0588235
36202 0.0588235
33390 0.0588235
33331 0.0588235
24237 0.0588235
23013 0.0588235
18614 0.0588235
14779 0.0588235
12431 0.0588235
6767 0.0588235
4970 0.0588235
1259 0.0588235
39962 0.0555556
39318 0.0555556
37553 0.0555556
35734 0.0555556
33362 0.0555556
31933 0.0555556
27799 0.0555556
27288 0.0555556
22711 0.0555556
18688 0.0555556
16283 0.0555556
7483 0.0555556
2885 0.0555556
2536 0.0555556
28974 0.047619
21557 0.047619
21399 0.047619
19176 0.047619
16527 0.047619
15162 0.047619
12063 0.047619
7065 0.047619
2227 0.047619
39616 0.0433734
31986 0.0433734
29741 0.0433734
22054 0.0433734
26922 0.0429601
17833 0.0429601
16149 0.0429601
12419 0.0429601
9621 0.0429601
3075 0.0429601
2779 0.0429601
32852 0.0428158
27425 0.0428158
25017 0.0428158
7894 0.0428158
2943 0.0428158
40615 0.0427392
36051 0.0427392
35048 0.0427392
29709 0.0427392
29474 0.0427392
28265 0.0427392
25445 0.0427392
24270 0.0427392
14466 0.0427392
5433 0.0427392
3575 0.0427392
17238 0.0416667
14603 0.0416667
13955 0.0416667
6856 0.0416667
30760 0.04
21916 0.04
18643 0.04
13369 0.04
7685 0.04
7004 0.04
31197 0.0384615
25829 0.0384615
21961 0.0384615
5410 0.0384615
2823 0.0384615
1477 0.0384615
38515 0.0357143
25652 0.0357143
19847 0.0357143
16650 0.0357143
14438 0.0357143
13209 0.0357143
10117 0.0357143
3567 0.0357143
3112 0.0357143
2842 0.0357143
25379 0.0350718
22478 0.0350718
20809 0.0350718
20229 0.0350718
15637 0.0350718
7024 0.0350718
34768 0.0349123
28444 0.0349123
28305 0.0349123
26892 0.0349123
23014 0.0349123
13646 0.0349123
12346 0.0349123
5663 0.0349123
4405 0.0349123
39048 0.03125
34394 0.03125
29154 0.03125
29032 0.03125
19396 0.03125
13499 0.03125
6002 0.03125
35131 0.030303
32342 0.030303
24456 0.030303
24013 0.030303
18039 0.030303
14927 0.030303
14390 0.030303
7667 0.030303
6866 0.030303
4785 0.030303
40166 0.0227273
36849 0.0227273
33809 0.0227273
32994 0.0227273
32797 0.0227273
32229 0.0227273
24028 0.0227273
19788 0.0227273
17285 0.0227273
14201 0.0227273
12009 0.0227273
11019 0.0227273
10361 0.0227273
1525 0.0227273
433 0.0227273
39582 0.020796
39495 0.020796
39171 0.020796
38073 0.020796
37998 0.020796
37818 0.020796
36208 0.020796
34963 0.020796
33708 0.020796
32862 0.020796
30269 0.020796
26978 0.020796
26963 0.020796
25725 0.020796
22606 0.020796
15352 0.020796
13935 0.020796
8521 0.020796
7339 0.020796
6815 0.020796
2958 0.020796
2838 0.020796
2237 0.020796
1427 0.020796
36292 0.0204082
34529 0.0204082
28141 0.0204082
27401 0.0204082
26395 0.0204082
25971 0.0204082
24316 0.0204082
22533 0.0204082
21989 0.0204082
20474 0.0204082
20457 0.0204082
19583 0.0204082
16682 0.0204082
6794 0.0204082
4538 0.0204082
187 0.0204082
186 0.0204082
40108 0.0181818
36416 0.0181818
25476 0.0181818
24172 0.0181818
21641 0.0181818
20994 0.0181818
17794 0.0181818
11460 0.0181818
11319 0.0181818
7117 0.0181818
6461 0.0181818
4029 0.0181818
39163 0.0178571
35050 0.0178571
30320 0.0178571
30208 0.0178571
29443 0.0178571
27530 0.0178571
25984 0.0178571
25817 0.0178571
22337 0.0178571
19742 0.0178571
12288 0.0178571
11373 0.0178571
7928 0.0178571
3422 0.0178571
2677 0.0178571
1852 0.0178571
40387 0.015873
38116 0.015873
33814 0.015873
32767 0.015873
32440 0.015873
32282 0.015873
28122 0.015873
27646 0.015873
25101 0.015873
24623 0.015873
18705 0.015873
15506 0.015873
7411 0.015873
4070 0.015873
2455 0.015873
606 0.015873
40573 0.015625
39131 0.015625
37054 0.015625
35004 0.015625
32885 0.015625
29996 0.015625
26565 0.015625
23785 0.015625
22557 0.015625
21670 0.015625
15237 0.015625
11958 0.015625
10630 0.015625
9200 0.015625
3245 0.015625
2775 0.015625
1829 0.015625
1177 0.015625
40974 0.0153846
40211 0.0153846
38985 0.0153846
38546 0.0153846
37935 0.0153846
37924 0.0153846
37523 0.0153846
36919 0.0153846
35597 0.0153846
35219 0.0153846
34001 0.0153846
33802 0.0153846
33606 0.0153846
33290 0.0153846
31826 0.0153846
31586 0.0153846
29878 0.0153846
29599 0.0153846
27933 0.0153846
25625 0.0153846
24414 0.0153846
24056 0.0153846
23696 0.0153846
23582 0.0153846
23016 0.0153846
22804 0.0153846
20913 0.0153846
20527 0.0153846
19894 0.0153846
19034 0.0153846
18906 0.0153846
17687 0.0153846
17331 0.0153846
16428 0.0153846
15034 0.0153846
14566 0.0153846
12728 0.0153846
11248 0.0153846
11118 0.0153846
9791 0.0153846
8622 0.0153846
7672 0.0153846
7017 0.0153846
6160 0.0153846
5645 0.0153846
5361 0.0153846
5279 0.0153846
2452 0.0153846
1943 0.0153846
1794 0.0153846
720 0.0153846
581 0.0153846
40478 0.0121951
37176 0.0121951
35437 0.0121951
30972 0.0121951
30167 0.0121951
24818 0.0121951
24556 0.0121951
24213 0.0121951
23380 0.0121951
23154 0.0121951
22589 0.0121951
22422 0.0121951
22402 0.0121951
21983 0.0121951
20489 0.0121951
19083 0.0121951
17075 0.0121951
15553 0.0121951
15451 0.0121951
