31301 20.5061
21983 11.3786
52 7.26417
17634 6.12161
27514 5.56459
29059 4.89407
14544 4.06206
9831 4.01126
34495 3.70739
7708 3.41523
26088 3.11592
26750 2.66026
10923 2.37468
5373 2.27597
10737 2.25616
22402 1.96657
16945 1.90678
7691 1.66403
5066 1.65263
919 1.58593
18274 1.5429
11942 1.52977
2633 1.5295
8163 1.48584
9846 1.42222
17999 1.41736
4932 1.375
25811 1.29882
18950 1.24924
28444 1.22852
25462 1.21944
27425 1.18333
3567 1.14886
10880 1.13889
4405 1.11736
17238 1.08248
18770 1.03889
5693 1.02352
16791 1.00541
7894 0.983861
23813 0.976623
12221 0.958062
19972 0.956349
12620 0.956349
23553 0.925876
17075 0.910695
16705 0.867721
6061 0.840711
17406 0.829412
13881 0.799169
20169 0.783333
14603 0.778894
6096 0.773846
3158 0.741306
40573 0.70758
23014 0.70758
32885 0.687985
5620 0.683333
3648 0.677679
15384 0.657479
32975 0.652539
18729 0.644444
33324 0.642857
22557 0.641594
23154 0.636941
10519 0.63584
5691 0.631703
25365 0.624242
1427 0.623159
33825 0.619935
2289 0.619221
37830 0.619173
4507 0.592008
37176 0.59015
40022 0.588889
2775 0.585082
29914 0.583333
10658 0.569444
12902 0.566667
20974 0.561111
13422 0.561111
33936 0.555556
30320 0.535354
35987 0.532576
36467 0.527778
2249 0.516667
38825 0.516667
13955 0.51335
27646 0.511111
34908 0.505556
38662 0.488312
2867 0.477778
1259 0.476299
28033 0.47619
30307 0.46636
40869 0.456182
186 0.452928
10105 0.452381
36202 0.45202
36523 0.45
12709 0.442857
3382 0.431818
29868 0.430556
29301 0.409524
1877 0.393541
22990 0.389777
35598 0.388034
3494 0.378968
39695 0.375
363 0.365079
24193 0.359524
22594 0.357576
30972 0.346465
40487 0.333333
39032 0.333333
37619 0.333333
37415 0.333333
32760 0.333333
29443 0.333333
24544 0.333333
24375 0.333333
19199 0.333333
18085 0.333333
11985 0.333333
11657 0.333333
9157 0.333333
7500 0.333333
7413 0.333333
6889 0.333333
5035 0.333333
3489 0.333333
2935 0.333333
2701 0.333333
149 0.333333
25379 0.331667
5663 0.316305
26892 0.307969
6609 0.307446
18754 0.30202
19881 0.3
30683 0.299423
33078 0.294173
33893 0.291692
9873 0.291667
37711 0.287395
32763 0.286147
2838 0.283824
22465 0.281871
29741 0.281319
1897 0.276111
8672 0.26859
27844 0.263743
22227 0.263178
15603 0.262745
36689 0.262427
11625 0.262427
40017 0.254167
12243 0.253409
38562 0.25
37504 0.25
34825 0.25
33442 0.25
30380 0.25
30054 0.25
29752 0.25
28837 0.25
27982 0.25
24316 0.25
22044 0.25
13291 0.25
12384 0.25
11000 0.25
10901 0.25
9028 0.25
7926 0.25
7713 0.25
3075 0.25
30632 0.23584
13432 0.23445
10980 0.229371
17794 0.228034
26044 0.2275
7707 0.2275
2241 0.218056
34973 0.213131
14565 0.212745
5738 0.212745
20129 0.205556
23309 0.203743
35004 0.2
34776 0.2
34075 0.2
33366 0.2
31735 0.2
27283 0.2
25349 0.2
23865 0.2
23696 0.2
21209 0.2
20880 0.2
20411 0.2
20165 0.2
18209 0.2
17726 0.2
16788 0.2
15934 0.2
12217 0.2
9492 0.2
7844 0.2
6002 0.2
1940 0.2
1526 0.2
16915 0.196465
26808 0.188462
9019 0.182479
8314 0.182479
12386 0.179798
37797 0.178528
27886 0.172149
34375 0.169298
22341 0.169298
8508 0.167215
36035 0.166667
31021 0.166667
28879 0.166667
28038 0.166667
27600 0.166667
25837 0.166667
24593 0.166667
24266 0.166667
23658 0.166667
19644 0.166667
18543 0.166667
18328 0.166667
16823 0.166667
16422 0.166667
12604 0.166667
9634 0.166667
6565 0.166667
375 0.166667
29997 0.165446
37087 0.159649
1480 0.159649
25078 0.159481
7360 0.159481
23877 0.155482
18535 0.155482
38229 0.152632
26093 0.152632
13334 0.146078
8867 0.145705
37317 0.142857
30336 0.142857
29629 0.142857
28330 0.142857
26612 0.142857
21497 0.142857
21097 0.142857
21039 0.142857
19750 0.142857
16118 0.142857
13660 0.142857
12223 0.142857
4819 0.142857
3478 0.142857
3369 0.142857
2954 0.142857
1683 0.142857
1069 0.142857
939 0.142857
5153 0.132764
23193 0.131444
10131 0.126634
39019 0.125
37143 0.125
36895 0.125
34108 0.125
33490 0.125
32797 0.125
30214 0.125
24698 0.125
24475 0.125
22778 0.125
20966 0.125
20075 0.125
18449 0.125
16992 0.125
15237 0.125
14927 0.125
11958 0.125
11658 0.125
11631 0.125
10811 0.125
9040 0.125
3896 0.125
3591 0.125
19767 0.119412
15971 0.116533
7024 0.116533
4082 0.115273
39527 0.111111
35384 0.111111
34307 0.111111
33013 0.111111
32576 0.111111
31411 0.111111
28929 0.111111
26629 0.111111
24213 0.111111
22560 0.111111
16347 0.111111
14955 0.111111
11535 0.111111
10200 0.111111
8024 0.111111
7004 0.111111
4029 0.111111
1176 0.111111
1087 0.111111
799 0.111111
218 0.111111
34120 0.1
33944 0.1
33092 0.1
28377 0.1
25220 0.1
25185 0.1
22502 0.1
20221 0.1
19416 0.1
16853 0.1
14541 0.1
14434 0.1
4536 0.1
2488 0.1
1979 0.1
1975 0.1
40661 0.0991233
36623 0.0991233
36073 0.0909091
36032 0.0909091
35380 0.0909091
31197 0.0909091
29309 0.0909091
24369 0.0909091
23849 0.0909091
22228 0.0909091
21918 0.0909091
20474 0.0909091
20385 0.0909091
19583 0.0909091
18192 0.0909091
15292 0.0909091
15189 0.0909091
13256 0.0909091
12630 0.0909091
10463 0.0909091
9232 0.0909091
8521 0.0909091
6012 0.0909091
3740 0.0909091
1210 0.0909091
128 0.0909091
40903 0.0833333
40798 0.0833333
38692 0.0833333
31298 0.0833333
23967 0.0833333
23663 0.0833333
20035 0.0833333
17203 0.0833333
16278 0.0833333
8081 0.0833333
2209 0.0833333
36242 0.0769231
34357 0.0769231
32310 0.0769231
25017 0.0769231
23269 0.0769231
20881 0.0769231
19434 0.0769231
18336 0.0769231
18044 0.0769231
12179 0.0769231
11740 0.0769231
5303 0.0769231
34207 0.0714286
29785 0.0714286
29019 0.0714286
25265 0.0714286
24804 0.0714286
22941 0.0714286
17842 0.0714286
9378 0.0714286
7674 0.0714286
3164 0.0714286
37175 0.0666667
34253 0.0666667
30122 0.0666667
20959 0.0666667
20858 0.0666667
10117 0.0666667
9105 0.0666667
8532 0.0666667
8462 0.0666667
8063 0.0666667
2982 0.0666667
34834 0.0625
33084 0.0625
31817 0.0625
28305 0.0625
27939 0.0625
23364 0.0625
23019 0.0625
16446 0.0625
16251 0.0625
7343 0.0625
6815 0.0625
5989 0.0625
4408 0.0625
1091 0.0625
289 0.0625
28323 0.0588235
18890 0.0588235
14630 0.0588235
40888 0.0555556
38668 0.0555556
32713 0.0555556
32593 0.0555556
30668 0.0555556
28644 0.0555556
19589 0.0555556
17570 0.0555556
15352 0.0555556
12662 0.0555556
11373 0.0555556
10044 0.0555556
9519 0.0555556
9413 0.0555556
8961 0.0555556
4632 0.0555556
31372 0.0526316
29511 0.0526316
29115 0.0526316
29032 0.0526316
27715 0.0526316
26462 0.0526316
26401 0.0526316
24925 0.0526316
23306 0.0526316
21615 0.0526316
16926 0.0526316
12062 0.0526316
11737 0.0526316
10953 0.0526316
10347 0.0526316
7842 0.0526316
2131 0.0526316
518 0.0526316
36876 0.05
36434 0.05
31561 0.05
27892 0.05
25750 0.05
22606 0.05
20089 0.05
18348 0.05
17687 0.05
14206 0.05
10322 0.05
10277 0.05
10073 0.05
1722 0.05
24382 0.047619
20546 0.047619
20489 0.047619
20229 0.047619
10731 0.047619
38657 0.0454545
38184 0.0454545
23785 0.0454545
17189 0.0454545
15568 0.0454545
14390 0.0454545
33976 0.0434783
31815 0.0434783
27352 0.0434783
23164 0.0434783
16214 0.0434783
16077 0.0434783
13731 0.0434783
11945 0.0434783
7942 0.0434783
6767 0.0434783
36650 0.0416667
36358 0.0416667
33167 0.0416667
37637 0.04
35020 0.04
31536 0.04
