20804 0.815689
9705 0.792663
2089 0.778422
2771 0.646314
7682 0.609448
39696 0.575741
18745 0.526181
15309 0.504675
21341 0.493549
24190 0.491133
16837 0.491096
3014 0.459958
32733 0.458602
22811 0.458602
31559 0.454466
495 0.42733
6185 0.412726
37928 0.396984
26839 0.345195
33132 0.336801
21715 0.330115
172 0.327166
16627 0.318745
34088 0.315775
27861 0.302207
30524 0.296752
22357 0.296752
8920 0.296752
8424 0.296752
6073 0.296752
33925 0.294447
6084 0.286275
36888 0.2843
29127 0.269866
4755 0.263801
5133 0.262278
31209 0.240882
4783 0.240882
38472 0.240584
30899 0.222133
26632 0.210366
17242 0.20881
39233 0.206501
39655 0.201603
18328 0.2
22329 0.191236
19930 0.191236
18078 0.191236
13710 0.191236
38961 0.191067
20482 0.191067
24496 0.18897
13253 0.18897
704 0.18897
40406 0.18426
7110 0.183246
4010 0.183246
30498 0.181592
39758 0.175773
9877 0.170967
30988 0.166855
19275 0.161545
35477 0.160769
27049 0.159347
27882 0.153477
38718 0.14939
19984 0.147068
24169 0.144622
37916 0.143828
11272 0.141775
35329 0.141564
34434 0.141215
23678 0.141215
32581 0.141018
3033 0.141018
1972 0.141018
1798 0.141018
15003 0.137237
22748 0.136567
29980 0.133438
10031 0.131465
39284 0.129167
29344 0.129167
27402 0.129167
17009 0.129167
7115 0.129167
34343 0.128046
3926 0.128046
7823 0.119678
22865 0.118347
20429 0.118347
4040 0.117063
38354 0.113575
21789 0.113575
37315 0.108846
33235 0.105777
6883 0.105777
34738 0.104953
20766 0.104953
16722 0.104953
8450 0.104953
3792 0.104953
39810 0.103956
2269 0.103956
17418 0.103077
11703 0.103077
35593 0.102007
33669 0.102007
31155 0.102007
24141 0.102007
11552 0.102007
31892 0.097154
35800 0.0971074
146 0.0971074
33833 0.0944026
29873 0.0944026
33957 0.0935178
12676 0.0935178
11084 0.0935178
35073 0.0915348
33701 0.0915348
30842 0.0915348
24413 0.0915348
14990 0.0915348
3113 0.0915348
22366 0.0895785
27047 0.0894778
8164 0.088824
5023 0.088824
9843 0.0854734
1713 0.0854491
30044 0.0833333
19103 0.082952
12450 0.082952
27559 0.0826451
27447 0.0826451
27189 0.0826451
22398 0.0814773
15866 0.0814773
5670 0.0810491
24948 0.0777236
22277 0.0777236
1302 0.0756889
39798 0.0742754
32853 0.0742754
22576 0.0714286
9195 0.0712766
15368 0.0688347
12312 0.0688347
8360 0.0688347
7485 0.0688347
4706 0.0688347
39450 0.0687815
16856 0.0687815
9576 0.0687815
35639 0.0659831
30145 0.0659831
26872 0.0659831
7134 0.0655032
38816 0.0640904
37431 0.0625597
32719 0.0625
25995 0.0625
6207 0.0625
39152 0.0623645
36169 0.0623645
33473 0.0623645
18482 0.0623645
14505 0.0623645
12332 0.0623645
8789 0.0623645
7444 0.0623645
3091 0.0623645
1985 0.0623645
10733 0.0613985
36424 0.0590488
35991 0.0590488
28162 0.0590488
3897 0.058883
11289 0.0575397
8586 0.0575397
5611 0.0575397
4607 0.0575397
32438 0.0565364
16742 0.0555556
15725 0.0555556
2389 0.0555556
35746 0.0549118
36633 0.0541317
7797 0.0541317
6869 0.0541317
28368 0.0540364
22634 0.0540364
11238 0.0540364
2123 0.0540364
7146 0.0533248
2967 0.0533248
23889 0.0499941
6737 0.0499941
2075 0.0499941
30700 0.0497475
19155 0.0497475
18504 0.0497475
4855 0.0497475
1421 0.0497475
1146 0.0497475
33338 0.046996
17218 0.046996
14147 0.046996
13244 0.046996
10071 0.046996
8536 0.046996
20027 0.0462371
8656 0.0462371
39801 0.0459979
24220 0.0459979
13676 0.0459979
10195 0.0459979
38894 0.0455182
31194 0.0455182
17426 0.0455182
12027 0.0455182
9188 0.0455182
7590 0.0455182
5713 0.0455182
2868 0.0455182
2344 0.0455182
38308 0.0441708
25403 0.0441708
22793 0.0441708
12871 0.0441708
10145 0.0441708
4400 0.0441708
417 0.0441708
29608 0.0422636
23406 0.0422636
6405 0.0422636
36357 0.0416667
33636 0.0416667
28909 0.0413931
23903 0.0413931
23666 0.0413931
4418 0.0413931
39595 0.0413203
19355 0.0413203
18255 0.0413203
9707 0.0413203
2684 0.0413203
22330 0.0411746
13558 0.0411746
8049 0.0411746
25464 0.0408502
20796 0.0408502
32312 0.0386473
29905 0.0386473
27625 0.0386473
24827 0.0386473
22909 0.0386473
16929 0.0386473
8792 0.0386473
3340 0.0386473
24275 0.0384615
8753 0.0381802
7123 0.0381802
32005 0.0374118
26951 0.0374118
26820 0.0374118
24547 0.0374118
22363 0.0374118
3865 0.0374118
39814 0.0374105
36887 0.0374105
31647 0.0374105
30232 0.0374105
13423 0.0374105
13010 0.0374105
5206 0.0374105
1766 0.0374105
1694 0.0374105
30651 0.0357143
7840 0.0357143
3862 0.0357143
39089 0.0333333
20521 0.0333333
14950 0.0333333
26910 0.0332453
14785 0.0332453
3239 0.0332453
40812 0.0314468
38822 0.0314468
31052 0.0314468
21655 0.0314468
16312 0.0314468
6724 0.0314468
30905 0.0285714
30375 0.0285714
16455 0.0285714
14050 0.0285714
9814 0.0285714
9441 0.0285714
9021 0.0285714
39794 0.0283815
38997 0.0283815
27855 0.0283815
27070 0.0283815
18346 0.0283815
15041 0.0283815
11033 0.0283815
9352 0.0283815
8895 0.0283815
28263 0.0274903
25964 0.0274903
3640 0.0274903
3289 0.0274903
39886 0.0243902
36597 0.0243902
31010 0.0243902
26129 0.0243902
25604 0.0243902
23995 0.0243902
18916 0.0243902
2997 0.0243902
26113 0.0232558
24277 0.0232558
19711 0.0232558
14417 0.0232558
6988 0.0232558
1812 0.0232558
35246 0.0227273
33842 0.0227273
33283 0.0227273
28190 0.0227273
27507 0.0227273
13381 0.0227273
35623 0.0217391
336 0.0217391
26691 0.0212766
40938 0.02
32897 0.02
28413 0.02
26098 0.02
20389 0.02
1960 0.02
928 0.02
37756 0.0196078
36778 0.0196078
33153 0.0196078
15564 0.0196078
11830 0.0196078
11091 0.0196078
6745 0.0196078
38652 0.0178571
35819 0.0178571
33871 0.0178571
24508 0.0178571
19051 0.0178571
18313 0.0178571
12778 0.0178571
12737 0.0178571
5341 0.0178571
33786 0.0166667
32929 0.0166667
30147 0.0166667
29216 0.0166667
28830 0.0166667
28308 0.0166667
24378 0.0166667
20908 0.0166667
10946 0.0166667
8112 0.0166667
37669 0.0144928
31373 0.0144928
24471 0.0144928
20469 0.0144928
18175 0.0144928
18042 0.0144928
17034 0.0144928
13918 0.0144928
7796 0.0144928
3456 0.0144928
2978 0.0144928
29605 0.0135135
15663 0.0135135
6831 0.0135135
39501 0.012987
38732 0.012987
37476 0.012987
32783 0.012987
26061 0.012987
17380 0.012987
12513 0.012987
10350 0.012987
3271 0.012987
37405 0.0120482
35377 0.0120482
35266 0.0120482
25216 0.0120482
14513 0.0120482
3694 0.0120482
40395 0.0111111
37564 0.0111111
36155 0.0111111
35986 0.0111111
35900 0.0111111
35443 0.0111111
32408 0.0111111
31775 0.0111111
29738 0.0111111
29079 0.0111111
26542 0.0111111
25963 0.0111111
25870 0.0111111
25692 0.0111111
25357 0.0111111
24446 0.0111111
22433 0.0111111
19735 0.0111111
19226 0.0111111
18355 0.0111111
17559 0.0111111
16916 0.0111111
16435 0.0111111
15668 0.0111111
15640 0.0111111
13181 0.0111111
12392 0.0111111
10231 0.0111111
9719 0.0111111
9363 0.0111111
9318 0.0111111
8339 0.0111111
7934 0.0111111
6098 0.0111111
5068 0.0111111
4391 0.0111111
3582 0.0111111
3392 0.0111111
1961 0.0111111
1944 0.0111111
1520 0.0111111
1511 0.0111111
942 0.0111111
437 0.0111111
323 0.0111111
210 0.0111111
34962 0.0108696
34122 0.0108696
31718 0.0108696
27111 0.0108696
16876 0.0108696
14843 0.0108696
14093 0.0108696
10671 0.0108696
9805 0.0108696
5925 0.0108696
5506 0.0108696
4838 0.0108696
2382 0.0108696
38138 0.00980392
32798 0.00980392
26844 0.00980392
24564 0.00980392
23791 0.00980392
17831 0.00980392
16510 0.00980392
15360 0.00980392
9057 0.00980392
5847 0.00980392
40762 0.00862069
39117 0.00862069
39023 0.00862069
38706 0.00862069
37638 0.00862069
36552 0.00862069
36376 0.00862069
35764 0.00862069
34748 0.00862069
32700 0.00862069
32626 0.00862069
32399 0.00862069
30503 0.00862069
29545 0.00862069
28539 0.00862069
28400 0.00862069
28398 0.00862069
27362 0.00862069
26904 0.00862069
26123 0.00862069
25456 0.00862069
25326 0.00862069
23902 0.00862069
22818 0.00862069
18717 0.00862069
18224 0.00862069
16281 0.00862069
15903 0.00862069
14450 0.00862069
10415 0.00862069
10014 0.00862069
9167 0.00862069
