2885 5.57625
17312 2.15323
30793 2.031
5293 1.72792
35734 1.35918
32620 1.25099
14138 1.03493
18119 1.00381
36952 0.977058
24678 0.850924
39962 0.807978
39791 0.802316
27799 0.786998
12569 0.768966
830 0.706193
2542 0.696784
22711 0.69548
37340 0.672996
28424 0.661027
36528 0.643848
37546 0.57676
8296 0.566942
19253 0.564441
40165 0.55567
21703 0.534213
22405 0.52394
35346 0.511658
27926 0.496802
16947 0.496802
18365 0.479167
34999 0.473626
34998 0.454181
7937 0.446569
34664 0.440834
7069 0.422619
26137 0.41386
11876 0.411585
33267 0.39893
39947 0.383273
27989 0.383273
38583 0.367671
19391 0.346555
12766 0.343732
18435 0.343597
24239 0.338599
38010 0.325279
9197 0.324059
11626 0.322446
33633 0.31675
35766 0.306416
38141 0.296639
28952 0.292077
33545 0.287459
1791 0.286583
1966 0.282123
16233 0.278945
2869 0.278945
29077 0.278333
15225 0.278333
10791 0.267515
16745 0.266558
35029 0.259259
23898 0.253145
40204 0.251814
16298 0.251814
38952 0.251724
18866 0.25
3068 0.246322
30676 0.235752
12393 0.228756
4761 0.22725
31140 0.217831
17277 0.214824
37027 0.211988
12177 0.211317
36400 0.209811
1659 0.206647
34123 0.205484
17154 0.202765
28619 0.202234
37233 0.20119
39111 0.2
1965 0.196934
17401 0.196208
13654 0.194313
25568 0.1939
20928 0.189074
31301 0.18731
36239 0.185872
26195 0.185872
16047 0.185872
12090 0.185872
7059 0.180281
233 0.180281
39642 0.18018
30876 0.173099
6830 0.170646
39637 0.170118
33562 0.167863
35923 0.166667
26153 0.166667
10689 0.166667
29551 0.163587
10169 0.163212
40314 0.161482
29852 0.160117
37898 0.156577
34835 0.156552
12661 0.154762
391 0.153057
31537 0.152878
3561 0.152878
15416 0.152822
11080 0.152822
21000 0.152039
15054 0.152039
34544 0.150541
28106 0.150541
12893 0.150027
9247 0.148367
26574 0.147222
16806 0.147222
8859 0.146937
12911 0.143137
8237 0.140909
2310 0.140389
14943 0.138613
9309 0.136236
35463 0.135527
9196 0.134765
2786 0.134765
3356 0.12788
7889 0.125197
313 0.125197
13362 0.124463
14658 0.121585
8264 0.121585
25614 0.120383
11389 0.120383
32243 0.119709
27127 0.119709
11725 0.119709
16250 0.11965
90 0.119449
110 0.11643
35185 0.115543
35065 0.115543
20007 0.115543
32267 0.11554
34663 0.115494
34043 0.112894
32496 0.111682
18328 0.111111
15787 0.109436
38864 0.10721
8513 0.10721
2877 0.106643
35439 0.106225
35317 0.105495
22368 0.105476
16703 0.105476
23448 0.105472
13339 0.101684
7132 0.1003
30419 0.1
24696 0.1
23566 0.1
2027 0.1
4076 0.0998923
32324 0.0995621
14133 0.0985951
16076 0.0975908
17412 0.0960401
29640 0.0953121
2899 0.093985
27033 0.0914316
19712 0.0911662
1355 0.0911662
34457 0.0910698
28611 0.0910698
23449 0.0910698
26467 0.0909091
15576 0.0909091
29923 0.0880674
6859 0.0880674
23439 0.0854676
576 0.0842105
16283 0.0839
5861 0.0839
2262 0.0833333
39890 0.083172
38517 0.083172
6992 0.083172
27900 0.0826175
25617 0.0826175
22083 0.0822998
18810 0.0803799
38726 0.0801863
29464 0.0801863
21566 0.0801863
2813 0.0801863
1137 0.0801863
35082 0.0801781
28575 0.0801781
14318 0.0801781
13513 0.0801781
26375 0.0796284
1610 0.078282
39894 0.0779709
31077 0.0779709
24400 0.0763119
5778 0.0763119
38014 0.0761157
35435 0.0761157
34165 0.0761157
2069 0.0757865
19576 0.0749894
39619 0.0745961
22530 0.0739177
31582 0.0738625
37344 0.0722909
3852 0.0721154
34156 0.0715335
18016 0.0715335
3966 0.0715335
13507 0.0705128
29237 0.0702355
30298 0.0700247
23218 0.0700247
21053 0.0700247
170 0.0700247
5937 0.0692403
4825 0.0692403
23322 0.0686371
11488 0.0686371
15176 0.0675933
19048 0.0658224
2618 0.0655844
36589 0.0643939
16924 0.0643939
10601 0.0638644
28861 0.0638173
28605 0.0638173
18356 0.0631496
9102 0.0625
35997 0.0588235
34768 0.0588235
26803 0.0588235
23399 0.0588235
17397 0.0588235
6924 0.0588235
21978 0.0586
8035 0.0562612
19624 0.0555556
15039 0.0555556
29473 0.05489
18520 0.05489
39181 0.0547959
33458 0.0547959
4852 0.0547959
8134 0.0534103
37342 0.0526316
28094 0.0526316
8197 0.0526316
852 0.0526316
40564 0.0519165
37689 0.0519165
22930 0.0519165
4548 0.0519165
26786 0.051326
13617 0.051326
23432 0.051285
23446 0.0511986
23628 0.0508149
22184 0.0508149
32036 0.05
16218 0.05
15567 0.05
6685 0.05
6140 0.0498387
39641 0.0496032
36285 0.0496032
967 0.0496032
34558 0.0481879
32838 0.0481879
20835 0.0481879
10575 0.0481879
36313 0.0481811
39925 0.0481046
37729 0.047417
19517 0.047417
26971 0.0472888
18282 0.0472888
36703 0.0463269
9553 0.0463269
306 0.0462984
20080 0.0454545
12525 0.0454545
6336 0.0454545
3002 0.0454545
10916 0.0451632
35525 0.0444193
14573 0.0444193
7298 0.0444193
29634 0.0444139
4896 0.0443607
11331 0.0428314
7145 0.0428314
6394 0.0428314
30136 0.0416667
6041 0.0416667
39245 0.0404816
11789 0.0404816
26095 0.0404727
19260 0.0404727
25791 0.0402581
12989 0.0402581
40420 0.04
38812 0.04
31047 0.04
27843 0.04
20038 0.04
14398 0.04
9572 0.04
3713 0.04
12110 0.0398777
11469 0.0398777
9199 0.0384615
36160 0.0384401
6401 0.0384401
37672 0.0378323
29225 0.0378323
21757 0.0378323
17785 0.0378323
17739 0.0378323
7076 0.0378323
6979 0.0378323
5840 0.0378323
938 0.0378323
556 0.0378323
5003 0.037037
34579 0.0357143
12723 0.0354967
37719 0.0344828
37012 0.0344828
36117 0.0344828
31858 0.0344828
31806 0.0344828
19648 0.0344828
19032 0.0344828
10991 0.0344828
7852 0.0344828
39183 0.0322581
35086 0.0322581
22960 0.0322581
416 0.0322581
19 0.0322581
30795 0.030667
30386 0.030667
26562 0.0304562
26151 0.0304562
23034 0.0304562
26864 0.0304497
16040 0.0304497
29285 0.0301185
35803 0.0300744
39831 0.0299392
35637 0.0299392
33227 0.0299392
32043 0.0299392
27849 0.0299392
25667 0.0299392
24957 0.0299392
14966 0.0299392
3140 0.0299392
2218 0.0299392
31649 0.0292664
28102 0.0292664
24505 0.0292664
20311 0.0292664
19899 0.0292664
17631 0.0292664
16723 0.0284874
8412 0.0284874
28655 0.0266324
8615 0.0266324
26084 0.0264652
15873 0.0264652
3251 0.0264652
38772 0.0256681
37070 0.0256681
32368 0.0256681
28349 0.0256681
18997 0.0256681
17789 0.0256681
15826 0.0256681
29901 0.0252423
27863 0.0252423
18510 0.0252423
5354 0.0252423
35063 0.0250095
3750 0.0250095
25304 0.025
18138 0.025
9957 0.025
38221 0.0249126
37847 0.0249126
34034 0.0249126
33028 0.0249126
30321 0.0249126
19287 0.0249126
13452 0.0249126
6654 0.0249126
35480 0.0239835
34784 0.0239835
16424 0.0239835
15029 0.0239835
14769 0.0239835
5488 0.0239835
3911 0.0239835
15276 0.0238095
15056 0.0238095
4058 0.0238095
4444 0.0232558
37955 0.0227273
37882 0.0227273
37555 0.0227273
35553 0.0227273
33067 0.0227273
32572 0.0227273
31333 0.0227273
27663 0.0227273
26448 0.0227273
25334 0.0227273
24685 0.0227273
23861 0.0227273
22648 0.0227273
13231 0.0227273
11890 0.0227273
10484 0.0227273
7099 0.0227273
4499 0.0227273
3229 0.0227273
129 0.0227273
35809 0.0205801
21302 0.0205801
15554 0.0205801
12014 0.0205801
7592 0.0205801
40273 0.0192308
33377 0.0192308
32409 0.0192308
30425 0.0192308
30379 0.0192308
30209 0.0192308
24126 0.0192308
14858 0.0192308
13796 0.0192308
6067 0.0192308
3291 0.0192308
40618 0.0189871
36468 0.0189871
17523 0.0189871
17035 0.0189871
14894 0.0189871
14546 0.0189871
6935 0.0189871
32535 0.0186626
16001 0.0186626
12788 0.0186626
8652 0.0186626
4038 0.0186626
2037 0.0186626
31947 0.0178571
31314 0.0178571
22743 0.0178571
36927 0.0175439
35706 0.0175439
21739 0.0175439
21214 0.0175439
20704 0.0175439
11975 0.0175439
4551 0.0175439
4298 0.0175439
38148 0.0174348
37948 0.0174348
36968 0.0174348
28049 0.0174348
19551 0.0174348
17437 0.0174348
13563 0.0174348
8836 0.0174348
6863 0.0174348
5414 0.0174348
4826 0.0174348
4718 0.0174348
39951 0.0169492
30234 0.0169492
6220 0.0169492
2597 0.0169492
