20846 177.811
20888 47.3305
5078 46.3337
7884 38.2829
13815 23.1878
13032 22.1404
38204 20.8255
1513 14.8532
38898 11.8929
15338 11.7793
20905 11.2886
29330 10.3607
17045 10.2265
4152 9.40794
6749 8.83892
33138 8.1667
21267 8.09805
21988 8.08267
18581 7.84484
18424 7.6736
16130 6.99119
4321 6.7369
2928 6.60748
16533 6.60198
21099 6.20719
21279 6.12781
14320 6.02882
12157 5.88182
33003 5.35
31363 5.262
6048 4.97767
19561 4.96389
24567 4.93571
36626 4.75281
10023 4.62886
38651 4.56071
15298 4.54683
40232 4.53571
20661 4.28452
23057 4.18849
14388 4.18849
10216 4.15014
11327 3.94683
33482 3.87092
35130 3.55952
10835 3.39156
13321 3.39012
3744 3.38571
3452 3.38099
25719 3.19444
24858 3.17897
31593 3.11591
39121 3.11466
22167 3.11071
22708 3.09726
27829 3.06627
28055 3.03258
6543 3.00375
4313 2.978
298 2.84397
40127 2.75675
27960 2.6869
15737 2.65
21146 2.38762
39500 2.37731
37908 2.26591
16300 2.26071
35509 2.03611
17941 2.01786
17603 1.90278
26085 1.89607
21436 1.87857
30821 1.84167
32966 1.83333
26513 1.73764
26479 1.71026
30816 1.68501
40787 1.67662
4026 1.61869
201 1.61667
33316 1.59286
36981 1.58254
8376 1.56335
35596 1.5428
24635 1.45971
40684 1.40238
21168 1.33333
28792 1.31111
4775 1.3
38332 1.29286
5568 1.29167
29985 1.28333
24221 1.20952
38511 1.17619
33123 1.13377
3381 1.125
19435 1.10833
21298 1.10833
22918 1.07063
35514 1.06786
2125 1
17498 0.995635
2714 0.994877
15407 0.991667
30372 0.985714
39880 0.958333
36600 0.916667
20619 0.916667
14702 0.916667
23242 0.866667
17482 0.866667
29288 0.833333
16825 0.833333
5113 0.833333
599 0.833333
5555 0.809524
25149 0.805013
24653 0.783333
13055 0.783333
7477 0.783333
6201 0.783333
27282 0.75
7832 0.75
20930 0.75
10538 0.747712
3768 0.733333
39629 0.7
37292 0.7
29821 0.7
24629 0.7
21432 0.7
15729 0.7
4793 0.7
35907 0.65
31616 0.65
18434 0.65
8316 0.65
5883 0.65
36709 0.642857
24026 0.642857
33060 0.616667
33620 0.611111
27147 0.6
20303 0.592857
10497 0.592857
17305 0.583333
1876 0.583333
26955 0.566667
15966 0.561111
28039 0.559524
2113 0.559524
7382 0.553064
1254 0.541667
40227 0.517857
16441 0.516667
37766 0.509524
9345 0.509524
3881 0.47619
3273 0.458333
34523 0.453968
15145 0.452381
586 0.45
19584 0.442857
1826 0.442857
26882 0.415909
19672 0.392857
21684 0.385965
3921 0.367857
2883 0.357576
10003 0.353968
40278 0.333333
36819 0.333333
36459 0.333333
31237 0.333333
21361 0.333333
19668 0.333333
19390 0.333333
17640 0.333333
12693 0.333333
2001 0.333333
329 0.333333
32882 0.325397
29606 0.294444
24767 0.291667
603 0.281746
3703 0.267832
6910 0.267157
40594 0.25
39313 0.25
37552 0.25
32109 0.25
27526 0.25
22829 0.25
18370 0.25
17018 0.25
15569 0.25
12690 0.25
10491 0.25
8598 0.25
5276 0.25
4653 0.25
2984 0.25
2040 0.25
1616 0.25
125 0.25
3469 0.236455
40206 0.2
39220 0.2
38761 0.2
36799 0.2
36548 0.2
35853 0.2
35479 0.2
34947 0.2
29711 0.2
29065 0.2
26780 0.2
25141 0.2
19469 0.2
17540 0.2
16211 0.2
13738 0.2
11916 0.2
10993 0.2
5236 0.2
3231 0.2
2126 0.2
36042 0.166667
34245 0.166667
33812 0.166667
33306 0.166667
32875 0.166667
32152 0.166667
28776 0.166667
25816 0.166667
23559 0.166667
21669 0.166667
18278 0.166667
17773 0.166667
14251 0.166667
11027 0.166667
5487 0.166667
38261 0.142857
33372 0.142857
31301 0.142857
29952 0.142857
20544 0.142857
19294 0.142857
17677 0.142857
16362 0.142857
12339 0.142857
3141 0.142857
897 0.142857
38471 0.125
37561 0.125
34930 0.125
24377 0.125
33420 0.111111
33127 0.111111
32047 0.111111
30713 0.111111
27463 0.111111
19837 0.111111
4146 0.111111
1602 0.111111
1051 0.111111
29780 0.1
29328 0.1
21749 0.1
14273 0.1
2939 0.1
2879 0.1
40486 0.0909091
28750 0.0909091
27237 0.0909091
14071 0.0909091
32738 0.0833333
3646 0.0714286
40212 0.0588235
23738 0.0555556
40980 0
40979 0
40978 0
40977 0
40976 0
40975 0
40974 0
40973 0
40972 0
40971 0
40970 0
40969 0
40968 0
40967 0
40966 0
40965 0
40964 0
40963 0
40962 0
40961 0
40960 0
40959 0
40958 0
40957 0
40956 0
40955 0
40954 0
40953 0
40952 0
40951 0
40950 0
40949 0
40948 0
40947 0
40946 0
40945 0
40944 0
40943 0
40942 0
40941 0
40940 0
40939 0
40938 0
40937 0
40936 0
40935 0
40934 0
40933 0
40932 0
40931 0
40930 0
40929 0
40928 0
40927 0
40926 0
40925 0
40924 0
40923 0
40922 0
40921 0
40920 0
40919 0
40918 0
40917 0
40916 0
40915 0
40914 0
40913 0
40912 0
40911 0
40910 0
40909 0
40908 0
40907 0
40906 0
40905 0
40904 0
40903 0
40902 0
40901 0
40900 0
40899 0
40898 0
40897 0
40896 0
40895 0
40894 0
40893 0
40892 0
40891 0
40890 0
40889 0
40888 0
40887 0
40886 0
40885 0
40884 0
40883 0
40882 0
40881 0
40880 0
40879 0
40878 0
40877 0
40876 0
40875 0
40874 0
40873 0
40872 0
40871 0
40870 0
40869 0
40868 0
40867 0
40866 0
40865 0
40864 0
40863 0
40862 0
40861 0
40860 0
40859 0
40858 0
40857 0
40856 0
40855 0
40854 0
40853 0
40852 0
40851 0
40850 0
40849 0
40848 0
40847 0
40846 0
40845 0
40844 0
40843 0
40842 0
40841 0
40840 0
40839 0
40838 0
40837 0
40836 0
40835 0
40834 0
40833 0
40832 0
40831 0
40830 0
40829 0
40828 0
40827 0
40826 0
40825 0
40824 0
40823 0
40822 0
40821 0
40820 0
40819 0
40818 0
40817 0
40816 0
40815 0
40814 0
40813 0
40812 0
40811 0
40810 0
40809 0
40808 0
40807 0
40806 0
40805 0
40804 0
40803 0
40802 0
40801 0
40800 0
40799 0
40798 0
40797 0
40796 0
40795 0
40794 0
40793 0
40792 0
40791 0
40790 0
40789 0
40788 0
40786 0
40785 0
40784 0
40783 0
40782 0
40781 0
40780 0
40779 0
40778 0
40777 0
40776 0
40775 0
40774 0
40773 0
40772 0
40771 0
40770 0
40769 0
40768 0
40767 0
40766 0
40765 0
40764 0
40763 0
40762 0
40761 0
40760 0
