39976 152.522
7570 69.1141
28776 59.185
3836 35.1681
21015 16.0967
34488 16.0169
11452 15.9078
33975 15.8658
15488 15.0606
14163 13.0778
144 11.3516
11027 9.83292
1158 8.93288
12026 8.70389
14251 8.67384
31215 7.88927
10029 7.66349
15684 7.33215
20262 6.65226
35699 5.81148
7184 5.73374
23837 5.6166
34630 5.4639
4555 5.08307
40681 4.83882
14411 4.71257
28705 4.66621
5798 4.35637
18227 4.33826
3964 4.17146
438 3.80987
32087 3.79182
9333 3.71929
2244 3.70865
7234 3.64735
23798 3.5917
37377 3.46182
38449 3.41628
17987 3.40154
13392 3.38255
9376 3.26718
29178 3.02257
5118 3.01953
24005 3.00019
40289 2.96348
29986 2.88493
6940 2.84673
3263 2.66953
26631 2.61385
36152 2.59544
14105 2.3315
18851 2.32934
39763 2.28894
35487 2.24207
19096 2.19548
8150 2.16559
3114 2.16068
35197 2.15076
15208 2.09296
2922 2.08032
38042 2.04579
29879 1.96303
1795 1.94633
24548 1.93312
7154 1.91647
22197 1.88154
29438 1.85566
6428 1.84529
19211 1.82401
22015 1.8168
13814 1.799
12470 1.77176
13318 1.75599
35810 1.74645
11219 1.7344
34065 1.72459
588 1.68346
9268 1.65238
18575 1.6498
21677 1.64705
33265 1.61927
15250 1.60847
30564 1.60532
8862 1.57441
6594 1.56151
3012 1.55249
7495 1.53547
29389 1.53271
16485 1.50119
3962 1.48377
19281 1.46533
11041 1.45261
16813 1.44702
10904 1.44596
14889 1.43333
9960 1.4293
35950 1.42679
14866 1.42467
10211 1.39176
30473 1.37348
16023 1.3595
3515 1.32738
20274 1.30154
17245 1.26488
15560 1.24557
35405 1.23248
37872 1.21885
26291 1.19593
19629 1.19286
7012 1.18918
14628 1.17564
26708 1.17262
3578 1.14279
17566 1.11145
23358 1.10758
7783 1.09827
10082 1.07499
39156 1.05626
40408 1.03452
36498 1.0247
16549 1.01755
9464 1.00235
32264 0.979657
27024 0.97619
26118 0.965152
2159 0.95678
30818 0.951281
35160 0.940416
9536 0.940079
19731 0.936812
20226 0.92408
6453 0.921681
31465 0.914815
22162 0.907992
22254 0.900224
18165 0.897659
22067 0.853582
1434 0.851807
30258 0.851545
24259 0.8375
3516 0.836803
12137 0.833333
8873 0.827416
5731 0.824675
26025 0.801149
14946 0.796266
24834 0.785949
8951 0.769284
27558 0.761544
38905 0.75
16210 0.744701
34063 0.743268
5643 0.736517
22939 0.707241
13839 0.706996
18436 0.705177
21036 0.704248
39317 0.694444
13426 0.693795
2470 0.691105
694 0.683333
2264 0.67619
24412 0.673975
31922 0.650447
27235 0.65
13949 0.642857
9508 0.642857
38919 0.642513
38113 0.642002
38454 0.634358
22950 0.633333
38174 0.62497
7317 0.624908
39889 0.61945
21116 0.609161
6325 0.60119
11344 0.599373
28694 0.59645
4989 0.589679
26441 0.588889
24726 0.588699
37266 0.587263
10920 0.583333
12390 0.577823
36786 0.577208
17920 0.57619
17646 0.575
6360 0.571429
14852 0.570568
23047 0.568098
26080 0.567989
35713 0.563263
24075 0.561111
13641 0.561111
12342 0.561111
4199 0.561111
7313 0.559524
17804 0.541038
38737 0.539181
24303 0.537019
36224 0.527778
27609 0.523036
24630 0.522569
40940 0.517522
5606 0.508824
18115 0.507392
25848 0.506944
14563 0.500959
4731 0.495455
38257 0.491567
38337 0.47619
13885 0.47619
14373 0.475408
27767 0.472644
3584 0.472378
24359 0.471795
28678 0.471142
26495 0.465317
10615 0.461111
7856 0.459527
10899 0.452381
39062 0.447726
32974 0.446078
18987 0.444444
36890 0.44359
9953 0.439881
14830 0.438317
7715 0.435714
23168 0.430751
15638 0.427378
34395 0.426083
37891 0.425
28556 0.421385
37684 0.41978
5019 0.415555
34651 0.398413
11175 0.398413
11698 0.39697
3004 0.396825
1933 0.396825
25269 0.396429
9630 0.396258
17781 0.392157
1840 0.382369
5653 0.380556
10470 0.38018
18901 0.380102
12703 0.378968
21608 0.378095
20092 0.375
28059 0.374242
27359 0.374242
13787 0.37037
20102 0.365079
15905 0.3625
7325 0.3625
37727 0.3618
34386 0.3618
7815 0.361734
14491 0.358766
14656 0.353359
31657 0.352933
18049 0.352933
9398 0.351823
6605 0.344758
32006 0.3447
21059 0.344478
19135 0.342899
12848 0.341782
23652 0.340435
16936 0.338936
30249 0.338095
35025 0.333333
28751 0.333333
23884 0.333333
23058 0.333333
21240 0.333333
18592 0.333333
12805 0.333333
6532 0.333333
1501 0.333333
834 0.333333
20676 0.330891
23416 0.329862
34260 0.329202
20275 0.3282
12024 0.32788
28849 0.327778
319 0.326984
7519 0.326923
13498 0.325
20698 0.320042
39592 0.31978
31823 0.319444
33668 0.318308
32011 0.316468
36808 0.316017
22669 0.314286
27184 0.313865
11295 0.313312
32078 0.305556
16899 0.303968
36077 0.299423
27485 0.299145
40555 0.298611
14233 0.297826
12736 0.295833
9990 0.294021
9728 0.292301
6337 0.292157
22841 0.291667
33843 0.287037
20218 0.286857
38269 0.286226
3331 0.279304
20734 0.278943
3244 0.274242
36222 0.272619
28272 0.267867
35545 0.267722
20278 0.266305
28780 0.265909
38268 0.265235
27404 0.265235
20617 0.265235
28267 0.264652
31637 0.262936
37680 0.261905
6411 0.261548
775 0.260714
38631 0.257576
39153 0.254555
17524 0.253268
371 0.252038
23136 0.250812
38996 0.25
38893 0.25
38105 0.25
35098 0.25
31280 0.25
30872 0.25
30055 0.25
24747 0.25
20366 0.25
17978 0.25
14837 0.25
12191 0.25
11124 0.25
11065 0.25
10377 0.25
10256 0.25
4740 0.25
2848 0.25
1595 0.25
871 0.25
19235 0.249573
38709 0.246429
22722 0.246217
32585 0.24504
4261 0.239583
27305 0.238889
17483 0.238889
1613 0.237387
2568 0.234494
22129 0.233656
9426 0.233333
21692 0.232323
21657 0.232323
1030 0.232258
25898 0.232066
38017 0.231759
25594 0.22987
16084 0.229167
34505 0.229004
3396 0.227947
4263 0.222222
23063 0.221212
7265 0.219048
39744 0.218071
3063 0.215061
24068 0.214076
13340 0.214076
3306 0.21396
31689 0.210663
3576 0.210663
1330 0.20989
21716 0.209028
6582 0.207958
13083 0.206748
9789 0.206748
6032 0.205975
30099 0.205649
20312 0.205556
28017 0.203571
12135 0.203546
37164 0.20303
21049 0.201681
40685 0.2
40251 0.2
36543 0.2
31936 0.2
30332 0.2
28960 0.2
27851 0.2
27464 0.2
25748 0.2
23679 0.2
22441 0.2
22194 0.2
20805 0.2
15377 0.2
10230 0.2
9721 0.2
7461 0.2
6513 0.2
5453 0.2
3383 0.2
3286 0.2
1648 0.2
722 0.2
17257 0.198352
5513 0.197917
13277 0.197677
15573 0.195027
5156 0.194993
9841 0.193806
8108 0.193806
27501 0.191506
15563 0.191506
21726 0.191288
36829 0.187814
26043 0.1875
38988 0.187068
26232 0.187068
33098 0.186128
21879 0.185376
10631 0.185376
36296 0.185256
9942 0.185256
7764 0.185256
24418 0.185121
34993 0.184483
30104 0.183576
24686 0.182935
11045 0.182528
31527 0.176014
18272 0.175876
18280 0.174866
4428 0.168541
36030 0.168056
7491 0.168056
4786 0.168056
30699 0.166964
37909 0.166667
29685 0.166667
29628 0.166667
23782 0.166667
22237 0.166667
20300 0.166667
17888 0.166667
17495 0.166667
15977 0.166667
15064 0.166667
13570 0.166667
10579 0.166667
6733 0.166667
4967 0.166667
3806 0.166667
6044 0.165873
552 0.165442
24633 0.164737
2141 0.1625
29604 0.161425
24292 0.160293
25341 0.159259
6452 0.157979
11793 0.157576
27287 0.157479
30088 0.155093
28409 0.153582
795 0.153021
35549 0.152525
17891 0.152525
33400 0.152381
15169 0.152381
29182 0.151615
5760 0.151615
17986 0.148359
3296 0.148214
13329 0.148167
32335 0.143659
28174 0.143659
39590 0.142857
36052 0.142857
25861 0.142857
24763 0.142857
24526 0.142857
24476 0.142857
23554 0.142857
22626 0.142857
