4413 6.82976
16390 5.59406
8831 4.70376
10019 3.81831
25110 3.73647
28500 3.64802
18428 3.42953
13923 3.42445
7277 3.06742
19806 2.93282
39978 2.7421
23843 2.52875
30764 2.26339
23836 2.13399
18109 2.01093
20250 1.8793
32522 1.87302
9590 1.64267
29401 1.3828
3721 1.21786
8033 1.21587
33803 1.17685
9059 1.01464
40556 1.00463
14339 0.982894
10161 0.971693
15634 0.961447
4249 0.938874
22253 0.925647
9543 0.905952
39142 0.896113
30412 0.844444
4998 0.840873
12688 0.804762
27454 0.799431
15620 0.781566
5975 0.750842
32681 0.732684
16817 0.720378
34536 0.706667
9980 0.705674
35895 0.669798
25583 0.657359
34312 0.648208
25885 0.648208
9423 0.648208
6049 0.633129
19016 0.619634
19820 0.6
14543 0.599507
21735 0.595503
22501 0.592857
14767 0.591931
9320 0.587261
24627 0.575
36269 0.569444
5081 0.5671
2675 0.541848
16633 0.496212
225 0.491667
20231 0.464502
17873 0.458333
40472 0.438095
20776 0.438095
12427 0.436111
13309 0.411111
20404 0.411096
2885 0.386864
1752 0.385462
20875 0.38355
17295 0.38355
31972 0.377632
39908 0.361691
36140 0.361376
20308 0.361007
6706 0.361007
14115 0.35119
36494 0.35
21906 0.340755
8361 0.340755
7660 0.340755
22782 0.333333
12067 0.333333
10439 0.333333
6699 0.333333
1904 0.3171
26845 0.308333
32316 0.303114
17977 0.303114
33695 0.30234
38330 0.297576
15711 0.285354
40882 0.284483
1643 0.284483
19419 0.28125
34603 0.277632
2938 0.266667
3738 0.260714
27116 0.259176
18807 0.259176
19259 0.254701
39383 0.254371
23024 0.252285
17204 0.252285
25317 0.25
14931 0.25
6978 0.25
39352 0.246811
21006 0.246811
24043 0.244798
16933 0.243519
4695 0.240741
24977 0.230303
13822 0.224747
25016 0.216667
36147 0.213685
35792 0.213685
35601 0.213685
31366 0.213685
27379 0.213685
22537 0.213685
22122 0.213685
19555 0.213685
18732 0.213685
14583 0.213685
9615 0.213685
2669 0.213685
22355 0.206566
15777 0.201923
38870 0.2
37844 0.2
31239 0.2
22692 0.2
17621 0.2
4185 0.2
280 0.2
15460 0.199483
34737 0.194084
25524 0.188312
5179 0.188312
1885 0.188312
39962 0.166667
39727 0.166667
38535 0.166667
27135 0.166667
22594 0.166667
20345 0.166667
18088 0.166667
12230 0.166667
11986 0.166667
6502 0.166667
4689 0.166667
4325 0.166667
1659 0.166667
32668 0.164286
7125 0.161294
40324 0.157407
38837 0.157407
25581 0.157407
12706 0.157407
21889 0.15353
22948 0.144538
40714 0.142857
37027 0.142857
36591 0.142857
33728 0.142857
31329 0.142857
25289 0.142857
22784 0.142857
17340 0.142857
16683 0.142857
11634 0.142857
8301 0.142857
40420 0.140693
37137 0.132764
24894 0.125
24522 0.125
23993 0.125
20827 0.125
18698 0.125
13326 0.125
11032 0.125
9825 0.125
7614 0.125
5484 0.125
4958 0.125
2912 0.125
30401 0.11943
15841 0.11943
5649 0.11943
38851 0.117417
28097 0.117417
25824 0.117417
17466 0.117417
13188 0.117417
6257 0.117417
39791 0.111111
38076 0.111111
37576 0.111111
32885 0.111111
30609 0.111111
30328 0.111111
26122 0.111111
24631 0.111111
23675 0.111111
14884 0.111111
14683 0.111111
12164 0.111111
10821 0.111111
10664 0.111111
10650 0.111111
9887 0.111111
8313 0.111111
4944 0.111111
4635 0.111111
4327 0.111111
40688 0.107684
31770 0.107684
16534 0.103973
4686 0.103973
36889 0.1
31679 0.1
25353 0.1
24067 0.1
21803 0.1
18979 0.1
16960 0.1
14909 0.1
13308 0.1
13052 0.1
7297 0.1
6356 0.1
4668 0.1
1834 0.1
25304 0.0909091
14774 0.0909091
13666 0.0909091
4276 0.0909091
109 0.0909091
40950 0.0833333
34915 0.0833333
33163 0.0833333
31301 0.0833333
30859 0.0833333
25384 0.0833333
24909 0.0833333
24754 0.0833333
19641 0.0833333
17181 0.0833333
16231 0.0833333
15593 0.0833333
10640 0.0833333
7666 0.0833333
6966 0.0833333
4660 0.0833333
3817 0.0833333
2869 0.0833333
1148 0.0833333
32 0.0833333
22607 0.0769231
3130 0.0769231
126 0.0769231
30731 0.0714286
26796 0.0714286
14556 0.0714286
10466 0.0714286
9249 0.0714286
7709 0.0714286
4372 0.0714286
20787 0.0666667
18887 0.0666667
40789 0.0555556
32622 0.0555556
20010 0.0555556
18269 0.0555556
11422 0.0555556
3741 0.0555556
409 0.0555556
29492 0.0526316
21280 0.0526316
12873 0.0526316
40190 0.05
31834 0.05
24515 0.05
23637 0.05
22978 0.05
17942 0.05
17472 0.05
9400 0.05
6508 0.05
6346 0.05
1579 0.05
112 0.05
33174 0.047619
31047 0.047619
30793 0.047619
30384 0.047619
29538 0.047619
24615 0.047619
13654 0.047619
8445 0.047619
4548 0.047619
3711 0.047619
1232 0.047619
38164 0.0454545
34404 0.0454545
26153 0.0454545
24459 0.0454545
17360 0.0454545
15443 0.0454545
14208 0.0454545
35346 0.0434783
35185 0.0434783
26084 0.0434783
24239 0.0434783
23582 0.0434783
21978 0.0434783
17312 0.0434783
16393 0.0434783
15873 0.0434783
14768 0.0434783
11642 0.0434783
6145 0.0434783
5719 0.0434783
23520 0.0416667
35114 0.04
25330 0.04
21833 0.04
17571 0.04
10653 0.04
36085 0.0357143
31782 0.0357143
12904 0.0357143
3876 0.0357143
3843 0.0357143
1474 0.0357143
38141 0.0344828
35734 0.0344828
35296 0.0344828
31153 0.0344828
20765 0.0344828
19826 0.0344828
19684 0.0344828
17131 0.0344828
15295 0.0344828
14398 0.0344828
14138 0.0344828
13060 0.0344828
11412 0.0344828
11010 0.0344828
10689 0.0344828
9572 0.0344828
4870 0.0344828
783 0.0344828
14142 0.03125
10480 0.03125
9957 0.03125
39118 0.030303
37670 0.030303
34768 0.030303
32427 0.030303
4918 0.030303
38715 0.0185185
32329 0.0185185
28810 0.0185185
22942 0.0185185
20719 0.0185185
20550 0.0185185
13756 0.0185185
12681 0.0185185
6016 0.0185185
40980 0
40979 0
40978 0
40977 0
40976 0
40975 0
40974 0
40973 0
40972 0
40971 0
40970 0
40969 0
40968 0
40967 0
40966 0
40965 0
40964 0
40963 0
40962 0
40961 0
40960 0
40959 0
40958 0
40957 0
40956 0
40955 0
40954 0
40953 0
40952 0
40951 0
40949 0
40948 0
40947 0
40946 0
40945 0
40944 0
40943 0
40942 0
40941 0
40940 0
40939 0
40938 0
40937 0
40936 0
40935 0
40934 0
40933 0
40932 0
40931 0
40930 0
40929 0
40928 0
40927 0
40926 0
40925 0
40924 0
40923 0
40922 0
40921 0
40920 0
40919 0
40918 0
40917 0
40916 0
40915 0
40914 0
40913 0
40912 0
40911 0
40910 0
40909 0
40908 0
40907 0
40906 0
40905 0
40904 0
40903 0
40902 0
40901 0
40900 0
40899 0
40898 0
40897 0
40896 0
40895 0
40894 0
40893 0
40892 0
40891 0
40890 0
40889 0
40888 0
40887 0
40886 0
40885 0
40884 0
40883 0
40881 0
40880 0
40879 0
40878 0
40877 0
40876 0
40875 0
40874 0
40873 0
40872 0
40871 0
40870 0
40869 0
40868 0
40867 0
40866 0
40865 0
40864 0
40863 0
40862 0
40861 0
40860 0
40859 0
40858 0
40857 0
40856 0
40855 0
40854 0
40853 0
40852 0
40851 0
40850 0
