3890 4.33368
5237 3.33635
18619 3.03175
40039 3.02971
24568 3.02971
19601 1.9897
37404 1.40954
37298 1.37779
12486 1.02976
29621 0.942077
38321 0.839697
18322 0.7
10370 0.649635
27607 0.623824
30187 0.613034
19919 0.613034
12269 0.576587
24639 0.561125
7222 0.482875
2656 0.482875
35396 0.480556
28727 0.411858
19942 0.411858
5287 0.378585
32308 0.355556
31301 0.355556
11450 0.290079
11401 0.290079
33664 0.25
23150 0.25
10923 0.25
5214 0.25
8699 0.201923
21867 0.2
11636 0.2
28869 0.166667
24414 0.166667
24106 0.166667
23696 0.166667
9665 0.166667
36491 0.142857
28776 0.142857
20249 0.142857
2106 0.142857
39040 0.125
24156 0.125
7046 0.125
3527 0.125
1616 0.125
38453 0.112222
18738 0.112222
7836 0.112222
5881 0.112222
3387 0.112222
22226 0.111111
5525 0.111111
28444 0.0833333
26892 0.0833333
23014 0.0833333
3319 0.0833333
2249 0.0833333
32449 0.05
27953 0.05
26909 0.05
21999 0.05
13573 0.05
10398 0.05
9744 0.05
5305 0.05
38906 0.0434783
25780 0.0434783
25668 0.0434783
25155 0.0434783
24825 0.0434783
24740 0.0434783
24002 0.0434783
19032 0.0434783
17696 0.0434783
16968 0.0434783
16789 0.0434783
15231 0.0434783
12986 0.0434783
11173 0.0434783
7641 0.0434783
6563 0.0434783
40281 0.0416667
30687 0.04
27751 0.04
17723 0.04
220 0.04
40260 0.0222222
39346 0.0222222
38752 0.0222222
36008 0.0222222
32293 0.0222222
32228 0.0222222
31431 0.0222222
31039 0.0222222
29488 0.0222222
29083 0.0222222
28621 0.0222222
27886 0.0222222
25727 0.0222222
23744 0.0222222
22369 0.0222222
20945 0.0222222
20760 0.0222222
17214 0.0222222
14472 0.0222222
14130 0.0222222
12394 0.0222222
10983 0.0222222
7540 0.0222222
7391 0.0222222
1672 0.0222222
1316 0.0222222
919 0.0222222
52 0.0222222
40967 0.0204082
40582 0.0204082
39242 0.0204082
39102 0.0204082
37372 0.0204082
37184 0.0204082
36963 0.0204082
36878 0.0204082
36473 0.0204082
35691 0.0204082
34433 0.0204082
33362 0.0204082
33185 0.0204082
33137 0.0204082
32661 0.0204082
32494 0.0204082
32383 0.0204082
31887 0.0204082
27963 0.0204082
23555 0.0204082
22785 0.0204082
22674 0.0204082
17770 0.0204082
17715 0.0204082
17175 0.0204082
16517 0.0204082
14726 0.0204082
14166 0.0204082
13735 0.0204082
12054 0.0204082
11054 0.0204082
10751 0.0204082
9773 0.0204082
9540 0.0204082
5691 0.0204082
5198 0.0204082
5151 0.0204082
2840 0.0204082
2483 0.0204082
1642 0.0204082
1456 0.0204082
1068 0.0204082
939 0.0204082
40980 0
40979 0
40978 0
40977 0
40976 0
40975 0
40974 0
40973 0
40972 0
40971 0
40970 0
40969 0
40968 0
40966 0
40965 0
40964 0
40963 0
40962 0
40961 0
40960 0
40959 0
40958 0
40957 0
40956 0
40955 0
40954 0
40953 0
40952 0
40951 0
40950 0
40949 0
40948 0
40947 0
40946 0
40945 0
40944 0
40943 0
40942 0
40941 0
40940 0
40939 0
40938 0
40937 0
40936 0
40935 0
40934 0
40933 0
40932 0
40931 0
40930 0
40929 0
40928 0
40927 0
40926 0
40925 0
40924 0
40923 0
40922 0
40921 0
40920 0
40919 0
40918 0
40917 0
40916 0
40915 0
40914 0
40913 0
40912 0
40911 0
40910 0
40909 0
40908 0
40907 0
40906 0
40905 0
40904 0
40903 0
40902 0
40901 0
40900 0
40899 0
40898 0
40897 0
40896 0
40895 0
40894 0
40893 0
40892 0
40891 0
40890 0
40889 0
40888 0
40887 0
40886 0
40885 0
40884 0
40883 0
40882 0
40881 0
40880 0
40879 0
40878 0
40877 0
40876 0
40875 0
40874 0
40873 0
40872 0
40871 0
40870 0
40869 0
40868 0
40867 0
40866 0
40865 0
40864 0
40863 0
40862 0
40861 0
40860 0
40859 0
40858 0
40857 0
40856 0
40855 0
40854 0
40853 0
40852 0
40851 0
40850 0
40849 0
40848 0
40847 0
40846 0
40845 0
40844 0
40843 0
40842 0
40841 0
40840 0
40839 0
40838 0
40837 0
40836 0
40835 0
40834 0
40833 0
40832 0
40831 0
40830 0
40829 0
40828 0
40827 0
40826 0
40825 0
40824 0
40823 0
40822 0
40821 0
40820 0
40819 0
40818 0
40817 0
40816 0
40815 0
40814 0
40813 0
40812 0
40811 0
40810 0
40809 0
40808 0
40807 0
40806 0
40805 0
40804 0
40803 0
40802 0
40801 0
40800 0
40799 0
40798 0
40797 0
40796 0
40795 0
40794 0
40793 0
40792 0
40791 0
40790 0
40789 0
40788 0
40787 0
40786 0
40785 0
40784 0
40783 0
40782 0
40781 0
40780 0
40779 0
40778 0
40777 0
40776 0
40775 0
40774 0
40773 0
40772 0
40771 0
40770 0
40769 0
40768 0
40767 0
40766 0
40765 0
40764 0
40763 0
40762 0
40761 0
40760 0
40759 0
40758 0
40757 0
40756 0
40755 0
40754 0
40753 0
40752 0
40751 0
40750 0
40749 0
40748 0
40747 0
40746 0
40745 0
40744 0
40743 0
40742 0
40741 0
40740 0
40739 0
40738 0
40737 0
40736 0
40735 0
40734 0
40733 0
40732 0
40731 0
40730 0
40729 0
40728 0
40727 0
40726 0
40725 0
40724 0
40723 0
40722 0
40721 0
40720 0
40719 0
40718 0
40717 0
40716 0
40715 0
40714 0
40713 0
40712 0
40711 0
40710 0
40709 0
40708 0
40707 0
40706 0
40705 0
40704 0
40703 0
40702 0
40701 0
40700 0
40699 0
40698 0
40697 0
40696 0
40695 0
40694 0
40693 0
40692 0
40691 0
40690 0
40689 0
40688 0
40687 0
40686 0
40685 0
40684 0
40683 0
40682 0
40681 0
40680 0
40679 0
40678 0
40677 0
40676 0
40675 0
40674 0
40673 0
40672 0
40671 0
40670 0
40669 0
40668 0
40667 0
40666 0
40665 0
40664 0
40663 0
40662 0
40661 0
40660 0
40659 0
40658 0
40657 0
40656 0
40655 0
40654 0
40653 0
40652 0
40651 0
40650 0
40649 0
40648 0
40647 0
40646 0
40645 0
40644 0
40643 0
40642 0
40641 0
