32885 2.07322
24597 1.22721
10825 0.773838
27862 0.644156
13432 0.575
39863 0.556061
10523 0.513217
10298 0.472222
19608 0.433546
5638 0.383333
37855 0.333333
37236 0.333333
27815 0.333333
37885 0.318878
29739 0.318878
19790 0.318878
13080 0.3125
39232 0.300505
1975 0.264394
26287 0.25
22049 0.25
20409 0.248217
15592 0.248217
12466 0.223824
40131 0.206046
37779 0.206046
36344 0.166667
36782 0.162727
1741 0.162727
28476 0.125
20943 0.125
9732 0.125
5952 0.125
31079 0.124722
30714 0.124722
27185 0.124722
23335 0.124722
9353 0.124722
39917 0.116378
38552 0.116378
20645 0.116378
19670 0.116378
14276 0.116378
14217 0.116378
36353 0.111111
18772 0.111111
4490 0.111111
32363 0.0714286
23684 0.0625
22608 0.0625
7833 0.0625
33616 0.0588235
32933 0.0588235
22214 0.0588235
12483 0.0588235
8934 0.0588235
2197 0.0588235
808 0.0588235
37176 0.0416667
35925 0.0416667
35287 0.0416667
25865 0.0416667
21810 0.0416667
19141 0.0416667
16791 0.0416667
13467 0.0416667
13341 0.0416667
11836 0.0416667
10006 0.0416667
8508 0.0416667
5920 0.0416667
5693 0.0416667
3494 0.0416667
1204 0.0416667
1135 0.0416667
186 0.0416667
40386 0.04
34433 0.04
33185 0.04
27963 0.04
27567 0.04
23887 0.04
17715 0.04
1642 0.04
38702 0.0227273
37711 0.0227273
37068 0.0227273
34725 0.0227273
33580 0.0227273
33216 0.0227273
32916 0.0227273
32814 0.0227273
31946 0.0227273
30054 0.0227273
30011 0.0227273
27623 0.0227273
25955 0.0227273
25611 0.0227273
21134 0.0227273
19843 0.0227273
18748 0.0227273
11984 0.0227273
8261 0.0227273
6697 0.0227273
5886 0.0227273
40713 0.0222222
39900 0.0222222
37337 0.0222222
36950 0.0222222
33066 0.0222222
33019 0.0222222
30340 0.0222222
29931 0.0222222
27585 0.0222222
25584 0.0222222
24652 0.0222222
23521 0.0222222
22652 0.0222222
21491 0.0222222
20548 0.0222222
18068 0.0222222
18011 0.0222222
15892 0.0222222
14421 0.0222222
11269 0.0222222
7757 0.0222222
3892 0.0222222
40980 0
40979 0
40978 0
40977 0
40976 0
40975 0
40974 0
40973 0
40972 0
40971 0
40970 0
40969 0
40968 0
40967 0
40966 0
40965 0
40964 0
40963 0
40962 0
40961 0
40960 0
40959 0
40958 0
40957 0
40956 0
40955 0
40954 0
40953 0
40952 0
40951 0
40950 0
40949 0
40948 0
40947 0
40946 0
40945 0
40944 0
40943 0
40942 0
40941 0
40940 0
40939 0
40938 0
40937 0
40936 0
40935 0
40934 0
40933 0
40932 0
40931 0
40930 0
40929 0
40928 0
40927 0
40926 0
40925 0
40924 0
40923 0
40922 0
40921 0
40920 0
40919 0
40918 0
40917 0
40916 0
40915 0
40914 0
40913 0
40912 0
40911 0
40910 0
40909 0
40908 0
40907 0
40906 0
40905 0
40904 0
40903 0
40902 0
40901 0
40900 0
40899 0
40898 0
40897 0
40896 0
40895 0
40894 0
40893 0
40892 0
40891 0
40890 0
40889 0
40888 0
40887 0
40886 0
40885 0
40884 0
40883 0
40882 0
40881 0
40880 0
40879 0
40878 0
40877 0
40876 0
40875 0
40874 0
40873 0
40872 0
40871 0
40870 0
40869 0
40868 0
40867 0
40866 0
40865 0
40864 0
40863 0
40862 0
40861 0
40860 0
40859 0
40858 0
40857 0
40856 0
40855 0
40854 0
40853 0
40852 0
40851 0
40850 0
40849 0
40848 0
40847 0
40846 0
40845 0
40844 0
40843 0
40842 0
40841 0
40840 0
40839 0
40838 0
40837 0
40836 0
40835 0
40834 0
40833 0
40832 0
40831 0
40830 0
40829 0
40828 0
40827 0
40826 0
40825 0
40824 0
40823 0
40822 0
40821 0
40820 0
40819 0
40818 0
40817 0
40816 0
40815 0
40814 0
40813 0
40812 0
40811 0
40810 0
40809 0
40808 0
40807 0
40806 0
40805 0
40804 0
40803 0
40802 0
40801 0
40800 0
40799 0
40798 0
40797 0
40796 0
40795 0
40794 0
40793 0
40792 0
40791 0
40790 0
40789 0
40788 0
40787 0
40786 0
40785 0
40784 0
40783 0
40782 0
40781 0
40780 0
40779 0
40778 0
40777 0
40776 0
40775 0
40774 0
40773 0
40772 0
40771 0
40770 0
40769 0
40768 0
40767 0
40766 0
40765 0
40764 0
40763 0
40762 0
40761 0
40760 0
40759 0
40758 0
40757 0
40756 0
40755 0
40754 0
40753 0
40752 0
40751 0
40750 0
40749 0
40748 0
40747 0
40746 0
40745 0
40744 0
40743 0
40742 0
40741 0
40740 0
40739 0
40738 0
40737 0
40736 0
40735 0
40734 0
40733 0
40732 0
40731 0
40730 0
40729 0
40728 0
40727 0
40726 0
40725 0
40724 0
40723 0
40722 0
40721 0
40720 0
40719 0
40718 0
40717 0
40716 0
40715 0
40714 0
40712 0
40711 0
40710 0
40709 0
40708 0
40707 0
40706 0
40705 0
40704 0
40703 0
40702 0
40701 0
40700 0
40699 0
40698 0
40697 0
40696 0
40695 0
40694 0
40693 0
40692 0
40691 0
40690 0
40689 0
40688 0
40687 0
40686 0
40685 0
40684 0
40683 0
40682 0
40681 0
40680 0
40679 0
40678 0
40677 0
40676 0
40675 0
40674 0
40673 0
40672 0
40671 0
40670 0
40669 0
40668 0
40667 0
40666 0
40665 0
40664 0
40663 0
40662 0
40661 0
40660 0
40659 0
40658 0
40657 0
40656 0
40655 0
40654 0
40653 0
40652 0
40651 0
40650 0
40649 0
40648 0
40647 0
40646 0
40645 0
40644 0
40643 0
40642 0
40641 0
40640 0
40639 0
40638 0
40637 0
40636 0
40635 0
40634 0
40633 0
40632 0
40631 0
40630 0
40629 0
40628 0
40627 0
40626 0
40625 0
40624 0
40623 0
40622 0
40621 0
40620 0
40619 0
40618 0
40617 0
40616 0
40615 0
40614 0
40613 0
40612 0
40611 0
40610 0
40609 0
40608 0
40607 0
