31329 33.22
25242 20.2476
232 18.8182
17037 10.4216
1757 8.12735
12748 6.81956
3131 5.5585
24787 5.23971
27595 5.12425
19995 4.45999
23843 4.14033
35866 3.98738
3228 3.90623
20047 3.68335
21450 3.61832
8737 3.61787
2359 3.41808
2046 3.30684
15403 3.19303
19032 3.16407
37973 3.14529
33242 3.05826
1061 2.98053
30792 2.9476
23753 2.93054
7955 2.91626
2028 2.90949
14109 2.89839
20250 2.87674
38763 2.83793
30398 2.82617
19072 2.78503
33297 2.73414
18328 2.70226
23696 2.66907
34768 2.54629
15148 2.47187
37484 2.45438
15616 2.33456
24841 2.0828
39901 2.07593
32630 1.96927
22594 1.90327
11592 1.831
12042 1.79341
1361 1.76621
27799 1.76331
28805 1.69521
3165 1.66069
35012 1.59176
10405 1.57875
23858 1.57129
31097 1.55307
23332 1.5355
12980 1.52829
26019 1.49431
21723 1.48904
3027 1.47191
6627 1.4688
4906 1.46299
34418 1.45805
39959 1.38715
34532 1.37415
19244 1.36132
2560 1.35643
4703 1.31017
18279 1.24797
10957 1.24797
31562 1.24772
8665 1.23973
10008 1.23649
35529 1.19232
35814 1.16793
28167 1.13601
8798 1.13601
24776 1.12662
15378 1.12247
3593 1.12061
25896 1.11788
32885 1.11391
37352 1.10971
13974 1.09765
27234 1.09765
8672 1.07676
39963 1.07675
24234 1.06921
16108 1.04167
20738 1.03982
40814 1.0386
26501 1.03151
6492 1.01786
6961 0.997269
37995 0.973092
10278 0.936705
15991 0.929384
9665 0.925433
1572 0.921276
13460 0.907543
27538 0.902958
13027 0.886405
17674 0.884235
18905 0.881475
8027 0.877891
18563 0.854203
1045 0.849653
3936 0.832004
34369 0.826145
35582 0.825
32154 0.819804
30230 0.812747
7053 0.78799
10735 0.777469
40109 0.774502
31057 0.772419
12338 0.761574
16291 0.760036
24727 0.759701
37921 0.751039
22864 0.742597
17243 0.72696
32348 0.72648
8774 0.720048
21862 0.696477
29576 0.689984
32450 0.68622
29775 0.682194
22867 0.680729
26465 0.665058
5444 0.658786
17493 0.656653
20356 0.655391
14077 0.651662
36177 0.646346
17284 0.624663
18736 0.612478
36298 0.610994
10320 0.580952
18843 0.56678
21341 0.566667
32314 0.561111
40697 0.552201
20367 0.551483
18950 0.54
4286 0.533009
36511 0.532311
13635 0.527778
38096 0.527704
19771 0.523457
11648 0.523457
36886 0.517295
7961 0.516317
34559 0.515873
29223 0.515474
29872 0.514708
10107 0.50702
22666 0.505952
26089 0.505556
3389 0.504371
36696 0.493419
22683 0.470687
5894 0.469834
2373 0.464731
28925 0.459433
9562 0.452626
40023 0.451301
22756 0.44994
11783 0.44994
34427 0.449835
24353 0.446087
11761 0.445421
20689 0.435955
16406 0.432755
27766 0.430436
7227 0.429262
19992 0.426443
38163 0.413514
25497 0.412037
32924 0.406566
2814 0.404203
103 0.400433
5615 0.399473
28359 0.397473
10480 0.394444
26615 0.39442
16490 0.39442
14079 0.392857
13450 0.390818
26303 0.39
19753 0.388066
17446 0.386928
37569 0.383925
38390 0.381362
2647 0.378968
34174 0.37801
13043 0.378008
15940 0.375516
25335 0.374537
24894 0.373326
30916 0.372619
11870 0.368399
2045 0.367816
29665 0.358858
9406 0.35757
20488 0.354517
14173 0.353026
11485 0.346858
681 0.344538
14344 0.343724
25241 0.343541
3997 0.340635
14655 0.339354
40883 0.334499
21393 0.333333
24889 0.333333
22879 0.333333
21525 0.333333
3554 0.333333
1429 0.332289
22354 0.32446
7729 0.324242
7466 0.319444
33185 0.315476
17715 0.315476
29728 0.315043
23530 0.309524
33298 0.307989
7124 0.307796
14851 0.30741
18325 0.300516
16968 0.3
26837 0.29867
35336 0.297576
18838 0.292832
17192 0.291667
8480 0.285714
17301 0.284524
29505 0.281159
31301 0.278553
5693 0.278553
31152 0.273179
32620 0.268687
35109 0.266026
19095 0.263063
7041 0.262168
20956 0.260619
38193 0.259479
489 0.25885
18678 0.257576
34416 0.253653
6266 0.253653
10582 0.250897
35503 0.25
32478 0.25
28348 0.25
13308 0.25
12966 0.25
910 0.25
338 0.249524
36784 0.249206
27087 0.248148
39942 0.247697
2885 0.242819
26365 0.237816
18330 0.237198
28991 0.235653
17083 0.226656
38879 0.225
18118 0.224915
12462 0.224542
8809 0.224542
6467 0.224542
2799 0.224542
15164 0.223485
29510 0.222855
996 0.222222
543 0.219564
25337 0.218855
30793 0.216093
15674 0.215901
36035 0.215451
8160 0.214857
32180 0.213502
26601 0.21267
13196 0.21131
15854 0.211113
559 0.2042
18425 0.203541
17351 0.203294
36126 0.201548
32849 0.201113
33025 0.2
32990 0.2
28091 0.2
23992 0.2
22668 0.2
20587 0.2
18313 0.2
743 0.2
28474 0.198934
1075 0.198934
32098 0.19824
29242 0.197966
1048 0.197966
34152 0.197244
18788 0.197244
9712 0.191671
34178 0.191667
5321 0.189158
35951 0.188829
16639 0.178122
25209 0.176749
27063 0.175132
17753 0.174208
11708 0.174208
5158 0.174018
27943 0.168016
430 0.168016
1424 0.167015
33387 0.166667
31414 0.166667
29187 0.166667
27079 0.166667
24825 0.166667
23462 0.166667
20273 0.166667
17440 0.166667
2604 0.166667
31761 0.16387
14771 0.163462
29013 0.162527
14805 0.161998
848 0.161224
2929 0.158459
31710 0.158336
13805 0.154278
1765 0.151416
3028 0.150251
17312 0.148606
17277 0.148606
22711 0.146795
32722 0.143052
18809 0.143052
8161 0.142948
31509 0.142857
19430 0.142857
17687 0.142857
7938 0.142857
1642 0.142857
728 0.142857
2318 0.141608
15334 0.138701
29363 0.138699
38800 0.138552
16789 0.137619
39184 0.133383
35786 0.133047
24228 0.129167
23362 0.127315
24678 0.125916
52 0.125916
1486 0.125899
32801 0.125
30417 0.125
28602 0.125
27926 0.125
20003 0.125
19288 0.125
14289 0.125
13194 0.125
9561 0.125
6592 0.125
152 0.125
23519 0.124209
16996 0.124209
8276 0.124209
16153 0.120408
37793 0.119254
10512 0.115801
9405 0.115801
28345 0.114483
23639 0.112852
1508 0.11232
36881 0.112211
12492 0.112211
37523 0.111111
34716 0.111111
28775 0.111111
28773 0.111111
21683 0.111111
21005 0.111111
12593 0.111111
10011 0.111111
8038 0.111111
4998 0.111111
40043 0.110556
14469 0.107926
2091 0.107223
21855 0.105964
9161 0.104815
20906 0.103624
13615 0.103624
32641 0.102444
28552 0.100952
11453 0.100952
12764 0.100284
12357 0.100075
35662 0.1
31036 0.1
8470 0.1
28269 0.0973111
39962 0.0910076
17401 0.0910076
39742 0.0909091
34459 0.0909091
33782 0.0909091
32857 0.0909091
29825 0.0909091
28818 0.0909091
24812 0.0909091
11031 0.0909091
2356 0.0906933
27129 0.090558
2554 0.0901629
30892 0.089342
19194 0.089342
29122 0.0881814
3731 0.0864703
513 0.0864703
27555 0.0845919
11374 0.0845919
34737 0.0833333
22090 0.0833333
39092 0.0808469
19179 0.0808469
2354 0.0804147
5758 0.0798755
6845 0.0784068
6291 0.0784068
20757 0.0769541
31946 0.0769231
24694 0.0769231
3546 0.0769231
1532 0.074078
15769 0.0714286
6644 0.0714286
28321 0.0703704
20730 0.0701211
32731 0.0682894
12210 0.0682894
39947 0.0666667
37923 0.0666667
35346 0.0666667
35317 0.0666667
28384 0.0666667
27989 0.0666667
11080 0.0666667
6838 0.0666667
6446 0.0666667
2767 0.0666667
110 0.0666667
32696 0.0657213
40073 0.0642024
15764 0.0625
10961 0.0625
31213 0.0596668
40500 0.0588235
34119 0.0588235
31066 0.0588235
14878 0.0588235
13507 0.0588235
9170 0.0588235
8662 0.0588235
35556 0.0555556
32433 0.0555556
14300 0.0555556
9916 0.0555556
24838 0.0540811
10815 0.0529669
14766 0.0526316
6101 0.0526316
595 0.0526316
31841 0.05
28941 0.05
28933 0.05
16955 0.05
3471 0.05
25028 0.0498188
39760 0.0494243
11527 0.0494243
37618 0.047619
29690 0.047619
27963 0.047619
26621 0.047619
23879 0.047619
23724 0.047619
21536 0.047619
21143 0.047619
20512 0.047619
18032 0.047619
5665 0.047619
