987 25.2221
36011 10.2128
17430 7.98333
10812 6.97028
19386 5.27514
25701 3.7983
22594 3.69093
1194 3.47573
4682 2.94525
20002 2.92257
7510 2.76869
24297 2.57724
36923 2.18758
21265 2.13652
12938 2.04548
19795 1.88678
15770 1.70214
8642 1.69376
2165 1.65781
9735 1.61746
5418 1.49855
24951 1.46501
39255 1.4417
26939 1.35405
20784 1.29773
9137 1.275
1173 1.275
17361 1.2571
9914 1.25029
35789 1.20861
8080 1.20385
16024 1.20077
8180 1.19924
673 1.1764
38437 1.09774
30888 1.09692
33373 1.05311
33441 0.997738
5291 0.97381
20703 0.945182
32050 0.919358
20696 0.91758
31753 0.888005
441 0.876392
28723 0.874553
23843 0.858492
6026 0.77071
36360 0.751104
7030 0.75
14821 0.73978
38992 0.703882
16420 0.700704
40834 0.694444
29436 0.689087
22965 0.664966
8059 0.652358
38034 0.560415
21587 0.55699
1183 0.542338
10923 0.539632
38872 0.537606
11512 0.535714
6146 0.499181
7281 0.492115
33914 0.448771
2432 0.448771
23936 0.430556
8672 0.429325
23724 0.423611
34563 0.410934
6837 0.410401
1687 0.40625
23823 0.401923
16145 0.352778
32869 0.352292
14100 0.350733
12516 0.344444
14856 0.333333
76 0.333333
23376 0.329004
10968 0.3125
11369 0.291764
10428 0.28228
1974 0.28228
21356 0.277778
24419 0.25
23674 0.25
19611 0.25
19285 0.25
16938 0.25
6732 0.25
15398 0.243687
26279 0.243519
6662 0.238095
18225 0.236984
18918 0.229167
7829 0.226984
36188 0.223769
22302 0.222381
34806 0.218824
16243 0.218824
33509 0.214581
31438 0.214581
31301 0.213141
39095 0.212928
15856 0.208965
39135 0.2
10959 0.2
29151 0.199356
39464 0.185859
16568 0.185131
14650 0.185131
6270 0.185131
1308 0.181019
15188 0.180415
38543 0.17328
6442 0.17328
5562 0.17328
30479 0.171472
40340 0.166667
24532 0.166667
22740 0.166667
22146 0.166667
19706 0.166667
17480 0.166667
13571 0.166667
10678 0.166667
8703 0.166667
6150 0.166667
4850 0.166667
14786 0.145137
34550 0.142857
33195 0.142857
25662 0.142857
16411 0.142857
16292 0.142857
15400 0.142857
10745 0.142857
3312 0.142857
1704 0.142857
14374 0.137647
5942 0.134087
26670 0.128882
35630 0.128663
31468 0.126488
24757 0.125
7043 0.125
16258 0.121482
34443 0.115079
28068 0.115079
2605 0.112215
28954 0.111111
22739 0.111111
22109 0.111111
6629 0.111111
29994 0.110476
37880 0.1
28071 0.1
22919 0.1
1580 0.1
34037 0.0995169
32390 0.0972947
7992 0.0972947
37889 0.0909091
36283 0.0909091
19928 0.0909091
18013 0.0909091
17125 0.0909091
16203 0.0909091
3466 0.0909091
25697 0.0839143
23220 0.0839143
39842 0.0833333
38774 0.0833333
29751 0.0833333
23696 0.0833333
17627 0.0833333
15471 0.0833333
9665 0.0833333
8174 0.0833333
24743 0.079946
6695 0.079946
4253 0.079946
10446 0.0769231
8915 0.0769231
8213 0.0769231
7445 0.0769231
26881 0.0742113
13311 0.0742113
32149 0.0714286
25555 0.0714286
23984 0.0714286
2377 0.0714286
34524 0.0666667
17808 0.0625
2409 0.0625
39681 0.0600384
31334 0.0600384
15062 0.0600384
35536 0.0588235
33502 0.0588235
637 0.0588235
35391 0.0555556
37644 0.0526316
12359 0.0526316
5248 0.0526316
36958 0.0511767
20921 0.0511767
10241 0.0511767
7985 0.0511767
2110 0.0511767
908 0.0511767
39351 0.05
29708 0.05
20167 0.05
18328 0.05
6278 0.05
2917 0.05
37924 0.047619
25271 0.047619
7148 0.047619
581 0.047619
2508 0.0434783
3991 0.0357143
34660 0.03125
30225 0.03125
18298 0.03125
39309 0.030303
18609 0.030303
12740 0.030303
11603 0.030303
9107 0.030303
8526 0.030303
5219 0.0277778
21903 0.025641
17634 0.025641
13337 0.025641
12695 0.025641
8027 0.025641
3018 0.025641
37263 0.0238095
28025 0.0238095
17452 0.0238095
2407 0.0238095
51 0.0238095
21154 0.0217391
4998 0.0217391
38523 0.02
33008 0.02
24488 0.02
17890 0.02
16846 0.02
16686 0.02
14999 0.02
12175 0.02
39356 0.0185185
38089 0.0185185
35394 0.0185185
32579 0.0185185
32553 0.0185185
31430 0.0185185
31342 0.0185185
29829 0.0185185
25757 0.0185185
18075 0.0185185
35949 0.0126582
34796 0.0126582
30308 0.0126582
23345 0.0126582
21192 0.0126582
16973 0.0126582
11337 0.0126582
40980 0
40979 0
40978 0
40977 0
40976 0
40975 0
40974 0
40973 0
40972 0
40971 0
40970 0
40969 0
40968 0
40967 0
40966 0
40965 0
40964 0
40963 0
40962 0
40961 0
40960 0
40959 0
40958 0
40957 0
40956 0
40955 0
40954 0
40953 0
40952 0
40951 0
40950 0
40949 0
40948 0
40947 0
40946 0
40945 0
40944 0
40943 0
40942 0
40941 0
40940 0
40939 0
40938 0
40937 0
40936 0
40935 0
40934 0
40933 0
40932 0
40931 0
40930 0
40929 0
40928 0
40927 0
40926 0
40925 0
40924 0
40923 0
40922 0
40921 0
40920 0
40919 0
40918 0
40917 0
40916 0
40915 0
40914 0
40913 0
40912 0
40911 0
40910 0
40909 0
40908 0
40907 0
40906 0
40905 0
40904 0
40903 0
40902 0
40901 0
40900 0
40899 0
40898 0
40897 0
40896 0
40895 0
40894 0
40893 0
40892 0
40891 0
40890 0
40889 0
40888 0
40887 0
40886 0
40885 0
40884 0
40883 0
40882 0
40881 0
40880 0
40879 0
40878 0
40877 0
40876 0
40875 0
40874 0
40873 0
40872 0
40871 0
40870 0
40869 0
40868 0
40867 0
40866 0
40865 0
40864 0
40863 0
40862 0
40861 0
40860 0
40859 0
40858 0
40857 0
40856 0
40855 0
40854 0
40853 0
40852 0
40851 0
40850 0
40849 0
40848 0
40847 0
40846 0
40845 0
40844 0
40843 0
40842 0
40841 0
40840 0
40839 0
40838 0
40837 0
40836 0
40835 0
40833 0
40832 0
40831 0
40830 0
40829 0
40828 0
40827 0
40826 0
40825 0
40824 0
40823 0
40822 0
40821 0
40820 0
40819 0
40818 0
40817 0
40816 0
40815 0
40814 0
40813 0
40812 0
40811 0
40810 0
40809 0
40808 0
40807 0
40806 0
40805 0
40804 0
40803 0
40802 0
40801 0
40800 0
40799 0
40798 0
40797 0
40796 0
40795 0
40794 0
40793 0
40792 0
40791 0
40790 0
40789 0
40788 0
40787 0
40786 0
40785 0
40784 0
40783 0
40782 0
40781 0
40780 0
40779 0
40778 0
40777 0
40776 0
40775 0
40774 0
40773 0
40772 0
40771 0
40770 0
40769 0
40768 0
40767 0
40766 0
40765 0
40764 0
40763 0
40762 0
40761 0
40760 0
40759 0
40758 0
40757 0
40756 0
40755 0
40754 0
40753 0
40752 0
