34488 8.0666
28776 5.89702
14163 2.14529
33265 2.05568
7264 1.76177
38919 1.63918
35863 1.38985
34939 1.27619
40503 1.26145
40341 1.19091
8876 0.945197
8114 0.916667
36222 0.895238
2922 0.839418
22197 0.809524
39763 0.759007
27367 0.716667
22548 0.705724
19427 0.705724
9960 0.67619
24005 0.671561
33975 0.592857
15250 0.588526
13687 0.541667
14946 0.517857
31657 0.517796
30818 0.517796
18049 0.517796
7491 0.517796
21608 0.51619
32011 0.513228
10249 0.5
13154 0.488095
39153 0.487037
33097 0.475
14852 0.466667
21604 0.410714
13787 0.403704
21261 0.386447
39976 0.386097
38449 0.382857
15441 0.382576
14656 0.359524
19629 0.344007
36318 0.333333
29335 0.333333
19343 0.333333
17987 0.333333
13852 0.333333
10464 0.333333
5438 0.333333
3114 0.333333
40407 0.306667
10082 0.287623
9789 0.287623
22254 0.279894
10211 0.279221
23835 0.268249
37727 0.259463
34386 0.259463
28596 0.25
27287 0.25
23387 0.25
9886 0.25
8981 0.25
3306 0.25
2012 0.25
7805 0.239057
36964 0.208725
31922 0.208725
25972 0.2
37084 0.189669
27638 0.189669
11452 0.189669
28700 0.168411
16084 0.167946
37918 0.166667
34630 0.166667
32585 0.166667
26760 0.166667
25018 0.166667
21693 0.166667
18158 0.166667
14241 0.166667
8975 0.166667
324 0.166667
38174 0.162037
35699 0.162037
29438 0.1525
4557 0.1525
3878 0.148086
2568 0.148086
33668 0.144992
30111 0.144992
21015 0.144992
14251 0.142948
14105 0.142948
7323 0.142948
38875 0.142857
24292 0.142857
24259 0.142857
23837 0.142857
23782 0.142857
22701 0.142857
20237 0.142857
19496 0.142857
18703 0.142857
15977 0.142857
15684 0.142857
15310 0.142857
8257 0.142857
7049 0.142857
4786 0.142857
2115 0.142857
1158 0.142857
13083 0.129669
22280 0.125
10670 0.125
9721 0.125
11021 0.116149
5798 0.116149
14866 0.111111
3244 0.111111
34956 0.1
32608 0.1
31284 0.1
5181 0.1
4132 0.1
2325 0.1
2308 0.1
37975 0.0909091
35572 0.0909091
28751 0.0909091
22968 0.0909091
18901 0.0909091
16210 0.0909091
7856 0.0909091
6606 0.0909091
4740 0.0909091
1403 0.0909091
12432 0.0769231
36829 0.0714286
33082 0.0714286
31573 0.0714286
25898 0.0714286
11762 0.0714286
9333 0.0714286
7815 0.0714286
35549 0.0625
33431 0.0625
26489 0.0625
26081 0.0625
16896 0.0625
319 0.0625
23416 0.0526316
21220 0.0526316
17814 0.0526316
14830 0.0526316
438 0.0526316
36777 0.05
35491 0.05
20262 0.05
36956 0.0454545
33845 0.0454545
31215 0.0454545
24071 0.0454545
21014 0.0454545
16666 0.0454545
11027 0.0454545
3685 0.0454545
3396 0.0454545
1933 0.0454545
552 0.0454545
39156 0.0416667
24359 0.0416667
23047 0.0416667
20340 0.0416667
15119 0.0416667
13392 0.0416667
9464 0.0416667
28858 0.04
28694 0.04
25141 0.04
25092 0.04
15439 0.04
11519 0.04
7317 0.04
1093 0.04
40169 0.037037
36020 0.037037
35197 0.037037
32372 0.037037
32006 0.037037
30341 0.037037
27871 0.037037
27235 0.037037
24737 0.037037
24548 0.037037
23265 0.037037
23115 0.037037
22082 0.037037
17693 0.037037
13539 0.037037
10132 0.037037
6765 0.037037
4662 0.037037
810 0.037037
37377 0.0344828
24015 0.0344828
23712 0.0344828
23652 0.0344828
19312 0.0344828
15906 0.0344828
14835 0.0344828
12024 0.0344828
6594 0.0344828
3584 0.0344828
40980 0
40979 0
40978 0
40977 0
40976 0
40975 0
40974 0
40973 0
40972 0
40971 0
40970 0
40969 0
40968 0
40967 0
40966 0
40965 0
40964 0
40963 0
40962 0
40961 0
40960 0
40959 0
40958 0
40957 0
40956 0
40955 0
40954 0
40953 0
40952 0
40951 0
40950 0
40949 0
40948 0
40947 0
40946 0
40945 0
40944 0
40943 0
40942 0
40941 0
40940 0
40939 0
40938 0
40937 0
40936 0
40935 0
40934 0
40933 0
40932 0
40931 0
40930 0
40929 0
40928 0
40927 0
40926 0
40925 0
40924 0
40923 0
40922 0
40921 0
40920 0
40919 0
40918 0
40917 0
40916 0
40915 0
40914 0
40913 0
40912 0
40911 0
40910 0
40909 0
40908 0
40907 0
40906 0
40905 0
40904 0
40903 0
40902 0
40901 0
40900 0
40899 0
40898 0
40897 0
40896 0
40895 0
40894 0
40893 0
40892 0
40891 0
40890 0
40889 0
40888 0
40887 0
40886 0
40885 0
40884 0
40883 0
40882 0
40881 0
40880 0
40879 0
40878 0
40877 0
40876 0
40875 0
40874 0
40873 0
40872 0
40871 0
40870 0
40869 0
40868 0
40867 0
40866 0
40865 0
40864 0
40863 0
40862 0
40861 0
40860 0
40859 0
40858 0
40857 0
40856 0
40855 0
40854 0
40853 0
40852 0
40851 0
40850 0
40849 0
40848 0
40847 0
40846 0
40845 0
40844 0
40843 0
40842 0
40841 0
40840 0
40839 0
40838 0
40837 0
40836 0
40835 0
40834 0
40833 0
40832 0
40831 0
40830 0
40829 0
40828 0
40827 0
40826 0
40825 0
40824 0
40823 0
40822 0
40821 0
40820 0
40819 0
40818 0
40817 0
40816 0
40815 0
40814 0
40813 0
40812 0
40811 0
40810 0
40809 0
40808 0
40807 0
40806 0
40805 0
40804 0
40803 0
40802 0
40801 0
40800 0
40799 0
40798 0
40797 0
40796 0
40795 0
40794 0
40793 0
40792 0
40791 0
40790 0
40789 0
40788 0
40787 0
40786 0
40785 0
40784 0
40783 0
40782 0
40781 0
40780 0
40779 0
40778 0
40777 0
40776 0
40775 0
40774 0
40773 0
40772 0
40771 0
40770 0
40769 0
40768 0
40767 0
40766 0
40765 0
40764 0
40763 0
40762 0
40761 0
40760 0
40759 0
40758 0
40757 0
40756 0
40755 0
40754 0
40753 0
40752 0
40751 0
40750 0
40749 0
40748 0
40747 0
40746 0
40745 0
40744 0
40743 0
40742 0
40741 0
40740 0
40739 0
40738 0
40737 0
40736 0
40735 0
40734 0
40733 0
40732 0
40731 0
40730 0
40729 0
40728 0
40727 0
40726 0
40725 0
40724 0
40723 0
40722 0
40721 0
40720 0
40719 0
40718 0
40717 0
40716 0
40715 0
40714 0
40713 0
40712 0
40711 0
40710 0
40709 0
40708 0
40707 0
40706 0
40705 0
40704 0
40703 0
40702 0
40701 0
40700 0
40699 0
40698 0
