23843 2.7911
14543 1.57785
11270 1.30723
7025 1.1723
18428 1.06676
40882 1.0511
10568 0.677504
19259 0.636095
4846 0.480096
16298 0.416667
32652 0.415491
27298 0.415491
4471 0.415491
12983 0.388771
2885 0.353175
36596 0.350989
36361 0.338095
8611 0.338095
34312 0.337736
24318 0.337736
38354 0.333333
16095 0.333333
25187 0.326551
33727 0.314379
28489 0.283323
1358 0.283323
225 0.281015
18088 0.263492
25885 0.263186
9423 0.263186
32620 0.25
31664 0.25
23696 0.25
16181 0.25
14534 0.25
10128 0.25
6924 0.25
3501 0.243527
29318 0.231663
15605 0.231663
16042 0.219724
12962 0.219724
15954 0.218254
35185 0.214866
38928 0.211049
15558 0.211049
13546 0.211049
9324 0.211049
38909 0.207629
37270 0.207629
25179 0.207629
13309 0.202536
1677 0.202536
36851 0.2
14759 0.2
12840 0.2
7834 0.2
7125 0.187404
20109 0.184434
12206 0.184434
2194 0.181648
19740 0.166667
18732 0.165328
6049 0.165328
3483 0.163636
31482 0.16311
30045 0.16311
26372 0.16311
22955 0.16311
191 0.16311
40342 0.142857
33841 0.142857
27926 0.142857
22711 0.142857
9825 0.142857
8419 0.142857
4472 0.142857
3409 0.142857
25132 0.129799
26754 0.127778
10335 0.127778
33233 0.125
27486 0.125
23928 0.125
5516 0.125
39824 0.115539
9491 0.115539
4689 0.115539
38281 0.111111
29437 0.111111
26172 0.111111
24902 0.111111
21019 0.111111
8237 0.111111
7478 0.111111
2618 0.111111
21712 0.110249
21323 0.110249
14138 0.110249
28331 0.109106
22095 0.109106
29401 0.108477
17173 0.105763
804 0.105322
29634 0.0995981
40006 0.0863902
36139 0.0863902
3316 0.0863902
2674 0.0863902
1514 0.0863902
26687 0.0809416
9169 0.0809416
9050 0.0809416
39640 0.0793249
38672 0.0793249
12652 0.0793249
8569 0.0793249
22418 0.0793226
15372 0.0717759
29908 0.0714286
15032 0.0666667
3929 0.0666667
560 0.0666667
30351 0.0663587
7579 0.0663587
40110 0.0660991
35016 0.0660991
34905 0.0660991
20705 0.0660991
20459 0.0660991
27245 0.0608375
9392 0.0608375
35475 0.0588235
32750 0.0588235
25259 0.0588235
34123 0.0555556
30693 0.0555556
28500 0.0555556
27863 0.0555556
24678 0.0555556
22184 0.0555556
13654 0.0555556
5821 0.0555556
5224 0.0555556
2426 0.0555556
1610 0.0555556
33301 0.05
16503 0.05
15099 0.05
13848 0.05
10765 0.05
6399 0.05
6369 0.05
762 0.05
38330 0.047619
37506 0.047619
30793 0.047619
27779 0.047619
26476 0.047619
19836 0.047619
16047 0.047619
11412 0.047619
10689 0.047619
9543 0.047619
9320 0.047619
9302 0.047619
6145 0.047619
6112 0.047619
1643 0.047619
38048 0.0454545
37211 0.0454545
27919 0.0454545
27454 0.0454545
18584 0.0454545
14398 0.0454545
10594 0.0454545
39100 0.0445998
36147 0.0445998
35792 0.0445998
35601 0.0445998
22122 0.0445998
19555 0.0445998
18933 0.0445998
14583 0.0445998
11439 0.0445998
9615 0.0445998
37878 0.037037
32031 0.037037
18520 0.037037
37498 0.0357143
36531 0.0357143
29866 0.0357143
20345 0.0357143
14395 0.0357143
40935 0.0333333
39028 0.0333333
34952 0.0333333
34520 0.0333333
33821 0.0333333
33596 0.0333333
29418 0.0333333
23701 0.0333333
21854 0.0333333
21634 0.0333333
20346 0.0333333
20049 0.0333333
19755 0.0333333
18373 0.0333333
17915 0.0333333
7876 0.0333333
5370 0.0333333
4404 0.0333333
3922 0.0333333
2547 0.0333333
1550 0.0333333
32688 0.0322581
32327 0.0322581
29551 0.0322581
23820 0.0322581
22501 0.0322581
14683 0.0322581
40389 0.030303
37729 0.030303
31902 0.030303
25993 0.030303
25375 0.030303
25076 0.030303
24406 0.030303
16979 0.030303
15659 0.030303
11434 0.030303
9583 0.030303
3920 0.030303
3750 0.030303
36461 0.0294118
32511 0.0294118
29566 0.0294118
29279 0.0294118
20000 0.0294118
15777 0.0294118
5397 0.0294118
40147 0.0285714
39336 0.0285714
38448 0.0285714
27732 0.0285714
27238 0.0285714
17258 0.0285714
15480 0.0285714
9112 0.0285714
2794 0.0285714
1129 0.0285714
34382 0.0277778
29538 0.0277778
25353 0.0277778
24535 0.0277778
24423 0.0277778
24077 0.0277778
18578 0.0277778
16817 0.0277778
13429 0.0277778
9428 0.0277778
4635 0.0277778
3300 0.0277778
1240 0.0277778
1148 0.0277778
40204 0.0243902
39791 0.0243902
38952 0.0243902
38583 0.0243902
36968 0.0243902
36952 0.0243902
35734 0.0243902
26084 0.0243902
25614 0.0243902
24505 0.0243902
24239 0.0243902
23898 0.0243902
23894 0.0243902
21978 0.0243902
21757 0.0243902
16504 0.0243902
16250 0.0243902
16001 0.0243902
15873 0.0243902
14768 0.0243902
7277 0.0243902
7051 0.0243902
5719 0.0243902
3721 0.0243902
2877 0.0243902
1966 0.0243902
39179 0.0196078
37257 0.0196078
35564 0.0196078
34519 0.0196078
27668 0.0196078
26409 0.0196078
20680 0.0196078
16313 0.0196078
12872 0.0196078
880 0.0196078
36969 0.0169492
35404 0.0169492
33214 0.0169492
33009 0.0169492
32165 0.0169492
31916 0.0169492
31366 0.0169492
30359 0.0169492
28274 0.0169492
26930 0.0169492
25056 0.0169492
24313 0.0169492
23260 0.0169492
22537 0.0169492
22219 0.0169492
20010 0.0169492
18740 0.0169492
12282 0.0169492
11705 0.0169492
10042 0.0169492
8717 0.0169492
8712 0.0169492
3318 0.0169492
2669 0.0169492
2480 0.0169492
651 0.0169492
38407 0.0144928
32037 0.0144928
31305 0.0144928
31224 0.0144928
29183 0.0144928
28769 0.0144928
22780 0.0144928
22462 0.0144928
21848 0.0144928
18712 0.0144928
15399 0.0144928
14633 0.0144928
13326 0.0144928
12979 0.0144928
11609 0.0144928
2722 0.0144928
1827 0.0144928
246 0.0144928
39995 0.0131579
39169 0.0131579
37100 0.0131579
36451 0.0131579
36372 0.0131579
35808 0.0131579
35697 0.0131579
34892 0.0131579
33710 0.0131579
33135 0.0131579
32707 0.0131579
28720 0.0131579
28650 0.0131579
24875 0.0131579
24807 0.0131579
23195 0.0131579
21917 0.0131579
21288 0.0131579
19852 0.0131579
17653 0.0131579
15694 0.0131579
15466 0.0131579
14529 0.0131579
11650 0.0131579
10295 0.0131579
7174 0.0131579
7093 0.0131579
1106 0.0131579
40604 0.0126582
40426 0.0126582
40326 0.0126582
40000 0.0126582
39361 0.0126582
38848 0.0126582
38758 0.0126582
38241 0.0126582
37806 0.0126582
37444 0.0126582
36853 0.0126582
36471 0.0126582
36294 0.0126582
36072 0.0126582
35551 0.0126582
34238 0.0126582
34150 0.0126582
33987 0.0126582
32885 0.0126582
31860 0.0126582
31291 0.0126582
29695 0.0126582
29334 0.0126582
28170 0.0126582
27082 0.0126582
25374 0.0126582
21032 0.0126582
20982 0.0126582
19766 0.0126582
19664 0.0126582
18800 0.0126582
18411 0.0126582
18089 0.0126582
17106 0.0126582
15067 0.0126582
14364 0.0126582
13819 0.0126582
13608 0.0126582
13193 0.0126582
12915 0.0126582
12040 0.0126582
9558 0.0126582
9243 0.0126582
9011 0.0126582
8838 0.0126582
8171 0.0126582
7422 0.0126582
7225 0.0126582
6792 0.0126582
5867 0.0126582
4867 0.0126582
4562 0.0126582
4233 0.0126582
3832 0.0126582
3436 0.0126582
3083 0.0126582
2610 0.0126582
1908 0.0126582
1442 0.0126582
737 0.0126582
40980 0
40979 0
40978 0
40977 0
40976 0
40975 0
40974 0
40973 0
40972 0
40971 0
40970 0
40969 0
40968 0
40967 0
40966 0
40965 0
40964 0
40963 0
40962 0
40961 0
40960 0
40959 0
40958 0
40957 0
40956 0
40955 0
40954 0
40953 0
40952 0
40951 0
40950 0
40949 0
40948 0
40947 0
40946 0
40945 0
40944 0
40943 0
40942 0
40941 0
40940 0
40939 0
40938 0
40937 0
40936 0
40934 0
40933 0
40932 0
40931 0
40930 0
40929 0
40928 0
40927 0
40926 0
40925 0
40924 0
40923 0
40922 0
40921 0
40920 0
40919 0
40918 0
40917 0
40916 0
40915 0
40914 0
40913 0
