23843 136.418
27135 86.8029
29401 55.3513
13309 49.9533
16390 33.9817
21712 26.0123
18428 25.4713
24670 21.3036
20250 19.893
3300 19.7548
7125 18.4773
14398 18.2374
16090 18.0116
4998 17.9259
23024 16.4484
40882 16.1839
10061 15.4703
33233 14.9514
3111 14.4997
6112 14.2868
34737 13.4082
9543 13.3632
31285 12.5328
28500 11.0674
30561 10.9947
1514 10.8131
5067 10.8091
2885 10.6968
26627 10.6506
1834 10.2097
17131 10.0566
10689 9.87557
25583 9.14322
8735 9.03988
40420 8.96465
26153 8.28906
38535 8.22048
16933 8.17258
3200 8.01295
9320 7.50495
2675 7.49877
16868 7.41182
19032 7.30937
25016 7.29128
25353 7.13158
39395 7.11969
39383 7.102
17295 6.90882
23836 6.85487
19820 6.85421
5484 6.65886
14543 6.46433
24239 6.255
18088 6.19597
35297 6.14141
29376 6.04543
24754 5.97418
33695 5.97364
1643 5.84614
37122 5.67461
3920 5.35185
24423 5.31324
31153 5.15829
28769 5.10754
34312 5.10393
37027 4.94591
25535 4.74522
31778 4.6093
37576 4.58061
23928 4.51781
25959 4.48164
38812 4.35056
13654 4.27069
4991 4.1631
9243 3.99218
38627 3.77084
20875 3.74357
19901 3.72221
22355 3.61349
830 3.56405
9059 3.52082
7277 3.50403
29373 3.49215
19097 3.47675
40190 3.31919
38630 3.26458
18887 3.23908
8672 3.21144
21889 3.13347
14096 3.10937
12020 3.07305
28572 2.91262
12675 2.91189
3852 2.90992
32885 2.89541
18582 2.87122
37720 2.83826
37328 2.82978
26069 2.81287
36256 2.79954
19236 2.79735
40402 2.7625
5783 2.70432
28595 2.6819
25826 2.65359
19755 2.61085
8507 2.5988
19781 2.58255
24267 2.56088
8313 2.5507
23696 2.54677
40014 2.53714
7811 2.52571
14203 2.50738
5905 2.47115
27779 2.4284
39791 2.36987
11660 2.36115
32870 2.35309
2312 2.29726
24902 2.275
8817 2.26804
19826 2.26427
33081 2.22608
987 2.22153
37776 2.21585
6235 2.20967
38330 2.18377
37270 2.153
14855 2.14773
8970 2.10973
31047 2.05181
21703 2.02469
18328 2.02063
9423 2.01663
22711 2.00977
10251 1.99505
37888 1.94895
23993 1.94444
7929 1.94031
22501 1.93847
27333 1.93198
24821 1.91942
17312 1.91598
17592 1.89033
30294 1.88889
12379 1.88126
30377 1.8746
23196 1.86541
24591 1.86514
7932 1.85513
34486 1.85311
19733 1.83855
40830 1.83159
4036 1.80292
31235 1.79864
36672 1.78339
9825 1.71364
16231 1.67408
16817 1.65777
3721 1.65261
15709 1.65055
8224 1.63077
27926 1.62847
28375 1.61948
29871 1.58889
20932 1.58333
14926 1.57714
29113 1.57377
744 1.56665
16683 1.56549
37496 1.55172
15225 1.54565
19428 1.54533
15172 1.54073
6399 1.52229
11726 1.51151
33545 1.50715
14931 1.50084
12278 1.49899
27195 1.49283
5112 1.4846
23432 1.46582
16030 1.45779
20705 1.45238
16076 1.43731
8707 1.43473
35766 1.42666
35734 1.42531
35317 1.42046
29988 1.41573
20158 1.39878
22381 1.39585
35063 1.38122
18197 1.36893
11122 1.35784
8459 1.34513
2869 1.3373
21224 1.30639
33163 1.30017
16534 1.29264
21288 1.27543
36596 1.26515
3541 1.25892
32522 1.22477
3597 1.21965
32668 1.20901
7402 1.20863
14918 1.20113
13751 1.19546
17230 1.18576
25885 1.17793
25330 1.16786
946 1.16392
30612 1.16346
12983 1.15823
17571 1.15201
20180 1.1518
27799 1.14549
37293 1.13834
1589 1.13586
22594 1.11395
1997 1.10278
21323 1.10278
19419 1.10162
19259 1.09317
17063 1.08224
35697 1.08181
3316 1.07698
23552 1.06822
33901 1.05467
4478 1.03872
16504 1.03614
25317 1.03314
32950 1.02815
2674 1.02725
17711 1.02287
14822 1.01912
8132 1.01143
26402 1.00952
12611 1.00946
21186 0.993431
3050 0.986919
15416 0.966255
23796 0.948411
6611 0.94735
33267 0.946136
14208 0.942449
21394 0.941745
30881 0.932906
225 0.9171
13123 0.915107
17056 0.910207
5644 0.898345
32035 0.894288
3016 0.892857
15803 0.889964
12892 0.877674
16313 0.874203
13246 0.858548
37454 0.853968
33475 0.849937
8412 0.848218
6547 0.844828
36518 0.844538
37325 0.844444
6552 0.844414
20231 0.843868
6049 0.842827
15055 0.8421
18356 0.814622
30209 0.812777
26122 0.810069
35451 0.809524
4617 0.80402
19217 0.791192
35839 0.787001
24615 0.786846
39962 0.786404
19385 0.786388
19016 0.783333
37307 0.775965
16123 0.773569
26346 0.773152
31972 0.765109
36372 0.761111
23484 0.760501
27223 0.755812
16591 0.75
15593 0.75
20345 0.747475
6239 0.741674
15372 0.741246
9249 0.737167
11986 0.729267
36400 0.726812
28032 0.72619
507 0.72619
16395 0.723397
20000 0.714286
9876 0.713462
31301 0.713173
26306 0.711056
26803 0.70692
9665 0.704657
36528 0.7
4870 0.699333
39336 0.68355
9596 0.681659
20397 0.680847
12706 0.678806
21341 0.675909
4975 0.673052
21903 0.671429
39951 0.668894
18334 0.666958
40833 0.662751
9196 0.658333
7666 0.646557
5895 0.642857
35278 0.642597
37223 0.640053
25188 0.637241
37347 0.635714
432 0.633333
24302 0.633008
10594 0.631201
35346 0.627885
3265 0.625945
5778 0.625
29077 0.618976
1099 0.618372
17639 0.616667
4235 0.616667
6738 0.611267
40906 0.611111
6356 0.611111
35349 0.609209
9613 0.60119
458 0.599526
39840 0.592857
15777 0.592857
27248 0.592405
11277 0.587262
21757 0.582715
24616 0.575
14701 0.575
15042 0.57037
19293 0.567725
33633 0.566883
13000 0.566616
25937 0.562792
12694 0.559758
1659 0.558841
409 0.55861
37267 0.554978
22098 0.554466
4761 0.553829
22956 0.553698
6518 0.553002
33952 0.552632
27454 0.55
11412 0.549729
7742 0.549242
34519 0.549206
11113 0.543755
12548 0.543123
6140 0.534781
11725 0.534127
12872 0.529932
21606 0.529004
16750 0.527778
40149 0.5263
23489 0.525617
12970 0.525158
72 0.52499
32620 0.523378
33960 0.520921
24067 0.520671
14884 0.51929
14903 0.517713
7756 0.516667
8592 0.509488
39640 0.509354
33841 0.503968
38039 0.500036
19074 0.5
11650 0.5
38301 0.498046
13507 0.497192
1773 0.497169
33268 0.495455
18109 0.495202
4686 0.49359
36985 0.492169
40578 0.491667
13534 0.491667
17828 0.485843
9281 0.485714
11804 0.484179
33177 0.483187
17952 0.482332
25207 0.479203
33798 0.476703
7634 0.47619
37134 0.474765
18834 0.474308
4233 0.471408
14672 0.467857
30793 0.465281
37374 0.460145
28988 0.458824
30370 0.458333
27515 0.455222
15665 0.453516
22184 0.450714
23468 0.45
17083 0.45
2328 0.45
32329 0.448602
8611 0.446984
33510 0.446455
32111 0.444972
15605 0.440476
38632 0.439163
37401 0.438462
20776 0.438189
12681 0.437037
18594 0.434524
9720 0.433493
40376 0.43254
16233 0.430451
33401 0.427778
12652 0.427315
40519 0.426923
878 0.426637
3709 0.42619
37711 0.424242
37924 0.423315
26055 0.422222
27541 0.41978
38956 0.413754
40147 0.413166
12208 0.412669
11150 0.412338
35407 0.412262
23817 0.411111
14118 0.410714
23724 0.409677
37506 0.408098
9994 0.405357
1510 0.405303
24459 0.401357
20159 0.400361
22034 0.4
17169 0.399733
4123 0.396673
9334 0.395806
5569 0.394444
18955 0.394338
34392 0.39359
15874 0.39331
7306 0.392857
13043 0.392378
26856 0.391667
1212 0.386667
13931 0.38489
26730 0.383824
25524 0.383824
23240 0.383824
5504 0.383333
27038 0.381319
20273 0.380648
36395 0.378571
7740 0.377768
4936 0.377632
18401 0.376923
8120 0.372619
18811 0.371795
26058 0.371429
18248 0.369935
1065 0.368969
10295 0.368687
28286 0.363462
15295 0.363019
17149 0.362338
38164 0.362155
22388 0.362037
16075 0.360145
14138 0.358572
40474 0.357964
40006 0.357576
8831 0.357373
36674 0.353535
37990 0.35119
24807 0.349589
32506 0.349524
31299 0.344584
24785 0.340669
5024 0.339286
