1975 269.506
3096 22.7698
31301 21.7007
22594 19.058
19566 18.3261
30054 14.5487
20373 10.6724
15922 10.3269
8672 10.1858
21102 9.43713
6262 8.26478
37636 7.79033
13467 6.687
28552 6.03557
6983 5.8551
28778 5.39038
32885 5.18111
18328 5.06313
39921 4.96242
22915 4.90665
38908 4.81758
5458 4.79735
33580 4.11582
36474 4.05253
8261 4.03286
5595 3.81641
7501 3.7994
35925 3.72804
16442 3.54339
25175 3.07619
40883 3.04414
36124 2.96392
25969 2.72455
9952 2.55744
25983 2.46944
16512 2.2414
31283 2.15135
22228 2.14683
13157 2.12074
20360 2.08287
15603 2.06942
8501 2.05952
9297 2.04573
20006 2.0394
28414 2.01722
8225 1.89968
15236 1.82302
3936 1.80168
21810 1.79456
37924 1.72146
37711 1.65714
5061 1.63181
23843 1.6044
39881 1.55952
17636 1.53671
34768 1.53333
36096 1.53099
24825 1.51778
9442 1.50397
9665 1.42619
11453 1.41667
29934 1.4
23053 1.38357
500 1.30603
26106 1.30119
3086 1.275
34916 1.26332
35287 1.22334
19141 1.22334
18011 1.22222
25472 1.13532
8058 1.1023
12511 1.05043
1549 1.00327
23813 0.980952
36593 0.972222
10622 0.958333
38536 0.930952
26554 0.92469
34543 0.916667
12544 0.887554
27799 0.878968
20281 0.867462
40323 0.865235
38900 0.851897
40182 0.847917
5954 0.842046
11197 0.838429
38888 0.82619
2106 0.809524
30276 0.795932
7628 0.783333
19032 0.777633
38638 0.775298
38243 0.764411
33652 0.752778
24678 0.75
35497 0.747222
20706 0.738317
12154 0.736806
27766 0.733333
13004 0.733333
1734 0.732258
9238 0.729762
13043 0.72381
24028 0.716459
10361 0.716459
8465 0.716459
18341 0.708471
25002 0.705128
32847 0.7
21341 0.7
22326 0.694444
590 0.667794
11974 0.666667
3161 0.658333
37760 0.651556
31861 0.65
8765 0.65
7441 0.647156
36854 0.638952
13543 0.638058
38700 0.62875
8045 0.624242
6393 0.617201
30668 0.616667
8027 0.616667
24331 0.597917
20167 0.592857
18889 0.589583
40701 0.588723
26484 0.583333
24243 0.583333
6170 0.583333
3659 0.5625
17546 0.561111
39398 0.545455
2895 0.541776
15691 0.541667
14261 0.540537
36576 0.533333
10100 0.525
36916 0.520833
27043 0.518812
30773 0.518661
34296 0.516944
987 0.509524
20104 0.5
7467 0.5
15040 0.493552
10980 0.491416
24085 0.486111
35856 0.481481
19776 0.481349
18621 0.481349
22239 0.479167
25941 0.477778
35801 0.476923
2916 0.47549
3730 0.470574
25525 0.4625
17634 0.456006
2249 0.456006
25552 0.455998
18562 0.446254
26736 0.442857
14718 0.428571
363 0.420378
20350 0.420238
20106 0.420238
36332 0.41435
38889 0.413065
20119 0.41213
38244 0.409524
21320 0.402384
11202 0.4
3007 0.399573
20683 0.388034
10137 0.386447
8755 0.383333
7054 0.383333
31506 0.378968
14638 0.377546
16807 0.374242
18496 0.373611
39053 0.373333
23855 0.36859
31851 0.362338
21859 0.357576
13646 0.352381
4785 0.351051
20565 0.349524
38316 0.347619
24958 0.344507
10832 0.340774
35467 0.337121
36128 0.333333
32762 0.333333
30790 0.333333
30012 0.333333
28891 0.333333
24993 0.333333
22263 0.333333
16365 0.333333
15923 0.333333
9610 0.333333
2879 0.333333
32790 0.330128
6485 0.329887
32467 0.327193
21685 0.326681
25998 0.325397
11450 0.324242
13770 0.320009
30100 0.318612
16644 0.317972
32846 0.312092
12800 0.310036
33827 0.30989
32229 0.30892
28580 0.299423
28767 0.297475
1714 0.293541
15635 0.291667
7358 0.291667
32595 0.28869
28322 0.288462
52 0.288446
5724 0.288312
34201 0.286226
19498 0.28486
40589 0.283766
18577 0.283766
30997 0.282857
1957 0.282857
22172 0.277244
34228 0.276111
16514 0.276111
35255 0.269017
15772 0.267157
26164 0.261111
15487 0.257937
31017 0.254762
12709 0.254412
18315 0.253968
34509 0.253246
40010 0.25
39537 0.25
39254 0.25
39127 0.25
37587 0.25
35462 0.25
34825 0.25
27354 0.25
25976 0.25
25663 0.25
25337 0.25
24346 0.25
24330 0.25
23975 0.25
22657 0.25
17628 0.25
15606 0.25
15400 0.25
15103 0.25
13635 0.25
12134 0.25
11483 0.25
5214 0.25
4822 0.25
3715 0.25
3334 0.25
2885 0.25
2663 0.25
878 0.25
865 0.25
29333 0.249639
26315 0.248352
33795 0.245321
38510 0.243687
30478 0.242063
2263 0.235171
23757 0.231432
4162 0.231432
34495 0.23125
24013 0.23125
21266 0.23125
9373 0.229371
24945 0.228788
12355 0.228788
1585 0.228788
13494 0.226923
25865 0.225796
10006 0.225796
18503 0.219048
20380 0.218254
28699 0.216667
40285 0.216399
35840 0.212037
22108 0.205128
12299 0.202413
35990 0.202381
38019 0.200558
8782 0.200558
39171 0.2
38938 0.2
37796 0.2
33263 0.2
32253 0.2
31964 0.2
31894 0.2
29698 0.2
28951 0.2
28132 0.2
27782 0.2
27672 0.2
27339 0.2
24675 0.2
24654 0.2
23523 0.2
20494 0.2
19451 0.2
19118 0.2
18700 0.2
17386 0.2
13224 0.2
12215 0.2
10604 0.2
9998 0.2
9667 0.2
8290 0.2
7949 0.2
6997 0.2
5098 0.2
4236 0.2
1770 0.2
1736 0.2
140 0.2
4075 0.199145
2600 0.197917
18274 0.194538
4405 0.194538
24431 0.191209
31263 0.188528
24222 0.188528
26395 0.184087
7411 0.184087
37358 0.183333
4328 0.183066
31536 0.182593
24833 0.181548
26750 0.18125
4928 0.18125
37320 0.180556
22121 0.179412
35286 0.178571
24770 0.172266
27410 0.170321
5930 0.170321
1781 0.170321
22438 0.169048
40109 0.166667
38895 0.166667
37284 0.166667
36960 0.166667
36390 0.166667
34477 0.166667
34242 0.166667
34152 0.166667
33064 0.166667
31809 0.166667
30180 0.166667
28444 0.166667
27945 0.166667
24375 0.166667
23696 0.166667
22017 0.166667
21427 0.166667
21005 0.166667
20961 0.166667
19077 0.166667
18719 0.166667
16325 0.166667
15955 0.166667
14781 0.166667
13827 0.166667
11180 0.166667
10218 0.166667
8883 0.166667
6585 0.166667
5748 0.166667
3387 0.166667
3210 0.166667
2608 0.166667
1739 0.166667
30791 0.165856
6773 0.16189
17229 0.161111
35691 0.16105
14548 0.157258
24759 0.155806
23895 0.155806
17368 0.155806
32257 0.155482
37790 0.151556
18072 0.147619
5356 0.147161
30626 0.146637
39229 0.142857
38769 0.142857
38107 0.142857
35885 0.142857
34494 0.142857
32067 0.142857
30793 0.142857
29068 0.142857
28666 0.142857
25349 0.142857
25262 0.142857
18950 0.142857
18815 0.142857
18777 0.142857
18543 0.142857
16572 0.142857
12516 0.142857
11055 0.142857
9375 0.142857
9122 0.142857
7052 0.142857
730 0.142857
29428 0.140842
5792 0.138889
3975 0.138889
33972 0.129731
38172 0.125
37029 0.125
36035 0.125
34377 0.125
33357 0.125
32857 0.125
31335 0.125
30366 0.125
29858 0.125
28738 0.125
26923 0.125
25739 0.125
17083 0.125
16192 0.125
15981 0.125
12374 0.125
10508 0.125
5979 0.125
4129 0.125
808 0.125
10737 0.121482
10731 0.121482
8068 0.121482
6096 0.121482
2633 0.121482
14933 0.121256
40770 0.11969
12109 0.11969
2800 0.118206
33228 0.117031
38846 0.115591
24366 0.112751
32951 0.112488
29427 0.112488
34926 0.111111
32255 0.111111
31876 0.111111
30919 0.111111
30040 0.111111
28056 0.111111
27807 0.111111
25561 0.111111
23968 0.111111
21668 0.111111
20328 0.111111
20008 0.111111
18507 0.111111
18384 0.111111
15539 0.111111
15303 0.111111
11910 0.111111
9862 0.111111
9607 0.111111
9574 0.111111
4458 0.111111
3724 0.111111
3472 0.111111
351 0.111111
162 0.111111
38787 0.10989
11651 0.109639
7251 0.108947
40151 0.107509
37784 0.107509
36608 0.107509
11508 0.107509
