27799 15.9281
10654 5.99609
39158 2.87696
16501 2.65559
18520 2.45843
9196 2.3626
32886 2.14947
34561 2.09541
23653 2.06895
13654 2.05157
1142 1.96212
19313 1.88898
29300 1.54359
35793 1.51312
38955 1.48801
12722 1.426
12453 1.32169
31390 1.30512
23843 1.27696
6518 1.14577
36400 1.11778
3107 1.0619
35500 1.05809
22949 1.01088
3371 0.962888
33267 0.95202
23370 0.923719
35766 0.895639
31947 0.886629
9317 0.86473
33633 0.809444
17312 0.803
26546 0.793147
2797 0.789683
39671 0.788417
5646 0.78474
2888 0.778697
13507 0.772005
35365 0.762121
36796 0.742936
31470 0.740476
15276 0.730657
20007 0.706485
830 0.652116
21886 0.638889
35014 0.60119
888 0.581274
19461 0.578258
4994 0.55956
21284 0.558506
16723 0.533333
11863 0.508824
2484 0.503531
30209 0.472443
21448 0.457299
3535 0.450862
35525 0.446429
25659 0.415825
27134 0.415
31396 0.407704
16076 0.403664
18883 0.399573
8969 0.398222
15665 0.398177
8592 0.389658
39183 0.38315
2781 0.380909
24239 0.372331
32074 0.363878
12910 0.357037
16395 0.352482
21216 0.350317
14181 0.338825
28110 0.338503
21861 0.338503
448 0.337146
2869 0.33584
16390 0.333333
16298 0.328042
37027 0.319967
34923 0.319174
19950 0.311613
21978 0.308244
7125 0.3066
36734 0.304805
26095 0.302939
34771 0.299838
32324 0.297285
19079 0.296363
2786 0.294958
9475 0.294643
39951 0.286376
37374 0.286376
37233 0.277778
35317 0.277778
1396 0.277632
3713 0.276786
18683 0.274444
6930 0.27171
11540 0.268287
2752 0.268287
7145 0.263923
33693 0.262403
16473 0.259524
21186 0.25
8279 0.25
7766 0.25
868 0.25
21889 0.249378
16775 0.248413
16806 0.248259
6417 0.244664
27926 0.242936
2885 0.242487
39846 0.231114
3068 0.22481
23748 0.219656
38272 0.219577
9189 0.213095
30025 0.206634
38583 0.202788
37502 0.202788
11488 0.202788
16773 0.202632
40342 0.198011
14138 0.198006
31582 0.19615
28094 0.189839
4551 0.189839
29875 0.189117
30897 0.18671
27161 0.185589
576 0.180909
21323 0.172609
1791 0.169856
36827 0.169417
38981 0.166667
29193 0.166667
23724 0.166667
21830 0.166667
6413 0.164493
27465 0.152588
25765 0.152447
35185 0.149159
29138 0.145455
6300 0.144745
37927 0.142857
34768 0.142857
32708 0.142857
26153 0.142857
23696 0.142857
21601 0.142857
9305 0.142857
1849 0.142857
539 0.142857
34 0.142857
6041 0.138668
3852 0.138668
12952 0.137648
32552 0.131108
9154 0.131108
8035 0.131108
30097 0.130968
1758 0.130968
5090 0.125325
37426 0.125
25826 0.125
5676 0.125
3096 0.125
416 0.125
25176 0.123474
14347 0.123474
6924 0.123474
26832 0.12256
13916 0.12256
23886 0.12255
13232 0.119922
3429 0.119922
29923 0.11859
34043 0.115486
32930 0.115486
8412 0.115486
6859 0.113095
37452 0.111111
32108 0.111111
26069 0.111111
8617 0.111111
8242 0.111111
4444 0.111111
37228 0.11091
432 0.11091
38906 0.110417
25780 0.110417
25668 0.110417
16789 0.110417
33108 0.106836
19511 0.106836
9651 0.106628
32043 0.101479
21431 0.101479
15632 0.101479
3645 0.101479
24678 0.100915
23089 0.100915
7464 0.100915
34385 0.099368
18963 0.099368
14980 0.0946401
8353 0.0946401
34489 0.0909091
26928 0.0909091
26476 0.0909091
23194 0.0909091
13081 0.0909091
9357 0.0909091
5218 0.0909091
4467 0.0909091
2877 0.0909091
27349 0.0846429
40241 0.0833333
36539 0.0833333
36287 0.0833333
19653 0.0833333
11409 0.0833333
35346 0.0830101
10305 0.0830101
23134 0.0790845
39661 0.0722993
39939 0.0714286
30847 0.0714286
27190 0.0714286
24735 0.0714286
21703 0.0714286
20901 0.0714286
12298 0.0714286
565 0.0714286
31646 0.0697116
12866 0.0697116
10923 0.0697116
32536 0.0693363
27525 0.0693363
39177 0.0689416
18921 0.0689416
15416 0.0689416
885 0.0689416
31140 0.0666667
21001 0.0666667
17578 0.0666667
5488 0.0666667
38856 0.0663323
19379 0.0663323
15075 0.0663323
1326 0.0663323
10501 0.0662586
828 0.0662586
40569 0.0625
38621 0.0625
36180 0.0625
33256 0.0625
31810 0.0625
26448 0.0625
23446 0.0625
17301 0.0625
15411 0.0625
13759 0.0625
7003 0.0625
3936 0.0625
2209 0.0625
1394 0.0625
543 0.0625
66 0.0625
34370 0.0588235
32208 0.0588235
27486 0.0588235
27083 0.0588235
24107 0.0588235
20749 0.0588235
18052 0.0588235
17179 0.0588235
14158 0.0588235
13612 0.0588235
13459 0.0588235
12942 0.0588235
10104 0.0588235
4764 0.0588235
4670 0.0588235
1253 0.0588235
37881 0.0576601
23585 0.0576601
8775 0.0576601
8666 0.0576601
38258 0.057645
29361 0.057645
26634 0.057645
15348 0.057645
10529 0.057645
36918 0.0560654
31248 0.0560654
27033 0.0560654
22184 0.0560654
18092 0.0560654
1610 0.0560654
38907 0.0555556
35161 0.0555556
30876 0.0555556
27158 0.0555556
22781 0.0555556
20152 0.0555556
16817 0.0555556
14015 0.0555556
12681 0.0555556
11789 0.0555556
4998 0.0555556
38952 0.0534262
35734 0.0534262
32620 0.0534262
32243 0.0534262
32014 0.0534262
12090 0.0534262
9197 0.0534262
39436 0.0526316
27863 0.0526316
26084 0.0526316
25065 0.0526316
22743 0.0526316
17631 0.0526316
14768 0.0526316
10784 0.0526316
5719 0.0526316
4296 0.0526316
20569 0.05
1332 0.05
7443 0.0454545
19580 0.0419398
6033 0.0419398
3356 0.0419398
39947 0.0404665
39245 0.0404665
27989 0.0404665
23439 0.0404665
11080 0.0404665
10752 0.0404665
110 0.0404665
1965 0.04
36457 0.0399023
34439 0.0399023
28177 0.0399023
39680 0.037037
33458 0.037037
28577 0.037037
17492 0.037037
12377 0.037037
9760 0.037037
9325 0.037037
8105 0.037037
7256 0.037037
3487 0.037037
2376 0.037037
25831 0.0357143
5180 0.0357143
31260 0.0341952
25673 0.0341952
18796 0.0341952
13832 0.0341952
12569 0.0341952
2463 0.0341952
1760 0.0341952
80 0.0341952
38336 0.03125
36388 0.03125
30916 0.03125
28345 0.03125
28248 0.03125
27239 0.03125
26541 0.03125
24002 0.03125
22656 0.03125
20439 0.03125
19032 0.03125
17696 0.03125
11902 0.03125
5185 0.03125
36160 0.030303
35904 0.030303
18558 0.030303
15012 0.030303
9244 0.030303
7511 0.030303
5423 0.030303
2621 0.030303
1 0.030303
40165 0.027027
34777 0.027027
29030 0.027027
29027 0.027027
27408 0.027027
25184 0.027027
24137 0.027027
22304 0.027027
21157 0.027027
14734 0.027027
4953 0.027027
39962 0.0263158
33545 0.0263158
38958 0.025
33516 0.025
33028 0.025
31343 0.025
30425 0.025
28831 0.025
16504 0.025
8416 0.025
5085 0.025
3940 0.025
399 0.025
10 0.025
40764 0.0218458
38762 0.0218458
38118 0.0218458
36673 0.0218458
31352 0.0218458
30636 0.0218458
29634 0.0218458
29237 0.0218458
22711 0.0218458
20840 0.0218458
14546 0.0218458
12393 0.0218458
8309 0.0218458
6654 0.0218458
6140 0.0218458
3561 0.0218458
35062 0.0217391
31938 0.0217391
29640 0.0217391
20928 0.0217391
16913 0.0217391
9823 0.0217391
938 0.0217391
40890 0.0185185
26693 0.0185185
16181 0.0185185
4777 0.0185185
1590 0.0185185
40585 0.0181818
34167 0.0181818
31509 0.0181818
24269 0.0181818
23750 0.0181818
22412 0.0181818
17521 0.0181818
16001 0.0181818
13140 0.0181818
10916 0.0181818
9527 0.0181818
9455 0.0181818
7051 0.0181818
33048 0.0166667
30793 0.0166667
30676 0.0166667
24371 0.0166667
17154 0.0166667
16968 0.0166667
15975 0.0166667
14894 0.0166667
10221 0.0166667
8514 0.0166667
7312 0.0166667
4271 0.0166667
1830 0.0166667
39386 0.0144928
37421 0.0144928
36583 0.0144928
35082 0.0144928
34819 0.0144928
26786 0.0144928
26181 0.0144928
24505 0.0144928
15493 0.0144928
15467 0.0144928
14223 0.0144928
12788 0.0144928
9661 0.0144928
4499 0.0144928
612 0.0144928
592 0.0144928
37441 0.0140845
35706 0.0140845
33653 0.0140845
32223 0.0140845
31858 0.0140845
30417 0.0140845
29073 0.0140845
25705 0.0140845
23206 0.0140845
18329 0.0140845
14917 0.0140845
8625 0.0140845
6592 0.0140845
5093 0.0140845
