11504 4.10087
23582 3.72813
37146 3.59918
22800 3.54494
22594 3.02852
9211 2.8631
37523 2.46973
9233 2.42173
31442 2.40952
33352 2.39584
5350 2.05514
23910 1.91356
15518 1.70238
19943 1.6106
13109 1.49638
23843 1.15
2953 1.04167
7 0.863492
30980 0.7587
5395 0.75
7068 0.707033
35939 0.7
34768 0.642857
27933 0.612073
34658 0.602982
20315 0.594569
22184 0.590836
26775 0.506294
6160 0.490909
30202 0.470186
5679 0.443238
23854 0.425
2574 0.40202
13508 0.390909
26134 0.379252
38438 0.377778
35628 0.377778
27255 0.377778
19821 0.377778
958 0.366667
40340 0.333333
37935 0.333333
25122 0.333333
8570 0.333333
4998 0.333333
40393 0.320489
37937 0.3066
23165 0.306319
32319 0.281319
33815 0.254371
19098 0.254371
39429 0.25
38007 0.25
28552 0.25
2621 0.25
17312 0.245002
2885 0.245002
19761 0.238462
24843 0.236236
16752 0.216593
30735 0.212073
32930 0.2
12525 0.2
2781 0.2
15225 0.185478
13916 0.185478
12569 0.185478
4468 0.185478
830 0.185478
18637 0.166667
29237 0.142857
28010 0.142857
23724 0.142857
16678 0.142857
16440 0.142857
14138 0.142857
12273 0.142857
11453 0.142857
4385 0.142857
36395 0.125
35011 0.125
31629 0.125
28246 0.125
25337 0.125
9595 0.125
35533 0.111111
22347 0.111111
8562 0.111111
39702 0.1
35947 0.1
33206 0.1
31963 0.1
31580 0.1
24671 0.1
19516 0.1
13618 0.1
10528 0.1
862 0.1
22388 0.0909091
21757 0.0909091
21532 0.0909091
20523 0.0909091
19340 0.0909091
14546 0.0909091
13355 0.0909091
10210 0.0909091
7672 0.0909091
40915 0.0833333
39177 0.0833333
31037 0.0833333
30117 0.0833333
20567 0.0833333
16817 0.0833333
16379 0.0833333
16250 0.0833333
4648 0.0833333
3805 0.0833333
15529 0.0769231
8432 0.0769231
7381 0.0769231
29923 0.0625
27651 0.0625
25968 0.0625
16504 0.0625
11399 0.0625
6859 0.0625
1610 0.0625
29501 0.0526316
27978 0.0526316
20196 0.0526316
18200 0.0526316
4015 0.0526316
21132 0.0384615
16901 0.0384615
10287 0.0384615
5982 0.0384615
5645 0.0384615
39951 0.011236
39947 0.011236
39877 0.011236
39791 0.011236
39554 0.011236
39472 0.011236
38850 0.011236
38762 0.011236
37245 0.011236
36952 0.011236
36673 0.011236
35734 0.011236
35525 0.011236
35346 0.011236
35317 0.011236
35185 0.011236
34975 0.011236
33256 0.011236
31631 0.011236
31318 0.011236
30793 0.011236
30676 0.011236
30209 0.011236
29687 0.011236
29634 0.011236
29225 0.011236
28988 0.011236
27989 0.011236
27926 0.011236
26832 0.011236
26084 0.011236
26069 0.011236
25367 0.011236
24678 0.011236
24239 0.011236
24063 0.011236
24003 0.011236
23439 0.011236
22711 0.011236
21978 0.011236
21782 0.011236
21323 0.011236
20823 0.011236
18997 0.011236
15873 0.011236
14768 0.011236
14658 0.011236
13654 0.011236
11080 0.011236
10283 0.011236
8278 0.011236
6924 0.011236
6140 0.011236
5937 0.011236
5763 0.011236
5719 0.011236
5655 0.011236
4825 0.011236
2869 0.011236
2749 0.011236
2069 0.011236
985 0.011236
556 0.011236
432 0.011236
110 0.011236
40980 0
40979 0
40978 0
40977 0
40976 0
40975 0
40974 0
40973 0
40972 0
40971 0
40970 0
40969 0
40968 0
40967 0
40966 0
40965 0
40964 0
40963 0
40962 0
40961 0
40960 0
40959 0
40958 0
40957 0
40956 0
40955 0
40954 0
40953 0
40952 0
40951 0
40950 0
40949 0
40948 0
40947 0
40946 0
40945 0
40944 0
40943 0
40942 0
40941 0
40940 0
40939 0
40938 0
40937 0
40936 0
40935 0
40934 0
40933 0
40932 0
40931 0
40930 0
40929 0
40928 0
40927 0
40926 0
40925 0
40924 0
40923 0
40922 0
40921 0
40920 0
40919 0
40918 0
40917 0
40916 0
40914 0
40913 0
40912 0
40911 0
40910 0
40909 0
40908 0
40907 0
40906 0
40905 0
40904 0
40903 0
40902 0
40901 0
40900 0
40899 0
40898 0
40897 0
40896 0
40895 0
40894 0
40893 0
40892 0
40891 0
40890 0
40889 0
40888 0
40887 0
40886 0
40885 0
40884 0
40883 0
40882 0
40881 0
40880 0
40879 0
40878 0
40877 0
40876 0
40875 0
40874 0
40873 0
40872 0
40871 0
40870 0
40869 0
40868 0
40867 0
40866 0
40865 0
40864 0
40863 0
40862 0
40861 0
40860 0
40859 0
40858 0
40857 0
40856 0
40855 0
40854 0
40853 0
40852 0
40851 0
40850 0
40849 0
40848 0
40847 0
40846 0
40845 0
40844 0
40843 0
40842 0
40841 0
40840 0
40839 0
40838 0
40837 0
40836 0
40835 0
40834 0
40833 0
40832 0
40831 0
40830 0
40829 0
40828 0
40827 0
40826 0
40825 0
40824 0
40823 0
40822 0
40821 0
40820 0
40819 0
40818 0
40817 0
40816 0
40815 0
40814 0
40813 0
40812 0
40811 0
40810 0
40809 0
40808 0
40807 0
40806 0
40805 0
40804 0
40803 0
40802 0
40801 0
40800 0
40799 0
40798 0
40797 0
40796 0
40795 0
40794 0
40793 0
40792 0
40791 0
40790 0
40789 0
40788 0
40787 0
40786 0
40785 0
40784 0
40783 0
40782 0
40781 0
40780 0
40779 0
40778 0
40777 0
40776 0
40775 0
40774 0
40773 0
40772 0
40771 0
40770 0
40769 0
40768 0
40767 0
40766 0
40765 0
40764 0
40763 0
40762 0
40761 0
40760 0
40759 0
40758 0
40757 0
40756 0
40755 0
40754 0
40753 0
40752 0
40751 0
40750 0
40749 0
40748 0
40747 0
40746 0
40745 0
40744 0
40743 0
40742 0
40741 0
40740 0
40739 0
40738 0
40737 0
40736 0
40735 0
40734 0
40733 0
40732 0
40731 0
40730 0
40729 0
40728 0
40727 0
40726 0
40725 0
40724 0
40723 0
40722 0
40721 0
40720 0
40719 0
40718 0
40717 0
40716 0
40715 0
40714 0
40713 0
40712 0
40711 0
40710 0
40709 0
40708 0
40707 0
40706 0
40705 0
40704 0
40703 0
40702 0
40701 0
40700 0
40699 0
40698 0
40697 0
40696 0
40695 0
40694 0
40693 0
40692 0
40691 0
40690 0
40689 0
40688 0
40687 0
40686 0
40685 0
40684 0
40683 0
40682 0
