31301 7.91717
26750 2.6297
8672 1.23611
37711 1.01944
7708 0.866667
52 0.84561
2249 0.75
34673 0.729798
7894 0.697917
11171 0.625
12243 0.566667
4405 0.541667
19032 0.533333
17634 0.528943
10923 0.511111
14544 0.491667
919 0.457576
16214 0.44359
3600 0.438034
22560 0.356061
24172 0.34359
30948 0.333333
2775 0.333333
15603 0.32702
979 0.29965
28038 0.285256
7691 0.277778
33712 0.25
23696 0.25
20489 0.25
4785 0.25
4082 0.25
1975 0.25
34704 0.239583
26088 0.209499
18616 0.209499
40704 0.2
40017 0.2
39994 0.2
39695 0.2
36734 0.2
33490 0.2
28089 0.2
18044 0.2
8907 0.2
8867 0.2
37987 0.175505
27892 0.175505
32760 0.166667
32713 0.166667
24845 0.166667
22594 0.166667
16853 0.166667
9822 0.166667
6504 0.166667
3447 0.166667
3158 0.166667
1947 0.166667
37087 0.125
30494 0.125
29313 0.125
23655 0.125
18328 0.125
16481 0.125
14820 0.125
14742 0.125
12297 0.125
9557 0.125
7339 0.125
5346 0.125
2712 0.125
1312 0.125
40888 0.111111
38667 0.111111
33667 0.111111
31200 0.111111
29709 0.111111
28543 0.111111
28265 0.111111
21703 0.111111
16937 0.111111
16296 0.111111
13646 0.111111
12431 0.111111
8669 0.111111
7674 0.111111
6489 0.111111
4157 0.111111
3936 0.111111
3245 0.111111
39495 0.1
31888 0.1
28336 0.1
22514 0.1
14925 0.1
10519 0.1
20424 0.0909091
1107 0.0909091
40071 0.0833333
39730 0.0833333
17794 0.0833333
9621 0.0833333
6461 0.0833333
33118 0.0769231
30157 0.0769231
27660 0.0769231
26923 0.0769231
24441 0.0769231
24185 0.0769231
21842 0.0769231
21097 0.0769231
21024 0.0769231
20850 0.0769231
15953 0.0769231
15637 0.0769231
13541 0.0769231
11946 0.0769231
11443 0.0769231
11233 0.0769231
6744 0.0769231
6584 0.0769231
5691 0.0769231
2838 0.0769231
2633 0.0769231
1587 0.0769231
363 0.0769231
38498 0.0416667
37940 0.0416667
30345 0.0416667
30320 0.0416667
29360 0.0416667
25476 0.0416667
21641 0.0416667
10737 0.0416667
7452 0.0416667
5373 0.0416667
3075 0.0416667
2958 0.0416667
2659 0.0416667
33679 0.03125
33243 0.03125
33013 0.03125
30436 0.03125
29326 0.03125
29185 0.03125
26083 0.03125
26054 0.03125
25872 0.03125
23933 0.03125
21495 0.03125
19380 0.03125
18865 0.03125
16705 0.03125
16347 0.03125
15296 0.03125
13115 0.03125
12572 0.03125
11622 0.03125
7374 0.03125
6719 0.03125
6096 0.03125
5517 0.03125
3550 0.03125
2640 0.03125
1176 0.03125
1102 0.03125
128 0.03125
39393 0.0227273
38825 0.0227273
38184 0.0227273
38073 0.0227273
37818 0.0227273
37759 0.0227273
36810 0.0227273
35879 0.0227273
34208 0.0227273
32967 0.0227273
32542 0.0227273
30014 0.0227273
28441 0.0227273
28380 0.0227273
27425 0.0227273
26581 0.0227273
24979 0.0227273
23600 0.0227273
23514 0.0227273
22027 0.0227273
21497 0.0227273
17534 0.0227273
17086 0.0227273
15314 0.0227273
14249 0.0227273
13935 0.0227273
12900 0.0227273
10073 0.0227273
8953 0.0227273
8870 0.0227273
8521 0.0227273
7032 0.0227273
7024 0.0227273
5920 0.0227273
4806 0.0227273
3494 0.0227273
3100 0.0227273
40980 0
40979 0
40978 0
40977 0
40976 0
40975 0
40974 0
40973 0
40972 0
40971 0
40970 0
40969 0
40968 0
40967 0
40966 0
40965 0
40964 0
40963 0
40962 0
40961 0
40960 0
40959 0
40958 0
40957 0
40956 0
40955 0
40954 0
40953 0
40952 0
40951 0
40950 0
40949 0
40948 0
40947 0
40946 0
40945 0
40944 0
40943 0
40942 0
40941 0
40940 0
40939 0
40938 0
40937 0
40936 0
40935 0
40934 0
40933 0
40932 0
40931 0
40930 0
40929 0
40928 0
40927 0
40926 0
40925 0
40924 0
40923 0
40922 0
40921 0
40920 0
40919 0
40918 0
40917 0
40916 0
40915 0
40914 0
40913 0
40912 0
40911 0
40910 0
40909 0
40908 0
40907 0
40906 0
40905 0
40904 0
40903 0
40902 0
40901 0
40900 0
40899 0
40898 0
40897 0
40896 0
40895 0
40894 0
40893 0
40892 0
40891 0
40890 0
40889 0
40887 0
40886 0
40885 0
40884 0
40883 0
40882 0
40881 0
40880 0
40879 0
40878 0
40877 0
40876 0
40875 0
40874 0
40873 0
40872 0
40871 0
40870 0
40869 0
40868 0
40867 0
40866 0
40865 0
40864 0
40863 0
40862 0
40861 0
40860 0
40859 0
40858 0
40857 0
40856 0
40855 0
40854 0
40853 0
40852 0
40851 0
40850 0
40849 0
40848 0
40847 0
40846 0
40845 0
40844 0
40843 0
40842 0
40841 0
40840 0
40839 0
40838 0
40837 0
40836 0
40835 0
40834 0
40833 0
40832 0
40831 0
40830 0
40829 0
40828 0
40827 0
40826 0
40825 0
40824 0
40823 0
40822 0
40821 0
40820 0
40819 0
40818 0
40817 0
40816 0
40815 0
40814 0
40813 0
40812 0
40811 0
40810 0
40809 0
40808 0
40807 0
40806 0
40805 0
40804 0
40803 0
40802 0
40801 0
40800 0
40799 0
40798 0
40797 0
40796 0
40795 0
40794 0
40793 0
40792 0
40791 0
40790 0
40789 0
40788 0
40787 0
40786 0
40785 0
40784 0
40783 0
40782 0
40781 0
40780 0
40779 0
40778 0
40777 0
40776 0
40775 0
40774 0
40773 0
40772 0
40771 0
40770 0
40769 0
40768 0
40767 0
40766 0
40765 0
40764 0
40763 0
40762 0
40761 0
40760 0
40759 0
40758 0
40757 0
40756 0
40755 0
40754 0
40753 0
40752 0
40751 0
40750 0
40749 0
40748 0
40747 0
40746 0
40745 0
40744 0
40743 0
40742 0
40741 0
40740 0
40739 0
40738 0
40737 0
40736 0
40735 0
40734 0
40733 0
40732 0
40731 0
40730 0
40729 0
40728 0
40727 0
40726 0
40725 0
40724 0
40723 0
40722 0
40721 0
40720 0
40719 0
40718 0
40717 0
40716 0
40715 0
40714 0
40713 0
40712 0
40711 0
40710 0
40709 0
40708 0
40707 0
40706 0
40705 0
40703 0
40702 0
40701 0
40700 0
40699 0
40698 0
40697 0
40696 0
40695 0
40694 0
40693 0
40692 0
40691 0
40690 0
40689 0
40688 0
40687 0
40686 0
40685 0
40684 0
40683 0
