27799 2.82326
2885 2.4125
30793 1.02472
24239 1.02472
13563 0.742543
16047 0.709108
17074 0.696221
556 0.672186
38141 0.628308
14138 0.628308
6140 0.625367
2542 0.603606
37113 0.602968
39962 0.508541
34156 0.508541
36400 0.501685
1659 0.478566
830 0.396428
18119 0.386682
39791 0.343768
22711 0.343768
7059 0.342566
40 0.327164
26210 0.321156
28952 0.319066
38952 0.314585
34664 0.314585
7076 0.314585
24162 0.31142
35734 0.305214
37518 0.296078
36239 0.274524
21566 0.274524
12090 0.274524
7889 0.274524
6261 0.26407
5003 0.26407
36952 0.244026
39637 0.2423
23776 0.231422
39181 0.230747
15416 0.225397
9197 0.208103
4672 0.195086
30698 0.193546
3695 0.193546
21302 0.190377
38148 0.168809
29285 0.14824
39951 0.142857
23455 0.142857
21186 0.142857
17301 0.142857
6166 0.142857
1131 0.142857
20789 0.139963
18866 0.139963
19253 0.139611
29464 0.135017
34702 0.134906
6475 0.134906
13530 0.125
40204 0.120674
23439 0.120674
17312 0.120674
15225 0.120674
7594 0.120674
6654 0.120674
24678 0.119789
22184 0.119789
17523 0.119789
17401 0.119789
2869 0.119789
233 0.119789
32496 0.113869
28605 0.113869
31058 0.104781
38010 0.10045
32243 0.10045
29077 0.10045
28575 0.10045
26195 0.10045
18282 0.10045
17739 0.10045
8836 0.10045
7937 0.10045
16333 0.1
14471 0.1
14164 0.0909091
32368 0.0851261
7852 0.0851261
16076 0.0833283
8615 0.0833283
6394 0.0833283
34543 0.0769231
33477 0.0769231
32987 0.0769231
21348 0.0769231
19774 0.0769231
15276 0.0769231
8513 0.0769231
5892 0.0769231
306 0.0769231
12893 0.0758789
19570 0.0747619
17658 0.0747619
28740 0.0736204
29852 0.0735632
34583 0.0714286
31329 0.0714286
18297 0.0714286
4849 0.0714286
2817 0.0714286
18520 0.0713556
21703 0.0713228
12766 0.0713228
12458 0.0713228
40096 0.0677119
21466 0.0677119
31283 0.0666667
22083 0.0627052
2037 0.0627052
22368 0.0567807
14768 0.0567807
4896 0.0567807
40898 0.0533395
40398 0.0533395
12014 0.0533395
11066 0.0533395
10376 0.0533395
9304 0.0533395
6501 0.0533395
37892 0.0526316
16395 0.0526316
11811 0.05
31140 0.0486436
26095 0.0486436
18033 0.0486436
17631 0.0486436
12661 0.0486436
6518 0.0486436
2484 0.0486436
39642 0.0440891
28688 0.0440891
13654 0.0440891
9309 0.0440891
17568 0.0434783
13182 0.0434783
4705 0.0434783
1043 0.0434783
34999 0.0384615
30422 0.0384615
34835 0.037037
17154 0.037037
33884 0.0357143
29901 0.0357143
29256 0.0357143
23399 0.0357143
6924 0.0357143
4852 0.0344828
3189 0.0333333
15284 0.0294118
12177 0.0294118
8593 0.0294118
6592 0.0294118
4479 0.0294118
39990 0.0285714
28651 0.0285714
27649 0.0285714
19305 0.0285714
13995 0.0285714
12970 0.0285714
40342 0.0277778
38583 0.0277778
37942 0.0277778
36142 0.0277778
33256 0.0277778
19967 0.0277778
13669 0.0277778
11997 0.0277778
4444 0.0277778
28325 0.0263158
15554 0.0263158
2841 0.0263158
36096 0.0232558
35925 0.0232558
29237 0.0232558
24366 0.0232558
21810 0.0232558
21101 0.0232558
19517 0.0232558
19141 0.0232558
19126 0.0232558
18421 0.0232558
18038 0.0232558
17142 0.0232558
16512 0.0232558
14842 0.0232558
14234 0.0232558
11488 0.0232558
6323 0.0232558
5458 0.0232558
3852 0.0232558
634 0.0232558
40422 0.0212766
27092 0.0212766
18090 0.0212766
17445 0.0212766
16784 0.0212766
12372 0.0212766
2627 0.0212766
1494 0.0212766
852 0.0212766
40618 0.0171432
39947 0.0171432
38726 0.0171432
37233 0.0171432
36528 0.0171432
36468 0.0171432
35439 0.0171432
35346 0.0171432
35317 0.0171432
35082 0.0171432
35063 0.0171432
34544 0.0171432
33028 0.0171432
32620 0.0171432
31537 0.0171432
31184 0.0171432
30676 0.0171432
29225 0.0171432
28861 0.0171432
28800 0.0171432
28049 0.0171432
27989 0.0171432
27926 0.0171432
27900 0.0171432
27127 0.0171432
25617 0.0171432
24822 0.0171432
23628 0.0171432
21757 0.0171432
21043 0.0171432
18435 0.0171432
17785 0.0171432
17437 0.0171432
17277 0.0171432
16947 0.0171432
16233 0.0171432
14894 0.0171432
14546 0.0171432
14318 0.0171432
12569 0.0171432
11725 0.0171432
11080 0.0171432
5937 0.0171432
5852 0.0171432
5840 0.0171432
4826 0.0171432
4761 0.0171432
4718 0.0171432
4548 0.0171432
3966 0.0171432
2439 0.0171432
2310 0.0171432
1966 0.0171432
1610 0.0171432
1326 0.0171432
938 0.0171432
313 0.0171432
40764 0.0151515
39155 0.0151515
38519 0.0151515
37502 0.0151515
35974 0.0151515
30897 0.0151515
30425 0.0151515
30379 0.0151515
27863 0.0151515
27166 0.0151515
25831 0.0151515
24400 0.0151515
24126 0.0151515
23585 0.0151515
22530 0.0151515
22170 0.0151515
21895 0.0151515
21431 0.0151515
20835 0.0151515
19647 0.0151515
19277 0.0151515
16787 0.0151515
16778 0.0151515
16629 0.0151515
16508 0.0151515
15715 0.0151515
14858 0.0151515
11808 0.0151515
10453 0.0151515
7069 0.0151515
6067 0.0151515
5778 0.0151515
5036 0.0151515
3940 0.0151515
3105 0.0151515
2168 0.0151515
1918 0.0151515
763 0.0151515
39894 0.00574713
37931 0.00574713
37898 0.00574713
37389 0.00574713
35809 0.00574713
35803 0.00574713
35185 0.00574713
34615 0.00574713
34056 0.00574713
33174 0.00574713
32885 0.00574713
29551 0.00574713
29473 0.00574713
28547 0.00574713
28424 0.00574713
26084 0.00574713
23898 0.00574713
23786 0.00574713
22248 0.00574713
21978 0.00574713
18452 0.00574713
17521 0.00574713
16744 0.00574713
16283 0.00574713
15873 0.00574713
15354 0.00574713
15039 0.00574713
13362 0.00574713
13140 0.00574713
10169 0.00574713
9010 0.00574713
8351 0.00574713
5861 0.00574713
5719 0.00574713
5548 0.00574713
5480 0.00574713
5316 0.00574713
5293 0.00574713
4900 0.00574713
1791 0.00574713
391 0.00574713
110 0.00574713
38956 0.00571429
37023 0.00571429
36285 0.00571429
32868 0.00571429
32535 0.00571429
30977 0.00571429
29439 0.00571429
28349 0.00571429
27965 0.00571429
27133 0.00571429
25367 0.00571429
25346 0.00571429
25334 0.00571429
24580 0.00571429
24505 0.00571429
24269 0.00571429
23689 0.00571429
23251 0.00571429
23089 0.00571429
22301 0.00571429
22218 0.00571429
21053 0.00571429
21000 0.00571429
20977 0.00571429
18997 0.00571429
17789 0.00571429
16025 0.00571429
16001 0.00571429
15826 0.00571429
15029 0.00571429
14316 0.00571429
12788 0.00571429
11876 0.00571429
11470 0.00571429
9924 0.00571429
8652 0.00571429
8296 0.00571429
6460 0.00571429
6404 0.00571429
6298 0.00571429
4076 0.00571429
2416 0.00571429
1519 0.00571429
1355 0.00571429
967 0.00571429
570 0.00571429
565 0.00571429
40564 0.00568182
40165 0.00568182
38221 0.00568182
37948 0.00568182
37847 0.00568182
37689 0.00568182
37672 0.00568182
36968 0.00568182
35463 0.00568182
34123 0.00568182
34034 0.00568182
33800 0.00568182
33545 0.00568182
31072 0.00568182
30321 0.00568182
29875 0.00568182
28655 0.00568182
28106 0.00568182
26971 0.00568182
26928 0.00568182
25614 0.00568182
25076 0.00568182
22930 0.00568182
22401 0.00568182
21187 0.00568182
19551 0.00568182
19287 0.00568182
18161 0.00568182
18016 0.00568182
17412 0.00568182
17035 0.00568182
16504 0.00568182
16298 0.00568182
13513 0.00568182
13452 0.00568182
12641 0.00568182
12393 0.00568182
11626 0.00568182
11389 0.00568182
11331 0.00568182
7145 0.00568182
6979 0.00568182
6935 0.00568182
6863 0.00568182
6068 0.00568182
5414 0.00568182
4825 0.00568182
3750 0.00568182
3561 0.00568182
3266 0.00568182
2877 0.00568182
2813 0.00568182
1137 0.00568182
468 0.00568182
40980 0
40979 0
40978 0
40977 0
40976 0
40975 0
40974 0
40973 0
40972 0
40971 0
40970 0
40969 0
40968 0
40967 0
40966 0
40965 0
40964 0
40963 0
40962 0
40961 0
40960 0
40959 0
40958 0
40957 0
40956 0
40955 0
40954 0
40953 0
40952 0
40951 0
40950 0
40949 0
40948 0
40947 0
40946 0
40945 0
40944 0
40943 0
40942 0
40941 0
40940 0
40939 0
40938 0
40937 0
40936 0
40935 0
40934 0
40933 0
40932 0
