34312 194.063
9423 191.912
25885 190.864
6049 187.248
19555 178.111
18428 171.604
9615 160.766
18732 158.324
14583 158.322
35792 154.957
35601 151.358
31366 145.199
36147 138.279
27379 135.25
22537 128.592
2669 128.248
23843 31.8932
32808 17.5595
8717 17.2833
25330 17.1456
21288 12.9786
2153 10.4937
13309 10.2544
33214 8.41127
40113 8.30324
20010 8.29534
25546 8.22218
16688 7.24345
32165 7.02468
31916 6.83505
20250 6.66844
35151 6.62391
12956 6.46307
35241 6.46233
29401 6.37595
16390 5.22327
26930 4.82729
34737 4.75937
37838 4.61786
9720 4.09619
34013 4.01997
651 3.94701
23260 3.86777
35404 3.73021
39383 3.6545
29762 3.37207
12282 3.24577
30359 3.13094
13916 2.74751
20397 2.7404
27799 2.68883
17319 2.34048
28551 2.315
33009 2.25504
10480 2.20849
14543 2.20258
36596 2.17145
35346 2.17117
38535 2.10289
8831 2.0401
17312 2.03735
13654 2.0095
5640 1.99807
36969 1.9824
16817 1.94964
22219 1.91868
4998 1.88104
24086 1.86241
27989 1.84399
40890 1.82465
10042 1.77493
225 1.77429
23661 1.71683
17994 1.68209
21323 1.68112
32035 1.64588
26399 1.63322
22095 1.58185
35697 1.568
39947 1.54266
11080 1.54266
110 1.54266
32885 1.51469
19419 1.51213
17571 1.45731
23972 1.43088
24313 1.41774
19820 1.32902
15455 1.30369
22501 1.29736
23462 1.28482
25056 1.28467
28274 1.27117
24678 1.26937
3318 1.199
21889 1.1985
9196 1.18456
23993 1.16645
3317 1.11951
27926 1.06101
28331 1.02744
8712 0.993463
24894 0.980781
13425 0.973605
26069 0.948464
22711 0.947625
35185 0.921023
7579 0.909593
14341 0.896701
11488 0.892509
34758 0.890689
2885 0.883775
8361 0.875245
39028 0.872577
32403 0.871964
28769 0.869699
17131 0.839632
9324 0.833367
34905 0.826041
25200 0.818103
30676 0.817931
36717 0.817747
39142 0.811639
37711 0.776035
15609 0.763428
5905 0.746394
18328 0.740289
4471 0.714095
32990 0.711865
32329 0.705915
36400 0.698219
39661 0.697483
37027 0.696145
3541 0.691345
7581 0.689586
9320 0.689443
34768 0.68749
350 0.675881
33695 0.673277
14142 0.665615
24902 0.663782
18138 0.66024
15777 0.658313
1106 0.649513
21712 0.649026
29183 0.648699
32652 0.643954
2480 0.640265
5820 0.635965
21861 0.624798
37374 0.609982
36952 0.607776
16001 0.605165
36647 0.60215
6125 0.600833
21135 0.598797
9957 0.596158
21906 0.596089
40296 0.594679
35734 0.5928
33803 0.586158
6041 0.585165
35766 0.583974
18520 0.579714
39177 0.574905
6654 0.570279
33163 0.57025
21283 0.568582
12935 0.568303
8035 0.567575
28500 0.562054
19379 0.554995
23520 0.551689
19470 0.544102
37502 0.541277
4695 0.540466
24239 0.535883
30412 0.532385
9249 0.528506
12230 0.524553
18740 0.520865
21735 0.518519
31664 0.510126
23836 0.504826
26084 0.50008
21978 0.50008
15873 0.50008
14768 0.50008
5719 0.50008
16504 0.496211
34520 0.496169
9243 0.489245
8617 0.48746
16806 0.485683
7277 0.484798
35016 0.479872
25179 0.473444
7125 0.473188
24482 0.455571
32522 0.455543
30915 0.451166
20192 0.451166
19259 0.448416
38928 0.44278
36451 0.439429
37496 0.432977
27928 0.432973
18221 0.432973
28110 0.429352
19511 0.429352
7557 0.429058
257 0.429058
6016 0.42743
7025 0.426095
38130 0.423765
40883 0.420483
20928 0.419711
797 0.417778
33233 0.417037
15151 0.414942
1148 0.413342
1355 0.412692
2749 0.409873
2585 0.405377
15665 0.40228
37305 0.394779
13661 0.393903
29634 0.389255
27746 0.386834
11410 0.385747
31482 0.374376
19032 0.372979
38583 0.371125
27208 0.371125
25659 0.371125
22368 0.371125
8573 0.370983
18997 0.369511
40882 0.369067
10656 0.367816
16313 0.367309
10251 0.36559
29826 0.363991
29062 0.362955
30351 0.359937
3501 0.356482
15416 0.35506
27454 0.353144
10587 0.353002
39155 0.348287
30793 0.347993
21634 0.345644
10780 0.34429
32668 0.341811
20490 0.340798
30484 0.340367
34761 0.340278
23024 0.336625
39790 0.334876
2869 0.334426
4189 0.330921
13884 0.328368
34687 0.325655
19774 0.32505
2675 0.324815
18269 0.323187
4413 0.322117
24977 0.321111
13060 0.321111
11010 0.321111
17105 0.32005
22530 0.318502
25304 0.315329
37888 0.31341
26058 0.31036
16298 0.310064
30248 0.309524
31908 0.307898
31475 0.30609
19079 0.304805
17653 0.304444
885 0.303392
24423 0.303141
33135 0.302702
24318 0.302385
32930 0.302337
29237 0.300003
3721 0.297677
39766 0.297447
8088 0.296777
32289 0.293094
19191 0.288462
29756 0.285714
17917 0.284529
25132 0.284498
11439 0.284498
13669 0.282465
40562 0.280832
37800 0.279894
28587 0.278506
19428 0.277632
17083 0.277191
37270 0.275179
3117 0.274176
17492 0.273879
19643 0.273109
37546 0.272836
33028 0.271309
3669 0.270594
34561 0.270139
2846 0.269762
33052 0.269739
12016 0.269739
9001 0.269739
5371 0.269342
33633 0.268912
37571 0.267628
31153 0.267203
5937 0.266802
37924 0.265389
248 0.263037
4912 0.262852
25583 0.261295
24766 0.26109
36313 0.260139
15313 0.259866
27388 0.258885
11718 0.258885
32477 0.258156
36609 0.258127
23696 0.257826
9665 0.257826
11764 0.255743
2566 0.254371
8375 0.254167
3124 0.254001
11909 0.253532
2496 0.253427
170 0.25283
26687 0.250933
23388 0.250865
28334 0.25
2781 0.25
27443 0.249639
14623 0.248174
25737 0.247887
34625 0.247533
14767 0.24664
24302 0.246454
12983 0.246372
22088 0.246032
0 0.245359
28489 0.243202
33108 0.242196
15593 0.241071
40525 0.236662
987 0.236567
32607 0.235422
24400 0.235422
16058 0.235422
22313 0.234487
6518 0.232482
37498 0.232391
32026 0.230023
24596 0.229514
32620 0.229058
16933 0.228757
15694 0.228333
14529 0.228333
26805 0.227898
12041 0.224034
21943 0.223611
16534 0.223387
19977 0.221795
22594 0.221642
20652 0.220833
24761 0.219697
20177 0.219577
7150 0.219084
17466 0.218441
25016 0.21828
16447 0.218086
36673 0.215714
23390 0.214415
21325 0.213685
40472 0.212233
12922 0.211932
36800 0.21012
8505 0.207383
8611 0.206692
38223 0.203918
19016 0.203467
6356 0.202672
16395 0.202601
34569 0.202156
23701 0.201727
11642 0.200333
13618 0.200079
29157 0.2
26230 0.2
9820 0.2
39334 0.199566
23787 0.199566
14270 0.199566
6772 0.199566
981 0.199566
196 0.199566
18088 0.198554
39640 0.19838
34492 0.197869
37958 0.197246
24217 0.197009
23252 0.197009
13276 0.197009
40342 0.197006
18558 0.196218
3284 0.195971
6979 0.194979
39172 0.194934
6592 0.193957
31224 0.193811
9887 0.192536
39791 0.191721
17785 0.19165
16090 0.191484
29528 0.191256
40578 0.190996
40715 0.190476
37523 0.189423
432 0.182455
9338 0.182258
30294 0.181501
7174 0.181216
40830 0.179516
15558 0.179334
2621 0.179319
8181 0.178693
4095 0.178514
14530 0.178122
8707 0.178106
28106 0.176923
12976 0.176103
35296 0.175914
2877 0.174615
36744 0.174032
21506 0.174032
13421 0.174032
11804 0.174032
4331 0.174032
30401 0.173417
16307 0.172747
1610 0.172578
10594 0.172325
32707 0.172072
28720 0.172072
3316 0.172072
18367 0.172044
20704 0.171429
16721 0.171324
28955 0.171212
11239 0.170272
13546 0.17
39290 0.169571
4846 0.169291
15410 0.168478
35928 0.16833
20667 0.16833
33870 0.168301
19806 0.168108
10019 0.168108
27732 0.167011
12118 0.166883
33072 0.166667
31470 0.166667
31376 0.166667
21498 0.166667
10424 0.166667
1514 0.166098
3200 0.165851
28988 0.165631
25116 0.165626
21306 0.165266
3068 0.164945
16416 0.164907
2293 0.164907
36196 0.164753
6528 0.164753
947 0.164412
9026 0.163774
20875 0.162364
29155 0.161025
23748 0.160368
33256 0.160276
6319 0.159329
12480 0.158187
23370 0.157476
33634 0.157258
39562 0.156443
26409 0.15643
37342 0.154918
