17843 2.68728
30222 2.2622
36739 2.01515
19068 1.96822
32 1.74497
37244 1.6341
28886 1.41866
40774 1.40628
35206 1.34206
14665 1.19061
37155 1.10431
27699 1.07385
31355 1.01409
31261 0.99854
10443 0.990423
28777 0.985053
1991 0.961581
18321 0.959762
15618 0.915074
21473 0.910473
25282 0.881944
5117 0.879167
15984 0.853942
21701 0.837044
26726 0.728864
9938 0.724562
16470 0.7218
24720 0.644444
21538 0.604347
6324 0.572494
8584 0.527778
16499 0.497991
27842 0.49359
8253 0.471663
11747 0.437558
23696 0.433766
19682 0.429696
6865 0.429167
21301 0.402976
38719 0.388034
29688 0.382576
3104 0.367857
10710 0.361111
11144 0.349206
28979 0.329167
27799 0.328704
6752 0.32714
31481 0.322324
27186 0.316409
16286 0.313787
15362 0.313492
39791 0.3125
392 0.308081
31192 0.299145
33042 0.278943
824 0.278943
1317 0.278846
18622 0.250534
40302 0.224747
24602 0.224747
22645 0.224747
33850 0.221429
3485 0.2
3230 0.2
12071 0.184656
24315 0.182834
20011 0.166667
24975 0.162637
13793 0.15353
17919 0.145833
9504 0.145833
16129 0.142857
39951 0.135251
30793 0.135251
24239 0.135251
17154 0.135251
2885 0.135251
38612 0.128788
34768 0.125
28073 0.117816
25232 0.117816
37413 0.111472
32204 0.111472
15889 0.111472
9544 0.111472
8871 0.111472
37388 0.111111
37350 0.111111
17112 0.111111
5617 0.111111
18328 0.1005
4644 0.1
38934 0.0909091
35253 0.0833333
6336 0.0833333
38512 0.0769231
31989 0.0769231
29130 0.0769231
27539 0.0769231
25390 0.0769231
21539 0.0769231
15588 0.0769231
1190 0.0769231
2719 0.0714286
35063 0.0625
9304 0.0625
9197 0.0625
966 0.0625
26389 0.05
17647 0.05
4182 0.05
15438 0.047619
16437 0.0454545
6262 0.0454545
5109 0.0454545
34702 0.037037
34664 0.037037
18297 0.037037
16047 0.037037
7889 0.037037
830 0.037037
40130 0.0357143
32273 0.0357143
31785 0.0357143
25380 0.0357143
19305 0.0357143
15952 0.0357143
10361 0.0357143
40543 0.0344828
27143 0.0344828
22880 0.0344828
19032 0.0344828
14222 0.0344828
11931 0.0344828
38542 0.030303
31143 0.030303
27549 0.030303
14020 0.030303
4699 0.030303
2981 0.030303
40980 0
40979 0
40978 0
40977 0
40976 0
40975 0
40974 0
40973 0
40972 0
40971 0
40970 0
40969 0
40968 0
40967 0
40966 0
40965 0
40964 0
40963 0
40962 0
40961 0
40960 0
40959 0
40958 0
40957 0
40956 0
40955 0
40954 0
40953 0
40952 0
40951 0
40950 0
40949 0
40948 0
40947 0
40946 0
40945 0
40944 0
40943 0
40942 0
40941 0
40940 0
40939 0
40938 0
40937 0
40936 0
40935 0
40934 0
40933 0
40932 0
40931 0
40930 0
40929 0
40928 0
40927 0
40926 0
40925 0
40924 0
40923 0
40922 0
40921 0
40920 0
40919 0
40918 0
40917 0
40916 0
40915 0
40914 0
40913 0
40912 0
40911 0
40910 0
40909 0
40908 0
40907 0
40906 0
40905 0
40904 0
40903 0
40902 0
40901 0
40900 0
40899 0
40898 0
40897 0
40896 0
40895 0
40894 0
40893 0
40892 0
40891 0
40890 0
40889 0
40888 0
40887 0
40886 0
40885 0
40884 0
40883 0
40882 0
40881 0
40880 0
40879 0
40878 0
40877 0
40876 0
40875 0
40874 0
40873 0
40872 0
40871 0
40870 0
40869 0
40868 0
40867 0
40866 0
40865 0
40864 0
40863 0
40862 0
40861 0
40860 0
40859 0
40858 0
40857 0
40856 0
40855 0
40854 0
40853 0
40852 0
40851 0
40850 0
40849 0
40848 0
40847 0
40846 0
40845 0
40844 0
40843 0
40842 0
40841 0
40840 0
40839 0
40838 0
40837 0
40836 0
40835 0
40834 0
40833 0
40832 0
40831 0
40830 0
40829 0
40828 0
40827 0
40826 0
40825 0
40824 0
40823 0
40822 0
40821 0
40820 0
40819 0
40818 0
40817 0
40816 0
40815 0
40814 0
40813 0
40812 0
40811 0
40810 0
40809 0
40808 0
40807 0
40806 0
40805 0
40804 0
40803 0
40802 0
40801 0
40800 0
40799 0
40798 0
40797 0
40796 0
40795 0
40794 0
40793 0
40792 0
40791 0
40790 0
40789 0
40788 0
40787 0
40786 0
40785 0
40784 0
40783 0
40782 0
40781 0
40780 0
40779 0
40778 0
40777 0
40776 0
40775 0
40773 0
40772 0
40771 0
40770 0
40769 0
40768 0
40767 0
40766 0
40765 0
40764 0
40763 0
40762 0
40761 0
40760 0
40759 0
40758 0
40757 0
40756 0
40755 0
40754 0
40753 0
40752 0
40751 0
40750 0
40749 0
40748 0
40747 0
40746 0
40745 0
40744 0
40743 0
40742 0
40741 0
40740 0
40739 0
40738 0
40737 0
40736 0
40735 0
40734 0
40733 0
40732 0
40731 0
40730 0
40729 0
40728 0
40727 0
40726 0
40725 0
40724 0
40723 0
40722 0
40721 0
40720 0
40719 0
40718 0
40717 0
40716 0
40715 0
40714 0
40713 0
40712 0
40711 0
40710 0
40709 0
40708 0
40707 0
40706 0
40705 0
40704 0
40703 0
40702 0
40701 0
40700 0
40699 0
40698 0
40697 0
40696 0
40695 0
40694 0
40693 0
40692 0
40691 0
40690 0
40689 0
40688 0
40687 0
40686 0
40685 0
40684 0
40683 0
40682 0
40681 0
40680 0
40679 0
40678 0
40677 0
40676 0
40675 0
40674 0
40673 0
40672 0
40671 0
40670 0
40669 0
40668 0
40667 0
40666 0
40665 0
40664 0
40663 0
40662 0
40661 0
40660 0
40659 0
40658 0
40657 0
40656 0
40655 0
40654 0
40653 0
40652 0
40651 0
40650 0
40649 0
40648 0
40647 0
40646 0
40645 0
40644 0
40643 0
40642 0
40641 0
40640 0
40639 0
40638 0
40637 0
40636 0
40635 0
40634 0
40633 0
40632 0
40631 0
40630 0
40629 0
40628 0
40627 0
40626 0
40625 0
40624 0
40623 0
40622 0
40621 0
40620 0
