656 2.27968
10568 1.1007
40882 0.986014
23843 0.893253
12206 0.784824
13309 0.777042
29318 0.694539
15605 0.694539
15372 0.689449
8120 0.652774
12675 0.63417
9392 0.581946
797 0.571795
28500 0.566667
39179 0.515506
29401 0.505952
20000 0.454748
5397 0.454748
34312 0.453006
18428 0.453006
26377 0.442857
3483 0.409711
8707 0.40202
31778 0.339664
4567 0.339664
35697 0.316667
13425 0.315018
20250 0.306319
3920 0.293044
6898 0.286447
6271 0.286447
39824 0.281371
9615 0.281371
6049 0.281371
2864 0.25
19259 0.249164
38535 0.232384
26579 0.215812
12872 0.213323
32403 0.2
4270 0.2
4471 0.191292
6133 0.191209
27245 0.181946
24535 0.175851
39640 0.17239
4233 0.17239
3832 0.17239
1908 0.17239
34905 0.169608
5905 0.168275
16854 0.166667
12512 0.166667
2364 0.166667
40935 0.165122
33596 0.165122
39169 0.157103
20310 0.157103
15694 0.157103
8221 0.157103
3200 0.157103
2681 0.157103
29566 0.151634
11270 0.151634
9169 0.151634
9050 0.151634
38772 0.142857
24239 0.142857
21917 0.142857
6336 0.142857
987 0.142857
25993 0.128759
24406 0.128759
21712 0.128759
39028 0.125
36804 0.125
29826 0.125
5362 0.125
432 0.125
37134 0.124646
33960 0.124646
23656 0.124646
22858 0.124646
20049 0.124646
34547 0.111111
32522 0.111111
17621 0.111111
14931 0.111111
4686 0.111111
38139 0.1
34439 0.1
29399 0.1
25479 0.1
24984 0.1
22034 0.1
19016 0.1
16755 0.1
13916 0.1
13654 0.1
12494 0.1
12276 0.1
8831 0.1
3852 0.1
1459 0.1
294 0.1
24393 0.0909091
22501 0.0909091
27732 0.0833333
21288 0.0833333
32652 0.0793226
31482 0.0793226
30045 0.0793226
27298 0.0793226
26372 0.0793226
25187 0.0793226
22955 0.0793226
21673 0.0793226
191 0.0793226
34492 0.0769231
34221 0.0769231
13929 0.0769231
12840 0.0769231
39178 0.0714286
31897 0.0714286
31273 0.0714286
27686 0.0714286
27238 0.0714286
27082 0.0714286
24678 0.0714286
18088 0.0714286
16449 0.0714286
15067 0.0714286
13819 0.0714286
7981 0.0714286
2885 0.0714286
2591 0.0714286
27384 0.0666667
19681 0.0666667
17169 0.0666667
12036 0.0666667
8313 0.0666667
6125 0.0666667
4036 0.0666667
3922 0.0666667
1240 0.0666667
40604 0.0625
39361 0.0625
36471 0.0625
25783 0.0625
20982 0.0625
17915 0.0625
5867 0.0625
37270 0.0601484
26409 0.0601484
25885 0.0601484
25179 0.0601484
24318 0.0601484
16313 0.0601484
9423 0.0601484
37979 0.0555556
32199 0.0555556
26799 0.0555556
21054 0.0555556
14598 0.0555556
1148 0.0555556
37932 0.05
37223 0.05
36851 0.05
21634 0.05
21606 0.05
3598 0.05
40833 0.047619
17948 0.047619
12733 0.047619
12694 0.047619
40716 0.0384615
39732 0.0384615
36858 0.0384615
36113 0.0384615
31671 0.0384615
27677 0.0384615
27273 0.0384615
27054 0.0384615
21145 0.0384615
16539 0.0384615
15118 0.0384615
11293 0.0384615
9597 0.0384615
4891 0.0384615
4861 0.0384615
359 0.0384615
348 0.0384615
40389 0.030303
37729 0.030303
31902 0.030303
29634 0.030303
25375 0.030303
25076 0.030303
21323 0.030303
16979 0.030303
15659 0.030303
14138 0.030303
11434 0.030303
9583 0.030303
3750 0.030303
38928 0.0294118
36461 0.0294118
32511 0.0294118
29279 0.0294118
28489 0.0294118
26687 0.0294118
15777 0.0294118
15558 0.0294118
13546 0.0294118
9324 0.0294118
7025 0.0294118
4846 0.0294118
1358 0.0294118
40110 0.0196078
38909 0.0196078
37257 0.0196078
35564 0.0196078
35016 0.0196078
34519 0.0196078
30351 0.0196078
27668 0.0196078
25132 0.0196078
20705 0.0196078
20680 0.0196078
20459 0.0196078
20109 0.0196078
7579 0.0196078
3501 0.0196078
880 0.0196078
804 0.0196078
39995 0.0135135
38627 0.0135135
37498 0.0135135
36609 0.0135135
36531 0.0135135
36147 0.0135135
35839 0.0135135
35808 0.0135135
35792 0.0135135
35601 0.0135135
34382 0.0135135
34062 0.0135135
33710 0.0135135
33047 0.0135135
32707 0.0135135
31664 0.0135135
31651 0.0135135
31224 0.0135135
30062 0.0135135
29866 0.0135135
29240 0.0135135
28720 0.0135135
27622 0.0135135
24802 0.0135135
22987 0.0135135
22122 0.0135135
20627 0.0135135
19555 0.0135135
18732 0.0135135
17653 0.0135135
15408 0.0135135
14937 0.0135135
14623 0.0135135
14583 0.0135135
14529 0.0135135
13685 0.0135135
13046 0.0135135
8541 0.0135135
4472 0.0135135
3409 0.0135135
3316 0.0135135
40980 0
40979 0
40978 0
40977 0
40976 0
40975 0
40974 0
40973 0
40972 0
40971 0
40970 0
40969 0
40968 0
40967 0
40966 0
40965 0
40964 0
40963 0
40962 0
40961 0
40960 0
40959 0
40958 0
40957 0
40956 0
40955 0
40954 0
40953 0
40952 0
40951 0
40950 0
40949 0
40948 0
40947 0
40946 0
40945 0
40944 0
40943 0
40942 0
40941 0
40940 0
40939 0
40938 0
40937 0
40936 0
40934 0
40933 0
40932 0
40931 0
40930 0
40929 0
40928 0
40927 0
40926 0
40925 0
40924 0
40923 0
40922 0
40921 0
40920 0
40919 0
40918 0
40917 0
40916 0
40915 0
40914 0
40913 0
40912 0
40911 0
40910 0
40909 0
40908 0
40907 0
40906 0
40905 0
40904 0
40903 0
40902 0
40901 0
40900 0
40899 0
40898 0
40897 0
40896 0
40895 0
40894 0
40893 0
40892 0
40891 0
40890 0
40889 0
40888 0
40887 0
40886 0
40885 0
40884 0
40883 0
40881 0
40880 0
40879 0
40878 0
40877 0
40876 0
40875 0
40874 0
40873 0
40872 0
40871 0
40870 0
40869 0
40868 0
40867 0
40866 0
40865 0
40864 0
40863 0
40862 0
40861 0
40860 0
40859 0
40858 0
40857 0
40856 0
40855 0
40854 0
40853 0
40852 0
40851 0
40850 0
40849 0
40848 0
40847 0
40846 0
40845 0
40844 0
40843 0
40842 0
40841 0
40840 0
40839 0
40838 0
40837 0
40836 0
40835 0
40834 0
40832 0
40831 0
40830 0
40829 0
40828 0
40827 0
40826 0
40825 0
40824 0
40823 0
40822 0
40821 0
40820 0
40819 0
40818 0
40817 0
40816 0
40815 0
40814 0
40813 0
40812 0
40811 0
40810 0
40809 0
40808 0
40807 0
40806 0
40805 0
40804 0
40803 0
40802 0
40801 0
40800 0
40799 0
40798 0
40797 0
40796 0
40795 0
40794 0
40793 0
40792 0
40791 0
40790 0
40789 0
40788 0
40787 0
40786 0
40785 0
40784 0
40783 0
40782 0
40781 0
40780 0
40779 0
40778 0
40777 0
40776 0
40775 0
40774 0
40773 0
40772 0
40771 0
40770 0
40769 0
40768 0
40767 0
40766 0
40765 0
40764 0
40763 0
40762 0
40761 0
40760 0
40759 0
40758 0
40757 0
40756 0
40755 0
40754 0
