27799 9.6437
19712 5.69437
14138 5.17425
37496 4.83386
35346 4.66652
36313 3.91347
13654 3.7255
35766 3.66378
35220 3.38334
15212 3.19051
16745 2.90138
2885 2.03438
13916 1.96505
35734 1.93301
22405 1.80255
28094 1.60516
23898 1.49306
26832 1.45983
16076 1.453
19967 1.35121
37342 1.22427
24239 1.20826
13507 1.05384
17033 0.994048
40342 0.971398
11804 0.946429
15225 0.94341
8224 0.90303
40585 0.885118
1355 0.868615
16395 0.856936
21757 0.853424
24957 0.840207
14943 0.839744
16298 0.835253
38078 0.832906
39960 0.827821
8828 0.81859
27033 0.80861
830 0.804365
18520 0.797478
38608 0.796472
37374 0.792721
13628 0.784953
10900 0.77759
5778 0.754021
26786 0.745455
15276 0.741681
30897 0.718347
6041 0.684687
36918 0.667394
15536 0.655299
21323 0.644444
33633 0.630578
18138 0.612685
12185 0.60119
23886 0.600835
16504 0.588889
27926 0.579045
33028 0.559888
7592 0.551665
11559 0.547619
32620 0.545238
34123 0.538177
11626 0.517783
24012 0.50976
9957 0.503558
23843 0.502373
14489 0.497619
24596 0.496191
34740 0.492427
18561 0.488749
3852 0.486607
30847 0.476656
20093 0.469215
6298 0.468255
14917 0.466667
40525 0.454297
4539 0.45
25360 0.449895
26512 0.438462
28688 0.429167
18834 0.427544
12569 0.426587
37948 0.42619
3940 0.418132
16723 0.416667
22368 0.411719
1131 0.408333
19580 0.40743
19952 0.405357
14672 0.402497
4872 0.401923
17137 0.392857
36400 0.388128
26693 0.383307
9444 0.379194
38863 0.372257
36952 0.369732
34561 0.358241
25614 0.355128
33267 0.340307
328 0.33972
6105 0.338835
40204 0.336111
27073 0.333766
24242 0.333333
6518 0.333333
40282 0.330128
5821 0.32619
14842 0.325
6654 0.32248
21348 0.320991
39507 0.316902
2786 0.315668
3140 0.315507
26095 0.309654
40375 0.305128
20564 0.305128
35175 0.297285
32437 0.293651
40165 0.285354
7076 0.281746
19517 0.277406
25362 0.276786
26181 0.275115
19253 0.274841
9197 0.272412
34835 0.268236
17583 0.268236
35525 0.264957
37027 0.263258
17397 0.263059
26323 0.2625
22184 0.253325
4444 0.253002
27863 0.252443
18531 0.25
16097 0.25
4189 0.25
22530 0.248801
22170 0.248801
26069 0.24812
27349 0.247047
18356 0.24504
36528 0.240553
15665 0.236378
26476 0.231685
27190 0.229798
30793 0.227685
3018 0.222756
16283 0.216667
12110 0.215812
16502 0.212943
3068 0.212943
4866 0.210256
9583 0.209588
4112 0.208824
24764 0.20664
37955 0.2058
26375 0.203862
16655 0.202413
35317 0.201611
36540 0.200251
40696 0.2
38956 0.2
38760 0.2
16806 0.2
15113 0.2
302 0.2
31148 0.199848
12238 0.199848
21703 0.198247
34169 0.196887
39962 0.193541
4548 0.191209
33898 0.188995
27388 0.188995
8342 0.187943
27989 0.186712
18452 0.186712
12766 0.186022
31947 0.182258
18248 0.18213
30209 0.180515
38468 0.177871
15467 0.175736
29923 0.173002
34116 0.172222
18842 0.172222
35062 0.17006
33391 0.167833
30136 0.167751
32329 0.166667
30229 0.166667
23928 0.166667
22320 0.166667
21101 0.166667
3337 0.166667
5488 0.166408
3887 0.165273
10916 0.163743
37672 0.163433
15416 0.162998
8672 0.160119
25375 0.159211
15012 0.15448
37795 0.152841
23218 0.150877
19009 0.14984
31140 0.14549
37711 0.142857
28756 0.142857
19825 0.142857
19032 0.142857
1390 0.142857
10988 0.139753
32688 0.137685
17312 0.137685
14768 0.137685
9196 0.133954
7618 0.133472
32043 0.132248
20928 0.12961
37882 0.128119
17412 0.128119
2781 0.128119
38952 0.126725
11240 0.126725
40173 0.125
34337 0.125
31318 0.125
22390 0.125
14546 0.125
11052 0.125
9592 0.125
7175 0.125
6592 0.125
170 0.125
13337 0.123908
28655 0.119949
3718 0.119949
3356 0.115476
24678 0.115027
36968 0.114903
2484 0.114903
15576 0.114497
37730 0.111111
37546 0.111111
36477 0.111111
35203 0.111111
34309 0.111111
19509 0.111111
9553 0.111111
1821 0.111111
38118 0.110847
39245 0.109738
7312 0.109738
33561 0.109417
20560 0.109417
39947 0.106733
30676 0.106733
27400 0.106733
17521 0.106733
17373 0.106733
11080 0.106733
110 0.106733
23439 0.103624
34737 0.1
33979 0.1
27395 0.1
26546 0.1
21772 0.1
18328 0.1
15264 0.1
14858 0.1
14534 0.1
14490 0.1
7132 0.1
6300 0.1
5727 0.1
5144 0.1
4293 0.1
2618 0.1
543 0.1
21000 0.0994725
2168 0.0994725
32868 0.0981498
13948 0.0981498
10719 0.0981498
6377 0.0981498
612 0.0949488
8237 0.0925532
1610 0.0925532
24591 0.0910642
22711 0.0910642
21815 0.0910642
35439 0.0909091
33520 0.0909091
32223 0.0909091
27514 0.0909091
33752 0.0833333
12541 0.0833333
10923 0.0833333
2899 0.0833333
905 0.0833333
16220 0.0810908
25765 0.0805235
38762 0.0769231
38156 0.0769231
33546 0.0769231
31891 0.0769231
31260 0.0769231
31027 0.0769231
29687 0.0769231
27740 0.0769231
25705 0.0769231
21932 0.0769231
15586 0.0769231
7536 0.0769231
7478 0.0769231
3229 0.0769231
432 0.0769231
29634 0.0727472
9309 0.0727472
38346 0.0714286
36955 0.0714286
35894 0.0714286
35790 0.0714286
32611 0.0714286
29361 0.0714286
28836 0.0714286
24907 0.0714286
9328 0.0714286
5241 0.0714286
37566 0.0666667
37005 0.0666667
31943 0.0666667
26794 0.0666667
24761 0.0666667
24420 0.0666667
24041 0.0666667
21282 0.0666667
18230 0.0666667
13432 0.0666667
12449 0.0666667
11393 0.0666667
10073 0.0666667
6820 0.0666667
630 0.0666667
31312 0.0625
28500 0.0625
23206 0.0625
22083 0.0625
20969 0.0625
20704 0.0625
19259 0.0625
12289 0.0625
6906 0.0625
6361 0.0625
3002 0.0625
38014 0.0588235
32544 0.0588235
29261 0.0588235
26562 0.0588235
23769 0.0588235
16222 0.0588235
13140 0.0588235
4900 0.0588235
2570 0.0588235
2262 0.0588235
860 0.0588235
39567 0.0555556
32108 0.0555556
29875 0.0555556
28964 0.0555556
26410 0.0555556
20862 0.0555556
11890 0.0555556
8412 0.0555556
4058 0.0555556
3821 0.0555556
3535 0.0555556
37502 0.05489
8035 0.05489
6140 0.05489
1966 0.05489
39791 0.0526316
37930 0.0526316
34378 0.0526316
28880 0.0526316
25227 0.0526316
22412 0.0526316
17154 0.0526316
1326 0.0526316
32886 0.05
29077 0.05
27796 0.05
13433 0.05
11243 0.05
9322 0.05
2801 0.05
34998 0.047619
33046 0.047619
28106 0.047619
26769 0.047619
24505 0.047619
16250 0.047619
15630 0.047619
14658 0.047619
12451 0.047619
11876 0.047619
8193 0.047619
5693 0.047619
4761 0.047619
2877 0.047619
29627 0.0454545
29586 0.0454545
29516 0.0454545
23872 0.0454545
22787 0.0454545
19653 0.0454545
19277 0.0454545
18160 0.0454545
9584 0.0454545
9180 0.0454545
3583 0.0454545
38535 0.0434783
37944 0.0434783
36948 0.0434783
30476 0.0434783
28739 0.0434783
23370 0.0434783
22577 0.0434783
22218 0.0434783
21831 0.0434783
21801 0.0434783
20567 0.0434783
19186 0.0434783
18340 0.0434783
18231 0.0434783
17763 0.0434783
16508 0.0434783
13957 0.0434783
13172 0.0434783
10925 0.0434783
5180 0.0434783
4818 0.0434783
938 0.0434783
592 0.0434783
102 0.0434783
35535 0.0416667
30448 0.0416667
29946 0.0416667
29225 0.0416667
26312 0.0416667
25651 0.0416667
19824 0.0416667
14569 0.0416667
7790 0.0416667
7511 0.0416667
4150 0.0416667
1614 0.0416667
1175 0.0416667
39642 0.0395429
38583 0.0395429
37344 0.0395429
35185 0.0395429
21978 0.0395429
20007 0.0395429
2218 0.0395429
38864 0.0384615
38519 0.0384615
37815 0.0384615
37719 0.0384615
34999 0.0384615
34385 0.0384615
33477 0.0384615
30439 0.0384615
26928 0.0384615
18161 0.0384615
15562 0.0384615
13661 0.0384615
12911 0.0384615
9484 0.0384615
8177 0.0384615
7624 0.0384615
6807 0.0384615
5214 0.0384615
3698 0.0384615
406 0.0384615
16924 0.037037
13234 0.0357143
3701 0.0357143
962 0.0357143
39951 0.0322581
32294 0.0322581
28737 0.0322581
27972 0.0322581
12788 0.0322581
