31589 63.1171
27799 58.358
2638 41.6939
18138 39.4695
11810 26.4927
27166 22.5845
22530 21.1466
28855 18.6856
6319 18.39
24902 16.8591
20749 16.7658
37102 16.5758
26786 16.0425
20763 15.4338
12522 15.2816
16806 14.6048
8208 14.4902
40890 13.967
29140 13.7219
24523 13.0085
3815 11.9881
1281 11.1481
32572 9.44783
28008 8.42074
24336 8.39702
24055 8.18353
6041 7.94601
13766 7.65046
38109 7.51607
13654 7.45974
25826 6.82106
4189 6.77801
7555 6.72538
1745 6.70372
16504 6.66815
9503 6.58343
35766 6.4574
7454 6.38428
17312 6.31542
33377 6.13811
29626 5.93585
10253 5.77027
8427 5.67222
21889 5.66318
22088 5.38975
32337 5.3596
40842 4.9662
7478 4.95197
40868 4.95067
19277 4.92215
8224 4.91904
37120 4.80868
14936 4.80023
27675 4.74643
34795 4.57461
30168 4.52808
27721 4.46674
28521 4.41042
32544 4.32913
20928 4.32364
29270 4.19285
5448 4.1886
1253 4.03683
26058 3.83618
19867 3.78466
31457 3.78019
21186 3.7633
23843 3.70738
35014 3.70549
23354 3.59932
27768 3.55595
30504 3.3701
11266 3.33807
22453 3.27859
2027 3.27366
32885 3.23078
785 3.18913
21323 3.18175
27083 3.16029
30035 3.13095
35734 3.11108
15257 3.08871
7792 3.08615
7099 3.07543
4866 3.05257
38856 2.99971
7253 2.94382
13916 2.88544
31564 2.82925
33633 2.72309
36313 2.71235
22456 2.67362
25556 2.63297
1378 2.61605
2885 2.57589
32788 2.57342
37954 2.52606
22249 2.51728
36400 2.516
37961 2.50952
18520 2.48823
31818 2.48287
1491 2.46567
26476 2.38333
17100 2.38195
24137 2.36994
19223 2.3521
841 2.34323
17417 2.33528
6097 2.31786
24239 2.31667
39661 2.29954
9196 2.28688
18963 2.25852
20516 2.24181
21813 2.23951
18063 2.23753
27363 2.22143
6707 2.21098
33796 2.18036
21903 2.11273
12942 2.11152
27486 2.09638
14503 2.077
35346 2.07439
23963 2.05119
36078 2.00318
18329 1.98184
33267 1.97083
4873 1.95742
10196 1.95002
39671 1.93571
19242 1.91151
22711 1.91001
11446 1.89369
40599 1.89181
542 1.88308
6579 1.87334
18017 1.8635
36875 1.86011
38404 1.84444
432 1.81014
4994 1.80159
11167 1.79744
17137 1.7948
25385 1.7879
5603 1.78393
35825 1.77867
30216 1.77866
33459 1.75938
39888 1.70094
11264 1.69673
26398 1.69077
25851 1.68323
40389 1.66545
7145 1.66061
40431 1.65052
20704 1.629
40553 1.61643
34770 1.61626
1599 1.61567
13550 1.61111
31698 1.6
11059 1.58889
10155 1.5748
30192 1.56667
6172 1.56259
32279 1.53453
13628 1.53333
12698 1.53333
15167 1.52669
37077 1.50758
21772 1.48333
26485 1.475
32036 1.4381
38049 1.43636
30793 1.43501
25537 1.42619
29923 1.42476
12569 1.41237
31054 1.40952
34999 1.4
36732 1.39979
25356 1.39597
12985 1.39124
19774 1.3823
20230 1.37733
27190 1.36978
21830 1.36185
30616 1.34533
39383 1.34286
17219 1.33397
5971 1.32619
17317 1.3
11410 1.29964
22876 1.29524
27863 1.29473
10878 1.29167
24596 1.28168
32812 1.27778
1192 1.27358
13927 1.26786
30635 1.26598
38236 1.26354
7152 1.25882
4203 1.25758
14669 1.24695
9283 1.23087
11607 1.22543
26707 1.22222
39387 1.21389
5159 1.20952
11869 1.20084
9663 1.19561
4586 1.18333
21785 1.18114
7536 1.17143
30186 1.16586
9001 1.15758
7175 1.15743
22404 1.14789
32324 1.14425
18964 1.12946
6336 1.11978
20007 1.11905
33497 1.11716
24364 1.10044
38891 1.08627
29204 1.07505
21861 1.0671
18369 1.0646
37085 1.05516
34015 1.03924
271 1.03349
30693 1.02773
30847 1.01746
38419 1.01127
35099 1.00903
31140 1.00744
37546 0.992063
3727 0.990085
28229 0.973815
860 0.966399
37924 0.957143
11417 0.950763
22246 0.947475
320 0.942942
32208 0.938492
31721 0.932924
7245 0.932143
30073 0.931061
29946 0.930952
28185 0.917142
17917 0.914586
27408 0.910517
28094 0.903361
30425 0.893898
14858 0.889322
40252 0.874242
31767 0.868073
34768 0.866667
31228 0.861544
25474 0.859524
16076 0.858942
23898 0.858333
36257 0.853604
37291 0.833333
36017 0.833333
32437 0.831446
9616 0.8243
32340 0.82381
4361 0.823232
27663 0.812762
32092 0.8125
29551 0.809524
10013 0.809524
35203 0.797468
8685 0.795513
34370 0.790085
30310 0.783333
29067 0.777044
40870 0.776557
15056 0.772355
39951 0.767857
12423 0.766667
27052 0.765774
39947 0.76197
27989 0.76197
11080 0.76197
110 0.76197
39583 0.760343
25568 0.757576
3167 0.75
21913 0.75
28843 0.748052
25041 0.747558
23143 0.739106
16298 0.736508
21005 0.729167
38535 0.718695
3936 0.715593
8242 0.701684
32144 0.7
22170 0.694741
1238 0.694444
31531 0.692605
3486 0.691193
33452 0.689815
24730 0.683333
5209 0.683333
3068 0.68209
25213 0.680054
3096 0.67619
31445 0.674242
80 0.666466
19219 0.66038
9957 0.656528
8497 0.65
16745 0.644444
166 0.643804
37511 0.642857
37305 0.637398
22361 0.633333
15642 0.633333
141 0.629437
1754 0.625
17164 0.620635
37938 0.616667
37070 0.616667
12874 0.616667
6820 0.616667
4764 0.616667
26146 0.614822
20094 0.611111
2786 0.611111
10923 0.607739
39859 0.605688
2652 0.605556
32016 0.603968
34835 0.602428
830 0.60119
16947 0.6
16801 0.6
35569 0.597355
21912 0.597201
27059 0.592401
37958 0.588186
5778 0.587597
9527 0.587302
31827 0.583333
7258 0.583333
7937 0.575
37126 0.573333
349 0.567075
21820 0.561238
14185 0.561111
25362 0.558333
14604 0.557251
31947 0.555556
5055 0.555556
24591 0.554815
25076 0.55
28110 0.549242
22594 0.547619
37839 0.542857
612 0.541667
6138 0.540909
39231 0.535714
40284 0.533333
15012 0.526207
25065 0.524242
14138 0.524194
14191 0.521645
6118 0.521368
22405 0.517857
7746 0.517857
28638 0.514235
25746 0.511363
22959 0.499542
1410 0.49359
30275 0.492857
2266 0.492857
3002 0.488138
22321 0.483066
7202 0.477778
15467 0.475
6505 0.472222
13001 0.471137
26292 0.469608
17201 0.467857
4934 0.467857
30676 0.467494
8035 0.462322
17900 0.458697
22719 0.454124
13235 0.451923
26832 0.442857
36528 0.442857
29041 0.43254
16962 0.429337
14490 0.429167
11640 0.427632
13119 0.424242
9239 0.424242
15416 0.42286
33878 0.421916
3535 0.419935
29819 0.416667
29076 0.414286
32930 0.412338
31891 0.411111
30050 0.411111
27938 0.411111
9736 0.410714
28449 0.40655
36952 0.402778
17363 0.402778
3642 0.400758
36957 0.400433
21142 0.392857
36934 0.385296
18356 0.38254
16754 0.380556
17596 0.377778
21105 0.374542
29021 0.371795
8237 0.368347
8365 0.362465
8513 0.360714
40525 0.358333
32034 0.355839
22836 0.353968
40900 0.35
2862 0.349573
34157 0.347222
550 0.346465
10767 0.340909
927 0.339829
1451 0.336601
37285 0.333333
36615 0.333333
35790 0.333333
34816 0.333333
33340 0.333333
30933 0.333333
29491 0.333333
23462 0.333333
21448 0.333333
14318 0.333333
13560 0.333333
11334 0.333333
8412 0.333333
7102 0.333333
6356 0.333333
5937 0.333333
2790 0.333333
2078 0.333333
1942 0.333333
33997 0.331667
13669 0.329412
27901 0.329132
11626 0.329004
33499 0.32702
14569 0.326681
6711 0.324099
3541 0.32338
21115 0.316667
32304 0.310689
32118 0.309524
28749 0.309524
15022 0.309028
13526 0.305322
32620 0.304233
21272 0.302886
25765 0.301587
39551 0.299423
25505 0.299333
18052 0.294935
16126 0.290727
34579 0.289353
23432 0.28869
10991 0.286398
21062 0.285218
350 0.281746
1830 0.281566
13398 0.280303
22798 0.278604
950 0.278604
35733 0.276682
31623 0.27549
8057 0.275336
5422 0.274733
21010 0.273968
26181 0.272487
4848 0.271368
26854 0.265079
17729 0.265016
36472 0.260317
29441 0.259921
26069 0.259921
