13197 2.36444
2560 1.8936
20890 1.52789
10254 1.44717
886 0.765278
19850 0.653247
10643 0.575
28588 0.564358
16789 0.556721
20541 0.453968
538 0.426923
8718 0.400433
543 0.392105
33025 0.378847
16968 0.367832
19800 0.339922
2580 0.339922
15656 0.333333
13810 0.333333
1346 0.333333
2206 0.329167
23414 0.324675
8672 0.315909
14091 0.295238
38569 0.25
26807 0.25
12714 0.244877
10181 0.244877
28213 0.236111
14924 0.236111
36388 0.222222
3329 0.2
22976 0.173611
2370 0.173611
31496 0.166667
26197 0.154701
8943 0.154701
22613 0.142857
20984 0.142857
39467 0.125
35740 0.125
30725 0.125
16771 0.125
6358 0.125
3574 0.125
28941 0.111111
18930 0.111111
5648 0.111111
3292 0.111111
40012 0.1
36363 0.1
26998 0.1
22229 0.1
25256 0.0909091
25181 0.0909091
23921 0.0909091
22795 0.0909091
21911 0.0909091
17868 0.0909091
17301 0.0909091
10984 0.0909091
6315 0.0909091
5809 0.0909091
4113 0.0909091
627 0.0909091
38391 0.0769231
37613 0.0769231
20478 0.0769231
15231 0.0769231
6403 0.0769231
6380 0.0769231
39277 0.0666667
38144 0.0666667
35511 0.0666667
20936 0.0666667
1365 0.0666667
241 0.0666667
40636 0.0629384
31880 0.0629384
19626 0.0629384
19430 0.0629384
14319 0.0629384
9767 0.0629384
7858 0.0629384
7658 0.0629384
1026 0.0629384
454 0.0629384
66 0.0629384
35445 0.0625
25290 0.0625
25245 0.0625
24002 0.0625
17696 0.0625
11555 0.0625
7475 0.0625
34800 0.0285714
34511 0.0285714
32888 0.0285714
28467 0.0285714
26696 0.0285714
24825 0.0285714
20845 0.0285714
20347 0.0285714
16465 0.0285714
16147 0.0285714
12948 0.0285714
11385 0.0285714
10556 0.0285714
2292 0.0285714
40806 0.0232558
37488 0.0232558
37025 0.0232558
36180 0.0232558
35755 0.0232558
35313 0.0232558
34129 0.0232558
33642 0.0232558
31801 0.0232558
30038 0.0232558
29598 0.0232558
27775 0.0232558
24933 0.0232558
22386 0.0232558
22191 0.0232558
21350 0.0232558
11902 0.0232558
11822 0.0232558
6634 0.0232558
2959 0.0232558
2475 0.0232558
311 0.0232558
39977 0.0111111
39884 0.0111111
39348 0.0111111
38906 0.0111111
38322 0.0111111
36271 0.0111111
36189 0.0111111
36145 0.0111111
35307 0.0111111
31777 0.0111111
31673 0.0111111
30916 0.0111111
30455 0.0111111
29943 0.0111111
29519 0.0111111
28934 0.0111111
28757 0.0111111
28653 0.0111111
28345 0.0111111
27658 0.0111111
27239 0.0111111
25780 0.0111111
25745 0.0111111
25395 0.0111111
24598 0.0111111
24033 0.0111111
23696 0.0111111
23640 0.0111111
23228 0.0111111
22656 0.0111111
20980 0.0111111
20410 0.0111111
20390 0.0111111
20309 0.0111111
19164 0.0111111
19032 0.0111111
18984 0.0111111
18136 0.0111111
17859 0.0111111
17522 0.0111111
16819 0.0111111
15046 0.0111111
12757 0.0111111
12747 0.0111111
12095 0.0111111
11563 0.0111111
11548 0.0111111
9864 0.0111111
8433 0.0111111
8269 0.0111111
8136 0.0111111
7236 0.0111111
5242 0.0111111
5040 0.0111111
4641 0.0111111
4533 0.0111111
4497 0.0111111
4278 0.0111111
2999 0.0111111
2209 0.0111111
1466 0.0111111
1081 0.0111111
40980 0
40979 0
40978 0
40977 0
40976 0
40975 0
40974 0
40973 0
40972 0
40971 0
40970 0
40969 0
40968 0
40967 0
40966 0
40965 0
40964 0
40963 0
40962 0
40961 0
40960 0
40959 0
40958 0
40957 0
40956 0
40955 0
40954 0
40953 0
40952 0
40951 0
40950 0
40949 0
40948 0
40947 0
40946 0
40945 0
40944 0
40943 0
40942 0
40941 0
40940 0
40939 0
40938 0
40937 0
40936 0
40935 0
40934 0
40933 0
40932 0
40931 0
40930 0
40929 0
40928 0
40927 0
40926 0
40925 0
40924 0
40923 0
40922 0
40921 0
40920 0
40919 0
40918 0
40917 0
40916 0
40915 0
40914 0
40913 0
40912 0
40911 0
40910 0
40909 0
40908 0
40907 0
40906 0
40905 0
40904 0
40903 0
40902 0
40901 0
40900 0
40899 0
40898 0
40897 0
40896 0
40895 0
40894 0
40893 0
40892 0
40891 0
40890 0
40889 0
40888 0
40887 0
40886 0
40885 0
40884 0
40883 0
40882 0
40881 0
40880 0
40879 0
40878 0
40877 0
40876 0
40875 0
40874 0
40873 0
40872 0
40871 0
40870 0
40869 0
40868 0
40867 0
40866 0
40865 0
40864 0
40863 0
40862 0
40861 0
40860 0
40859 0
40858 0
40857 0
40856 0
40855 0
40854 0
40853 0
40852 0
40851 0
40850 0
40849 0
40848 0
40847 0
40846 0
40845 0
40844 0
40843 0
40842 0
40841 0
40840 0
40839 0
40838 0
40837 0
40836 0
40835 0
40834 0
40833 0
40832 0
40831 0
40830 0
40829 0
40828 0
40827 0
40826 0
40825 0
40824 0
40823 0
40822 0
40821 0
40820 0
40819 0
40818 0
40817 0
40816 0
40815 0
40814 0
40813 0
40812 0
40811 0
40810 0
40809 0
40808 0
40807 0
40805 0
40804 0
40803 0
40802 0
40801 0
40800 0
40799 0
40798 0
40797 0
40796 0
40795 0
40794 0
40793 0
40792 0
40791 0
40790 0
40789 0
40788 0
40787 0
40786 0
40785 0
40784 0
40783 0
40782 0
40781 0
40780 0
40779 0
40778 0
40777 0
40776 0
40775 0
40774 0
40773 0
40772 0
40771 0
40770 0
40769 0
40768 0
40767 0
40766 0
40765 0
40764 0
40763 0
40762 0
40761 0
40760 0
40759 0
40758 0
40757 0
40756 0
40755 0
40754 0
40753 0
40752 0
40751 0
40750 0
40749 0
40748 0
40747 0
40746 0
40745 0
40744 0
40743 0
40742 0
40741 0
40740 0
40739 0
40738 0
40737 0
40736 0
40735 0
40734 0
40733 0
40732 0
40731 0
40730 0
40729 0
40728 0
40727 0
40726 0
40725 0
40724 0
40723 0
40722 0
40721 0
40720 0
40719 0
40718 0
40717 0
40716 0
40715 0
40714 0
40713 0
40712 0
40711 0
40710 0
40709 0
40708 0
40707 0
40706 0
40705 0
40704 0
40703 0
40702 0
40701 0
40700 0
40699 0
40698 0
40697 0
40696 0
40695 0
40694 0
40693 0
40692 0
40691 0
40690 0
40689 0
40688 0
40687 0
40686 0
40685 0
40684 0
40683 0
40682 0
40681 0
40680 0
40679 0
40678 0
40677 0
40676 0
40675 0
40674 0
40673 0
