8672 8.93098
32311 2.96973
34299 2.95
31301 2.04488
34946 1.87519
20926 1.80981
24492 1.65848
4878 1.35
27804 1.24498
27197 1.18716
1006 1.18016
3185 1.1039
23615 0.996028
6970 0.949457
9354 0.937229
36035 0.896979
13040 0.833333
3109 0.822222
11332 0.798266
24381 0.777778
3782 0.746753
25946 0.733333
26245 0.679654
15769 0.653139
20873 0.642857
12000 0.642857
32056 0.624349
35696 0.6
32543 0.59632
31453 0.553114
25626 0.521368
33007 0.502632
4520 0.466667
25174 0.452632
22611 0.413743
10737 0.400433
16196 0.388889
24935 0.37619
9371 0.365079
21481 0.362155
36917 0.333333
33977 0.333333
18950 0.333333
9689 0.333333
8984 0.333333
8773 0.3066
21364 0.255844
37835 0.25
25512 0.25
24825 0.25
17738 0.25
16781 0.25
8027 0.25
17069 0.230409
40823 0.228896
20343 0.228896
22411 0.205263
32996 0.202632
40439 0.2
35590 0.2
32648 0.2
29737 0.2
24646 0.2
17519 0.2
8851 0.2
8117 0.2
34978 0.187229
14277 0.187229
38667 0.166667
31978 0.166667
25170 0.166667
16640 0.166667
15244 0.166667
14544 0.166667
13773 0.166667
34301 0.142857
32885 0.142857
29263 0.142857
24414 0.142857
20341 0.142857
19471 0.142857
18270 0.142857
16998 0.142857
12537 0.142857
10923 0.142857
9032 0.142857
7980 0.142857
6897 0.142857
2647 0.142857
34346 0.125
8833 0.125
2538 0.125
28510 0.113238
28089 0.113238
22235 0.113238
19579 0.113238
16415 0.113238
11677 0.113238
6530 0.113238
38394 0.111111
36542 0.111111
36301 0.111111
24570 0.111111
23567 0.111111
18292 0.111111
17079 0.111111
14195 0.111111
12384 0.111111
11862 0.111111
8124 0.111111
5026 0.111111
4928 0.111111
4247 0.111111
1775 0.111111
23107 0.1
19866 0.1
17634 0.0909091
10980 0.0909091
4674 0.0909091
363 0.0909091
33660 0.0769231
22402 0.0769231
10073 0.0769231
5693 0.0769231
919 0.0769231
186 0.0769231
52 0.0769231
39916 0.0666667
32441 0.0666667
27756 0.0666667
22963 0.0666667
14067 0.0666667
4386 0.0666667
2158 0.0666667
36818 0.0526316
33829 0.0526316
24039 0.0526316
16702 0.0526316
15595 0.0526316
3833 0.0526316
39991 0.047619
33704 0.047619
30054 0.047619
22699 0.047619
6983 0.047619
1975 0.047619
40411 0.012987
38658 0.012987
36400 0.012987
35740 0.012987
35198 0.012987
35138 0.012987
34911 0.012987
34678 0.012987
33477 0.012987
32893 0.012987
32118 0.012987
32110 0.012987
31315 0.012987
30790 0.012987
30758 0.012987
30668 0.012987
27799 0.012987
25155 0.012987
25096 0.012987
24224 0.012987
22386 0.012987
21348 0.012987
21186 0.012987
21048 0.012987
20541 0.012987
20167 0.012987
19800 0.012987
17921 0.012987
16806 0.012987
13891 0.012987
13530 0.012987
12549 0.012987
10695 0.012987
10349 0.012987
9499 0.012987
8921 0.012987
8232 0.012987
7272 0.012987
7229 0.012987
6919 0.012987
6166 0.012987
5726 0.012987
5159 0.012987
3400 0.012987
3237 0.012987
2580 0.012987
306 0.012987
48 0.012987
12 0.012987
40980 0
40979 0
40978 0
40977 0
40976 0
40975 0
40974 0
40973 0
40972 0
40971 0
40970 0
40969 0
40968 0
40967 0
40966 0
40965 0
40964 0
40963 0
40962 0
40961 0
40960 0
40959 0
40958 0
40957 0
40956 0
40955 0
40954 0
40953 0
40952 0
40951 0
40950 0
40949 0
40948 0
40947 0
40946 0
40945 0
40944 0
40943 0
40942 0
40941 0
40940 0
40939 0
40938 0
40937 0
40936 0
40935 0
40934 0
40933 0
40932 0
40931 0
40930 0
40929 0
40928 0
40927 0
40926 0
40925 0
40924 0
40923 0
40922 0
40921 0
40920 0
40919 0
40918 0
40917 0
40916 0
40915 0
40914 0
40913 0
40912 0
40911 0
40910 0
40909 0
40908 0
40907 0
40906 0
40905 0
40904 0
40903 0
40902 0
40901 0
40900 0
40899 0
40898 0
40897 0
40896 0
40895 0
40894 0
40893 0
40892 0
40891 0
40890 0
40889 0
40888 0
40887 0
40886 0
40885 0
40884 0
40883 0
40882 0
40881 0
40880 0
40879 0
40878 0
40877 0
40876 0
40875 0
40874 0
40873 0
40872 0
40871 0
40870 0
40869 0
40868 0
40867 0
40866 0
40865 0
40864 0
40863 0
40862 0
40861 0
40860 0
40859 0
40858 0
40857 0
40856 0
40855 0
40854 0
40853 0
40852 0
40851 0
40850 0
40849 0
40848 0
40847 0
40846 0
40845 0
40844 0
40843 0
40842 0
40841 0
40840 0
40839 0
40838 0
40837 0
40836 0
40835 0
40834 0
40833 0
40832 0
40831 0
40830 0
40829 0
40828 0
40827 0
40826 0
40825 0
40824 0
40822 0
40821 0
40820 0
40819 0
40818 0
40817 0
40816 0
40815 0
40814 0
40813 0
40812 0
40811 0
40810 0
40809 0
40808 0
40807 0
40806 0
40805 0
40804 0
40803 0
40802 0
40801 0
40800 0
40799 0
40798 0
40797 0
40796 0
40795 0
40794 0
40793 0
40792 0
40791 0
40790 0
40789 0
40788 0
40787 0
40786 0
40785 0
40784 0
40783 0
40782 0
40781 0
40780 0
40779 0
40778 0
40777 0
40776 0
40775 0
40774 0
40773 0
40772 0
40771 0
40770 0
40769 0
40768 0
40767 0
40766 0
40765 0
40764 0
40763 0
40762 0
40761 0
40760 0
40759 0
40758 0
40757 0
40756 0
40755 0
40754 0
40753 0
40752 0
40751 0
40750 0
40749 0
40748 0
40747 0
40746 0
40745 0
40744 0
40743 0
40742 0
40741 0
40740 0
40739 0
40738 0
40737 0
40736 0
40735 0
40734 0
40733 0
40732 0
40731 0
40730 0
40729 0
40728 0
40727 0
40726 0
40725 0
40724 0
40723 0
40722 0
40721 0
40720 0
40719 0
40718 0
40717 0
40716 0
40715 0
40714 0
40713 0
40712 0
40711 0
40710 0
40709 0
40708 0
40707 0
40706 0
40705 0
40704 0
40703 0
40702 0
40701 0
40700 0
40699 0
40698 0
40697 0
40696 0
40695 0
40694 0
40693 0
40692 0
40691 0
40690 0
40689 0
40688 0
40687 0
40686 0
40685 0
40684 0
40683 0
40682 0
40681 0
40680 0
40679 0
40678 0
40677 0
40676 0
40675 0
