31301 11853.2
23843 11739.4
19032 10467.3
27799 8051.13
11453 6391.63
23696 6379.44
8672 6150.24
23724 4818.57
28552 4692.97
18328 4622.88
6262 4187.08
32885 3945.92
34768 3681.12
987 3544.25
24825 2771.7
31283 2655.78
13043 2648.74
3936 2540.48
1975 2464.47
8027 2284.47
13635 2183.03
37924 1876.24
10923 1793.36
28010 1764.98
878 1640.15
5214 1507.09
3096 1486.4
40915 1444.21
6651 1344.72
543 1317.6
2885 1306.29
595 1178.6
21183 1081.32
40883 1032.96
21005 1005.08
27766 985.378
17301 859.485
34242 853.703
5362 843.437
18950 782.739
37523 773.223
31329 760.801
9665 741.524
30793 653.59
36899 592.978
17312 536.403
13194 535.364
17860 521.649
20167 499.723
32 495.372
16639 487.483
26152 469.034
13654 453.207
37711 448.507
23043 417.736
1957 413.706
20250 410.403
5693 405.42
10986 395.014
401 369.363
24239 353.082
37888 350.443
17634 344.926
32620 344.447
4298 320.203
21341 311.034
15400 307.38
30997 302.874
25016 299.599
3210 298.668
21393 298.392
22711 297.992
39459 284.409
10480 279.569
21889 264.983
20587 259.192
39791 256.49
9561 245.928
27926 243.502
39962 242.228
21911 242.176
10737 234.856
7708 229.558
24028 226.12
35734 223.673
2840 207.944
21375 205.946
26503 205.467
29143 195.642
37417 186.812
35253 186.585
24414 185.399
8465 178.037
4705 176.542
1704 173.621
35766 171.532
27811 169.7
15603 169.572
36734 161.732
38231 161.663
7055 159.584
4998 158.338
52 157.908
38007 153.168
21668 152.724
25339 151.682
26352 151.579
27514 150.56
17083 145.513
31371 144.579
38535 141.918
31894 141.403
22228 139.388
40340 132.198
9442 132.187
32810 127.533
16817 124.562
37662 124.203
13485 124.17
2869 117.566
10361 116.566
10523 115.558
21859 115.295
18718 113.324
14465 111.37
16919 110.79
26069 109.039
9838 105.928
2647 105.785
31586 105.436
22530 104.631
33633 104.271
28345 102.34
23582 101.753
16652 101.313
18656 98.844
36857 98.5701
830 97.8044
32933 97.5602
14138 95.8872
29934 94.8012
16172 93.8478
34228 92.4558
21703 91.9437
22184 91.7659
12569 91.089
35063 90.7015
2249 89.894
18676 89.0873
35346 88.1953
16967 87.9956
15599 85.1406
9107 84.5297
13309 83.5861
2560 82.3139
9196 81.5711
34737 81.339
20273 80.8397
25079 80.744
36395 80.2883
39572 80.116
1043 79.8735
30054 79.8654
21323 79.8218
26750 79.2553
6041 79.2255
18457 79.1873
12466 79.0327
10761 78.9514
17574 78.8178
18777 78.8049
6415 78.0572
16390 77.9814
16678 75.4657
2106 75.4552
31509 75.023
32229 74.7183
186 73.826
16789 72.3443
26042 72.0911
34433 71.8607
19566 71.0843
40082 70.9798
31964 70.6313
5748 70.3948
28778 69.9324
36464 69.5703
11758 69.0999
28132 68.9155
17687 68.8816
865 68.5255
25555 68.4025
14886 68.1012
28500 67.755
15592 67.5545
24678 67.5002
25337 66.6847
15644 65.909
2263 65.8952
32197 65.7974
17368 65.5607
18520 64.4322
27317 63.9891
6592 63.8356
27595 63.2377
13254 62.2796
20106 62.2681
15225 62.1426
29597 61.9649
18637 61.8458
36313 61.6177
39102 61.4481
28718 60.9187
1313 60.836
34825 60.5626
31946 60.3603
13916 60.3447
36141 60.0239
3852 59.4835
37867 59.3157
1616 59.0504
36400 58.5272
18788 58.4135
27336 58.4059
790 57.9504
37127 57.8445
2335 57.4992
18183 57.1012
10073 57.013
17290 56.6448
31806 56.0486
33267 55.9539
5691 55.2136
9137 55.2002
4322 55.1316
27976 55.0923
40899 54.9537
28094 54.2461
36283 54.075
27410 53.5726
9826 53.5501
7877 53.41
29401 53.2396
11730 53.0933
14544 53.0629
28146 52.9612
40109 52.7253
18011 52.3054
19472 52.211
26601 51.5928
39951 51.3758
30012 51.1031
1629 50.8813
18495 50.8622
7514 50.5288
27505 50.3233
862 50.2841
40890 50.2194
1471 49.2652
27339 49.1313
4374 49.0964
30832 48.9661
17202 48.4122
32536 48.2986
31354 47.9968
40882 47.6159
15416 46.6243
24419 46.5139
11113 46.5022
7315 45.7963
15276 45.764
14548 45.1972
7691 44.6031
37340 44.3058
6983 44.0772
20320 43.9946
7852 43.8941
16298 43.776
30964 43.5623
39555 43.3465
10581 43.2692
6681 43.0796
16504 43.0432
4928 43.0054
37882 42.8275
37176 42.6201
30792 42.3017
9197 41.7945
28988 41.7241
7054 41.4538
40136 41.4499
30589 41.3797
28013 41.3698
25780 41.2632
1659 41.0555
30916 40.8718
32202 40.8143
37923 40.7083
40166 40.4593
25992 40.4155
29737 40.3367
12709 40.2894
15922 40.2639
23499 40.1447
10115 40.1179
36952 40.0564
29997 39.2088
26179 38.8571
13645 38.827
28864 38.6406
27888 38.4822
38002 38.3607
363 38.2228
39856 38.0603
21000 38.009
16947 37.9702
14803 37.745
26786 37.7285
25701 37.609
18610 37.5853
8242 37.4759
31947 37.4434
36557 37.3999
30061 37.2612
34152 37.2085
16233 37.0076
20350 36.1157
6829 35.9905
10865 35.7024
36276 35.6978
25784 35.5547
16806 35.3755
26324 35.3143
18428 35.2324
27892 35.2282
27065 34.9979
23353 34.5425
10812 34.3766
34167 34.1414
17273 34.0359
2484 33.8374
37935 33.6759
18798 33.6303
40017 33.5304
39593 33.4206
37233 33.4103
10980 33.4028
29588 33.3069
2542 33.3068
13432 33.2843
20489 33.1057
7248 33.0857
17399 33.0774
30133 32.9135
8831 32.8929
30742 32.7696
179 32.7224
40204 32.6876
39671 32.6776
22879 32.5737
24505 32.5091
34904 32.3782
35396 32.3238
1642 32.2827
10210 32.1459
27586 32.1319
9862 32.0545
17883 31.9364
9404 31.8798
40342 31.8721
40248 31.8616
36963 31.1805
29162 31.1691
33342 31.1661
34116 31.0802
24667 31.0505
21767 30.9389
5291 30.7706
6992 30.7092
33545 30.7005
6154 30.6808
11209 30.6611
30450 30.546
600 30.4614
25584 30.066
34564 30.0222
32296 29.9869
30668 29.725
23432 29.7212
16869 29.6632
5258 29.5171
9689 29.5105
4876 29.433
33063 29.0863
9775 29.0358
23628 28.8952
23429 28.7116
7145 28.6982
21978 28.5976
13179 28.5301
18034 28.5202
34311 28.289
38292 28.2703
11810 28.2268
34543 28.1568
5279 28.1195
38906 28.0817
19104 28.0145
23061 27.947
11626 27.8637
15179 27.733
233 27.7117
26287 27.6917
26088 27.62
17370 27.5879
8703 27.5548
4901 27.4604
37027 27.3791
34407 27.3562
40895 27.3259
808 27.3234
12940 27.234
38316 27.1335
39346 27.1015
12766 27.0968
20007 26.7527
18209 26.7059
23813 26.6713
24894 26.435
25048 26.4109
7250 26.4024
27486 26.3106
20496 26.2964
26715 26.2768
9326 26.238
14560 26.1777
9092 26.1721
39 26.1181
2241 26.0657
35420 26.0501
26011 26.0483
39695 25.8258
39309 25.7722
29077 25.7238
21711 25.6988
40616 25.6843
766 25.6532
34758 25.5775
21939 25.4353
15311 25.4179
21102 25.3902
35412 25.3694
3554 25.3116
38143 25.2898
919 25.2374
38141 25.1481
17715 25.1427
24812 24.9984
5778 24.8233
19590 24.6809
11850 24.5867
5384 24.5023
665 24.4034
6096 24.274
27667 24.2576
32342 24.2334
40525 24.1759
39965 24.1749
39483 24.1267
6255 24.1244
15122 23.9963
14398 23.9797
4878 23.965
37230 23.7631
30377 23.721
22128 23.6666
23215 23.587
27945 23.5727
10004 23.4814
23462 23.3907
36553 23.3571
21903 23.222
31352 23.175
9930 23.1528
25014 23.1509
9064 23.0833
29619 23.0766
4090 23.0717
7076 22.8743
4520 22.8214
15484 22.8018
8311 22.7521
17782 22.6437
15769 22.5192
24074 22.5187
35317 22.3613
33185 22.3381
31697 22.259
4348 22.219
5833 22.2151
