34488 48.7248
28776 26.454
33975 22.3087
10249 19.5467
39153 16.7786
10211 11.005
34630 9.48515
39156 9.03472
35950 8.49091
34065 7.9208
7570 6.99665
20262 6.7041
14163 5.93204
3114 5.44073
31922 5.38263
34964 4.99755
28700 4.79079
15572 4.03333
23837 3.93349
26081 3.74246
38449 3.73822
28751 3.60497
34939 3.43591
12703 3.35238
22254 3.30463
2115 3.22266
14866 3.08313
22197 3.04311
15250 3.03431
18142 2.87599
4577 2.86667
39763 2.83335
15138 2.82897
19440 2.81667
1158 2.77688
16084 2.6
23168 2.58411
21015 2.33178
28608 2.30311
23798 2.26349
14251 2.25225
35399 2.21232
13839 2.1016
20698 2.06591
27575 2.00869
18227 2.00314
9960 1.97619
27464 1.96557
9333 1.88526
22950 1.85738
35549 1.79081
20086 1.78929
32150 1.75
3012 1.72759
29438 1.67882
33431 1.57802
22441 1.55813
14656 1.52084
19096 1.50883
5798 1.47418
34759 1.45536
694 1.44444
35644 1.44266
12739 1.44167
35863 1.41667
27006 1.36785
2848 1.36667
9841 1.36256
13594 1.36111
6122 1.35873
29986 1.35644
38348 1.32607
35788 1.29091
22939 1.24167
25071 1.21786
29389 1.15952
36777 1.1568
38454 1.14052
3878 1.12752
39341 1.09583
38205 1.07692
8975 1.07679
23782 1.0537
3396 1.03611
17566 1.00476
19135 1.00341
36222 0.996869
11569 0.994298
21818 0.967816
15684 0.966667
3063 0.953456
27851 0.949675
16666 0.936111
28594 0.933692
28903 0.927381
27421 0.920833
37768 0.916667
4261 0.890909
10904 0.89002
3578 0.889953
7317 0.885714
9464 0.88373
24548 0.866667
12967 0.849206
28646 0.845428
32244 0.844298
2264 0.811332
319 0.809524
4555 0.788828
19281 0.785216
38474 0.783333
13066 0.783333
3964 0.783333
21693 0.77402
9515 0.772222
19526 0.759524
7856 0.75
3306 0.75
37266 0.749502
24359 0.734179
35699 0.731944
29578 0.72619
13893 0.72619
8114 0.720635
13687 0.712302
37377 0.701182
16714 0.694444
11376 0.683333
24005 0.679908
2568 0.667659
1041 0.666667
24617 0.658333
4384 0.642857
12736 0.642711
19235 0.62295
14373 0.622391
30566 0.616667
7783 0.611111
4737 0.595833
11762 0.591702
398 0.588889
18590 0.583333
6680 0.583333
39362 0.575641
6039 0.575036
722 0.566667
28186 0.5625
13852 0.560317
7368 0.552632
4424 0.55
18436 0.542857
3595 0.517857
18486 0.514881
34956 0.5125
8876 0.5125
31967 0.503968
40341 0.497645
40681 0.486905
30104 0.484776
10717 0.483981
36318 0.483974
9721 0.479167
17937 0.47619
18901 0.461601
25092 0.456452
15088 0.448413
35318 0.444444
32608 0.429167
8951 0.429167
38174 0.42877
29879 0.42316
1009 0.420635
36493 0.420635
18212 0.416667
38978 0.401681
36829 0.398413
16210 0.397156
30570 0.395833
5019 0.391667
20016 0.376623
3296 0.375
17804 0.373611
12242 0.369048
4989 0.361111
11452 0.360714
22129 0.358161
29664 0.353968
23970 0.347222
11938 0.339423
33265 0.338095
38919 0.333333
37383 0.333333
35635 0.333333
35197 0.333333
31108 0.333333
30542 0.333333
25988 0.333333
24469 0.333333
22899 0.333333
19976 0.333333
12055 0.333333
10562 0.333333
8893 0.333333
8776 0.333333
2930 0.333333
555 0.333333
40733 0.330891
7303 0.326923
2059 0.324675
438 0.321429
15169 0.316017
5063 0.309524
36030 0.30234
10683 0.30234
6087 0.298413
8396 0.297447
11027 0.290105
27287 0.279589
26737 0.279589
24259 0.279589
13392 0.277778
3584 0.274099
32078 0.273611
352 0.273611
4786 0.265835
8841 0.262147
32776 0.253571
18575 0.251623
40289 0.25
39224 0.25
38280 0.25
37095 0.25
36498 0.25
36133 0.25
30258 0.25
28849 0.25
25405 0.25
24893 0.25
23153 0.25
20722 0.25
20123 0.25
19479 0.25
18115 0.25
16609 0.25
15906 0.25
15005 0.25
13094 0.25
12838 0.25
12643 0.25
10092 0.25
7631 0.25
5619 0.25
4557 0.25
2946 0.25
2890 0.25
2470 0.25
1386 0.25
1067 0.25
33702 0.247024
2922 0.246825
23935 0.245401
13787 0.240132
15119 0.233187
31657 0.225
18600 0.225
11286 0.219935
9628 0.214815
1613 0.210317
40727 0.2
39815 0.2
38875 0.2
38784 0.2
37538 0.2
37517 0.2
34820 0.2
34060 0.2
30473 0.2
30306 0.2
27558 0.2
27232 0.2
25956 0.2
25671 0.2
24465 0.2
23851 0.2
19791 0.2
19343 0.2
19192 0.2
19187 0.2
17988 0.2
14930 0.2
14540 0.2
12720 0.2
11456 0.2
10973 0.2
10408 0.2
8421 0.2
6976 0.2
4740 0.2
3402 0.2
107 0.2
30818 0.198247
7491 0.198247
17245 0.194613
23554 0.188141
2258 0.178023
33954 0.170966
12533 0.170229
31215 0.168193
40675 0.166667
36090 0.166667
35687 0.166667
34473 0.166667
31709 0.166667
31540 0.166667
24742 0.166667
20846 0.166667
20275 0.166667
17279 0.166667
15315 0.166667
15007 0.166667
12937 0.166667
11707 0.166667
10293 0.166667
7330 0.166667
6944 0.166667
3697 0.166667
3510 0.166667
2753 0.166667
2699 0.166667
1140 0.166667
39776 0.155093
35545 0.154167
35090 0.146983
30807 0.142857
29531 0.142857
21998 0.142857
21574 0.142857
19769 0.142857
19550 0.142857
18988 0.142857
15977 0.142857
15064 0.142857
14981 0.142857
6088 0.142857
6063 0.142857
4949 0.142857
4429 0.142857
3950 0.142857
2822 0.142857
384 0.142857
27367 0.134127
24726 0.134127
40826 0.125
39607 0.125
35489 0.125
31542 0.125
22280 0.125
21677 0.125
21369 0.125
20314 0.125
10636 0.125
10082 0.125
5118 0.125
4570 0.125
2991 0.125
2351 0.125
307 0.125
40941 0.111111
39119 0.111111
38950 0.111111
38282 0.111111
35289 0.111111
33130 0.111111
32657 0.111111
32585 0.111111
32129 0.111111
29208 0.111111
29055 0.111111
27289 0.111111
26550 0.111111
25967 0.111111
22741 0.111111
21608 0.111111
21075 0.111111
19066 0.111111
16087 0.111111
15599 0.111111
14090 0.111111
13318 0.111111
11076 0.111111
6453 0.111111
3934 0.111111
3263 0.111111
871 0.111111
29008 0.10681
3516 0.101732
38365 0.1
32872 0.1
25898 0.1
18604 0.1
1272 0.1
621 0.1
64 0.1
39955 0.0909091
32291 0.0909091
21720 0.0909091
119 0.0909091
21227 0.0833333
8217 0.0833333
28931 0.0769231
24630 0.0769231
24163 0.0769231
18592 0.0769231
14017 0.0769231
8632 0.0769231
7495 0.0769231
4837 0.0769231
1933 0.0769231
38381 0.0714286
35843 0.0714286
32792 0.0714286
32499 0.0714286
16961 0.0714286
5251 0.0714286
3004 0.0714286
1501 0.0714286
13614 0.0666667
10607 0.0666667
5048 0.0666667
60 0.0666667
39099 0.0625
37727 0.0625
36956 0.0625
35085 0.0625
34386 0.0625
32270 0.0625
31820 0.0625
30796 0.0625
30330 0.0625
27767 0.0625
23265 0.0625
23047 0.0625
20617 0.0625
19588 0.0625
18808 0.0625
18049 0.0625
17462 0.0625
16896 0.0625
16323 0.0625
14946 0.0625
14703 0.0625
13154 0.0625
12024 0.0625
11664 0.0625
10888 0.0625
5606 0.0625
17896 0.0588235
16910 0.0588235
5835 0.0588235
5181 0.0588235
976 0.0588235
35594 0.0555556
34323 0.0555556
27959 0.0555556
23586 0.0555556
23128 0.0555556
22913 0.0555556
20283 0.0555556
19720 0.0555556
17966 0.0555556
14852 0.0555556
12439 0.0555556
9953 0.0555556
8889 0.0555556
3710 0.0555556
552 0.0555556
197 0.0555556
37771 0.0526316
25201 0.0526316
23839 0.0526316
17598 0.0526316
16048 0.0526316
15340 0.0526316
14051 0.0526316
10136 0.0526316
6032 0.0526316
3972 0.0526316
37451 0.05
36890 0.05
25338 0.05
20863 0.05
12005 0.05
8191 0.05
2251 0.05
22195 0.0454545
21546 0.0454545
35473 0.0434783
28981 0.0434783
10179 0.0434783
7419 0.0434783
