21323 4.57883
27799 2.21242
13231 1.92448
16504 1.83935
6859 1.73885
399 1.42798
13432 1.36553
37895 1.25785
13654 1.12179
3068 0.982792
36313 0.959825
2424 0.933759
37496 0.919357
22676 0.888799
28948 0.865431
24849 0.865431
17120 0.777262
18428 0.776927
30321 0.771698
684 0.765596
35317 0.742628
26476 0.713655
207 0.699437
34768 0.654487
4539 0.620658
13452 0.612005
37642 0.579058
31597 0.579058
11399 0.555213
4189 0.54732
14138 0.474553
29923 0.470845
11789 0.466387
37270 0.4521
16220 0.408986
27379 0.399422
2027 0.396998
35601 0.394591
17708 0.392361
19032 0.379167
18248 0.37629
21903 0.374542
12569 0.3537
3002 0.351574
37555 0.346693
37750 0.341721
17754 0.333333
3852 0.31555
24239 0.31504
23843 0.308897
12118 0.296221
35766 0.276605
34312 0.268817
14768 0.268632
18190 0.26828
12922 0.255556
39049 0.25
3940 0.25
2899 0.25
19712 0.249078
33633 0.246406
31763 0.242539
29787 0.242539
18844 0.242539
5802 0.242539
350 0.242539
8419 0.239367
17312 0.232071
9196 0.231235
16424 0.231177
11626 0.227723
2877 0.212127
27926 0.21057
23240 0.210256
35734 0.205726
34034 0.204858
31575 0.204858
15630 0.204858
3541 0.2047
28403 0.202564
25045 0.2
25885 0.19823
9423 0.19823
39791 0.196545
4023 0.192842
37452 0.187395
885 0.187395
35346 0.187296
31333 0.186169
27033 0.186083
9553 0.186081
39245 0.185653
30876 0.179846
16205 0.178968
2218 0.178968
23494 0.171222
33798 0.170094
6410 0.170094
626 0.170094
36692 0.169841
13507 0.16802
40883 0.166667
20928 0.14341
18328 0.143052
7132 0.141317
13513 0.140693
37847 0.138321
22368 0.136274
16076 0.133533
19653 0.132186
19555 0.130072
22313 0.129953
27298 0.128503
25179 0.128503
4471 0.128503
8969 0.125332
32544 0.125
27849 0.125
26196 0.125
32652 0.123647
29909 0.122062
24591 0.122062
15744 0.122062
11920 0.122062
2235 0.122062
34209 0.121449
16723 0.121429
391 0.121429
28478 0.120251
8197 0.120251
21757 0.112075
16924 0.112075
21689 0.111111
17142 0.111111
16868 0.111111
15678 0.111111
4687 0.111111
38583 0.111108
38907 0.110036
2781 0.109286
11768 0.107783
6111 0.107783
37597 0.105679
35029 0.105679
9180 0.105679
630 0.10307
17068 0.102311
13916 0.102311
9903 0.1
28862 0.0985419
34815 0.0979167
33752 0.0979167
31766 0.0979167
9583 0.0979167
24678 0.096437
22530 0.096437
18520 0.096437
19517 0.0958333
16298 0.0958333
14943 0.0958333
32708 0.0940901
31537 0.0940901
14489 0.0940901
33999 0.0891414
18340 0.0891414
27651 0.089072
6906 0.089072
31301 0.0862055
21815 0.0862055
1 0.0862055
37233 0.0858627
4228 0.0855127
2869 0.0840702
22537 0.0793461
22122 0.0793461
2669 0.0793461
36528 0.0769231
19884 0.0769231
5169 0.0769231
1973 0.0769231
19093 0.0765979
15225 0.0745207
34439 0.0733482
15665 0.0733482
15029 0.0733482
37176 0.0691593
35974 0.0691593
35525 0.0691593
21978 0.0691593
186 0.0691593
30793 0.0658627
30676 0.0658627
26095 0.0658627
830 0.0658627
13382 0.0648246
11434 0.0648246
20564 0.0632112
38952 0.0626658
36952 0.0626658
35185 0.0626658
35065 0.0626658
28106 0.0626658
23898 0.0626658
23218 0.0626658
20007 0.0626658
170 0.0626658
33997 0.0625
30186 0.0625
16390 0.0625
35439 0.0608683
27989 0.0608683
24063 0.0608683
36400 0.0600924
21213 0.0600924
19313 0.0600924
6049 0.0600924
13669 0.0583633
2376 0.0583633
11488 0.0562252
8035 0.0562252
25659 0.0561799
21889 0.0561799
12935 0.0561799
27176 0.0555556
26353 0.0555556
21534 0.0555556
11890 0.0554841
3229 0.0554841
34043 0.0551304
28912 0.0551304
24596 0.0551304
17492 0.0551304
6140 0.0551304
2885 0.0551304
32620 0.0537886
19327 0.0537886
9199 0.0537886
30897 0.0535653
7921 0.0535653
39216 0.0526316
37566 0.0526316
30275 0.0526316
13016 0.0526316
34835 0.0524538
31085 0.0508936
24701 0.0508936
17397 0.0508936
14010 0.0508936
12393 0.0508936
38772 0.05
15873 0.05
5719 0.05
39172 0.0488934
37374 0.0488934
36796 0.0488934
31390 0.0488934
28094 0.0488934
27134 0.0488934
31723 0.047619
25826 0.047619
21801 0.047619
17786 0.047619
17688 0.047619
15958 0.047619
15642 0.047619
15054 0.047619
8412 0.047619
8237 0.047619
4984 0.047619
4848 0.047619
3356 0.047619
2675 0.047619
22787 0.0469878
14858 0.0469878
38372 0.0454545
38118 0.0454545
35062 0.0454545
26541 0.0454545
416 0.0454545
40165 0.0434783
26769 0.0434783
20311 0.0434783
18902 0.0434783
128 0.0434783
33465 0.0428829
24972 0.0428829
37546 0.0416667
36969 0.0416667
34565 0.0416667
12708 0.0416667
12282 0.0416667
10196 0.0416667
7852 0.0416667
6298 0.0416667
37902 0.041129
35425 0.041129
34489 0.041129
32688 0.041129
25375 0.041129
17613 0.041129
16548 0.041129
37708 0.0344828
23894 0.0344828
432 0.0344828
40120 0.0322581
34457 0.0322581
24704 0.0322581
19284 0.0322581
15975 0.0322581
5778 0.0322581
39685 0.03125
36787 0.03125
25533 0.03125
20649 0.03125
8854 0.03125
6068 0.03125
33898 0.030303
29231 0.030303
22598 0.030303
9527 0.030303
8212 0.030303
36147 0.0263158
35792 0.0263158
31366 0.0263158
24313 0.0263158
20397 0.0263158
18732 0.0263158
14583 0.0263158
11863 0.0263158
9615 0.0263158
7412 0.0263158
6287 0.0263158
39831 0.025641
34325 0.025641
31649 0.025641
29687 0.025641
23034 0.025641
22388 0.025641
20977 0.025641
20823 0.025641
19509 0.025641
18138 0.025641
15416 0.025641
15092 0.025641
758 0.025641
113 0.025641
26832 0.0238095
19377 0.0238095
17948 0.0238095
16059 0.0238095
14318 0.0238095
14133 0.0238095
9530 0.0238095
6336 0.0238095
1966 0.0238095
39947 0.0227273
39642 0.0227273
38014 0.0227273
37344 0.0227273
36703 0.0227273
35553 0.0227273
35435 0.0227273
34998 0.0227273
34544 0.0227273
34165 0.0227273
30298 0.0227273
28619 0.0227273
28553 0.0227273
27514 0.0227273
22711 0.0227273
21187 0.0227273
21053 0.0227273
19260 0.0227273
14286 0.0227273
13339 0.0227273
12766 0.0227273
12630 0.0227273
12221 0.0227273
11080 0.0227273
10916 0.0227273
4499 0.0227273
2633 0.0227273
2618 0.0227273
1355 0.0227273
919 0.0227273
129 0.0227273
110 0.0227273
52 0.0227273
40764 0.0222222
40649 0.0222222
39661 0.0222222
37012 0.0222222
35661 0.0222222
35315 0.0222222
34737 0.0222222
33930 0.0222222
33108 0.0222222
31947 0.0222222
31923 0.0222222
31675 0.0222222
31564 0.0222222
31312 0.0222222
29640 0.0222222
28611 0.0222222
28110 0.0222222
27325 0.0222222
24506 0.0222222
23715 0.0222222
20840 0.0222222
18356 0.0222222
17035 0.0222222
14734 0.0222222
14406 0.0222222
13780 0.0222222
11733 0.0222222
11481 0.0222222
9660 0.0222222
2751 0.0222222
2683 0.0222222
90 0.0222222
80 0.0222222
36287 0.0212766
34561 0.0212766
33516 0.0212766
32997 0.0212766
28955 0.0212766
28489 0.0212766
26399 0.0212766
25586 0.0212766
22949 0.0212766
22010 0.0212766
21634 0.0212766
20681 0.0212766
9994 0.0212766
9324 0.0212766
6864 0.0212766
3371 0.0212766
3124 0.0212766
225 0.0212766
163 0.0212766
40389 0.0204082
39640 0.0204082
38653 0.0204082
37340 0.0204082
36853 0.0204082
36256 0.0204082
33562 0.0204082
31837 0.0204082
31132 0.0204082
30351 0.0204082
29695 0.0204082
29401 0.0204082
29237 0.0204082
29030 0.0204082
27972 0.0204082
27863 0.0204082
26409 0.0204082
24870 0.0204082
24840 0.0204082
24400 0.0204082
24279 0.0204082
21394 0.0204082
20830 0.0204082
20569 0.0204082
19259 0.0204082
17915 0.0204082
17785 0.0204082
17583 0.0204082
17137 0.0204082
12872 0.0204082
12675 0.0204082
12652 0.0204082
9392 0.0204082
8615 0.0204082
7074 0.0204082
6756 0.0204082
5435 0.0204082
4340 0.0204082
3911 0.0204082
1033 0.0204082
565 0.0204082
550 0.0204082
40017 0.02
38801 0.02
37800 0.02
25334 0.02
22959 0.02
21662 0.02
18855 0.02
16773 0.02
12104 0.02
4928 0.02
448 0.02
34378 0.0192308
34147 0.0192308
27968 0.0192308
22673 0.0192308
15519 0.0192308
12377 0.0192308
8408 0.0192308
