31301 10.4582
7708 3.44845
26750 3.4305
29997 2.89912
22514 2.18617
27951 2.08127
25543 1.96591
363 1.87969
99 1.7656
12243 1.70317
17634 1.63929
27514 1.62766
6823 1.59414
6504 1.49327
12176 1.48203
4405 1.46883
34495 1.46435
14603 1.4196
8582 1.40952
30335 1.2654
12384 1.2543
7691 1.23006
31888 1.09517
19529 0.911137
8508 0.866667
1427 0.864856
12221 0.841699
2237 0.840079
34592 0.835265
8672 0.817857
29709 0.787338
33078 0.736003
8186 0.728364
17392 0.689286
36623 0.667018
20167 0.660354
9831 0.659957
22990 0.655134
19380 0.628073
2943 0.623704
1975 0.6
39616 0.592063
27799 0.587338
3600 0.569116
34360 0.564742
14007 0.562888
39515 0.555556
20068 0.549107
30320 0.547062
40615 0.535014
4747 0.53125
34877 0.528054
26401 0.524115
29360 0.517241
40903 0.503846
30345 0.501636
3447 0.492857
13159 0.483333
6694 0.476617
32885 0.453968
31147 0.44881
6173 0.438095
10923 0.420635
37396 0.416606
39106 0.408333
12021 0.408333
25399 0.40033
38516 0.398291
28480 0.388034
12241 0.371429
15302 0.370147
21983 0.362637
40661 0.352632
35048 0.34611
37998 0.340074
5346 0.33663
20585 0.333333
6565 0.330827
17975 0.326765
8525 0.310256
15637 0.3102
15504 0.308333
3567 0.303114
5921 0.3
26789 0.299145
26400 0.296429
22890 0.296429
7452 0.293651
15844 0.288889
16071 0.279762
3434 0.272412
36292 0.268687
9621 0.253218
40811 0.25
39131 0.25
32537 0.25
5618 0.25
10596 0.249932
33651 0.249206
1628 0.244444
13527 0.242857
36953 0.236335
17086 0.236335
6705 0.233908
11668 0.233333
13719 0.230252
18616 0.230159
10131 0.229167
38646 0.226496
36045 0.226496
2996 0.226496
15451 0.21859
20385 0.215018
25984 0.20815
10760 0.204762
10009 0.204762
8267 0.204762
29154 0.200595
2712 0.200595
32023 0.2
28904 0.2
23553 0.2
23380 0.2
18754 0.2
14651 0.2
14565 0.2
14349 0.2
5693 0.2
1204 0.2
22606 0.199728
39495 0.196825
16018 0.19359
24803 0.192157
14544 0.192157
14920 0.190852
5433 0.186335
16404 0.184028
39090 0.176692
4851 0.176557
9846 0.169345
5066 0.169345
22054 0.167215
29498 0.166667
15320 0.166667
3382 0.166667
3363 0.166667
2552 0.166667
4943 0.165727
16692 0.162637
39743 0.158173
7723 0.158173
36707 0.15625
21351 0.155952
13332 0.155792
26088 0.144053
38594 0.142857
34825 0.142857
33161 0.142857
24825 0.142857
17599 0.142857
8027 0.142857
4070 0.142857
3587 0.142857
2775 0.142857
1848 0.142857
25001 0.133882
11630 0.133882
4488 0.133882
13132 0.133005
33383 0.131824
30683 0.131824
39393 0.128696
35985 0.125
29331 0.125
26978 0.125
25017 0.125
22287 0.125
19300 0.125
13646 0.125
13405 0.125
8822 0.125
128 0.125
7339 0.114464
35592 0.111111
32935 0.111111
32852 0.111111
26555 0.111111
22594 0.111111
22288 0.111111
19157 0.111111
18937 0.111111
17044 0.111111
13410 0.111111
6209 0.111111
5049 0.111111
4050 0.111111
1219 0.111111
13795 0.108277
22560 0.106527
17833 0.106527
2982 0.106527
37940 0.101203
34673 0.1
32843 0.1
29955 0.1
24986 0.1
24623 0.1
23391 0.1
20407 0.1
16118 0.1
12510 0.1
11575 0.1
10660 0.1
7675 0.1
26083 0.0946223
35666 0.0909091
31606 0.0909091
30668 0.0909091
24979 0.0909091
24172 0.0909091
13881 0.0909091
7928 0.0909091
4188 0.0909091
32828 0.0833333
28382 0.0833333
26892 0.0833333
22583 0.0833333
22341 0.0833333
20035 0.0833333
10553 0.0833333
9891 0.0833333
4432 0.0833333
2633 0.0833333
31859 0.0769231
29746 0.0769231
28680 0.0769231
21181 0.0769231
14127 0.0769231
13907 0.0769231
6092 0.0769231
1566 0.0769231
987 0.0769231
40829 0.0714286
37087 0.0714286
28950 0.0714286
28697 0.0714286
28038 0.0714286
22282 0.0714286
21816 0.0714286
21766 0.0714286
15823 0.0714286
14927 0.0714286
13323 0.0714286
11017 0.0714286
10117 0.0714286
8608 0.0714286
4787 0.0714286
3112 0.0714286
2885 0.0714286
2779 0.0714286
936 0.0714286
830 0.0714286
38357 0.0666667
30054 0.0666667
36746 0.0625
30494 0.0625
19032 0.0625
13334 0.0625
12709 0.0625
11183 0.0625
10602 0.0625
2838 0.0625
25725 0.0588235
20974 0.0588235
4794 0.0588235
4029 0.0588235
2958 0.0588235
1681 0.0588235
34963 0.0555556
18449 0.0555556
5691 0.0555556
40093 0.0526316
37221 0.0526316
29629 0.0526316
27886 0.0526316
24756 0.0526316
22502 0.0526316
21026 0.0526316
17913 0.0526316
11968 0.0526316
11658 0.0526316
11601 0.0526316
9551 0.0526316
8330 0.0526316
6633 0.0526316
4538 0.0526316
40036 0.05
39669 0.05
39171 0.05
37697 0.05
37545 0.05
36032 0.05
34587 0.05
34223 0.05
30167 0.05
28380 0.05
27192 0.05
25445 0.05
25416 0.05
25295 0.05
21722 0.05
19148 0.05
18140 0.05
16572 0.05
16294 0.05
13562 0.05
13079 0.05
11936 0.05
10665 0.05
10158 0.05
9599 0.05
8839 0.05
7916 0.05
7894 0.05
5920 0.05
3120 0.05
52 0.05
28444 0.047619
1453 0.047619
33411 0.0434783
24270 0.0434783
24189 0.0434783
15314 0.0434783
979 0.0434783
38158 0.0416667
31889 0.0416667
29493 0.0416667
15633 0.0416667
15530 0.0416667
13845 0.0416667
13462 0.0416667
12419 0.0416667
6945 0.0416667
3422 0.0416667
3418 0.0416667
3282 0.0416667
2659 0.0416667
36943 0.0384615
27401 0.0384615
18332 0.0384615
12431 0.0384615
18961 0.0357143
10737 0.0357143
36620 0.03125
36208 0.03125
33118 0.03125
33069 0.03125
32863 0.03125
30829 0.03125
30208 0.03125
28917 0.03125
28811 0.03125
27935 0.03125
23309 0.03125
20489 0.03125
16622 0.03125
10980 0.03125
10519 0.03125
10472 0.03125
8263 0.03125
6815 0.03125
5205 0.03125
3949 0.03125
2850 0.03125
1735 0.03125
40568 0.027027
40108 0.027027
40071 0.027027
38892 0.027027
38068 0.027027
27029 0.027027
26436 0.027027
25817 0.027027
25220 0.027027
23571 0.027027
21497 0.027027
18729 0.027027
17794 0.027027
11946 0.027027
10857 0.027027
1176 0.027027
39027 0.0172414
38184 0.0172414
38037 0.0172414
36710 0.0172414
29977 0.0172414
29874 0.0172414
29443 0.0172414
28033 0.0172414
26922 0.0172414
26297 0.0172414
26054 0.0172414
23714 0.0172414
19605 0.0172414
16149 0.0172414
15961 0.0172414
14511 0.0172414
14249 0.0172414
12932 0.0172414
11937 0.0172414
11492 0.0172414
10852 0.0172414
8730 0.0172414
8695 0.0172414
7374 0.0172414
7024 0.0172414
6096 0.0172414
5373 0.0172414
3075 0.0172414
2677 0.0172414
1852 0.0172414
1312 0.0172414
40980 0
40979 0
40978 0
40977 0
40976 0
40975 0
40974 0
40973 0
40972 0
40971 0
40970 0
40969 0
40968 0
40967 0
40966 0
40965 0
40964 0
40963 0
40962 0
40961 0
40960 0
40959 0
40958 0
40957 0
40956 0
40955 0
40954 0
40953 0
40952 0
40951 0
40950 0
40949 0
40948 0
40947 0
40946 0
40945 0
40944 0
40943 0
40942 0
40941 0
40940 0
40939 0
40938 0
40937 0
40936 0
40935 0
40934 0
40933 0
40932 0
40931 0
40930 0
40929 0
40928 0
40927 0
40926 0
40925 0
40924 0
40923 0
40922 0
40921 0
40920 0
40919 0
40918 0
40917 0
40916 0
40915 0
40914 0
40913 0
40912 0
40911 0
40910 0
40909 0
40908 0
40907 0
40906 0
40905 0
40904 0
40902 0
