13654 5.38727
34561 4.0894
36400 3.79266
18520 3.54291
19313 2.88385
27799 2.42364
23843 2.23996
29626 2.15003
35766 2.11778
19277 2.06405
21323 2.01539
6041 1.83434
30897 1.70754
13658 1.66905
9196 1.43687
10529 1.39555
6417 1.23016
23653 1.11034
35014 1.07107
3124 1.04886
30209 1.04079
3535 1.01639
4551 0.994603
17312 0.967772
9651 0.936396
31947 0.915268
21889 0.881092
1142 0.847268
2885 0.845448
39158 0.834115
25765 0.811039
19461 0.799322
12451 0.794128
19253 0.777778
31858 0.771319
35793 0.765968
10210 0.728366
8035 0.727737
28094 0.647352
2786 0.640634
32074 0.636288
7412 0.605927
3123 0.590183
8592 0.586302
39846 0.572937
37496 0.561641
2888 0.527008
5778 0.519669
35086 0.503036
1830 0.489943
39037 0.483766
26095 0.483588
6011 0.483333
26961 0.459797
31582 0.452381
32536 0.446012
39671 0.442058
612 0.41711
33633 0.409632
36952 0.40873
2877 0.408242
9894 0.401681
14347 0.4
3002 0.399002
13916 0.39608
17179 0.389922
4973 0.389922
15075 0.382655
22711 0.382213
21757 0.38168
40890 0.380388
24952 0.37803
27190 0.376623
19580 0.370151
14943 0.363176
11540 0.361541
3371 0.361541
2752 0.352758
20093 0.348475
35894 0.346426
35365 0.335524
21186 0.333914
828 0.333669
37340 0.333333
26202 0.333333
20085 0.333333
14842 0.333333
27752 0.331825
16504 0.327738
33048 0.322024
15519 0.316138
6518 0.31574
3940 0.313815
40342 0.312143
35538 0.311285
25659 0.3077
14864 0.3066
3936 0.295489
39177 0.286585
32374 0.283478
36796 0.27619
21284 0.271635
34385 0.270767
38748 0.27037
30835 0.27037
22982 0.2671
5362 0.2671
36827 0.25569
38500 0.25
37927 0.25
28611 0.25
32930 0.245833
19653 0.233333
30793 0.231527
32611 0.22967
27253 0.22963
12722 0.228712
10654 0.224108
40788 0.223413
16501 0.21949
3852 0.219405
15276 0.218395
2971 0.216667
24902 0.213034
29875 0.20719
22568 0.201568
38956 0.2
38955 0.2
28810 0.2
18801 0.2
16602 0.199781
11393 0.199398
26069 0.199082
860 0.199082
35500 0.198259
21217 0.197924
8412 0.195357
39472 0.192441
30417 0.192441
80 0.184409
6830 0.180956
9475 0.180832
40204 0.169974
23022 0.168631
17710 0.168631
39155 0.166667
33046 0.166667
27134 0.166667
25826 0.166667
25076 0.166667
22218 0.166667
20763 0.166667
1100 0.166667
905 0.166455
37881 0.164348
27161 0.164348
22673 0.164348
21201 0.164348
12910 0.164022
34923 0.162707
14917 0.158903
18883 0.158519
29030 0.157828
19311 0.149949
40525 0.149208
26832 0.148475
23439 0.148475
24678 0.145154
40457 0.142857
32562 0.142857
29138 0.142857
26574 0.142857
16303 0.142857
16806 0.142521
15348 0.131108
13507 0.131108
12766 0.131108
35734 0.130411
35082 0.130411
27926 0.130411
6924 0.130411
22368 0.127961
39383 0.125
25505 0.125
25176 0.124217
36313 0.124093
34034 0.121719
35463 0.118082
23432 0.116492
6336 0.116492
19967 0.116018
12569 0.116018
34391 0.111111
27863 0.111111
24596 0.111111
20577 0.111111
18539 0.111111
7921 0.111111
6319 0.111111
14181 0.11043
34363 0.107188
32886 0.107188
14138 0.106615
30025 0.106232
25673 0.106232
885 0.106232
34998 0.105324
11536 0.105324
9592 0.105324
8828 0.105324
18963 0.104652
10575 0.104652
26546 0.101286
20029 0.101286
39337 0.1
35480 0.1
39183 0.0978053
39661 0.0976852
28110 0.0976852
23370 0.0975014
7609 0.0975014
31140 0.0974673
26794 0.0960624
22099 0.0960624
8197 0.0960624
350 0.0948683
34098 0.0909091
30745 0.0909091
23473 0.0909091
22949 0.0909091
18138 0.0909091
15255 0.0909091
12522 0.0909091
9553 0.0909091
31675 0.0852576
7807 0.0852576
26181 0.0833333
306 0.0833333
27280 0.082655
9317 0.082655
763 0.082655
35317 0.0806587
35346 0.0806261
16076 0.0806261
8309 0.0806261
30313 0.0769231
22530 0.0769231
11789 0.0769231
3887 0.0769231
36540 0.0760464
14934 0.0760464
13832 0.0743566
6592 0.0738741
31352 0.0734913
12866 0.0721947
12788 0.0714286
38272 0.0666667
32279 0.0666667
16298 0.0666667
16025 0.0666667
14790 0.0666667
7060 0.0666667
2168 0.0666667
277 0.0666667
13234 0.0655942
27776 0.0639731
11052 0.0639731
9280 0.0639731
36918 0.063703
36712 0.063703
6252 0.063703
21216 0.0625
11230 0.0625
1590 0.0625
37502 0.0619994
29640 0.0619994
14672 0.0619994
4467 0.0619994
34507 0.0604757
28177 0.0604757
38856 0.0600297
19950 0.0600297
20753 0.0598964
19379 0.0598964
34123 0.0555556
31884 0.0555556
31564 0.0555556
29946 0.0555556
25371 0.0555556
20977 0.0555556
1821 0.0555556
1 0.0555556
40340 0.0528746
39967 0.0528746
39473 0.0528746
26915 0.0528746
24137 0.0528746
18609 0.0528746
15467 0.0528746
13744 0.0528746
9107 0.0528746
5627 0.0528746
5209 0.0528746
40597 0.0526316
33477 0.0526316
33017 0.0526316
36273 0.0480129
30216 0.0480129
8969 0.0480129
39791 0.047619
35525 0.047619
24239 0.047619
18997 0.047619
18842 0.047619
15225 0.047619
13126 0.047619
12449 0.047619
11890 0.047619
7536 0.047619
5937 0.047619
2951 0.047619
2869 0.047619
2484 0.047619
2069 0.047619
911 0.047619
830 0.047619
32552 0.0473923
21431 0.0473923
18921 0.0473923
1760 0.0473923
35610 0.0471235
20704 0.0471235
18561 0.0471235
30946 0.0464031
13669 0.0464031
2618 0.0464031
33693 0.0451283
5646 0.0451283
38346 0.0434783
26541 0.0434783
18914 0.0434783
18329 0.0434783
5333 0.0434783
33765 0.043453
26058 0.043453
20152 0.043453
6807 0.043453
5875 0.043453
416 0.043453
36773 0.04
24764 0.04
18092 0.04
16546 0.04
34771 0.0384615
40764 0.038244
23089 0.038244
15029 0.038244
40165 0.0375752
34819 0.0375752
25831 0.0375752
23137 0.0375752
19695 0.0375752
15012 0.0375752
3162 0.0375752
33518 0.037037
27972 0.037037
25755 0.037037
24920 0.037037
20762 0.037037
17605 0.037037
12289 0.037037
6801 0.037037
1531 0.037037
37027 0.0333333
33256 0.0333333
22390 0.0333333
22055 0.0333333
13769 0.0333333
2873 0.0333333
39960 0.0322581
37374 0.0322581
34911 0.0322581
34116 0.0322581
30847 0.0322581
29624 0.0322581
24329 0.0322581
21282 0.0322581
12893 0.0322581
9660 0.0322581
4872 0.0322581
4774 0.0322581
1659 0.0322581
38182 0.03125
24041 0.03125
22989 0.03125
22404 0.03125
21586 0.03125
18512 0.03125
4539 0.03125
4189 0.03125
39947 0.0294816
39925 0.0294816
35185 0.0294816
31318 0.0294816
27989 0.0294816
24506 0.0294816
21978 0.0294816
19391 0.0294816
16395 0.0294816
15416 0.0294816
11080 0.0294816
3561 0.0294816
110 0.0294816
36680 0.0294118
29300 0.0294118
26476 0.0294118
23886 0.0294118
23206 0.0294118
21001 0.0294118
5802 0.0294118
4994 0.0294118
33377 0.025
32824 0.025
32437 0.025
29270 0.025
28631 0.025
17172 0.025
7101 0.025
2027 0.025
30057 0.0243902
25016 0.0243902
19109 0.0243902
9319 0.0243902
869 0.0243902
32014 0.0232558
31646 0.0232558
22304 0.0232558
6413 0.0232558
4499 0.0232558
2797 0.0232558
40783 0.0227273
39774 0.0227273
37070 0.0227273
35180 0.0227273
27166 0.0227273
25484 0.0227273
24591 0.0227273
15873 0.0227273
9784 0.0227273
8990 0.0227273
2863 0.0227273
1709 0.0227273
1230 0.0227273
38535 0.0190033
38344 0.0190033
31260 0.0190033
29634 0.0190033
29237 0.0190033
26950 0.0190033
24790 0.0190033
22914 0.0190033
19079 0.0190033
18796 0.0190033
14006 0.0190033
12922 0.0190033
9154 0.0190033
8666 0.0190033
6140 0.0190033
4058 0.0190033
3068 0.0190033
432 0.0190033
177 0.0190033
40921 0.0185185
40861 0.0185185
39642 0.0185185
35615 0.0185185
34445 0.0185185
33653 0.0185185
33308 0.0185185
31551 0.0185185
31343 0.0185185
30385 0.0185185
30152 0.0185185
27740 0.0185185
27388 0.0185185
23527 0.0185185
21861 0.0185185
20928 0.0185185
19511 0.0185185
17701 0.0185185
15642 0.0185185
15014 0.0185185
11863 0.0185185
11857 0.0185185
11804 0.0185185
11152 0.0185185
8384 0.0185185
8356 0.0185185
8237 0.0185185
6930 0.0185185
