39696 163.003
6185 151.24
21341 140.393
38354 117.809
36888 89.933
31559 62.5362
32733 50.2428
8164 48.4831
2708 46.154
704 43.348
9167 41.3615
23678 40.5444
11703 40.0884
3239 35.4431
2089 34.7267
1798 28.7035
7444 28.5142
6207 27.5784
27882 27.4065
12450 26.8644
15309 26.5148
30899 26.1454
8895 25.7216
9576 25.0014
14093 23.858
39284 22.3357
12332 22.2422
33132 20.9479
2967 17.4622
35477 17.3834
5506 17.115
19735 16.2938
19984 16.2342
15041 16.0738
35266 16.0086
15368 15.4499
19103 14.7838
1972 14.4939
13423 14.4755
9869 14.2369
4838 13.959
23843 13.8615
34343 13.8151
38866 13.4782
5068 13.3909
19711 13.3666
18328 12.7403
22788 12.6684
17951 12.5435
31209 12.4521
16455 12.3451
35986 11.5951
3694 11.4897
26632 11.3285
9705 11.0748
25995 11.0746
32581 11.0465
27559 10.839
2997 10.6198
495 10.5727
32312 10.4135
18482 10.4129
39886 10.3421
37928 10.3253
34084 10.2644
38718 10.0295
35867 9.94857
31155 9.87895
8360 9.83739
20291 9.8323
23083 9.63048
14450 9.48219
17760 9.38718
18504 9.16075
29738 9.12613
4795 9.12366
3456 8.97751
17559 8.82568
39595 8.64972
9318 8.63219
31647 8.24727
9021 8.16071
24413 8.03315
24220 8.00185
14012 7.94805
16929 7.92352
16562 7.78109
9707 7.76948
26820 7.54571
1766 7.27961
25216 7.26916
5023 7.25385
32438 7.22926
20246 7.17473
17242 7.03587
40671 7.02379
17017 6.80826
21033 6.75637
7797 6.73311
4783 6.69485
8789 6.6434
10415 6.50811
30503 6.45049
6405 6.4105
14990 6.37992
5913 6.34552
172 6.34331
2075 6.29856
40812 6.24021
27507 6.19505
27701 6.17952
27855 6.05453
35991 5.98301
2868 5.94822
38331 5.94734
36504 5.87314
9729 5.83674
32783 5.5666
20804 5.554
7110 5.55139
16627 5.52689
22330 5.51327
32626 5.4777
3926 5.42045
13150 5.3371
10509 5.30794
3392 5.28411
35465 5.25584
24190 5.24374
10480 5.22406
15725 5.21882
33636 5.149
32064 5.11604
12676 5.11002
30145 5.09792
7146 5.0564
25964 4.97745
18202 4.92422
23889 4.79215
36169 4.78023
22398 4.71695
15668 4.64054
13013 4.64041
24948 4.60295
37916 4.5719
1264 4.55152
11246 4.52772
15640 4.51451
26129 4.50601
26904 4.50202
25439 4.48738
6028 4.45137
19355 4.43102
39810 4.43092
18346 4.3927
3506 4.38258
18745 4.33777
19032 4.23391
24426 4.2146
437 4.15193
1146 4.0811
34366 4.04563
928 3.9947
35800 3.84743
6456 3.84481
20482 3.84012
39798 3.78463
31052 3.76617
14229 3.7267
28500 3.68968
4855 3.66794
34434 3.63185
28263 3.60925
26061 3.53013
2269 3.50357
34354 3.47272
11091 3.42293
31016 3.41455
5312 3.39788
37564 3.35698
11272 3.34617
24169 3.33757
13134 3.33333
22748 3.30354
29394 3.29888
34294 3.27259
26597 3.24528
10960 3.20681
25212 3.20104
9877 3.18569
27447 3.15077
18224 3.13706
27402 3.11775
3033 3.08943
23666 3.06934
24471 3.04684
22169 3.03464
29127 3.02939
20225 3.01479
7058 2.99986
18566 2.99579
15527 2.9658
3122 2.9173
25127 2.91292
926 2.90685
17009 2.90464
13438 2.87918
39758 2.84906
3014 2.83603
28162 2.79994
26098 2.77305
1147 2.76881
22501 2.76038
16742 2.75534
10705 2.7082
29834 2.6758
25391 2.66299
12871 2.66158
22805 2.64965
2389 2.63712
26872 2.61674
3113 2.54854
39116 2.53319
24166 2.52976
9441 2.52496
11342 2.51308
16876 2.5082
6444 2.49704
29905 2.49332
10031 2.49141
23868 2.48869
15266 2.48846
34689 2.45576
25357 2.45292
17418 2.44831
24942 2.44675
28339 2.41781
30498 2.41333
33871 2.41181
12947 2.38065
31361 2.35159
21745 2.33644
32885 2.32089
2382 2.32005
40837 2.31849
10097 2.29887
942 2.29875
26839 2.28142
40167 2.275
14728 2.27244
34746 2.24163
16098 2.23313
37253 2.23034
31082 2.22601
12312 2.2229
39501 2.21004
37431 2.19617
14497 2.19443
22366 2.16971
2970 2.16596
32719 2.1436
36633 2.126
18717 2.12209
14843 2.10622
34621 2.10402
1328 2.10263
21095 2.08687
4030 2.08237
24446 2.07272
210 2.06718
6084 2.06021
19273 2.04245
36155 2.03726
9061 2.03153
13413 2.01657
5133 2.00988
17504 1.98482
6465 1.98333
15360 1.98043
20097 1.96067
26247 1.96013
33701 1.94881
21655 1.93586
16281 1.92425
16351 1.91885
3091 1.9124
3893 1.90509
35431 1.89878
7115 1.89611
8346 1.89489
1812 1.88745
18967 1.88645
6180 1.86108
21699 1.85884
5341 1.84131
30375 1.83526
35298 1.82338
15641 1.81214
24508 1.79653
14536 1.78875
13194 1.75703
28830 1.73674
15375 1.7251
16837 1.72088
14950 1.71966
35619 1.71845
14075 1.70899
27625 1.70735
34039 1.69614
36376 1.69507
9352 1.68752
21360 1.68442
23903 1.6507
13991 1.64494
29585 1.64431
22576 1.63031
30916 1.62656
17012 1.62581
28400 1.60128
36699 1.59697
13350 1.57943
4088 1.57099
22372 1.57063
39070 1.55952
4755 1.53551
39814 1.53049
27049 1.53041
15866 1.51987
31008 1.50843
26951 1.4914
19155 1.48829
17766 1.48745
34331 1.48234
2273 1.48128
34758 1.47691
24609 1.47263
12513 1.46908
39868 1.45397
1511 1.4493
377 1.44039
38997 1.43384
28182 1.40777
24072 1.40731
39803 1.40472
15999 1.4038
5662 1.39999
13260 1.37588
25403 1.36709
21045 1.36369
7934 1.36313
9057 1.35777
28639 1.353
37762 1.35009
4607 1.34926
5897 1.34857
29344 1.3391
23952 1.3343
34088 1.33251
36979 1.31945
4736 1.31878
10671 1.31012
31909 1.30952
16054 1.30833
14505 1.30298
13676 1.29912
13181 1.29411
27070 1.29274
6988 1.2876
37315 1.26518
23901 1.25397
11007 1.24459
38706 1.24404
28398 1.24404
566 1.24016
2885 1.23948
30776 1.23028
28413 1.21911
4858 1.20833
33957 1.20456
1985 1.20226
10820 1.20119
3582 1.18398
29605 1.18391
10648 1.17975
6303 1.17619
20985 1.17424
22815 1.16988
4010 1.15577
36552 1.15393
865 1.15183
24379 1.13952
20806 1.13875
2771 1.13519
11875 1.13322
10856 1.12037
28308 1.11952
28200 1.1063
15026 1.10105
16201 1.09636
34906 1.09372
22818 1.08643
38308 1.07897
27111 1.0768
35329 1.0734
36921 1.06226
20668 1.06199
26919 1.0616
8486 1.05877
25715 1.04939
31718 1.04713
40938 1.0437
27259 1.0429
1421 1.03837
39655 1.03789
24679 1.0373
8339 1.03058
5041 1.02447
27861 1.02317
6869 1.02051
13278 1.01979
21067 1.01669
16312 1.01619
38169 1.00873
31373 1.00829
35377 0.989991
40406 0.986674
25975 0.971938
30544 0.971429
33473 0.970529
7123 0.962146
9719 0.958827
33645 0.953968
21063 0.948925
4231 0.936966
30988 0.932962
19785 0.930952
8704 0.929894
15663 0.927267
4391 0.921402
7796 0.920359
18788 0.918792
14417 0.915943
11428 0.915385
21363 0.910347
29980 0.908751
29164 0.906169
39450 0.905717
16888 0.90224
22189 0.892832
5611 0.891788
10711 0.887443
36597 0.883031
18638 0.866667
2203 0.865873
4400 0.858088
18255 0.855163
26691 0.847619
22535 0.846809
22433 0.836521
6831 0.834533
38483 0.833333
35639 0.825776
15564 0.817735
23159 0.816876
37845 0.812121
32798 0.808781
35470 0.8058
28712 0.805195
26542 0.804642
38299 0.796152
33880 0.793651
22992 0.786577
9079 0.783931
3488 0.780332
38652 0.779322
1713 0.772353
30232 0.769015
20796 0.7677
19367 0.764286
15601 0.763178
25905 0.761325
23791 0.760773
21715 0.752093
7629 0.74881
29608 0.74154
28214 0.733333
18662 0.733143
37923 0.732741
29401 0.730404
26910 0.724546
22115 0.724145
10145 0.71774
26416 0.715812
15328 0.714847
29216 0.713022
3785 0.708333
17022 0.702799
202 0.702076
12966 0.70053
23417 0.7
