2840 4.20429
21911 1.27193
2209 1.25263
9665 0.969298
13506 0.962302
15599 0.75
9561 0.735788
22594 0.722222
28729 0.718453
18324 0.645884
40970 0.442623
30053 0.424931
31509 0.355263
22061 0.352148
37339 0.35119
40883 0.333333
24414 0.31169
8683 0.302608
21274 0.288647
10923 0.286042
39242 0.250906
23631 0.250906
4819 0.250906
40360 0.25
38355 0.25
28028 0.25
17859 0.25
26442 0.229458
25490 0.229458
15835 0.229458
13761 0.229458
20843 0.226243
17011 0.219298
12811 0.2
35159 0.199174
16918 0.199174
38621 0.195238
38503 0.183714
13763 0.178658
18308 0.166667
8377 0.166667
1667 0.166667
27390 0.160036
23188 0.160036
19347 0.160036
36057 0.153997
34433 0.153997
20942 0.153997
34167 0.135965
28600 0.135913
18693 0.135913
10581 0.135913
35339 0.134037
32732 0.134037
19210 0.134037
3379 0.130952
35835 0.12199
33185 0.12199
17715 0.12199
3406 0.12199
25337 0.116452
18798 0.116452
15411 0.116452
25327 0.111111
15613 0.111111
5503 0.111111
36753 0.107341
29244 0.107341
14631 0.107341
21138 0.1
18509 0.1
9580 0.1
40750 0.0990602
29063 0.0990602
19914 0.0990602
15507 0.0990602
2898 0.0990602
40310 0.0923914
24295 0.0923914
24102 0.0923914
14512 0.0923914
6255 0.0923914
1796 0.0923914
19891 0.0909091
15924 0.0909091
15751 0.0909091
34265 0.08706
19578 0.08706
1313 0.08706
38094 0.0703502
16576 0.0703502
5372 0.0703502
36803 0.0625
8989 0.0625
4198 0.0625
29170 0.0588235
27602 0.0588235
27369 0.0588235
13672 0.0588235
12775 0.0588235
10296 0.0588235
9454 0.0588235
4017 0.0588235
39381 0.0555556
27225 0.0555556
21038 0.0555556
19032 0.0555556
13216 0.0555556
9726 0.0555556
8716 0.0555556
2816 0.0555556
2647 0.0555556
37935 0.0526316
33404 0.0526316
31960 0.0526316
31934 0.0526316
28841 0.0526316
17517 0.0526316
17264 0.0526316
11268 0.0526316
7083 0.0526316
29364 0.0504658
25781 0.0504658
2320 0.0504658
939 0.0504658
36033 0.047619
27734 0.047619
14430 0.047619
10425 0.047619
10110 0.047619
7794 0.047619
4290 0.047619
2772 0.047619
29958 0.0469549
28958 0.0469549
25965 0.0469549
25323 0.0469549
23429 0.0469549
18747 0.0469549
11923 0.0469549
10537 0.0469549
6345 0.0469549
2608 0.0469549
1417 0.0469549
35626 0.0469118
27452 0.0469118
24812 0.0469118
7750 0.0469118
5440 0.0469118
3308 0.0469118
39612 0.0322581
31652 0.0322581
27075 0.0322581
24351 0.0322581
24113 0.0322581
23607 0.0322581
22879 0.0322581
17698 0.0322581
16800 0.0322581
15216 0.0322581
15134 0.0322581
13667 0.0322581
11430 0.0322581
10708 0.0322581
8875 0.0322581
6894 0.0322581
5383 0.0322581
40886 0.0285714
40607 0.0285714
40346 0.0285714
39926 0.0285714
39234 0.0285714
38663 0.0285714
37061 0.0285714
32879 0.0285714
28682 0.0285714
23843 0.0285714
23696 0.0285714
2604 0.0285714
2006 0.0285714
40859 0.0277778
20116 0.0277778
18469 0.0277778
14654 0.0277778
8747 0.0277778
6340 0.0277778
5766 0.0277778
1083 0.0277778
695 0.0277778
40838 0.0217391
40613 0.0217391
27963 0.0217391
26618 0.0217391
26587 0.0217391
26183 0.0217391
26135 0.0217391
24988 0.0217391
22845 0.0217391
19910 0.0217391
16724 0.0217391
16331 0.0217391
15454 0.0217391
12209 0.0217391
9502 0.0217391
1867 0.0217391
1660 0.0217391
1642 0.0217391
39636 0.0208333
38147 0.0208333
37999 0.0208333
35681 0.0208333
35370 0.0208333
34971 0.0208333
34670 0.0208333
32970 0.0208333
28864 0.0208333
26157 0.0208333
26032 0.0208333
24550 0.0208333
17733 0.0208333
15137 0.0208333
14326 0.0208333
13200 0.0208333
6753 0.0208333
5576 0.0208333
3756 0.0208333
3699 0.0208333
1769 0.0208333
39432 0.0178571
37083 0.0178571
32877 0.0178571
32654 0.0178571
32214 0.0178571
30875 0.0178571
27764 0.0178571
26371 0.0178571
24408 0.0178571
23300 0.0178571
16824 0.0178571
15972 0.0178571
14693 0.0178571
10325 0.0178571
10069 0.0178571
7643 0.0178571
7299 0.0178571
5485 0.0178571
4828 0.0178571
2762 0.0178571
1059 0.0178571
706 0.0178571
40764 0.0108696
40618 0.0108696
40400 0.0108696
39947 0.0108696
38999 0.0108696
37805 0.0108696
37151 0.0108696
36300 0.0108696
36168 0.0108696
35525 0.0108696
35346 0.0108696
35129 0.0108696
34835 0.0108696
34640 0.0108696
32930 0.0108696
32620 0.0108696
31715 0.0108696
30887 0.0108696
30676 0.0108696
29581 0.0108696
29030 0.0108696
28806 0.0108696
28151 0.0108696
27989 0.0108696
27839 0.0108696
27033 0.0108696
26512 0.0108696
26125 0.0108696
24718 0.0108696
24678 0.0108696
24140 0.0108696
23446 0.0108696
21782 0.0108696
17687 0.0108696
17035 0.0108696
16425 0.0108696
15873 0.0108696
15417 0.0108696
15054 0.0108696
14768 0.0108696
13654 0.0108696
12569 0.0108696
12197 0.0108696
12018 0.0108696
11697 0.0108696
11080 0.0108696
9958 0.0108696
9773 0.0108696
8417 0.0108696
8179 0.0108696
6105 0.0108696
6033 0.0108696
5771 0.0108696
5719 0.0108696
4953 0.0108696
4712 0.0108696
4131 0.0108696
3750 0.0108696
1966 0.0108696
1965 0.0108696
1819 0.0108696
1610 0.0108696
1355 0.0108696
318 0.0108696
110 0.0108696
40523 0.00826446
40465 0.00826446
39035 0.00826446
38970 0.00826446
38720 0.00826446
38316 0.00826446
38032 0.00826446
37874 0.00826446
37685 0.00826446
37482 0.00826446
37426 0.00826446
36867 0.00826446
36371 0.00826446
36234 0.00826446
34802 0.00826446
33743 0.00826446
33507 0.00826446
32885 0.00826446
30834 0.00826446
30391 0.00826446
30302 0.00826446
29617 0.00826446
29470 0.00826446
29190 0.00826446
28883 0.00826446
28471 0.00826446
27819 0.00826446
27786 0.00826446
27592 0.00826446
25949 0.00826446
25834 0.00826446
25117 0.00826446
24034 0.00826446
23314 0.00826446
22896 0.00826446
22852 0.00826446
22178 0.00826446
21931 0.00826446
20699 0.00826446
20392 0.00826446
19683 0.00826446
19129 0.00826446
18995 0.00826446
18267 0.00826446
18246 0.00826446
18100 0.00826446
16893 0.00826446
15836 0.00826446
15316 0.00826446
15058 0.00826446
14285 0.00826446
14226 0.00826446
14167 0.00826446
14160 0.00826446
14062 0.00826446
13457 0.00826446
11537 0.00826446
10680 0.00826446
10427 0.00826446
9927 0.00826446
9168 0.00826446
8963 0.00826446
8672 0.00826446
8216 0.00826446
7866 0.00826446
7747 0.00826446
7472 0.00826446
7138 0.00826446
6964 0.00826446
6746 0.00826446
5986 0.00826446
4692 0.00826446
4516 0.00826446
3084 0.00826446
1749 0.00826446
1706 0.00826446
1430 0.00826446
1394 0.00826446
1201 0.00826446
980 0.00826446
753 0.00826446
13 0.00826446
40980 0
40979 0
40978 0
40977 0
40976 0
40975 0
40974 0
40973 0
40972 0
40971 0
40969 0
40968 0
40967 0
40966 0
40965 0
40964 0
40963 0
40962 0
40961 0
40960 0
40959 0
40958 0
40957 0
40956 0
40955 0
40954 0
40953 0
40952 0
40951 0
40950 0
40949 0
40948 0
40947 0
40946 0
40945 0
40944 0
40943 0
40942 0
40941 0
40940 0
40939 0
40938 0
40937 0
40936 0
40935 0
40934 0
40933 0
40932 0
40931 0
40930 0
40929 0
40928 0
40927 0
40926 0
40925 0
40924 0
40923 0
40922 0
40921 0
40920 0
40919 0
40918 0
40917 0
40916 0
40915 0
40914 0
40913 0
40912 0
40911 0
40910 0
40909 0
40908 0
40907 0
40906 0
40905 0
40904 0
40903 0
40902 0
40901 0
40900 0
40899 0
40898 0
40897 0
40896 0
40895 0
40894 0
40893 0
40892 0
40891 0
40890 0
40889 0
40888 0
40887 0
40885 0
40884 0
40882 0
40881 0
40880 0
40879 0
40878 0
40877 0
40876 0
40875 0
