7433 6.33782
33185 3.5421
17715 3.5421
10923 3.33227
35339 3.22626
9665 2.60661
34433 1.92869
9561 1.92869
31652 1.81618
2840 1.69033
27963 1.60639
1642 1.60639
2647 1.58179
19210 1.51818
34640 1.40445
14430 1.37933
2898 1.29701
24414 1.27358
31509 1.23232
4257 1.21197
28280 1.13564
6255 1.00491
9469 0.945895
24140 0.906084
21274 0.883431
38315 0.835814
7794 0.835814
21911 0.830144
40883 0.806049
22879 0.765137
8875 0.74897
40360 0.717822
25490 0.69089
27075 0.686952
939 0.642738
10110 0.615464
5740 0.615464
27121 0.607136
38379 0.56835
1345 0.543438
31991 0.538294
36753 0.521243
15417 0.521243
5741 0.507454
26183 0.507298
16425 0.506707
16800 0.505856
10708 0.498477
35035 0.441377
37935 0.424476
15134 0.41949
28151 0.414556
14577 0.414556
4290 0.414556
27602 0.413592
11328 0.403387
34188 0.401999
6928 0.393539
36168 0.378502
13763 0.378502
18308 0.370799
27452 0.370742
20273 0.361552
34311 0.331582
34167 0.331582
10686 0.32244
29364 0.319728
23631 0.313659
24295 0.291897
15599 0.285031
27369 0.279351
15835 0.279351
29522 0.276716
20190 0.274644
38999 0.271919
9454 0.266133
6967 0.250962
8731 0.249625
18798 0.241274
30550 0.226579
12775 0.226579
33991 0.226204
39035 0.222216
23696 0.221465
5273 0.219658
8032 0.211211
31960 0.208173
26442 0.202312
2315 0.202312
25781 0.201909
39242 0.201753
613 0.2
6894 0.197641
19800 0.194444
17687 0.194415
30495 0.194241
25630 0.187697
5358 0.18677
9051 0.186662
15454 0.182995
1313 0.181746
19347 0.179289
4819 0.179289
14512 0.172106
40970 0.171343
29497 0.171019
2006 0.166667
2096 0.165625
10296 0.160519
2320 0.157237
38970 0.156187
35504 0.154474
34035 0.154474
28028 0.154474
26125 0.154474
20942 0.154474
5198 0.154474
5151 0.154474
733 0.154474
40189 0.153709
10425 0.1518
29174 0.150507
22845 0.143537
34459 0.142857
5833 0.142857
32879 0.140695
22594 0.139401
5748 0.128592
37426 0.125
14975 0.1215
17001 0.119626
18747 0.118806
38486 0.111127
2604 0.111111
35159 0.104809
16918 0.104809
25337 0.102662
10069 0.102169
5440 0.0976449
16836 0.0934783
36057 0.0923161
23607 0.0923161
14631 0.0923161
20116 0.0919751
30916 0.0917239
2560 0.0917239
2288 0.0917239
38873 0.0916814
37513 0.0916814
24160 0.0916814
22079 0.0916814
16517 0.0916814
15216 0.0916814
15411 0.090124
9502 0.0882104
33507 0.086881
15400 0.086881
22458 0.0818305
24002 0.0805037
38155 0.0803261
22966 0.0803261
5616 0.0803261
13851 0.0796891
5771 0.0796485
7998 0.0774782
40428 0.0769231
30347 0.0769231
29350 0.0769231
28758 0.0769231
19587 0.0769231
40369 0.075957
11430 0.0753968
31301 0.0725358
15644 0.0725358
39695 0.0719551
23843 0.0714286
18328 0.0714286
865 0.0714286
29786 0.0708647
13200 0.0684395
37348 0.0666667
13816 0.0666667
9595 0.0666667
318 0.0662647
25965 0.0630051
37685 0.0625
34609 0.0625
33254 0.0625
28682 0.0625
18739 0.0625
8716 0.0625
40102 0.0589425
37805 0.0589425
36345 0.0589425
32480 0.0589425
28361 0.0589425
17669 0.0589425
13761 0.0589425
13667 0.0589425
38723 0.0588235
8216 0.0588235
1749 0.0588235
7458 0.0578947
9773 0.056839
38252 0.0555556
25100 0.0555556
24102 0.0555556
21210 0.0554758
24812 0.053987
17264 0.0526732
10581 0.0526732
23750 0.0526316
14285 0.0526316
9455 0.0526316
3184 0.0526316
22674 0.051197
5059 0.051197
34144 0.05
34578 0.047619
34220 0.047619
32303 0.047619
25077 0.047619
19288 0.047619
33517 0.0469929
16749 0.0469929
10427 0.0469929
20895 0.044156
21824 0.0434783
21066 0.0434783
20432 0.0434783
20272 0.0434783
16576 0.0434783
14725 0.0434783
14062 0.0434783
7395 0.0434783
6679 0.0434783
2284 0.0434783
2118 0.0434783
1394 0.0434783
24214 0.042158
21211 0.042158
28778 0.0416667
14690 0.0416667
6262 0.0416667
36396 0.04
28600 0.04
21541 0.04
20606 0.04
16846 0.04
9222 0.04
5900 0.04
1201 0.04
987 0.04
35872 0.037037
28557 0.037037
11040 0.037037
4810 0.037037
26250 0.0369898
22061 0.0369898
19910 0.0369898
16997 0.0369898
12018 0.0369898
40915 0.0357143
38007 0.0357143
29897 0.0357143
21375 0.0357143
11453 0.0357143
3210 0.0357143
1471 0.0357143
8179 0.0333333
34242 0.0322581
31668 0.0322581
22328 0.0322581
19730 0.0322581
7951 0.0322581
6873 0.0322581
5174 0.0322581
13 0.0322581
40750 0.03125
40068 0.03125
2762 0.03125
18324 0.0305167
4828 0.0294118
9693 0.0285714
33053 0.0277778
27961 0.0277778
20282 0.0277778
19233 0.0277778
15137 0.0277778
14204 0.0277778
8087 0.0277778
4298 0.0277778
38514 0.0263158
22527 0.0263158
5507 0.0263158
40453 0.0231767
40400 0.0231767
37868 0.0231767
37524 0.0231767
36300 0.0231767
36033 0.0231767
34265 0.0231767
32628 0.0231767
30480 0.0231767
29581 0.0231767
29281 0.0231767
29137 0.0231767
24351 0.0231767
22614 0.0231767
20941 0.0231767
19578 0.0231767
18318 0.0231767
17853 0.0231767
16148 0.0231767
13672 0.0231767
10600 0.0231767
7121 0.0231767
5766 0.0231767
5149 0.0231767
3379 0.0231767
36724 0.0227273
34897 0.0227273
34768 0.0227273
26601 0.0227273
7439 0.0227273
35739 0.0208333
35129 0.0208333
34553 0.0208333
24223 0.0208333
24113 0.0208333
17196 0.0208333
11697 0.0208333
272 0.0208333
33137 0.0196078
27863 0.0196078
27740 0.0196078
24678 0.0196078
23446 0.0196078
16298 0.0196078
13735 0.0196078
2473 0.0196078
1456 0.0196078
33896 0.0188679
29841 0.0188679
22036 0.0188679
20023 0.0188679
19891 0.0188679
15972 0.0188679
12820 0.0188679
12304 0.0188679
9726 0.0188679
5508 0.0188679
2558 0.0188679
38989 0.015625
36656 0.015625
29143 0.015625
28293 0.015625
27025 0.015625
17058 0.015625
15840 0.015625
15179 0.015625
14416 0.015625
9036 0.015625
753 0.015625
40613 0.0142857
38683 0.0142857
38094 0.0142857
35835 0.0142857
32732 0.0142857
31715 0.0142857
31125 0.0142857
29254 0.0142857
29244 0.0142857
28729 0.0142857
26921 0.0142857
26135 0.0142857
19323 0.0142857
18410 0.0142857
12717 0.0142857
12197 0.0142857
5372 0.0142857
4583 0.0142857
3406 0.0142857
3308 0.0142857
30160 0.0135135
3125 0.0135135
39636 0.0125
35512 0.0125
34300 0.0125
33872 0.0125
29362 0.0125
28883 0.0125
25866 0.0125
22402 0.0125
17634 0.0125
15390 0.0125
14677 0.0125
13990 0.0125
11283 0.0125
10737 0.0125
9704 0.0125
9580 0.0125
9429 0.0125
8989 0.0125
8263 0.0125
7708 0.0125
7691 0.0125
5485 0.0125
2289 0.0125
35626 0.0102041
29170 0.0102041
27390 0.0102041
24718 0.0102041
23188 0.0102041
17698 0.0102041
16724 0.0102041
8683 0.0102041
1867 0.0102041
24464 0.00833333
13708 0.00833333
10072 0.00833333
8000 0.00833333
5309 0.00833333
4576 0.00833333
2772 0.00833333
10682 0.00826446
963 0.00826446
36883 0.00657895
34798 0.00657895
34521 0.00657895
34007 0.00657895
33699 0.00657895
33675 0.00657895
32888 0.00657895
30353 0.00657895
28505 0.00657895
28345 0.00657895
28326 0.00657895
27991 0.00657895
24740 0.00657895
23386 0.00657895
22833 0.00657895
22709 0.00657895
22263 0.00657895
17696 0.00657895
16968 0.00657895
16789 0.00657895
14354 0.00657895
10971 0.00657895
6478 0.00657895
40980 0
40979 0
40978 0
40977 0
40976 0
40975 0
40974 0
40973 0
40972 0
40971 0
40969 0
40968 0
40967 0
40966 0
40965 0
40964 0
40963 0
40962 0
40961 0
40960 0
40959 0
40958 0
40957 0
40956 0
40955 0
40954 0
40953 0
40952 0
40951 0
40950 0
40949 0
40948 0
40947 0
40946 0
40945 0
40944 0
40943 0
40942 0
40941 0
40940 0
40939 0
40938 0
40937 0
40936 0
40935 0
40934 0
40933 0
40932 0
40931 0
40930 0
