26723 3.27923
25189 2.84524
33629 2.37469
36898 1.93198
29934 1.56523
36439 1.03085
15330 0.950178
27471 0.916667
35667 0.768465
9263 0.744043
20292 0.73198
13653 0.718347
6712 0.68997
12388 0.652951
4318 0.613952
20483 0.605376
37549 0.563873
16671 0.550433
27906 0.550049
27343 0.540909
32754 0.524242
23341 0.515858
34308 0.463499
11760 0.463499
15857 0.420635
27207 0.415063
26800 0.409129
3076 0.408824
27747 0.395827
33866 0.348485
5189 0.333333
36893 0.320197
32615 0.316494
28456 0.316494
18900 0.316494
1377 0.309649
36822 0.281319
14214 0.281203
10644 0.280272
8964 0.280272
1674 0.278891
8610 0.25775
9128 0.254762
23767 0.25
7050 0.25
18763 0.244481
34184 0.226496
35826 0.222285
10518 0.222285
1894 0.222285
8698 0.221266
6842 0.221266
37485 0.220531
4448 0.208725
25548 0.197418
17736 0.187756
38963 0.173542
38791 0.173062
36058 0.173062
13303 0.168275
10185 0.168275
32202 0.166667
10272 0.166667
16649 0.161765
8222 0.137574
39416 0.131814
18382 0.131814
6853 0.131814
4500 0.131814
27529 0.116716
20421 0.116716
17969 0.116716
10629 0.113711
6596 0.113711
19291 0.111111
32577 0.100908
30470 0.100908
30221 0.100908
33095 0.1
21778 0.1
10365 0.1
3519 0.1
40433 0.0909091
39437 0.0909091
37711 0.0909091
32763 0.0909091
30427 0.0909091
17634 0.0909091
16412 0.0909091
15185 0.0909091
5916 0.0909091
186 0.0909091
36260 0.0833333
31392 0.0833333
31301 0.0833333
30156 0.0833333
20405 0.0833333
17584 0.0833333
12679 0.0833333
3809 0.0833333
3385 0.0833333
2590 0.0833333
2039 0.0833333
1906 0.0833333
33698 0.0811175
28507 0.0811175
27229 0.0811175
9975 0.0811175
40283 0.0779001
36752 0.0779001
10134 0.0769231
28554 0.0743121
27783 0.0743121
11100 0.0743121
10149 0.0743121
1275 0.0743121
37363 0.0714286
25609 0.0714286
12465 0.0714286
40821 0.0642098
37427 0.0642098
31447 0.0642098
30188 0.0642098
27149 0.0642098
23106 0.0642098
18187 0.0642098
14849 0.0642098
37657 0.0588235
34675 0.0588235
24161 0.0588235
22439 0.0588235
21877 0.0588235
5987 0.0588235
2212 0.0588235
40265 0.0472059
38006 0.0472059
36592 0.0472059
24708 0.0472059
22863 0.0472059
21996 0.0472059
20414 0.0472059
15899 0.0472059
14493 0.0472059
14042 0.0472059
12831 0.0472059
11279 0.0472059
2467 0.0472059
657 0.0472059
38642 0.0384615
28425 0.0384615
36099 0.0344828
2702 0.0344828
37463 0.0285714
36161 0.0285714
34103 0.0285714
32674 0.0285714
27546 0.0285714
26774 0.0285714
25749 0.0285714
23226 0.0285714
16849 0.0285714
15023 0.0285714
14627 0.0285714
30169 0.0263158
28485 0.0263158
8378 0.0263158
39260 0.0238095
30721 0.0238095
27381 0.0238095
23227 0.0238095
23094 0.0238095
18724 0.0238095
17802 0.0238095
5675 0.0238095
3388 0.0238095
40654 0.0196078
26740 0.0196078
24447 0.0196078
24178 0.0196078
22933 0.0196078
40231 0.0140845
34162 0.0140845
21707 0.0140845
17139 0.0140845
16144 0.0140845
12719 0.0140845
10025 0.0140845
4440 0.0140845
557 0.0140845
40397 0.0135135
39928 0.0135135
38328 0.0135135
33537 0.0135135
32141 0.0135135
30490 0.0135135
30058 0.0135135
28271 0.0135135
26308 0.0135135
21413 0.0135135
13397 0.0135135
11305 0.0135135
8103 0.0135135
5191 0.0135135
4549 0.0135135
4260 0.0135135
4063 0.0135135
3613 0.0135135
40980 0
40979 0
40978 0
40977 0
40976 0
40975 0
40974 0
40973 0
40972 0
40971 0
40970 0
40969 0
40968 0
40967 0
40966 0
40965 0
40964 0
40963 0
40962 0
40961 0
40960 0
40959 0
40958 0
40957 0
40956 0
40955 0
40954 0
40953 0
40952 0
40951 0
40950 0
40949 0
40948 0
40947 0
40946 0
40945 0
40944 0
40943 0
40942 0
40941 0
40940 0
40939 0
40938 0
40937 0
40936 0
40935 0
40934 0
40933 0
40932 0
40931 0
40930 0
40929 0
40928 0
40927 0
40926 0
40925 0
40924 0
40923 0
40922 0
40921 0
40920 0
40919 0
40918 0
40917 0
40916 0
40915 0
40914 0
40913 0
40912 0
40911 0
40910 0
40909 0
40908 0
40907 0
40906 0
40905 0
40904 0
40903 0
40902 0
40901 0
40900 0
40899 0
40898 0
40897 0
40896 0
40895 0
40894 0
40893 0
40892 0
40891 0
40890 0
40889 0
40888 0
40887 0
40886 0
40885 0
40884 0
40883 0
40882 0
40881 0
40880 0
40879 0
40878 0
40877 0
40876 0
40875 0
40874 0
40873 0
40872 0
40871 0
40870 0
40869 0
40868 0
40867 0
40866 0
40865 0
40864 0
40863 0
40862 0
40861 0
40860 0
40859 0
40858 0
40857 0
40856 0
40855 0
40854 0
40853 0
40852 0
40851 0
40850 0
40849 0
40848 0
40847 0
40846 0
40845 0
40844 0
40843 0
40842 0
40841 0
40840 0
40839 0
40838 0
40837 0
40836 0
40835 0
40834 0
40833 0
40832 0
40831 0
40830 0
40829 0
40828 0
40827 0
40826 0
40825 0
40824 0
40823 0
40822 0
40820 0
40819 0
40818 0
40817 0
40816 0
40815 0
40814 0
40813 0
40812 0
40811 0
40810 0
40809 0
40808 0
40807 0
40806 0
40805 0
40804 0
40803 0
40802 0
40801 0
40800 0
40799 0
40798 0
40797 0
40796 0
40795 0
40794 0
40793 0
40792 0
40791 0
40790 0
40789 0
40788 0
40787 0
40786 0
40785 0
40784 0
40783 0
40782 0
40781 0
40780 0
40779 0
40778 0
40777 0
40776 0
40775 0
40774 0
40773 0
40772 0
40771 0
40770 0
40769 0
40768 0
40767 0
40766 0
40765 0
40764 0
40763 0
40762 0
40761 0
40760 0
40759 0
40758 0
40757 0
40756 0
40755 0
40754 0
40753 0
40752 0
40751 0
40750 0
40749 0
40748 0
40747 0
40746 0
40745 0
40744 0
40743 0
40742 0
40741 0
40740 0
40739 0
40738 0
40737 0
40736 0
40735 0
40734 0
40733 0
40732 0
40731 0
40730 0
40729 0
40728 0
40727 0
40726 0
40725 0
40724 0
40723 0
40722 0
40721 0
40720 0
40719 0
40718 0
40717 0
40716 0
40715 0
40714 0
40713 0
40712 0
40711 0
40710 0
40709 0
40708 0
40707 0
40706 0
40705 0
40704 0
40703 0
40702 0
40701 0
40700 0
40699 0
40698 0
40697 0
40696 0
40695 0
40694 0
40693 0
40692 0
40691 0
40690 0
40689 0
40688 0
40687 0
