31301 7.70357
26750 3.81279
10923 3.28374
7708 2.73206
29997 2.24594
9831 1.97963
33490 1.67746
40205 1.5763
8672 1.56303
27514 1.4684
5693 1.32322
2884 1.20299
52 1.00965
34495 0.99495
4405 0.990215
1427 0.972802
24619 0.967037
17634 0.873042
13845 0.829353
40351 0.738095
2160 0.716749
7024 0.631754
10980 0.599838
29709 0.557276
16788 0.547619
15352 0.5
23785 0.493734
39454 0.484444
32620 0.463084
9197 0.463084
29154 0.459477
25837 0.45164
8867 0.448926
690 0.422269
34360 0.40732
38662 0.405662
37197 0.392544
15637 0.388395
26400 0.383824
3567 0.380556
5037 0.378788
12431 0.37714
6823 0.372024
1210 0.364368
19898 0.363095
28380 0.362155
39616 0.354646
23014 0.348926
32282 0.345833
31606 0.333333
14201 0.333333
34274 0.327068
22402 0.323663
6096 0.323663
27844 0.314231
10519 0.3125
17406 0.311988
9075 0.309524
14544 0.30428
21983 0.301181
15603 0.300877
7685 0.300877
14311 0.281746
12243 0.276786
14390 0.274242
30335 0.26452
26808 0.260844
8186 0.252278
33341 0.250241
16604 0.250241
9654 0.250241
12176 0.25
3936 0.25
33825 0.245671
16853 0.245671
6504 0.23183
16764 0.225
10057 0.225
1975 0.222901
31147 0.219935
36051 0.213033
27886 0.206944
31859 0.2
30302 0.2
24237 0.2
21846 0.2
10457 0.2
128 0.2
919 0.194048
18274 0.193651
9378 0.193651
16056 0.189776
22405 0.189733
2885 0.189733
3648 0.185808
34611 0.183366
503 0.183366
18729 0.179383
3600 0.179383
31816 0.178788
36554 0.176874
12221 0.176874
10131 0.176874
9846 0.176367
6770 0.176367
8525 0.169048
4851 0.168943
39828 0.166667
36734 0.166667
16890 0.166667
11656 0.166667
2249 0.166667
363 0.166667
38725 0.165163
36073 0.165163
3880 0.165132
26892 0.164753
2701 0.161988
24796 0.160256
1323 0.160256
6002 0.15974
14973 0.154278
14565 0.149621
39743 0.147348
19032 0.147348
10553 0.146295
2712 0.144893
14873 0.142857
7411 0.142857
1295 0.142857
27951 0.142159
28535 0.125595
13762 0.125595
40888 0.125
33672 0.125
31030 0.125
29741 0.125
17165 0.125
13115 0.125
27759 0.121325
40382 0.116912
33281 0.116912
23029 0.116912
2823 0.116912
37087 0.111111
28950 0.111111
24335 0.111111
24316 0.111111
23013 0.111111
22227 0.111111
15504 0.111111
12498 0.111111
6886 0.111111
37501 0.11036
22422 0.11036
35985 0.1
34451 0.1
32852 0.1
19955 0.1
17392 0.1
16404 0.1
22288 0.0954794
20407 0.0954794
32885 0.0909091
26083 0.0909091
18328 0.0909091
35987 0.0833333
26555 0.0833333
21497 0.0833333
20385 0.0833333
15237 0.0833333
40316 0.0714286
23877 0.0714286
23655 0.0714286
22606 0.0714286
21003 0.0714286
15844 0.0714286
10602 0.0714286
4070 0.0714286
3311 0.0714286
3172 0.0714286
2943 0.0714286
37176 0.0666667
32934 0.0666667
27434 0.0666667
17075 0.0666667
15095 0.0666667
12444 0.0666667
8718 0.0666667
35158 0.0625
26401 0.0625
23843 0.0625
23274 0.0625
21724 0.0625
13341 0.0625
7828 0.0625
34355 0.0588235
28622 0.0588235
22514 0.0588235
18937 0.0588235
14603 0.0588235
6246 0.0588235
40903 0.0555556
31451 0.0555556
28265 0.0555556
21039 0.0555556
613 0.0555556
606 0.0555556
186 0.0555556
32537 0.0526316
28444 0.0526316
26206 0.0526316
25763 0.0526316
25725 0.0526316
22465 0.0526316
16271 0.0526316
6644 0.0526316
6296 0.0526316
3489 0.0526316
2633 0.0526316
40047 0.05
38289 0.05
36740 0.05
34592 0.05
33243 0.05
26744 0.05
24304 0.05
24004 0.05
13079 0.05
12052 0.05
11942 0.05
3358 0.05
2395 0.05
40661 0.047619
36606 0.047619
13910 0.047619
2387 0.047619
36032 0.0454545
33084 0.0454545
32909 0.0454545
31815 0.0454545
29962 0.0454545
23269 0.0454545
14007 0.0454545
8508 0.0454545
7691 0.0454545
5360 0.0454545
4082 0.0454545
1320 0.0454545
29210 0.0416667
26088 0.0416667
19939 0.0416667
13907 0.0416667
39962 0.04
39791 0.04
37689 0.04
36952 0.04
35734 0.04
34911 0.04
29852 0.04
27799 0.04
22930 0.04
21703 0.04
20065 0.04
18248 0.04
6309 0.04
1970 0.04
1462 0.04
40869 0.0357143
31197 0.0357143
22990 0.0357143
17999 0.0357143
15769 0.0357143
11945 0.0357143
1735 0.0357143
38646 0.0333333
35400 0.0333333
33981 0.0333333
33712 0.0333333
29629 0.0333333
22931 0.0333333
20468 0.0333333
14705 0.0333333
39892 0.0294118
37658 0.0294118
33976 0.0294118
29996 0.0294118
25688 0.0294118
16216 0.0294118
15053 0.0294118
12524 0.0294118
7723 0.0294118
2838 0.0294118
39256 0.027027
35778 0.027027
31426 0.027027
23059 0.027027
13334 0.027027
10322 0.027027
8582 0.027027
1604 0.027027
40977 0.0208333
37396 0.0208333
36467 0.0208333
35215 0.0208333
26612 0.0208333
25880 0.0208333
23184 0.0208333
21151 0.0208333
20850 0.0208333
18385 0.0208333
13925 0.0208333
11636 0.0208333
6262 0.0208333
2106 0.0208333
39861 0.0175439
37760 0.0175439
36465 0.0175439
34950 0.0175439
34894 0.0175439
34880 0.0175439
34871 0.0175439
33630 0.0175439
32683 0.0175439
30760 0.0175439
26307 0.0175439
25640 0.0175439
24956 0.0175439
23925 0.0175439
22172 0.0175439
21641 0.0175439
21294 0.0175439
20880 0.0175439
20558 0.0175439
19195 0.0175439
19185 0.0175439
17841 0.0175439
15775 0.0175439
9391 0.0175439
7690 0.0175439
7015 0.0175439
6684 0.0175439
6074 0.0175439
4864 0.0175439
4806 0.0175439
4789 0.0175439
3575 0.0175439
2706 0.0175439
901 0.0175439
261 0.0175439
40980 0
40979 0
40978 0
40976 0
40975 0
40974 0
40973 0
40972 0
40971 0
40970 0
40969 0
40968 0
40967 0
40966 0
40965 0
40964 0
40963 0
40962 0
40961 0
40960 0
40959 0
40958 0
40957 0
40956 0
40955 0
40954 0
40953 0
40952 0
40951 0
40950 0
40949 0
40948 0
40947 0
40946 0
40945 0
40944 0
40943 0
40942 0
40941 0
40940 0
40939 0
40938 0
40937 0
40936 0
40935 0
40934 0
40933 0
40932 0
40931 0
40930 0
40929 0
40928 0
40927 0
40926 0
40925 0
40924 0
40923 0
40922 0
40921 0
40920 0
40919 0
40918 0
40917 0
40916 0
40915 0
40914 0
40913 0
40912 0
40911 0
40910 0
40909 0
40908 0
40907 0
40906 0
40905 0
40904 0
40902 0
40901 0
40900 0
40899 0
40898 0
40897 0
40896 0
40895 0
40894 0
40893 0
40892 0
40891 0
40890 0
40889 0
40887 0
40886 0
40885 0
40884 0
40883 0
40882 0
40881 0
40880 0
40879 0
40878 0
40877 0
40876 0
40875 0
40874 0
40873 0
40872 0
40871 0
40870 0
40868 0
40867 0
40866 0
40865 0
40864 0
40863 0
40862 0
40861 0
40860 0
40859 0
40858 0
40857 0
40856 0
40855 0
40854 0
40853 0
40852 0
40851 0
40850 0
40849 0
40848 0
40847 0
40846 0
40845 0
40844 0
40843 0
40842 0
40841 0
40840 0
40839 0
40838 0
40837 0
40836 0
40835 0
40834 0
40833 0
40832 0
40831 0
40830 0
40829 0
40828 0
40827 0
