19313 8.12995
38955 4.44519
27799 4.35621
35766 3.70679
10654 3.20525
34561 3.16076
19461 2.60485
3371 2.604
35365 2.31872
6417 2.04729
18520 1.93991
12910 1.93695
12722 1.87831
17312 1.76561
13654 1.67268
36796 1.61691
2781 1.6088
16501 1.6071
2888 1.55718
21889 1.47954
6041 1.41729
830 1.41395
21284 1.30174
885 1.26552
1142 1.2459
3429 1.05257
23653 1.04829
2168 1.02746
21763 1.01088
19653 1.00579
34771 0.999733
6930 0.994887
35500 0.979848
32074 0.949511
37027 0.915549
12569 0.913536
36539 0.9126
9196 0.868832
8592 0.860833
8035 0.858481
14138 0.829658
26095 0.802135
2752 0.799051
36400 0.792142
16076 0.789619
35793 0.77899
25765 0.776062
21001 0.765873
36313 0.761749
3852 0.752908
31352 0.689817
15665 0.688472
16298 0.679089
25176 0.678252
3124 0.647524
7145 0.645483
36287 0.626013
14347 0.608194
27926 0.586421
31390 0.582501
25673 0.5808
22568 0.563503
33267 0.540751
26069 0.535197
29851 0.517157
26546 0.498051
28177 0.495269
10305 0.46226
3887 0.461662
13232 0.461548
39671 0.461338
25236 0.459174
36562 0.45679
2786 0.446605
868 0.432258
16913 0.417486
3940 0.414951
9475 0.408124
6413 0.403816
32620 0.39457
5676 0.383956
11230 0.369788
14943 0.362338
19517 0.355157
39846 0.34904
37800 0.346054
13507 0.32487
29923 0.323942
34116 0.317685
15075 0.310207
27134 0.303226
3535 0.299054
5660 0.295455
32886 0.294088
11626 0.292705
16395 0.286499
22594 0.285189
21216 0.279384
888 0.278852
1659 0.266667
9553 0.265235
3821 0.261447
16773 0.257658
17137 0.257143
38272 0.251157
15562 0.25
37452 0.249823
6859 0.249823
7306 0.246525
24902 0.245833
21323 0.24537
6518 0.244427
38856 0.24359
32374 0.240046
18883 0.234722
8237 0.231092
27395 0.225694
17583 0.223925
432 0.210185
35734 0.204094
19967 0.2
39037 0.195519
3107 0.19359
3541 0.19344
16806 0.19173
6033 0.185201
34439 0.18319
22304 0.182884
5369 0.182538
37927 0.181685
30897 0.180948
32536 0.178852
3002 0.178535
4091 0.176786
13658 0.176094
39177 0.175655
37574 0.17549
14546 0.171277
1760 0.170849
25826 0.166667
9180 0.166667
8641 0.166667
1830 0.166667
31470 0.163585
15467 0.163585
37324 0.15855
2376 0.156985
21448 0.156614
12779 0.156614
17578 0.15461
16473 0.15461
22405 0.151323
11540 0.148862
39791 0.148039
8408 0.147619
27863 0.145821
24678 0.144958
38608 0.142857
11863 0.142857
11689 0.142857
11718 0.141723
21431 0.140445
35317 0.139401
27161 0.138941
6715 0.136746
8672 0.135945
40525 0.13474
15012 0.13474
33545 0.132651
35346 0.12783
26786 0.127111
31260 0.126851
38346 0.125
37374 0.115747
24239 0.115747
7609 0.114957
31646 0.113869
12866 0.113869
6592 0.113433
612 0.113433
32014 0.113121
40549 0.111111
33048 0.111111
32708 0.111111
26202 0.111111
18539 0.111111
9189 0.111111
3096 0.111111
1410 0.111111
14917 0.108082
14181 0.108082
11804 0.107584
33653 0.10461
22530 0.103427
18811 0.103427
5209 0.103427
36827 0.100673
33452 0.1
32544 0.1
27400 0.1
23251 0.1
23240 0.1
20968 0.1
12525 0.1
35463 0.0977343
24596 0.0977343
8212 0.0977343
40890 0.0972222
8969 0.0949596
33633 0.094888
14734 0.094888
37882 0.0909091
37024 0.0909091
30835 0.0909091
29875 0.0909091
24344 0.0909091
23894 0.0909091
22725 0.0909091
19277 0.0909091
16025 0.0909091
10752 0.0909091
328 0.0909091
30793 0.0897051
20490 0.0887868
4331 0.0887868
4112 0.0887868
26854 0.0886306
11488 0.0886306
39183 0.0833333
29373 0.0833333
19253 0.0833333
3068 0.0833333
12453 0.0830862
27190 0.0826792
5763 0.082413
6924 0.0818713
40342 0.0807896
3356 0.0807896
40241 0.0769231
32688 0.0769231
31140 0.0769231
24591 0.0769231
22959 0.0769231
22745 0.0769231
12922 0.0769231
7193 0.0769231
5821 0.0769231
697 0.0769231
277 0.0769231
27033 0.0763757
21217 0.0763757
30209 0.0731284
19580 0.0731284
8197 0.072706
39172 0.0714286
30235 0.0714286
29140 0.0714286
24735 0.0714286
12321 0.0714286
11640 0.0714286
10480 0.0714286
1355 0.0714286
630 0.0714286
18921 0.0710451
1590 0.0710451
39947 0.0682897
30676 0.0682897
27989 0.0682897
11080 0.0682897
3936 0.0682897
2885 0.0682897
110 0.0682897
15416 0.068287
39383 0.0666667
31837 0.0666667
28635 0.0666667
25065 0.0666667
24279 0.0666667
22808 0.0666667
17179 0.0666667
16504 0.0666667
14894 0.0666667
7047 0.0666667
543 0.0666667
224 0.0666667
27388 0.0640038
8224 0.0640038
33256 0.0630095
28094 0.0630095
23843 0.0630095
22711 0.0630095
18092 0.0630095
17344 0.0625
14672 0.0625
11724 0.0625
27740 0.0623249
17590 0.0623249
4551 0.0623249
40764 0.0588235
40597 0.0588235
26012 0.0588235
17333 0.0588235
16873 0.0588235
9154 0.0588235
7536 0.0588235
6300 0.0588235
34385 0.0555556
32552 0.0555556
39951 0.0536326
36457 0.0536326
33165 0.0526316
23527 0.0526316
23468 0.047619
23432 0.047619
22781 0.047619
13513 0.047619
10221 0.047619
4271 0.047619
38583 0.0455701
29237 0.0455701
24400 0.0455701
16047 0.0455701
21703 0.0454545
428 0.0454545
12907 0.0416667
11810 0.0416667
5778 0.0416667
36952 0.0384615
29073 0.0384615
26181 0.0384615
14980 0.0384615
39386 0.037037
34923 0.037037
23155 0.037037
22404 0.037037
20901 0.037037
12522 0.037037
10923 0.037037
539 0.037037
40109 0.0344828
34768 0.0344828
32043 0.0344828
21830 0.0344828
16246 0.0344828
8105 0.0344828
40668 0.0333333
32223 0.0333333
30417 0.0333333
30057 0.0333333
27465 0.0333333
18710 0.0333333
17533 0.0333333
13628 0.0333333
12788 0.0333333
1396 0.0333333
416 0.0333333
19032 0.0322581
17626 0.0322581
11789 0.0322581
4484 0.0322581
1033 0.0322581
39661 0.03125
30097 0.03125
28110 0.03125
21861 0.03125
19511 0.03125
18796 0.03125
9907 0.03125
4973 0.03125
40585 0.030303
17786 0.030303
10916 0.030303
9247 0.030303
36673 0.0294118
34436 0.0294118
33119 0.0294118
31947 0.0294118
30636 0.0294118
21348 0.0294118
18999 0.0294118
16250 0.0294118
109 0.0294118
33898 0.027027
18127 0.027027
8027 0.027027
4058 0.027027
39962 0.0263158
38952 0.0263158
33693 0.0263158
32243 0.0263158
12090 0.0263158
9197 0.0263158
2869 0.0263158
1791 0.0263158
17154 0.025641
12170 0.025641
9527 0.025641
7921 0.025641
7312 0.025641
4994 0.025641
4539 0.025641
39400 0.0238095
38118 0.0238095
34266 0.0238095
28880 0.0238095
26623 0.0238095
23370 0.0238095
21662 0.0238095
20564 0.0238095
11113 0.0238095
8242 0.0238095
7132 0.0238095
6298 0.0238095
3596 0.0238095
3561 0.0238095
1965 0.0238095
550 0.0238095
35601 0.0212766
34312 0.0212766
33516 0.0212766
32997 0.0212766
32234 0.0212766
31810 0.0212766
30321 0.0212766
30025 0.0212766
29455 0.0212766
28955 0.0212766
28948 0.0212766
28489 0.0212766
27298 0.0212766
26832 0.0212766
26399 0.0212766
25885 0.0212766
25586 0.0212766
25179 0.0212766
24849 0.0212766
22648 0.0212766
22010 0.0212766
21634 0.0212766
21213 0.0212766
20681 0.0212766
19555 0.0212766
19428 0.0212766
18428 0.0212766
18190 0.0212766
9994 0.0212766
9423 0.0212766
9324 0.0212766
9317 0.0212766
6864 0.0212766
6807 0.0212766
6049 0.0212766
4499 0.0212766
4471 0.0212766
4293 0.0212766
1332 0.0212766
1175 0.0212766
828 0.0212766
684 0.0212766
576 0.0212766
225 0.0212766
163 0.0212766
40296 0.0204082
35525 0.0204082
35075 0.0204082
30847 0.0204082
22598 0.0204082
20569 0.0204082
17947 0.0204082
15225 0.0204082
14015 0.0204082
13832 0.0204082
5093 0.0204082
3911 0.0204082
448 0.0204082
36918 0.0185185
36661 0.0185185
34740 0.0185185
33512 0.0185185
31582 0.0185185
31228 0.0185185
29077 0.0185185
26693 0.0185185
23089 0.0185185
22184 0.0185185
18785 0.0185185
18683 0.0185185
18452 0.0185185
16181 0.0185185
12393 0.0185185
8471 0.0185185
8309 0.0185185
6654 0.0185185
4777 0.0185185
3291 0.0185185
2484 0.0185185
631 0.0185185
37502 0.0147059
36239 0.0147059
34565 0.0147059
