16128 31.9389
36296 25.1994
28776 24.0147
38173 14.3552
3654 12.3072
40214 11.4308
31811 7.14329
21409 6.09351
31650 5.68535
7309 5.41192
37810 5.36422
11424 4.71343
11522 4.3928
33418 3.91688
33045 3.66393
1715 3.48765
5340 3.3543
37172 3.11905
9898 3.03422
6311 2.93095
27550 2.86243
35810 2.64387
18026 2.29002
7596 2.25202
38990 2.21076
27542 2.14048
23168 2.04545
39521 1.99405
13619 1.992
26234 1.99008
30736 1.89182
26391 1.59405
36547 1.54008
1933 1.53734
15104 1.53327
5315 1.49052
26970 1.48333
19112 1.37107
37650 1.3171
34432 1.3
33732 1.26548
700 1.25873
16565 1.23443
25748 1.22619
20154 1.18456
13095 1.17028
7743 1.10751
19931 1.00758
34488 1.00714
17630 0.983333
16821 0.945671
17806 0.916667
6843 0.916667
28168 0.866667
30473 0.843254
12133 0.794936
21832 0.753788
38091 0.75
13958 0.705724
21179 0.673484
24311 0.658333
3383 0.654762
12825 0.64127
19560 0.632641
22986 0.604762
3094 0.6
31967 0.540909
33688 0.529706
5211 0.527778
36432 0.494613
20312 0.47381
31571 0.464286
12996 0.445455
25712 0.421429
9459 0.421429
8129 0.415909
19162 0.41337
5017 0.409524
24418 0.402778
38113 0.390476
7570 0.357143
29483 0.348148
2803 0.334499
35532 0.333333
22939 0.333333
11583 0.333333
6871 0.333333
39889 0.301587
20102 0.301587
27485 0.291667
20734 0.291667
20617 0.291667
23590 0.287338
10899 0.279894
30625 0.266667
19948 0.252747
36219 0.25
35950 0.25
21843 0.25
14656 0.25
3133 0.25
31672 0.240482
9464 0.240482
20831 0.238462
13792 0.23545
37945 0.23254
11496 0.229894
20096 0.227946
10420 0.218356
26232 0.214719
27024 0.212121
18323 0.20989
33668 0.2
30111 0.2
25405 0.2
23606 0.2
14852 0.2
14084 0.2
14026 0.2
9960 0.2
39976 0.166667
38402 0.166667
33975 0.166667
27499 0.166667
14578 0.166667
13584 0.166667
13522 0.166667
36448 0.142857
34065 0.142857
21387 0.142857
18227 0.142857
9333 0.142857
8862 0.142857
332 0.142857
32936 0.125
22151 0.125
16796 0.125
21310 0.111111
36624 0.1
33519 0.1
32455 0.1
30171 0.1
29879 0.1
23367 0.1
3043 0.1
30300 0.0909091
18247 0.0909091
38449 0.0833333
27812 0.0769231
36070 0.0714286
28075 0.0714286
12783 0.0714286
6925 0.0714286
24005 0.05
2740 0.05
33919 0.0454545
27917 0.0454545
16176 0.0454545
12079 0.0454545
10758 0.0454545
6733 0.0454545
2617 0.0454545
2061 0.0454545
25036 0.0384615
18062 0.0384615
14163 0.0384615
6621 0.0384615
33288 0.037037
32482 0.037037
30404 0.037037
26773 0.037037
25298 0.037037
21914 0.037037
21822 0.037037
18694 0.037037
17332 0.037037
6918 0.037037
39143 0.0238095
38208 0.0238095
34654 0.0238095
33837 0.0238095
30709 0.0238095
29839 0.0238095
26291 0.0238095
24526 0.0238095
23126 0.0238095
20562 0.0238095
19912 0.0238095
16485 0.0238095
15752 0.0238095
12822 0.0238095
11927 0.0238095
11219 0.0238095
11175 0.0238095
11159 0.0238095
9536 0.0238095
5453 0.0238095
4126 0.0238095
307 0.0238095
40980 0
40979 0
40978 0
40977 0
40976 0
40975 0
40974 0
40973 0
40972 0
40971 0
40970 0
40969 0
40968 0
40967 0
40966 0
40965 0
40964 0
40963 0
40962 0
40961 0
40960 0
40959 0
40958 0
40957 0
40956 0
40955 0
40954 0
40953 0
40952 0
40951 0
40950 0
40949 0
40948 0
40947 0
40946 0
40945 0
40944 0
40943 0
40942 0
40941 0
40940 0
40939 0
40938 0
40937 0
40936 0
40935 0
40934 0
40933 0
40932 0
40931 0
40930 0
40929 0
40928 0
40927 0
40926 0
40925 0
40924 0
40923 0
40922 0
40921 0
40920 0
40919 0
40918 0
40917 0
40916 0
40915 0
40914 0
40913 0
40912 0
40911 0
40910 0
40909 0
40908 0
40907 0
40906 0
40905 0
40904 0
40903 0
40902 0
40901 0
40900 0
40899 0
40898 0
40897 0
40896 0
40895 0
40894 0
40893 0
40892 0
40891 0
40890 0
40889 0
40888 0
40887 0
40886 0
40885 0
40884 0
40883 0
40882 0
40881 0
40880 0
40879 0
40878 0
40877 0
40876 0
40875 0
40874 0
40873 0
40872 0
40871 0
40870 0
40869 0
40868 0
40867 0
40866 0
40865 0
40864 0
40863 0
40862 0
40861 0
40860 0
40859 0
40858 0
40857 0
40856 0
40855 0
40854 0
40853 0
40852 0
40851 0
40850 0
40849 0
40848 0
40847 0
40846 0
40845 0
40844 0
40843 0
40842 0
40841 0
40840 0
40839 0
40838 0
40837 0
40836 0
40835 0
40834 0
40833 0
40832 0
40831 0
40830 0
40829 0
40828 0
40827 0
40826 0
40825 0
40824 0
40823 0
40822 0
40821 0
40820 0
40819 0
40818 0
40817 0
40816 0
40815 0
40814 0
40813 0
40812 0
40811 0
40810 0
40809 0
40808 0
40807 0
40806 0
40805 0
40804 0
40803 0
40802 0
40801 0
40800 0
40799 0
40798 0
40797 0
40796 0
40795 0
40794 0
40793 0
40792 0
40791 0
40790 0
40789 0
40788 0
40787 0
40786 0
40785 0
40784 0
40783 0
40782 0
40781 0
40780 0
40779 0
40778 0
40777 0
40776 0
40775 0
40774 0
40773 0
40772 0
40771 0
40770 0
40769 0
40768 0
40767 0
40766 0
40765 0
40764 0
40763 0
40762 0
40761 0
40760 0
40759 0
40758 0
40757 0
40756 0
40755 0
40754 0
40753 0
40752 0
40751 0
40750 0
40749 0
40748 0
40747 0
40746 0
40745 0
40744 0
40743 0
40742 0
40741 0
40740 0
40739 0
40738 0
40737 0
40736 0
40735 0
40734 0
40733 0
40732 0
40731 0
40730 0
40729 0
40728 0
40727 0
40726 0
40725 0
40724 0
40723 0
40722 0
40721 0
40720 0
40719 0
40718 0
40717 0
40716 0
40715 0
40714 0
40713 0
40712 0
40711 0
40710 0
40709 0
40708 0
40707 0
40706 0
40705 0
40704 0
40703 0
40702 0
40701 0
40700 0
40699 0
40698 0
40697 0
40696 0
40695 0
40694 0
40693 0
40692 0
40691 0
40690 0
40689 0
40688 0
40687 0
40686 0
40685 0
40684 0
40683 0
40682 0
40681 0
40680 0
