28776 197.255
29438 75.5414
14251 72.0388
21015 66.3308
17804 56.7036
4555 50.3756
34488 48.1229
28694 36.0288
40289 32.6709
15439 32.0223
1158 28.7637
9333 23.8282
27767 23.2927
37802 21.3087
10082 17.5461
15475 16.2959
5798 15.5906
11027 15.2605
20067 15.0351
3012 14.9115
3578 13.6555
3964 11.4388
14163 11.1905
20262 10.8969
37377 10.8872
37266 10.8201
13277 10.4732
2922 10.2152
319 10.2007
24630 9.42631
34630 9.24972
35545 9.19919
33975 9.13015
23798 9.08904
22129 8.89306
38454 8.86278
14105 8.69372
35699 8.44511
22701 8.22067
20274 8.0707
14656 7.91651
19096 7.79886
24726 7.60348
25261 7.31917
12198 7.13495
34399 6.91048
2137 6.84451
16609 6.46176
18227 6.38175
24005 6.34561
38449 5.79846
3516 5.48951
31215 5.16461
11452 5.15304
16720 5.13611
16210 5.05815
40201 4.72574
26737 4.61042
17987 4.22434
22254 4.12011
1067 4.0347
15250 4.00628
13839 3.98855
31922 3.9039
19135 3.74064
7783 3.69714
12736 3.60623
13184 3.5256
10062 3.40039
39763 3.39105
27184 3.28754
13392 3.2831
24418 3.24801
29879 3.23238
7570 3.22156
35810 3.21754
6087 3.14225
3114 3.08768
27287 3.04013
11311 3.01518
9841 3.00987
32585 2.9975
23837 2.94841
15638 2.92069
36222 2.91879
20698 2.85368
7325 2.76266
892 2.72635
29178 2.70194
21036 2.61232
7317 2.60331
9728 2.5589
23168 2.46421
6606 2.392
38347 2.38849
14866 2.38593
22197 2.31004
6594 2.29567
26660 2.26502
33265 2.22652
36296 2.16055
32270 2.15557
9464 2.14486
26708 2.13097
10211 2.09528
11286 2.06773
27558 2.04154
438 2.03971
22280 2.00018
24548 1.97237
21588 1.96688
19496 1.96667
17686 1.96305
19526 1.94729
22950 1.93223
6733 1.92404
35487 1.90456
4989 1.90073
3331 1.89669
30273 1.85195
15684 1.82956
22871 1.82105
694 1.81975
27024 1.817
19036 1.80998
30473 1.78997
23839 1.77204
26489 1.74245
11762 1.72573
21791 1.72468
11872 1.72431
14051 1.72265
17566 1.72221
13865 1.70628
18648 1.68903
20275 1.67924
11938 1.67778
3263 1.6772
14852 1.67349
10970 1.66988
39153 1.66908
7974 1.6328
17937 1.6256
16087 1.62036
6940 1.55529
13154 1.51714
37684 1.48333
11456 1.45022
36939 1.44922
19731 1.43278
32608 1.43199
4199 1.41491
21657 1.40369
11698 1.39956
24259 1.39683
10904 1.38741
27772 1.37124
21059 1.35073
31689 1.34732
15488 1.33705
36077 1.31267
1872 1.29643
8257 1.29299
28021 1.28972
36838 1.2845
31772 1.28398
25470 1.25952
21963 1.25
34260 1.23383
40341 1.23063
32066 1.21034
38280 1.20419
15119 1.19369
29982 1.16191
18901 1.14094
23066 1.11859
14829 1.11349
20218 1.10484
18762 1.09649
35950 1.09325
18126 1.05755
33970 1.05049
28751 1.04179
15169 1.02658
34132 1.02148
32458 1.02079
2115 1.02021
22181 1.01429
36829 1.00651
29986 1.00231
24530 1
18115 1
25092 0.999989
19629 0.999178
21608 0.998217
19211 0.99804
16045 0.990433
27522 0.988866
30104 0.987489
25735 0.982367
6513 0.971332
29182 0.951636
38919 0.948214
18486 0.942843
11433 0.939998
8965 0.92702
18280 0.917399
18590 0.916667
4879 0.905877
7265 0.874813
1413 0.869841
21692 0.857173
9953 0.853052
1009 0.847285
32499 0.84439
20939 0.844149
35197 0.842929
39744 0.830231
23387 0.82917
22162 0.822426
15906 0.811194
31086 0.805952
28794 0.804978
5118 0.793948
23586 0.786887
38474 0.783333
29055 0.782279
1272 0.778211
36543 0.777778
5210 0.775245
34065 0.774
6063 0.773611
3836 0.773611
88 0.769939
23487 0.765436
13083 0.765018
18615 0.759221
27568 0.75
7313 0.736813
6688 0.727946
21677 0.7238
2136 0.719877
12242 0.719027
8929 0.713148
39628 0.70825
26631 0.708032
35025 0.704762
30986 0.700758
19440 0.7
27609 0.698939
34395 0.69478
32011 0.682175
12691 0.681032
7264 0.67579
4630 0.659767
26550 0.658687
7800 0.658333
150 0.652215
8172 0.650794
9942 0.65
27743 0.644444
39062 0.639186
16134 0.638214
1613 0.637768
24359 0.637698
8975 0.629917
29742 0.629646
12342 0.623369
23330 0.616667
9960 0.615115
40733 0.614583
20366 0.606565
10717 0.604762
23265 0.596873
13949 0.592857
722 0.592157
1041 0.590909
21716 0.587718
25269 0.587397
33684 0.583947
39544 0.583333
31745 0.583333
3306 0.580535
20210 0.578213
35549 0.577396
9508 0.576812
17245 0.574517
8873 0.573333
31370 0.571429
15430 0.57034
2300 0.569447
7206 0.568692
32096 0.568478
29685 0.568478
33524 0.566229
11585 0.563636
36248 0.558824
13094 0.553474
24303 0.553328
36780 0.551623
25567 0.546743
3407 0.546392
20372 0.545848
21370 0.542399
5231 0.531444
10230 0.5296
16336 0.529095
33133 0.527463
544 0.525382
2159 0.518552
13614 0.517356
29389 0.516667
3617 0.512987
25967 0.512914
23295 0.510256
22545 0.509524
23664 0.507586
11166 0.505556
17670 0.504833
10562 0.501111
21952 0.497272
29885 0.492148
24893 0.488971
33431 0.488116
40169 0.47912
28438 0.479098
4360 0.477778
15573 0.472222
7457 0.466667
34232 0.465909
9921 0.465909
18733 0.465409
8951 0.464286
13127 0.463766
36020 0.461111
2613 0.459967
20617 0.458661
12937 0.458333
28678 0.456395
17050 0.448925
37533 0.443972
20775 0.442308
17896 0.440345
144 0.439062
16593 0.437037
30162 0.436111
14412 0.436111
11295 0.433333
31540 0.430914
6206 0.428539
39415 0.426623
36092 0.425155
25608 0.42398
21126 0.423975
27157 0.422222
31120 0.422149
60 0.419298
17257 0.418056
37771 0.417796
19281 0.413686
23272 0.410145
38875 0.408214
3624 0.403116
13982 0.402778
24071 0.398857
2391 0.398642
23403 0.39697
18002 0.395833
26495 0.392936
22195 0.392666
38381 0.391804
12739 0.38896
1609 0.388072
11222 0.38254
4261 0.379371
13318 0.37619
32469 0.375
4577 0.374734
352 0.374009
13787 0.372832
28594 0.372619
13852 0.371461
36786 0.366413
24412 0.361527
30666 0.361111
27648 0.361111
24747 0.35873
7012 0.354397
18716 0.353968
19909 0.35386
29177 0.353846
23606 0.352778
21182 0.351665
9427 0.35101
3917 0.35
7241 0.343533
33082 0.339168
19588 0.337524
7982 0.333333
34940 0.333333
23996 0.333333
23583 0.333333
23060 0.333333
17051 0.333333
14110 0.333333
423 0.333333
288 0.333333
12390 0.330594
4816 0.329699
16323 0.329388
22441 0.329167
3470 0.328788
16883 0.328478
12158 0.327953
32150 0.327027
21866 0.319048
18794 0.3171
39518 0.316468
32540 0.313634
22722 0.311335
32244 0.310256
25683 0.309192
19032 0.305357
20195 0.303968
14563 0.302632
10470 0.302381
3063 0.300182
3402 0.299145
26080 0.299107
10889 0.298413
27289 0.29697
15377 0.296928
9912 0.295635
6360 0.295489
12440 0.293968
35489 0.29359
40681 0.293306
15572 0.292857
6843 0.290797
2470 0.29
1779 0.29
33945 0.289683
35405 0.286398
33733 0.286111
29610 0.285256
15138 0.285014
36910 0.284739
10136 0.28373
18596 0.282654
16886 0.280101
13789 0.278571
37872 0.278292
19791 0.278073
25066 0.276536
1155 0.273723
20278 0.272228
5835 0.270248
28272 0.269328
1382 0.268249
27404 0.26697
2274 0.266204
40740 0.265086
3396 0.263095
16654 0.262338
12838 0.261544
38268 0.25978
31924 0.258741
7808 0.257469
37727 0.255295
25925 0.254762
13584 0.253788
14640 0.25202
6305 0.25202
40470 0.250534
37920 0.25
37040 0.25
35965 0.25
33955 0.25
32941 0.25
31170 0.25
31007 0.25
30306 0.25
30055 0.25
27542 0.25
25972 0.25
23970 0.25
23457 0.25
21358 0.25
21035 0.25
19976 0.25
16044 0.25
12472 0.25
12086 0.25
10316 0.25
8658 0.25
8202 0.25
5755 0.25
4949 0.25
4124 0.25
2617 0.25
