18034 4.62034
16652 3.39694
24815 2.02998
27790 1.95313
19001 1.74476
10404 1.58665
33501 1.4089
26272 1.4089
30996 1.27208
5776 1.24355
30531 1.11985
27621 1.03148
29795 1.01355
33487 0.942535
18830 0.898348
4102 0.824847
42 0.801481
378 0.783353
14440 0.733216
31202 0.659921
32323 0.618615
4117 0.539706
14213 0.537816
26779 0.516926
24367 0.480612
29802 0.478095
38902 0.44
17103 0.421607
27816 0.417973
26310 0.415775
12639 0.412008
7968 0.412008
16191 0.404153
39904 0.388653
31272 0.388653
30241 0.368056
11862 0.323836
33760 0.312776
37378 0.310102
30874 0.307015
19266 0.307015
17152 0.307015
12085 0.307015
35201 0.295403
28550 0.29359
29889 0.292858
22855 0.292858
4845 0.25795
1527 0.25795
40044 0.251424
16451 0.251424
35940 0.249991
14908 0.219377
20465 0.214388
6700 0.193365
32135 0.189886
14257 0.1881
40547 0.183746
17199 0.183746
3942 0.178283
11659 0.17415
22030 0.172413
36835 0.171687
31541 0.170048
23657 0.169976
1887 0.169303
2138 0.168397
37709 0.167075
8122 0.167075
7958 0.167075
30200 0.147404
13122 0.147404
16161 0.145683
3325 0.145614
39340 0.144382
38237 0.144382
28019 0.138539
27378 0.138539
8672 0.137923
36171 0.125
19632 0.125
5442 0.125
35874 0.119841
12630 0.117927
186 0.117927
19654 0.117259
18458 0.117259
35256 0.116818
15217 0.116162
35382 0.108404
19674 0.107783
12115 0.106619
29870 0.104437
8492 0.104437
3193 0.104437
8298 0.102942
32185 0.102935
27547 0.102881
9932 0.102881
58 0.102881
12710 0.102048
18670 0.1
4997 0.1
3816 0.1
4001 0.0909091
33540 0.0869831
9768 0.0869831
32621 0.0842205
23994 0.0842205
6881 0.0793071
19272 0.0770538
14367 0.0770538
14952 0.074026
12174 0.074026
10096 0.074026
33805 0.0728777
29684 0.0728777
12894 0.0714286
26287 0.0666667
28649 0.0665127
1695 0.0665127
22758 0.0646181
27757 0.0608577
27656 0.0608577
11300 0.0608577
7963 0.0608577
22402 0.0588235
33623 0.05722
12881 0.05722
28038 0.0565146
16308 0.0565146
2838 0.0565146
26047 0.0555556
9449 0.0555556
5216 0.0555556
30369 0.0526316
36805 0.0522917
15769 0.0522917
169 0.0522917
27425 0.0510628
10357 0.0510628
32757 0.05
22377 0.05
10005 0.047619
38051 0.0460848
36060 0.0455168
20581 0.0455168
19692 0.0455168
16107 0.0455168
5033 0.0455168
1617 0.0455168
36693 0.0416925
29338 0.0416925
19564 0.0416925
5278 0.0416925
36127 0.0406722
28148 0.0406722
21597 0.0406722
21166 0.0406722
18704 0.0406722
17602 0.0406722
12523 0.0406722
25574 0.037037
8109 0.037037
35670 0.0322581
23375 0.0322581
19238 0.0322581
11379 0.0322581
26532 0.030303
31306 0.0285714
30194 0.0285714
2711 0.0277778
40269 0.0263158
25788 0.0263158
25411 0.025
36094 0.0227273
4338 0.0227273
39171 0.0217391
7717 0.0217391
27605 0.02
27247 0.02
8203 0.02
36067 0.0166667
34768 0.0166667
33385 0.0166667
31964 0.0166667
22975 0.0166667
13142 0.0166667
6614 0.0166667
38151 0.015625
37176 0.015625
36093 0.015625
33430 0.015625
27331 0.015625
26471 0.015625
23154 0.015625
23014 0.015625
22661 0.015625
21236 0.015625
12806 0.015625
11633 0.015625
10901 0.015625
10073 0.015625
6096 0.015625
4386 0.015625
2633 0.015625
32236 0.0151515
28258 0.0151515
23262 0.0151515
21647 0.0151515
20318 0.0151515
10495 0.0151515
34562 0.0149254
26509 0.0149254
10117 0.0149254
9655 0.0149254
587 0.0149254
40017 0.0144928
39730 0.0144928
34825 0.0144928
33944 0.0144928
32058 0.0144928
31301 0.0144928
24428 0.0144928
23364 0.0144928
22732 0.0144928
20487 0.0144928
20457 0.0144928
11094 0.0144928
5914 0.0144928
2249 0.0144928
37782 0.0136986
32763 0.0136986
26792 0.0136986
20489 0.0136986
5801 0.0136986
5693 0.0136986
3494 0.0136986
40862 0.0120482
34125 0.0120482
27886 0.0120482
21291 0.0120482
20624 0.0120482
20616 0.0120482
17448 0.0120482
17042 0.0120482
12841 0.0120482
10399 0.0120482
8705 0.0120482
5116 0.0120482
2881 0.0120482
40980 0
40979 0
40978 0
40977 0
40976 0
40975 0
40974 0
40973 0
40972 0
40971 0
40970 0
40969 0
40968 0
40967 0
40966 0
40965 0
40964 0
40963 0
40962 0
40961 0
40960 0
40959 0
40958 0
40957 0
40956 0
40955 0
40954 0
40953 0
40952 0
40951 0
40950 0
40949 0
40948 0
40947 0
40946 0
40945 0
40944 0
40943 0
40942 0
40941 0
40940 0
40939 0
40938 0
40937 0
40936 0
40935 0
40934 0
40933 0
40932 0
40931 0
40930 0
40929 0
40928 0
40927 0
40926 0
40925 0
40924 0
40923 0
40922 0
40921 0
40920 0
40919 0
40918 0
40917 0
40916 0
40915 0
40914 0
40913 0
40912 0
40911 0
40910 0
40909 0
40908 0
40907 0
40906 0
40905 0
40904 0
40903 0
40902 0
40901 0
40900 0
40899 0
40898 0
40897 0
40896 0
40895 0
40894 0
40893 0
40892 0
40891 0
40890 0
40889 0
40888 0
40887 0
40886 0
40885 0
40884 0
40883 0
40882 0
40881 0
40880 0
40879 0
40878 0
40877 0
40876 0
40875 0
40874 0
40873 0
40872 0
40871 0
40870 0
40869 0
40868 0
40867 0
40866 0
40865 0
40864 0
40863 0
40861 0
40860 0
40859 0
40858 0
40857 0
40856 0
40855 0
40854 0
40853 0
40852 0
40851 0
40850 0
40849 0
40848 0
40847 0
40846 0
40845 0
40844 0
40843 0
40842 0
40841 0
40840 0
40839 0
40838 0
40837 0
40836 0
40835 0
40834 0
40833 0
40832 0
40831 0
40830 0
40829 0
40828 0
40827 0
40826 0
40825 0
40824 0
40823 0
40822 0
40821 0
40820 0
40819 0
40818 0
40817 0
40816 0
40815 0
40814 0
40813 0
40812 0
40811 0
40810 0
40809 0
40808 0
40807 0
40806 0
40805 0
40804 0
40803 0
40802 0
40801 0
40800 0
40799 0
40798 0
40797 0
40796 0
40795 0
40794 0
40793 0
40792 0
40791 0
40790 0
40789 0
40788 0
40787 0
40786 0
40785 0
40784 0
40783 0
40782 0
40781 0
40780 0
40779 0
40778 0
40777 0
40776 0
40775 0
40774 0
40773 0
40772 0
40771 0
40770 0
40769 0
40768 0
40767 0
40766 0
40765 0
40764 0
40763 0
40762 0
40761 0
40760 0
40759 0
40758 0
40757 0
40756 0
40755 0
40754 0
40753 0
40752 0
40751 0
40750 0
40749 0
40748 0
40747 0
40746 0
40745 0
40744 0
40743 0
40742 0
40741 0
40740 0
40739 0
40738 0
40737 0
40736 0
40735 0
40734 0
40733 0
40732 0
40731 0
