10662 2.53282
18582 2.46256
37190 2.23144
19236 2.18812
27738 1.76997
20134 1.32727
17639 1.18769
29401 1.1562
6070 1.07854
21899 0.977832
18334 0.964799
39560 0.910541
9694 0.910541
36515 0.820509
23843 0.800009
10689 0.745671
20172 0.687777
3265 0.641579
19515 0.629798
32175 0.628536
19074 0.628322
36914 0.6056
26849 0.6056
38819 0.597781
9825 0.573529
25058 0.540868
20345 0.536111
25214 0.509603
27198 0.506302
21394 0.50509
30283 0.474737
10697 0.447132
33841 0.434982
40683 0.417179
945 0.417179
23771 0.416631
12823 0.385137
22066 0.379122
13309 0.343627
3300 0.334091
16859 0.326067
16390 0.325321
32817 0.324415
23422 0.316667
32289 0.298171
14118 0.279304
7178 0.274995
29933 0.255495
8668 0.251599
38964 0.246429
9876 0.242857
31832 0.237001
25599 0.230495
35351 0.225789
23928 0.214527
6399 0.214527
23461 0.20395
10905 0.2
14543 0.196196
22022 0.190278
13896 0.184174
23093 0.181152
37267 0.176528
15349 0.169556
23012 0.161172
29811 0.156355
28360 0.156355
26055 0.156355
432 0.155195
13595 0.154924
6110 0.154924
23779 0.153159
35518 0.148547
19214 0.148547
4626 0.147467
31674 0.142857
21590 0.13903
21020 0.13903
17470 0.13903
23192 0.132756
9904 0.132756
39395 0.125
37720 0.125
16030 0.125
9320 0.125
7811 0.125
7489 0.125
3783 0.125
36529 0.124786
40882 0.113366
18618 0.113366
25906 0.111111
12863 0.111111
11501 0.111111
31123 0.10409
21764 0.10409
35482 0.1
25709 0.1
36451 0.0961279
31871 0.0961279
18228 0.0961279
17902 0.0961279
11315 0.0944099
10994 0.0944099
8791 0.0944099
34737 0.0944011
11899 0.0944011
6034 0.0944011
3709 0.0944011
843 0.0944011
11256 0.0937229
5706 0.0937229
23484 0.0913919
30612 0.0909091
18088 0.0909091
7536 0.0909091
19877 0.0833333
39860 0.0785354
32658 0.0785354
27135 0.0769231
4998 0.0769231
11018 0.0743041
10810 0.0743041
2200 0.0743041
40848 0.0714286
36007 0.0714286
25812 0.0714286
5845 0.0714286
30153 0.0635005
26566 0.0635005
13732 0.0635005
32668 0.0625
25583 0.0625
24670 0.0625
18428 0.0625
16090 0.0625
14822 0.0625
13123 0.0625
11236 0.0625
10677 0.0625
5783 0.0625
37335 0.0577334
32602 0.0577334
12835 0.0577334
11482 0.0577334
5569 0.0573838
9107 0.0555556
37967 0.0526316
37055 0.0526316
36477 0.0526316
28769 0.0526316
25566 0.0526316
17645 0.0526316
13411 0.0526316
327 0.0526316
40732 0.05
38180 0.05
29756 0.05
29620 0.05
24620 0.05
17541 0.05
11973 0.05
5685 0.05
5271 0.05
8672 0.0434783
16817 0.0416667
37710 0.0407469
34610 0.0407469
18607 0.0407469
13853 0.0407469
13849 0.0407469
12280 0.0407469
8088 0.0407469
7878 0.0407469
337 0.0407469
27597 0.037037
13107 0.037037
10166 0.037037
4478 0.037037
39 0.037037
29634 0.0357143
38841 0.0329381
38479 0.0329381
33885 0.0329381
33143 0.0329381
30914 0.0329381
28395 0.0329381
27966 0.0329381
20721 0.0329381
19966 0.0329381
15356 0.0329381
10942 0.0329381
6787 0.0329381
3601 0.0329381
716 0.0329381
663 0.0329381
23875 0.0294118
18328 0.0294118
13125 0.0294118
36816 0.0285714
36673 0.0285714
36197 0.0285714
33026 0.0285714
24239 0.0285714
17312 0.0285714
16625 0.0285714
15885 0.0285714
13916 0.0285714
12808 0.0285714
12575 0.0285714
21025 0.0277778
19816 0.0277778
16718 0.0277778
5605 0.0277778
4061 0.0277778
33233 0.027027
28789 0.027027
15897 0.027027
1834 0.027027
19428 0.0192308
9381 0.0192308
1678 0.0192308
38909 0.0151515
38378 0.0151515
37347 0.0151515
34881 0.0151515
30278 0.0151515
25030 0.0151515
25016 0.0151515
18515 0.0151515
17153 0.0151515
12206 0.0151515
8547 0.0151515
6434 0.0151515
3929 0.0151515
40219 0.0128205
39962 0.0128205
39791 0.0128205
38141 0.0128205
36952 0.0128205
36239 0.0128205
35734 0.0128205
30793 0.0128205
28500 0.0128205
27925 0.0128205
22711 0.0128205
21331 0.0128205
18263 0.0128205
17154 0.0128205
16047 0.0128205
12911 0.0128205
9615 0.0128205
9312 0.0128205
9239 0.0128205
8031 0.0128205
7889 0.0128205
6049 0.0128205
5504 0.0128205
5293 0.0128205
4972 0.0128205
3433 0.0128205
2885 0.0128205
1659 0.0128205
39296 0.00909091
37819 0.00909091
37498 0.00909091
37257 0.00909091
36531 0.00909091
36372 0.00909091
34435 0.00909091
32990 0.00909091
31114 0.00909091
30717 0.00909091
30163 0.00909091
28650 0.00909091
27531 0.00909091
27097 0.00909091
26567 0.00909091
26356 0.00909091
26189 0.00909091
24875 0.00909091
23964 0.00909091
23775 0.00909091
23419 0.00909091
23195 0.00909091
21920 0.00909091
21283 0.00909091
20705 0.00909091
20563 0.00909091
19030 0.00909091
17810 0.00909091
15466 0.00909091
15020 0.00909091
14053 0.00909091
13276 0.00909091
12983 0.00909091
12840 0.00909091
10819 0.00909091
10177 0.00909091
8783 0.00909091
7577 0.00909091
7093 0.00909091
6862 0.00909091
6603 0.00909091
6203 0.00909091
5775 0.00909091
4933 0.00909091
4695 0.00909091
4528 0.00909091
4472 0.00909091
1073 0.00909091
896 0.00909091
804 0.00909091
40508 0.00869565
39541 0.00869565
36295 0.00869565
36262 0.00869565
35460 0.00869565
31159 0.00869565
30860 0.00869565
30737 0.00869565
29336 0.00869565
27928 0.00869565
27482 0.00869565
25299 0.00869565
24627 0.00869565
24212 0.00869565
23007 0.00869565
19698 0.00869565
19493 0.00869565
19421 0.00869565
17635 0.00869565
17595 0.00869565
16809 0.00869565
16301 0.00869565
15363 0.00869565
15042 0.00869565
14219 0.00869565
11602 0.00869565
11404 0.00869565
10663 0.00869565
10456 0.00869565
10237 0.00869565
10111 0.00869565
10059 0.00869565
8927 0.00869565
6828 0.00869565
5644 0.00869565
5626 0.00869565
4471 0.00869565
2612 0.00869565
40980 0
40979 0
40978 0
40977 0
40976 0
40975 0
40974 0
40973 0
40972 0
40971 0
40970 0
40969 0
40968 0
40967 0
40966 0
40965 0
40964 0
40963 0
40962 0
40961 0
40960 0
40959 0
40958 0
40957 0
40956 0
40955 0
40954 0
40953 0
40952 0
40951 0
40950 0
40949 0
40948 0
40947 0
40946 0
40945 0
40944 0
40943 0
40942 0
40941 0
40940 0
40939 0
40938 0
40937 0
40936 0
40935 0
40934 0
40933 0
40932 0
40931 0
40930 0
40929 0
40928 0
40927 0
40926 0
40925 0
40924 0
40923 0
40922 0
40921 0
40920 0
40919 0
40918 0
40917 0
40916 0
40915 0
40914 0
40913 0
40912 0
40911 0
40910 0
40909 0
40908 0
40907 0
40906 0
40905 0
40904 0
40903 0
40902 0
40901 0
40900 0
40899 0
40898 0
40897 0
40896 0
40895 0
40894 0
40893 0
40892 0
40891 0
40890 0
40889 0
40888 0
40887 0
40886 0
40885 0
40884 0
40883 0
40881 0
40880 0
40879 0
40878 0
40877 0
40876 0
40875 0
40874 0
40873 0
40872 0
40871 0
40870 0
40869 0
40868 0
40867 0
40866 0
40865 0
40864 0
40863 0
40862 0
40861 0
40860 0
40859 0
40858 0
40857 0
40856 0
40855 0
40854 0
40853 0
40852 0
40851 0
40850 0
40849 0
40847 0
40846 0
40845 0
40844 0
40843 0
40842 0
40841 0
40840 0
40839 0
40838 0
40837 0
40836 0
40835 0
40834 0
40833 0
40832 0
40831 0
40830 0
