18582 1.56206
9825 1.38418
23843 1.107
29401 0.77316
37335 0.719772
3265 0.715161
39560 0.70405
21394 0.684834
9312 0.644444
36515 0.633333
3709 0.615265
31123 0.606289
22809 0.573488
25906 0.559568
11501 0.559568
37055 0.54152
40882 0.5
17645 0.466497
26189 0.438644
18428 0.423993
37267 0.398466
33885 0.398466
13309 0.398466
40590 0.333333
11482 0.326623
26055 0.315161
17470 0.315161
843 0.315161
13018 0.303255
16859 0.299015
27597 0.292961
29933 0.273433
30612 0.271107
15356 0.25405
34737 0.222231
25058 0.212958
10662 0.212958
9904 0.212958
12863 0.204012
37710 0.202467
32403 0.2
10789 0.2
3687 0.2
36262 0.199043
14219 0.199043
35351 0.189065
18228 0.189065
26356 0.186808
13595 0.186808
12835 0.186808
33841 0.180556
10697 0.180556
813 0.179012
24616 0.166667
18565 0.166667
7150 0.166667
16625 0.152778
36007 0.145342
40848 0.142857
622 0.142857
32817 0.14058
23419 0.14058
12635 0.14058
36355 0.139623
8130 0.139623
8927 0.136585
19698 0.135507
27738 0.132756
23177 0.132756
21899 0.132756
12823 0.132756
36477 0.125588
13411 0.125588
39028 0.125
40508 0.122336
38841 0.122336
32289 0.122336
30737 0.122336
26566 0.122336
17635 0.122336
8791 0.122336
7878 0.122336
24840 0.117901
21654 0.117901
39 0.117216
30717 0.100725
22066 0.100725
7178 0.100725
6522 0.100725
7932 0.1
6552 0.1
33821 0.0909091
17902 0.0909091
17685 0.0909091
31475 0.0896104
12292 0.0896104
5775 0.0896104
24882 0.08806
30008 0.0833333
20250 0.0833333
34312 0.0739934
25885 0.0739934
25812 0.0714286
23771 0.0714286
38378 0.0706796
23012 0.0706796
16313 0.0706796
13819 0.0706796
7125 0.0706796
40732 0.0666667
37758 0.0666667
34733 0.0666667
28375 0.0666667
26402 0.0666667
24754 0.0666667
22569 0.0666667
22501 0.0666667
16090 0.0666667
14080 0.0666667
4760 0.0666667
32175 0.0666477
29811 0.0666477
26849 0.0666477
13853 0.0666477
12280 0.0666477
11315 0.0666477
10663 0.0666477
10111 0.0666477
9694 0.0666477
3601 0.0666477
30267 0.0555556
23828 0.0555556
19701 0.0555556
2111 0.0555556
37967 0.0526316
28769 0.0526316
25566 0.0526316
327 0.0526316
33026 0.05
31778 0.05
25337 0.05
23042 0.05
18221 0.05
10448 0.05
36210 0.0434783
32867 0.0434783
21283 0.0434783
16416 0.0434783
6110 0.0434783
1084 0.0434783
35460 0.0407664
30860 0.0407664
30283 0.0407664
19966 0.0407664
10059 0.0407664
337 0.0407664
36229 0.04
35022 0.04
24906 0.04
15528 0.04
7422 0.04
32833 0.0377739
31114 0.0377739
26567 0.0377739
15020 0.0377739
14053 0.0377739
13576 0.0377739
10677 0.0377739
39179 0.0357143
37838 0.0357143
35404 0.0357143
34520 0.0357143
33009 0.0357143
32990 0.0357143
31871 0.0357143
31832 0.0357143
26377 0.0357143
25056 0.0357143
24313 0.0357143
23701 0.0357143
22219 0.0357143
22095 0.0357143
15466 0.0357143
15455 0.0357143
12840 0.0357143
8717 0.0357143
6203 0.0357143
5605 0.0357143
2480 0.0357143
111 0.0357143
40683 0.0325239
36816 0.0325239
35982 0.0325239
30278 0.0325239
29358 0.0325239
25214 0.0325239
25030 0.0325239
23461 0.0325239
20134 0.0325239
19408 0.0325239
19202 0.0325239
19074 0.0325239
17153 0.0325239
15885 0.0325239
11256 0.0325239
8547 0.0325239
5569 0.0325239
5504 0.0325239
34569 0.0243902
32870 0.0243902
32699 0.0243902
32668 0.0243902
28500 0.0243902
27379 0.0243902
22537 0.0243902
20369 0.0243902
19555 0.0243902
17265 0.0243902
16390 0.0243902
16311 0.0243902
8611 0.0243902
7277 0.0243902
6049 0.0243902
3721 0.0243902
2674 0.0243902
2669 0.0243902
38479 0.0222313
37190 0.0222313
36295 0.0222313
35518 0.0222313
34610 0.0222313
30914 0.0222313
30153 0.0222313
29336 0.0222313
28395 0.0222313
28360 0.0222313
24212 0.0222313
23093 0.0222313
23007 0.0222313
21590 0.0222313
21020 0.0222313
20721 0.0222313
19421 0.0222313
19236 0.0222313
19214 0.0222313
18607 0.0222313
18334 0.0222313
16301 0.0222313
15042 0.0222313
14543 0.0222313
13849 0.0222313
13732 0.0222313
11899 0.0222313
11404 0.0222313
11018 0.0222313
10994 0.0222313
10942 0.0222313
10810 0.0222313
10456 0.0222313
10237 0.0222313
8668 0.0222313
6828 0.0222313
6787 0.0222313
6034 0.0222313
5626 0.0222313
2612 0.0222313
2200 0.0222313
716 0.0222313
663 0.0222313
32658 0.0181818
32001 0.0181818
23964 0.0181818
16718 0.0181818
15191 0.0181818
9338 0.0181818
4933 0.0181818
4323 0.0181818
3594 0.0181818
896 0.0181818
40755 0.0138889
37347 0.0138889
36851 0.0138889
31729 0.0138889
21975 0.0138889
21331 0.0138889
20172 0.0138889
19145 0.0138889
18618 0.0138889
17639 0.0138889
15349 0.0138889
9615 0.0138889
9423 0.0138889
8031 0.0138889
6434 0.0138889
5706 0.0138889
4669 0.0138889
3437 0.0138889
40658 0.0123457
38180 0.0123457
37064 0.0123457
36725 0.0123457
35799 0.0123457
35144 0.0123457
34537 0.0123457
34163 0.0123457
30183 0.0123457
29549 0.0123457
28307 0.0123457
25507 0.0123457
25240 0.0123457
25202 0.0123457
24171 0.0123457
20931 0.0123457
17439 0.0123457
14796 0.0123457
11591 0.0123457
10688 0.0123457
4877 0.0123457
2649 0.0123457
39541 0.00869565
36914 0.00869565
33143 0.00869565
31159 0.00869565
27966 0.00869565
27928 0.00869565
27482 0.00869565
25299 0.00869565
24627 0.00869565
19493 0.00869565
17595 0.00869565
16809 0.00869565
15363 0.00869565
11602 0.00869565
8088 0.00869565
5644 0.00869565
4471 0.00869565
38819 0.00724638
37819 0.00724638
37743 0.00724638
36529 0.00724638
36451 0.00724638
36372 0.00724638
35064 0.00724638
31645 0.00724638
27531 0.00724638
24875 0.00724638
23512 0.00724638
21145 0.00724638
20563 0.00724638
19816 0.00724638
17810 0.00724638
17322 0.00724638
15151 0.00724638
11610 0.00724638
10819 0.00724638
10618 0.00724638
10177 0.00724638
9876 0.00724638
9381 0.00724638
8783 0.00724638
7577 0.00724638
6862 0.00724638
6281 0.00724638
4695 0.00724638
4061 0.00724638
1678 0.00724638
40960 0.00628931
39640 0.00628931
37806 0.00628931
37702 0.00628931
36361 0.00628931
36197 0.00628931
35346 0.00628931
34309 0.00628931
28789 0.00628931
28170 0.00628931
27198 0.00628931
27135 0.00628931
26306 0.00628931
26153 0.00628931
25761 0.00628931
25353 0.00628931
24678 0.00628931
21764 0.00628931
20401 0.00628931
18490 0.00628931
18405 0.00628931
18263 0.00628931
17312 0.00628931
17277 0.00628931
17260 0.00628931
16699 0.00628931
16504 0.00628931
15994 0.00628931
15225 0.00628931
14934 0.00628931
14118 0.00628931
13123 0.00628931
12575 0.00628931
12040 0.00628931
6578 0.00628931
6303 0.00628931
4972 0.00628931
4857 0.00628931
3433 0.00628931
3077 0.00628931
2885 0.00628931
1442 0.00628931
946 0.00628931
945 0.00628931
737 0.00628931
40980 0
40979 0
40978 0
40977 0
40976 0
40975 0
40974 0
40973 0
40972 0
40971 0
40970 0
40969 0
40968 0
40967 0
40966 0
40965 0
40964 0
40963 0
40962 0
40961 0
40959 0
40958 0
40957 0
40956 0
40955 0
40954 0
40953 0
40952 0
40951 0
40950 0
40949 0
40948 0
40947 0
40946 0
40945 0
40944 0
40943 0
40942 0
40941 0
40940 0
40939 0
40938 0
40937 0
40936 0
40935 0
40934 0
40933 0
40932 0
40931 0
40930 0
40929 0
40928 0
40927 0
40926 0
40925 0
40924 0
40923 0
40922 0
40921 0
40920 0
40919 0
40918 0
40917 0
40916 0
40915 0
40914 0
40913 0
40912 0
40911 0
40910 0
40909 0
40908 0
40907 0
40906 0
40905 0
40904 0
40903 0
40902 0
40901 0
40900 0
40899 0
40898 0
40897 0
40896 0
40895 0
40894 0
40893 0
40892 0
40891 0
