23843 8.22178
13309 6.49519
34312 3.95243
23993 3.67845
29401 2.96542
36048 2.94863
8831 2.89443
16933 2.46571
34737 2.40349
15681 2.3323
34761 2.25471
24766 1.82702
797 1.57077
32198 1.5541
18428 1.47025
25885 1.36493
4998 1.24049
9243 1.19784
38130 1.14808
5178 1.09637
29912 1.0223
40562 1.00327
30915 0.99002
6049 0.915856
20652 0.911601
37941 0.884367
12915 0.868433
15741 0.843145
17685 0.835229
31778 0.782647
7277 0.767632
24754 0.75
38640 0.744807
39 0.7
23836 0.694684
33582 0.682845
20192 0.673497
32477 0.654165
39640 0.644266
29062 0.630952
23972 0.611111
12706 0.606589
22956 0.58441
17260 0.583422
20079 0.578788
12982 0.574398
16167 0.56564
20852 0.537069
38084 0.537004
35438 0.527778
6383 0.523256
13847 0.509619
23520 0.497619
4034 0.49
15151 0.482327
10228 0.479167
29528 0.478788
7639 0.47549
36147 0.462544
35601 0.462544
31366 0.462544
27379 0.462544
22537 0.462544
19555 0.462544
18732 0.462544
9423 0.462544
2669 0.462544
14230 0.445489
25643 0.444444
15609 0.436111
20250 0.429194
19016 0.412081
36372 0.408333
20412 0.399573
4378 0.392641
25219 0.3875
36362 0.387484
40794 0.370455
16390 0.368484
36217 0.359251
6239 0.359251
32522 0.353968
3721 0.351095
32538 0.333333
30218 0.333333
27064 0.333333
23112 0.333333
20932 0.333333
19419 0.333333
37074 0.33278
2940 0.33278
25016 0.320407
27082 0.315046
2210 0.30897
33065 0.300901
35551 0.296947
16231 0.29441
30565 0.294171
15067 0.272655
16711 0.264181
8313 0.264181
28500 0.261364
19671 0.261364
35792 0.250865
22122 0.250865
14583 0.250865
9615 0.250865
37959 0.25
36947 0.25
31375 0.25
18755 0.25
15055 0.25
6560 0.25
5400 0.25
3089 0.25
2352 0.25
4695 0.243369
13819 0.241393
17915 0.217246
33695 0.215278
10819 0.215278
25116 0.214165
17757 0.214165
17038 0.214165
20051 0.21129
17312 0.204428
2885 0.204428
39039 0.2
32317 0.2
27654 0.2
26749 0.2
19907 0.2
17421 0.2
14710 0.2
4185 0.2
22501 0.199251
24984 0.198824
5864 0.198611
15477 0.194935
39016 0.188995
1743 0.183916
32403 0.175747
18328 0.175747
29592 0.171607
25580 0.171607
7933 0.171607
2476 0.171607
40472 0.169555
39620 0.169555
27045 0.169555
39732 0.166667
38301 0.166667
37694 0.166667
25353 0.166667
23024 0.166667
17056 0.166667
9518 0.166667
31897 0.162542
34758 0.157647
22994 0.154529
14282 0.144442
40003 0.142857
39377 0.142857
37711 0.142857
28572 0.142857
26070 0.142857
24722 0.142857
5081 0.142857
946 0.142857
912 0.142857
2153 0.129669
36651 0.125
35072 0.125
33233 0.125
28353 0.125
25737 0.125
19820 0.125
12069 0.125
10588 0.125
5516 0.125
2566 0.125
21415 0.120151
35723 0.120151
3017 0.120151
458 0.120151
35241 0.117165
26402 0.111111
26149 0.111111
24678 0.111111
23461 0.111111
23435 0.111111
23007 0.111111
21764 0.111111
21590 0.111111
18468 0.111111
12835 0.111111
10765 0.111111
7125 0.111111
17032 0.101283
39936 0.1
36229 0.1
21943 0.1
17873 0.1
17571 0.1
12873 0.1
10689 0.1
8547 0.1
5092 0.1
39031 0.0909091
33841 0.0909091
33088 0.0909091
27540 0.0909091
27454 0.0909091
16855 0.0909091
10864 0.0909091
6356 0.0909091
4323 0.0909091
2896 0.0909091
20841 0.0833333
36858 0.0769231
30794 0.0769231
29695 0.0769231
27622 0.0769231
24459 0.0769231
21323 0.0769231
6016 0.0769231
3356 0.0769231
3060 0.0769231
24515 0.0714286
7019 0.0714286
33798 0.0666667
17173 0.0666667
15653 0.0666667
9324 0.0666667
4471 0.0666667
38535 0.0625
37328 0.0625
37122 0.0625
35407 0.0625
34404 0.0625
29539 0.0625
25330 0.0625
21689 0.0625
10299 0.0625
6112 0.0625
40915 0.0588235
39589 0.0588235
39383 0.0588235
30377 0.0588235
29426 0.0588235
26704 0.0588235
26584 0.0588235
25893 0.0588235
25766 0.0588235
24138 0.0588235
22594 0.0588235
21183 0.0588235
19032 0.0588235
18463 0.0588235
18018 0.0588235
15799 0.0588235
14813 0.0588235
14142 0.0588235
40612 0.0526316
40000 0.0526316
33136 0.0526316
30412 0.0526316
25546 0.0526316
24964 0.0526316
16688 0.0526316
3832 0.0526316
2877 0.0526316
947 0.0526316
40604 0.0500891
28170 0.0500891
25920 0.0500891
21853 0.0500891
13193 0.0500891
12652 0.0500891
9558 0.0500891
7422 0.0500891
4190 0.0500891
3215 0.0500891
1442 0.0500891
737 0.0500891
15851 0.047619
39879 0.0454545
35010 0.0454545
34682 0.0454545
33322 0.0454545
24600 0.0454545
24572 0.0454545
19641 0.0454545
16035 0.0454545
15460 0.0454545
6759 0.0454545
3683 0.0454545
2317 0.0454545
1658 0.0454545
38841 0.0416667
36647 0.0416667
33885 0.0416667
32289 0.0416667
26055 0.0416667
25761 0.0416667
25214 0.0416667
20134 0.0416667
19983 0.0416667
19236 0.0416667
19074 0.0416667
18582 0.0416667
9694 0.0416667
3265 0.0416667
40789 0.04
40578 0.04
38583 0.04
37519 0.04
37502 0.04
34152 0.04
33256 0.04
32607 0.04
28216 0.04
27208 0.04
26917 0.04
25659 0.04
24482 0.04
24400 0.04
22368 0.04
20682 0.04
18109 0.04
17492 0.04
16058 0.04
15948 0.04
13669 0.04
12935 0.04
11909 0.04
11488 0.04
10922 0.04
2749 0.04
823 0.04
341 0.04
126 0.04
36930 0.0384615
36125 0.0384615
31916 0.037037
27553 0.037037
24894 0.037037
18950 0.037037
15150 0.037037
39627 0.0322581
39085 0.0322581
37819 0.0322581
37064 0.0322581
36725 0.0322581
34537 0.0322581
34438 0.0322581
28928 0.0322581
25507 0.0322581
25202 0.0322581
23565 0.0322581
23120 0.0322581
23110 0.0322581
17810 0.0322581
15869 0.0322581
13370 0.0322581
11591 0.0322581
10234 0.0322581
9287 0.0322581
4412 0.0322581
1218 0.0322581
40426 0.025
38672 0.025
21032 0.025
18373 0.025
15127 0.025
13608 0.025
11122 0.025
8838 0.025
7225 0.025
39563 0.0232558
37967 0.0232558
34520 0.0232558
33009 0.0232558
30936 0.0232558
28066 0.0232558
27125 0.0232558
25664 0.0232558
19428 0.0232558
19423 0.0232558
15305 0.0232558
14860 0.0232558
10333 0.0232558
5815 0.0232558
5543 0.0232558
4420 0.0232558
40326 0.0163934
37806 0.0163934
37758 0.0163934
33634 0.0163934
33559 0.0163934
32051 0.0163934
29393 0.0163934
29334 0.0163934
26758 0.0163934
26184 0.0163934
23693 0.0163934
18405 0.0163934
17830 0.0163934
17106 0.0163934
16504 0.0163934
16313 0.0163934
14080 0.0163934
12040 0.0163934
9381 0.0163934
8617 0.0163934
7480 0.0163934
6792 0.0163934
4562 0.0163934
3083 0.0163934
2194 0.0163934
1908 0.0163934
40882 0.00869565
40125 0.00869565
39426 0.00869565
39361 0.00869565
39269 0.00869565
38848 0.00869565
38775 0.00869565
38758 0.00869565
38596 0.00869565
38241 0.00869565
37444 0.00869565
37428 0.00869565
36294 0.00869565
36134 0.00869565
34893 0.00869565
34238 0.00869565
32258 0.00869565
30017 0.00869565
29538 0.00869565
28235 0.00869565
27841 0.00869565
27666 0.00869565
26524 0.00869565
25826 0.00869565
25583 0.00869565
25498 0.00869565
25374 0.00869565
25037 0.00869565
24850 0.00869565
22734 0.00869565
22530 0.00869565
21198 0.00869565
20982 0.00869565
19792 0.00869565
19392 0.00869565
17301 0.00869565
16827 0.00869565
16638 0.00869565
16447 0.00869565
16099 0.00869565
15192 0.00869565
14739 0.00869565
14401 0.00869565
13942 0.00869565
13245 0.00869565
13204 0.00869565
12981 0.00869565
12464 0.00869565
12427 0.00869565
11514 0.00869565
11359 0.00869565
9818 0.00869565
9239 0.00869565
9011 0.00869565
7709 0.00869565
7565 0.00869565
7370 0.00869565
5867 0.00869565
5279 0.00869565
5241 0.00869565
4867 0.00869565
4815 0.00869565
4095 0.00869565
3711 0.00869565
3436 0.00869565
2675 0.00869565
2333 0.00869565
1579 0.00869565
818 0.00869565
40980 0
40979 0
40978 0
40977 0
40976 0
40975 0
40974 0
40973 0
40972 0
40971 0
