24825 67.9913
9862 38.0658
31894 17.1041
39102 13.1421
28132 9.72698
7373 9.08629
2295 8.94047
31354 6.83854
18777 6.71846
25998 6.62751
23609 5.52197
36963 5.12503
11833 4.79456
4129 4.7094
5095 4.30062
17511 4.15513
14379 4.01689
8672 3.77906
17407 3.53483
8369 3.42558
35462 3.4067
11479 3.19406
3410 3.14872
40926 2.90807
21233 2.67318
22594 2.57571
11054 2.4349
18328 2.43144
283 2.3986
24048 2.38476
23906 2.36524
37341 2.3515
40883 2.30341
21630 2.1497
19032 2.12993
32558 2.11076
2592 2.02857
2483 1.92076
31725 1.91001
11612 1.86978
32661 1.83897
715 1.8215
31301 1.78434
23843 1.76026
35691 1.71251
11453 1.67882
24054 1.62187
6162 1.61572
16043 1.59708
10741 1.52509
17208 1.51902
38830 1.48254
32494 1.47626
35195 1.46587
38166 1.42619
9922 1.41667
36184 1.37208
15821 1.3665
33362 1.36217
27977 1.34286
29480 1.34255
3936 1.31111
37556 1.275
37237 1.26668
15845 1.25952
32885 1.16859
2840 1.11667
36022 1.11111
4138 1.07939
27799 1.07692
32330 1.06667
21531 1.02976
8027 1
9540 0.985747
22624 0.964286
36351 0.940666
11288 0.926812
19841 0.920238
21911 0.900132
13043 0.890931
16777 0.890873
10923 0.888989
39855 0.866667
16135 0.85873
9202 0.846368
27409 0.830191
12817 0.813095
37184 0.812981
31283 0.812302
2962 0.801111
31887 0.796113
14166 0.796113
35775 0.783333
21005 0.783333
4988 0.773396
5732 0.75
11275 0.733584
9913 0.729167
17031 0.712792
37372 0.711003
13846 0.710965
33946 0.7
19650 0.7
19117 0.7
15283 0.676389
28316 0.67619
18650 0.674643
39952 0.674426
20204 0.670887
8861 0.670887
33185 0.662037
7786 0.659361
6774 0.658333
25605 0.65
1978 0.65
31232 0.642857
8285 0.642857
11782 0.636111
12615 0.631041
27275 0.616667
5854 0.616667
243 0.616667
29737 0.610256
21171 0.608584
39689 0.593478
27916 0.583333
14265 0.575
147 0.574854
19777 0.569444
12054 0.568934
28253 0.5625
24106 0.557055
34349 0.549679
17609 0.541667
26700 0.535714
40353 0.529219
31345 0.525
17770 0.523999
17525 0.514899
37682 0.504405
40330 0.503968
28552 0.5
10761 0.476923
11743 0.47619
4587 0.458824
24848 0.457576
13624 0.455556
9665 0.453704
26604 0.45
22564 0.45
36473 0.44729
585 0.442857
19106 0.442425
26679 0.425
27113 0.420635
35865 0.418332
24812 0.416667
878 0.410714
25437 0.410256
18938 0.410145
33899 0.404335
8286 0.402381
27728 0.391667
17475 0.391667
3442 0.386759
32605 0.383824
9386 0.38355
29546 0.383332
32383 0.383217
11781 0.377778
23555 0.368347
33309 0.363095
33415 0.357332
38609 0.349206
10751 0.348038
7414 0.34541
28431 0.344877
13265 0.344877
2195 0.344877
19147 0.344538
16060 0.340909
31669 0.339326
31080 0.339286
31504 0.337751
38429 0.334524
39970 0.333333
31964 0.333333
29276 0.333333
27517 0.333333
8527 0.333333
8052 0.333333
4957 0.333333
2241 0.333333
33655 0.320489
32721 0.317062
11392 0.316667
26087 0.30855
33217 0.307363
37696 0.301916
5349 0.298413
17433 0.292832
32229 0.291667
17715 0.287037
13254 0.278604
6651 0.277778
10737 0.274621
23338 0.265873
4724 0.264683
17175 0.262637
18932 0.258824
34781 0.25
33825 0.25
30103 0.25
29934 0.25
26494 0.25
23886 0.25
18786 0.25
18360 0.25
17236 0.25
13654 0.25
3632 0.25
3377 0.25
1555 0.25
1091 0.25
768 0.25
28455 0.245401
17312 0.239899
2560 0.238718
10361 0.236742
1068 0.235714
36878 0.229371
6262 0.223611
17968 0.206041
40915 0.2
40600 0.2
35440 0.2
28089 0.2
27845 0.2
26870 0.2
24542 0.2
21869 0.2
11904 0.2
4020 0.2
1541 0.2
37977 0.196172
22711 0.184878
8922 0.184314
19853 0.177871
14509 0.174426
35369 0.173203
36604 0.166667
36400 0.166667
36313 0.166667
34498 0.166667
28983 0.166667
28270 0.166667
27065 0.166667
26287 0.166667
26226 0.166667
25957 0.166667
23724 0.166667
23660 0.166667
20704 0.166667
18950 0.166667
18177 0.166667
16305 0.166667
13194 0.166667
9316 0.166667
7262 0.166667
7242 0.166667
2105 0.166667
37284 0.164087
10738 0.160714
40191 0.156517
39779 0.154278
33697 0.150251
15950 0.150251
25854 0.150145
21859 0.142951
39916 0.142857
35309 0.142857
13463 0.142857
11177 0.142857
11097 0.142857
10273 0.142857
3870 0.142857
23746 0.137285
15045 0.135833
15600 0.131419
40444 0.125
36755 0.125
35335 0.125
29809 0.125
26611 0.125
25016 0.125
24915 0.125
21793 0.125
20167 0.125
18524 0.125
17936 0.125
17083 0.125
7725 0.125
2335 0.125
21141 0.112121
4922 0.112121
4417 0.112121
38184 0.111111
33912 0.111111
28115 0.111111
27883 0.111111
24775 0.111111
15179 0.111111
14532 0.111111
8742 0.111111
8069 0.111111
27745 0.110256
19487 0.10974
29907 0.1
25412 0.1
22056 0.1
4878 0.1
37924 0.0909091
37010 0.0909091
31611 0.0909091
31083 0.0909091
26328 0.0909091
23357 0.0909091
15400 0.0909091
8465 0.0909091
5310 0.0909091
3472 0.0909091
40004 0.0833333
35273 0.0833333
35034 0.0833333
30668 0.0833333
29103 0.0833333
23043 0.0833333
22111 0.0833333
21354 0.0833333
20072 0.0833333
17687 0.0833333
16964 0.0833333
6484 0.0833333
4349 0.0833333
40137 0.0769231
31806 0.0769231
28094 0.0769231
27889 0.0769231
23570 0.0769231
22405 0.0769231
21703 0.0769231
18248 0.0769231
17782 0.0769231
13482 0.0769231
7901 0.0769231
7335 0.0769231
2222 0.0769231
54 0.0769231
34768 0.0714286
34626 0.0714286
33403 0.0714286
31295 0.0714286
36663 0.0666667
35379 0.0666667
35176 0.0666667
34801 0.0666667
33986 0.0666667
32153 0.0666667
23982 0.0666667
23883 0.0666667
22510 0.0666667
22242 0.0666667
14504 0.0666667
35734 0.0625
35392 0.0625
33525 0.0625
26832 0.0625
26103 0.0625
21889 0.0625
18351 0.0625
14819 0.0625
14324 0.0625
14004 0.0625
13432 0.0625
9239 0.0625
432 0.0625
186 0.0625
37426 0.0588235
29630 0.0588235
28202 0.0588235
23733 0.0588235
19460 0.0588235
10341 0.0588235
5476 0.0588235
34688 0.0555556
27472 0.0526316
1119 0.0526316
24971 0.05
15069 0.05
27022 0.047619
18114 0.047619
15195 0.047619
39791 0.0454545
36952 0.0454545
27514 0.0454545
24239 0.0454545
20282 0.0454545
14932 0.0454545
8580 0.0454545
7708 0.0454545
7691 0.0454545
6815 0.0454545
6096 0.0454545
2869 0.0454545
2289 0.0454545
830 0.0454545
14783 0.0434783
40458 0.0416667
39371 0.0416667
38982 0.0416667
37711 0.0416667
37048 0.0416667
35876 0.0416667
30684 0.0416667
20175 0.0416667
12313 0.0416667
10954 0.0416667
3552 0.0416667
1508 0.0416667
39896 0.04
35163 0.04
2238 0.04
13946 0.0384615
40967 0.037037
34433 0.037037
32888 0.037037
27963 0.037037
25745 0.037037
20845 0.037037
20347 0.037037
20273 0.037037
16789 0.037037
1642 0.037037
1594 0.037037
1026 0.037037
34193 0.0357143
33963 0.0357143
33304 0.0333333
26179 0.0333333
38453 0.0285714
37630 0.0285714
35925 0.0285714
32228 0.0285714
30054 0.0285714
28621 0.0285714
25415 0.0285714
21810 0.0285714
20760 0.0285714
19141 0.0285714
15156 0.0285714
11450 0.0285714
11047 0.0285714
10006 0.0285714
8926 0.0285714
7836 0.0285714
3387 0.0285714
1975 0.0285714
37417 0.025
28010 0.025
11730 0.025
40980 0
40979 0
40978 0
40977 0
40976 0
40975 0
40974 0
40973 0
40972 0
40971 0
40970 0
40969 0
40968 0
40966 0
40965 0
40964 0
40963 0
40962 0
40961 0
40960 0
40959 0
40958 0
40957 0
40956 0
40955 0
40954 0
40953 0
40952 0
40951 0
40950 0
