32404 4.15303
3205 2.89339
20118 2.22193
5657 2.13976
25239 2.12827
33261 1.66382
9809 1.53834
39470 1.33783
27813 1.1213
7627 1.07606
26823 1.06811
6295 1.04033
5260 1.02866
23958 1.0198
1350 0.959106
7078 0.932371
6188 0.911437
21239 0.859933
7650 0.859933
12862 0.803267
3069 0.803267
15682 0.792734
32495 0.696484
37660 0.695019
30029 0.689619
21555 0.663842
26362 0.633986
29947 0.614379
34117 0.571518
36983 0.557855
25758 0.511359
17944 0.51081
29779 0.499485
26801 0.465805
11716 0.452297
39759 0.450181
6521 0.446441
37144 0.435245
29180 0.434914
11316 0.414121
9356 0.404871
12244 0.402605
4237 0.402605
16138 0.399269
24768 0.386545
29017 0.350882
10214 0.339031
39088 0.338531
21155 0.322935
38401 0.310285
35558 0.304287
40857 0.298873
9042 0.291155
25145 0.288341
39241 0.26849
23371 0.267056
13320 0.267056
24888 0.261909
28048 0.261052
13590 0.258677
17023 0.255344
8801 0.255344
4661 0.249352
32227 0.2461
26330 0.236249
5031 0.229522
24636 0.227517
1381 0.227384
70 0.222533
34842 0.222056
31408 0.222056
3533 0.222056
19454 0.219783
25493 0.219068
35233 0.215303
20741 0.214209
28911 0.199766
27088 0.196515
25841 0.196515
16637 0.195019
19530 0.193022
37481 0.192642
17832 0.192642
6999 0.187646
4357 0.187646
10336 0.183391
20189 0.181807
10429 0.181807
20261 0.169845
11395 0.167471
31590 0.165936
26221 0.165936
16877 0.165936
3359 0.165936
19599 0.162262
16382 0.16066
16174 0.160036
12912 0.159654
38213 0.15732
2362 0.157204
21458 0.154826
18312 0.154826
8434 0.14939
37539 0.149206
15269 0.147047
40392 0.137892
39044 0.135876
2021 0.135535
10681 0.134855
23815 0.133406
10687 0.129394
1063 0.129394
7956 0.128119
30069 0.127732
29696 0.127732
326 0.127037
32910 0.126827
30560 0.126827
20820 0.125638
21671 0.125409
20131 0.125409
20514 0.122538
28895 0.121952
28516 0.121544
1233 0.121544
17823 0.117907
8590 0.117907
33034 0.115196
20095 0.115196
30033 0.111479
18211 0.111479
20798 0.111111
19252 0.110709
31064 0.108047
20499 0.105339
648 0.105339
16733 0.102127
2506 0.101658
899 0.101658
37753 0.0998744
37258 0.0998744
9863 0.0998744
9627 0.0998744
951 0.0998744
297 0.0998744
835 0.0997024
4603 0.0995126
35807 0.0962884
28365 0.0962884
30889 0.0909091
4741 0.0861421
35019 0.0833333
37239 0.081558
17518 0.081558
15447 0.081558
17095 0.0786322
21717 0.0776316
40537 0.0774332
39325 0.0774332
1481 0.073676
30421 0.0625
131 0.0617251
9604 0.0598896
17059 0.0588788
1309 0.0583535
19136 0.0577471
20244 0.0568947
35302 0.0563998
1762 0.0563998
33788 0.0530392
14675 0.0530392
2224 0.0530392
39816 0.0513805
37045 0.0513805
7349 0.0502455
4193 0.0497835
903 0.0497835
17111 0.0497514
40949 0.047619
31109 0.047619
14019 0.047619
40117 0.0463345
11598 0.0463345
9956 0.0463345
25818 0.0429797
5581 0.0429797
21522 0.0420483
3174 0.0420483
13056 0.0416667
11307 0.0416667
3373 0.0416667
28362 0.0409956
18657 0.0409956
16993 0.0409956
1077 0.04
37202 0.0357143
29927 0.0317536
29089 0.0317536
28548 0.0317536
27150 0.0317536
20793 0.0317536
15333 0.0317536
11538 0.0317536
10801 0.0317536
2109 0.0317536
36107 0.0263158
27249 0.0263158
22370 0.0263158
6282 0.0263158
1031 0.0263158
32679 0.025
14308 0.025
16709 0.0243902
40680 0.0232558
1537 0.0227273
37763 0.0188679
26496 0.0188679
19160 0.0188679
13152 0.0188679
9522 0.0188679
14752 0.0178571
25674 0.015873
20859 0.015873
11160 0.015873
35890 0.0147059
23880 0.0147059
16623 0.0147059
11605 0.0147059
6328 0.0147059
3087 0.0147059
842 0.0147059
37981 0.0133333
34934 0.0133333
32275 0.0133333
24976 0.0133333
24491 0.0133333
23690 0.0133333
18774 0.0133333
18266 0.0133333
18074 0.0133333
16475 0.0133333
15299 0.0133333
13724 0.0133333
7300 0.0133333
5213 0.0133333
4832 0.0133333
4685 0.0133333
4107 0.0133333
3774 0.0133333
3446 0.0133333
3275 0.0133333
2213 0.0133333
1837 0.0133333
1095 0.0133333
38481 0.011236
23768 0.011236
13222 0.011236
11963 0.011236
3810 0.011236
36497 0.0104167
26434 0.0104167
25621 0.0104167
17508 0.0104167
10121 0.0104167
8728 0.0104167
1665 0.0104167
40634 0.010101
17991 0.010101
3159 0.010101
40980 0
40979 0
40978 0
40977 0
40976 0
40975 0
40974 0
40973 0
40972 0
40971 0
40970 0
40969 0
40968 0
40967 0
40966 0
40965 0
40964 0
40963 0
40962 0
40961 0
40960 0
40959 0
40958 0
40957 0
40956 0
40955 0
40954 0
40953 0
40952 0
40951 0
40950 0
40948 0
40947 0
40946 0
40945 0
40944 0
40943 0
40942 0
40941 0
40940 0
40939 0
40938 0
40937 0
40936 0
40935 0
40934 0
40933 0
40932 0
40931 0
40930 0
40929 0
40928 0
40927 0
40926 0
40925 0
40924 0
40923 0
40922 0
40921 0
40920 0
40919 0
40918 0
40917 0
40916 0
40915 0
40914 0
40913 0
40912 0
40911 0
40910 0
40909 0
40908 0
40907 0
40906 0
40905 0
40904 0
40903 0
40902 0
40901 0
40900 0
40899 0
40898 0
40897 0
40896 0
40895 0
40894 0
40893 0
40892 0
40891 0
40890 0
40889 0
40888 0
40887 0
40886 0
40885 0
40884 0
40883 0
40882 0
40881 0
40880 0
40879 0
40878 0
40877 0
40876 0
40875 0
40874 0
40873 0
40872 0
40871 0
40870 0
40869 0
40868 0
40867 0
40866 0
40865 0
40864 0
40863 0
40862 0
40861 0
40860 0
40859 0
40858 0
40856 0
40855 0
40854 0
40853 0
40852 0
40851 0
40850 0
40849 0
40848 0
40847 0
40846 0
40845 0
40844 0
40843 0
40842 0
40841 0
40840 0
40839 0
40838 0
40837 0
40836 0
40835 0
40834 0
40833 0
40832 0
40831 0
40830 0
40829 0
40828 0
40827 0
40826 0
40825 0
40824 0
40823 0
40822 0
40821 0
40820 0
40819 0
40818 0
40817 0
40816 0
40815 0
40814 0
40813 0
40812 0
40811 0
40810 0
40809 0
40808 0
40807 0
40806 0
40805 0
40804 0
40803 0
40802 0
40801 0
40800 0
40799 0
40798 0
40797 0
40796 0
40795 0
40794 0
40793 0
40792 0
40791 0
40790 0
40789 0
40788 0
40787 0
40786 0
40785 0
40784 0
40783 0
40782 0
40781 0
40780 0
40779 0
40778 0
40777 0
40776 0
40775 0
40774 0
40773 0
40772 0
40771 0
40770 0
40769 0
40768 0
40767 0
40766 0
40765 0
40764 0
40763 0
40762 0
40761 0
40760 0
40759 0
40758 0
40757 0
40756 0
40755 0
40754 0
40753 0
40752 0
40751 0
40750 0
40749 0
40748 0
