6185 59.9697
22811 40.5444
31559 35.5061
21341 34.7365
38354 31.7942
36888 24.4253
39696 18.361
12450 18.0933
19103 16.0213
32733 15.6837
1972 15.3239
2089 14.6053
2708 11.8881
13423 11.7224
11703 11.2009
3239 10.8035
7444 10.3116
14450 9.95858
8164 9.25304
1798 9.23356
37928 8.99204
8895 8.94018
35867 8.89432
24220 8.37663
6207 8.13036
9167 8.04518
15309 7.86967
34084 7.53382
39284 7.48317
12332 7.43222
19735 7.42104
704 7.10737
30899 6.98581
33132 6.82836
5068 6.48047
31647 6.35238
15368 6.03069
35266 5.91209
32626 5.73117
38718 5.69767
4855 5.66077
4838 5.54076
27559 5.48025
19984 5.31458
15041 5.30676
14093 5.17842
35477 5.1759
1766 5.15121
25216 5.14375
32312 5.14103
24413 5.02934
9576 4.93585
6456 4.92163
31155 4.82936
2075 4.82567
16929 4.61081
4755 4.53305
19355 4.52834
2967 4.5114
32581 4.42936
18224 4.37059
10671 4.294
926 4.29017
25995 4.22331
27855 4.18509
8360 4.13045
31209 4.10856
15866 4.06896
21033 3.96596
35377 3.93176
18504 3.9273
16562 3.91848
35991 3.84445
18202 3.77948
37564 3.73575
4783 3.73371
35800 3.68115
18482 3.54338
10509 3.19735
5913 3.14708
13134 3.14116
39886 3.10453
27882 3.09049
22788 3.06848
928 2.91563
37431 2.89369
37916 2.86559
24827 2.84266
1146 2.81779
9352 2.77375
32438 2.66259
3033 2.62579
18346 2.61899
23666 2.60772
37311 2.56567
5925 2.55166
9869 2.51723
10415 2.4916
28339 2.48864
8789 2.45106
29738 2.42288
7110 2.38971
19711 2.35179
11518 2.35071
9707 2.33063
15601 2.29895
32798 2.28614
17418 2.26903
437 2.24607
22398 2.20948
16455 2.20607
13438 2.20497
7797 2.16223
34434 2.14837
16201 2.12467
28162 2.12123
18328 2.1057
3694 1.99455
24471 1.95757
3014 1.94923
13013 1.92892
25439 1.89785
5023 1.86843
16742 1.85128
172 1.81883
27259 1.79154
5506 1.77806
25975 1.76816
34343 1.75622
4506 1.75
24426 1.71978
7123 1.71077
2269 1.70677
17017 1.68906
26098 1.68301
20246 1.67524
23083 1.66986
29585 1.65797
27111 1.64029
40671 1.63073
19032 1.62343
35986 1.62137
23843 1.62103
20291 1.62048
566 1.60482
8339 1.57681
19428 1.56857
17760 1.56216
38299 1.55422
11091 1.55056
14012 1.54286
33235 1.49847
32399 1.48867
4088 1.48615
1985 1.48047
26632 1.44332
6405 1.43889
34039 1.42314
23903 1.41041
27507 1.37334
2997 1.36551
16281 1.36382
20804 1.35873
36169 1.35868
27447 1.352
18255 1.34205
495 1.33365
29990 1.32974
30407 1.32549
33645 1.32166
9318 1.30317
29401 1.30015
25391 1.29125
29344 1.27406
26820 1.2672
39798 1.26686
10031 1.25289
13350 1.25183
39595 1.23938
14497 1.23597
5206 1.23502
26904 1.22575
27362 1.22434
336 1.22323
21699 1.19448
14990 1.18687
22501 1.18452
33609 1.17251
6831 1.16313
34689 1.14253
2868 1.13149
5341 1.11725
9729 1.11326
10097 1.10162
9705 1.09389
6303 1.09286
22433 1.09192
5662 1.09168
36979 1.08828
36633 1.08801
3640 1.07879
29216 1.06584
6737 1.0629
18745 1.01916
28413 1.0166
4795 0.992522
10711 0.990971
17504 0.98757
21745 0.981969
23074 0.981486
20463 0.974479
11541 0.971329
6078 0.967365
33957 0.963948
26061 0.962451
20097 0.956052
16098 0.954835
942 0.939261
15725 0.926115
15668 0.925465
9877 0.921774
15375 0.902764
18355 0.900182
2771 0.899938
24275 0.892128
7934 0.887043
26129 0.882228
16876 0.875661
11875 0.875576
33701 0.866442
13991 0.85609
17009 0.854062
20225 0.844581
32783 0.839312
36155 0.839048
15360 0.833333
3122 0.825256
39794 0.79802
20985 0.796429
13858 0.795738
30905 0.794388
2260 0.787752
21715 0.784226
7590 0.771941
11007 0.765856
22576 0.762149
22748 0.753175
20482 0.746843
16888 0.744108
24942 0.737426
17242 0.736386
32691 0.734387
38866 0.726284
14962 0.724306
24166 0.7
23680 0.687673
12966 0.683061
3792 0.678502
7146 0.669048
23995 0.660635
23889 0.653234
10568 0.633333
22262 0.626886
8790 0.616667
39803 0.613631
14229 0.611111
9805 0.609692
10960 0.607742
12871 0.605822
28263 0.604327
18022 0.603943
38169 0.6
6098 0.6
27625 0.597395
39538 0.594951
17559 0.588922
31052 0.582724
26872 0.581361
19938 0.570045
30503 0.566667
24362 0.566667
20389 0.565201
16312 0.558346
13181 0.555723
17705 0.555556
30145 0.552053
26247 0.542639
18717 0.538745
9021 0.535609
12064 0.533286
35619 0.52735
11098 0.525344
27635 0.524242
5146 0.523718
3456 0.523645
10461 0.522482
21360 0.520009
32885 0.51557
24446 0.508824
32897 0.508449
26951 0.505841
35623 0.501817
40812 0.500834
4040 0.500372
10820 0.5
3862 0.499462
29834 0.498766
30498 0.49262
37468 0.492063
7345 0.492017
7115 0.490909
4607 0.490362
21655 0.490257
36309 0.488462
27189 0.481323
24190 0.480471
21363 0.480072
13223 0.477909
323 0.474702
7058 0.47291
2273 0.471111
36504 0.464409
6084 0.459695
30529 0.4578
2885 0.454956
36887 0.453188
12947 0.450458
33871 0.446612
6444 0.442857
7629 0.438095
16837 0.436829
17022 0.435107
32064 0.434699
11238 0.432866
23037 0.424092
4030 0.416667
22366 0.415526
24948 0.411835
29352 0.410689
25964 0.398815
4010 0.394046
14505 0.393316
37129 0.384133
6869 0.38254
28830 0.3804
10480 0.376869
2123 0.373809
38997 0.372112
36699 0.371858
2389 0.366454
22225 0.362129
25127 0.357478
39450 0.357172
39758 0.352646
32724 0.350641
3926 0.350023
13736 0.344877
19155 0.343893
40167 0.333333
34312 0.333333
22948 0.333333
16054 0.333333
13819 0.333333
6465 0.333333
1147 0.328999
146 0.327381
34294 0.32695
5961 0.32406
25715 0.321475
19226 0.320635
14147 0.320513
9441 0.319339
8346 0.319048
5670 0.317392
4351 0.312943
20668 0.310922
28308 0.308805
15527 0.305556
32338 0.305059
20806 0.302177
25963 0.301923
34354 0.301717
3113 0.30011
32719 0.299145
22535 0.299145
4400 0.298416
27293 0.298372
31656 0.296667
18566 0.295513
29608 0.29524
24564 0.294616
25403 0.293212
10648 0.292857
36597 0.289596
4485 0.288752
23696 0.286335
22330 0.285031
15663 0.285031
9195 0.283939
15266 0.282258
26839 0.278325
1713 0.278325
12676 0.277181
23159 0.272519
2970 0.268043
13278 0.268018
30916 0.266667
34768 0.2663
38894 0.263228
37764 0.261039
15641 0.259719
38822 0.259445
30232 0.259428
13260 0.258333
35431 0.256642
8704 0.255952
39159 0.25
30846 0.25
29215 0.25
28214 0.25
18638 0.25
17951 0.25
8311 0.25
4597 0.25
14843 0.249487
1577 0.245635
35764 0.245531
24169 0.241866
38816 0.239752
35073 0.239752
30842 0.239752
13167 0.237745
40938 0.234181
34088 0.228002
38331 0.225779
38175 0.224542
22909 0.223889
25905 0.220076
31329 0.219538
13253 0.217806
1511 0.217446
13194 0.216667
1496 0.2149
22329 0.213609
34122 0.211677
13635 0.209591
27402 0.208965
31373 0.20728
22815 0.207175
32929 0.202145
5290 0.201838
10733 0.201515
12312 0.20084
24141 0.200359
35465 0.2
30437 0.2
17292 0.2
16453 0.2
6239 0.2
3582 0.2
620 0.2
31008 0.197505
28639 0.19707
18967 0.195971
39810 0.194324
7333 0.192157
2978 0.189394
11776 0.187814
12259 0.186773
23617 0.185038
17426 0.183882
28368 0.183766
6476 0.178273
14075 0.177083
10460 0.176671
3091 0.175518
14417 0.173993
22363 0.171256
34172 0.170635
1421 0.170568
16627 0.167949
11342 0.167816
13904 0.167507
36807 0.166667
33338 0.166667
32814 0.166667
23024 0.166667
19259 0.166667
4706 0.166667
865 0.166667
45 0.166667
5897 0.166316
32922 0.165504
4231 0.162215
3392 0.160417
7682 0.158601
15342 0.156923
17012 0.149867
18042 0.149802
24508 0.149306
