25242 2.62358
29122 1.79762
36881 1.56235
2814 1.40515
2318 1.3968
30892 1.32993
37484 1.29982
33911 1.25157
2028 1.17233
7938 1.1622
18328 1.13603
8160 1.13555
31761 1.13454
1757 1.12792
20047 1.0919
24727 1.05757
2091 0.925687
19095 0.921705
20356 0.901416
31710 0.845326
14109 0.813258
21862 0.810968
2359 0.79364
16996 0.787516
39942 0.764006
29775 0.760084
36716 0.748346
34174 0.721539
12748 0.671503
22867 0.665154
15148 0.660432
18330 0.638813
32251 0.630389
12980 0.625957
34418 0.625055
26837 0.625048
3131 0.615865
848 0.604064
31329 0.589117
15674 0.585979
8798 0.554023
29223 0.52397
1361 0.512606
5158 0.510189
28321 0.500397
38763 0.487898
15854 0.487898
5321 0.47735
21467 0.464731
17037 0.464731
23519 0.441465
13460 0.441465
8276 0.441465
5758 0.413071
14300 0.4125
14173 0.407066
28925 0.378648
18425 0.37316
965 0.365455
30792 0.36317
18843 0.356763
14344 0.356763
39959 0.347815
26615 0.346212
33242 0.340823
27595 0.340823
8038 0.333333
4703 0.330341
1048 0.330341
39092 0.321375
19179 0.321375
28091 0.319048
6665 0.310251
37995 0.308408
35109 0.29608
32731 0.29608
6845 0.29608
2356 0.29608
14851 0.295999
8672 0.295423
14077 0.274594
34768 0.267157
19194 0.263889
19072 0.262613
1075 0.256519
7955 0.255104
16406 0.249688
4330 0.244961
27234 0.242857
24353 0.235887
10008 0.235887
1572 0.235887
559 0.23545
3228 0.227371
15403 0.211517
15940 0.20885
5421 0.207253
6291 0.203771
9753 0.2
40023 0.191366
32696 0.191366
29576 0.191366
10815 0.190844
29872 0.188764
28773 0.188417
27538 0.187653
17446 0.186618
12357 0.182087
15991 0.174759
40073 0.174423
15164 0.166667
4609 0.166667
33297 0.159065
32180 0.159065
27129 0.159065
18279 0.156181
10957 0.156181
4137 0.155678
2343 0.146749
24228 0.144141
12558 0.144141
31841 0.142857
27079 0.142857
17872 0.142857
3471 0.142857
5894 0.131963
17597 0.131901
513 0.131901
39901 0.127147
38096 0.127147
34532 0.127147
32450 0.127147
25896 0.127147
24841 0.127147
24234 0.127147
22756 0.127147
19995 0.127147
34427 0.125231
2885 0.125
28269 0.122398
14655 0.122398
2929 0.122398
12492 0.108266
6627 0.108036
1061 0.105932
32924 0.100427
13805 0.100427
11870 0.100427
3997 0.100427
24458 0.1
17860 0.1
34178 0.0990338
5444 0.0990338
38390 0.090558
16490 0.0838745
2354 0.0838745
33298 0.0833333
36346 0.0769231
31097 0.0769231
21245 0.0769231
32154 0.0739418
20367 0.0739418
13615 0.072156
27063 0.0666667
7227 0.0666667
15334 0.0650953
12210 0.0650953
34369 0.0639437
30398 0.0639437
30230 0.0639437
29242 0.0639437
28167 0.0639437
26465 0.0639437
23753 0.0639437
21450 0.0639437
17674 0.0639437
11783 0.0639437
10278 0.0639437
8665 0.0639437
2046 0.0639437
232 0.0639437
29354 0.0630598
19660 0.0625
3027 0.0616378
5060 0.0588235
32849 0.0586753
25209 0.0586753
23332 0.0586753
1429 0.0586753
28359 0.0555556
20906 0.0555556
13450 0.0555556
3936 0.0555556
30388 0.0504787
20488 0.0476094
19771 0.0476094
11648 0.0476094
35012 0.0454545
26365 0.0454545
36784 0.0434783
35556 0.0434783
32098 0.0434783
27087 0.0434783
21471 0.0434783
1765 0.0434783
40242 0.0416667
40043 0.0416667
36511 0.0416667
7212 0.0350919
22354 0.0350427
20689 0.0350427
15378 0.0350427
11485 0.0350427
35866 0.0341026
35529 0.0341026
20738 0.0341026
15616 0.0341026
12042 0.0341026
9406 0.0341026
34416 0.0322275
26501 0.0322275
26019 0.0322275
21723 0.0322275
19244 0.0322275
18736 0.0322275
6266 0.0322275
3593 0.0322275
31057 0.0285714
36298 0.0268916
32348 0.0268916
20250 0.0268916
10405 0.0268916
1532 0.0268916
31055 0.025
23639 0.0243902
37921 0.0204082
28474 0.0204082
16153 0.0204082
9562 0.0204082
1508 0.0204082
40814 0.0188679
40697 0.0188679
33036 0.0188679
24002 0.0188679
22594 0.0188679
2560 0.0188679
28963 0.0138889
24268 0.0138889
21762 0.0138889
20757 0.0138889
20730 0.0138889
19992 0.0138889
17243 0.0138889
6101 0.0138889
37865 0.0131579
20879 0.0131579
5615 0.0131579
37206 0.0128205
28933 0.0128205
28314 0.0128205
26757 0.0128205
25028 0.0128205
9457 0.0128205
31213 0.0126582
21855 0.0126582
1045 0.0126582
40884 0.0114943
37793 0.0114943
31643 0.0114943
29899 0.0114943
26319 0.0114943
25241 0.0114943
20956 0.0114943
19324 0.0114943
10512 0.0114943
9405 0.0114943
35951 0.011236
35270 0.011236
8027 0.011236
38798 0.00970874
23843 0.00970874
19753 0.00970874
6518 0.00970874
2484 0.00970874
32755 0.00884956
31562 0.00884956
29665 0.00884956
22864 0.00884956
22683 0.00884956
18325 0.00884956
17351 0.00884956
1486 0.00884956
1424 0.00884956
489 0.00884956
39724 0.00833333
38193 0.00833333
31152 0.00833333
29013 0.00833333
28587 0.00833333
24787 0.00833333
11239 0.00833333
9712 0.00833333
8737 0.00833333
8505 0.00833333
8470 0.00833333
4600 0.00833333
3731 0.00833333
40980 0
40979 0
40978 0
40977 0
40976 0
40975 0
40974 0
40973 0
40972 0
40971 0
40970 0
40969 0
40968 0
40967 0
40966 0
40965 0
40964 0
40963 0
40962 0
40961 0
40960 0
40959 0
40958 0
40957 0
40956 0
40955 0
40954 0
40953 0
40952 0
40951 0
40950 0
40949 0
40948 0
40947 0
40946 0
40945 0
40944 0
40943 0
40942 0
40941 0
40940 0
40939 0
40938 0
40937 0
40936 0
40935 0
40934 0
40933 0
40932 0
40931 0
40930 0
40929 0
40928 0
40927 0
40926 0
40925 0
40924 0
40923 0
40922 0
40921 0
40920 0
40919 0
40918 0
40917 0
40916 0
40915 0
40914 0
40913 0
40912 0
40911 0
40910 0
40909 0
40908 0
40907 0
40906 0
40905 0
40904 0
40903 0
40902 0
40901 0
40900 0
40899 0
40898 0
40897 0
40896 0
40895 0
40894 0
40893 0
40892 0
40891 0
40890 0
40889 0
40888 0
40887 0
40886 0
40885 0
40883 0
40882 0
40881 0
40880 0
40879 0
40878 0
40877 0
40876 0
40875 0
40874 0
40873 0
40872 0
40871 0
40870 0
40869 0
40868 0
40867 0
40866 0
40865 0
40864 0
40863 0
40862 0
40861 0
40860 0
40859 0
40858 0
40857 0
40856 0
40855 0
40854 0
40853 0
40852 0
40851 0
40850 0
40849 0
40848 0
40847 0
40846 0
40845 0
40844 0
40843 0
40842 0
40841 0
40840 0
40839 0
40838 0
40837 0
40836 0
40835 0
40834 0
40833 0
40832 0
40831 0
40830 0
40829 0
40828 0
40827 0
40826 0
40825 0
40824 0
40823 0
40822 0
40821 0
40820 0
40819 0
40818 0
40817 0
40816 0
40815 0
40813 0
40812 0
40811 0
40810 0
40809 0
40808 0
40807 0
40806 0
40805 0
40804 0
40803 0
40802 0
40801 0
40800 0
40799 0
40798 0
40797 0
40796 0
40795 0
40794 0
40793 0
40792 0
40791 0
40790 0
40789 0
40788 0
40787 0
40786 0
