23843 1.69151
25058 0.992063
33885 0.921131
19236 0.890079
22066 0.831611
18582 0.682008
29401 0.629464
6110 0.485281
4877 0.469298
22022 0.423611
27738 0.416631
23177 0.416631
10662 0.416631
15897 0.402778
19966 0.375758
18228 0.375758
36262 0.365768
21590 0.327778
9825 0.327778
35482 0.277632
35144 0.254652
33143 0.251948
1073 0.251948
17016 0.25
15416 0.25
6399 0.25
26849 0.245896
13654 0.243347
37967 0.239286
36477 0.239286
34190 0.239286
19259 0.232435
17902 0.218463
8595 0.214286
40658 0.188826
21899 0.180519
25709 0.178869
18334 0.163889
3265 0.163889
27097 0.1625
21283 0.1625
4933 0.1625
12823 0.144048
31645 0.142857
25200 0.142857
18263 0.142857
11404 0.142857
4297 0.125548
35460 0.12549
37055 0.125
34890 0.125
28769 0.125
25566 0.125
31871 0.120546
26189 0.120546
30297 0.111111
24392 0.111111
19836 0.111111
10689 0.111111
10810 0.1
38065 0.0909091
39860 0.0785354
39560 0.0785354
36914 0.0785354
32658 0.0785354
32175 0.0785354
31832 0.0785354
9694 0.0785354
6070 0.0785354
36007 0.0714286
25812 0.0714286
23192 0.0714286
9904 0.0714286
39692 0.0666667
37444 0.0666667
34309 0.0666667
12618 0.0666667
9272 0.0666667
4891 0.0666667
36451 0.0653409
36372 0.0653409
35351 0.0653409
34737 0.0653409
26356 0.0653409
23093 0.0653409
21394 0.0653409
13595 0.0653409
10942 0.0653409
9876 0.0653409
7178 0.0653409
3709 0.0653409
663 0.0653409
39228 0.0625
37710 0.0625
36727 0.0625
29633 0.0625
13843 0.0625
40461 0.0588235
36673 0.0588235
34043 0.0588235
32688 0.0588235
32620 0.0588235
32043 0.0588235
29634 0.0588235
27040 0.0588235
27033 0.0588235
24678 0.0588235
22546 0.0588235
21323 0.0588235
18520 0.0588235
14891 0.0588235
14219 0.0588235
13916 0.0588235
10210 0.0588235
10111 0.0588235
9338 0.0588235
8927 0.0588235
1610 0.0588235
29723 0.0526316
24861 0.0526316
22020 0.0526316
19989 0.0526316
16851 0.0526316
16850 0.0526316
11006 0.0526316
9041 0.0526316
6549 0.0526316
39052 0.047619
39028 0.047619
25906 0.047619
25312 0.047619
23659 0.047619
17645 0.047619
17286 0.047619
16706 0.047619
11501 0.047619
11426 0.047619
4760 0.047619
327 0.047619
40683 0.0416667
37838 0.0416667
36515 0.0416667
35601 0.0416667
34312 0.0416667
27486 0.0416667
27198 0.0416667
25885 0.0416667
25330 0.0416667
23439 0.0416667
20134 0.0416667
19555 0.0416667
19074 0.0416667
18428 0.0416667
17639 0.0416667
17312 0.0416667
16817 0.0416667
15349 0.0416667
11080 0.0416667
9615 0.0416667
6520 0.0416667
5937 0.0416667
2885 0.0416667
945 0.0416667
40882 0.03125
38180 0.03125
29756 0.03125
25030 0.03125
18515 0.03125
17153 0.03125
11256 0.03125
4626 0.03125
37190 0.0277778
32817 0.0277778
30153 0.0277778
26566 0.0277778
21025 0.0277778
21020 0.0277778
20345 0.0277778
19816 0.0277778
17470 0.0277778
16859 0.0277778
16718 0.0277778
13732 0.0277778
5605 0.0277778
4061 0.0277778
36295 0.025
32833 0.025
30612 0.025
28360 0.025
19428 0.025
15363 0.025
13853 0.025
9381 0.025
8668 0.025
8088 0.025
6281 0.025
2200 0.025
322 0.025
39296 0.00909091
38841 0.00909091
38819 0.00909091
38479 0.00909091
37819 0.00909091
37498 0.00909091
37335 0.00909091
37257 0.00909091
36531 0.00909091
35518 0.00909091
34435 0.00909091
32990 0.00909091
32602 0.00909091
32289 0.00909091
31114 0.00909091
30914 0.00909091
30717 0.00909091
30163 0.00909091
28650 0.00909091
28395 0.00909091
27966 0.00909091
27531 0.00909091
26567 0.00909091
24875 0.00909091
23964 0.00909091
23775 0.00909091
23419 0.00909091
23195 0.00909091
21920 0.00909091
20721 0.00909091
20705 0.00909091
20563 0.00909091
19214 0.00909091
19030 0.00909091
17810 0.00909091
15466 0.00909091
15356 0.00909091
15020 0.00909091
14053 0.00909091
13309 0.00909091
13276 0.00909091
12983 0.00909091
12840 0.00909091
12835 0.00909091
11899 0.00909091
11482 0.00909091
10819 0.00909091
10177 0.00909091
8783 0.00909091
7577 0.00909091
7093 0.00909091
6862 0.00909091
6787 0.00909091
6603 0.00909091
6203 0.00909091
6034 0.00909091
5775 0.00909091
4695 0.00909091
4528 0.00909091
4472 0.00909091
3601 0.00909091
3300 0.00909091
896 0.00909091
843 0.00909091
804 0.00909091
716 0.00909091
40980 0
40979 0
40978 0
40977 0
40976 0
40975 0
40974 0
40973 0
40972 0
40971 0
40970 0
40969 0
40968 0
40967 0
40966 0
40965 0
40964 0
40963 0
40962 0
40961 0
40960 0
40959 0
40958 0
40957 0
40956 0
40955 0
40954 0
40953 0
40952 0
40951 0
40950 0
40949 0
40948 0
40947 0
40946 0
40945 0
40944 0
40943 0
40942 0
40941 0
40940 0
40939 0
40938 0
40937 0
40936 0
40935 0
40934 0
40933 0
40932 0
40931 0
40930 0
40929 0
40928 0
40927 0
40926 0
40925 0
40924 0
40923 0
40922 0
40921 0
40920 0
40919 0
40918 0
40917 0
40916 0
40915 0
40914 0
40913 0
40912 0
40911 0
40910 0
40909 0
40908 0
40907 0
40906 0
40905 0
40904 0
40903 0
40902 0
40901 0
40900 0
40899 0
40898 0
40897 0
40896 0
40895 0
40894 0
40893 0
40892 0
40891 0
40890 0
40889 0
40888 0
40887 0
40886 0
40885 0
40884 0
40883 0
40881 0
40880 0
40879 0
40878 0
40877 0
40876 0
40875 0
40874 0
40873 0
40872 0
40871 0
40870 0
40869 0
40868 0
40867 0
40866 0
40865 0
40864 0
40863 0
40862 0
40861 0
40860 0
40859 0
40858 0
40857 0
40856 0
40855 0
40854 0
40853 0
40852 0
40851 0
40850 0
40849 0
40848 0
40847 0
40846 0
40845 0
40844 0
40843 0
40842 0
40841 0
40840 0
40839 0
40838 0
40837 0
40836 0
40835 0
40834 0
40833 0
40832 0
40831 0
40830 0
40829 0
40828 0
40827 0
40826 0
40825 0
40824 0
40823 0
40822 0
40821 0
40820 0
40819 0
40818 0
40817 0
40816 0
40815 0
40814 0
40813 0
40812 0
40811 0
40810 0
40809 0
40808 0
40807 0
40806 0
40805 0
40804 0
40803 0
40802 0
40801 0
40800 0
40799 0
40798 0
40797 0
40796 0
40795 0
40794 0
40793 0
40792 0
40791 0
40790 0
40789 0
40788 0
40787 0
40786 0
40785 0
40784 0
40783 0
40782 0
40781 0
40780 0
40779 0
40778 0
40777 0
40776 0
40775 0
40774 0
40773 0
40772 0
40771 0
40770 0
40769 0
40768 0
40767 0
40766 0
40765 0
40764 0
40763 0
40762 0
40761 0
40760 0
40759 0
40758 0
40757 0
40756 0
40755 0
40754 0
40753 0
40752 0
40751 0
40750 0
40749 0
40748 0
40747 0
40746 0
40745 0
40744 0
