1975 2.08913
6323 1.13675
30054 1.05325
5458 0.867615
32898 0.805062
15922 0.803042
36474 0.625564
14261 0.53395
16212 0.528081
33549 0.525458
28114 0.522122
13543 0.506495
22998 0.504549
1781 0.491015
2686 0.490213
38787 0.486492
5356 0.479173
25552 0.456443
14718 0.456443
18663 0.433214
8210 0.432373
11202 0.409446
29428 0.380633
40048 0.333464
8501 0.321637
34296 0.313506
7358 0.309524
38700 0.306954
21810 0.306954
19566 0.306954
19141 0.306954
34916 0.301763
19032 0.293478
32467 0.292145
5595 0.263058
32951 0.259918
32444 0.24747
6341 0.24747
11447 0.245065
35925 0.240403
14451 0.234464
9793 0.226709
10006 0.225095
9297 0.220594
37796 0.216207
20373 0.194873
38703 0.191895
7319 0.184521
19057 0.177083
21102 0.175693
16512 0.175693
1054 0.172933
1738 0.170019
35287 0.163698
25865 0.163698
36096 0.161316
31017 0.161059
25525 0.159734
22239 0.159734
1734 0.159734
21320 0.158689
33228 0.158413
33114 0.157704
23975 0.153661
1363 0.152567
5954 0.152564
26106 0.149727
385 0.148893
23006 0.14298
39271 0.134239
10444 0.131988
14153 0.128999
29427 0.115377
25983 0.11453
11237 0.114161
15240 0.112998
36946 0.112442
568 0.112442
28603 0.106393
22326 0.106393
5011 0.106393
40780 0.102994
37499 0.102994
24921 0.102994
35641 0.0986784
24366 0.0986784
2155 0.0986784
730 0.0971872
40505 0.0971123
22623 0.0971123
15002 0.0971123
10863 0.0937888
28322 0.0929891
26943 0.0929891
11197 0.0911006
25747 0.089737
11508 0.089737
9607 0.089737
37890 0.0847984
36701 0.0833333
34896 0.0833333
27983 0.0833333
25740 0.0833333
21307 0.0833333
7501 0.0833333
10547 0.0820345
34415 0.0811278
32914 0.0798437
9267 0.0798437
24014 0.0773185
22973 0.0773185
16862 0.0773185
15074 0.0773185
13059 0.0773185
2600 0.0773185
38061 0.0769231
37790 0.0769231
17996 0.0769231
7251 0.0769231
14773 0.0767417
19575 0.0744349
39988 0.0739309
37646 0.0731209
36332 0.0731209
8438 0.0731209
30543 0.0729324
29858 0.0729324
28457 0.0729324
29333 0.0715133
20119 0.0715133
34509 0.0714538
17364 0.0714538
12154 0.0714538
25472 0.0660075
28684 0.0625
18260 0.0625
2226 0.0625
40323 0.0616858
18072 0.0616858
36191 0.0588235
32421 0.0588235
25976 0.0588235
20897 0.0588235
10348 0.0588235
1739 0.0588235
17636 0.0580203
40089 0.0557294
35840 0.0557294
22972 0.0557294
16101 0.0557294
23278 0.0556764
8116 0.0556764
37886 0.0555556
20683 0.0555556
16505 0.0555556
13377 0.0553092
13157 0.0553092
39120 0.0551859
32645 0.0551859
19960 0.0551859
18790 0.0551859
14988 0.0551859
6714 0.0551859
33041 0.0528544
26097 0.0528544
11651 0.0528544
10622 0.0528544
8261 0.0528544
40195 0.0526316
35841 0.0526316
31026 0.0526316
16374 0.0526316
14548 0.0526316
11758 0.0526316
6262 0.0526316
26914 0.0507564
7441 0.0507564
33179 0.05
30180 0.05
30040 0.05
28414 0.0454545
32163 0.0442192
30478 0.0442192
23743 0.0442192
9548 0.0442192
7890 0.0442192
33607 0.0419562
32809 0.0419562
28497 0.0419562
14814 0.0419562
6983 0.0419562
38966 0.0416667
37836 0.0416667
35749 0.0416667
34182 0.0416667
28111 0.0416667
24431 0.0416667
22059 0.0416667
20201 0.0416667
18640 0.0416667
11873 0.0416667
9122 0.0416667
9113 0.0416667
4830 0.0416667
4277 0.0416667
38019 0.0409884
17457 0.0409884
16807 0.0409884
10798 0.0409884
182 0.0409884
31851 0.04
27657 0.04
27618 0.04
19776 0.04
11905 0.04
23054 0.0385715
18392 0.0385715
37601 0.0333333
2800 0.0333333
38072 0.03125
33887 0.03125
33827 0.03125
33746 0.03125
26886 0.03125
23069 0.03125
9691 0.03125
40891 0.030303
40773 0.030303
39991 0.030303
38536 0.030303
36135 0.030303
34513 0.030303
32846 0.030303
23929 0.030303
22790 0.030303
19854 0.030303
18621 0.030303
14591 0.030303
14055 0.030303
6790 0.030303
40527 0.0285714
23516 0.0285714
21711 0.0285714
18562 0.0285714
38276 0.0277778
26686 0.0277778
25002 0.0277778
24331 0.0277778
20360 0.0277778
15040 0.0277778
7560 0.0277778
40467 0.027027
34979 0.027027
25611 0.027027
18764 0.027027
18631 0.027027
39931 0.025641
39921 0.025641
37901 0.025641
35990 0.025641
34648 0.025641
31301 0.025641
29400 0.025641
28580 0.025641
24833 0.025641
24770 0.025641
22217 0.025641
20558 0.025641
20388 0.025641
14634 0.025641
13517 0.025641
12397 0.025641
11853 0.025641
10604 0.025641
8960 0.025641
3969 0.025641
500 0.025641
32775 0.0243902
28679 0.0243902
25183 0.0243902
22294 0.0243902
16661 0.0243902
16091 0.0243902
13431 0.0243902
10450 0.0243902
7385 0.0243902
40674 0.0224626
39962 0.0224626
39791 0.0224626
38689 0.0224626
38141 0.0224626
35346 0.0224626
34664 0.0224626
32620 0.0224626
31768 0.0224626
30793 0.0224626
30422 0.0224626
29473 0.0224626
29077 0.0224626
27799 0.0224626
26057 0.0224626
25534 0.0224626
24239 0.0224626
22711 0.0224626
22172 0.0224626
18119 0.0224626
16285 0.0224626
16238 0.0224626
16047 0.0224626
14234 0.0224626
12511 0.0224626
12412 0.0224626
12205 0.0224626
7937 0.0224626
7654 0.0224626
6359 0.0224626
2885 0.0224626
1500 0.0224626
556 0.0224626
8782 0.0217391
6431 0.0217391
38766 0.0204082
29227 0.0204082
25506 0.0204082
24022 0.0204082
21309 0.0204082
15964 0.0204082
15236 0.0204082
9734 0.0204082
36916 0.0175439
25785 0.0175439
25421 0.0175439
18070 0.0175439
14668 0.0175439
8806 0.0175439
8581 0.0175439
39398 0.0172414
35856 0.0172414
35467 0.0172414
34634 0.0172414
33580 0.0172414
33429 0.0172414
32257 0.0172414
30785 0.0172414
30250 0.0172414
27279 0.0172414
27043 0.0172414
26830 0.0172414
26702 0.0172414
24922 0.0172414
20313 0.0172414
17386 0.0172414
15772 0.0172414
12355 0.0172414
10827 0.0172414
10048 0.0172414
7467 0.0172414
7026 0.0172414
6500 0.0172414
6485 0.0172414
6393 0.0172414
6025 0.0172414
5724 0.0172414
5000 0.0172414
3426 0.0172414
3375 0.0172414
2895 0.0172414
2173 0.0172414
38305 0.0163934
28677 0.0163934
28315 0.0163934
27958 0.0163934
27807 0.0163934
27449 0.0163934
15755 0.0163934
9539 0.0163934
2519 0.0163934
39164 0.015873
35286 0.015873
33402 0.015873
18145 0.015873
17730 0.015873
13031 0.015873
11900 0.015873
8058 0.015873
36854 0.00943396
35905 0.00943396
35734 0.00943396
35317 0.00943396
35045 0.00943396
32885 0.00943396
30676 0.00943396
29540 0.00943396
26484 0.00943396
26137 0.00943396
25473 0.00943396
23786 0.00943396
23034 0.00943396
22184 0.00943396
19592 0.00943396
17521 0.00943396
17401 0.00943396
17312 0.00943396
17154 0.00943396
16744 0.00943396
13140 0.00943396
13045 0.00943396
12911 0.00943396
11080 0.00943396
10263 0.00943396
7670 0.00943396
1659 0.00943396
1610 0.00943396
447 0.00943396
110 0.00943396
40061 0.00787402
39144 0.00787402
39127 0.00787402
38172 0.00787402
33449 0.00787402
31263 0.00787402
29670 0.00787402
29285 0.00787402
26860 0.00787402
26554 0.00787402
26419 0.00787402
25589 0.00787402
25442 0.00787402
25343 0.00787402
25169 0.00787402
24222 0.00787402
21681 0.00787402
20575 0.00787402
19222 0.00787402
19152 0.00787402
17589 0.00787402
17484 0.00787402
17002 0.00787402
15654 0.00787402
15555 0.00787402
13467 0.00787402
11940 0.00787402
10912 0.00787402
9517 0.00787402
9375 0.00787402
9038 0.00787402
5736 0.00787402
4923 0.00787402
4817 0.00787402
3959 0.00787402
3770 0.00787402
2889 0.00787402
724 0.00787402
443 0.00787402
38952 0.00515464
38769 0.00515464
38532 0.00515464
38162 0.00515464
38010 0.00515464
37729 0.00515464
37672 0.00515464
37233 0.00515464
36968 0.00515464
36952 0.00515464
36528 0.00515464
36313 0.00515464
35803 0.00515464
35439 0.00515464
35424 0.00515464
35185 0.00515464
35082 0.00515464
35063 0.00515464
34156 0.00515464
34004 0.00515464
33545 0.00515464
32768 0.00515464
32243 0.00515464
31711 0.00515464
31537 0.00515464
31184 0.00515464
29464 0.00515464
28952 0.00515464
28605 0.00515464
28598 0.00515464
28575 0.00515464
28424 0.00515464
27900 0.00515464
27460 0.00515464
27127 0.00515464
26971 0.00515464
26562 0.00515464
26195 0.00515464
26084 0.00515464
23439 0.00515464
23322 0.00515464
23053 0.00515464
21978 0.00515464
21757 0.00515464
21566 0.00515464
21389 0.00515464
