39963 3.41243
20324 2.62965
4654 2.08083
28435 1.96551
31329 1.95388
24824 1.74482
39238 1.7385
36696 1.6931
430 1.54609
4874 1.49095
9288 1.37828
910 1.17816
17192 1.17004
33782 1.11263
35529 1.09308
7961 1.05564
17753 1.02772
30792 0.953364
3389 0.914468
19920 0.870323
14771 0.769452
18328 0.759309
12593 0.757552
10011 0.726417
27943 0.694466
40500 0.691078
10940 0.660263
15164 0.647473
4834 0.64029
24170 0.612375
11708 0.612375
4286 0.612375
14079 0.576637
7221 0.568295
728 0.522181
40028 0.521457
2767 0.492419
20003 0.484437
28818 0.483445
11004 0.447661
3228 0.444507
36049 0.426166
35350 0.416366
24253 0.373653
37569 0.368658
12338 0.333333
28775 0.320496
18003 0.311304
27799 0.306569
34040 0.263732
15148 0.254365
1400 0.223851
1721 0.215278
23696 0.212233
29784 0.208187
16291 0.200195
24228 0.2
40884 0.187121
37484 0.187121
19032 0.181798
19244 0.166667
6845 0.166667
848 0.166667
39962 0.163462
2885 0.163462
39724 0.162037
27555 0.152422
34768 0.147169
24776 0.146544
33297 0.138952
681 0.138941
15991 0.128119
18761 0.123086
12980 0.112924
26270 0.112135
28269 0.0833333
9753 0.0833333
3997 0.0714286
39947 0.0625
35346 0.0625
30793 0.0625
29825 0.0625
23843 0.0625
12748 0.0625
11485 0.0625
22594 0.0588235
17597 0.0588235
8672 0.0588235
29354 0.0526316
27595 0.0526316
19995 0.0526316
543 0.0526316
5158 0.05
19858 0.047619
35866 0.0384615
24894 0.0384615
21467 0.0384615
20250 0.0384615
19771 0.0384615
17401 0.0384615
17312 0.0384615
17277 0.0384615
11648 0.0384615
6992 0.0384615
39942 0.037037
32731 0.037037
31152 0.037037
30892 0.037037
29013 0.037037
23519 0.037037
18573 0.037037
16996 0.037037
13460 0.037037
12558 0.037037
12210 0.037037
8276 0.037037
8160 0.037037
32885 0.0357143
13635 0.0357143
1975 0.0322581
18838 0.025
3165 0.025
39951 0.0238095
24239 0.0238095
22711 0.0238095
22184 0.0238095
14138 0.0238095
6000 0.0238095
40980 0
40979 0
40978 0
40977 0
40976 0
40975 0
40974 0
40973 0
40972 0
40971 0
40970 0
40969 0
40968 0
40967 0
40966 0
40965 0
40964 0
40963 0
40962 0
40961 0
40960 0
40959 0
40958 0
40957 0
40956 0
40955 0
40954 0
40953 0
40952 0
40951 0
40950 0
40949 0
40948 0
40947 0
40946 0
40945 0
40944 0
40943 0
40942 0
40941 0
40940 0
40939 0
40938 0
40937 0
40936 0
40935 0
40934 0
40933 0
40932 0
40931 0
40930 0
40929 0
40928 0
40927 0
40926 0
40925 0
40924 0
40923 0
40922 0
40921 0
40920 0
40919 0
40918 0
40917 0
40916 0
40915 0
40914 0
40913 0
40912 0
40911 0
40910 0
40909 0
40908 0
40907 0
40906 0
40905 0
40904 0
40903 0
40902 0
40901 0
40900 0
40899 0
40898 0
40897 0
40896 0
40895 0
40894 0
40893 0
40892 0
40891 0
40890 0
40889 0
40888 0
40887 0
40886 0
40885 0
40883 0
40882 0
40881 0
40880 0
40879 0
40878 0
40877 0
40876 0
40875 0
40874 0
40873 0
40872 0
40871 0
40870 0
40869 0
40868 0
40867 0
40866 0
40865 0
40864 0
40863 0
40862 0
40861 0
40860 0
40859 0
40858 0
40857 0
40856 0
40855 0
40854 0
40853 0
40852 0
40851 0
40850 0
40849 0
40848 0
40847 0
40846 0
40845 0
40844 0
40843 0
40842 0
40841 0
40840 0
40839 0
40838 0
40837 0
40836 0
40835 0
40834 0
40833 0
40832 0
40831 0
40830 0
40829 0
40828 0
40827 0
40826 0
40825 0
40824 0
40823 0
40822 0
40821 0
40820 0
40819 0
40818 0
40817 0
40816 0
40815 0
40814 0
40813 0
40812 0
40811 0
40810 0
40809 0
40808 0
40807 0
40806 0
40805 0
40804 0
40803 0
40802 0
40801 0
40800 0
40799 0
40798 0
40797 0
40796 0
40795 0
40794 0
40793 0
40792 0
40791 0
40790 0
40789 0
40788 0
40787 0
40786 0
40785 0
40784 0
40783 0
40782 0
40781 0
40780 0
40779 0
40778 0
40777 0
40776 0
40775 0
40774 0
40773 0
40772 0
40771 0
40770 0
40769 0
40768 0
40767 0
40766 0
40765 0
40764 0
40763 0
40762 0
40761 0
40760 0
40759 0
40758 0
40757 0
40756 0
40755 0
40754 0
40753 0
40752 0
40751 0
40750 0
40749 0
40748 0
40747 0
40746 0
40745 0
40744 0
40743 0
40742 0
40741 0
40740 0
40739 0
40738 0
40737 0
40736 0
40735 0
40734 0
40733 0
40732 0
40731 0
40730 0
40729 0
40728 0
40727 0
40726 0
40725 0
40724 0
40723 0
40722 0
40721 0
40720 0
40719 0
40718 0
40717 0
40716 0
40715 0
40714 0
40713 0
40712 0
40711 0
40710 0
40709 0
40708 0
40707 0
40706 0
40705 0
40704 0
40703 0
40702 0
40701 0
40700 0
40699 0
40698 0
40697 0
40696 0
40695 0
40694 0
40693 0
40692 0
40691 0
40690 0
40689 0
40688 0
40687 0
40686 0
40685 0
40684 0
40683 0
40682 0
40681 0
40680 0
40679 0
40678 0
40677 0
40676 0
40675 0
40674 0
40673 0
40672 0
40671 0
40670 0
40669 0
40668 0
40667 0
40666 0
40665 0
40664 0
40663 0
40662 0
40661 0
40660 0
40659 0
40658 0
40657 0
40656 0
40655 0
40654 0
40653 0
40652 0
40651 0
40650 0
40649 0
40648 0
40647 0
40646 0
40645 0
40644 0
40643 0
40642 0
40641 0
40640 0
40639 0
40638 0
40637 0
40636 0
40635 0
40634 0
40633 0
40632 0
40631 0
40630 0
40629 0
40628 0
40627 0
40626 0
40625 0
40624 0
40623 0
40622 0
40621 0
40620 0
40619 0
40618 0
40617 0
40616 0
40615 0
40614 0
40613 0
40612 0
40611 0
40610 0
40609 0
40608 0
