29879 18.5428
27024 13.4681
34956 7.6547
36543 7.28095
18634 4.75907
30463 4.71429
34641 3.55
4942 2.91098
13331 2.60257
37684 1.93902
40867 1.77367
39701 1.64785
2184 1.57013
6376 1.54286
19456 1.46495
30306 1.39444
16864 1.34583
14995 1.33452
36340 1.30833
1066 1.14091
16106 1.10622
13310 1.09583
9832 1.09286
40541 1
39874 0.997378
33581 0.985714
15051 0.972486
29479 0.952778
19398 0.944444
27268 0.922378
8766 0.920635
28536 0.89359
15366 0.878114
28776 0.8671
10540 0.823232
14412 0.771368
24345 0.765607
14730 0.757634
28195 0.733333
22826 0.658333
7902 0.658333
36664 0.65
15915 0.644444
9581 0.642857
611 0.642857
15936 0.630134
20846 0.611111
6290 0.6
23583 0.6
29662 0.595833
19918 0.566667
17101 0.555556
37547 0.544997
11731 0.526923
2287 0.526923
24076 0.517857
13584 0.5125
8528 0.507576
943 0.507576
8106 0.5
23424 0.494444
38124 0.485714
27767 0.457576
23606 0.45
6729 0.449892
24000 0.444997
750 0.444997
5016 0.444444
26665 0.392857
18289 0.392857
38617 0.378788
21514 0.334499
33975 0.333333
33023 0.333333
31268 0.333333
30891 0.333333
30076 0.333333
22234 0.333333
19871 0.333333
7871 0.333333
484 0.333333
18079 0.32702
18320 0.316468
14197 0.310689
18158 0.285256
12192 0.272619
31119 0.255357
40515 0.25
38432 0.25
37377 0.25
35197 0.25
34488 0.25
31919 0.25
31517 0.25
30289 0.25
28252 0.25
26889 0.25
25686 0.25
22566 0.25
22151 0.25
16910 0.25
14706 0.25
11234 0.25
9524 0.25
8852 0.25
8572 0.25
8266 0.25
7551 0.25
3933 0.25
39656 0.2
30768 0.2
29178 0.2
28237 0.2
23430 0.2
22364 0.2
22237 0.2
22073 0.2
21631 0.2
18494 0.2
16004 0.2
3540 0.2
25711 0.182576
39188 0.166667
38677 0.166667
37894 0.166667
37745 0.166667
32889 0.166667
31416 0.166667
30389 0.166667
28160 0.166667
27312 0.166667
25069 0.166667
24418 0.166667
23066 0.166667
19811 0.166667
15919 0.166667
15597 0.166667
14991 0.166667
14023 0.166667
12789 0.166667
11421 0.166667
10198 0.166667
9541 0.166667
8722 0.166667
3539 0.166667
956 0.166667
898 0.166667
16363 0.143074
40720 0.142857
40622 0.142857
39199 0.142857
38492 0.142857
37433 0.142857
35221 0.142857
26427 0.142857
25961 0.142857
25519 0.142857
22323 0.142857
22013 0.142857
14761 0.142857
11473 0.142857
8874 0.142857
8025 0.142857
7759 0.142857
7224 0.142857
3764 0.142857
494 0.142857
469 0.142857
40670 0.125
37761 0.125
31961 0.125
20529 0.125
17743 0.125
17616 0.125
16892 0.125
15109 0.125
11953 0.125
11174 0.125
10758 0.125
9703 0.125
7793 0.125
1926 0.125
1634 0.125
40685 0.111111
36538 0.111111
36279 0.111111
23168 0.111111
19343 0.111111
13982 0.111111
12838 0.111111
12632 0.111111
12583 0.111111
8840 0.111111
6650 0.111111
5903 0.111111
3647 0.111111
38387 0.1
20924 0.1
17027 0.1
35935 0.0909091
34839 0.0909091
32086 0.0909091
31106 0.0909091
20284 0.0909091
20032 0.0909091
19556 0.0909091
14148 0.0909091
12037 0.0909091
32268 0.0833333
25796 0.0833333
21109 0.0833333
14457 0.0833333
29189 0.0769231
26825 0.0769231
18132 0.0769231
13139 0.0769231
3894 0.0769231
3395 0.0769231
30 0.0769231
24455 0.0625
17825 0.0625
17704 0.0625
92 0.0625
22843 0.05
14456 0.05
11590 0.05
7388 0.05
25931 0.047619
22142 0.047619
17308 0.047619
13335 0.047619
8950 0.047619
7108 0.047619
4364 0.047619
13831 0.0454545
10064 0.0454545
36671 0.0416667
30368 0.0416667
15131 0.0416667
11832 0.0416667
10795 0.0416667
7941 0.0416667
7156 0.0416667
4124 0.0416667
165 0.0416667
40980 0
40979 0
40978 0
40977 0
40976 0
40975 0
40974 0
40973 0
40972 0
40971 0
40970 0
40969 0
40968 0
40967 0
40966 0
40965 0
40964 0
40963 0
40962 0
40961 0
40960 0
40959 0
40958 0
40957 0
40956 0
40955 0
40954 0
40953 0
40952 0
40951 0
40950 0
40949 0
40948 0
40947 0
40946 0
40945 0
40944 0
40943 0
40942 0
40941 0
40940 0
40939 0
40938 0
40937 0
40936 0
40935 0
40934 0
40933 0
40932 0
40931 0
40930 0
40929 0
40928 0
40927 0
40926 0
40925 0
40924 0
40923 0
40922 0
40921 0
40920 0
40919 0
40918 0
40917 0
40916 0
40915 0
40914 0
40913 0
40912 0
40911 0
40910 0
40909 0
40908 0
40907 0
40906 0
40905 0
40904 0
40903 0
40902 0
40901 0
40900 0
40899 0
40898 0
40897 0
40896 0
40895 0
40894 0
40893 0
40892 0
40891 0
40890 0
40889 0
40888 0
40887 0
40886 0
40885 0
40884 0
40883 0
40882 0
40881 0
40880 0
40879 0
40878 0
40877 0
40876 0
40875 0
40874 0
40873 0
40872 0
40871 0
40870 0
40869 0
40868 0
40866 0
40865 0
40864 0
40863 0
40862 0
40861 0
40860 0
40859 0
40858 0
40857 0
40856 0
40855 0
40854 0
40853 0
40852 0
40851 0
40850 0
40849 0
40848 0
40847 0
40846 0
40845 0
40844 0
40843 0
40842 0
40841 0
40840 0
40839 0
40838 0
40837 0
40836 0
40835 0
40834 0
40833 0
40832 0
40831 0
40830 0
40829 0
40828 0
40827 0
40826 0
40825 0
40824 0
40823 0
40822 0
40821 0
40820 0
40819 0
40818 0
40817 0
40816 0
40815 0
40814 0
40813 0
40812 0
40811 0
40810 0
40809 0
40808 0
40807 0
40806 0
40805 0
40804 0
40803 0
40802 0
40801 0
40800 0
40799 0
40798 0
40797 0
40796 0
40795 0
40794 0
40793 0
40792 0
40791 0
40790 0
40789 0
40788 0
40787 0
40786 0
40785 0
40784 0
40783 0
40782 0
40781 0
40780 0
40779 0
40778 0
40777 0
40776 0
40775 0
40774 0
40773 0
40772 0
40771 0
40770 0
40769 0
40768 0
40767 0
40766 0
40765 0
40764 0
40763 0
40762 0
40761 0
40760 0
40759 0
40758 0
40757 0
40756 0
40755 0
40754 0
40753 0
40752 0
40751 0
40750 0
40749 0
40748 0
40747 0
40746 0
40745 0
40744 0
40743 0
40742 0
40741 0
40740 0
40739 0
40738 0
40737 0
40736 0
40735 0
40734 0
40733 0
40732 0
40731 0
40730 0
40729 0
40728 0
40727 0
40726 0
40725 0
