27799 24427.3
19032 20711.2
22594 11739.4
8672 11566.8
31301 10724.1
18328 7390.11
25016 6994.64
38535 6135.88
29401 5924.76
4998 5761.59
32885 5563.02
23696 5217.62
20250 4468.32
3936 4309.95
1975 3864.4
34768 3764.01
2885 3470.37
34737 2781.2
13309 2761.36
18428 2605.2
5214 2452.95
23724 2447.57
16390 2439.14
24825 2351.81
13043 2155.46
16817 2129.7
13654 2010.81
6262 1680.36
987 1669.72
28500 1547.56
8027 1534.98
10923 1497.64
878 1455.39
40883 1429.53
37924 1336.59
30793 1299.07
37888 1270.38
30377 1255.21
3096 1198.29
10480 1156.95
37711 1119.88
9665 1087.38
18950 1071.68
17312 1032.39
13194 992.659
24239 953.97
31283 945.539
21341 882.948
36734 867.469
17301 851.998
22711 821.94
32620 782.32
35766 766.834
20167 762.582
40882 751.66
27926 738.911
31329 691.57
13916 673.82
14138 638.319
13635 631.064
21889 621.205
25885 607.75
35734 604.416
543 599.076
21323 590.819
37523 590.007
39962 589.396
830 574.976
25583 519.691
34312 517.5
26069 498.268
35346 496.515
12569 489.734
39640 483.202
39791 467.607
595 464.73
34758 456.003
24678 442.63
5693 439.421
16933 434.836
14398 430.984
27766 418.162
36899 416.846
36400 398.944
33633 390.557
21005 389.076
19820 381.881
8831 381.316
21703 381.179
6041 375.949
39028 359.032
5362 356.616
30467 356.138
39383 354.055
36395 352.478
797 327.821
25219 325.955
18711 325.652
22501 321.196
21712 318.702
10689 307.271
6592 305.341
24670 293.386
6239 289.265
31806 280.647
18520 279.596
22184 275.67
9423 273.911
7125 273.348
36313 272.723
25826 270.861
6049 267.842
8465 267.751
35317 265.522
11453 264.847
34825 259.296
28988 259.147
5778 256.064
33267 255.161
7145 252.141
23582 251.106
23836 248.352
8088 244.288
39 244.01
32522 243.31
31586 241.842
7708 240.1
22530 239.697
16806 239.089
19590 238.495
15225 237.655
432 231.835
27135 223.819
32 223.722
24028 222.223
17634 214.914
17131 214.635
2675 206.566
29934 206.441
40420 205.482
2840 205.182
9561 202.895
30589 201.715
18582 200.589
19566 199.357
17860 192.575
21911 192.515
9320 189.259
31354 187.831
19428 186.57
40525 186.49
40342 182.792
24683 182.374
23024 181.691
28094 181.068
7150 180.383
3852 178.151
30209 177.899
18138 176.974
3721 176.829
3940 176.453
39477 176.381
14543 176.106
35063 175.986
21689 175.572
7277 175.538
15047 172.376
18088 172.042
10361 167.219
26153 165.906
2869 165.226
40890 163.836
28552 163.4
36952 161.767
19259 161.324
29143 160.949
15416 160.163
30054 159.462
7852 158.684
21394 158.339
37027 158.243
4695 158.216
21859 156.444
22405 155.069
6112 154.704
1659 154.661
32403 153.329
30612 151.653
37923 150.893
27410 150.23
16298 149.639
37882 149.4
27514 148.026
33695 147.261
27486 146.643
16313 145.16
8313 145.001
21393 144.94
18601 144.328
10210 143.686
29075 143.343
37374 143.244
15067 143.18
40716 142.542
9197 142.014
39661 139.399
10523 139.314
24902 139.138
2484 139.004
17782 138.912
40472 138.202
9196 137.857
17295 135.293
30425 134.258
8412 133.328
2560 133.23
15400 132.871
16076 132.543
26011 132.478
16231 132.4
39593 132.196
5067 131.646
9243 131.225
22355 130.92
24894 130.814
19419 130.619
37576 130.308
37496 129.355
10737 129.014
24754 128.275
1514 128.219
13507 128.019
9059 127.733
2647 125.836
16090 125.391
4506 124.474
31947 123.94
27166 123.779
38231 123.369
16723 123.011
26476 122.937
8224 122.625
27863 122.558
16652 121.911
9107 121.598
13432 119.269
19016 118.994
30412 118.753
8035 118.46
33452 118.393
16947 118.374
28572 118.197
23898 116.884
27082 116.51
15599 115.163
35253 114.905
16504 114.639
39671 114.427
31589 113.943
23993 113.051
24591 112.785
40340 112.753
9615 112.663
6319 110.776
39395 109.808
12766 108.379
19555 108.085
32652 107.648
32202 107.471
24414 107.071
16047 106.234
9442 105.915
21186 105.248
3920 103.966
2786 102.95
31509 102.76
32229 102.187
52 101.536
12466 101.374
15151 101.203
16683 100.678
29923 100.236
19236 100.159
6303 99.9043
17399 99.8298
34123 99.3774
2864 98.8597
21283 98.761
32390 97.5121
28110 97.4016
33233 97.0403
766 96.6557
26181 96.538
29373 96.2399
20106 96.0414
31972 94.0991
31153 93.9358
15603 93.1139
15276 92.8583
1610 92.6477
17083 92.3213
4189 92.2904
10594 92.2686
18963 91.969
11626 91.4968
17685 91.4574
20587 91.0761
865 91.0266
1471 90.9655
29634 90.7597
28345 90.7232
37546 90.5556
8592 90.1238
39228 89.3509
23928 89.1131
15769 89.1114
37342 89.0426
23499 88.9322
17951 88.5458
25353 88.448
26786 88.3286
39555 87.9504
11113 87.5634
14142 87.394
6140 86.6423
16395 86.4071
39848 86.0277
26152 85.9574
40915 85.4582
24821 85.3323
5484 84.7913
11758 84.5298
110 84.2542
9575 83.8153
20978 83.7524
4994 83.6555
31428 83.3697
14943 83.2481
31894 83.0151
25065 82.9947
11080 82.9213
30764 82.8857
21861 82.5848
6336 81.5276
8237 81.4754
18221 81.3104
17687 80.8484
10587 80.8006
186 80.5606
20928 80.0851
25584 79.9394
11810 79.3712
34561 79.273
2263 79.1377
21978 78.6108
20273 77.6574
30676 77.5465
12983 76.9543
35297 76.8375
24423 76.463
31047 76.4629
32933 76.0834
9876 75.5518
39947 75.3929
8242 75.2621
6356 75.2254
30012 74.9775
14544 74.5018
34433 74.4879
3200 74.0537
14203 74.0389
21288 73.9403
37048 73.8811
39102 73.8178
5279 73.7928
3068 73.7334
17154 73.6681
10061 73.4335
24596 73.1477
27989 73.078
25317 73.0612
30897 72.8797
27454 72.7591
36888 72.6916
37967 72.0132
16633 71.9756
39951 71.9024
23432 71.8313
2269 71.813
7054 71.6674
5691 71.6632
31366 71.6451
16283 71.6113
3239 71.5207
40165 71.4389
32536 71.0952
1643 71.0677
1704 70.9673
37347 70.9504
29376 70.8053
12020 70.6825
14886 70.5283
4870 70.0962
556 69.7003
14858 69.4996
4112 69.4808
6756 69.3577
39039 68.9914
808 68.9709
13254 68.8322
17368 68.7295
12823 68.6572
109 68.5861
39177 68.4956
35525 68.2864
39309 68.2582
36147 68.2326
20007 68.0353
31664 67.6233
27895 67.4301
19517 67.2271
33108 67.0777
25765 67.0612
15592 66.9351
29077 66.568
2069 66.5099
34116 66.246
5748 65.9508
15665 65.5302
34167 64.4093
7932 64.2937
18788 64.1759
35601 63.9305
7478 63.7348
350 63.6938
23675 63.6442
3111 63.4969
3541 63.47
16745 63.1649
12041 63.1403
25497 62.9005
20315 62.8361
33342 62.7588
3002 62.7399
34543 62.4215
37506 62.3672
38354 62.3451
16558 62.3169
34999 61.679
19511 61.6356
458 61.5405
16233 61.4962
38301 61.4952
18463 61.4179
4471 61.3862
7579 61.263
2118 61.2619
6992 61.2241
22088 60.8565
19836 60.6973
33819 60.6817
3300 60.5235
4306 60.4939
30417 60.4612
5400 59.8649
29901 59.4578
11122 59.4345
19392 59.172
27379 58.7029
33163 57.8288
37672 57.7017
15055 57.5506
363 57.4897
1965 56.9713
12915 56.9533
30561 56.7449
36372 56.65
25079 56.6076
4551 56.5483
11650 56.3992
32478 56.134
34043 56.0775
11660 55.9726
18887 55.9025
12522 55.8358
28375 55.4428
1550 55.1935
23439 55.0684
7055 54.9507
18034 54.945
15012 54.8848
24663 54.8493
22371 54.6945
29113 54.4144
1908 54.258
36921 54.0189
39620 53.849
2249 53.8236
947 53.7333
37328 53.6699
