37523 16.3076
23582 12.7865
9211 5.10877
22594 2.93028
34768 2.4538
22800 2.32058
37245 2.05251
21770 1.91356
13618 1.69826
26775 1.64756
7 1.55311
15518 1.36905
37146 1.24205
11504 1.13571
23854 1.04286
18328 0.993347
19943 0.98413
35346 0.915209
23843 0.9125
8562 0.899145
8432 0.880495
31854 0.866667
2885 0.839014
24825 0.833333
15529 0.749192
2216 0.733333
38550 0.72619
7068 0.71978
23165 0.7
19516 0.7
6160 0.644444
13654 0.622906
23724 0.619048
10528 0.571368
862 0.527778
35628 0.509524
16639 0.508449
14327 0.5
3936 0.5
15400 0.492857
14879 0.444444
21304 0.402381
18894 0.390523
31964 0.3875
34975 0.377903
40393 0.376923
24239 0.368318
39554 0.354093
35253 0.333333
23825 0.333333
37937 0.299145
17648 0.258824
7055 0.258824
39702 0.25
31301 0.25
27933 0.25
25016 0.25
16901 0.25
11542 0.25
2042 0.25
40297 0.2
26179 0.2
24134 0.2
18904 0.2
15355 0.2
13043 0.2
9828 0.2
7672 0.2
1975 0.2
26134 0.188159
9233 0.188159
5679 0.188159
16817 0.179167
39663 0.166667
38151 0.166667
33603 0.166667
33501 0.166667
33352 0.166667
27255 0.166667
13386 0.166667
9010 0.166667
4386 0.166667
39947 0.165209
30676 0.165209
27989 0.165209
11080 0.165209
110 0.165209
33825 0.142857
30980 0.142857
30735 0.142857
27514 0.142857
25079 0.142857
19821 0.142857
12273 0.142857
11958 0.142857
11248 0.142857
8672 0.142857
5693 0.142857
34152 0.125
28246 0.125
11684 0.125
40109 0.111111
33102 0.111111
31442 0.111111
26272 0.111111
18034 0.111111
16191 0.111111
6700 0.111111
697 0.111111
34658 0.1
32319 0.1
31963 0.1
25813 0.1
24753 0.1
24671 0.1
22507 0.1
20196 0.1
19761 0.1
15312 0.1
13285 0.1
8027 0.1
4015 0.1
17521 0.0888472
13140 0.0888472
25527 0.0883819
20523 0.0883819
40915 0.0833333
30117 0.0833333
28819 0.0833333
16379 0.0833333
8570 0.0833333
4648 0.0833333
3805 0.0833333
2953 0.0833333
35185 0.0802836
26084 0.0802836
26069 0.0802836
21978 0.0802836
17312 0.0802836
15873 0.0802836
14768 0.0802836
5719 0.0802836
5350 0.0802836
39346 0.0769231
36008 0.0769231
35396 0.0769231
29083 0.0769231
24156 0.0769231
20945 0.0769231
9771 0.0769231
7381 0.0769231
1616 0.0769231
31318 0.0729058
24678 0.0729058
22711 0.0729058
21782 0.0729058
21323 0.0729058
38652 0.0625
27423 0.0625
26601 0.0625
23903 0.0625
22330 0.0625
20804 0.0625
12737 0.0625
8586 0.0625
1713 0.0625
40627 0.0588235
36933 0.0588235
34086 0.0588235
23250 0.0588235
15612 0.0588235
15321 0.0588235
8678 0.0588235
8331 0.0588235
1380 0.0588235
1289 0.0588235
40296 0.0357143
13355 0.0357143
1355 0.0357143
34740 0.0333333
17373 0.0333333
14589 0.0333333
8617 0.0333333
33121 0.0322581
27978 0.0322581
24751 0.0322581
23043 0.0322581
15501 0.0322581
12952 0.0322581
11113 0.0322581
7921 0.0322581
5141 0.0322581
894 0.0322581
401 0.0322581
350 0.0322581
38076 0.0294118
36862 0.0294118
31914 0.0294118
29831 0.0294118
24613 0.0294118
22339 0.0294118
21225 0.0294118
18551 0.0294118
16504 0.0294118
16395 0.0294118
12830 0.0294118
6654 0.0294118
53 0.0294118
39352 0.0232558
36800 0.0232558
36147 0.0232558
35792 0.0232558
35601 0.0232558
34312 0.0232558
33163 0.0232558
32522 0.0232558
31366 0.0232558
27379 0.0232558
25885 0.0232558
25330 0.0232558
25304 0.0232558
22537 0.0232558
22122 0.0232558
19555 0.0232558
19419 0.0232558
18732 0.0232558
18428 0.0232558
14583 0.0232558
13215 0.0232558
9615 0.0232558
9423 0.0232558
8717 0.0232558
6049 0.0232558
3130 0.0232558
2669 0.0232558
39951 0.011236
39877 0.011236
39791 0.011236
39472 0.011236
38850 0.011236
38762 0.011236
36952 0.011236
36673 0.011236
35734 0.011236
35525 0.011236
35317 0.011236
33256 0.011236
31631 0.011236
30793 0.011236
30209 0.011236
30202 0.011236
29687 0.011236
29634 0.011236
29225 0.011236
28988 0.011236
27926 0.011236
26832 0.011236
25367 0.011236
24843 0.011236
24063 0.011236
24003 0.011236
23439 0.011236
22184 0.011236
20823 0.011236
20315 0.011236
18997 0.011236
16752 0.011236
15225 0.011236
14658 0.011236
13916 0.011236
13109 0.011236
12569 0.011236
10283 0.011236
8278 0.011236
6924 0.011236
6140 0.011236
5937 0.011236
5763 0.011236
5655 0.011236
4825 0.011236
4468 0.011236
2869 0.011236
2749 0.011236
2069 0.011236
985 0.011236
830 0.011236
556 0.011236
432 0.011236
40980 0
40979 0
40978 0
40977 0
40976 0
40975 0
40974 0
40973 0
40972 0
40971 0
40970 0
40969 0
40968 0
40967 0
40966 0
40965 0
40964 0
40963 0
40962 0
40961 0
40960 0
40959 0
40958 0
40957 0
40956 0
40955 0
40954 0
40953 0
40952 0
40951 0
40950 0
40949 0
40948 0
40947 0
40946 0
40945 0
40944 0
40943 0
40942 0
40941 0
40940 0
40939 0
40938 0
40937 0
40936 0
40935 0
40934 0
40933 0
40932 0
40931 0
40930 0
40929 0
40928 0
40927 0
40926 0
40925 0
40924 0
40923 0
40922 0
40921 0
40920 0
40919 0
40918 0
40917 0
40916 0
40914 0
40913 0
40912 0
40911 0
40910 0
40909 0
40908 0
40907 0
40906 0
40905 0
40904 0
40903 0
40902 0
40901 0
40900 0
40899 0
40898 0
40897 0
40896 0
40895 0
40894 0
40893 0
40892 0
40891 0
40890 0
40889 0
40888 0
40887 0
40886 0
40885 0
40884 0
40883 0
40882 0
40881 0
40880 0
40879 0
40878 0
40877 0
40876 0
40875 0
40874 0
40873 0
40872 0
40871 0
40870 0
40869 0
40868 0
40867 0
40866 0
40865 0
40864 0
40863 0
40862 0
40861 0
40860 0
40859 0
40858 0
40857 0
40856 0
40855 0
40854 0
40853 0
40852 0
40851 0
40850 0
40849 0
40848 0
40847 0
40846 0
40845 0
40844 0
40843 0
40842 0
40841 0
40840 0
40839 0
40838 0
40837 0
40836 0
40835 0
40834 0
40833 0
40832 0
40831 0
40830 0
40829 0
40828 0
40827 0
40826 0
40825 0
40824 0
40823 0
40822 0
40821 0
40820 0
40819 0
40818 0
40817 0
40816 0
40815 0
40814 0
40813 0
40812 0
40811 0
40810 0
40809 0
40808 0
40807 0
40806 0
40805 0
40804 0
40803 0
40802 0
40801 0
40800 0
40799 0
40798 0
40797 0
40796 0
40795 0
40794 0
40793 0
40792 0
40791 0
40790 0
40789 0
40788 0
40787 0
40786 0
40785 0
40784 0
40783 0
40782 0
40781 0
40780 0
40779 0
40778 0
40777 0
40776 0
40775 0
40774 0
40773 0
40772 0
40771 0
40770 0
40769 0
40768 0
