23875 2.53243
21394 2.01073
19074 1.40899
7178 1.39959
21283 0.933337
23843 0.607668
30802 0.524204
34737 0.440068
5504 0.430303
10677 0.403703
30278 0.402187
17639 0.392272
35144 0.38306
37347 0.37388
3601 0.365431
2111 0.359251
37710 0.349741
6034 0.338906
40691 0.333972
30411 0.333333
18582 0.311213
9876 0.303443
20931 0.299993
28500 0.28228
6434 0.269871
37190 0.239907
19236 0.239907
11501 0.231335
29401 0.212276
14053 0.212276
13309 0.212276
33821 0.2
27040 0.2
10689 0.2
10688 0.2
32658 0.1986
35351 0.19167
33143 0.19167
5775 0.183878
18515 0.167619
27482 0.166667
15042 0.166667
13576 0.166533
25906 0.158966
24840 0.158966
40683 0.155817
25030 0.155817
5569 0.155817
28307 0.147467
39560 0.143019
27966 0.143019
10177 0.143019
9171 0.142857
3077 0.142857
6281 0.137643
819 0.137643
37064 0.136512
36725 0.136512
34537 0.136512
25507 0.136512
25202 0.136512
17153 0.136512
11591 0.136512
11256 0.136512
36515 0.127849
18618 0.127849
13896 0.127849
32175 0.125219
26567 0.125219
896 0.125219
39098 0.125
15067 0.125
13880 0.125
12603 0.125
4233 0.125
2674 0.125
8547 0.119568
37819 0.117986
37335 0.117986
17810 0.117986
23007 0.116778
17635 0.116778
10994 0.116778
10237 0.116778
2612 0.116778
31832 0.111393
6110 0.111393
1073 0.111393
12292 0.110774
11315 0.110774
33885 0.108501
26356 0.108501
15020 0.108501
13595 0.108501
12835 0.108501
4829 0.1
39860 0.093747
38841 0.093747
38479 0.093747
36914 0.093747
15356 0.093747
10942 0.093747
19202 0.081937
22809 0.0797348
9825 0.0797348
4323 0.0797348
25240 0.0769231
24171 0.0769231
8358 0.0769231
813 0.0769231
40732 0.0714286
35064 0.0714286
19816 0.0714286
11521 0.0666965
32833 0.064835
30612 0.064835
5706 0.063987
25016 0.0625
13125 0.0625
39627 0.060404
39085 0.060404
38969 0.060404
37462 0.060404
34438 0.060404
24457 0.060404
23120 0.060404
23110 0.060404
23003 0.060404
21776 0.060404
15869 0.060404
10234 0.060404
4618 0.060404
4412 0.060404
1799 0.060404
27531 0.0603409
8783 0.0603409
6862 0.0603409
6787 0.0603409
4695 0.0603409
804 0.0603409
16817 0.0588235
8031 0.0555556
39651 0.0526316
30267 0.0526316
19701 0.0526316
16625 0.0526316
13018 0.0526316
2649 0.0526316
34435 0.0445141
22066 0.0445141
20721 0.0445141
843 0.0445141
31114 0.0436662
26849 0.0436662
26189 0.0436662
19966 0.0436662
9694 0.0436662
4933 0.0436662
19421 0.0434783
13107 0.0434783
9904 0.0434783
8791 0.0434783
8088 0.0434783
622 0.0434783
24212 0.037037
21590 0.037037
7878 0.037037
36210 0.03125
25299 0.03125
19493 0.03125
12548 0.03125
11602 0.03125
6522 0.03125
6221 0.03125
39326 0.030303
29881 0.030303
29358 0.030303
25214 0.030303
23461 0.030303
29549 0.0294118
23828 0.0294118
10831 0.0294118
28928 0.0222222
25353 0.0222222
13370 0.0222222
9287 0.0222222
1514 0.0222222
1218 0.0222222
31683 0.02
28601 0.02
37267 0.0181818
35482 0.0181818
35460 0.0181818
32001 0.0181818
31674 0.0181818
31475 0.0181818
30860 0.0181818
30283 0.0181818
29811 0.0181818
23192 0.0181818
16859 0.0181818
16850 0.0181818
16718 0.0181818
15191 0.0181818
13853 0.0181818
12280 0.0181818
10663 0.0181818
10111 0.0181818
10059 0.0181818
9338 0.0181818
8927 0.0181818
3594 0.0181818
337 0.0181818
39 0.0181818
39541 0.0172414
36295 0.0172414
36007 0.0172414
29633 0.0172414
29336 0.0172414
27928 0.0172414
26566 0.0172414
25259 0.0172414
22546 0.0172414
21145 0.0172414
17470 0.0172414
16301 0.0172414
14891 0.0172414
14543 0.0172414
14082 0.0172414
12823 0.0172414
12074 0.0172414
11236 0.0172414
10779 0.0172414
10618 0.0172414
322 0.0172414
40658 0.0163934
38180 0.0163934
33874 0.0163934
29620 0.0163934
20172 0.0163934
20134 0.0163934
19130 0.0163934
17541 0.0163934
15720 0.0163934
15397 0.0163934
15349 0.0163934
10697 0.0163934
4877 0.0163934
39296 0.00909091
38819 0.00909091
37498 0.00909091
37257 0.00909091
36531 0.00909091
36451 0.00909091
36372 0.00909091
35518 0.00909091
32990 0.00909091
32602 0.00909091
32289 0.00909091
31871 0.00909091
30914 0.00909091
30717 0.00909091
30163 0.00909091
28650 0.00909091
28395 0.00909091
27738 0.00909091
27097 0.00909091
24875 0.00909091
23775 0.00909091
23771 0.00909091
23419 0.00909091
23195 0.00909091
23177 0.00909091
23093 0.00909091
21920 0.00909091
21899 0.00909091
20705 0.00909091
20563 0.00909091
19214 0.00909091
19030 0.00909091
18228 0.00909091
17902 0.00909091
15466 0.00909091
13276 0.00909091
12983 0.00909091
12840 0.00909091
11899 0.00909091
11482 0.00909091
10819 0.00909091
10662 0.00909091
7577 0.00909091
7093 0.00909091
6603 0.00909091
6203 0.00909091
6070 0.00909091
4528 0.00909091
4472 0.00909091
3709 0.00909091
3300 0.00909091
716 0.00909091
663 0.00909091
40980 0
40979 0
40978 0
40977 0
40976 0
40975 0
40974 0
40973 0
40972 0
40971 0
40970 0
40969 0
40968 0
40967 0
40966 0
40965 0
40964 0
40963 0
40962 0
40961 0
40960 0
40959 0
40958 0
40957 0
40956 0
40955 0
40954 0
40953 0
40952 0
40951 0
40950 0
40949 0
40948 0
40947 0
40946 0
40945 0
40944 0
40943 0
40942 0
40941 0
40940 0
40939 0
40938 0
40937 0
40936 0
40935 0
40934 0
40933 0
40932 0
40931 0
40930 0
40929 0
40928 0
40927 0
40926 0
40925 0
40924 0
40923 0
40922 0
40921 0
40920 0
40919 0
40918 0
40917 0
40916 0
40915 0
40914 0
40913 0
40912 0
40911 0
40910 0
40909 0
40908 0
40907 0
40906 0
40905 0
40904 0
40903 0
40902 0
40901 0
40900 0
40899 0
40898 0
40897 0
40896 0
40895 0
40894 0
40893 0
40892 0
40891 0
40890 0
40889 0
40888 0
40887 0
40886 0
40885 0
40884 0
40883 0
40882 0
40881 0
40880 0
40879 0
40878 0
40877 0
40876 0
40875 0
40874 0
40873 0
40872 0
40871 0
40870 0
40869 0
40868 0
40867 0
40866 0
40865 0
40864 0
40863 0
40862 0
40861 0
40860 0
40859 0
40858 0
40857 0
40856 0
40855 0
40854 0
40853 0
40852 0
40851 0
40850 0
40849 0
40848 0
40847 0
40846 0
40845 0
40844 0
40843 0
40842 0
40841 0
40840 0
40839 0
40838 0
40837 0
40836 0
40835 0
40834 0
40833 0
40832 0
40831 0
40830 0
40829 0
40828 0
40827 0
40826 0
40825 0
40824 0
40823 0
40822 0
40821 0
40820 0
40819 0
40818 0
40817 0
40816 0
40815 0
40814 0
40813 0
40812 0
40811 0
40810 0
40809 0
40808 0
40807 0
40806 0
40805 0
40804 0
40803 0
40802 0
40801 0
40800 0
40799 0
40798 0
40797 0
40796 0
40795 0
40794 0
40793 0
40792 0
40791 0
40790 0
40789 0
40788 0
40787 0
40786 0
40785 0
40784 0
40783 0
40782 0
