35346 3.26324
1355 2.74252
9444 2.67342
25227 1.95816
12569 1.55514
34740 1.46245
20560 1.45541
22412 1.417
40585 1.25815
10916 1.25815
15212 1.22866
19712 1.07197
17397 1.03291
35220 1.00265
10900 1.00265
22711 0.978133
35734 0.950977
23439 0.81545
32620 0.773961
22368 0.750927
2885 0.592675
22430 0.50976
6105 0.509679
39947 0.442186
30676 0.442186
27989 0.442186
27400 0.442186
17373 0.442186
11080 0.442186
110 0.442186
35535 0.404853
37005 0.384945
19967 0.37128
26693 0.35605
4038 0.344444
4872 0.333333
16076 0.32883
29030 0.325575
32369 0.322103
9197 0.300015
18452 0.292295
17521 0.292295
27799 0.291009
15536 0.282983
40204 0.273377
24678 0.272383
16298 0.272383
27926 0.270068
24239 0.270068
36952 0.264322
10988 0.255042
39183 0.25
13972 0.25
37340 0.24478
14842 0.24425
19391 0.237294
26095 0.211444
18291 0.208476
9583 0.204937
17033 0.2
14534 0.2
36528 0.199022
18997 0.198639
40106 0.198225
267 0.198225
16703 0.188097
13140 0.188097
30793 0.185841
35185 0.182557
31027 0.175957
39962 0.172212
34165 0.164484
13654 0.161009
37502 0.159812
19576 0.158654
12766 0.158654
2618 0.158654
19009 0.14984
34999 0.149627
8913 0.149627
10 0.14712
19167 0.142857
16619 0.139456
32036 0.137354
22530 0.137354
19253 0.136896
30235 0.130952
15175 0.130952
22930 0.124747
4761 0.124747
15416 0.120221
3140 0.113205
29941 0.111111
27105 0.111111
19899 0.111111
12768 0.111111
6924 0.111111
3295 0.110409
33561 0.109417
31184 0.109376
16504 0.105139
39642 0.102599
35317 0.102599
30386 0.101818
21978 0.101818
39507 0.0997926
24972 0.0997926
21042 0.0997926
15665 0.0997926
5778 0.0997926
14768 0.0982699
14399 0.0982469
7145 0.0982469
37955 0.0981319
7790 0.0981319
23001 0.0939394
962 0.0939394
24957 0.0910642
24591 0.0910642
21815 0.0910642
29901 0.0909091
22218 0.0909091
19032 0.0909091
34043 0.0878408
26512 0.0878408
16395 0.0840081
6654 0.0835502
38834 0.0769231
35082 0.0769231
25746 0.0769231
24719 0.0769231
13937 0.0769231
9823 0.0769231
5852 0.0769231
2575 0.0769231
34123 0.0674668
21757 0.0674668
23206 0.0666667
16784 0.0666667
18248 0.0659086
35525 0.0631868
2877 0.0631868
39791 0.0628357
35063 0.0628357
26210 0.0628357
23322 0.0628357
17154 0.0628357
16047 0.0628357
12911 0.0628357
2542 0.0628357
233 0.0628357
40009 0.0625
23039 0.0625
13686 0.0625
11857 0.0625
8652 0.0625
7122 0.0625
40564 0.058281
40165 0.058281
35439 0.058281
35065 0.058281
11890 0.0555556
38583 0.0537536
24764 0.0537536
16745 0.0537536
7921 0.0537536
38010 0.0529133
37233 0.0529133
36239 0.0529133
34156 0.0529133
32243 0.0529133
29464 0.0529133
29077 0.0529133
28575 0.0529133
26195 0.0529133
17739 0.0529133
16233 0.0529133
12090 0.0529133
8134 0.0529133
7937 0.0529133
7076 0.0529133
40632 0.0526316
35566 0.0526316
34056 0.0526316
34015 0.0526316
33308 0.0526316
20763 0.0526316
20451 0.0526316
10925 0.0526316
8365 0.0526316
6938 0.0526316
2869 0.0526316
1942 0.0526316
22373 0.05
6033 0.05
40618 0.047888
39245 0.047888
17142 0.047888
17035 0.047888
15873 0.047888
11488 0.047888
11331 0.047888
9309 0.047888
5719 0.047888
3750 0.047888
3068 0.047888
1966 0.047888
1610 0.047888
24505 0.047619
18683 0.047619
15630 0.047619
15029 0.047619
14489 0.047619
29627 0.0454545
23872 0.0454545
22787 0.0454545
18160 0.0454545
9584 0.0454545
39894 0.0452396
38952 0.0452396
38014 0.0452396
29551 0.0452396
16844 0.0452396
3561 0.0452396
37672 0.0423273
29237 0.0423273
22184 0.0423273
15225 0.0423273
6140 0.0423273
5840 0.0423273
2813 0.0423273
26312 0.0416667
4150 0.0416667
33633 0.0384615
16250 0.0384615
576 0.0384615
39680 0.037037
35609 0.037037
32562 0.037037
29300 0.037037
27653 0.037037
27161 0.037037
25765 0.037037
24761 0.037037
23915 0.037037
20569 0.037037
19313 0.037037
10375 0.037037
9760 0.037037
9154 0.037037
8408 0.037037
6413 0.037037
3725 0.037037
3371 0.037037
2888 0.037037
2168 0.037037
40644 0.0357143
38863 0.0357143
37795 0.0357143
35766 0.0357143
27349 0.0357143
25831 0.0357143
23251 0.0357143
21431 0.0357143
18383 0.0357143
13916 0.0357143
11470 0.0357143
4484 0.0357143
2863 0.0357143
1332 0.0357143
27880 0.0333333
21323 0.0333333
13583 0.0333333
3957 0.0333333
2034 0.0333333
913 0.0333333
894 0.0333333
39298 0.0317115
35425 0.0317115
33028 0.0317115
32688 0.0317115
31575 0.0317115
29909 0.0317115
28862 0.0317115
28403 0.0317115
20007 0.0317115
18872 0.0317115
17312 0.0317115
16220 0.0317115
15744 0.0317115
15092 0.0317115
14352 0.0317115
5169 0.0317115
830 0.0317115
634 0.0317115
33569 0.03125
30887 0.0285714
23446 0.0285714
758 0.0285714
630 0.0285714
39640 0.0263158
39383 0.0263158
36968 0.0263158
36142 0.0263158
35723 0.0263158
31240 0.0263158
30782 0.0263158
29473 0.0263158
28813 0.0263158
28740 0.0263158
28688 0.0263158
28424 0.0263158
28390 0.0263158
22405 0.0263158
22145 0.0263158
20835 0.0263158
20193 0.0263158
18510 0.0263158
17260 0.0263158
15151 0.0263158
13819 0.0263158
13354 0.0263158
11626 0.0263158
4479 0.0263158
1791 0.0263158
797 0.0263158
14138 0.025
38776 0.0222222
26058 0.0222222
25886 0.0222222
22404 0.0222222
21785 0.0222222
18446 0.0222222
16673 0.0222222
8412 0.0222222
7074 0.0222222
6667 0.0222222
5688 0.0222222
4934 0.0222222
3413 0.0222222
1049 0.0222222
38273 0.0192308
35252 0.0192308
30897 0.0192308
30665 0.0192308
21548 0.0192308
21160 0.0192308
14672 0.0192308
14286 0.0192308
12723 0.0192308
11876 0.0192308
8264 0.0192308
113 0.0192308
37900 0.0163934
34976 0.0163934
17785 0.0163934
7059 0.0163934
6979 0.0163934
2310 0.0163934
866 0.0163934
39155 0.012987
37734 0.012987
34835 0.012987
27863 0.012987
27695 0.012987
27033 0.012987
21217 0.012987
20928 0.012987
20020 0.012987
18844 0.012987
15054 0.012987
12935 0.012987
9828 0.012987
7312 0.012987
5518 0.012987
3821 0.012987
40037 0.0121951
37902 0.0121951
37344 0.0121951
35637 0.0121951
32043 0.0121951
30929 0.0121951
30136 0.0121951
26538 0.0121951
26375 0.0121951
19260 0.0121951
18138 0.0121951
15576 0.0121951
13507 0.0121951
13339 0.0121951
9957 0.0121951
7618 0.0121951
5551 0.0121951
2235 0.0121951
2218 0.0121951
38726 0.0102041
37729 0.0102041
36468 0.0102041
36313 0.0102041
35803 0.0102041
34664 0.0102041
33545 0.0102041
32496 0.0102041
28952 0.0102041
28800 0.0102041
28325 0.0102041
26137 0.0102041
25617 0.0102041
24822 0.0102041
23628 0.0102041
21566 0.0102041
21302 0.0102041
21043 0.0102041
19624 0.0102041
18421 0.0102041
18282 0.0102041
18119 0.0102041
18016 0.0102041
17523 0.0102041
17401 0.0102041
16947 0.0102041
16744 0.0102041
15354 0.0102041
14894 0.0102041
11725 0.0102041
7889 0.0102041
6992 0.0102041
6394 0.0102041
5423 0.0102041
4826 0.0102041
1137 0.0102041
556 0.0102041
36787 0.00990099
36028 0.00990099
35463 0.00990099
29937 0.00990099
29875 0.00990099
29225 0.00990099
28655 0.00990099
28547 0.00990099
27968 0.00990099
26084 0.00990099
25659 0.00990099
25533 0.00990099
21589 0.00990099
19517 0.00990099
15412 0.00990099
14546 0.00990099
14318 0.00990099
12781 0.00990099
11789 0.00990099
8854 0.00990099
6068 0.00990099
4900 0.00990099
3852 0.00990099
38221 0.00961538
37847 0.00961538
37689 0.00961538
35435 0.00961538
34544 0.00961538
34489 0.00961538
34034 0.00961538
31537 0.00961538
31085 0.00961538
31077 0.00961538
30795 0.00961538
30321 0.00961538
28106 0.00961538
26562 0.00961538
26151 0.00961538
25705 0.00961538
23898 0.00961538
23034 0.00961538
21187 0.00961538
19287 0.00961538
19093 0.00961538
18435 0.00961538
17613 0.00961538
16548 0.00961538
14589 0.00961538
14573 0.00961538
14010 0.00961538
13452 0.00961538
13362 0.00961538
12393 0.00961538
8936 0.00961538
7298 0.00961538
5937 0.00961538
4825 0.00961538
4548 0.00961538
2069 0.00961538
40980 0
40979 0
40978 0
40977 0
40976 0
40975 0
40974 0
40973 0
40972 0
