23852 250.72
27751 200.631
21859 169.913
24783 149.426
30687 140.295
12394 118.803
8291 112.001
2879 107.665
26653 94.9625
11047 89.7998
5881 79.4377
12216 76.1557
25878 71.0558
2038 61.8759
38453 61.5593
11495 48.3944
3387 47.5476
25306 45.4562
31253 44.2101
33628 40.0196
7836 37.6131
20760 36.0292
7531 31.717
18423 31.5799
3196 28.256
17692 28.2515
23190 27.3282
27313 26.179
36364 25.1968
11401 24.8589
1050 24.487
27332 24.4335
12654 23.5705
17723 23.4041
1879 22.9833
31701 22.3799
28621 20.1737
20629 19.6961
24555 19.0441
35396 17.2289
31954 16.7917
29674 16.4686
5734 16.0027
9997 15.4123
31431 15.2988
11022 15.2669
16746 15.0669
25450 14.7339
32308 14.5972
28087 13.9569
36802 13.9134
32228 13.5548
31301 13.4591
40719 13.4064
220 13.3171
13778 13.1177
12994 12.8973
2082 12.5678
38752 11.9934
3874 11.9151
13082 11.7649
13190 11.6723
16385 11.2581
15625 11.1599
55 10.7034
27383 10.5885
21669 10.464
6709 10.0222
28232 10.0004
11068 9.99283
22943 9.75639
37530 9.58682
33739 9.11008
8672 9.09157
16959 9.08261
23463 8.87371
18738 8.76473
40754 8.56679
27360 8.47721
14292 8.30791
7925 8.26768
19552 8.16621
38647 8.15779
38186 8.15
20945 7.83597
13249 7.67149
10381 7.56963
21613 7.26465
9510 7.2641
36266 7.20397
4461 7.20148
1616 7.00043
11450 6.92716
24156 6.86595
28392 6.8119
37614 6.80847
5120 6.60875
3736 6.58971
5305 6.46023
39597 6.39204
3097 6.26953
9744 5.9635
14420 5.93315
13062 5.80655
12826 5.78582
38741 5.60819
7337 5.57629
4056 5.543
15211 5.40367
7201 5.39167
26652 5.35633
26309 5.35065
36414 5.33492
27015 5.32829
5567 5.31273
27433 5.27099
8145 5.19318
24517 5.01349
23597 4.95494
36008 4.85884
24135 4.85635
1868 4.84802
30444 4.82639
39185 4.80574
27368 4.74861
29622 4.72546
39346 4.69916
52 4.6392
1804 4.63611
24959 4.60393
15736 4.57332
29512 4.55352
10997 4.4763
19023 4.41667
35276 4.34176
22080 4.2678
23598 4.20585
7816 4.18715
10659 4.15536
4230 4.12246
36508 4.03874
34390 4.01399
3915 4.00437
4144 3.98994
2106 3.97851
24855 3.96807
2885 3.91808
29577 3.90952
3298 3.88143
6598 3.87255
1356 3.83784
18617 3.82857
11556 3.81951
5097 3.80358
23021 3.80238
37123 3.75853
20329 3.72157
16476 3.71978
4269 3.70597
27128 3.67649
16765 3.64489
3224 3.61323
25406 3.59741
5252 3.58898
32449 3.55074
1986 3.49746
19184 3.48854
26577 3.43672
8840 3.42432
7063 3.42297
21612 3.40119
40021 3.35397
31615 3.29538
9754 3.2845
28721 3.22718
21999 3.20911
33671 3.17048
15156 3.15768
464 3.14101
36274 3.12448
2956 3.11894
13965 3.11091
19737 3.10599
39237 3.07951
6226 3.07527
14644 3.03036
38622 3.02098
28098 2.96589
31175 2.92111
2658 2.8782
9418 2.86667
36241 2.84299
32759 2.81327
27203 2.81099
17329 2.79921
40690 2.72856
28589 2.72232
14551 2.71856
28625 2.70536
22920 2.67619
20355 2.64882
26605 2.63927
14310 2.63333
10923 2.60664
3180 2.59985
36770 2.57156
23355 2.56859
1553 2.55758
10182 2.55695
26162 2.53501
12083 2.52324
24354 2.50943
12625 2.48571
1975 2.46705
33323 2.46537
30600 2.45397
22617 2.45397
7680 2.43333
34693 2.40952
38074 2.4039
6905 2.40152
39402 2.4
6739 2.39452
18500 2.39131
8653 2.38898
9145 2.36532
7492 2.35667
19566 2.28312
2871 2.26508
21595 2.24803
8461 2.24286
39451 2.1831
10321 2.16464
7553 2.15709
27799 2.14405
24006 2.11786
13268 2.0872
3479 2.06953
40168 2.06172
38374 2.05119
4515 2.04403
25716 2.04034
16763 2.03784
32730 2.03615
29760 1.97409
34805 1.97097
3353 1.96071
9561 1.94385
35152 1.94052
35057 1.93571
17629 1.92373
5782 1.9174
1825 1.90774
34647 1.89853
23179 1.89848
10176 1.88645
11105 1.88097
28808 1.85397
14745 1.85024
17955 1.82619
39806 1.82085
37297 1.81349
4062 1.80589
32453 1.80118
3514 1.79716
3054 1.79216
13573 1.78552
7605 1.78532
19011 1.78222
2249 1.77467
31878 1.77246
5119 1.76991
9005 1.76154
27926 1.73474
33664 1.7218
7292 1.7
17176 1.69216
2332 1.68467
17912 1.65747
23229 1.64971
16672 1.6396
20381 1.63775
14472 1.63617
2730 1.61533
40320 1.60292
22496 1.60192
39611 1.60159
28593 1.60084
6702 1.59959
7885 1.59683
38334 1.54315
5926 1.5421
14220 1.53333
6696 1.50718
38183 1.50238
38112 1.5
35204 1.48753
22369 1.48333
33563 1.45099
24960 1.45057
12901 1.45
15462 1.45
3319 1.44269
32780 1.44167
30028 1.43581
20028 1.42794
20732 1.42196
1118 1.41978
35967 1.40637
28192 1.40431
4947 1.40278
19005 1.38966
5680 1.38957
17857 1.3881
38953 1.37505
34722 1.36667
17718 1.34607
14544 1.34277
28136 1.3381
27956 1.33604
37243 1.33095
35268 1.32778
27735 1.31905
34859 1.31667
23853 1.31667
4823 1.31453
28487 1.29335
13324 1.29286
2603 1.29129
23573 1.29091
16468 1.28443
34692 1.27653
9420 1.26962
10608 1.26667
39598 1.25272
12569 1.24762
20054 1.23035
17214 1.22453
30054 1.22201
7072 1.21938
7893 1.2171
16413 1.21481
40672 1.2119
5115 1.20674
24752 1.20358
7455 1.19952
23351 1.19079
9665 1.18555
38270 1.17961
28354 1.17424
28420 1.17424
7391 1.16788
11358 1.16345
37410 1.1623
38984 1.16174
440 1.15952
37822 1.15397
36830 1.15177
9648 1.14846
39257 1.14432
17634 1.14296
2840 1.1369
25939 1.12885
24386 1.11845
26793 1.11667
31548 1.11234
19032 1.11234
14083 1.11071
6846 1.09425
13084 1.09286
33470 1.089
38701 1.08091
30115 1.07917
12389 1.07459
9911 1.07137
1534 1.06905
34817 1.06825
40883 1.06786
35998 1.05833
26378 1.05758
25632 1.04861
28559 1.04405
21856 1.04167
16381 1.04062
10894 1.01342
31338 1.00397
18560 1.00238
27451 0.995238
308 0.985256
7007 0.971825
36573 0.962327
29920 0.949785
13715 0.948372
27537 0.929772
10079 0.925433
18195 0.923741
20402 0.916667
19292 0.916667
25676 0.916667
20057 0.916667
10051 0.908009
1316 0.907748
15883 0.904443
28208 0.897187
32452 0.895884
5693 0.89329
28670 0.883816
26284 0.8816
22455 0.880195
5966 0.878075
25904 0.876544
21028 0.875
39738 0.874242
25026 0.868347
38197 0.866667
12362 0.866667
11728 0.866667
12655 0.852778
33087 0.850251
27964 0.849242
5997 0.848846
40365 0.838528
37630 0.833667
36670 0.833333
25657 0.833333
12554 0.83055
27130 0.818706
22711 0.811111
36719 0.810945
38428 0.809524
20813 0.809524
37567 0.800815
19865 0.79408
24414 0.791071
25695 0.783333
794 0.783333
21834 0.783333
10983 0.782716
25867 0.776822
7541 0.769048
12899 0.763889
19775 0.760689
13620 0.757947
846 0.75104
2419 0.75
28408 0.733333
4362 0.733333
4118 0.733333
3449 0.733333
34768 0.72619
15817 0.72619
7765 0.719962
831 0.719246
15273 0.715079
40666 0.71452
36894 0.708604
19358 0.708537
37450 0.7
17687 0.694444
8594 0.694444
6289 0.694444
19175 0.685317
26576 0.683333
11577 0.672769
20151 0.672692
2058 0.670252
13909 0.670083
20508 0.666667
18337 0.666667
25316 0.660909
32057 0.660335
33267 0.658333
38823 0.652612
14599 0.65
26822 0.647912
34643 0.647222
31509 0.645833
11377 0.644368
28378 0.642857
20012 0.636371
37391 0.634144
13654 0.632937
35831 0.625
32302 0.625
36421 0.624242
1226 0.620635
32911 0.616667
39791 0.612395
14496 0.6
3527 0.6
25175 0.594632
8614 0.58746
25545 0.584138
27999 0.583333
3722 0.583333
7163 0.580224
22263 0.57619
18322 0.575
8319 0.571368
29916 0.566667
