38437 2.10133
8059 1.5404
12938 1.12896
19795 0.786633
15856 0.770887
987 0.704689
40340 0.7
38872 0.656171
29436 0.63631
25701 0.590067
14786 0.539235
2605 0.53837
21342 0.533333
34037 0.494048
15617 0.482825
33373 0.467857
18918 0.42221
22965 0.418842
14821 0.418842
19285 0.4
10812 0.3875
29751 0.383333
35789 0.369048
8642 0.335714
28025 0.318044
39135 0.312637
38992 0.3125
38034 0.30609
25424 0.280556
28723 0.279221
36011 0.277766
17430 0.277766
4253 0.277766
39095 0.27381
11512 0.27381
34660 0.254221
6837 0.25
31753 0.243671
20784 0.243671
51 0.243671
7281 0.225733
38754 0.2
28954 0.2
5942 0.194697
5418 0.194697
17452 0.18631
40643 0.172784
31346 0.166667
19506 0.166667
14131 0.166667
5291 0.166667
37516 0.157197
34054 0.142857
28704 0.142857
21445 0.142857
36360 0.136447
1974 0.136447
32952 0.125
26881 0.125
20703 0.116919
9289 0.116919
39681 0.105901
30308 0.105901
22302 0.105901
21587 0.105901
6662 0.105901
6146 0.105901
6026 0.105901
1173 0.105901
37716 0.1
30559 0.1
29829 0.1
23984 0.1
18814 0.1
11579 0.1
7752 0.1
6442 0.1
3274 0.1
37079 0.0833333
23601 0.0833333
16185 0.0833333
11505 0.0833333
3009 0.0833333
2165 0.0833333
26939 0.0769231
22594 0.0769231
22109 0.0769231
32050 0.0722102
31468 0.0722102
24743 0.0722102
16568 0.0722102
14100 0.0722102
7510 0.0722102
27894 0.0625
16145 0.0625
15062 0.0625
1687 0.0625
35771 0.0555556
34133 0.0555556
22919 0.0555556
7589 0.0555556
1580 0.0555556
34563 0.05
33441 0.05
33008 0.05
31334 0.05
10446 0.05
12516 0.037037
11369 0.037037
7829 0.037037
2508 0.037037
36958 0.0357143
36923 0.0357143
30225 0.0357143
7992 0.0357143
908 0.0357143
37263 0.0238095
34443 0.0238095
29994 0.0238095
28068 0.0238095
21356 0.0238095
16420 0.0238095
14650 0.0238095
10428 0.0238095
6695 0.0238095
6270 0.0238095
2162 0.0238095
39039 0.0113636
38523 0.0113636
35072 0.0113636
34796 0.0113636
33509 0.0113636
33502 0.0113636
32869 0.0113636
32390 0.0113636
30888 0.0113636
30467 0.0113636
30166 0.0113636
26670 0.0113636
25697 0.0113636
25016 0.0113636
24488 0.0113636
23936 0.0113636
23843 0.0113636
23220 0.0113636
21154 0.0113636
20921 0.0113636
20002 0.0113636
19926 0.0113636
19386 0.0113636
18601 0.0113636
18298 0.0113636
18225 0.0113636
16973 0.0113636
16686 0.0113636
16292 0.0113636
15770 0.0113636
15696 0.0113636
15398 0.0113636
14999 0.0113636
13311 0.0113636
10923 0.0113636
9735 0.0113636
8180 0.0113636
8080 0.0113636
5219 0.0113636
4998 0.0113636
4682 0.0113636
2110 0.0113636
1194 0.0113636
1168 0.0113636
673 0.0113636
441 0.0113636
40980 0
40979 0
40978 0
40977 0
40976 0
40975 0
40974 0
40973 0
40972 0
40971 0
40970 0
40969 0
40968 0
40967 0
40966 0
40965 0
40964 0
40963 0
40962 0
40961 0
40960 0
40959 0
40958 0
40957 0
40956 0
40955 0
40954 0
40953 0
40952 0
40951 0
40950 0
40949 0
40948 0
40947 0
40946 0
40945 0
40944 0
40943 0
40942 0
40941 0
40940 0
40939 0
40938 0
40937 0
40936 0
40935 0
40934 0
40933 0
40932 0
40931 0
40930 0
40929 0
40928 0
40927 0
40926 0
40925 0
40924 0
40923 0
40922 0
40921 0
40920 0
40919 0
40918 0
40917 0
40916 0
40915 0
40914 0
40913 0
40912 0
40911 0
40910 0
40909 0
40908 0
40907 0
40906 0
40905 0
40904 0
40903 0
40902 0
40901 0
40900 0
40899 0
40898 0
40897 0
40896 0
40895 0
40894 0
40893 0
40892 0
40891 0
40890 0
40889 0
40888 0
40887 0
40886 0
40885 0
40884 0
40883 0
40882 0
40881 0
40880 0
40879 0
40878 0
40877 0
40876 0
40875 0
40874 0
40873 0
40872 0
40871 0
40870 0
40869 0
40868 0
40867 0
40866 0
40865 0
40864 0
40863 0
40862 0
40861 0
40860 0
40859 0
40858 0
40857 0
40856 0
40855 0
40854 0
40853 0
40852 0
40851 0
40850 0
40849 0
40848 0
40847 0
40846 0
40845 0
40844 0
40843 0
40842 0
40841 0
40840 0
40839 0
40838 0
40837 0
40836 0
40835 0
40834 0
40833 0
40832 0
40831 0
40830 0
40829 0
40828 0
40827 0
40826 0
40825 0
40824 0
40823 0
40822 0
40821 0
40820 0
40819 0
40818 0
40817 0
40816 0
40815 0
40814 0
40813 0
40812 0
40811 0
40810 0
40809 0
40808 0
40807 0
40806 0
40805 0
40804 0
40803 0
40802 0
40801 0
40800 0
40799 0
40798 0
40797 0
40796 0
40795 0
40794 0
40793 0
40792 0
40791 0
40790 0
40789 0
40788 0
40787 0
40786 0
40785 0
40784 0
40783 0
40782 0
40781 0
40780 0
40779 0
40778 0
40777 0
40776 0
40775 0
40774 0
40773 0
40772 0
40771 0
40770 0
40769 0
40768 0
40767 0
40766 0
40765 0
40764 0
40763 0
40762 0
40761 0
40760 0
40759 0
40758 0
40757 0
40756 0
40755 0
40754 0
40753 0
40752 0
40751 0
40750 0
40749 0
40748 0
40747 0
40746 0
40745 0
40744 0
40743 0
40742 0
40741 0
40740 0
40739 0
40738 0
40737 0
40736 0
40735 0
40734 0
40733 0
40732 0
40731 0
40730 0
40729 0
40728 0
40727 0
40726 0
40725 0
40724 0
40723 0
40722 0
40721 0
40720 0
40719 0
40718 0
40717 0
40716 0
40715 0
40714 0
40713 0
40712 0
40711 0
40710 0
40709 0
40708 0
40707 0
40706 0
40705 0
40704 0
40703 0
40702 0
40701 0
40700 0
40699 0
40698 0
40697 0
40696 0
40695 0
40694 0
40693 0
40692 0
40691 0
40690 0
40689 0
40688 0
40687 0
40686 0
40685 0
40684 0
40683 0
40682 0
40681 0
40680 0
40679 0
40678 0
40677 0
40676 0
40675 0
40674 0
40673 0
40672 0
40671 0
40670 0
40669 0
40668 0
40667 0
40666 0
40665 0
40664 0
40663 0
40662 0
40661 0
40660 0
40659 0
40658 0
40657 0
40656 0
40655 0
40654 0
