34768 7.76014
25304 6.48945
37778 3.30126
15445 2.7873
17509 2.67468
23462 2.26786
16236 2.13016
26824 1.86046
21465 1.79091
11766 1.73788
33585 1.61551
38887 1.58654
24143 1.56237
5163 1.47946
18099 1.44607
7144 1.02778
27146 1.00043
18021 0.966832
14963 0.956494
27799 0.916667
9782 0.733333
22812 0.733333
32296 0.69697
13684 0.674242
6473 0.592157
1193 0.5
19419 0.490909
23966 0.466667
12025 0.457576
17129 0.455556
12627 0.430303
2042 0.394444
32614 0.385714
38577 0.365079
13717 0.358766
34912 0.355303
13469 0.355303
13442 0.344877
37027 0.333333
30817 0.333333
23843 0.333333
3068 0.333333
2271 0.333333
30901 0.323413
16036 0.323413
781 0.323413
4179 0.299242
5111 0.298413
18894 0.285014
40627 0.25
39602 0.25
39580 0.25
15608 0.25
10826 0.25
5337 0.25
38899 0.249733
26596 0.249733
18134 0.249733
40403 0.232323
39043 0.232323
32845 0.232323
27903 0.232323
16384 0.232323
39869 0.2
38383 0.2
33469 0.2
25376 0.2
1014 0.2
40451 0.166667
39218 0.166667
33662 0.166667
8570 0.166667
40143 0.142857
36640 0.142857
26945 0.142857
22278 0.142857
19822 0.142857
19372 0.142857
19032 0.142857
18824 0.142857
13215 0.142857
12214 0.142857
10862 0.142857
3146 0.142857
3080 0.142857
29948 0.125
23290 0.125
20691 0.125
13648 0.125
10075 0.125
5730 0.125
2171 0.125
1651 0.125
29682 0.111111
4955 0.111111
39947 0.1
35346 0.1
30676 0.1
28355 0.1
27989 0.1
27393 0.1
24481 0.1
23000 0.1
11080 0.1
9206 0.1
2420 0.1
110 0.1
31613 0.0909091
29875 0.0909091
26067 0.0909091
23955 0.0909091
23049 0.0909091
20471 0.0909091
20188 0.0909091
19536 0.0909091
17349 0.0909091
16083 0.0909091
14679 0.0909091
6330 0.0909091
6158 0.0909091
37178 0.0833333
28228 0.0833333
26974 0.0833333
25732 0.0833333
15908 0.0833333
15152 0.0833333
36572 0.0666667
33707 0.0666667
17312 0.0666667
9172 0.0666667
25496 0.0588235
23894 0.0588235
21456 0.0588235
16909 0.0588235
9962 0.0588235
8035 0.0588235
6835 0.0588235
32697 0.0555556
20444 0.0555556
13180 0.0555556
9513 0.0555556
2055 0.0555556
39914 0.030303
38623 0.030303
37412 0.030303
33248 0.030303
32114 0.030303
30869 0.030303
30744 0.030303
27019 0.030303
26953 0.030303
23724 0.030303
21725 0.030303
18701 0.030303
18408 0.030303
12830 0.030303
12010 0.030303
10802 0.030303
7055 0.030303
5704 0.030303
40980 0
40979 0
40978 0
40977 0
40976 0
40975 0
40974 0
40973 0
40972 0
40971 0
40970 0
40969 0
40968 0
40967 0
40966 0
40965 0
40964 0
40963 0
40962 0
40961 0
40960 0
40959 0
40958 0
40957 0
40956 0
40955 0
40954 0
40953 0
40952 0
40951 0
40950 0
40949 0
40948 0
40947 0
40946 0
40945 0
40944 0
40943 0
40942 0
40941 0
40940 0
40939 0
40938 0
40937 0
40936 0
40935 0
40934 0
40933 0
40932 0
40931 0
40930 0
40929 0
40928 0
40927 0
40926 0
40925 0
40924 0
40923 0
40922 0
40921 0
40920 0
40919 0
40918 0
40917 0
40916 0
40915 0
40914 0
40913 0
40912 0
40911 0
40910 0
40909 0
40908 0
40907 0
40906 0
40905 0
40904 0
40903 0
40902 0
40901 0
40900 0
40899 0
40898 0
40897 0
40896 0
40895 0
40894 0
40893 0
40892 0
40891 0
40890 0
40889 0
40888 0
40887 0
40886 0
40885 0
40884 0
40883 0
40882 0
40881 0
40880 0
40879 0
40878 0
40877 0
40876 0
40875 0
40874 0
40873 0
40872 0
40871 0
40870 0
40869 0
40868 0
40867 0
40866 0
40865 0
40864 0
40863 0
40862 0
40861 0
40860 0
40859 0
40858 0
40857 0
40856 0
40855 0
40854 0
40853 0
40852 0
40851 0
40850 0
40849 0
40848 0
40847 0
40846 0
40845 0
40844 0
40843 0
40842 0
40841 0
40840 0
40839 0
40838 0
40837 0
40836 0
40835 0
40834 0
40833 0
40832 0
40831 0
40830 0
40829 0
40828 0
40827 0
40826 0
40825 0
40824 0
40823 0
40822 0
40821 0
40820 0
40819 0
40818 0
40817 0
40816 0
40815 0
40814 0
40813 0
40812 0
40811 0
40810 0
40809 0
40808 0
40807 0
40806 0
40805 0
40804 0
40803 0
40802 0
40801 0
40800 0
40799 0
40798 0
40797 0
40796 0
40795 0
40794 0
40793 0
40792 0
40791 0
40790 0
40789 0
40788 0
40787 0
40786 0
40785 0
40784 0
40783 0
40782 0
40781 0
40780 0
40779 0
40778 0
40777 0
40776 0
40775 0
40774 0
40773 0
40772 0
40771 0
40770 0
40769 0
40768 0
40767 0
40766 0
40765 0
40764 0
40763 0
40762 0
40761 0
40760 0
40759 0
40758 0
40757 0
40756 0
40755 0
40754 0
40753 0
40752 0
40751 0
40750 0
40749 0
40748 0
40747 0
40746 0
40745 0
40744 0
40743 0
40742 0
40741 0
40740 0
40739 0
40738 0
40737 0
40736 0
40735 0
40734 0
40733 0
40732 0
40731 0
40730 0
40729 0
40728 0
40727 0
40726 0
40725 0
40724 0
40723 0
40722 0
40721 0
40720 0
40719 0
40718 0
40717 0
40716 0
40715 0
40714 0
40713 0
40712 0
40711 0
40710 0
40709 0
40708 0
40707 0
40706 0
40705 0
40704 0
40703 0
40702 0
40701 0
40700 0
40699 0
40698 0
40697 0
40696 0
40695 0
40694 0
40693 0
40692 0
40691 0
40690 0
40689 0
40688 0
40687 0
40686 0
40685 0
40684 0
40683 0
40682 0
40681 0
40680 0
40679 0
40678 0
40677 0
40676 0
40675 0
40674 0
40673 0
40672 0
40671 0
40670 0
40669 0
40668 0
40667 0
40666 0
40665 0
40664 0
40663 0
40662 0
40661 0
40660 0
40659 0
40658 0
40657 0
40656 0
40655 0
40654 0
40653 0
40652 0
40651 0
40650 0
40649 0
40648 0
40647 0
40646 0
40645 0
40644 0
40643 0
40642 0
40641 0
