20167 85.4244
31255 14.087
19415 5.32278
30668 4.92216
18328 4.85186
1975 4.68452
30951 3.88961
3096 3.65877
10233 3.52678
32893 3.25781
31301 2.9793
8672 2.77619
10060 2.69883
22594 2.62781
4734 2.14286
22117 2.01331
39217 1.84183
14967 1.59897
13365 1.54299
36734 1.54286
18213 1.52067
2442 1.51429
32885 1.45952
19492 1.43333
37563 1.40238
29367 1.39286
29001 1.21564
32774 1.18333
19032 1.13333
40883 1.11026
23843 1.08452
34170 1.07825
1955 1.05311
18950 1.05119
21300 1.02516
36282 1
8246 1
15603 0.984524
19464 0.980952
25521 0.916667
1367 0.892558
21577 0.882143
6262 0.837302
865 0.76337
3869 0.69478
27149 0.67619
37848 0.65
17134 0.642857
3776 0.616667
8815 0.599401
8223 0.599401
35335 0.591575
36756 0.576923
32 0.571429
27799 0.559524
8905 0.559524
18524 0.55
28010 0.540909
3993 0.492857
13635 0.491667
32847 0.491667
11453 0.490909
13194 0.477778
9521 0.453968
30683 0.409524
13415 0.369231
26663 0.36859
40444 0.367857
40915 0.358766
25094 0.349151
10923 0.34478
14639 0.339286
39379 0.333333
16695 0.333333
9486 0.333333
24825 0.330357
25129 0.265635
20363 0.265635
18414 0.265635
15413 0.265635
5813 0.265635
40494 0.25
37924 0.25
36031 0.25
35253 0.25
32814 0.25
32488 0.25
28971 0.25
28026 0.25
22770 0.25
19153 0.25
16337 0.25
12850 0.25
9241 0.25
8139 0.25
6013 0.25
4216 0.25
37711 0.2
36395 0.2
35161 0.2
31283 0.2
24453 0.2
17359 0.2
16316 0.2
15852 0.2
15150 0.2
15057 0.2
11265 0.2
9586 0.2
8173 0.2
4998 0.2
37009 0.166667
34768 0.166667
33349 0.166667
24900 0.166667
22906 0.166667
20590 0.166667
16788 0.166667
13359 0.166667
12327 0.166667
11370 0.166667
9045 0.166667
4621 0.166667
3026 0.166667
2973 0.166667
2106 0.166667
1548 0.166667
613 0.166667
39933 0.142857
38717 0.142857
38216 0.142857
32333 0.142857
31347 0.142857
28089 0.142857
27623 0.142857
23857 0.142857
15293 0.142857
13891 0.142857
10695 0.142857
6651 0.142857
6608 0.142857
3813 0.142857
1471 0.142857
195 0.142857
34825 0.125
31518 0.125
27205 0.125
24878 0.125
23724 0.125
22792 0.125
15174 0.125
8027 0.125
5694 0.125
5462 0.125
3936 0.125
15896 0.115385
39558 0.111111
35526 0.111111
35146 0.111111
29777 0.111111
23088 0.111111
40394 0.1
36726 0.1
36623 0.1
34251 0.1
31538 0.1
29425 0.1
26637 0.1
22228 0.1
21983 0.1
17015 0.1
13346 0.1
11958 0.1
8508 0.1
5007 0.1
37440 0.0909091
28552 0.0909091
21812 0.0909091
40821 0.0833333
33629 0.0833333
30653 0.0833333
29934 0.0833333
26152 0.0833333
20460 0.0833333
18900 0.0833333
18724 0.0833333
17807 0.0833333
11760 0.0833333
10644 0.0833333
36193 0.0769231
34477 0.0769231
23429 0.0769231
14482 0.0769231
6440 0.0769231
40163 0.0714286
38430 0.0714286
36815 0.0714286
32979 0.0714286
30155 0.0714286
23548 0.0714286
19378 0.0714286
9499 0.0714286
6278 0.0714286
669 0.0714286
34801 0.0625
24474 0.0625
18777 0.0625
15821 0.0625
13043 0.0625
10361 0.0625
8465 0.0625
3410 0.0625
1576 0.0625
40653 0.05
33388 0.047619
7617 0.047619
40980 0
40979 0
40978 0
40977 0
40976 0
40975 0
40974 0
40973 0
40972 0
40971 0
40970 0
40969 0
40968 0
40967 0
40966 0
40965 0
40964 0
40963 0
40962 0
40961 0
40960 0
40959 0
40958 0
40957 0
40956 0
40955 0
40954 0
40953 0
40952 0
40951 0
40950 0
40949 0
40948 0
40947 0
40946 0
40945 0
40944 0
40943 0
40942 0
40941 0
40940 0
40939 0
40938 0
40937 0
40936 0
40935 0
40934 0
40933 0
40932 0
40931 0
40930 0
40929 0
40928 0
40927 0
40926 0
40925 0
40924 0
40923 0
40922 0
40921 0
40920 0
40919 0
40918 0
40917 0
40916 0
40914 0
40913 0
40912 0
40911 0
40910 0
40909 0
40908 0
40907 0
40906 0
40905 0
40904 0
40903 0
40902 0
40901 0
40900 0
40899 0
40898 0
40897 0
40896 0
40895 0
40894 0
40893 0
40892 0
40891 0
40890 0
40889 0
40888 0
40887 0
40886 0
40885 0
40884 0
40882 0
40881 0
40880 0
40879 0
40878 0
40877 0
40876 0
40875 0
40874 0
40873 0
40872 0
40871 0
40870 0
40869 0
40868 0
40867 0
40866 0
40865 0
40864 0
40863 0
40862 0
40861 0
40860 0
40859 0
40858 0
40857 0
40856 0
40855 0
40854 0
40853 0
40852 0
40851 0
40850 0
40849 0
40848 0
40847 0
40846 0
40845 0
40844 0
40843 0
40842 0
40841 0
40840 0
40839 0
40838 0
40837 0
40836 0
40835 0
40834 0
40833 0
40832 0
40831 0
40830 0
40829 0
40828 0
40827 0
40826 0
40825 0
40824 0
40823 0
40822 0
40820 0
40819 0
40818 0
40817 0
40816 0
40815 0
40814 0
40813 0
40812 0
40811 0
40810 0
40809 0
40808 0
40807 0
40806 0
40805 0
40804 0
40803 0
40802 0
40801 0
40800 0
40799 0
40798 0
40797 0
40796 0
40795 0
40794 0
40793 0
40792 0
40791 0
40790 0
40789 0
40788 0
40787 0
40786 0
40785 0
40784 0
40783 0
40782 0
40781 0
40780 0
40779 0
40778 0
40777 0
40776 0
40775 0
40774 0
40773 0
40772 0
40771 0
40770 0
40769 0
40768 0
40767 0
40766 0
40765 0
40764 0
40763 0
40762 0
40761 0
40760 0
40759 0
40758 0
40757 0
40756 0
40755 0
40754 0
40753 0
40752 0
40751 0
40750 0
40749 0
40748 0
40747 0
40746 0
40745 0
40744 0
40743 0
40742 0
40741 0
40740 0
40739 0
40738 0
40737 0
40736 0
40735 0
40734 0
40733 0
40732 0
40731 0
40730 0
40729 0
40728 0
40727 0
40726 0
40725 0
40724 0
40723 0
40722 0
40721 0
40720 0
40719 0
40718 0
40717 0
40716 0
40715 0
40714 0
40713 0
40712 0
40711 0
40710 0
40709 0
40708 0
40707 0
40706 0
40705 0
40704 0
40703 0
40702 0
40701 0
40700 0
40699 0
40698 0
40697 0
40696 0
40695 0
40694 0
