26786 5.43352
27799 5.06059
13654 4.99072
6041 3.41119
14943 2.96055
15562 2.44177
24239 2.30808
5103 2.24351
35766 1.93329
34123 1.88636
37496 1.57945
34561 1.53897
22959 1.46796
31090 1.25397
37374 1.19505
38346 1.13889
11408 1.11695
36400 1.05646
12451 1.04206
36313 1.02153
26181 0.966846
6592 0.953908
35734 0.910265
8592 0.898674
39281 0.884483
17312 0.851473
24596 0.803096
4539 0.761895
1965 0.72806
22184 0.722655
18520 0.718687
13916 0.697619
22594 0.690909
432 0.659922
2484 0.654913
21889 0.648179
25065 0.596001
40204 0.583868
21801 0.583762
35014 0.568176
5470 0.560807
5824 0.55
24149 0.542857
25568 0.51317
40525 0.500012
17444 0.5
22530 0.494373
38956 0.475
12708 0.467957
6298 0.450252
20569 0.432808
29875 0.422619
26476 0.419079
6518 0.419079
7145 0.416667
8224 0.397619
7536 0.385714
16127 0.383616
5778 0.383223
25614 0.381758
40414 0.37613
9592 0.367857
39791 0.362637
30425 0.357576
14138 0.340939
10767 0.340087
24678 0.337135
30204 0.333333
21785 0.333333
15467 0.326473
38118 0.319298
7306 0.319298
885 0.303802
9196 0.289096
14534 0.281658
18329 0.276111
2885 0.266667
18834 0.254762
36120 0.253902
3541 0.251111
18428 0.25
11409 0.25
10210 0.25
3718 0.25
8027 0.243369
21348 0.242241
1760 0.236503
8672 0.233333
11434 0.23315
3535 0.219231
27863 0.213131
31326 0.20815
4872 0.207858
509 0.207858
2786 0.203735
39383 0.2
37546 0.2
36673 0.2
29258 0.2
24019 0.2
21498 0.2
20383 0.2
15123 0.2
12943 0.2
7852 0.2
2232 0.2
15665 0.196172
38952 0.193473
5821 0.179616
21323 0.176879
1610 0.176879
3821 0.166949
391 0.166949
31732 0.166667
19277 0.166667
17943 0.166667
6839 0.166667
19327 0.155337
19048 0.155337
3002 0.155132
34363 0.151709
21950 0.151709
33452 0.150575
24126 0.150575
4189 0.150575
1410 0.150575
8237 0.144373
2618 0.144373
37882 0.143933
36797 0.143933
19079 0.143933
80 0.143933
40389 0.142857
33391 0.142857
24077 0.142857
17902 0.142857
9309 0.142857
5727 0.142857
3936 0.142857
2752 0.142857
37750 0.125
35297 0.125
26748 0.125
19253 0.125
16745 0.125
10689 0.125
8850 0.125
3356 0.125
17590 0.12489
40457 0.124359
36138 0.124359
23022 0.124359
12601 0.115341
16097 0.112944
9553 0.112944
35178 0.111111
28094 0.111111
25362 0.111111
22088 0.111111
15012 0.111111
2877 0.111111
1 0.111111
27190 0.106345
18555 0.106345
38629 0.1
33752 0.1
24825 0.1
18802 0.1
15225 0.1
12989 0.1
12768 0.1
7802 0.1
6140 0.1
4866 0.1
860 0.1
428 0.1
230 0.1
35825 0.0909091
30325 0.0909091
21772 0.0909091
18753 0.0909091
17137 0.0909091
16502 0.0909091
12360 0.0909091
10253 0.0909091
7618 0.0909091
12569 0.0899504
36528 0.0833333
35894 0.0833333
35599 0.0833333
30793 0.0833333
29634 0.0833333
23134 0.0833333
19461 0.0833333
18561 0.0833333
14269 0.0833333
5241 0.0833333
39049 0.0769231
21757 0.0769231
10696 0.0769231
24902 0.0714286
23432 0.0714286
22495 0.0714286
36562 0.0666667
34439 0.0666667
32886 0.0666667
31301 0.0666667
22304 0.0666667
16806 0.0666667
5693 0.0666667
34043 0.0625
23843 0.0625
23696 0.0625
37342 0.0588235
15777 0.0588235
11410 0.0588235
8326 0.0588235
30693 0.0555556
28500 0.0555556
21712 0.0555556
21673 0.0555556
19259 0.0555556
16298 0.0555556
11724 0.0555556
36583 0.0526316
35706 0.0526316
31390 0.0526316
29909 0.0526316
23240 0.0526316
22405 0.0526316
19774 0.0526316
16723 0.0526316
16504 0.0526316
16059 0.0526316
36640 0.047619
26292 0.047619
25869 0.047619
19236 0.047619
19214 0.047619
18582 0.047619
17976 0.047619
16215 0.047619
11973 0.047619
10166 0.047619
9907 0.047619
6260 0.047619
5845 0.047619
5706 0.047619
34923 0.0434783
29296 0.0434783
27926 0.0434783
21186 0.0434783
21062 0.0434783
19950 0.0434783
8177 0.0434783
8035 0.0434783
5085 0.0434783
36918 0.04
25833 0.04
20250 0.04
11804 0.04
37027 0.0384615
34753 0.0384615
34116 0.0384615
33142 0.0384615
28617 0.0384615
26541 0.0384615
23342 0.0384615
18356 0.0384615
17927 0.0384615
16399 0.0384615
14980 0.0384615
7623 0.0384615
4112 0.0384615
3852 0.0384615
35553 0.0344828
33267 0.0344828
27349 0.0344828
18842 0.0344828
16236 0.0344828
7624 0.0344828
3887 0.0344828
1659 0.0344828
40165 0.0322581
35336 0.0322581
35203 0.0322581
33342 0.0322581
27869 0.0322581
24028 0.0322581
20071 0.0322581
14886 0.0322581
10923 0.0322581
7047 0.0322581
40861 0.0192308
32016 0.0192308
29455 0.0192308
28964 0.0192308
28636 0.0192308
28259 0.0192308
27663 0.0192308
25095 0.0192308
22781 0.0192308
21893 0.0192308
20762 0.0192308
20326 0.0192308
20093 0.0192308
14517 0.0192308
14015 0.0192308
13283 0.0192308
12893 0.0192308
11230 0.0192308
9148 0.0192308
8519 0.0192308
5333 0.0192308
2221 0.0192308
1886 0.0192308
1462 0.0192308
1332 0.0192308
40788 0.0172414
40655 0.0172414
39519 0.0172414
38772 0.0172414
38468 0.0172414
37441 0.0172414
36110 0.0172414
35198 0.0172414
34098 0.0172414
33706 0.0172414
32528 0.0172414
30439 0.0172414
29073 0.0172414
28560 0.0172414
24137 0.0172414
24041 0.0172414
20704 0.0172414
20564 0.0172414
19558 0.0172414
19517 0.0172414
18835 0.0172414
18234 0.0172414
17786 0.0172414
13382 0.0172414
13337 0.0172414
12853 0.0172414
12474 0.0172414
9926 0.0172414
8896 0.0172414
8828 0.0172414
6690 0.0172414
1918 0.0172414
40296 0.0169492
37800 0.0169492
36425 0.0169492
35301 0.0169492
35183 0.0169492
33457 0.0169492
33266 0.0169492
32552 0.0169492
30136 0.0169492
29796 0.0169492
29140 0.0169492
28880 0.0169492
27901 0.0169492
27536 0.0169492
24952 0.0169492
23748 0.0169492
23454 0.0169492
20490 0.0169492
18598 0.0169492
12907 0.0169492
12681 0.0169492
10285 0.0169492
10229 0.0169492
7587 0.0169492
7229 0.0169492
6779 0.0169492
4283 0.0169492
2262 0.0169492
40980 0
40979 0
40978 0
40977 0
40976 0
40975 0
40974 0
40973 0
40972 0
40971 0
40970 0
40969 0
40968 0
40967 0
40966 0
40965 0
40964 0
40963 0
40962 0
40961 0
40960 0
40959 0
40958 0
40957 0
40956 0
40955 0
40954 0
40953 0
40952 0
40951 0
40950 0
40949 0
40948 0
40947 0
40946 0
40945 0
40944 0
40943 0
40942 0
40941 0
40940 0
40939 0
40938 0
40937 0
40936 0
40935 0
40934 0
40933 0
40932 0
40931 0
40930 0
40929 0
40928 0
40927 0
40926 0
40925 0
40924 0
40923 0
40922 0
40921 0
40920 0
40919 0
40918 0
40917 0
40916 0
40915 0
40914 0
40913 0
40912 0
40911 0
40910 0
40909 0
40908 0
40907 0
40906 0
40905 0
40904 0
40903 0
40902 0
40901 0
40900 0
40899 0
40898 0
40897 0
40896 0
40895 0
40894 0
40893 0
40892 0
40891 0
40890 0
40889 0
40888 0
40887 0
40886 0
40885 0
40884 0
40883 0
40882 0
40881 0
40880 0
40879 0
40878 0
40877 0
40876 0
40875 0
40874 0
40873 0
40872 0
40871 0
40870 0
40869 0
40868 0
40867 0
40866 0
40865 0
40864 0
40863 0
40862 0
40860 0
40859 0
40858 0
