27799 37.8426
31589 10.8219
28855 9.66853
27166 8.63484
23843 6.99563
13654 6.65049
35766 5.13412
21186 4.38238
22530 4.33994
6041 4.30637
16806 4.16715
4189 3.999
33267 3.85121
6319 3.63988
12522 3.62557
12569 3.5029
17312 3.39665
24902 3.34509
40890 3.30863
8224 3.25297
25474 3.2254
19774 3.1201
20749 2.97469
36400 2.72397
2638 2.70715
38856 2.70635
29140 2.70358
26786 2.68248
35317 2.60419
33452 2.51196
22088 2.2729
7555 2.24101
16629 2.18258
31457 2.10157
9239 1.92726
31698 1.91111
3877 1.88112
830 1.85659
40553 1.79219
22170 1.76103
27486 1.752
8427 1.73139
16327 1.65566
17219 1.64106
7202 1.57404
2885 1.42263
16745 1.41432
20928 1.39588
21820 1.38238
5448 1.37662
26069 1.36569
19242 1.34286
14138 1.28526
14158 1.28444
21889 1.22771
1281 1.19597
30897 1.14533
29923 1.12428
22469 1.10044
349 1.08199
8672 1.05357
14934 1.04762
2027 1.03535
12525 0.998628
31301 0.992857
978 0.980303
27059 0.965018
39951 0.964719
39934 0.922222
16504 0.916667
29270 0.904647
10196 0.903833
18328 0.87619
11810 0.870806
25689 0.870128
34768 0.851166
8412 0.84478
29627 0.820635
17441 0.811544
15416 0.799668
1491 0.789225
1975 0.786147
22953 0.785778
29401 0.783333
37954 0.759524
32279 0.754401
33477 0.75
25362 0.741302
40389 0.738095
37888 0.733333
32620 0.72906
27768 0.728613
9829 0.727624
33377 0.727215
18520 0.726263
23143 0.724725
20007 0.7
16298 0.7
13927 0.683333
16723 0.683333
31741 0.67619
23715 0.666667
29211 0.662999
11488 0.662168
12943 0.660256
23354 0.654762
32036 0.643907
23898 0.642857
21785 0.625
27776 0.624242
23566 0.624242
35734 0.61163
2652 0.601274
612 0.60119
4554 0.600581
27721 0.576011
5693 0.566667
18138 0.559577
33497 0.559524
29626 0.558643
32304 0.553626
16395 0.551271
14943 0.55
12541 0.544444
10013 0.541667
5778 0.541209
13507 0.540368
17590 0.53869
11136 0.522045
33878 0.521429
9616 0.521046
22404 0.509271
24137 0.504762
32885 0.5
9957 0.5
23963 0.494048
33633 0.488095
29565 0.487522
12985 0.477564
25356 0.47619
12681 0.467857
26181 0.466941
21813 0.464611
3162 0.463421
26546 0.460852
6975 0.457576
40296 0.438169
31228 0.437302
8111 0.433333
28521 0.431931
208 0.431931
39910 0.428699
28988 0.42619
40572 0.425115
17582 0.41978
7454 0.416667
36528 0.416113
8208 0.415476
6172 0.415416
7478 0.414286
31140 0.40812
18369 0.402778
13916 0.402184
24239 0.4
2781 0.392387
31947 0.3875
271 0.381319
950 0.378415
15833 0.377778
38500 0.375
28094 0.369683
26574 0.369048
27926 0.368687
7152 0.362637
10210 0.353307
39583 0.348295
19250 0.347222
22094 0.346465
22456 0.34359
29237 0.342632
35346 0.337663
29049 0.333333
24716 0.333333
23218 0.333333
21120 0.333333
18435 0.333333
28239 0.329877
1942 0.327381
37102 0.326984
7253 0.323732
15669 0.315909
34770 0.313525
36875 0.309524
8497 0.305195
34015 0.302422
32544 0.294758
2786 0.291667
35813 0.29127
9001 0.285932
6539 0.283333
22711 0.281731
11113 0.273256
19032 0.271368
5821 0.267857
19867 0.265802
35706 0.260965
1745 0.259463
39671 0.253268
31564 0.250389
21830 0.250389
39383 0.25
38049 0.25
27863 0.25
27224 0.25
26095 0.25
24677 0.25
15264 0.25
13628 0.25
11536 0.25
11408 0.25
8850 0.25
7766 0.25
5214 0.25
30847 0.248333
40644 0.246612
7145 0.246212
1131 0.244589
13766 0.241361
14669 0.23835
19277 0.237155
11167 0.232479
30504 0.232214
25505 0.230516
785 0.227727
12708 0.223388
20427 0.222803
6579 0.222803
8242 0.22254
6166 0.222222
3682 0.220292
20490 0.210829
16126 0.206349
1451 0.202193
39925 0.2
38271 0.2
36540 0.2
28106 0.2
25614 0.2
23446 0.2
22388 0.2
20704 0.2
18842 0.2
18558 0.2
18512 0.2
16236 0.2
15642 0.2
11535 0.2
10259 0.2
5103 0.2
4761 0.2
3936 0.2
3871 0.2
3356 0.2
1830 0.2
8969 0.195833
1821 0.195556
20305 0.194444
4934 0.194444
33796 0.192391
12451 0.190988
35381 0.189866
37291 0.189165
7175 0.189165
27663 0.187121
4028 0.18262
31391 0.182043
11410 0.181986
9196 0.176489
28749 0.172009
2846 0.171037
30379 0.169371
14797 0.168835
38535 0.166667
37850 0.166667
37085 0.166667
37077 0.166667
36425 0.166667
35643 0.166667
35569 0.166667
33457 0.166667
33220 0.166667
31553 0.166667
31282 0.166667
30287 0.166667
29273 0.166667
28511 0.166667
28089 0.166667
27410 0.166667
26476 0.166667
25076 0.166667
21752 0.166667
18771 0.166667
8237 0.166667
6690 0.166667
2502 0.166667
29067 0.160354
5209 0.154845
37958 0.150676
36934 0.150676
24206 0.14939
22602 0.14939
3068 0.148925
25041 0.144444
18683 0.144444
33653 0.143473
12766 0.143473
40376 0.142857
37961 0.142857
37324 0.142857
34370 0.142857
31767 0.142857
28363 0.142857
28009 0.142857
27613 0.142857
22876 0.142857
14604 0.142857
8021 0.142857
7704 0.142857
6930 0.142857
6592 0.142857
3507 0.142857
448 0.142857
11607 0.136959
7245 0.135256
4203 0.133396
32337 0.130303
13612 0.126807
37027 0.125
34561 0.125
33413 0.125
30310 0.125
30215 0.125
25425 0.125
24596 0.125
21703 0.125
19648 0.125
19191 0.125
18208 0.125
15276 0.125
15012 0.125
13459 0.125
11531 0.125
10656 0.125
10155 0.125
8367 0.125
7035 0.125
4586 0.125
2069 0.125
576 0.125
31818 0.114313
40788 0.111111
39421 0.111111
38346 0.111111
36395 0.111111
35014 0.111111
34999 0.111111
33111 0.111111
31721 0.111111
30216 0.111111
27938 0.111111
25765 0.111111
24344 0.111111
23748 0.111111
22405 0.111111
21887 0.111111
18052 0.111111
15248 0.111111
14355 0.111111
14154 0.111111
11623 0.111111
11532 0.111111
10100 0.111111
9503 0.111111
8408 0.111111
7102 0.111111
5481 0.111111
5422 0.111111
5313 0.111111
3608 0.111111
1659 0.111111
223 0.111111
10 0.111111
30693 0.108215
12935 0.10491
39623 0.1
32118 0.1
31856 0.1
29782 0.1
24981 0.1
24963 0.1
23455 0.1
21343 0.1
17626 0.1
14858 0.1
13235 0.1
9994 0.1
8027 0.1
7389 0.1
5085 0.1
34 0.1
16754 0.1
8057 0.1
4866 0.1
32243 0.0982947
19379 0.0982947
432 0.0982947
20230 0.0973549
40599 0.0909091
40459 0.0909091
37711 0.0909091
36544 0.0909091
31858 0.0909091
28008 0.0909091
25385 0.0909091
22883 0.0909091
9180 0.0909091
6336 0.0909091
6097 0.0909091
5241 0.0909091
39859 0.0907398
2869 0.0907398
26854 0.0847666
36257 0.0833333
34457 0.0833333
32016 0.0833333
26707 0.0833333
25556 0.0833333
23432 0.0833333
22072 0.0833333
20763 0.0833333
18636 0.0833333
17417 0.0833333
16962 0.0833333
16913 0.0833333
15493 0.0833333
9811 0.0833333
31714 0.0784535
25213 0.0784535
21733 0.0784535
7536 0.0784535
29076 0.0780939
24336 0.0780939
15022 0.0780939
11304 0.0780939
32788 0.0769231
29902 0.0769231
22283 0.0769231
21861 0.0769231
20933 0.0769231
18329 0.0769231
16502 0.0769231
7945 0.0769231
4539 0.0769231
3140 0.0769231
2761 0.0769231
39387 0.0718608
36313 0.0718608
11264 0.0718608
40597 0.0714286
38863 0.0714286
37750 0.0714286
37342 0.0714286
35525 0.0714286
35265 0.0714286
33126 0.0714286
30425 0.0714286
22449 0.0714286
20336 0.0714286
18964 0.0714286
16097 0.0714286
14490 0.0714286
13446 0.0714286
12377 0.0714286
11626 0.0714286
10992 0.0714286
9553 0.0714286
2585 0.0714286
2168 0.0714286
987 0.0714286
32324 0.0707264
21010 0.0707264
1049 0.0707264
38182 0.0666667
37815 0.0666667
22997 0.0666667
14790 0.0666667
5857 0.0666667
2951 0.0666667
1230 0.0666667
320 0.0666667
