28776 8.42078
1158 3.91317
7570 3.06032
22701 2.34125
34488 1.96829
20262 1.75648
24005 1.57992
27767 1.54328
33975 1.32529
14163 1.26763
31967 1.26384
5798 1.17952
19629 1.1366
35863 1.13021
11027 1.1152
18227 1.05528
8965 1.02781
21692 1.02234
14251 0.911392
26124 0.87724
21015 0.86154
1710 0.760714
38348 0.732492
10211 0.7171
38919 0.705288
32349 0.692308
13614 0.682796
34387 0.677657
20698 0.626399
15684 0.620362
19096 0.609017
38449 0.586809
4555 0.558286
3012 0.52889
37377 0.520409
29438 0.49537
21108 0.47619
19526 0.46978
27287 0.448395
34399 0.444826
34651 0.415844
10904 0.392982
20300 0.391667
15638 0.389583
28533 0.389423
24359 0.389423
10082 0.386221
13277 0.382991
9960 0.375
3584 0.370455
34065 0.350641
20210 0.350641
10368 0.334639
37455 0.333333
14373 0.333333
4384 0.333333
3964 0.333333
6039 0.325
25066 0.323809
352 0.323809
38454 0.314581
14656 0.314581
15218 0.309524
2115 0.301587
26081 0.299145
9333 0.288373
29879 0.278604
38474 0.271825
7234 0.266129
40341 0.258259
15439 0.257509
32270 0.25
18615 0.25
16920 0.25
22254 0.247914
9464 0.247863
1613 0.247863
3578 0.238889
40169 0.23566
5231 0.224542
6940 0.224179
32150 0.220464
32776 0.217262
32585 0.217089
6927 0.217089
26619 0.213141
19909 0.213141
15572 0.213131
7974 0.209465
34964 0.205288
28694 0.204196
19281 0.202413
22129 0.200799
22197 0.2
21693 0.2
13444 0.2
4429 0.169726
3263 0.169613
23803 0.167011
31552 0.166667
25336 0.166667
27296 0.163743
34260 0.15957
28678 0.151455
12521 0.14693
15906 0.144231
38205 0.142857
35699 0.142857
35572 0.142857
33644 0.142857
29986 0.142857
28175 0.142857
22441 0.142857
19550 0.142857
16084 0.142857
7317 0.142857
5947 0.142857
671 0.142857
35545 0.142632
8975 0.14152
2848 0.13576
34630 0.1338
28751 0.133478
33133 0.128629
23798 0.128629
21036 0.128629
16609 0.128629
12718 0.128629
39214 0.125
38996 0.125
38399 0.125
30473 0.125
28849 0.125
26451 0.125
17005 0.125
12805 0.125
11099 0.125
10462 0.125
21952 0.121751
13392 0.120953
39628 0.111111
34939 0.111111
30306 0.111111
21968 0.111111
14051 0.111111
6360 0.111111
5019 0.111111
2264 0.111111
37538 0.107796
17987 0.107796
21059 0.106593
37802 0.105798
36498 0.105798
26489 0.101399
35950 0.1
32931 0.1
20935 0.1
11222 0.1
4989 0.1
15250 0.0929811
34974 0.0909091
27620 0.0909091
17051 0.0909091
12086 0.0909091
27184 0.0903049
6087 0.0903049
38365 0.0876711
15119 0.0876711
32566 0.0833333
17010 0.0833333
10877 0.0833333
40685 0.0769231
33431 0.0769231
30396 0.0769231
26432 0.0769231
25338 0.0769231
21720 0.0769231
14516 0.0769231
9628 0.0769231
9315 0.0769231
10717 0.0714286
4781 0.0714286
722 0.0714286
40289 0.0680858
36077 0.0680858
31215 0.0666667
27851 0.0666667
27285 0.0666667
23920 0.0666667
13839 0.0666667
3595 0.0666667
39763 0.0625
39278 0.0625
38978 0.0625
32126 0.0625
32104 0.0625
31574 0.0625
28210 0.0625
25269 0.0625
24688 0.0625
22196 0.0625
19976 0.0625
19043 0.0625
15088 0.0625
14563 0.0625
14202 0.0625
13875 0.0625
12342 0.0625
6606 0.0625
6211 0.0625
36890 0.0588235
29604 0.0588235
28981 0.0588235
27871 0.0588235
23416 0.0588235
21818 0.0588235
19381 0.0588235
19132 0.0588235
438 0.0588235
37975 0.0555556
37145 0.0555556
36490 0.0555556
32821 0.0555556
32006 0.0555556
30031 0.0555556
23457 0.0555556
20278 0.0555556
17245 0.0555556
13802 0.0555556
11921 0.0555556
11821 0.0555556
8495 0.0555556
4769 0.0555556
4261 0.0555556
964 0.0555556
25071 0.0526316
21657 0.0526316
14026 0.0526316
8141 0.0526316
27648 0.05
25261 0.05
21489 0.05
14491 0.05
14105 0.05
7269 0.05
4065 0.05
3114 0.05
31540 0.047619
27793 0.047619
22950 0.047619
17116 0.047619
12446 0.047619
33265 0.0454545
31400 0.0454545
28780 0.0454545
21410 0.0454545
17676 0.0454545
14866 0.0454545
9728 0.0454545
7304 0.0454545
31772 0.0434783
20274 0.0434783
37872 0.0416667
32608 0.0416667
22913 0.0416667
40733 0.04
35913 0.04
21116 0.04
1413 0.04
35843 0.0384615
35544 0.0384615
35103 0.0384615
29824 0.0384615
5835 0.0384615
88 0.0384615
38174 0.037037
33082 0.037037
26916 0.037037
24015 0.037037
23321 0.037037
13787 0.037037
6843 0.037037
4883 0.037037
3396 0.037037
40681 0.0357143
35491 0.0357143
30566 0.0357143
29747 0.0357143
22069 0.0357143
18534 0.0357143
11120 0.0357143
3516 0.0357143
38349 0.0333333
33299 0.0333333
32386 0.0333333
32078 0.0333333
31926 0.0333333
29643 0.0333333
25229 0.0333333
21977 0.0333333
15602 0.0333333
12323 0.0333333
11065 0.0333333
8811 0.0333333
6215 0.0333333
1607 0.0333333
40907 0.030303
36052 0.030303
33156 0.030303
32587 0.030303
31284 0.030303
29675 0.030303
28894 0.030303
26791 0.030303
20112 0.030303
15660 0.030303
12739 0.030303
10280 0.030303
7479 0.030303
6332 0.030303
4990 0.030303
36565 0.0263158
36222 0.0263158
33968 0.0263158
30872 0.0263158
26580 0.0263158
25990 0.0263158
25977 0.0263158
22448 0.0263158
18762 0.0263158
18677 0.0263158
16714 0.0263158
14241 0.0263158
13166 0.0263158
10607 0.0263158
8257 0.0263158
4853 0.0263158
4630 0.0263158
2300 0.0263158
38988 0.025641
38572 0.025641
36855 0.025641
35758 0.025641
33970 0.025641
33853 0.025641
29765 0.025641
29182 0.025641
27289 0.025641
26495 0.025641
24502 0.025641
24071 0.025641
23005 0.025641
22927 0.025641
22841 0.025641
19917 0.025641
17804 0.025641
17554 0.025641
13022 0.025641
12736 0.025641
12691 0.025641
7817 0.025641
6594 0.025641
1093 0.025641
35805 0.016129
30542 0.016129
29982 0.016129
29055 0.016129
28996 0.016129
25405 0.016129
24869 0.016129
21791 0.016129
21182 0.016129
21072 0.016129
16720 0.016129
16598 0.016129
13902 0.016129
11872 0.016129
11433 0.016129
11311 0.016129
10785 0.016129
9020 0.016129
8561 0.016129
7325 0.016129
5959 0.016129
3617 0.016129
3088 0.016129
1434 0.016129
1067 0.016129
319 0.016129
40980 0
40979 0
40978 0
40977 0
40976 0
40975 0
40974 0
40973 0
40972 0
40971 0
40970 0
40969 0
40968 0
40967 0
40966 0
40965 0
40964 0
40963 0
40962 0
40961 0
40960 0
40959 0
40958 0
40957 0
40956 0
40955 0
40954 0
40953 0
40952 0
40951 0
40950 0
40949 0
40948 0
40947 0
40946 0
40945 0
40944 0
40943 0
40942 0
40941 0
40940 0
40939 0
40938 0
40937 0
40936 0
40935 0
40934 0
40933 0
40932 0
40931 0
40930 0
40929 0
40928 0
40927 0
40926 0
40925 0
40924 0
40923 0
40922 0
40921 0
40920 0
40919 0
40918 0
40917 0
40916 0
40915 0
40914 0
40913 0
40912 0
40911 0
40910 0
40909 0
40908 0
40906 0
40905 0
40904 0
40903 0
40902 0
40901 0
40900 0
40899 0
40898 0
40897 0
40896 0
40895 0
40894 0
40893 0
40892 0
40891 0
40890 0
40889 0
40888 0
40887 0
40886 0
40885 0
40884 0
40883 0
40882 0
40881 0
40880 0
40879 0
40878 0
40877 0
40876 0
40875 0
40874 0
40873 0
40872 0
40871 0
40870 0
40869 0
