18328 13.8975
31301 2.04167
30900 1.31111
11897 1.24286
23843 1.19549
8064 0.75
32885 0.72619
31374 0.7
865 0.666667
30987 0.644444
1508 0.616667
4998 0.445489
27628 0.333333
20230 0.333333
11068 0.333333
39086 0.30806
34653 0.30806
15764 0.284251
7392 0.284251
31283 0.25
27926 0.25
8672 0.25
6294 0.25
3096 0.25
2249 0.25
38842 0.2
7145 0.2
5693 0.2
595 0.2
23566 0.179194
22530 0.179194
13327 0.166667
4477 0.166667
40882 0.142857
39795 0.142857
36128 0.142857
19826 0.142857
17131 0.142857
11475 0.142857
3936 0.142857
28722 0.125
27344 0.125
23717 0.125
23663 0.125
18542 0.125
17348 0.125
16791 0.125
16068 0.125
10117 0.125
2161 0.125
35346 0.111111
24678 0.111111
22184 0.111111
2484 0.111111
1610 0.111111
37672 0.0833333
33452 0.0833333
26398 0.0833333
19242 0.0833333
17312 0.0833333
14138 0.0833333
4551 0.0833333
4189 0.0833333
39962 0.0588235
35317 0.0588235
29140 0.0588235
27166 0.0588235
25213 0.0588235
23715 0.0588235
17917 0.0588235
13654 0.0588235
9901 0.0588235
6906 0.0588235
3541 0.0588235
2885 0.0588235
2877 0.0588235
40716 0.0526316
35347 0.0526316
33841 0.0526316
30612 0.0526316
27970 0.0526316
27082 0.0526316
23007 0.0526316
21145 0.0526316
17470 0.0526316
16706 0.0526316
15191 0.0526316
15067 0.0526316
12915 0.0526316
9037 0.0526316
7876 0.0526316
40890 0.037037
39671 0.037037
38049 0.037037
35974 0.037037
31228 0.037037
31090 0.037037
30425 0.037037
29626 0.037037
29211 0.037037
27799 0.037037
25095 0.037037
22088 0.037037
18520 0.037037
16806 0.037037
12541 0.037037
12522 0.037037
8992 0.037037
6319 0.037037
5824 0.037037
5103 0.037037
3852 0.037037
349 0.037037
40724 0.0163934
39876 0.0163934
39332 0.0163934
38926 0.0163934
38214 0.0163934
37313 0.0163934
37256 0.0163934
36123 0.0163934
36079 0.0163934
34749 0.0163934
34426 0.0163934
34152 0.0163934
33180 0.0163934
31550 0.0163934
31302 0.0163934
30898 0.0163934
30812 0.0163934
30022 0.0163934
29714 0.0163934
29181 0.0163934
26006 0.0163934
25048 0.0163934
23847 0.0163934
23476 0.0163934
23285 0.0163934
22727 0.0163934
21607 0.0163934
21593 0.0163934
21308 0.0163934
21205 0.0163934
19302 0.0163934
18342 0.0163934
17163 0.0163934
16601 0.0163934
16544 0.0163934
16370 0.0163934
15453 0.0163934
14717 0.0163934
14645 0.0163934
13956 0.0163934
13825 0.0163934
12277 0.0163934
9810 0.0163934
9697 0.0163934
9282 0.0163934
8741 0.0163934
8708 0.0163934
5257 0.0163934
3581 0.0163934
2422 0.0163934
2283 0.0163934
1621 0.0163934
836 0.0163934
625 0.0163934
40980 0
40979 0
40978 0
40977 0
40976 0
40975 0
40974 0
40973 0
40972 0
40971 0
40970 0
40969 0
40968 0
40967 0
40966 0
40965 0
40964 0
40963 0
40962 0
40961 0
40960 0
40959 0
40958 0
40957 0
40956 0
40955 0
40954 0
40953 0
40952 0
40951 0
40950 0
40949 0
40948 0
40947 0
40946 0
40945 0
40944 0
40943 0
40942 0
40941 0
40940 0
40939 0
40938 0
40937 0
40936 0
40935 0
40934 0
40933 0
40932 0
40931 0
40930 0
40929 0
40928 0
40927 0
40926 0
40925 0
40924 0
40923 0
40922 0
40921 0
40920 0
40919 0
40918 0
40917 0
40916 0
40915 0
40914 0
40913 0
40912 0
40911 0
40910 0
40909 0
40908 0
40907 0
40906 0
40905 0
40904 0
40903 0
40902 0
40901 0
40900 0
40899 0
40898 0
40897 0
40896 0
40895 0
40894 0
40893 0
40892 0
40891 0
40889 0
40888 0
40887 0
40886 0
40885 0
40884 0
40883 0
40881 0
40880 0
40879 0
40878 0
40877 0
40876 0
40875 0
40874 0
40873 0
40872 0
40871 0
40870 0
40869 0
40868 0
40867 0
40866 0
40865 0
40864 0
40863 0
40862 0
40861 0
40860 0
40859 0
40858 0
40857 0
40856 0
40855 0
40854 0
40853 0
40852 0
40851 0
40850 0
40849 0
40848 0
40847 0
40846 0
40845 0
40844 0
40843 0
40842 0
40841 0
40840 0
40839 0
40838 0
40837 0
40836 0
40835 0
40834 0
40833 0
40832 0
40831 0
40830 0
40829 0
40828 0
40827 0
40826 0
40825 0
40824 0
40823 0
40822 0
40821 0
40820 0
40819 0
40818 0
40817 0
40816 0
40815 0
40814 0
40813 0
40812 0
40811 0
40810 0
40809 0
40808 0
40807 0
40806 0
40805 0
40804 0
40803 0
40802 0
40801 0
40800 0
40799 0
40798 0
40797 0
40796 0
40795 0
40794 0
40793 0
40792 0
40791 0
40790 0
40789 0
40788 0
40787 0
40786 0
40785 0
40784 0
40783 0
40782 0
40781 0
40780 0
40779 0
40778 0
40777 0
40776 0
40775 0
40774 0
40773 0
40772 0
40771 0
40770 0
40769 0
40768 0
40767 0
40766 0
40765 0
40764 0
40763 0
40762 0
40761 0
40760 0
40759 0
40758 0
40757 0
40756 0
40755 0
40754 0
40753 0
40752 0
40751 0
40750 0
40749 0
40748 0
40747 0
40746 0
40745 0
40744 0
40743 0
40742 0
40741 0
40740 0
40739 0
40738 0
40737 0
40736 0
40735 0
40734 0
40733 0
40732 0
40731 0
40730 0
40729 0
40728 0
40727 0
40726 0
40725 0
40723 0
40722 0
40721 0
40720 0
40719 0
40718 0
40717 0
40715 0
40714 0
40713 0
40712 0
40711 0
40710 0
40709 0
40708 0
40707 0
40706 0
40705 0
40704 0
40703 0
40702 0
40701 0
40700 0
40699 0
40698 0
40697 0
40696 0
40695 0
40694 0
40693 0
40692 0
40691 0
40690 0
40689 0
40688 0
40687 0
40686 0
40685 0
40684 0
40683 0
40682 0
40681 0
40680 0
40679 0
40678 0
40677 0
40676 0
40675 0
40674 0
40673 0
40672 0
40671 0
40670 0
40669 0
40668 0
40667 0
40666 0
40665 0
40664 0
40663 0
40662 0
40661 0
40660 0
40659 0
40658 0
40657 0
40656 0
40655 0
40654 0
40653 0
40652 0
40651 0
40650 0
40649 0
40648 0
40647 0
40646 0
40645 0
40644 0
