29879 30.8882
37684 8.44933
28776 7.49947
37423 4.33274
34779 2.58864
37283 2.31261
4460 2.21933
23606 1.83291
9679 1.67529
17084 1.55037
6841 1.45
23157 1.30404
28594 1.26944
12559 1.24286
18716 1.12798
34630 1.11207
36543 1.06059
17566 1.0547
33657 1.04488
34956 1.03073
11832 1.01672
13331 0.973484
37547 0.944048
2499 0.870844
31106 0.852381
24418 0.843825
38617 0.835822
20907 0.833333
26408 0.750132
34442 0.745422
6733 0.721318
39874 0.686137
23430 0.682113
4649 0.6
30368 0.57747
6568 0.57037
14829 0.561111
27024 0.501111
39544 0.490254
34488 0.483333
23066 0.478979
12242 0.478571
3038 0.467857
25711 0.462121
2713 0.453228
18079 0.434524
28043 0.43368
30077 0.420635
12583 0.376623
15051 0.361111
37433 0.35119
29479 0.348352
18417 0.333333
8144 0.333333
6455 0.333333
11070 0.273148
36863 0.270803
22237 0.270803
36333 0.25
32486 0.25
30070 0.25
28536 0.25
22194 0.25
10211 0.25
9755 0.25
18779 0.246561
943 0.24359
33354 0.230495
11174 0.229894
18928 0.211111
8766 0.211111
16363 0.210145
7023 0.210145
36646 0.203546
32159 0.203546
29199 0.203546
25250 0.203546
23116 0.203546
7127 0.203546
2619 0.203546
33975 0.2
19456 0.2
18494 0.2
16538 0.2
5849 0.2
17101 0.177037
35810 0.166667
35673 0.166667
27533 0.166667
25519 0.166667
20981 0.166667
19134 0.166667
17422 0.166667
17271 0.166667
16354 0.166667
15936 0.166667
14457 0.166667
10559 0.166667
10413 0.166667
8368 0.166667
6885 0.166667
469 0.166667
12843 0.155383
7028 0.155383
22254 0.151905
39905 0.142857
39529 0.142857
38868 0.142857
31065 0.142857
30891 0.142857
20284 0.142857
14023 0.142857
13139 0.142857
5308 0.142857
35 0.142857
29177 0.135553
14251 0.135553
38124 0.125
30768 0.125
29748 0.125
24851 0.125
21653 0.125
20924 0.125
14145 0.125
5025 0.125
4120 0.125
36296 0.111111
17681 0.111111
11457 0.111111
7375 0.111111
3578 0.111111
1472 0.111111
484 0.111111
9464 0.100606
5798 0.100606
35487 0.1
31922 0.1
30868 0.1
18737 0.1
18634 0.1
14730 0.1
7468 0.1
40333 0.0909091
10172 0.0909091
2780 0.0909091
37745 0.0833333
34137 0.0833333
33335 0.0833333
30528 0.0833333
29596 0.0833333
22280 0.0833333
6659 0.0833333
37814 0.0769231
37266 0.0769231
34945 0.0769231
32351 0.0769231
29986 0.0769231
26397 0.0769231
25796 0.0769231
24303 0.0769231
19398 0.0769231
18868 0.0769231
16864 0.0769231
13300 0.0769231
9435 0.0769231
9078 0.0769231
6211 0.0769231
1539 0.0769231
40112 0.0714286
34541 0.0714286
27896 0.0714286
24173 0.0714286
13791 0.0714286
10540 0.0714286
34885 0.0666667
27268 0.0666667
24236 0.0666667
37761 0.0625
32066 0.0625
11564 0.0625
9524 0.0625
25859 0.05
16229 0.05
15939 0.05
37377 0.0454545
27558 0.0454545
24359 0.0454545
24292 0.0454545
7317 0.0454545
7206 0.0454545
3263 0.0454545
3175 0.0454545
3012 0.0454545
29438 0.0434783
28252 0.0434783
25044 0.0434783
23630 0.0434783
18672 0.0434783
14456 0.0434783
38432 0.04
38325 0.04
17257 0.04
15205 0.04
9174 0.04
2587 0.04
30130 0.037037
15366 0.037037
8551 0.037037
7999 0.037037
7156 0.037037
4105 0.037037
2737 0.037037
1297 0.037037
36698 0.0357143
35664 0.0357143
35632 0.0357143
33467 0.0357143
31158 0.0357143
24589 0.0357143
17141 0.0357143
14389 0.0357143
11917 0.0357143
3046 0.0357143
39697 0.0285714
32561 0.0285714
31544 0.0285714
28905 0.0285714
28741 0.0285714
26603 0.0285714
25234 0.0285714
23279 0.0285714
22244 0.0285714
18158 0.0285714
16170 0.0285714
9505 0.0285714
38660 0.0151515
37727 0.0151515
36498 0.0151515
36222 0.0151515
35805 0.0151515
35545 0.0151515
34387 0.0151515
34386 0.0151515
31689 0.0151515
30818 0.0151515
30245 0.0151515
29532 0.0151515
28981 0.0151515
28746 0.0151515
27287 0.0151515
27184 0.0151515
25930 0.0151515
25092 0.0151515
25066 0.0151515
24005 0.0151515
23664 0.0151515
23652 0.0151515
23586 0.0151515
23416 0.0151515
23047 0.0151515
21015 0.0151515
20935 0.0151515
20278 0.0151515
19874 0.0151515
18227 0.0151515
17891 0.0151515
15340 0.0151515
14163 0.0151515
13893 0.0151515
13865 0.0151515
13201 0.0151515
12521 0.0151515
12120 0.0151515
11027 0.0151515
5183 0.0151515
4883 0.0151515
4261 0.0151515
3296 0.0151515
1272 0.0151515
40980 0
40979 0
40978 0
40977 0
40976 0
40975 0
40974 0
40973 0
40972 0
40971 0
40970 0
40969 0
40968 0
40967 0
40966 0
40965 0
40964 0
40963 0
40962 0
40961 0
40960 0
40959 0
40958 0
40957 0
40956 0
40955 0
40954 0
40953 0
40952 0
40951 0
40950 0
40949 0
40948 0
40947 0
40946 0
40945 0
40944 0
40943 0
40942 0
40941 0
40940 0
40939 0
40938 0
40937 0
40936 0
40935 0
40934 0
40933 0
40932 0
40931 0
40930 0
40929 0
40928 0
40927 0
40926 0
40925 0
40924 0
40923 0
40922 0
40921 0
40920 0
40919 0
40918 0
40917 0
40916 0
40915 0
40914 0
40913 0
40912 0
40911 0
40910 0
40909 0
40908 0
40907 0
40906 0
40905 0
40904 0
40903 0
40902 0
40901 0
40900 0
40899 0
40898 0
40897 0
40896 0
40895 0
40894 0
40893 0
40892 0
40891 0
40890 0
40889 0
40888 0
40887 0
40886 0
40885 0
40884 0
40883 0
40882 0
40881 0
40880 0
40879 0
40878 0
40877 0
40876 0
40875 0
40874 0
40873 0
40872 0
40871 0
40870 0
40869 0
40868 0
40867 0
40866 0
40865 0
40864 0
40863 0
40862 0
40861 0
40860 0
40859 0
40858 0
40857 0
40856 0
40855 0
40854 0
40853 0
40852 0
40851 0
40850 0
40849 0
40848 0
40847 0
40846 0
40845 0
40844 0
40843 0
40842 0
40841 0
40840 0
40839 0
40838 0
40837 0
40836 0
40835 0
40834 0
40833 0
40832 0
40831 0
40830 0
40829 0
40828 0
40827 0
40826 0
40825 0
40824 0
40823 0
40822 0
40821 0
40820 0
40819 0
40818 0
40817 0
40816 0
40815 0
40814 0
40813 0
40812 0
40811 0
40810 0
40809 0
40808 0
40807 0
40806 0
40805 0
40804 0
40803 0
40802 0
40801 0
40800 0
40799 0
40798 0
40797 0
40796 0
40795 0
40794 0
40793 0
40792 0
40791 0
40790 0
40789 0
40788 0
40787 0
40786 0
40785 0
40784 0
40783 0
40782 0
40781 0
40780 0
40779 0
40778 0
40777 0
40776 0
40775 0
40774 0
40773 0
40772 0
40771 0
40770 0
40769 0
40768 0
40767 0
40766 0
40765 0
40764 0
40763 0
40762 0
40761 0
40760 0
