23843 24.5023
16390 8.00813
22034 6.08453
40578 6.03701
38301 5.48135
11635 5.40657
20250 4.86962
18428 3.59991
27654 3.04523
19016 2.94486
25737 2.86882
30412 2.85333
25623 2.53205
3721 2.49061
40472 2.46523
7648 2.29603
29011 2.23665
5228 2.23319
23696 1.99015
22501 1.97514
28500 1.96708
33533 1.86947
33088 1.85727
7277 1.85124
29401 1.81869
14142 1.65452
19820 1.57742
8831 1.46443
14767 1.42872
40299 1.36174
6356 1.3548
23817 1.33496
24984 1.29489
9615 1.26621
14462 1.24372
23836 1.21923
28184 1.19683
15680 1.19412
26917 1.16314
6493 1.14347
32885 1.14286
9243 1.1342
4372 1.11757
14230 1.11702
40882 1.11096
458 1.10341
14398 1.06674
8672 1.02692
34312 1.00802
34737 0.933777
4095 0.923947
14543 0.901014
37519 0.898733
22784 0.88114
32427 0.800657
19907 0.74
2675 0.735864
4962 0.735249
9542 0.731746
6143 0.72619
18109 0.723119
35010 0.71803
13884 0.697755
40420 0.677209
4178 0.67619
37359 0.671368
16313 0.669205
25885 0.656683
4998 0.654701
16633 0.64495
18367 0.642878
27135 0.632217
27294 0.628788
9561 0.612637
24964 0.547875
39980 0.544444
24239 0.524423
8313 0.524242
38084 0.471154
6759 0.468496
5845 0.453968
23625 0.45
17312 0.445889
18401 0.444444
32522 0.442517
1643 0.42439
24632 0.421546
17828 0.419298
40612 0.411591
19032 0.402778
21394 0.390909
10480 0.376923
16933 0.37619
35988 0.370561
4378 0.370561
26796 0.364015
14931 0.358333
22335 0.355497
8573 0.34316
28216 0.340909
3936 0.340909
1658 0.33458
40474 0.333333
28815 0.333333
28791 0.333333
8578 0.329125
3200 0.325884
11726 0.322917
38535 0.320635
24373 0.31978
34549 0.317121
10161 0.314286
12494 0.312798
36609 0.310689
24631 0.30202
18328 0.293098
30009 0.292059
25951 0.288034
7254 0.283023
39879 0.276135
30123 0.274733
29528 0.274483
29667 0.267832
9320 0.267247
10587 0.265016
6049 0.265016
19707 0.262362
4815 0.259483
39219 0.255556
9887 0.255528
25016 0.254613
10466 0.253409
33897 0.25
29710 0.25
27454 0.25
25377 0.25
24043 0.25
23993 0.25
23796 0.25
21630 0.25
9249 0.25
8817 0.25
25330 0.248683
39912 0.247558
8165 0.247558
33437 0.242063
16035 0.24099
16984 0.239261
12873 0.235489
24977 0.232955
31366 0.222917
9423 0.222917
507 0.213454
7150 0.212121
9613 0.210119
39383 0.209402
30377 0.206944
27561 0.204701
16090 0.202168
38746 0.2
37134 0.2
34768 0.2
31791 0.2
28769 0.2
24663 0.2
23830 0.2
21889 0.2
20150 0.2
18950 0.2
18607 0.2
16075 0.2
15948 0.2
13595 0.2
8592 0.2
6133 0.2
5371 0.2
39016 0.188995
28754 0.184878
25959 0.183214
17131 0.183214
16817 0.183214
12621 0.17264
24396 0.167832
39296 0.166667
38970 0.166667
36787 0.166667
36395 0.166667
31301 0.166667
25317 0.166667
24785 0.166667
24423 0.166667
21323 0.166667
21080 0.166667
20220 0.166667
15603 0.166667
15142 0.166667
11650 0.166667
10630 0.166667
14813 0.164646
12991 0.164242
5867 0.158234
10542 0.157605
39109 0.149066
31180 0.149066
31285 0.14845
26153 0.14845
22956 0.145938
38485 0.142857
37924 0.142857
26559 0.142857
25219 0.142857
19246 0.142857
18582 0.142857
17653 0.142857
17639 0.142857
10418 0.142857
947 0.142656
30075 0.140251
25583 0.136513
37758 0.136237
18711 0.136237
8361 0.135732
13786 0.132906
2885 0.132577
39862 0.125
39395 0.125
34404 0.125
31159 0.125
30435 0.125
26802 0.125
18620 0.125
9720 0.125
9564 0.125
7402 0.125
4327 0.125
2864 0.125
34793 0.120308
20667 0.115166
14008 0.114286
12427 0.112261
27766 0.111111
10573 0.111111
5067 0.111111
5264 0.10685
33238 0.104147
33582 0.103636
33065 0.103636
19641 0.103636
15460 0.103636
35451 0.1
32965 0.1
23205 0.1
20898 0.1
18788 0.1
13768 0.1
9012 0.1
7614 0.1
6984 0.1
6363 0.1
5839 0.1
5484 0.1
4302 0.1
23693 0.0981191
36651 0.0980186
18671 0.096705
39269 0.0909091
38039 0.0909091
37571 0.0909091
36816 0.0909091
36509 0.0909091
34252 0.0909091
30561 0.0909091
29539 0.0909091
24414 0.0909091
23435 0.0909091
21502 0.0909091
19582 0.0909091
19236 0.0909091
13853 0.0909091
13245 0.0909091
29776 0.0870469
20322 0.0870469
8518 0.0870469
7830 0.0870469
31751 0.0833333
28499 0.0833333
13555 0.0833333
24522 0.0782585
40883 0.0769231
40142 0.0769231
39936 0.0769231
29399 0.0769231
17923 0.0769231
17301 0.0769231
13998 0.0769231
12982 0.0769231
11986 0.0769231
11642 0.0769231
5394 0.0769231
2418 0.0769231
124 0.0769231
34167 0.0714286
32732 0.0714286
6964 0.0714286
40715 0.0666667
32165 0.0666667
27158 0.0666667
20455 0.0666667
20010 0.0666667
8717 0.0666667
6147 0.0666667
2153 0.0666667
1885 0.0666667
946 0.0666667
34758 0.0625
19770 0.0625
16231 0.0625
2194 0.0625
823 0.0625
26805 0.0596348
12735 0.0596348
11746 0.0596348
24670 0.0588235
23024 0.0588235
16680 0.0588235
13309 0.0588235
6799 0.0588235
1065 0.0588235
40326 0.0555556
40003 0.0555556
37444 0.0555556
34699 0.0555556
30186 0.0555556
30048 0.0555556
24180 0.0555556
22405 0.0555556
18275 0.0555556
16974 0.0555556
12421 0.0555556
11239 0.0555556
5423 0.0555556
5400 0.0555556
4562 0.0555556
3017 0.0555556
2898 0.0555556
2604 0.0555556
1908 0.0555556
34893 0.0526316
31742 0.0526316
25826 0.0526316
24850 0.0526316
24760 0.0526316
18133 0.0526316
17867 0.0526316
17801 0.0526316
16571 0.0526316
11122 0.0526316
4185 0.0526316
34533 0.047619
34196 0.047619
17707 0.047619
912 0.047619
37670 0.0454545
36362 0.0454545
36048 0.0454545
33740 0.0454545
31808 0.0454545
30915 0.0454545
26070 0.0454545
23388 0.0454545
21906 0.0454545
21628 0.0454545
20079 0.0454545
20051 0.0454545
16957 0.0454545
16228 0.0454545
13052 0.0454545
12914 0.0454545
10780 0.0454545
1508 0.0454545
40864 0.04
40789 0.04
32221 0.04
30219 0.04
22981 0.04
20315 0.04
18096 0.04
3658 0.04
25487 0.0384615
6966 0.0384615
32511 0.0344828
29349 0.0344828
28235 0.0344828
23343 0.0344828
22978 0.0344828
3711 0.0344828
23425 0.0333333
19428 0.0333333
8322 0.0333333
5512 0.0333333
4958 0.0333333
4921 0.0333333
39640 0.03125
39361 0.03125
38758 0.03125
38565 0.03125
36147 0.03125
35928 0.03125
35792 0.03125
35601 0.03125
33381 0.03125
27379 0.03125
25342 0.03125
22122 0.03125
19555 0.03125
19335 0.03125
18732 0.03125
15151 0.03125
14583 0.03125
13819 0.03125
3420 0.03125
2561 0.03125
737 0.03125
40190 0.0277778
32906 0.0277778
17904 0.0277778
15599 0.0277778
40014 0.0243902
38812 0.0243902
37720 0.0243902
37233 0.0243902
35766 0.0243902
35297 0.0243902
35278 0.0243902
21712 0.0243902
21689 0.0243902
20049 0.0243902
19755 0.0243902
19097 0.0243902
13654 0.0243902
10061 0.0243902
7929 0.0243902
7125 0.0243902
6112 0.0243902
4991 0.0243902
4036 0.0243902
3920 0.0243902
1834 0.0243902
40909 0.0222222
35290 0.0222222
29421 0.0222222
27333 0.0222222
23062 0.0222222
18405 0.0222222
16395 0.0222222
15416 0.0222222
12922 0.0222222
6572 0.0222222
126 0.0222222
35331 0.0192308
27637 0.0192308
24852 0.0192308
21288 0.0192308
10796 0.0192308
3130 0.0192308
34547 0.0181818
32051 0.0181818
30541 0.0181818
29393 0.0181818
28286 0.0181818
26758 0.0181818
25830 0.0181818
17830 0.0181818
17032 0.0181818
7480 0.0181818
40980 0
40979 0
40978 0
40977 0
40976 0
40975 0
40974 0
40973 0
40972 0
40971 0
40970 0
40969 0
40968 0
40967 0
40966 0
40965 0
40964 0
40963 0
40962 0
40961 0
40960 0
40959 0
40958 0
40957 0
40956 0
