13654 2.13711
21323 1.85263
6859 1.85263
3068 0.945872
8592 0.885843
29923 0.868968
16424 0.725706
15029 0.725706
3562 0.658333
2877 0.595295
16504 0.542005
29030 0.541667
31318 0.458698
15975 0.43467
11399 0.43467
13669 0.429825
24538 0.428571
27651 0.419675
35793 0.398119
17312 0.395381
35346 0.374612
30676 0.374612
2027 0.334524
3002 0.323925
26095 0.294899
24678 0.290081
399 0.268948
27799 0.254891
30652 0.250681
33046 0.25
31159 0.25
20326 0.25
15075 0.236406
9196 0.236406
34923 0.210884
7412 0.210884
18190 0.198352
13916 0.177751
2885 0.177751
16395 0.172641
15416 0.172641
39947 0.171888
27989 0.171888
11080 0.171888
110 0.171888
38762 0.166846
30793 0.166846
6140 0.166846
3852 0.166846
30545 0.166667
13507 0.166667
9180 0.166667
31221 0.151658
25705 0.151658
29129 0.142857
22530 0.142857
11789 0.140591
11890 0.134959
37642 0.13322
34457 0.13322
22676 0.13322
2424 0.13322
37566 0.125
36379 0.125
35116 0.125
34363 0.125
33201 0.125
32528 0.125
26069 0.125
16902 0.125
15833 0.125
3541 0.125
684 0.124053
207 0.124053
12451 0.117378
37750 0.107899
25659 0.103231
14934 0.103231
38772 0.1
37077 0.1
35966 0.1
20927 0.1
19253 0.1
15264 0.1
3067 0.0934609
36673 0.0891216
29634 0.0891216
18248 0.0891216
31675 0.0801282
20928 0.0801282
16076 0.0801282
6111 0.0801282
1857 0.0801282
35365 0.0769231
19950 0.0769231
19313 0.0769231
15348 0.0769231
3429 0.0769231
39245 0.0729778
34439 0.0729778
13231 0.0729778
8969 0.0729778
5778 0.0729778
32930 0.0724915
29237 0.0724915
14138 0.0724915
36313 0.0666667
34579 0.0666667
25505 0.0666667
24137 0.0666667
22088 0.0666667
19774 0.0666667
8497 0.0666667
4848 0.0666667
16205 0.0625
14658 0.0588235
7536 0.0588235
35029 0.0555556
27926 0.0555556
25968 0.0555556
24239 0.0555556
20704 0.0555556
16097 0.0555556
35661 0.05
23077 0.05
17035 0.05
13016 0.05
2683 0.05
35185 0.0492156
29640 0.0492156
26832 0.0492156
24400 0.0492156
17277 0.0492156
13234 0.0492156
11488 0.0492156
38608 0.047619
38346 0.047619
36028 0.047619
30955 0.047619
30284 0.047619
29361 0.047619
27208 0.047619
25651 0.047619
24972 0.047619
23748 0.047619
18844 0.047619
17381 0.047619
17142 0.047619
13129 0.047619
34999 0.0416667
31495 0.0416667
24596 0.0416667
20569 0.0416667
19048 0.0416667
18710 0.0416667
9553 0.0416667
9530 0.0416667
6336 0.0416667
3030 0.0416667
37555 0.0384615
35082 0.0384615
34998 0.0384615
27776 0.0384615
19327 0.0384615
8237 0.0384615
3356 0.0384615
39671 0.0344828
33633 0.0344828
22773 0.0344828
21662 0.0344828
21001 0.0344828
19461 0.0344828
16025 0.0344828
14980 0.0344828
10221 0.0344828
9317 0.0344828
6592 0.0344828
6417 0.0344828
5333 0.0344828
4486 0.0344828
3596 0.0344828
3371 0.0344828
1142 0.0344828
885 0.0344828
40120 0.0322581
38907 0.0322581
37895 0.0322581
31597 0.0322581
22648 0.0322581
19284 0.0322581
15665 0.0322581
38165 0.03125
38092 0.03125
37038 0.03125
34501 0.03125
31477 0.03125
30216 0.03125
17287 0.03125
12361 0.03125
3454 0.03125
40764 0.030303
35271 0.030303
26429 0.030303
22268 0.030303
21830 0.030303
20840 0.030303
16778 0.030303
8639 0.030303
4984 0.030303
80 0.030303
36952 0.025641
35734 0.025641
35317 0.025641
32620 0.025641
31923 0.025641
15225 0.025641
8342 0.025641
2869 0.025641
830 0.025641
697 0.025641
40525 0.0204082
40457 0.0204082
38558 0.0204082
36712 0.0204082
35706 0.0204082
33452 0.0204082
33052 0.0204082
31938 0.0204082
31858 0.0204082
30897 0.0204082
29787 0.0204082
29300 0.0204082
26323 0.0204082
23735 0.0204082
22075 0.0204082
21512 0.0204082
21448 0.0204082
21189 0.0204082
14790 0.0204082
13337 0.0204082
12377 0.0204082
11384 0.0204082
8309 0.0204082
7807 0.0204082
7769 0.0204082
7145 0.0204082
177 0.0204082
39472 0.0131579
38583 0.0131579
37931 0.0131579
33028 0.0131579
30209 0.0131579
29225 0.0131579
27168 0.0131579
26084 0.0131579
24790 0.0131579
23439 0.0131579
22711 0.0131579
22184 0.0131579
21978 0.0131579
21757 0.0131579
18520 0.0131579
17154 0.0131579
14768 0.0131579
14546 0.0131579
13120 0.0131579
12569 0.0131579
11909 0.0131579
10210 0.0131579
6654 0.0131579
5763 0.0131579
5719 0.0131579
4468 0.0131579
2749 0.0131579
1610 0.0131579
1326 0.0131579
938 0.0131579
556 0.0131579
432 0.0131579
40649 0.0104167
39661 0.0104167
39183 0.0104167
39177 0.0104167
38856 0.0104167
38118 0.0104167
37496 0.0104167
37344 0.0104167
36718 0.0104167
36703 0.0104167
36680 0.0104167
35609 0.0104167
35062 0.0104167
34043 0.0104167
33653 0.0104167
33108 0.0104167
31947 0.0104167
31333 0.0104167
30636 0.0104167
30325 0.0104167
28110 0.0104167
27033 0.0104167
26541 0.0104167
24506 0.0104167
23089 0.0104167
22960 0.0104167
22577 0.0104167
22236 0.0104167
21786 0.0104167
19884 0.0104167
19038 0.0104167
17492 0.0104167
16529 0.0104167
15787 0.0104167
15054 0.0104167
13126 0.0104167
12766 0.0104167
11768 0.0104167
10575 0.0104167
9760 0.0104167
9309 0.0104167
8412 0.0104167
8035 0.0104167
5488 0.0104167
4455 0.0104167
4296 0.0104167
3645 0.0104167
2618 0.0104167
1033 0.0104167
90 0.0104167
19 0.0104167
40980 0
40979 0
40978 0
40977 0
40976 0
40975 0
40974 0
40973 0
40972 0
40971 0
40970 0
40969 0
40968 0
40967 0
40966 0
40965 0
40964 0
40963 0
40962 0
40961 0
40960 0
40959 0
40958 0
40957 0
40956 0
40955 0
40954 0
40953 0
40952 0
40951 0
40950 0
40949 0
40948 0
40947 0
40946 0
40945 0
40944 0
40943 0
40942 0
40941 0
40940 0
40939 0
40938 0
40937 0
40936 0
40935 0
40934 0
40933 0
40932 0
40931 0
40930 0
40929 0
40928 0
40927 0
40926 0
40925 0
40924 0
40923 0
40922 0
40921 0
40920 0
40919 0
40918 0
40917 0
40916 0
40915 0
40914 0
40913 0
40912 0
40911 0
40910 0
40909 0
40908 0
40907 0
40906 0
40905 0
40904 0
40903 0
40902 0
40901 0
40900 0
40899 0
40898 0
40897 0
40896 0
40895 0
40894 0
40893 0
40892 0
40891 0
40890 0
40889 0
40888 0
40887 0
40886 0
40885 0
40884 0
40883 0
40882 0
40881 0
40880 0
40879 0
40878 0
40877 0
40876 0
40875 0
40874 0
40873 0
40872 0
40871 0
40870 0
40869 0
40868 0
40867 0
40866 0
40865 0
40864 0
40863 0
40862 0
40861 0
40860 0
40859 0
40858 0
40857 0
40856 0
40855 0
40854 0
40853 0
40852 0
40851 0
40850 0
40849 0
40848 0
40847 0
40846 0
40845 0
40844 0
40843 0
40842 0
40841 0
40840 0
40839 0
40838 0
40837 0
40836 0
40835 0
40834 0
40833 0
40832 0
40831 0
40830 0
40829 0
40828 0
40827 0
40826 0
40825 0
40824 0
40823 0
40822 0
40821 0
40820 0
40819 0
40818 0
40817 0
40816 0
40815 0
40814 0
40813 0
40812 0
40811 0
