27799 10.5457
22711 10.0208
21323 8.77585
7921 7.71019
13654 4.97658
16504 4.69871
17312 4.38952
40890 4.00313
11113 3.58181
2885 3.36834
12569 3.22382
26803 3.14897
26786 2.94595
35766 2.47517
16298 2.05195
36313 1.92218
20250 1.65553
36952 1.64743
2877 1.64241
35734 1.58155
23843 1.55137
28110 1.53919
27926 1.53896
35346 1.50839
6924 1.43477
33633 1.29496
7076 1.25893
13916 1.25833
32930 1.18478
31947 1.15831
36400 1.15778
6041 1.12989
4468 1.07395
16934 1.06662
12788 1.03912
21217 1.03351
3852 0.974322
38952 0.946523
16395 0.938614
39947 0.866539
30676 0.866539
27989 0.866539
11080 0.866539
110 0.866539
35082 0.857782
30793 0.834298
39791 0.823586
19277 0.796999
9663 0.783333
8412 0.754535
16806 0.73826
39661 0.732395
24596 0.715859
27863 0.712369
26476 0.70775
18520 0.6973
24790 0.677087
22594 0.658677
1230 0.645833
2731 0.639584
24849 0.628722
26095 0.624885
3541 0.623295
38583 0.61199
15873 0.598531
35317 0.577709
40525 0.570855
22598 0.568968
40204 0.565056
21861 0.564951
19511 0.564951
26541 0.559649
20417 0.558631
22368 0.553823
3068 0.546917
6715 0.52219
11810 0.517857
18844 0.508135
830 0.504574
25667 0.502809
21757 0.500076
7719 0.490909
7145 0.477197
20099 0.472378
37672 0.470767
350 0.468975
22088 0.463805
18555 0.462312
37102 0.458333
8237 0.450032
18329 0.444369
23439 0.444154
14658 0.430202
28635 0.424679
21297 0.423611
24591 0.419942
15276 0.411965
16222 0.402027
20928 0.393962
2069 0.39176
32536 0.384318
32544 0.383333
33108 0.381926
4825 0.381335
15467 0.375
31318 0.374456
25016 0.345833
12016 0.345803
26084 0.337803
37496 0.336837
24269 0.334384
30097 0.331897
6518 0.330932
5479 0.317287
6336 0.3171
11393 0.3125
35439 0.310789
1228 0.304301
25659 0.300274
19967 0.300274
38850 0.294935
31140 0.29127
35185 0.290592
432 0.290278
3940 0.285795
37750 0.284722
24063 0.281046
37216 0.279733
35525 0.274112
17521 0.273334
24239 0.269606
15225 0.269606
27033 0.268195
11863 0.267667
21978 0.2655
905 0.26452
9196 0.264462
2781 0.258986
39245 0.257321
37023 0.257306
39177 0.253713
33477 0.251948
15054 0.2504
20704 0.25
13073 0.25
9680 0.25
1745 0.25
1830 0.246289
39951 0.24628
21782 0.246052
3140 0.245061
13026 0.24445
31589 0.242647
2863 0.238034
6654 0.235699
28094 0.234722
18328 0.231685
38856 0.227509
18340 0.224242
16233 0.223894
37421 0.218609
24678 0.215915
5875 0.214969
33052 0.207223
39925 0.206973
19191 0.203907
294 0.201547
30192 0.2
20968 0.2
13560 0.2
5778 0.199313
14768 0.196373
29030 0.192084
35211 0.186465
33227 0.183365
5719 0.180058
6361 0.179555
4058 0.179098
12377 0.174027
37597 0.173975
40597 0.17382
4953 0.173705
13147 0.173563
1033 0.173563
23872 0.172479
14858 0.169298
3448 0.169298
10210 0.167544
26069 0.166923
32016 0.166667
31564 0.166667
27486 0.166667
27403 0.166667
26202 0.166667
24963 0.166667
20065 0.166667
15665 0.166667
7478 0.166667
7152 0.166667
6062 0.166667
1528 0.166667
37233 0.166204
22530 0.165591
30417 0.165149
19379 0.165149
11491 0.160163
31136 0.160149
24137 0.158881
37546 0.156881
5937 0.156396
9994 0.15587
9309 0.151769
25367 0.150898
23834 0.150898
8384 0.148187
14672 0.145674
29551 0.144048
23432 0.144048
39666 0.142857
37340 0.142857
27166 0.142857
10290 0.142857
39368 0.139664
39507 0.138148
33435 0.13692
39831 0.136798
30234 0.136762
32620 0.136224
13937 0.13539
25826 0.134298
37441 0.131335
13507 0.131078
19653 0.127565
13140 0.126275
16943 0.126008
33518 0.125145
38223 0.125
28855 0.125
25641 0.125
13526 0.125
13085 0.125
11789 0.125
1975 0.125
38772 0.123534
16076 0.122526
28106 0.120861
23582 0.120493
2869 0.119894
2786 0.119104
33028 0.118857
26323 0.118008
21189 0.118008
14934 0.118008
39962 0.117861
38010 0.117861
33142 0.116395
17373 0.115675
33267 0.115262
34507 0.114576
17492 0.114576
12118 0.111429
30186 0.111111
16655 0.111111
15212 0.111111
6906 0.111111
19032 0.110638
11173 0.110638
13382 0.110303
9583 0.110303
556 0.110201
8652 0.108761
32043 0.108709
38762 0.106798
29237 0.106798
34116 0.105871
315 0.105871
4994 0.102022
25900 0.1
25568 0.1
19253 0.1
17875 0.1
14966 0.1
13583 0.1
13254 0.1
6996 0.1
3762 0.1
16723 0.0999526
9325 0.0998485
31858 0.0990534
16025 0.0985632
37898 0.0939181
18914 0.092027
40632 0.0909091
40241 0.0909091
33922 0.0909091
33503 0.0909091
30979 0.0909091
28844 0.0909091
22650 0.0909091
18561 0.0909091
14287 0.0909091
9503 0.0909091
10283 0.0899247
7624 0.0898284
11469 0.0897843
25651 0.0875
35793 0.0874118
13433 0.0874118
2570 0.0874118
391 0.0866601
12952 0.0864247
15354 0.0843109
40788 0.0833333
29084 0.0833333
23888 0.0833333
20001 0.0833333
8625 0.0833333
4361 0.0833333
37939 0.080922
35566 0.0786755
9001 0.0778941
21348 0.0769231
20177 0.0769231
19048 0.0769231
7306 0.0769231
18997 0.0759555
24957 0.0756383
37374 0.0731257
19592 0.0731257
33706 0.0724902
7807 0.0724902
21703 0.0721303
16283 0.0721303
14138 0.0721303
18558 0.0715903
32987 0.0714286
21062 0.0714286
20230 0.0714286
5821 0.0714286
3356 0.0714286
349 0.0714286
29634 0.0713235
5763 0.0713235
39472 0.0691483
22184 0.0691483
8035 0.0691483
33175 0.0689266
29875 0.0689266
11626 0.0686975
14589 0.0685054
2749 0.0685054
24972 0.0676108
9484 0.0672571
37077 0.0666667
24420 0.0666667
20835 0.0666667
20686 0.0666667
18842 0.0666667
17527 0.0666667
15264 0.0666667
15416 0.0652192
11488 0.0652192
37342 0.0646853
9010 0.0641471
39944 0.063794
21000 0.0626728
37888 0.0625
36528 0.0625
28988 0.0625
28587 0.0625
27714 0.0625
24207 0.0625
21213 0.0625
19905 0.0625
16394 0.0625
15297 0.0625
13688 0.0625
9867 0.0625
3295 0.0625
2034 0.0625
414 0.0625
21889 0.0606986
14286 0.0606986
12922 0.0606986
33520 0.0588235
31631 0.0588235
19580 0.0588235
18293 0.0588235
18021 0.0588235
16181 0.0588235
10601 0.0588235
9211 0.0588235
22405 0.058199
32607 0.0566985
30636 0.0566985
16058 0.0566985
40049 0.0555556
34764 0.0555556
33653 0.0555556
31938 0.0555556
30693 0.0555556
28177 0.0555556
22997 0.0555556
19700 0.0555556
13927 0.0555556
12289 0.0555556
10386 0.0555556
9592 0.0555556
8896 0.0555556
5695 0.0555556
4539 0.0555556
3877 0.0555556
7312 0.0531543
37473 0.0526316
37397 0.0526316
24028 0.0526316
21201 0.0526316
18208 0.0526316
13043 0.0526316
10285 0.0526316
5405 0.0526316
4548 0.0526316
1290 0.0526316
26351 0.0516983
11876 0.0516983
8264 0.0516983
34043 0.0511576
38271 0.05
37926 0.05
30933 0.05
24261 0.05
19952 0.05
19472 0.05
10424 0.05
4499 0.05
4189 0.05
838 0.05
509 0.05
34558 0.047619
27032 0.047619
18356 0.047619
13471 0.047619
12110 0.047619
27176 0.0454545
15493 0.0454545
24506 0.0454294
22313 0.0454294
16687 0.0454294
32997 0.044799
30815 0.044799
29887 0.044799
20153 0.044799
3713 0.044799
40861 0.0434783
31132 0.0434783
29817 0.0434783
26181 0.0434783
22388 0.0434783
3099 0.0434783
2168 0.0434783
1659 0.0434783
19038 0.0425187
40383 0.0416667
31046 0.0416667
23001 0.0416667
9317 0.0416667
6793 0.0416667
40106 0.0412567
37948 0.0412567
18834 0.0412567
15536 0.0412567
7536 0.0412567
630 0.0412567
40282 0.04
39826 0.04
39076 0.04
36615 0.04
34815 0.04
33828 0.04
33465 0.04
31763 0.04
30136 0.04
23286 0.04
17294 0.04
5241 0.04
2393 0.04
38333 0.0384615
33256 0.0384615
33119 0.037424
29225 0.037424
25479 0.037424
34561 0.037037
31352 0.037037
27370 0.037037
15591 0.037037
13234 0.037037
8224 0.037037
8177 0.037037
6138 0.037037
4484 0.037037
