19599 1.31598
29779 1.26259
26801 1.22661
37258 0.988164
39088 0.977593
7627 0.94803
131 0.859182
35233 0.739205
2224 0.737022
26362 0.696303
29089 0.689331
23958 0.662573
70 0.659285
12244 0.605286
15269 0.587158
34117 0.576569
14675 0.527931
35973 0.522727
36983 0.500037
18074 0.467013
23880 0.464706
37239 0.415978
6999 0.415978
37763 0.4
326 0.397727
3533 0.390936
32404 0.386545
23650 0.386545
39470 0.369638
39044 0.369638
5260 0.369638
6188 0.344259
4237 0.281422
37753 0.267222
28895 0.267222
9627 0.267222
28592 0.264286
16475 0.263333
15333 0.262202
29927 0.222664
37660 0.212437
27372 0.2
11716 0.199242
39759 0.18833
16174 0.18833
13320 0.18833
26330 0.175302
1350 0.172282
20189 0.171497
5581 0.171497
32649 0.170833
1309 0.167659
37202 0.166667
35427 0.166667
32193 0.166667
30421 0.1557
24888 0.154221
32679 0.154167
17023 0.147656
8801 0.147656
18211 0.135589
21155 0.122538
20514 0.122538
19454 0.122538
39241 0.120355
33788 0.120355
31408 0.120355
28516 0.120355
24636 0.120355
2506 0.120355
1233 0.120355
899 0.120355
40392 0.111111
28048 0.111111
32495 0.108402
25818 0.108402
17518 0.108402
4357 0.108402
297 0.108402
21522 0.107509
20741 0.107509
8590 0.107509
6328 0.107509
1481 0.107509
37481 0.100464
26221 0.100464
25758 0.100464
17832 0.100464
16877 0.100464
16138 0.100464
38401 0.100181
23371 0.100181
10336 0.100181
21458 0.0909091
11395 0.0909091
19166 0.0833333
636 0.0833333
16382 0.0780303
36497 0.076434
25621 0.076434
18657 0.076434
11538 0.076434
10801 0.076434
2109 0.076434
835 0.076434
9956 0.0689935
37539 0.0666667
25145 0.0666667
20118 0.0666667
6282 0.0666667
5657 0.0666667
2146 0.0666667
1537 0.0666667
1031 0.0666667
39176 0.0625
39816 0.0624285
17095 0.0624285
2021 0.0624285
30033 0.0617251
2362 0.0617251
31064 0.0592946
10214 0.0592946
3174 0.0592946
40857 0.0530392
34842 0.0530392
21555 0.0530392
6295 0.0530392
10687 0.0503463
10681 0.0503463
4685 0.0503463
1063 0.0503463
35302 0.0455357
28548 0.0455357
28365 0.0455357
27088 0.0455357
25841 0.0455357
20793 0.0455357
16733 0.0455357
1762 0.0455357
37144 0.0454545
32910 0.0454545
30560 0.0454545
20261 0.0454545
7956 0.0454545
29180 0.0429797
27813 0.0429797
21239 0.0429797
15447 0.0429797
12862 0.0429797
10429 0.0429797
9863 0.0429797
7650 0.0429797
3205 0.0429797
3069 0.0429797
951 0.0429797
33261 0.0426179
31590 0.0426179
28911 0.0426179
20820 0.0426179
7078 0.0426179
4603 0.0426179
3359 0.0426179
39325 0.0357143
16623 0.0357143
8434 0.0357143
3087 0.0357143
842 0.0357143
19160 0.030303
18696 0.030303
15914 0.030303
13152 0.030303
13144 0.030303
9356 0.030303
9042 0.030303
903 0.030303
648 0.030303
35558 0.025
21717 0.025
14308 0.025
39686 0.0227273
33658 0.0227273
24349 0.0227273
17028 0.0227273
14198 0.0227273
38481 0.0208333
25493 0.0208333
17111 0.0208333
13222 0.0208333
3810 0.0208333
37045 0.0188679
26823 0.0188679
26496 0.0188679
19530 0.0188679
12912 0.0188679
9604 0.0188679
40117 0.0178571
38213 0.0178571
25239 0.0178571
17059 0.0178571
15682 0.0178571
14752 0.0178571
11598 0.0178571
9809 0.0178571
35890 0.0147059
21671 0.0147059
20244 0.0147059
20131 0.0147059
17823 0.0147059
1381 0.0147059
40680 0.0142857
40634 0.0142857
39166 0.0142857
25793 0.0142857
23815 0.0142857
19136 0.0142857
17991 0.0142857
16150 0.0142857
15724 0.0142857
15546 0.0142857
14361 0.0142857
9346 0.0142857
6855 0.0142857
3159 0.0142857
24 0.0142857
37981 0.0133333
34934 0.0133333
32275 0.0133333
32227 0.0133333
24976 0.0133333
24491 0.0133333
23690 0.0133333
19252 0.0133333
18774 0.0133333
18266 0.0133333
15299 0.0133333
13724 0.0133333
7300 0.0133333
5213 0.0133333
4832 0.0133333
4107 0.0133333
3774 0.0133333
3446 0.0133333
3275 0.0133333
2213 0.0133333
1837 0.0133333
1095 0.0133333
35807 0.0104167
30069 0.0104167
30029 0.0104167
29696 0.0104167
28362 0.0104167
27150 0.0104167
26434 0.0104167
17508 0.0104167
16993 0.0104167
13590 0.0104167
11316 0.0104167
10121 0.0104167
8728 0.0104167
4741 0.0104167
1665 0.0104167
40980 0
40979 0
40978 0
40977 0
40976 0
40975 0
40974 0
40973 0
40972 0
40971 0
40970 0
40969 0
40968 0
40967 0
40966 0
40965 0
40964 0
40963 0
40962 0
40961 0
40960 0
40959 0
40958 0
40957 0
40956 0
40955 0
40954 0
40953 0
40952 0
40951 0
40950 0
40949 0
40948 0
40947 0
40946 0
40945 0
40944 0
40943 0
40942 0
40941 0
40940 0
40939 0
40938 0
40937 0
40936 0
40935 0
40934 0
40933 0
40932 0
40931 0
40930 0
40929 0
40928 0
40927 0
40926 0
40925 0
40924 0
40923 0
40922 0
40921 0
40920 0
40919 0
40918 0
40917 0
40916 0
40915 0
40914 0
40913 0
40912 0
40911 0
40910 0
40909 0
40908 0
40907 0
40906 0
40905 0
40904 0
40903 0
40902 0
40901 0
40900 0
40899 0
40898 0
40897 0
40896 0
40895 0
40894 0
40893 0
40892 0
40891 0
40890 0
40889 0
40888 0
40887 0
40886 0
40885 0
40884 0
40883 0
40882 0
40881 0
40880 0
40879 0
40878 0
40877 0
40876 0
40875 0
40874 0
40873 0
40872 0
40871 0
40870 0
40869 0
40868 0
40867 0
40866 0
40865 0
40864 0
40863 0
40862 0
40861 0
40860 0
40859 0
40858 0
40856 0
40855 0
40854 0
40853 0
40852 0
40851 0
40850 0
40849 0
40848 0
40847 0
40846 0
40845 0
40844 0
40843 0
40842 0
40841 0
40840 0
40839 0
40838 0
40837 0
40836 0
40835 0
40834 0
40833 0
40832 0
40831 0
40830 0
40829 0
40828 0
40827 0
40826 0
40825 0
40824 0
40823 0
40822 0
40821 0
40820 0
40819 0
40818 0
40817 0
40816 0
40815 0
40814 0
40813 0
40812 0
40811 0
40810 0
40809 0
40808 0
40807 0
40806 0
40805 0
40804 0
40803 0
40802 0
40801 0
40800 0
40799 0
40798 0
40797 0
40796 0
40795 0
40794 0
40793 0
40792 0
40791 0
40790 0
40789 0
40788 0
40787 0
40786 0
40785 0
40784 0
40783 0
40782 0
40781 0
40780 0
40779 0
40778 0
40777 0
40776 0
40775 0
40774 0
40773 0
40772 0
40771 0
40770 0
40769 0
40768 0
40767 0
40766 0
40765 0
40764 0
40763 0
40762 0
40761 0
40760 0
40759 0
40758 0
40757 0
40756 0
40755 0
40754 0
40753 0
40752 0
40751 0
40750 0
40749 0
40748 0
40747 0
40746 0
40745 0
40744 0
40743 0
40742 0
40741 0
