2786 4.06186
27799 1.90179
13654 1.34117
9196 1.23581
17312 1.14427
34923 0.778643
17605 0.778643
37228 0.722222
19653 0.630952
37958 0.6
10706 0.592832
20928 0.510256
612 0.462806
37800 0.458333
24549 0.429124
3107 0.407765
24794 0.401923
8412 0.360256
26095 0.358551
20326 0.333333
7145 0.333333
3371 0.278461
29211 0.25
20577 0.25
20448 0.25
4551 0.25
22530 0.241949
34439 0.241949
8969 0.241949
3852 0.241949
38748 0.23545
3682 0.232576
22184 0.225282
34561 0.223704
20762 0.223704
26832 0.223485
13916 0.223485
36313 0.204423
3429 0.2
34363 0.199618
20569 0.184149
24678 0.167832
19967 0.167832
6105 0.167832
33633 0.166667
21903 0.166667
21820 0.166667
6041 0.166667
39245 0.161422
22057 0.161422
37927 0.154286
35116 0.154286
32374 0.154286
6654 0.152402
416 0.152402
20444 0.142857
15467 0.142857
10654 0.142857
35346 0.127209
12910 0.127209
8309 0.127209
40414 0.125
33377 0.125
22404 0.125
21186 0.125
20490 0.125
18138 0.125
12541 0.125
6319 0.125
360 0.125
31947 0.122572
19461 0.122572
9317 0.121536
763 0.121536
40783 0.1
32036 0.1
29140 0.1
25213 0.1
22594 0.1
35793 0.0981696
30835 0.0981696
15075 0.0981696
32324 0.0909091
29270 0.0909091
26950 0.0909091
24902 0.0909091
3162 0.0909091
40282 0.0833333
40173 0.0833333
37955 0.0833333
37452 0.0833333
35365 0.0833333
22773 0.0833333
14181 0.0833333
11955 0.0833333
11467 0.0833333
39477 0.0769231
39183 0.0769231
38762 0.0769231
37546 0.0769231
36583 0.0769231
35274 0.0769231
34911 0.0769231
33765 0.0769231
32474 0.0769231
30793 0.0769231
27190 0.0769231
26854 0.0769231
25765 0.0769231
24764 0.0769231
22210 0.0769231
17396 0.0769231
16723 0.0769231
15489 0.0769231
14795 0.0769231
12110 0.0769231
3535 0.0769231
1849 0.0769231
20093 0.0723814
5209 0.0723814
2885 0.0723814
24596 0.0666667
35766 0.0567467
29030 0.0567467
27161 0.0567467
22304 0.0567467
21000 0.0567467
20029 0.0567467
19712 0.0567467
11808 0.0567467
1966 0.0567467
39386 0.0555556
32552 0.0555556
17333 0.0555556
16501 0.0555556
9327 0.0555556
6518 0.0555556
2502 0.0555556
1142 0.0555556
18883 0.047619
13658 0.047619
11540 0.047619
10480 0.047619
36918 0.04
36562 0.04
30235 0.04
29231 0.04
29077 0.04
16773 0.04
8105 0.04
7306 0.04
39947 0.0380384
34740 0.0380384
33518 0.0380384
32074 0.0380384
32043 0.0380384
29237 0.0380384
27989 0.0380384
27400 0.0380384
23089 0.0380384
19284 0.0380384
18452 0.0380384
17373 0.0380384
13507 0.0380384
11080 0.0380384
3887 0.0380384
2888 0.0380384
110 0.0380384
39158 0.037037
32886 0.037037
27280 0.037037
25755 0.037037
22725 0.037037
12289 0.037037
1531 0.037037
30929 0.030303
30216 0.030303
25651 0.030303
25334 0.030303
19253 0.030303
17583 0.030303
16504 0.030303
10484 0.030303
8111 0.030303
5688 0.030303
1332 0.030303
830 0.030303
634 0.030303
40241 0.0188679
39848 0.0188679
38258 0.0188679
36400 0.0188679
36239 0.0188679
35904 0.0188679
35894 0.0188679
33898 0.0188679
31367 0.0188679
30025 0.0188679
28900 0.0188679
27972 0.0188679
27752 0.0188679
23843 0.0188679
22673 0.0188679
19870 0.0188679
18834 0.0188679
15348 0.0188679
14138 0.0188679
12306 0.0188679
10923 0.0188679
10529 0.0188679
8672 0.0188679
6298 0.0188679
4058 0.0188679
885 0.0188679
1 0.0188679
40079 0.0169492
39155 0.0169492
38583 0.0169492
36661 0.0169492
34378 0.0169492
33028 0.0169492
30693 0.0169492
30676 0.0169492
30229 0.0169492
27863 0.0169492
24400 0.0169492
24239 0.0169492
21448 0.0169492
19313 0.0169492
18811 0.0169492
15665 0.0169492
13172 0.0169492
12779 0.0169492
12491 0.0169492
9907 0.0169492
8471 0.0169492
8408 0.0169492
6667 0.0169492
1614 0.0169492
631 0.0169492
40585 0.0135135
40165 0.0135135
38659 0.0135135
36827 0.0135135
36796 0.0135135
34066 0.0135135
31318 0.0135135
30209 0.0135135
29245 0.0135135
27032 0.0135135
26786 0.0135135
24790 0.0135135
24573 0.0135135
24137 0.0135135
23653 0.0135135
22781 0.0135135
20704 0.0135135
19889 0.0135135
19647 0.0135135
19391 0.0135135
19379 0.0135135
18796 0.0135135
16755 0.0135135
16395 0.0135135
15416 0.0135135
13661 0.0135135
12922 0.0135135
12722 0.0135135
12393 0.0135135
10916 0.0135135
8592 0.0135135
8197 0.0135135
5875 0.0135135
432 0.0135135
40525 0.00757576
40106 0.00757576
39507 0.00757576
39177 0.00757576
37881 0.00757576
36673 0.00757576
36160 0.00757576
35734 0.00757576
35535 0.00757576
35317 0.00757576
35185 0.00757576
34123 0.00757576
33930 0.00757576
33391 0.00757576
32838 0.00757576
32620 0.00757576
32014 0.00757576
31495 0.00757576
31390 0.00757576
31352 0.00757576
30386 0.00757576
30136 0.00757576
29634 0.00757576
29627 0.00757576
29091 0.00757576
28842 0.00757576
27968 0.00757576
27926 0.00757576
27349 0.00757576
26375 0.00757576
26058 0.00757576
25831 0.00757576
25176 0.00757576
24957 0.00757576
24849 0.00757576
24506 0.00757576
23585 0.00757576
22787 0.00757576
22711 0.00757576
21978 0.00757576
21757 0.00757576
21431 0.00757576
20560 0.00757576
20007 0.00757576
19580 0.00757576
18248 0.00757576
18160 0.00757576
17521 0.00757576
17179 0.00757576
16619 0.00757576
16076 0.00757576
15916 0.00757576
15576 0.00757576
15536 0.00757576
15029 0.00757576
14546 0.00757576
13234 0.00757576
12569 0.00757576
11789 0.00757576
10305 0.00757576
9583 0.00757576
9309 0.00757576
9154 0.00757576
8212 0.00757576
8177 0.00757576
8035 0.00757576
7790 0.00757576
7511 0.00757576
7286 0.00757576
6807 0.00757576
6447 0.00757576
6413 0.00757576
6140 0.00757576
5551 0.00757576
4900 0.00757576
3718 0.00757576
3701 0.00757576
3645 0.00757576
3068 0.00757576
2971 0.00757576
828 0.00757576
592 0.00757576
40980 0
40979 0
40978 0
40977 0
40976 0
40975 0
40974 0
40973 0
40972 0
40971 0
40970 0
40969 0
40968 0
40967 0
40966 0
40965 0
40964 0
40963 0
40962 0
40961 0
40960 0
40959 0
40958 0
40957 0
40956 0
40955 0
40954 0
40953 0
40952 0
40951 0
40950 0
40949 0
40948 0
40947 0
40946 0
40945 0
40944 0
40943 0
40942 0
40941 0
40940 0
40939 0
40938 0
40937 0
40936 0
40935 0
40934 0
40933 0
40932 0
40931 0
40930 0
40929 0
40928 0
40927 0
40926 0
40925 0
40924 0
40923 0
40922 0
40921 0
40920 0
40919 0
40918 0
40917 0
40916 0
40915 0
40914 0
40913 0
40912 0
40911 0
40910 0
40909 0
40908 0
40907 0
40906 0
40905 0
40904 0
40903 0
40902 0
40901 0
40900 0
40899 0
40898 0
40897 0
40896 0
40895 0
40894 0
40893 0
40892 0
40891 0
40890 0
40889 0
40888 0
40887 0
40886 0
40885 0
40884 0
40883 0
40882 0
40881 0
40880 0
40879 0
40878 0
40877 0
40876 0
40875 0
40874 0
40873 0
40872 0
40871 0
40870 0
40869 0
40868 0
40867 0
40866 0
40865 0
40864 0
40863 0
40862 0
40861 0
40860 0
40859 0
40858 0
40857 0
40856 0
40855 0
40854 0
40853 0
40852 0
40851 0
40850 0
40849 0
40848 0
40847 0
40846 0
40845 0
40844 0
40843 0
40842 0
40841 0
40840 0
40839 0
40838 0
40837 0
