35396 6.24316
24156 5.00464
39346 4.45388
17812 3.09416
20945 2.94154
29564 2.2484
22152 2.01848
36008 1.9604
3527 1.51181
1616 1.11313
22369 1.0661
7540 0.995068
7391 0.720375
14156 0.67619
1672 0.551527
21799 0.502826
31039 0.412492
10923 0.390909
27581 0.333333
22594 0.333333
10297 0.310909
17329 0.310689
30600 0.300595
22753 0.266917
37742 0.263095
38970 0.25
39040 0.229555
40275 0.222361
33825 0.217655
29083 0.216429
40260 0.206041
32293 0.206041
1316 0.206041
25726 0.2
16531 0.2
7046 0.166667
5693 0.153333
23810 0.142857
2106 0.142857
35185 0.141204
26084 0.141204
24239 0.141204
21978 0.141204
17312 0.141204
8672 0.141204
3319 0.125
24465 0.111111
33078 0.0934886
25750 0.0934886
7691 0.0934886
2241 0.0934886
363 0.0934886
40018 0.0909091
34459 0.0909091
29965 0.0909091
10361 0.0909091
8465 0.0909091
40573 0.0833333
23843 0.0833333
38828 0.0714286
34731 0.0714286
770 0.0714286
25727 0.0625
40754 0.0617546
38453 0.0617546
34390 0.0617546
32453 0.0617546
32308 0.0617546
32228 0.0617546
28621 0.0617546
26909 0.0617546
25720 0.0617546
25194 0.0617546
24752 0.0617546
21999 0.0617546
21859 0.0617546
20760 0.0617546
18738 0.0617546
17214 0.0617546
13249 0.0617546
11450 0.0617546
11401 0.0617546
10983 0.0617546
7836 0.0617546
5881 0.0617546
5680 0.0617546
3387 0.0617546
2332 0.0617546
32634 0.05
31301 0.05
24825 0.05
23696 0.05
23380 0.05
21794 0.05
14886 0.05
9561 0.05
4405 0.05
1975 0.05
37176 0.0472849
27514 0.0472849
24382 0.0472849
23154 0.0472849
20489 0.0472849
20229 0.0472849
18274 0.0472849
17075 0.0472849
15124 0.0472849
14211 0.0472849
13432 0.0472849
12572 0.0472849
10731 0.0472849
10073 0.0472849
8867 0.0472849
8835 0.0472849
6096 0.0472849
5663 0.0472849
5153 0.0472849
2633 0.0472849
186 0.0472849
35734 0.037037
32620 0.037037
30793 0.037037
27926 0.037037
15416 0.037037
15225 0.037037
12569 0.037037
11909 0.037037
11488 0.037037
5373 0.037037
2885 0.037037
2069 0.037037
830 0.037037
14551 0.030303
38460 0.025
30434 0.025
22101 0.025
9744 0.025
39947 0.0208333
35346 0.0208333
30676 0.0208333
27989 0.0208333
27425 0.0208333
15873 0.0208333
14768 0.0208333
11080 0.0208333
5719 0.0208333
3494 0.0208333
1355 0.0208333
110 0.0208333
40001 0.02
37540 0.02
33656 0.02
31480 0.02
25057 0.02
24296 0.02
20035 0.02
16946 0.02
15658 0.02
15115 0.02
14130 0.02
11958 0.02
11196 0.02
10358 0.02
1638 0.02
40970 0.00645161
39896 0.00645161
39102 0.00645161
38752 0.00645161
38298 0.00645161
37935 0.00645161
37727 0.00645161
37682 0.00645161
37372 0.00645161
37184 0.00645161
36963 0.00645161
36663 0.00645161
36491 0.00645161
36473 0.00645161
35691 0.00645161
35369 0.00645161
35093 0.00645161
34386 0.00645161
33362 0.00645161
32661 0.00645161
32518 0.00645161
32494 0.00645161
32449 0.00645161
31894 0.00645161
31887 0.00645161
31657 0.00645161
30972 0.00645161
30962 0.00645161
30823 0.00645161
30818 0.00645161
30765 0.00645161
28869 0.00645161
28776 0.00645161
27029 0.00645161
26226 0.00645161
26087 0.00645161
24414 0.00645161
23609 0.00645161
22402 0.00645161
21141 0.00645161
20813 0.00645161
20204 0.00645161
18798 0.00645161
18650 0.00645161
18378 0.00645161
18226 0.00645161
18049 0.00645161
17770 0.00645161
17715 0.00645161
17634 0.00645161
17525 0.00645161
17175 0.00645161
16915 0.00645161
16823 0.00645161
16043 0.00645161
15156 0.00645161
14472 0.00645161
14166 0.00645161
13573 0.00645161
12519 0.00645161
12394 0.00645161
12054 0.00645161
11054 0.00645161
11047 0.00645161
10751 0.00645161
10737 0.00645161
10273 0.00645161
9862 0.00645161
9665 0.00645161
9540 0.00645161
9386 0.00645161
8861 0.00645161
7708 0.00645161
7491 0.00645161
6644 0.00645161
6255 0.00645161
5305 0.00645161
4922 0.00645161
4417 0.00645161
4129 0.00645161
2840 0.00645161
2647 0.00645161
2483 0.00645161
2289 0.00645161
2020 0.00645161
1811 0.00645161
1313 0.00645161
919 0.00645161
52 0.00645161
40980 0
40979 0
40978 0
40977 0
40976 0
40975 0
40974 0
40973 0
40972 0
40971 0
40969 0
40968 0
40967 0
40966 0
40965 0
40964 0
40963 0
40962 0
40961 0
40960 0
40959 0
40958 0
40957 0
40956 0
40955 0
40954 0
40953 0
40952 0
40951 0
40950 0
40949 0
40948 0
40947 0
40946 0
40945 0
40944 0
40943 0
40942 0
40941 0
40940 0
40939 0
40938 0
40937 0
40936 0
40935 0
40934 0
40933 0
40932 0
40931 0
40930 0
40929 0
40928 0
40927 0
40926 0
40925 0
40924 0
40923 0
40922 0
40921 0
40920 0
40919 0
40918 0
40917 0
40916 0
40915 0
40914 0
40913 0
40912 0
40911 0
40910 0
40909 0
40908 0
40907 0
40906 0
40905 0
40904 0
40903 0
40902 0
40901 0
40900 0
40899 0
40898 0
40897 0
40896 0
40895 0
40894 0
40893 0
40892 0
40891 0
40890 0
40889 0
40888 0
40887 0
40886 0
40885 0
40884 0
40883 0
40882 0
40881 0
40880 0
40879 0
40878 0
40877 0
40876 0
40875 0
40874 0
40873 0
40872 0
40871 0
40870 0
40869 0
40868 0
40867 0
40866 0
40865 0
40864 0
40863 0
40862 0
40861 0
40860 0
40859 0
40858 0
40857 0
40856 0
40855 0
40854 0
40853 0
40852 0
40851 0
40850 0
40849 0
40848 0
40847 0
40846 0
40845 0
40844 0
40843 0
40842 0
40841 0
40840 0
40839 0
40838 0
40837 0
40836 0
40835 0
40834 0
40833 0
40832 0
40831 0
40830 0
40829 0
40828 0
40827 0
40826 0
40825 0
40824 0
40823 0
40822 0
40821 0
40820 0
40819 0
40818 0
40817 0
40816 0
40815 0
40814 0
40813 0
40812 0
40811 0
40810 0
40809 0
40808 0
40807 0
40806 0
40805 0
40804 0
40803 0
40802 0
40801 0
40800 0
40799 0
40798 0
40797 0
40796 0
40795 0
40794 0
40793 0
40792 0
40791 0
40790 0
40789 0
40788 0
40787 0
40786 0
40785 0
40784 0
40783 0
40782 0
40781 0
40780 0
40779 0
40778 0
40777 0
40776 0
40775 0
40774 0
40773 0
40772 0
40771 0
40770 0
40769 0
40768 0
40767 0
40766 0
40765 0
40764 0
40763 0
40762 0
40761 0
40760 0
40759 0
40758 0
40757 0
40756 0
40755 0
40753 0
40752 0
40751 0
40750 0
40749 0
40748 0
40747 0
40746 0
40745 0
40744 0
40743 0
40742 0
40741 0
40740 0
40739 0
40738 0
40737 0
40736 0
40735 0
40734 0
40733 0
40732 0
