18328 1473.14
23285 548.6
15764 295.971
6294 107.205
6195 91.5651
34749 73.7178
31301 70.6266
9810 63.9665
24903 49.3022
15453 42.2475
8672 40.4826
2422 36.9871
14645 35.3452
865 34.5015
39086 33.5501
30898 32.3127
23843 30.9312
34152 30.0155
21593 29.4079
27799 28.2764
19032 26.1193
26006 25.6605
7392 24.5808
1975 24.2794
14661 23.6858
13956 21.9697
11475 21.9341
22594 21.8135
3757 21.1084
2283 20.4121
1621 19.9384
16370 19.3897
13825 19.2197
32885 19.2187
8066 18.4177
28992 18.0681
36993 17.9619
20520 17.9306
20962 17.5322
28634 17.1818
11072 16.8912
20701 16.8094
836 15.8312
24280 15.1683
40598 15.1533
3096 14.9075
25079 14.9044
16601 14.4851
13445 14.0742
23254 13.5639
34426 13.2207
17513 12.8435
26763 12.8007
37065 12.7199
23847 12.5122
33557 12.5094
18950 12.4427
543 12.409
22572 12.2629
18542 11.9986
8708 11.7786
3936 11.6873
34653 11.6769
2386 11.59
10331 11.4089
9762 11.2803
4907 11.1943
1508 10.768
37313 10.6571
19302 10.5673
16068 10.2796
282 10.0452
8455 10.036
40059 9.76697
17312 9.6922
9741 9.31266
34768 9.22979
2008 9.11436
2885 8.88136
24825 8.80935
17716 8.78182
36144 8.75338
8479 8.7122
38529 8.45254
23696 8.35918
38361 8.24709
27212 7.92938
34737 7.91699
28159 7.80967
25143 7.75907
21205 7.48718
4525 7.16798
9549 7.02595
11792 7.01164
37256 6.95766
23717 6.92714
9282 6.9044
5257 6.80884
14717 6.584
19254 6.51843
8027 6.49402
35945 6.43865
13309 6.34078
20878 6.0654
10087 6.01554
23139 6.01374
21148 5.9237
13199 5.83248
8741 5.82925
26759 5.81776
18189 5.69566
30237 5.62881
24733 5.61695
33180 5.45141
16280 5.38255
39431 5.33299
23724 5.32897
17163 5.32792
3581 5.25998
13557 5.23218
5637 5.22045
12608 5.13532
20833 5.09325
30054 5.04016
23331 4.98686
40501 4.98238
30812 4.97546
14313 4.95747
17447 4.91893
10923 4.89031
22198 4.8772
13621 4.86832
25682 4.83824
12752 4.78529
1611 4.68383
7427 4.56947
36123 4.47206
33230 4.43753
18394 4.43011
37924 4.41104
33802 4.38907
35892 4.15967
445 4.10898
830 4.06807
37914 4.00632
35720 3.95916
3560 3.92135
18906 3.92128
38926 3.90381
17348 3.8886
38088 3.88129
21341 3.87609
37711 3.79829
625 3.79749
16544 3.72471
39791 3.65901
12629 3.65462
33148 3.63099
1925 3.56307
15130 3.54973
38214 3.54761
2793 3.54355
10948 3.53642
27509 3.45286
25860 3.44543
29401 3.42851
31117 3.39633
13671 3.3874
32222 3.36201
4477 3.26548
21308 3.24847
22727 3.23845
987 3.23019
3537 3.2293
19566 3.21905
40303 3.12836
21656 3.1105
28742 3.06342
28302 3.05776
35408 3.03527
34869 3.02492
27926 3.02369
40724 2.97735
30793 2.97592
19125 2.94545
32176 2.91643
8648 2.88695
4966 2.88016
23499 2.8686
24144 2.80842
29325 2.7855
26478 2.77474
22804 2.7284
6262 2.72424
25625 2.71619
21478 2.6833
11081 2.68197
35459 2.67931
40081 2.59008
39332 2.57976
35734 2.57963
12807 2.55155
21730 2.54911
2869 2.50921
25150 2.50774
13635 2.50635
10140 2.50468
247 2.49924
26176 2.48381
17634 2.43951
31329 2.43294
23937 2.42083
29938 2.40935
13043 2.39609
26069 2.38178
23682 2.34188
40202 2.27
14847 2.24802
33223 2.2333
17156 2.22222
40619 2.2158
33696 2.16109
12606 2.15874
2560 2.1436
8096 2.13262
20804 2.12362
30022 2.119
21784 2.11028
12023 2.10952
7708 2.10499
13327 2.09151
7038 2.0793
20167 2.05952
5550 2.05531
18143 2.05053
34811 2.05007
24938 2.02662
16789 2.00406
23267 2.00301
25186 1.98266
33545 1.97639
16704 1.95066
19417 1.93764
23476 1.92468
26468 1.91706
38842 1.90854
5588 1.88571
39102 1.88129
10390 1.87543
17680 1.87098
2161 1.83674
29878 1.83333
6526 1.83066
21393 1.80476
9951 1.76715
766 1.75432
24422 1.75049
32620 1.74559
7573 1.70933
1943 1.69625
15337 1.68532
23016 1.68469
29714 1.67152
17301 1.66667
10761 1.66291
9665 1.651
15321 1.64607
39350 1.64488
22337 1.6123
25435 1.61102
17625 1.59424
4745 1.59216
22711 1.57902
34312 1.56742
25885 1.56742
5817 1.5663
36734 1.56184
37027 1.56085
17083 1.53615
40883 1.53333
38080 1.52702
34487 1.51846
10743 1.50229
13654 1.50104
28500 1.5
39876 1.45157
36888 1.44783
1416 1.41764
26152 1.41667
15873 1.41203
24239 1.41103
25780 1.41097
31302 1.39791
8465 1.39264
6797 1.3881
23101 1.38808
19188 1.38268
10480 1.37327
39243 1.37162
33633 1.36667
31754 1.3381
19387 1.33036
20320 1.31667
5915 1.30707
29165 1.29209
22842 1.28677
18342 1.27307
39555 1.25952
28132 1.2467
40974 1.2347
21607 1.21837
567 1.21126
35185 1.20182
21978 1.20182
22877 1.20043
35701 1.19959
5279 1.19
27628 1.1833
20087 1.16889
34242 1.16667
31308 1.16267
3477 1.16113
186 1.15814
24842 1.15306
9705 1.15267
31894 1.14352
3066 1.13705
20250 1.1
36079 1.08545
52 1.08453
23432 1.07291
31550 1.06716
15331 1.06261
21323 1.04975
38146 1.0496
19401 1.04776
15922 1.04286
408 1.02482
1471 1.01647
16639 1.0157
26642 1.00746
9862 0.989094
18428 0.984841
12762 0.969275
8824 0.965873
34483 0.963997
32202 0.961544
8064 0.948611
37048 0.9421
33269 0.930672
24414 0.920217
10523 0.91978
35346 0.917852
27989 0.917852
26008 0.917156
22120 0.916667
38824 0.916024
36575 0.905559
28127 0.899733
5420 0.898405
6283 0.889008
8035 0.884524
185 0.883766
26011 0.883333
32472 0.882252
22367 0.879167
2633 0.874168
1712 0.873581
12580 0.866917
30971 0.866667
38583 0.86379
15225 0.858767
23259 0.846127
704 0.843478
21889 0.839588
27420 0.83759
10183 0.830952
14768 0.829888
26839 0.828562
12327 0.821731
15301 0.821561
5693 0.821125
11810 0.810689
26084 0.805461
35137 0.804284
20007 0.795238
29066 0.795145
21605 0.791616
1167 0.790018
37888 0.783333
19590 0.783333
26551 0.781647
19180 0.779167
14138 0.777778
13304 0.773849
12709 0.766667
26175 0.766024
32 0.765909
4195 0.762481
18034 0.757576
11799 0.75
9239 0.742973
16315 0.741342
16395 0.737338
11218 0.733766
19725 0.729513
37323 0.728373
19253 0.72629
27891 0.725667
16076 0.701623
24678 0.70119
36681 0.7
39659 0.696955
35931 0.695076
29181 0.685079
16298 0.672439
35373 0.654762
17202 0.65
4878 0.65
22530 0.645743
5449 0.645534
35413 0.644444
20431 0.644444
39962 0.641775
23813 0.637816
21488 0.636204
16236 0.635965
16723 0.628822
27690 0.627572
5214 0.626504
37523 0.616667
31283 0.616667
19736 0.616667
36128 0.611111
21823 0.611111
17399 0.611111
17368 0.609595
5748 0.6
22567 0.596491
20425 0.594567
10361 0.593799
1068 0.592857
2069 0.588926
36395 0.585965
16504 0.584856
26370 0.583333
13432 0.578475
12035 0.577652
18711 0.575
39695 0.568996
10465 0.568988
34904 0.566667
6592 0.561111
432 0.554001
35421 0.553528
18077 0.553271
9561 0.547796
6208 0.545738
38196 0.540909
30015 0.540631
26786 0.535714
6319 0.534005
33541 0.533067
37773 0.531197
33089 0.530327
25200 0.527979
23582 0.525
5642 0.525
19774 0.524483
2647 0.523056
23431 0.521429
8261 0.520379
39671 0.515905
13757 0.5125
32140 0.510364
25826 0.509524
33028 0.508824
17687 0.508824
38535 0.507576
37595 0.505952
26632 0.502667
15236 0.497619
6983 0.497619
34765 0.495952
28035 0.494809
14886 0.49264
350 0.492157
26170 0.491667
1315 0.491667
34543 0.477778
35766 0.47767
6041 0.47767
2663 0.47619
13916 0.471673
20686 0.471277
40890 0.466911
15484 0.463486
34476 0.462241
5719 0.461284
26061 0.460145
