29879 5.2293
37684 1.7246
12583 1.27143
28776 1.1881
6455 1.1881
27024 1.13889
4942 1.01905
1196 0.955556
33188 0.922222
18928 0.7
28536 0.654762
15366 0.616667
34779 0.566667
37547 0.472222
21535 0.472222
7793 0.438095
30528 0.422222
22237 0.422222
40257 0.398413
38124 0.398413
36543 0.333333
12336 0.333333
2698 0.333333
15051 0.265812
484 0.260317
35197 0.25
18623 0.25
469 0.25
31961 0.231746
25711 0.231746
19871 0.209524
19456 0.209524
8950 0.209524
28881 0.2
22776 0.2
11473 0.2
7421 0.2
20105 0.172222
16170 0.172222
30463 0.166667
23606 0.166667
22826 0.166667
22566 0.166667
22204 0.166667
34956 0.142857
30041 0.142857
39905 0.133333
33023 0.133333
28043 0.133333
7484 0.133333
6472 0.0833333
1529 0.0833333
1297 0.0833333
38466 0.0769231
25519 0.0769231
19754 0.0769231
18158 0.0769231
17494 0.0769231
10897 0.0769231
8282 0.0769231
4124 0.0769231
3894 0.0769231
38677 0.0714286
32361 0.0714286
24851 0.0714286
23430 0.0714286
12815 0.0714286
11813 0.0714286
3540 0.0714286
3038 0.0714286
37745 0.0666667
37393 0.0666667
36941 0.0666667
32561 0.0666667
26568 0.0666667
24455 0.0666667
24345 0.0666667
20284 0.0666667
14157 0.0666667
10085 0.0666667
5945 0.0666667
4460 0.0666667
997 0.0666667
40702 0.0555556
39823 0.0555556
33572 0.0555556
31065 0.0555556
28256 0.0555556
27754 0.0555556
20070 0.0555556
17308 0.0555556
16580 0.0555556
15186 0.0555556
12117 0.0555556
6775 0.0555556
4401 0.0555556
39321 0.0222222
38617 0.0222222
37283 0.0222222
36863 0.0222222
35964 0.0222222
30077 0.0222222
25486 0.0222222
22632 0.0222222
19556 0.0222222
19398 0.0222222
18634 0.0222222
18431 0.0222222
15932 0.0222222
15915 0.0222222
11894 0.0222222
11772 0.0222222
11141 0.0222222
9679 0.0222222
6471 0.0222222
5542 0.0222222
5391 0.0222222
5140 0.0222222
2780 0.0222222
2184 0.0222222
1956 0.0222222
40980 0
40979 0
40978 0
40977 0
40976 0
40975 0
40974 0
40973 0
40972 0
40971 0
40970 0
40969 0
40968 0
40967 0
40966 0
40965 0
40964 0
40963 0
40962 0
40961 0
40960 0
40959 0
40958 0
40957 0
40956 0
40955 0
40954 0
40953 0
40952 0
40951 0
40950 0
40949 0
40948 0
40947 0
40946 0
40945 0
40944 0
40943 0
40942 0
40941 0
40940 0
40939 0
40938 0
40937 0
40936 0
40935 0
40934 0
40933 0
40932 0
40931 0
40930 0
40929 0
40928 0
40927 0
40926 0
40925 0
40924 0
40923 0
40922 0
40921 0
40920 0
40919 0
40918 0
40917 0
40916 0
40915 0
40914 0
40913 0
40912 0
40911 0
40910 0
40909 0
40908 0
40907 0
40906 0
40905 0
40904 0
40903 0
40902 0
40901 0
40900 0
40899 0
40898 0
40897 0
40896 0
40895 0
40894 0
40893 0
40892 0
40891 0
40890 0
40889 0
40888 0
40887 0
40886 0
40885 0
40884 0
40883 0
40882 0
40881 0
40880 0
40879 0
40878 0
40877 0
40876 0
40875 0
40874 0
40873 0
40872 0
40871 0
40870 0
40869 0
40868 0
40867 0
40866 0
40865 0
40864 0
40863 0
40862 0
40861 0
40860 0
40859 0
40858 0
40857 0
40856 0
40855 0
40854 0
40853 0
40852 0
40851 0
40850 0
40849 0
40848 0
40847 0
40846 0
40845 0
40844 0
40843 0
40842 0
40841 0
40840 0
40839 0
40838 0
40837 0
40836 0
40835 0
40834 0
40833 0
40832 0
40831 0
40830 0
40829 0
40828 0
40827 0
40826 0
40825 0
40824 0
40823 0
40822 0
40821 0
40820 0
40819 0
40818 0
40817 0
40816 0
40815 0
40814 0
40813 0
40812 0
40811 0
40810 0
40809 0
40808 0
40807 0
40806 0
40805 0
40804 0
40803 0
40802 0
40801 0
40800 0
40799 0
40798 0
40797 0
40796 0
40795 0
40794 0
40793 0
40792 0
40791 0
40790 0
40789 0
40788 0
40787 0
40786 0
40785 0
40784 0
40783 0
40782 0
40781 0
40780 0
40779 0
40778 0
40777 0
40776 0
40775 0
40774 0
40773 0
40772 0
40771 0
40770 0
40769 0
40768 0
40767 0
40766 0
40765 0
40764 0
40763 0
40762 0
40761 0
40760 0
40759 0
40758 0
40757 0
40756 0
40755 0
40754 0
40753 0
40752 0
40751 0
40750 0
40749 0
40748 0
40747 0
40746 0
40745 0
40744 0
40743 0
40742 0
40741 0
40740 0
40739 0
40738 0
40737 0
40736 0
40735 0
40734 0
40733 0
40732 0
40731 0
40730 0
40729 0
40728 0
40727 0
40726 0
40725 0
40724 0
40723 0
40722 0
40721 0
40720 0
40719 0
40718 0
40717 0
40716 0
40715 0
40714 0
40713 0
40712 0
40711 0
40710 0
40709 0
40708 0
40707 0
40706 0
40705 0
40704 0
40703 0
40701 0
40700 0
40699 0
40698 0
40697 0
40696 0
40695 0
40694 0
40693 0
40692 0
40691 0
40690 0
40689 0
40688 0
40687 0
40686 0
40685 0
40684 0
40683 0
40682 0
40681 0
40680 0
40679 0
40678 0
40677 0
40676 0
40675 0
40674 0
40673 0
40672 0
40671 0
40670 0
40669 0
40668 0
40667 0
40666 0
40665 0
40664 0
40663 0
40662 0
40661 0
40660 0
40659 0
40658 0
40657 0
40656 0
40655 0
40654 0
40653 0
40652 0
40651 0
40650 0
40649 0
40648 0
40647 0
40646 0
40645 0
40644 0
40643 0
40642 0
40641 0
40640 0
40639 0
40638 0
40637 0
40636 0
40635 0
40634 0
40633 0
40632 0
40631 0
40630 0
40629 0
40628 0
40627 0
40626 0
40625 0
40624 0
40623 0
40622 0
40621 0
40620 0
40619 0
40618 0
40617 0
40616 0
40615 0
40614 0
40613 0
40612 0
40611 0
40610 0
40609 0
40608 0
40607 0
40606 0
40605 0
40604 0
40603 0
40602 0
40601 0
