19795 1.45442
25701 1.17283
987 1.1193
22594 1.01348
29436 0.916667
25610 0.808766
1173 0.690385
16203 0.623333
31753 0.5959
1194 0.574908
1686 0.54
21719 0.515152
12938 0.486809
19405 0.390909
9880 0.390909
12516 0.377946
31342 0.376935
15577 0.333333
27442 0.308766
7662 0.308766
51 0.287037
17430 0.270054
34443 0.258333
37248 0.256371
19506 0.256371
33914 0.251496
33509 0.251496
5942 0.251496
5418 0.251496
23936 0.250641
16186 0.25
36923 0.245
5562 0.245
6604 0.206294
3009 0.206294
38872 0.177567
7510 0.177567
4253 0.174874
18918 0.167382
14100 0.167382
35703 0.166667
15673 0.166667
1189 0.166667
21117 0.142857
39842 0.125
18075 0.125
10446 0.125
1974 0.125
2110 0.116206
29404 0.111111
24435 0.111111
38992 0.1
37924 0.1
32390 0.1
27921 0.1
7589 0.1
3991 0.1
1687 0.1
14650 0.0968116
31468 0.0960114
28025 0.0960114
7829 0.0960114
24743 0.0958999
20784 0.0958999
16568 0.0958999
11369 0.0958999
40643 0.0948942
32050 0.0948942
37079 0.0909091
30559 0.0909091
18298 0.0909091
3274 0.0909091
136 0.0909091
37263 0.0868468
36360 0.0868468
32952 0.0868468
22109 0.0868468
19285 0.0868468
10428 0.0868468
2605 0.0868468
39681 0.0610256
29829 0.0610256
9735 0.0610256
38543 0.057323
38089 0.057323
34806 0.057323
32579 0.057323
28060 0.057323
16258 0.057323
15188 0.057323
11337 0.057323
10812 0.057323
9107 0.057323
8174 0.057323
7985 0.057323
1704 0.057323
39808 0.0570513
34796 0.0570513
34054 0.0570513
34021 0.0570513
32869 0.0570513
22965 0.0570513
14786 0.0570513
441 0.0570513
33295 0.0570117
22302 0.0570117
21992 0.0570117
14999 0.0570117
12126 0.0570117
5219 0.0570117
4850 0.0570117
1580 0.0570117
39095 0.0434783
38437 0.0434783
35630 0.0434783
16420 0.0434783
6695 0.0434783
6270 0.0434783
2162 0.0434783
37889 0.04
34524 0.04
17125 0.04
3466 0.04
36011 0.037037
8059 0.037037
2407 0.037037
29994 0.0333333
28068 0.0333333
22739 0.0333333
21356 0.0333333
17452 0.0333333
11512 0.0333333
7281 0.0333333
76 0.0333333
40834 0.025641
36225 0.025641
35771 0.025641
34660 0.025641
33367 0.025641
26670 0.025641
21587 0.025641
21154 0.025641
19122 0.025641
16292 0.025641
10515 0.025641
6146 0.025641
4504 0.025641
2765 0.025641
39617 0.0238095
38034 0.0238095
35394 0.0238095
26939 0.0238095
26881 0.0238095
25757 0.0238095
23345 0.0238095
16024 0.0238095
15062 0.0238095
10968 0.0238095
908 0.0238095
40623 0.02
36004 0.02
32553 0.02
32215 0.02
31511 0.02
26915 0.02
25662 0.02
23477 0.02
21192 0.02
18609 0.02
17808 0.02
16243 0.02
14413 0.02
13744 0.02
11879 0.02
11603 0.02
10578 0.02
10372 0.02
10241 0.02
7101 0.02
6060 0.02
1308 0.02
38371 0.0178571
37516 0.0178571
33271 0.0178571
31913 0.0178571
29761 0.0178571
28704 0.0178571
27179 0.0178571
26968 0.0178571
25555 0.0178571
25424 0.0178571
23601 0.0178571
23102 0.0178571
20378 0.0178571
19321 0.0178571
18427 0.0178571
18076 0.0178571
14856 0.0178571
8370 0.0178571
6108 0.0178571
5091 0.0178571
1810 0.0178571
1168 0.0178571
39464 0.0153846
39255 0.0153846
33700 0.0153846
30308 0.0153846
29751 0.0153846
28708 0.0153846
26279 0.0153846
25697 0.0153846
24154 0.0153846
23843 0.0153846
23401 0.0153846
23220 0.0153846
20921 0.0153846
20703 0.0153846
20002 0.0153846
19386 0.0153846
18225 0.0153846
17370 0.0153846
17361 0.0153846
16973 0.0153846
15770 0.0153846
13496 0.0153846
13311 0.0153846
12740 0.0153846
8526 0.0153846
8080 0.0153846
6442 0.0153846
6026 0.0153846
4682 0.0153846
673 0.0153846
40828 0.0135135
40377 0.0135135
40340 0.0135135
39967 0.0135135
37644 0.0135135
34910 0.0135135
34055 0.0135135
33736 0.0135135
33008 0.0135135
32260 0.0135135
30376 0.0135135
27894 0.0135135
26920 0.0135135
25775 0.0135135
24583 0.0135135
23376 0.0135135
20062 0.0135135
19706 0.0135135
16669 0.0135135
15757 0.0135135
15742 0.0135135
15129 0.0135135
15097 0.0135135
14872 0.0135135
14714 0.0135135
14428 0.0135135
12175 0.0135135
12065 0.0135135
9914 0.0135135
9808 0.0135135
4336 0.0135135
4183 0.0135135
3332 0.0135135
2433 0.0135135
1183 0.0135135
853 0.0135135
40980 0
40979 0
40978 0
40977 0
40976 0
40975 0
40974 0
40973 0
40972 0
40971 0
40970 0
40969 0
40968 0
40967 0
40966 0
40965 0
40964 0
40963 0
40962 0
40961 0
40960 0
40959 0
40958 0
40957 0
40956 0
40955 0
40954 0
40953 0
40952 0
40951 0
40950 0
40949 0
40948 0
40947 0
40946 0
40945 0
40944 0
40943 0
40942 0
40941 0
40940 0
40939 0
40938 0
40937 0
40936 0
40935 0
40934 0
40933 0
40932 0
40931 0
40930 0
40929 0
40928 0
40927 0
40926 0
40925 0
40924 0
40923 0
40922 0
40921 0
40920 0
40919 0
40918 0
40917 0
40916 0
40915 0
40914 0
40913 0
40912 0
40911 0
40910 0
40909 0
40908 0
40907 0
40906 0
40905 0
40904 0
40903 0
40902 0
40901 0
40900 0
40899 0
40898 0
40897 0
40896 0
40895 0
40894 0
40893 0
40892 0
40891 0
40890 0
40889 0
40888 0
40887 0
40886 0
40885 0
40884 0
40883 0
40882 0
40881 0
40880 0
40879 0
40878 0
40877 0
40876 0
40875 0
40874 0
40873 0
40872 0
40871 0
40870 0
40869 0
40868 0
40867 0
40866 0
40865 0
40864 0
40863 0
40862 0
40861 0
40860 0
40859 0
40858 0
40857 0
40856 0
40855 0
40854 0
40853 0
40852 0
40851 0
40850 0
40849 0
40848 0
40847 0
40846 0
40845 0
40844 0
40843 0
40842 0
40841 0
40840 0
40839 0
40838 0
40837 0
40836 0
40835 0
40833 0
40832 0
40831 0
40830 0
40829 0
40827 0
40826 0
40825 0
40824 0
40823 0
40822 0
40821 0
40820 0
40819 0
40818 0
40817 0
40816 0
40815 0
40814 0
40813 0
40812 0
40811 0
40810 0
40809 0
40808 0
40807 0
40806 0
40805 0
40804 0
40803 0
40802 0
40801 0
40800 0
40799 0
40798 0
40797 0
40796 0
40795 0
40794 0
40793 0
40792 0
40791 0
40790 0
40789 0
40788 0
40787 0
40786 0
40785 0
40784 0
40783 0
40782 0
40781 0
40780 0
40779 0
40778 0
40777 0
40776 0
40775 0
40774 0
40773 0
40772 0
40771 0
40770 0
40769 0
40768 0
40767 0
40766 0
40765 0
40764 0
40763 0
40762 0
40761 0
40760 0
40759 0
40758 0
40757 0
40756 0
40755 0
40754 0
40753 0
40752 0
40751 0
40750 0
40749 0
40748 0
