13654 0.811832
4189 0.811832
36313 0.804458
22530 0.780371
4866 0.72549
12569 0.634524
27799 0.578102
30425 0.553709
3541 0.553709
9180 0.549621
15669 0.545455
16806 0.492857
28478 0.466667
1332 0.45
32930 0.434524
6715 0.429167
4484 0.429167
30793 0.42549
17412 0.414286
978 0.378968
33256 0.369675
16327 0.35049
25304 0.333333
12541 0.312611
27863 0.303968
14858 0.301129
20753 0.293968
11410 0.293968
35734 0.28869
40890 0.280556
26476 0.280556
36400 0.266667
3936 0.266667
39791 0.25
39600 0.25
27613 0.25
24902 0.25
20704 0.25
15715 0.25
14585 0.25
7076 0.25
35766 0.223333
29551 0.223333
18138 0.223333
12723 0.223333
6979 0.223333
21323 0.2025
34030 0.2
11733 0.2
35346 0.176879
34098 0.170945
39962 0.166667
36215 0.166667
33633 0.166667
33267 0.166667
8497 0.166667
6336 0.166667
2885 0.166667
110 0.165675
35463 0.16549
35317 0.16549
29640 0.16549
21801 0.145833
4934 0.145833
34116 0.142857
25765 0.142857
25362 0.142857
18999 0.142857
14672 0.142857
9283 0.142857
1410 0.142857
15665 0.137611
27166 0.133074
6140 0.133074
30897 0.132157
19277 0.132157
31140 0.132157
3940 0.132157
24505 0.125
21903 0.125
14181 0.125
9653 0.125
3162 0.125
3105 0.125
32607 0.111111
30229 0.111111
29237 0.111111
22088 0.111111
19242 0.111111
17492 0.111111
3123 0.111111
40597 0.1
25659 0.1
23886 0.1
22390 0.1
21912 0.1
18520 0.1
17917 0.1
5209 0.1
2873 0.1
31589 0.0833333
28381 0.0833333
4574 0.0833333
34385 0.0666667
33518 0.0666667
20163 0.0666667
14138 0.0666667
9196 0.0666667
9006 0.0666667
37566 0.0625
33248 0.0625
28094 0.0625
27776 0.0625
21889 0.0625
21051 0.0625
14670 0.0625
14489 0.0625
13628 0.0625
2951 0.0625
1614 0.0625
860 0.0625
1 0.0625
37502 0.0588235
37374 0.0588235
37305 0.0588235
36918 0.0588235
36643 0.0588235
29140 0.0588235
27161 0.0588235
25826 0.0588235
24400 0.0588235
23240 0.0588235
22368 0.0588235
19967 0.0588235
16787 0.0588235
16283 0.0588235
15276 0.0588235
14314 0.0588235
10424 0.0588235
9199 0.0588235
4539 0.0588235
4058 0.0588235
2643 0.0588235
612 0.0588235
39947 0.0555556
30676 0.0555556
27989 0.0555556
26574 0.0555556
20152 0.0555556
11080 0.0555556
8224 0.0555556
38608 0.05
36259 0.05
30419 0.05
27176 0.05
22170 0.05
22075 0.05
21721 0.05
17142 0.05
14569 0.05
13801 0.05
39951 0.047619
35062 0.047619
29946 0.047619
17583 0.047619
15012 0.047619
9244 0.047619
8990 0.047619
6830 0.047619
3030 0.047619
38535 0.0454545
30379 0.0454545
27388 0.0454545
24126 0.0454545
23843 0.0454545
16778 0.0454545
40764 0.04
38583 0.04
37196 0.04
35099 0.04
30209 0.04
29923 0.04
26095 0.04
25831 0.04
21831 0.04
19647 0.04
19379 0.04
14768 0.04
12893 0.04
11169 0.04
9823 0.04
8035 0.04
6807 0.04
4091 0.04
2843 0.04
2786 0.04
634 0.04
39642 0.0333333
37426 0.0333333
34579 0.0333333
31450 0.0333333
30504 0.0333333
25505 0.0333333
21431 0.0333333
18963 0.0333333
16299 0.0333333
13645 0.0333333
10453 0.0333333
5036 0.0333333
3718 0.0333333
1131 0.0333333
102 0.0333333
40980 0
40979 0
40978 0
40977 0
40976 0
40975 0
40974 0
40973 0
40972 0
40971 0
40970 0
40969 0
40968 0
40967 0
40966 0
40965 0
40964 0
40963 0
40962 0
40961 0
40960 0
40959 0
40958 0
40957 0
40956 0
40955 0
40954 0
40953 0
40952 0
40951 0
40950 0
40949 0
40948 0
40947 0
40946 0
40945 0
40944 0
40943 0
40942 0
40941 0
40940 0
40939 0
40938 0
40937 0
40936 0
40935 0
40934 0
40933 0
40932 0
40931 0
40930 0
40929 0
40928 0
40927 0
40926 0
40925 0
40924 0
40923 0
40922 0
40921 0
40920 0
40919 0
40918 0
40917 0
40916 0
40915 0
40914 0
40913 0
40912 0
40911 0
40910 0
40909 0
40908 0
40907 0
40906 0
40905 0
40904 0
40903 0
40902 0
40901 0
40900 0
40899 0
40898 0
40897 0
40896 0
40895 0
40894 0
40893 0
40892 0
40891 0
40889 0
40888 0
40887 0
40886 0
40885 0
40884 0
40883 0
40882 0
40881 0
40880 0
40879 0
40878 0
40877 0
40876 0
40875 0
40874 0
40873 0
40872 0
40871 0
40870 0
40869 0
40868 0
40867 0
40866 0
40865 0
40864 0
40863 0
40862 0
40861 0
40860 0
40859 0
40858 0
40857 0
40856 0
40855 0
40854 0
40853 0
40852 0
40851 0
40850 0
40849 0
40848 0
40847 0
40846 0
40845 0
40844 0
40843 0
40842 0
40841 0
40840 0
40839 0
40838 0
40837 0
40836 0
40835 0
40834 0
40833 0
40832 0
40831 0
40830 0
40829 0
40828 0
40827 0
40826 0
40825 0
40824 0
40823 0
40822 0
40821 0
40820 0
40819 0
40818 0
40817 0
40816 0
40815 0
40814 0
40813 0
40812 0
40811 0
40810 0
40809 0
40808 0
40807 0
40806 0
40805 0
40804 0
40803 0
40802 0
40801 0
40800 0
40799 0
40798 0
40797 0
40796 0
40795 0
40794 0
40793 0
40792 0
40791 0
40790 0
40789 0
40788 0
40787 0
40786 0
40785 0
40784 0
40783 0
40782 0
40781 0
40780 0
40779 0
40778 0
40777 0
40776 0
40775 0
40774 0
40773 0
40772 0
40771 0
40770 0
40769 0
40768 0
40767 0
40766 0
40765 0
40763 0
40762 0
40761 0
40760 0
40759 0
40758 0
40757 0
40756 0
40755 0
40754 0
40753 0
40752 0
40751 0
40750 0
40749 0
40748 0
40747 0
40746 0
40745 0
40744 0
40743 0
40742 0
40741 0
40740 0
40739 0
40738 0
40737 0
40736 0
40735 0
40734 0
40733 0
40732 0
40731 0
40730 0
40729 0
40728 0
40727 0
40726 0
40725 0
40724 0
40723 0
40722 0
40721 0
40720 0
40719 0
40718 0
40717 0
40716 0
40715 0
40714 0
40713 0
40712 0
40711 0
40710 0
40709 0
40708 0
40707 0
40706 0
40705 0
40704 0
40703 0
40702 0
40701 0
40700 0
40699 0
40698 0
40697 0
40696 0
40695 0
40694 0
40693 0
40692 0
40691 0
