34084 15.044
21341 12.333
38354 8.73214
31361 5.6862
36888 5.04168
39696 4.78436
17951 4.72048
1264 4.00629
6185 3.97858
9021 3.4621
22811 3.20104
4250 2.86431
704 2.67784
31082 2.63733
34746 2.35475
7797 2.32455
17964 2.27692
28200 2.25007
3239 1.94604
8164 1.76831
210 1.73857
18967 1.54207
35800 1.52608
3113 1.47619
24413 1.46652
39595 1.46561
30147 1.40278
26925 1.36188
31016 1.28505
16562 1.24368
18925 1.21667
28182 1.09216
1328 1.06965
30274 1.04155
3808 1.03889
4755 1.02941
40064 1.0062
10350 1.00504
37500 0.984033
3488 0.979506
6207 0.973118
11676 0.961111
29789 0.942857
32733 0.942654
38852 0.916667
4783 0.911537
9167 0.907306
27882 0.905013
20804 0.895958
37705 0.895076
37153 0.881201
19711 0.864502
35323 0.833333
16624 0.822222
28668 0.801623
26839 0.790038
2269 0.785896
13683 0.785732
11703 0.765304
33880 0.748903
16432 0.708979
32783 0.693716
23843 0.685808
16281 0.648985
19032 0.626812
7705 0.625
2758 0.625
7940 0.60119
22594 0.583333
1798 0.570198
39 0.566667
23696 0.559524
6550 0.541667
26264 0.540909
26632 0.537762
26919 0.529531
40406 0.523457
14497 0.517309
15309 0.516626
37431 0.514572
2771 0.514572
3014 0.509524
2089 0.507576
13676 0.505556
3506 0.503968
40812 0.503788
4971 0.503423
18237 0.5
22277 0.487923
39018 0.483766
39116 0.477778
25180 0.475
10705 0.471695
37664 0.467857
31909 0.467857
23868 0.467857
7831 0.4625
26129 0.4375
14990 0.42619
13438 0.42549
27559 0.424896
24508 0.419298
14625 0.410714
4513 0.388889
3271 0.386335
39798 0.37619
10189 0.372024
33842 0.366667
34039 0.363743
20327 0.3625
13194 0.354701
32581 0.34881
23995 0.347222
34239 0.339423
6464 0.337302
31227 0.333333
27507 0.333333
26492 0.333333
620 0.333333
13348 0.330891
37253 0.32702
31559 0.311335
33564 0.30202
1336 0.301681
39810 0.300408
9705 0.300408
38732 0.297447
1020 0.294935
27189 0.291667
18504 0.288743
39758 0.288702
38652 0.283824
8339 0.278822
31373 0.278122
14972 0.273449
25964 0.265873
31155 0.256705
16431 0.251166
33701 0.25
31892 0.25
6405 0.25
6084 0.25
2868 0.25
617 0.25
172 0.25
36149 0.242157
12513 0.239719
10898 0.232435
1229 0.232435
22865 0.229798
16273 0.226656
30145 0.217721
19984 0.217089
20246 0.209197
18482 0.209197
34758 0.2
34331 0.2
29951 0.2
28500 0.2
28003 0.2
24446 0.2
24166 0.2
21033 0.2
16383 0.2
15026 0.2
13918 0.2
2708 0.2
2273 0.2
31209 0.196172
12450 0.175009
33609 0.166667
27799 0.166667
24275 0.166667
20521 0.166667
13278 0.166667
12320 0.166667
7140 0.166667
2840 0.166667
31516 0.163271
1713 0.163271
26820 0.158543
32567 0.142857
30578 0.142857
26123 0.142857
25403 0.142857
22189 0.142857
20225 0.142857
17898 0.142857
5506 0.142857
37916 0.125
34366 0.125
32438 0.125
30007 0.125
26872 0.125
19367 0.125
18745 0.125
18566 0.125
17418 0.125
16837 0.125
16351 0.125
15368 0.125
7485 0.125
2684 0.113848
37762 0.111111
36169 0.111111
32312 0.111111
30899 0.111111
28162 0.111111
27625 0.111111
26077 0.111111
24679 0.111111
24426 0.111111
20855 0.111111
19568 0.111111
15999 0.111111
10853 0.111111
10174 0.111111
4795 0.111111
34271 0.1
28784 0.1
27109 0.1
19628 0.1
17911 0.1
15135 0.1
2997 0.1
39886 0.0909091
38308 0.0909091
34737 0.0909091
29054 0.0909091
17948 0.0909091
15866 0.0909091
15811 0.0909091
15328 0.0909091
11272 0.0909091
11238 0.0909091
9749 0.0909091
37209 0.0833333
35266 0.0833333
34354 0.0833333
31091 0.0833333
17831 0.0833333
1766 0.0833333
640 0.0833333
40340 0.0769231
39309 0.0769231
33926 0.0769231
30376 0.0769231
27855 0.0769231
13349 0.0769231
12332 0.0769231
11875 0.0769231
9576 0.0769231
9441 0.0769231
9107 0.0769231
4214 0.0769231
3033 0.0769231
987 0.0769231
22330 0.0714286
9877 0.0714286
26904 0.0666667
4033 0.0666667
40395 0.0625
35477 0.0625
27861 0.0625
26061 0.0625
25251 0.0625
22372 0.0625
21125 0.0625
19273 0.0625
18916 0.0625
10145 0.0625
4186 0.0625
38593 0.0588235
37845 0.0588235
8355 0.0588235
15003 0.0555556
13253 0.0555556
12027 0.0555556
9772 0.0555556
6476 0.0555556
1185 0.0555556
33636 0.0526316
32399 0.0526316
31647 0.0526316
30516 0.0526316
28400 0.0526316
25391 0.0526316
22634 0.0526316
21360 0.0526316
17760 0.0526316
12871 0.0526316
4855 0.0526316
2978 0.0526316
495 0.0526316
32700 0.0454545
29545 0.0454545
28393 0.0454545
28187 0.0454545
24190 0.0454545
23902 0.0454545
23791 0.0454545
22828 0.0454545
19985 0.0454545
19602 0.0454545
18175 0.0454545
15527 0.0454545
5811 0.0454545
2123 0.0454545
1873 0.0454545
1146 0.0454545
39501 0.0434783
37129 0.0434783
27090 0.0434783
24948 0.0434783
2967 0.0434783
32922 0.0344828
25007 0.0344828
23074 0.0344828
5670 0.0344828
35329 0.0238095
29608 0.0238095
24496 0.0238095
23406 0.0238095
21789 0.0238095
20429 0.0238095
17426 0.0238095
17380 0.0238095
11428 0.0238095
9707 0.0238095
7590 0.0238095
7146 0.0238095
5713 0.0238095
2344 0.0238095
40980 0
40979 0
40978 0
40977 0
40976 0
40975 0
40974 0
40973 0
40972 0
40971 0
40970 0
40969 0
40968 0
40967 0
40966 0
40965 0
40964 0
40963 0
40962 0
40961 0
40960 0
40959 0
40958 0
40957 0
40956 0
40955 0
40954 0
40953 0
40952 0
40951 0
40950 0
40949 0
40948 0
40947 0
40946 0
40945 0
40944 0
40943 0
40942 0
40941 0
40940 0
40939 0
40938 0
40937 0
40936 0
40935 0
40934 0
40933 0
40932 0
40931 0
40930 0
40929 0
40928 0
40927 0
40926 0
40925 0
40924 0
40923 0
40922 0
40921 0
40920 0
40919 0
40918 0
40917 0
40916 0
40915 0
40914 0
40913 0
40912 0
40911 0
40910 0
40909 0
40908 0
40907 0
40906 0
40905 0
40904 0
40903 0
40902 0
40901 0
40900 0
40899 0
40898 0
40897 0
40896 0
40895 0
40894 0
40893 0
40892 0
40891 0
40890 0
40889 0
40888 0
40887 0
40886 0
40885 0
40884 0
40883 0
40882 0
40881 0
40880 0
40879 0
40878 0
40877 0
40876 0
40875 0
40874 0
40873 0
40872 0
40871 0
40870 0
40869 0
40868 0
40867 0
40866 0
40865 0
40864 0
40863 0
40862 0
40861 0
40860 0
40859 0
40858 0
40857 0
40856 0
40855 0
40854 0
40853 0
40852 0
40851 0
40850 0
40849 0
40848 0
40847 0
40846 0
40845 0
40844 0
40843 0
40842 0
40841 0
40840 0
40839 0
40838 0
40837 0
40836 0
40835 0
40834 0
40833 0
40832 0
40831 0
40830 0
40829 0
40828 0
40827 0
40826 0
40825 0
40824 0
40823 0
40822 0
40821 0
40820 0
40819 0
40818 0
40817 0
40816 0
40815 0
40814 0
