27799 11.8115
13916 3.85173
36313 2.62495
31589 2.50053
21186 2.18721
12569 2.07262
29140 1.80049
11810 1.68172
12522 1.60728
14138 1.5652
22088 1.53933
2885 1.52599
6041 1.3971
35099 1.31833
14797 1.30371
22530 1.19342
3002 1.12998
24239 1.125
18138 1.06111
17312 0.96583
17100 0.916667
32231 0.85467
11304 0.842859
31564 0.747991
14030 0.732937
34282 0.7
20763 0.7
35239 0.693651
37027 0.665768
15493 0.644444
9829 0.629762
30425 0.616667
40890 0.576243
31140 0.565781
7167 0.533333
29992 0.525
16806 0.491865
25385 0.49
6486 0.49
14158 0.485714
30504 0.4625
6707 0.461111
22711 0.433824
6166 0.430238
39002 0.423611
15669 0.419643
21323 0.419298
81 0.419298
24288 0.388889
37102 0.378968
10196 0.369582
4189 0.369582
13654 0.36644
33452 0.364093
22745 0.347222
6319 0.333501
29901 0.333333
18052 0.333333
2731 0.333333
9553 0.33127
11626 0.331097
29634 0.330357
12525 0.325397
8242 0.321795
28094 0.321548
8427 0.313034
39661 0.291667
33108 0.291667
28110 0.291667
21861 0.291667
26950 0.289683
7825 0.286447
39399 0.28254
18963 0.281046
21062 0.26859
14355 0.258929
12104 0.251923
40376 0.25
37305 0.25
32144 0.25
30793 0.25
30769 0.25
25200 0.25
21886 0.25
19223 0.25
16947 0.25
9663 0.25
7152 0.25
7145 0.25
33497 0.224242
15056 0.206667
10210 0.203846
40842 0.2
40525 0.2
34157 0.2
31352 0.2
31282 0.2
22456 0.2
21813 0.2
19802 0.2
19229 0.2
18999 0.2
8321 0.2
7076 0.2
1942 0.2
1378 0.2
18810 0.199733
12393 0.199733
6906 0.198214
24137 0.194979
36712 0.192055
23446 0.189423
30897 0.18799
25614 0.179167
4444 0.179167
20084 0.176984
938 0.176984
80 0.174603
18520 0.17373
28521 0.167628
39960 0.166667
38856 0.166667
36918 0.166667
36643 0.166667
35371 0.166667
35029 0.166667
34116 0.166667
30419 0.166667
25362 0.166667
5214 0.166667
4548 0.166667
3911 0.166667
3854 0.166667
1821 0.166667
1003 0.166667
27926 0.162222
35766 0.160119
4994 0.155806
28855 0.155013
32437 0.142857
30119 0.142857
28106 0.142857
23455 0.142857
12874 0.142857
35317 0.137619
27190 0.137619
2781 0.137619
32572 0.125
32536 0.125
32043 0.125
31902 0.125
29921 0.125
24902 0.125
24523 0.125
17154 0.125
14842 0.125
8224 0.125
6005 0.125
4121 0.125
905 0.125
575 0.125
29237 0.117654
23715 0.117654
2027 0.117654
38109 0.111111
32788 0.111111
27486 0.111111
27408 0.111111
27052 0.111111
24336 0.111111
22453 0.111111
14790 0.111111
12423 0.111111
5159 0.111111
3030 0.111111
2221 0.111111
1281 0.111111
1253 0.111111
141 0.111111
33052 0.1
26574 0.1
19511 0.1
12016 0.1
11607 0.1
33377 0.0909091
19576 0.0909091
18119 0.0909091
17301 0.0909091
15225 0.0909091
11393 0.0909091
40389 0.0833333
38500 0.0833333
36955 0.0833333
32337 0.0833333
30979 0.0833333
25689 0.0833333
24719 0.0833333
24707 0.0833333
23843 0.0833333
22960 0.0833333
17875 0.0833333
8208 0.0833333
40868 0.0769231
34561 0.0769231
26084 0.0769231
25184 0.0769231
24678 0.0769231
23056 0.0769231
22798 0.0769231
10501 0.0769231
2837 0.0769231
1954 0.0769231
828 0.0769231
35734 0.0714286
32841 0.0714286
24126 0.0714286
22405 0.0714286
17952 0.0714286
17105 0.0714286
8035 0.0714286
6592 0.0714286
6172 0.0714286
5709 0.0714286
306 0.0714286
170 0.0714286
32036 0.0666667
22170 0.0666667
16723 0.0666667
16395 0.0666667
14546 0.0666667
11467 0.0666667
3940 0.0666667
2295 0.0666667
35185 0.0625
34764 0.0625
33983 0.0625
32173 0.0625
31228 0.0625
30929 0.0625
29626 0.0625
28836 0.0625
26832 0.0625
26786 0.0625
23957 0.0625
21978 0.0625
19952 0.0625
14299 0.0625
10992 0.0625
6298 0.0625
6135 0.0625
5875 0.0625
1410 0.0625
10 0.0625
38141 0.0588235
32562 0.0588235
27208 0.0588235
25291 0.0588235
20531 0.0588235
18683 0.0588235
18021 0.0588235
13507 0.0588235
10308 0.0588235
8197 0.0588235
6539 0.0588235
2638 0.0588235
477 0.0588235
37958 0.0555556
30693 0.0555556
22218 0.0555556
19032 0.0555556
18248 0.0555556
9115 0.0555556
8969 0.0555556
7286 0.0555556
5718 0.0555556
5293 0.0555556
3852 0.0555556
543 0.0555556
90 0.0555556
40596 0.0526316
37750 0.0526316
16298 0.0526316
12541 0.0526316
432 0.0526316
40342 0.05
40228 0.05
39400 0.05
37672 0.05
36400 0.05
35706 0.05
34043 0.05
33545 0.05
32729 0.05
31582 0.05
31160 0.05
27349 0.05
26181 0.05
23689 0.05
14318 0.05
12110 0.05
8688 0.05
5821 0.05
3291 0.05
1973 0.05
1659 0.05
428 0.05
39172 0.047619
27395 0.047619
2484 0.047619
830 0.047619
38776 0.0434783
33028 0.0434783
32034 0.0434783
31663 0.0434783
27901 0.0434783
26095 0.0434783
17277 0.0434783
547 0.0434783
35346 0.04
5056 0.04
28511 0.0384615
28239 0.0384615
19488 0.0384615
16629 0.0384615
2877 0.0384615
29211 0.0357143
19517 0.0357143
18835 0.0357143
10093 0.0357143
6216 0.0357143
3682 0.0357143
39925 0.0333333
35619 0.0333333
32798 0.0333333
31082 0.0333333
30544 0.0333333
29394 0.0333333
29127 0.0333333
25391 0.0333333
25127 0.0333333
23666 0.0333333
22811 0.0333333
20429 0.0333333
19367 0.0333333
17012 0.0333333
16627 0.0333333
16351 0.0333333
14012 0.0333333
13413 0.0333333
12332 0.0333333
11342 0.0333333
11246 0.0333333
9441 0.0333333
5068 0.0333333
4010 0.0333333
2967 0.0333333
704 0.0333333
40980 0
40979 0
40978 0
40977 0
40976 0
40975 0
40974 0
40973 0
40972 0
40971 0
40970 0
40969 0
40968 0
40967 0
40966 0
40965 0
40964 0
40963 0
40962 0
40961 0
40960 0
40959 0
40958 0
40957 0
40956 0
40955 0
40954 0
40953 0
40952 0
40951 0
40950 0
40949 0
40948 0
40947 0
40946 0
40945 0
40944 0
40943 0
40942 0
40941 0
40940 0
40939 0
40938 0
40937 0
40936 0
40935 0
40934 0
40933 0
40932 0
40931 0
40930 0
40929 0
40928 0
40927 0
40926 0
40925 0
40924 0
40923 0
40922 0
40921 0
40920 0
40919 0
40918 0
40917 0
40916 0
40915 0
40914 0
40913 0
40912 0
40911 0
40910 0
40909 0
40908 0
40907 0
40906 0
40905 0
40904 0
40903 0
40902 0
40901 0
40900 0
40899 0
40898 0
40897 0
40896 0
40895 0
40894 0
40893 0
40892 0
40891 0
40889 0
40888 0
40887 0
40886 0
40885 0
40884 0
40883 0
40882 0
40881 0
40880 0
40879 0
40878 0
40877 0
40876 0
40875 0
40874 0
40873 0
40872 0
40871 0
40870 0
40869 0
40867 0
40866 0
40865 0
40864 0
40863 0
40862 0
40861 0
40860 0
40859 0
40858 0
40857 0
40856 0
40855 0
40854 0
40853 0
40852 0
40851 0
40850 0
40849 0
40848 0
40847 0
40846 0
40845 0
40844 0
40843 0
40841 0
40840 0
40839 0
40838 0
40837 0
40836 0
40835 0
