38354 5.74299
704 5.38932
36888 4.6356
21341 4.05046
37928 3.47443
4783 3.02048
19984 2.76758
23995 2.17183
4855 2.14767
39696 2.11043
3239 2.05693
2967 1.92019
9576 1.80877
26632 1.62281
18745 1.54517
25964 1.51299
15309 1.46012
21715 1.44423
16562 1.40215
11246 1.38452
31209 1.35355
39655 1.32487
32438 1.30407
37431 1.23918
24413 1.1373
14497 1.06928
6207 1.02284
21699 1.01332
1798 1.00644
34039 0.997582
17951 0.971645
1713 0.968036
12450 0.922636
6084 0.917276
25216 0.882602
29127 0.879798
495 0.858362
6185 0.83952
4755 0.823689
35329 0.821795
32783 0.813589
34866 0.76694
26951 0.759343
27882 0.729156
16455 0.720833
15601 0.7
33636 0.681061
31647 0.669651
18202 0.662253
9707 0.653081
39758 0.647893
7123 0.628311
13676 0.625
8486 0.624044
32733 0.528528
32005 0.507049
25127 0.494705
2089 0.488131
17242 0.485606
31559 0.470429
34084 0.466461
26469 0.45745
7797 0.441531
3014 0.437571
18566 0.43756
20804 0.433959
31516 0.419762
6405 0.418393
20908 0.409293
19273 0.40202
8164 0.399557
26820 0.398211
8346 0.397479
3694 0.395202
9167 0.393182
7444 0.388889
26129 0.38814
172 0.379412
11428 0.378582
2269 0.37316
24275 0.362195
30905 0.355303
9441 0.355303
2868 0.354588
12676 0.354487
4400 0.338462
11084 0.332479
8360 0.324675
2389 0.324675
16281 0.320892
20482 0.315476
13918 0.297909
37476 0.294419
27855 0.290576
13010 0.288826
32064 0.282736
11703 0.279772
16098 0.276768
29352 0.274361
22398 0.268659
3113 0.258495
2771 0.258495
35800 0.25
7840 0.25
7140 0.25
25403 0.243182
24827 0.238929
377 0.235711
35623 0.232712
34343 0.229798
19103 0.226114
30498 0.224127
36394 0.21859
13858 0.216705
210 0.213485
18916 0.212121
9352 0.211748
6745 0.209312
26839 0.209226
35991 0.205389
37564 0.2
15026 0.2
12778 0.2
5662 0.2
766 0.2
11830 0.2
6824 0.198135
7110 0.192006
13167 0.191793
2139 0.187179
9114 0.185863
10097 0.169192
12312 0.166667
23903 0.165604
13423 0.164763
29608 0.16351
17418 0.16351
26492 0.162944
18504 0.161998
21710 0.156593
16351 0.152745
34088 0.149483
39810 0.148119
5506 0.147691
16837 0.14767
24942 0.142982
38652 0.142857
38169 0.142857
28717 0.142857
20097 0.142857
17034 0.142857
17017 0.142857
9571 0.142857
31155 0.142203
24169 0.142203
37294 0.141306
23037 0.141306
13260 0.136548
32312 0.136036
24496 0.135598
23678 0.135202
28639 0.13454
37129 0.133115
40395 0.132576
9705 0.132576
32581 0.127748
10031 0.127748
34354 0.126984
2123 0.126574
25251 0.126407
9877 0.126407
27665 0.125583
23666 0.125
1264 0.125
1496 0.123356
39798 0.121212
5913 0.11614
35477 0.111111
21033 0.111111
16888 0.111111
7345 0.111111
2997 0.111111
30516 0.10719
14659 0.10719
1302 0.10719
25052 0.106452
30651 0.106061
29345 0.106061
7311 0.105159
6883 0.105159
2382 0.105159
37916 0.100641
15564 0.100641
26919 0.1
15999 0.1
13309 0.1
22363 0.0925776
40837 0.0909091
34621 0.0909091
31283 0.0909091
24564 0.0909091
22788 0.0909091
20291 0.0909091
19032 0.0909091
9665 0.0909091
8790 0.0909091
2708 0.0909091
942 0.0909091
28308 0.0903422
28162 0.0903422
24190 0.0903422
15866 0.0903422
14990 0.0903422
32922 0.0876937
26113 0.0876937
35764 0.0859594
34689 0.0841648
25439 0.0841648
39272 0.0833333
30375 0.0833333
32399 0.0833079
1766 0.0826023
19155 0.0824982
1146 0.0824982
27189 0.0799756
40881 0.0769231
19275 0.0769231
3897 0.0769231
18346 0.0767943
19355 0.072231
18482 0.0701369
9843 0.0701369
3865 0.0701369
39794 0.0688854
39450 0.0688854
29502 0.0688854
34434 0.0681818
28263 0.0681818
22811 0.0681818
4838 0.0681818
10071 0.0666667
9188 0.0666667
39250 0.0658286
35168 0.0658286
6683 0.0658286
4088 0.0658286
1058 0.0658286
5146 0.0635198
14741 0.0625
27362 0.0588235
26079 0.0588235
22330 0.0588235
4165 0.0588235
6194 0.0555556
39501 0.0526316
38308 0.0512103
23074 0.0512103
20225 0.0512103
20246 0.05
6180 0.05
4463 0.05
146 0.05
33786 0.0498642
12332 0.0498642
26904 0.047619
10350 0.047619
4186 0.047619
3862 0.047619
39886 0.0454545
38822 0.0454545
36504 0.0454545
25975 0.0454545
23417 0.0454545
19896 0.0454545
13582 0.0454545
13278 0.0454545
10509 0.0454545
3936 0.0454545
2273 0.0454545
1020 0.0454545
38997 0.0441558
36169 0.0441558
33235 0.0441558
28339 0.0441558
40812 0.0416667
40671 0.0416667
36979 0.0416667
31301 0.0416667
23159 0.0416667
22865 0.0416667
21499 0.0416667
18022 0.0416667
13438 0.0416667
7372 0.0416667
6639 0.0416667
3893 0.0416667
34226 0.04
28368 0.04
22634 0.04
35470 0.0384615
1443 0.0384615
22372 0.0357143
19711 0.0357143
7705 0.0357143
5713 0.0357143
1961 0.0357143
39152 0.035454
33833 0.035454
33609 0.035454
29216 0.035454
25464 0.035454
12259 0.035454
9195 0.035454
36887 0.0333333
34122 0.0333333
13736 0.0322581
4231 0.0322581
3051 0.0322581
27861 0.03125
38718 0.030303
35431 0.030303
21360 0.030303
18328 0.030303
15132 0.030303
14536 0.030303
13710 0.030303
10960 0.030303
9021 0.030303
5290 0.030303
3488 0.030303
3271 0.030303
31524 0.0294118
30700 0.0294118
29605 0.0294118
25007 0.0294118
22357 0.0294118
13150 0.0294118
6476 0.0294118
3498 0.0294118
38299 0.0277778
34738 0.0277778
31317 0.0277778
29905 0.0277778
28190 0.0277778
27701 0.0277778
27625 0.0277778
27559 0.0277778
27447 0.0277778
14093 0.0277778
12871 0.0277778
11091 0.0277778
8792 0.0277778
8789 0.0277778
1671 0.0277778
39233 0.0263158
35593 0.0263158
34968 0.0263158
33669 0.0263158
31050 0.0263158
27635 0.0263158
13194 0.0263158
8753 0.0263158
5670 0.0263158
5312 0.0263158
35073 0.025641
33473 0.025641
31718 0.025641
21789 0.025641
20965 0.025641
9749 0.0208333
37669 0.0181818
22859 0.0181818
17426 0.0181818
11238 0.0181818
7590 0.0181818
5041 0.0181818
3792 0.0181818
33957 0.015873
30147 0.015873
27111 0.015873
24547 0.015873
13253 0.015873
9805 0.015873
8112 0.015873
7146 0.015873
6078 0.015873
5897 0.015873
35266 0.0131579
33701 0.0131579
29834 0.0131579
27293 0.0131579
24378 0.0131579
8895 0.0131579
5206 0.0131579
336 0.0131579
38331 0.0121951
32798 0.0121951
29079 0.0121951
20806 0.0121951
16627 0.0121951
14492 0.0121951
13223 0.0121951
8339 0.0121951
4033 0.0121951
435 0.0121951
31 0.0121951
37315 0.010101
36424 0.010101
32853 0.010101
30988 0.010101
30899 0.010101
23617 0.010101
22366 0.010101
16929 0.010101
16856 0.010101
16797 0.010101
9061 0.010101
7682 0.010101
5925 0.010101
4010 0.010101
3926 0.010101
40980 0
40979 0
40978 0
40977 0
40976 0
40975 0
40974 0
40973 0
40972 0
40971 0
40970 0
40969 0
40968 0
40967 0
40966 0
40965 0
40964 0
40963 0
40962 0
40961 0
40960 0
40959 0
40958 0
40957 0
40956 0
40955 0
40954 0
40953 0
40952 0
40951 0
40950 0
40949 0
40948 0
40947 0
40946 0
40945 0
40944 0
40943 0
40942 0
40941 0
40940 0
40939 0
40938 0
40937 0
40936 0
40935 0
40934 0
40933 0
40932 0
40931 0
40930 0
40929 0
40928 0
40927 0
40926 0
40925 0
40924 0
40923 0
40922 0
40921 0
40920 0
40919 0
40918 0
40917 0
40916 0
40915 0
40914 0
40913 0
40912 0
40911 0
40910 0
40909 0
40908 0
40907 0
40906 0
40905 0
40904 0
40903 0
40902 0
