11452 6.25243
34488 3.42028
28776 2.76006
20262 2.35265
17987 1.84114
5798 1.42743
14163 1.40448
14251 1.16142
31215 1.15311
1158 1.06006
31922 1.05714
33975 1.05202
21015 1.01992
7570 0.949524
38449 0.882656
35699 0.879026
5835 0.866667
15250 0.820686
24548 0.757576
26081 0.752715
19731 0.737045
34065 0.722222
39802 0.713492
29178 0.692778
29954 0.661175
21227 0.652929
19211 0.632294
35950 0.62735
4989 0.623333
25000 0.593434
29438 0.572686
13839 0.559524
15488 0.550151
10249 0.533333
37266 0.524091
14656 0.475631
3405 0.442857
34399 0.42619
27851 0.401694
4816 0.400433
39156 0.380556
22197 0.364583
34939 0.358766
10904 0.353506
17113 0.346465
29986 0.335965
36839 0.333333
28732 0.333333
13488 0.333333
12435 0.333333
8257 0.333333
6606 0.333333
10082 0.331316
31637 0.305195
9960 0.300251
4555 0.292747
35713 0.290476
10211 0.288462
14105 0.281146
22280 0.279221
29319 0.278869
4176 0.274242
24005 0.272832
15572 0.272228
438 0.267961
27638 0.261111
8721 0.25744
1613 0.253242
40681 0.250548
38402 0.25
35491 0.25
24575 0.25
18733 0.25
18677 0.25
2699 0.25
29389 0.239583
552 0.239497
33970 0.2375
21702 0.229663
35678 0.2
33531 0.2
32244 0.2
26451 0.2
23384 0.2
20274 0.2
18142 0.2
8893 0.2
7495 0.2
32150 0.194017
15064 0.188528
14830 0.188528
36318 0.186806
3584 0.186806
3296 0.186806
35709 0.184343
18436 0.184343
6940 0.184239
13392 0.181377
34630 0.170139
40169 0.166667
37295 0.166667
35545 0.166667
27024 0.166667
25977 0.166667
21693 0.166667
13594 0.166667
3263 0.166667
9953 0.162202
39976 0.159259
21220 0.159259
38017 0.156566
21449 0.156566
33733 0.150527
3396 0.150527
37558 0.142857
20016 0.142857
24630 0.133168
21677 0.128157
9398 0.128157
30623 0.125
18115 0.125
15119 0.125
27184 0.121212
25092 0.1125
39153 0.111111
38919 0.111111
23123 0.111111
22701 0.111111
25269 0.110119
2568 0.108776
31005 0.103175
17896 0.103175
5118 0.103175
4428 0.103175
1855 0.103175
25373 0.1
23595 0.1
17479 0.1
25071 0.091351
22254 0.091351
7817 0.091351
795 0.091351
39744 0.0909091
38381 0.0909091
35878 0.0909091
34964 0.0909091
32795 0.0909091
31998 0.0909091
28608 0.0909091
24418 0.0909091
15573 0.0909091
11893 0.0909091
9628 0.0909091
6594 0.0909091
2141 0.0909091
27285 0.0885625
32585 0.0833333
30844 0.0833333
22913 0.0833333
10132 0.0833333
4557 0.0833333
1184 0.0833333
39763 0.078388
35487 0.078388
20698 0.078388
25594 0.0714286
13094 0.0666667
144 0.0666667
38160 0.0630901
25877 0.0630901
14315 0.0630901
2470 0.0630901
371 0.0630901
34006 0.0625
36030 0.0555556
31657 0.0555556
30818 0.0555556
27772 0.0555556
23410 0.0555556
22129 0.0555556
21608 0.0555556
18227 0.0555556
18049 0.0555556
15169 0.0555556
14852 0.0555556
14571 0.0555556
13893 0.0555556
7491 0.0555556
6453 0.0555556
5842 0.0555556
5184 0.0555556
3578 0.0555556
3515 0.0526316
37084 0.05
36498 0.05
36179 0.05
30656 0.05
29822 0.05
28780 0.05
25141 0.05
21116 0.05
19976 0.05
14976 0.05
14866 0.05
7034 0.05
3697 0.05
3114 0.05
1096 0.05
38343 0.047619
34888 0.047619
29732 0.047619
26689 0.047619
25281 0.047619
23023 0.047619
22939 0.047619
20331 0.047619
15780 0.047619
14635 0.047619
14051 0.047619
12158 0.047619
11456 0.047619
1872 0.047619
38705 0.0454545
16776 0.0454545
15575 0.0454545
11311 0.0454545
6337 0.0454545
930 0.0454545
32096 0.04
27767 0.04
19281 0.04
11027 0.04
3012 0.04
30671 0.0384615
7974 0.0384615
3595 0.0384615
3244 0.0384615
38174 0.037037
32284 0.037037
31607 0.037037
27085 0.037037
22545 0.037037
13787 0.037037
9464 0.037037
36493 0.03125
32011 0.03125
31583 0.03125
29879 0.03125
28661 0.03125
28059 0.03125
26544 0.03125
26080 0.03125
25974 0.03125
23047 0.03125
22162 0.03125
21340 0.03125
21036 0.03125
19550 0.03125
19096 0.03125
18901 0.03125
18667 0.03125
14097 0.03125
12089 0.03125
10683 0.03125
9841 0.03125
8629 0.03125
7535 0.03125
7317 0.03125
4424 0.03125
3723 0.03125
3063 0.03125
40196 0.0217391
36964 0.0217391
35863 0.0217391
34744 0.0217391
33419 0.0217391
32335 0.0217391
31015 0.0217391
29765 0.0217391
25494 0.0217391
23648 0.0217391
22181 0.0217391
22168 0.0217391
21704 0.0217391
21692 0.0217391
14563 0.0217391
11286 0.0217391
9426 0.0217391
8202 0.0217391
671 0.0217391
40379 0.010101
38454 0.010101
35810 0.010101
34319 0.010101
33222 0.010101
32078 0.010101
31689 0.010101
30315 0.010101
28272 0.010101
27377 0.010101
27165 0.010101
26489 0.010101
26223 0.010101
24726 0.010101
23136 0.010101
22523 0.010101
22069 0.010101
20716 0.010101
20275 0.010101
20269 0.010101
20210 0.010101
19135 0.010101
19066 0.010101
18280 0.010101
17686 0.010101
16883 0.010101
14202 0.010101
12691 0.010101
12390 0.010101
12024 0.010101
11698 0.010101
11545 0.010101
11241 0.010101
11045 0.010101
10470 0.010101
10454 0.010101
9333 0.010101
8975 0.010101
7177 0.010101
7012 0.010101
3964 0.010101
3643 0.010101
3576 0.010101
727 0.010101
588 0.010101
544 0.010101
40980 0
40979 0
40978 0
40977 0
40976 0
40975 0
40974 0
40973 0
40972 0
40971 0
40970 0
40969 0
40968 0
40967 0
40966 0
40965 0
40964 0
40963 0
40962 0
40961 0
40960 0
40959 0
40958 0
40957 0
40956 0
40955 0
40954 0
40953 0
40952 0
40951 0
40950 0
40949 0
40948 0
40947 0
40946 0
40945 0
40944 0
40943 0
40942 0
40941 0
40940 0
40939 0
40938 0
40937 0
40936 0
40935 0
40934 0
40933 0
40932 0
40931 0
40930 0
40929 0
40928 0
40927 0
40926 0
40925 0
40924 0
40923 0
40922 0
40921 0
40920 0
40919 0
40918 0
40917 0
40916 0
40915 0
40914 0
40913 0
40912 0
40911 0
40910 0
40909 0
40908 0
40907 0
40906 0
40905 0
40904 0
40903 0
40902 0
40901 0
40900 0
40899 0
40898 0
40897 0
40896 0
40895 0
40894 0
40893 0
40892 0
40891 0
40890 0
40889 0
40888 0
40887 0
40886 0
40885 0
40884 0
40883 0
40882 0
40881 0
40880 0
40879 0
40878 0
40877 0
40876 0
40875 0
40874 0
40873 0
40872 0
40871 0
40870 0
40869 0
40868 0
40867 0
40866 0
40865 0
40864 0
40863 0
40862 0
40861 0
40860 0
40859 0
40858 0
40857 0
40856 0
40855 0
40854 0
40853 0
40852 0
40851 0
40850 0
40849 0
40848 0
40847 0
40846 0
40845 0
40844 0
40843 0
40842 0
40841 0
40840 0
40839 0
40838 0
40837 0
40836 0
40835 0
40834 0
40833 0
40832 0
40831 0
40830 0
40829 0
40828 0
40827 0
40826 0
40825 0
40824 0
40823 0
40822 0
40821 0
40820 0
40819 0
40818 0
40817 0
