31301 34.3111
26088 23.4156
2289 22.263
17634 17.8561
52 15.423
6815 15.1886
10737 10.2062
26750 9.49737
5373 9.1
7691 8.58717
14544 7.53667
27514 7.39555
28305 6.776
24335 6.74087
7916 6.36438
919 6.34046
27892 6.11096
10980 5.49589
2633 5.16413
5693 5.05322
28574 4.85812
37637 4.82582
10322 4.68468
27886 4.65412
27029 4.38997
18274 3.32224
7708 3.17478
13432 3.09123
27799 2.99995
22227 2.97882
37176 2.75077
39191 2.75062
28917 2.64815
31734 2.63028
8508 2.47635
23843 2.45464
19589 2.40833
29032 2.38781
34495 2.38523
20075 2.31992
19032 2.31242
40869 2.17055
18328 2.16974
3896 2.14097
26978 2.134
2241 2.08727
4405 2.02956
18044 2.01676
12179 2.0121
2437 1.96206
21097 1.95929
18336 1.94902
18056 1.91164
22606 1.89828
1897 1.87415
22402 1.82871
23366 1.77319
22594 1.75205
30320 1.68479
1681 1.65486
39393 1.63719
6096 1.57296
11108 1.50469
22583 1.4905
32885 1.47604
39019 1.47208
32862 1.46707
186 1.46607
39962 1.42457
6644 1.41734
26436 1.39489
7024 1.39164
19972 1.36369
25811 1.35858
363 1.33795
8672 1.27085
9718 1.26291
12913 1.2453
14377 1.23598
30214 1.21523
23655 1.17798
13334 1.17695
33944 1.17363
3936 1.1367
14502 1.11667
18209 1.11282
27425 1.10417
12630 1.09091
10073 1.08787
5663 1.07858
5153 1.07858
37940 1.07842
25017 1.0656
13646 1.06467
24678 1.05741
12709 1.03525
11009 1.0249
35592 1.00582
20229 0.987257
5920 0.96591
2958 0.951975
31861 0.938191
21567 0.922436
17075 0.906276
29997 0.897604
10098 0.892276
29651 0.889199
4881 0.880429
37087 0.877274
8118 0.876494
20489 0.87135
12183 0.865306
36746 0.852945
14138 0.844246
3494 0.829669
3648 0.818883
4611 0.817252
40829 0.802297
24475 0.800873
20169 0.795448
4928 0.789988
22228 0.78283
34825 0.769486
23154 0.765952
8867 0.765952
25750 0.764837
21983 0.762528
26892 0.739942
33825 0.733075
9831 0.731352
26923 0.711175
24382 0.709584
2885 0.703075
830 0.703075
28444 0.702887
11803 0.699945
2943 0.692978
18616 0.689999
24239 0.689926
38184 0.685109
2249 0.664823
3906 0.653212
1267 0.648977
24213 0.640852
32975 0.633556
21399 0.625
11945 0.623284
14172 0.616669
10731 0.612957
26137 0.598485
40573 0.597193
4679 0.595852
21497 0.587027
543 0.571764
27322 0.570357
15237 0.569441
15637 0.567746
33078 0.566788
17312 0.564034
32820 0.558333
24013 0.551072
39374 0.539943
40883 0.533333
32662 0.531746
23317 0.521587
5303 0.501983
34121 0.497857
13540 0.489975
57 0.489975
5691 0.486389
32229 0.485721
14565 0.476133
12107 0.475
33069 0.466326
17406 0.466024
31406 0.46537
35734 0.463484
16791 0.460811
10457 0.460606
14857 0.458535
23380 0.451404
13007 0.448035
27434 0.441805
27844 0.440386
14603 0.439743
23306 0.437361
1646 0.427691
6061 0.424571
774 0.422914
16268 0.421429
18950 0.413143
13955 0.413052
13845 0.412035
35472 0.411771
7534 0.409968
1610 0.401189
17272 0.396703
24237 0.393393
40274 0.384194
22052 0.37406
10423 0.372507
15390 0.370546
23813 0.369173
36623 0.369078
27646 0.365079
39256 0.364947
15592 0.364379
9946 0.364247
2256 0.358933
20858 0.357143
21670 0.357002
33345 0.352995
32518 0.350641
7894 0.349221
21774 0.348462
10131 0.347273
8465 0.346852
14228 0.342552
39843 0.342051
31536 0.340696
21453 0.338392
1027 0.337036
39695 0.333333
35317 0.333333
32857 0.333333
16833 0.333333
14612 0.333333
12136 0.333333
21003 0.331667
35346 0.331368
2659 0.330252
6609 0.327844
35361 0.326551
24818 0.325779
31294 0.32533
13418 0.318827
22971 0.318687
15829 0.317471
5933 0.314319
30972 0.31337
7500 0.311111
23014 0.310124
37998 0.306498
11622 0.305728
29934 0.305714
40706 0.304578
8263 0.304578
19566 0.299145
34357 0.298105
4029 0.297121
39318 0.296182
9019 0.295681
12518 0.293469
27939 0.293336
13820 0.293124
8027 0.292619
1091 0.292272
23420 0.28869
1259 0.28869
32620 0.287763
27926 0.287763
22711 0.287763
20809 0.284278
26083 0.2805
31947 0.279548
36032 0.277848
24684 0.275244
9593 0.275244
26361 0.274482
20880 0.273449
30793 0.270973
5066 0.270833
36996 0.269517
38450 0.268567
8314 0.267171
1722 0.266863
123 0.265725
19101 0.265509
28380 0.26423
40758 0.262863
13256 0.262088
23849 0.259399
20966 0.258321
19295 0.257066
7723 0.256735
35185 0.254671
15873 0.254671
36211 0.254402
14466 0.25371
13341 0.25202
11443 0.251984
3075 0.251972
29326 0.250275
40254 0.25
13757 0.25
7296 0.25
1994 0.25
218 0.25
40903 0.249232
3863 0.248436
30167 0.247658
3418 0.246324
2869 0.246287
15124 0.244873
14211 0.244873
27352 0.24453
22413 0.243867
17794 0.240459
6744 0.239719
40661 0.239483
36899 0.235747
22526 0.235267
19041 0.235267
18348 0.233897
26541 0.233187
23912 0.229545
3447 0.228132
8521 0.228075
33167 0.227691
12547 0.227329
11942 0.226553
27834 0.224419
24487 0.22422
28257 0.219917
9966 0.218603
14615 0.215812
1087 0.213035
25568 0.211806
32797 0.211452
13631 0.208774
10923 0.20778
12502 0.206618
30683 0.205736
27915 0.20135
11017 0.20135
12812 0.200864
30012 0.2
26647 0.2
19110 0.2
13588 0.2
4163 0.2
3096 0.2
33708 0.199785
11506 0.199785
35145 0.199125
12297 0.195249
20437 0.194865
29408 0.193473
30037 0.193257
19767 0.192227
13731 0.191649
31735 0.190476
25725 0.189032
12447 0.188772
30014 0.18832
20407 0.187879
28104 0.187677
34396 0.185065
31561 0.183916
27673 0.183243
7726 0.183167
14677 0.182738
31839 0.181349
15676 0.181201
20994 0.180829
17599 0.18021
16915 0.180206
26054 0.179917
27014 0.179602
10619 0.179124
31986 0.178898
17083 0.17735
34789 0.177102
10950 0.177102
17767 0.176316
2867 0.175047
40294 0.174733
25083 0.174697
40017 0.17363
38073 0.173393
35879 0.173393
12572 0.173393
13029 0.173099
32261 0.17287
39791 0.172117
23967 0.171581
128 0.167495
40969 0.166935
40109 0.166667
34208 0.166667
33347 0.166667
26398 0.166667
23224 0.166667
22465 0.166667
19173 0.166667
13023 0.166667
10128 0.166667
10117 0.166667
9383 0.166667
6033 0.166667
2450 0.166667
1663 0.166667
4538 0.166371
34032 0.164646
26963 0.164478
19099 0.164478
29332 0.162093
16659 0.161445
38906 0.160747
25668 0.160747
15231 0.160747
15165 0.160747
3856 0.160636
12221 0.160494
22502 0.159701
22184 0.158993
14249 0.158403
37396 0.157976
17085 0.157704
7032 0.157132
21961 0.156595
11615 0.156439
35666 0.15616
33859 0.15616
15352 0.156097
14561 0.155556
12659 0.153412
13541 0.152853
25652 0.151897
24825 0.151786
2387 0.151181
14007 0.151111
14001 0.149993
30829 0.147032
16570 0.147032
2775 0.146157
20914 0.146145
5738 0.146145
4295 0.146145
8186 0.145854
9198 0.145181
29634 0.144706
17035 0.144706
13654 0.144706
26998 0.142857
18011 0.142857
13990 0.142857
9714 0.142857
10852 0.14279
8730 0.14279
3880 0.142688
187 0.141866
987 0.141632
9538 0.141506
5175 0.140203
6414 0.140074
1895 0.139541
14942 0.138321
12868 0.137737
2647 0.13765
7828 0.136406
21077 0.135938
16026 0.135938
21916 0.13574
11958 0.134758
7452 0.134551
28743 0.134372
40342 0.133207
37882 0.133207
4444 0.133207
11509 0.132953
39029 0.132446
23364 0.131963
12444 0.130609
37081 0.129342
18449 0.129118
9704 0.128655
9487 0.128338
12431 0.128045
31426 0.127824
26808 0.127201
18770 0.127022
21228 0.12641
30948 0.125476
3025 0.125438
39919 0.125
31762 0.125
31498 0.125
30668 0.125
29474 0.125
20167 0.125
16164 0.125
11587 0.125
9442 0.125
16622 0.124691
27951 0.124649
1566 0.12439
31223 0.123091
34108 0.122624
29629 0.122601
