36313 2.30776
6518 1.19167
13172 0.925887
23843 0.635965
39661 0.609722
21861 0.609722
6654 0.606589
16806 0.583333
6592 0.556798
17312 0.425245
27799 0.420262
21757 0.404412
4189 0.358333
35766 0.344298
18520 0.339922
16504 0.339922
29009 0.333333
22876 0.333333
21284 0.333333
15257 0.333333
9242 0.333333
30296 0.329167
13654 0.300854
21186 0.291667
19223 0.291667
21323 0.281263
28110 0.280556
35203 0.273611
22127 0.25
18340 0.25
16097 0.25
11531 0.25
5209 0.25
32016 0.233333
39063 0.2
28988 0.2
28334 0.2
8035 0.187075
6041 0.187075
30793 0.184967
2885 0.184967
17033 0.184722
33267 0.184367
39172 0.166667
30097 0.166667
30073 0.166667
29084 0.166667
25791 0.166667
20230 0.166667
19774 0.166667
14138 0.166667
12185 0.166667
6410 0.166667
626 0.166667
30883 0.165132
26181 0.137075
2027 0.137075
40649 0.125
38891 0.125
37948 0.125
37305 0.125
28855 0.125
19712 0.125
19511 0.125
18517 0.125
11804 0.125
4872 0.125
1131 0.125
39951 0.111111
20704 0.111111
3852 0.111111
39177 0.1
26095 0.1
22184 0.1
14797 0.1
8497 0.1
7152 0.1
556 0.1
81 0.1
40890 0.0833333
35365 0.0833333
32552 0.0833333
22122 0.0833333
19191 0.0833333
18539 0.0833333
18428 0.0833333
17917 0.0833333
16501 0.0833333
16001 0.0833333
14181 0.0833333
10654 0.0833333
7774 0.0833333
3429 0.0833333
2846 0.0833333
1142 0.0833333
612 0.0833333
350 0.0833333
35661 0.0730757
35346 0.0730757
35317 0.0730757
24678 0.0730757
13916 0.0730757
13669 0.0730757
10210 0.0730757
2877 0.0730757
1326 0.0730757
33653 0.0666667
25765 0.0666667
25176 0.0666667
20928 0.0666667
19253 0.0666667
15519 0.0666667
9196 0.0666667
7807 0.0666667
40525 0.0625
34579 0.0625
30419 0.0625
27740 0.0625
19277 0.0625
39962 0.0555556
37729 0.0555556
35063 0.0555556
29852 0.0555556
27092 0.0555556
6501 0.0555556
39183 0.0526316
37342 0.0526316
33997 0.0526316
30467 0.0526316
29875 0.0526316
18561 0.0526316
18208 0.0526316
14858 0.0526316
4023 0.0526316
37188 0.05
34378 0.05
29627 0.05
26794 0.05
23112 0.05
22787 0.05
17068 0.05
16260 0.05
6906 0.05
4994 0.05
40783 0.0294118
39947 0.0294118
39472 0.0294118
35734 0.0294118
33028 0.0294118
30676 0.0294118
29634 0.0294118
27989 0.0294118
25367 0.0294118
24400 0.0294118
24239 0.0294118
18997 0.0294118
17277 0.0294118
13016 0.0294118
11080 0.0294118
1355 0.0294118
110 0.0294118
38762 0.0232558
38583 0.0232558
37017 0.0232558
32620 0.0232558
30652 0.0232558
29923 0.0232558
27651 0.0232558
27168 0.0232558
25659 0.0232558
24790 0.0232558
23370 0.0232558
18248 0.0232558
17035 0.0232558
16395 0.0232558
15029 0.0232558
11488 0.0232558
8342 0.0232558
6924 0.0232558
6859 0.0232558
2683 0.0232558
2556 0.0232558
2376 0.0232558
2168 0.0232558
1659 0.0232558
1192 0.0232558
40764 0.0204082
39245 0.0204082
37847 0.0204082
34213 0.0204082
33800 0.0204082
32043 0.0204082
31140 0.0204082
30321 0.0204082
29946 0.0204082
29140 0.0204082
26786 0.0204082
24761 0.0204082
23494 0.0204082
23286 0.0204082
22530 0.0204082
22368 0.0204082
18844 0.0204082
16076 0.0204082
15665 0.0204082
15591 0.0204082
14287 0.0204082
12922 0.0204082
12393 0.0204082
11920 0.0204082
9653 0.0204082
9583 0.0204082
4444 0.0204082
4410 0.0204082
3068 0.0204082
2235 0.0204082
40980 0
40979 0
40978 0
40977 0
40976 0
40975 0
40974 0
40973 0
40972 0
40971 0
40970 0
40969 0
40968 0
40967 0
40966 0
40965 0
40964 0
40963 0
40962 0
40961 0
40960 0
40959 0
40958 0
40957 0
40956 0
40955 0
40954 0
40953 0
40952 0
40951 0
40950 0
40949 0
40948 0
40947 0
40946 0
40945 0
40944 0
40943 0
40942 0
40941 0
40940 0
40939 0
40938 0
40937 0
40936 0
40935 0
40934 0
40933 0
40932 0
40931 0
40930 0
40929 0
40928 0
40927 0
40926 0
40925 0
40924 0
40923 0
40922 0
40921 0
40920 0
40919 0
40918 0
40917 0
40916 0
40915 0
40914 0
40913 0
40912 0
40911 0
40910 0
40909 0
40908 0
40907 0
40906 0
40905 0
40904 0
40903 0
40902 0
40901 0
40900 0
40899 0
40898 0
40897 0
40896 0
40895 0
40894 0
40893 0
40892 0
40891 0
40889 0
40888 0
40887 0
40886 0
40885 0
40884 0
40883 0
40882 0
40881 0
40880 0
40879 0
40878 0
40877 0
40876 0
40875 0
40874 0
40873 0
40872 0
40871 0
40870 0
40869 0
40868 0
40867 0
40866 0
40865 0
40864 0
40863 0
40862 0
40861 0
40860 0
40859 0
40858 0
40857 0
40856 0
40855 0
40854 0
40853 0
40852 0
40851 0
40850 0
40849 0
40848 0
40847 0
40846 0
40845 0
40844 0
40843 0
40842 0
40841 0
40840 0
40839 0
40838 0
40837 0
40836 0
40835 0
40834 0
40833 0
40832 0
40831 0
40830 0
40829 0
40828 0
40827 0
40826 0
40825 0
40824 0
40823 0
40822 0
40821 0
40820 0
40819 0
40818 0
40817 0
40816 0
40815 0
40814 0
40813 0
40812 0
40811 0
40810 0
40809 0
40808 0
40807 0
40806 0
40805 0
40804 0
40803 0
40802 0
40801 0
40800 0
40799 0
40798 0
40797 0
40796 0
40795 0
40794 0
40793 0
40792 0
40791 0
40790 0
40789 0
40788 0
40787 0
40786 0
40785 0
40784 0
40782 0
40781 0
40780 0
40779 0
40778 0
40777 0
40776 0
40775 0
40774 0
40773 0
40772 0
40771 0
40770 0
40769 0
40768 0
40767 0
40766 0
40765 0
40763 0
40762 0
40761 0
40760 0
40759 0
40758 0
40757 0
40756 0
40755 0
40754 0
40753 0
40752 0
40751 0
40750 0
40749 0
40748 0
40747 0
40746 0
40745 0
40744 0
40743 0
40742 0
40741 0
40740 0
40739 0
40738 0
40737 0
40736 0
40735 0
40734 0
40733 0
40732 0
40731 0
40730 0
40729 0
40728 0
40727 0
40726 0
40725 0
40724 0
40723 0
40722 0
40721 0
40720 0
40719 0
40718 0
40717 0
40716 0
40715 0
40714 0
40713 0
40712 0
40711 0
40710 0
40709 0
40708 0
40707 0
40706 0
40705 0
40704 0
40703 0
40702 0
40701 0
40700 0
40699 0
40698 0
40697 0
40696 0
40695 0
40694 0
