987 5.28197
21819 2.11757
25701 1.46209
9137 1.40344
40340 1.17898
10678 0.900566
20147 0.841488
10812 0.755584
39617 0.656317
22594 0.561111
1052 0.552632
21992 0.541171
34992 0.504762
5418 0.411111
24064 0.355495
22919 0.333333
12168 0.333333
40643 0.25
36188 0.25
28973 0.25
17452 0.25
16568 0.25
1810 0.246112
4850 0.236788
36360 0.210761
22302 0.210761
14246 0.20651
11078 0.20651
9681 0.20651
10428 0.205495
27179 0.20038
5291 0.20038
19506 0.2
16678 0.2
673 0.2
543 0.2
27076 0.178273
14453 0.178273
21183 0.166667
15770 0.166667
39967 0.162727
14872 0.162727
7763 0.15587
29117 0.148311
28071 0.148311
25555 0.148311
11245 0.148311
5091 0.148311
17505 0.145495
16669 0.145495
13813 0.145495
10869 0.145495
7043 0.145495
34419 0.142866
34113 0.142866
31634 0.142866
13593 0.142866
38543 0.142857
37027 0.142857
27799 0.142857
18076 0.142857
6041 0.142857
1704 0.142857
29590 0.111111
22111 0.111111
20703 0.111111
16938 0.111111
12667 0.111111
2165 0.111111
35579 0.104977
8256 0.104977
36826 0.1
28068 0.1
26670 0.1
13571 0.1
7281 0.1
76 0.1
36225 0.0909091
29228 0.0909091
23696 0.0909091
9665 0.0909091
8731 0.0909091
6497 0.0909091
2647 0.0909091
1841 0.0909091
37215 0.0833333
36396 0.0833333
40557 0.0769231
38190 0.0769231
34283 0.0769231
32050 0.0769231
28329 0.0769231
23900 0.0769231
19795 0.0769231
17430 0.0769231
11788 0.0769231
10700 0.0769231
1183 0.0769231
25296 0.0672329
24306 0.0672329
6108 0.0672329
211 0.0672329
26920 0.060714
18499 0.060714
17480 0.060714
15392 0.060714
12305 0.060714
1593 0.060714
38872 0.0526316
38805 0.0526316
37985 0.0526316
37653 0.0526316
36666 0.0526316
33295 0.0526316
27257 0.0526316
25644 0.0526316
25610 0.0526316
22965 0.0526316
20729 0.0526316
14192 0.0526316
7662 0.0526316
4980 0.0526316
37248 0.04
33736 0.04
26826 0.04
24583 0.04
15742 0.04
15129 0.04
12004 0.04
3332 0.04
38371 0.0285714
34524 0.0285714
32579 0.0285714
32260 0.0285714
23345 0.0285714
19420 0.0285714
18918 0.0285714
15062 0.0285714
12175 0.0285714
11337 0.0285714
8429 0.0285714
7985 0.0285714
7510 0.0285714
4183 0.0285714
39691 0.0263158
35546 0.0263158
35368 0.0263158
31632 0.0263158
28057 0.0263158
25444 0.0263158
23620 0.0263158
23497 0.0263158
20568 0.0263158
19675 0.0263158
17587 0.0263158
15582 0.0263158
12240 0.0263158
11210 0.0263158
10120 0.0263158
7030 0.0263158
6150 0.0263158
4566 0.0263158
1412 0.0263158
822 0.0263158
643 0.0263158
40129 0.025641
36343 0.025641
36330 0.025641
35316 0.025641
33632 0.025641
31935 0.025641
31393 0.025641
31121 0.025641
29005 0.025641
27320 0.025641
23627 0.025641
22091 0.025641
21768 0.025641
18403 0.025641
14345 0.025641
11627 0.025641
8153 0.025641
6676 0.025641
4130 0.025641
577 0.025641
40377 0.0227273
38034 0.0227273
37516 0.0227273
35394 0.0227273
32869 0.0227273
27438 0.0227273
26939 0.0227273
26881 0.0227273
26514 0.0227273
26300 0.0227273
25147 0.0227273
21117 0.0227273
21050 0.0227273
19285 0.0227273
16024 0.0227273
14999 0.0227273
14786 0.0227273
12126 0.0227273
11121 0.0227273
2605 0.0227273
1792 0.0227273
908 0.0227273
608 0.0227273
441 0.0227273
39497 0.0123457
39444 0.0123457
39403 0.0123457
38473 0.0123457
38409 0.0123457
38389 0.0123457
38382 0.0123457
37704 0.0123457
37588 0.0123457
37429 0.0123457
36462 0.0123457
36365 0.0123457
35820 0.0123457
33004 0.0123457
31913 0.0123457
31599 0.0123457
29761 0.0123457
28704 0.0123457
28300 0.0123457
26968 0.0123457
26472 0.0123457
24908 0.0123457
23102 0.0123457
22752 0.0123457
22267 0.0123457
21779 0.0123457
20987 0.0123457
19341 0.0123457
19321 0.0123457
18427 0.0123457
18108 0.0123457
17772 0.0123457
17140 0.0123457
15757 0.0123457
14856 0.0123457
13591 0.0123457
10160 0.0123457
9470 0.0123457
9048 0.0123457
8911 0.0123457
8863 0.0123457
8370 0.0123457
7791 0.0123457
6587 0.0123457
5534 0.0123457
3555 0.0123457
2979 0.0123457
2624 0.0123457
816 0.0123457
40980 0
40979 0
40978 0
40977 0
40976 0
40975 0
40974 0
40973 0
40972 0
40971 0
40970 0
40969 0
40968 0
40967 0
40966 0
40965 0
40964 0
40963 0
40962 0
40961 0
40960 0
40959 0
40958 0
40957 0
40956 0
40955 0
40954 0
40953 0
40952 0
40951 0
40950 0
40949 0
40948 0
40947 0
40946 0
40945 0
40944 0
40943 0
40942 0
40941 0
40940 0
40939 0
40938 0
40937 0
40936 0
40935 0
40934 0
40933 0
40932 0
40931 0
40930 0
40929 0
40928 0
40927 0
40926 0
40925 0
40924 0
40923 0
40922 0
40921 0
40920 0
40919 0
40918 0
40917 0
40916 0
40915 0
40914 0
40913 0
40912 0
40911 0
40910 0
40909 0
40908 0
40907 0
40906 0
40905 0
40904 0
40903 0
40902 0
40901 0
40900 0
40899 0
40898 0
40897 0
40896 0
40895 0
40894 0
40893 0
40892 0
40891 0
40890 0
40889 0
40888 0
40887 0
40886 0
40885 0
40884 0
40883 0
40882 0
40881 0
40880 0
40879 0
40878 0
40877 0
40876 0
40875 0
40874 0
40873 0
40872 0
40871 0
40870 0
40869 0
40868 0
40867 0
40866 0
40865 0
40864 0
40863 0
40862 0
40861 0
40860 0
40859 0
40858 0
40857 0
40856 0
40855 0
40854 0
40853 0
40852 0
40851 0
40850 0
40849 0
40848 0
40847 0
40846 0
40845 0
40844 0
40843 0
40842 0
40841 0
40840 0
40839 0
40838 0
40837 0
40836 0
40835 0
40834 0
40833 0
40832 0
40831 0
40830 0
40829 0
40828 0
40827 0
40826 0
40825 0
40824 0
40823 0
40822 0
40821 0
40820 0
40819 0
40818 0
40817 0
40816 0
40815 0
40814 0
40813 0
40812 0
40811 0
40810 0
40809 0
40808 0
40807 0
40806 0
40805 0
40804 0
40803 0
40802 0
40801 0
40800 0
40799 0
40798 0
40797 0
40796 0
40795 0
40794 0
40793 0
40792 0
40791 0
40790 0
40789 0
40788 0
40787 0
40786 0
40785 0
40784 0
40783 0
40782 0
40781 0
40780 0
40779 0
40778 0
40777 0
40776 0
40775 0
40774 0
40773 0
40772 0
40771 0
40770 0
40769 0
40768 0
40767 0
40766 0
40765 0
40764 0
40763 0
40762 0
40761 0
40760 0
40759 0
40758 0
40757 0
40756 0
40755 0
40754 0
40753 0
40752 0
40751 0
40750 0
40749 0
40748 0
40747 0
40746 0
40745 0
40744 0
40743 0
40742 0
40741 0
40740 0
40739 0
