31301 1.48571
7708 1.35043
31670 0.992063
30074 0.935808
38012 0.732771
17128 0.732771
39345 0.72619
3521 0.7
3916 0.638889
40776 0.599206
7435 0.571429
8244 0.538462
7379 0.538462
33883 0.441799
40912 0.43026
33950 0.420635
25060 0.366363
25416 0.361111
9557 0.361111
36054 0.333333
23491 0.333333
17135 0.333333
12731 0.268882
6152 0.268882
1318 0.268882
21121 0.267157
38667 0.265873
38254 0.25
35769 0.25
24845 0.25
16618 0.25
14647 0.25
36748 0.25
26435 0.25
8037 0.25
10387 0.208333
132 0.208333
39754 0.2
38229 0.2
15768 0.2
32500 0.166667
26040 0.166667
22944 0.166667
10047 0.166667
9083 0.166667
5331 0.166667
39147 0.154762
37711 0.154762
26259 0.154762
25235 0.154762
6496 0.154762
39807 0.142857
37426 0.142857
33492 0.142857
29997 0.142857
23885 0.142857
22594 0.142857
22474 0.142857
14720 0.142857
10923 0.142857
3245 0.142857
34834 0.102474
33834 0.102474
26334 0.102474
1107 0.102474
40458 0.0913716
28919 0.0913716
28284 0.0913716
23632 0.0913716
21860 0.0913716
16535 0.0913716
13602 0.0913716
13509 0.0913716
8819 0.0913716
3552 0.0913716
26384 0.0909091
4192 0.0909091
2378 0.0909091
37714 0.0714286
28576 0.0714286
26341 0.0714286
25082 0.0714286
14445 0.0714286
11216 0.0714286
1605 0.0714286
35876 0.0588235
29407 0.0588235
543 0.0588235
38145 0.0555556
35429 0.0555556
35247 0.0555556
33667 0.0555556
32760 0.0555556
32571 0.0555556
24125 0.0555556
18198 0.0555556
12620 0.0555556
12217 0.0555556
12009 0.0555556
8280 0.0555556
8055 0.0555556
7899 0.0555556
4582 0.0555556
4157 0.0555556
3158 0.0555556
29989 0.0384615
22672 0.0384615
22654 0.0384615
8952 0.0384615
8931 0.0384615
5547 0.0384615
38649 0.037037
36319 0.037037
31195 0.037037
28543 0.037037
21615 0.037037
13153 0.037037
6409 0.037037
2693 0.037037
32582 0.0277778
16481 0.0277778
14732 0.0277778
13568 0.0277778
12096 0.0277778
10423 0.0277778
10245 0.0277778
9362 0.0277778
7190 0.0277778
6973 0.0277778
6537 0.0277778
5691 0.0277778
2792 0.0277778
212 0.0277778
40939 0.015873
39907 0.015873
37381 0.015873
37107 0.015873
35920 0.015873
35811 0.015873
34572 0.015873
32137 0.015873
30350 0.015873
30121 0.015873
30020 0.015873
28607 0.015873
27962 0.015873
27535 0.015873
26614 0.015873
24925 0.015873
24504 0.015873
24251 0.015873
21013 0.015873
20132 0.015873
15707 0.015873
13322 0.015873
11038 0.015873
10954 0.015873
10953 0.015873
10123 0.015873
9529 0.015873
5909 0.015873
3577 0.015873
2819 0.015873
2593 0.015873
2527 0.015873
40980 0
40979 0
40978 0
40977 0
40976 0
40975 0
40974 0
40973 0
40972 0
40971 0
40970 0
40969 0
40968 0
40967 0
40966 0
40965 0
40964 0
40963 0
40962 0
40961 0
40960 0
40959 0
40958 0
40957 0
40956 0
40955 0
40954 0
40953 0
40952 0
40951 0
40950 0
40949 0
40948 0
40947 0
40946 0
40945 0
40944 0
40943 0
40942 0
40941 0
40940 0
40938 0
40937 0
40936 0
40935 0
40934 0
40933 0
40932 0
40931 0
40930 0
40929 0
40928 0
40927 0
40926 0
40925 0
40924 0
40923 0
40922 0
40921 0
40920 0
40919 0
40918 0
40917 0
40916 0
40915 0
40914 0
40913 0
40911 0
40910 0
40909 0
40908 0
40907 0
40906 0
40905 0
40904 0
40903 0
40902 0
40901 0
40900 0
40899 0
40898 0
40897 0
40896 0
40895 0
40894 0
40893 0
40892 0
40891 0
40890 0
40889 0
40888 0
40887 0
40886 0
40885 0
40884 0
40883 0
40882 0
40881 0
40880 0
40879 0
40878 0
40877 0
40876 0
40875 0
40874 0
40873 0
40872 0
40871 0
40870 0
40869 0
40868 0
40867 0
40866 0
40865 0
40864 0
40863 0
40862 0
40861 0
40860 0
40859 0
40858 0
40857 0
40856 0
40855 0
40854 0
40853 0
40852 0
40851 0
40850 0
40849 0
40848 0
40847 0
40846 0
40845 0
40844 0
40843 0
40842 0
40841 0
40840 0
40839 0
40838 0
40837 0
40836 0
40835 0
40834 0
40833 0
40832 0
40831 0
40830 0
40829 0
40828 0
40827 0
40826 0
40825 0
40824 0
40823 0
40822 0
40821 0
40820 0
40819 0
40818 0
40817 0
40816 0
40815 0
40814 0
40813 0
40812 0
40811 0
40810 0
40809 0
40808 0
40807 0
40806 0
40805 0
40804 0
40803 0
40802 0
40801 0
40800 0
40799 0
40798 0
40797 0
40796 0
40795 0
40794 0
40793 0
40792 0
40791 0
40790 0
40789 0
40788 0
40787 0
40786 0
40785 0
40784 0
40783 0
40782 0
40781 0
40780 0
40779 0
40778 0
40777 0
40775 0
40774 0
40773 0
40772 0
40771 0
40770 0
40769 0
40768 0
40767 0
40766 0
40765 0
40764 0
40763 0
40762 0
40761 0
40760 0
40759 0
40758 0
40757 0
40756 0
40755 0
40754 0
40753 0
40752 0
40751 0
40750 0
40749 0
40748 0
40747 0
40746 0
40745 0
40744 0
40743 0
40742 0
40741 0
40740 0
40739 0
40738 0
40737 0
40736 0
40735 0
40734 0
40733 0
40732 0
40731 0
40730 0
40729 0
40728 0
40727 0
40726 0
40725 0
40724 0
40723 0
40722 0
40721 0
40720 0
40719 0
40718 0
40717 0
40716 0
40715 0
40714 0
40713 0
40712 0
40711 0
40710 0
40709 0
40708 0
40707 0
40706 0
40705 0
40704 0
40703 0
40702 0
40701 0
40700 0
40699 0
40698 0
40697 0
40696 0
40695 0
40694 0
40693 0
40692 0
40691 0
40690 0
40689 0
40688 0
40687 0
40686 0
40685 0
40684 0
40683 0
40682 0
40681 0
40680 0
40679 0
40678 0
40677 0
40676 0
40675 0
40674 0
40673 0
40672 0
40671 0
40670 0
40669 0
40668 0
40667 0
40666 0
40665 0
40664 0
40663 0
40662 0
40661 0
40660 0
40659 0
40658 0
40657 0
40656 0
40655 0
40654 0
40653 0
40652 0
40651 0
40650 0
40649 0
40648 0
40647 0
40646 0
40645 0
40644 0
40643 0
