25885 4.42093
9423 3.38073
18428 3.17215
34312 2.29861
22537 1.45096
2669 1.45096
19555 1.39995
22501 1.23992
27379 1.22242
6049 1.1348
31366 0.97178
7557 0.882988
16390 0.626313
36147 0.60268
21323 0.526602
32808 0.429058
22122 0.429058
2168 0.425039
16504 0.403642
40830 0.394371
23260 0.392336
14583 0.392336
12956 0.392336
9615 0.392336
8717 0.337153
35601 0.290465
35151 0.290465
31916 0.290465
25330 0.290465
651 0.290465
19379 0.27675
32327 0.27374
18520 0.268175
23843 0.233446
13916 0.233446
12935 0.202468
35404 0.198094
34013 0.198094
22095 0.198094
12282 0.198094
10042 0.198094
2153 0.198094
11488 0.196132
27799 0.185744
14858 0.185744
36969 0.183438
29401 0.166667
21785 0.166667
24678 0.15235
13309 0.13439
33695 0.125
26402 0.125
23696 0.12381
9665 0.12381
2840 0.12381
15455 0.122655
9720 0.122655
40342 0.109184
39383 0.106469
37496 0.106469
18369 0.106469
17917 0.106469
16260 0.106469
7245 0.106469
25179 0.105184
32043 0.102359
2877 0.102359
36596 0.101627
32165 0.101627
26930 0.101627
31972 0.1
23370 0.0960349
40113 0.0939846
37838 0.0939846
35792 0.0939846
33214 0.0939846
32035 0.0939846
30359 0.0939846
28331 0.0939846
25546 0.0939846
25056 0.0939846
20010 0.0939846
18732 0.0939846
7581 0.0939846
3317 0.0939846
35734 0.0923059
27926 0.0923059
17785 0.0923059
36273 0.0922094
33163 0.0922094
30186 0.0922094
19419 0.0922094
7639 0.0922094
350 0.0922094
21004 0.0769231
32375 0.0714286
18328 0.0666667
9283 0.0666667
5163 0.0625
38583 0.0604993
27208 0.0604993
25659 0.0604993
22368 0.0604993
15958 0.0604993
31153 0.0588235
21041 0.0588235
6979 0.0555556
3318 0.0523724
29762 0.051664
28551 0.051664
37931 0.0477459
33028 0.0477459
29634 0.0477459
22711 0.0477459
16222 0.0477459
24902 0.047619
19643 0.047619
10923 0.047619
4083 0.047619
4028 0.047619
32688 0.0443709
23820 0.0443709
14683 0.0443709
8181 0.0443709
4900 0.0443709
3606 0.0443709
2480 0.0443709
28769 0.0429364
28274 0.0429364
22462 0.0429364
15558 0.0429364
10896 0.0429364
9324 0.0429364
8712 0.0429364
34911 0.0416667
24400 0.0416667
23769 0.0416667
11536 0.0416667
32750 0.0409965
24313 0.0409965
22219 0.0409965
18740 0.0409965
947 0.0409965
39742 0.0369752
32933 0.0369752
32885 0.0369752
32112 0.0369752
31714 0.0369752
31296 0.0369752
30897 0.0369752
22530 0.0369752
21403 0.0369752
19093 0.0369752
18891 0.0369752
18788 0.0369752
16817 0.0369752
12580 0.0369752
10125 0.0369752
9442 0.0369752
8662 0.0369752
7054 0.0369752
6528 0.0369752
3068 0.0369752
2235 0.0369752
35346 0.0357658
35317 0.0357658
32620 0.0357658
27168 0.0357658
22313 0.0357658
17035 0.0357658
13654 0.0357658
12976 0.0357658
10210 0.0357658
6654 0.0357658
1659 0.0357658
866 0.0357658
38941 0.0344828
37502 0.0344828
35185 0.0344828
30883 0.0344828
26786 0.0344828
26084 0.0344828
21978 0.0344828
16001 0.0344828
15873 0.0344828
14768 0.0344828
7099 0.0344828
6592 0.0344828
5719 0.0344828
5609 0.0344828
1131 0.0344828
14543 0.0294118
9825 0.0294118
7125 0.0294118
3501 0.0294118
1827 0.0294118
40882 0.0285714
36057 0.0285714
34737 0.0285714
34167 0.0285714
31051 0.0285714
25287 0.0285714
24414 0.0285714
24242 0.0285714
22879 0.0285714
17687 0.0285714
16724 0.0285714
5358 0.0285714
33227 0.0243902
22734 0.0243902
20928 0.0243902
15777 0.0243902
9249 0.0243902
5802 0.0243902
5074 0.0243902
23435 0.0227273
20250 0.0227273
2194 0.0227273
32814 0.0196078
28203 0.0196078
26675 0.0196078
22633 0.0196078
22049 0.0196078
20008 0.0196078
17083 0.0196078
13643 0.0196078
12670 0.0196078
9170 0.0196078
7729 0.0196078
6347 0.0196078
6312 0.0196078
6263 0.0196078
2786 0.0196078
40474 0.0181818
35241 0.0181818
33233 0.0181818
26399 0.0181818
24423 0.0181818
21288 0.0181818
16688 0.0181818
32652 0.0172414
30351 0.0169492
4471 0.0169492
35386 0.015625
34520 0.015625
23701 0.015625
20484 0.015625
19455 0.015625
37342 0.0135135
33267 0.0135135
30847 0.0135135
30652 0.0135135
25791 0.0135135
17811 0.0135135
17068 0.0135135
15665 0.0135135
12377 0.0135135
11239 0.0135135
4872 0.0135135
40890 0.0120482
40764 0.0120482
39583 0.0120482
38518 0.0120482
38312 0.0120482
38211 0.0120482
36028 0.0120482
34123 0.0120482
30321 0.0120482
29909 0.0120482
26558 0.0120482
25200 0.0120482
18872 0.0120482
18248 0.0120482
18122 0.0120482
17793 0.0120482
17396 0.0120482
16076 0.0120482
13652 0.0120482
12922 0.0120482
9196 0.0120482
8755 0.0120482
2846 0.0120482
40632 0.0102041
40618 0.0102041
40525 0.0102041
39947 0.0102041
39791 0.0102041
39155 0.0102041
36952 0.0102041
36673 0.0102041
35029 0.0102041
34043 0.0102041
30793 0.0102041
30676 0.0102041
29640 0.0102041
29225 0.0102041
28094 0.0102041
27989 0.0102041
27695 0.0102041
26832 0.0102041
24239 0.0102041
23439 0.0102041
22184 0.0102041
21757 0.0102041
21217 0.0102041
18997 0.0102041
17312 0.0102041
17277 0.0102041
17154 0.0102041
16298 0.0102041
15416 0.0102041
15225 0.0102041
14934 0.0102041
14546 0.0102041
14138 0.0102041
12569 0.0102041
11714 0.0102041
11626 0.0102041
11080 0.0102041
10453 0.0102041
6140 0.0102041
4468 0.0102041
3852 0.0102041
3750 0.0102041
2885 0.0102041
2869 0.0102041
1966 0.0102041
1610 0.0102041
1355 0.0102041
938 0.0102041
556 0.0102041
432 0.0102041
110 0.0102041
39930 0.00813008
39100 0.00813008
38533 0.00813008
38407 0.00813008
33026 0.00813008
32037 0.00813008
30590 0.00813008
30045 0.00813008
29183 0.00813008
28749 0.00813008
28587 0.00813008
28489 0.00813008
27541 0.00813008
27486 0.00813008
26687 0.00813008
26372 0.00813008
25132 0.00813008
22955 0.00813008
22692 0.00813008
18712 0.00813008
17363 0.00813008
16307 0.00813008
15476 0.00813008
14633 0.00813008
13967 0.00813008
13388 0.00813008
11439 0.00813008
9169 0.00813008
9050 0.00813008
8595 0.00813008
8367 0.00813008
7025 0.00813008
5224 0.00813008
4846 0.00813008
4600 0.00813008
2849 0.00813008
2749 0.00813008
2585 0.00813008
1358 0.00813008
927 0.00813008
40107 0.00531915
39826 0.00531915
39753 0.00531915
39614 0.00531915
39401 0.00531915
39245 0.00531915
39183 0.00531915
38422 0.00531915
37923 0.00531915
37915 0.00531915
37847 0.00531915
37593 0.00531915
36692 0.00531915
36615 0.00531915
36544 0.00531915
36326 0.00531915
36289 0.00531915
36196 0.00531915
35766 0.00531915
35425 0.00531915
35178 0.00531915
35074 0.00531915
34489 0.00531915
33997 0.00531915
33800 0.00531915
33798 0.00531915
33633 0.00531915
33530 0.00531915
33109 0.00531915
32629 0.00531915
31810 0.00531915
31763 0.00531915
31352 0.00531915
31333 0.00531915
31228 0.00531915
30767 0.00531915
30693 0.00531915
30553 0.00531915
30439 0.00531915
30282 0.00531915
30097 0.00531915
29946 0.00531915
29923 0.00531915
29875 0.00531915
29787 0.00531915
29627 0.00531915
29556 0.00531915
29256 0.00531915
29140 0.00531915
29084 0.00531915
28676 0.00531915
27651 0.00531915
26473 0.00531915
26350 0.00531915
26275 0.00531915
26011 0.00531915
25814 0.00531915
25537 0.00531915
25504 0.00531915
25307 0.00531915
25213 0.00531915
25191 0.00531915
24849 0.00531915
23886 0.00531915
23872 0.00531915
23436 0.00531915
23286 0.00531915
22170 0.00531915
21889 0.00531915
21601 0.00531915
20927 0.00531915
20296 0.00531915
20152 0.00531915
20078 0.00531915
19606 0.00531915
18914 0.00531915
18844 0.00531915
18587 0.00531915
18315 0.00531915
18249 0.00531915
17870 0.00531915
17846 0.00531915
17688 0.00531915
16236 0.00531915
16205 0.00531915
15592 0.00531915
14410 0.00531915
14188 0.00531915
14162 0.00531915
13669 0.00531915
13661 0.00531915
13382 0.00531915
13231 0.00531915
12535 0.00531915
12038 0.00531915
11920 0.00531915
11768 0.00531915
11642 0.00531915
11481 0.00531915
11044 0.00531915
9786 0.00531915
9583 0.00531915
8647 0.00531915
8419 0.00531915
8366 0.00531915
8309 0.00531915
8035 0.00531915
7774 0.00531915
7496 0.00531915
7255 0.00531915
6906 0.00531915
6711 0.00531915
6410 0.00531915
6111 0.00531915
5714 0.00531915
4994 0.00531915
4934 0.00531915
4410 0.00531915
3858 0.00531915
3698 0.00531915
2751 0.00531915
2683 0.00531915
2663 0.00531915
1883 0.00531915
1761 0.00531915
1380 0.00531915
1192 0.00531915
