1975 3.56534
30054 0.898238
1734 0.587302
25969 0.535354
23757 0.460753
10718 0.460753
29670 0.406571
13467 0.406571
30366 0.335753
22915 0.335753
30773 0.333333
30459 0.333333
20876 0.322047
7441 0.322047
4075 0.322047
37646 0.316667
38536 0.27861
4162 0.27861
25740 0.25
22217 0.25
19032 0.25
14781 0.25
30478 0.2
25534 0.2
25002 0.2
22998 0.2
14933 0.2
14718 0.193478
40770 0.177419
37924 0.177419
33064 0.177419
27043 0.177419
22594 0.177419
36474 0.142857
28457 0.142857
22243 0.142857
19566 0.142857
14812 0.142857
8058 0.142857
2895 0.142857
39921 0.125
33795 0.125
33580 0.125
21711 0.125
40048 0.111111
37796 0.111111
30722 0.111111
29428 0.111111
22972 0.111111
28497 0.0909091
24331 0.0909091
20360 0.0909091
15606 0.0909091
15040 0.0909091
5595 0.0909091
2600 0.0909091
39120 0.0887137
35286 0.0887137
33228 0.0887137
29333 0.0887137
26860 0.0887137
26164 0.0887137
25442 0.0887137
18368 0.0887137
17636 0.0887137
16512 0.0887137
5458 0.0887137
25472 0.0833333
34916 0.0666667
21309 0.0666667
19141 0.0666667
16862 0.0666667
15435 0.0666667
9734 0.0666667
986 0.0666667
39951 0.05
39144 0.05
38769 0.05
32620 0.05
27799 0.05
24239 0.05
23432 0.05
22802 0.05
22172 0.05
21423 0.05
13543 0.05
9793 0.05
2885 0.05
86 0.05
40089 0.0434783
17484 0.0434783
40674 0.0344828
21810 0.0344828
21320 0.0344828
21102 0.0344828
20575 0.0344828
18072 0.0344828
13770 0.0344828
7501 0.0344828
4817 0.0344828
40891 0.0107527
40701 0.0107527
40656 0.0107527
40589 0.0107527
40017 0.0107527
38911 0.0107527
38316 0.0107527
37174 0.0107527
35990 0.0107527
35770 0.0107527
34513 0.0107527
34425 0.0107527
33944 0.0107527
33746 0.0107527
31301 0.0107527
30919 0.0107527
29833 0.0107527
27994 0.0107527
27987 0.0107527
27818 0.0107527
27410 0.0107527
26315 0.0107527
26206 0.0107527
26175 0.0107527
25907 0.0107527
25747 0.0107527
25185 0.0107527
24296 0.0107527
24013 0.0107527
23986 0.0107527
23125 0.0107527
20281 0.0107527
19401 0.0107527
18577 0.0107527
18341 0.0107527
18328 0.0107527
18189 0.0107527
17822 0.0107527
17767 0.0107527
17608 0.0107527
16442 0.0107527
14502 0.0107527
13517 0.0107527
12709 0.0107527
12109 0.0107527
10923 0.0107527
9791 0.0107527
8883 0.0107527
8357 0.0107527
8225 0.0107527
8083 0.0107527
7411 0.0107527
7021 0.0107527
6964 0.0107527
4785 0.0107527
3879 0.0107527
3730 0.0107527
1781 0.0107527
1493 0.0107527
1294 0.0107527
581 0.0107527
282 0.0107527
40980 0
40979 0
40978 0
40977 0
40976 0
40975 0
40974 0
40973 0
40972 0
40971 0
40970 0
40969 0
40968 0
40967 0
40966 0
40965 0
40964 0
40963 0
40962 0
40961 0
40960 0
40959 0
40958 0
40957 0
40956 0
40955 0
40954 0
40953 0
40952 0
40951 0
40950 0
40949 0
40948 0
40947 0
40946 0
40945 0
40944 0
40943 0
40942 0
40941 0
40940 0
40939 0
40938 0
40937 0
40936 0
40935 0
40934 0
40933 0
40932 0
40931 0
40930 0
40929 0
40928 0
40927 0
40926 0
40925 0
40924 0
40923 0
40922 0
40921 0
40920 0
40919 0
40918 0
40917 0
40916 0
40915 0
40914 0
40913 0
40912 0
40911 0
40910 0
40909 0
40908 0
40907 0
40906 0
40905 0
40904 0
40903 0
40902 0
40901 0
40900 0
40899 0
40898 0
40897 0
40896 0
40895 0
40894 0
40893 0
40892 0
40890 0
40889 0
40888 0
40887 0
40886 0
40885 0
40884 0
40883 0
40882 0
40881 0
40880 0
40879 0
40878 0
40877 0
40876 0
40875 0
40874 0
40873 0
40872 0
40871 0
40870 0
40869 0
40868 0
40867 0
40866 0
40865 0
40864 0
40863 0
40862 0
40861 0
40860 0
40859 0
40858 0
40857 0
40856 0
40855 0
40854 0
40853 0
40852 0
40851 0
40850 0
40849 0
40848 0
40847 0
40846 0
40845 0
40844 0
40843 0
40842 0
40841 0
40840 0
40839 0
40838 0
40837 0
40836 0
40835 0
40834 0
40833 0
40832 0
40831 0
40830 0
40829 0
40828 0
40827 0
40826 0
40825 0
40824 0
40823 0
40822 0
40821 0
40820 0
40819 0
40818 0
40817 0
40816 0
40815 0
40814 0
40813 0
40812 0
40811 0
40810 0
40809 0
40808 0
40807 0
40806 0
40805 0
40804 0
40803 0
40802 0
40801 0
40800 0
40799 0
40798 0
40797 0
40796 0
40795 0
40794 0
40793 0
40792 0
40791 0
40790 0
40789 0
40788 0
40787 0
40786 0
40785 0
40784 0
40783 0
40782 0
40781 0
40780 0
40779 0
40778 0
40777 0
40776 0
40775 0
40774 0
40773 0
40772 0
40771 0
40769 0
40768 0
40767 0
40766 0
40765 0
40764 0
40763 0
40762 0
40761 0
40760 0
40759 0
40758 0
40757 0
40756 0
40755 0
40754 0
40753 0
40752 0
40751 0
40750 0
40749 0
40748 0
40747 0
40746 0
40745 0
40744 0
40743 0
40742 0
40741 0
40740 0
40739 0
40738 0
40737 0
40736 0
40735 0
40734 0
40733 0
40732 0
40731 0
40730 0
40729 0
40728 0
40727 0
40726 0
40725 0
40724 0
40723 0
40722 0
40721 0
40720 0
40719 0
40718 0
40717 0
40716 0
40715 0
40714 0
40713 0
40712 0
40711 0
40710 0
40709 0
40708 0
40707 0
40706 0
40705 0
40704 0
40703 0
40702 0
40700 0
40699 0
40698 0
40697 0
40696 0
40695 0
40694 0
40693 0
40692 0
40691 0
40690 0
40689 0
40688 0
40687 0
40686 0
40685 0
40684 0
40683 0
40682 0
40681 0
40680 0
40679 0
40678 0
40677 0
40676 0
40675 0
40673 0
40672 0
40671 0
40670 0
40669 0
40668 0
40667 0
40666 0
40665 0
40664 0
40663 0
40662 0
40661 0
40660 0
40659 0
40658 0
40657 0
40655 0
40654 0
40653 0
40652 0
40651 0
40650 0
40649 0
40648 0
40647 0
40646 0
40645 0
40644 0
40643 0
40642 0
40641 0
40640 0
40639 0
40638 0
