25841 8.85301
7078 8.21471
32404 8.04135
26801 7.3462
29947 5.34932
36983 3.74617
6521 3.56035
16138 3.37532
17832 3.36646
39759 3.29507
70 3.17181
25493 2.91523
32495 2.68039
3359 2.5414
6188 2.51384
21555 2.51198
34842 2.47474
17095 2.4681
13320 2.38461
16877 2.36575
14752 2.30748
31064 2.2771
26221 2.25912
4685 2.24567
1233 2.09061
326 2.00235
23958 1.97041
29696 1.95087
35807 1.91714
23860 1.90758
18696 1.89745
39470 1.8338
3205 1.76684
37258 1.7602
37045 1.70669
131 1.69152
23880 1.57317
20189 1.54842
1350 1.50829
18657 1.48238
36497 1.40008
28911 1.37013
20793 1.32757
17518 1.32757
23768 1.30634
24636 1.27455
7349 1.25776
37660 1.21912
26330 1.21812
20118 1.15991
27088 1.13354
29927 1.12686
32227 1.10567
29180 1.10472
5260 1.0875
40634 1.04739
2021 1.0328
19599 1.03222
12912 1.00632
37239 0.997125
17023 0.990351
23815 0.985609
9809 0.915627
26823 0.911961
30069 0.911584
903 0.901165
16993 0.895025
1537 0.87854
15914 0.856748
30029 0.848288
29017 0.838671
28516 0.829609
21458 0.813679
9627 0.81365
15447 0.809455
18211 0.794708
37539 0.791531
3533 0.768988
39044 0.766664
28365 0.762988
19454 0.761929
40680 0.751942
10336 0.745977
37753 0.735728
3069 0.733208
38213 0.732651
20095 0.724304
11605 0.724304
8590 0.721767
297 0.71358
1665 0.684272
2506 0.674834
17059 0.670756
4603 0.657932
10121 0.642342
7627 0.627546
19160 0.607138
31590 0.587007
31408 0.57444
37481 0.570839
34117 0.557751
12862 0.553704
835 0.55268
39241 0.551963
32649 0.536056
16475 0.526747
3174 0.520531
1381 0.513582
9042 0.511382
23650 0.511359
4357 0.507548
9604 0.499145
11262 0.495985
13724 0.495693
37144 0.492706
13144 0.485404
20131 0.484638
16733 0.48251
17508 0.480659
15546 0.480265
6295 0.477847
30033 0.476544
23371 0.474662
13222 0.469711
21522 0.462581
36706 0.455556
13590 0.448885
40392 0.434934
4661 0.431753
2146 0.431349
17944 0.426019
20499 0.41832
4741 0.417819
39325 0.41749
1077 0.416947
35302 0.416742
19530 0.4162
23214 0.413168
35973 0.405772
3159 0.404487
7956 0.3815
39816 0.380907
16174 0.373628
16382 0.373054
39088 0.372791
19136 0.372519
35890 0.366676
1762 0.364935
17111 0.361223
22332 0.360431
35558 0.359993
30889 0.358336
18312 0.358203
17823 0.346146
28048 0.343846
20244 0.343811
15269 0.343649
3087 0.341252
33788 0.337147
27813 0.335431
1309 0.333435
32679 0.331153
21717 0.327506
25145 0.324323
38401 0.320211
9356 0.319092
5657 0.319092
22370 0.31355
27249 0.307857
20741 0.302354
12244 0.299847
2109 0.298976
951 0.298956
5031 0.297545
648 0.295248
24888 0.295051
1031 0.294768
29779 0.293957
30560 0.292955
16709 0.288403
28362 0.288121
13056 0.284722
5581 0.283327
36107 0.278294
10681 0.272746
17991 0.269775
4193 0.269564
6999 0.266593
25239 0.266014
11716 0.264325
20514 0.263458
21239 0.261724
7650 0.261724
11316 0.258832
10801 0.254958
11307 0.248835
20820 0.232433
25818 0.232269
2362 0.229998
20859 0.226601
10687 0.217284
1063 0.217284
25621 0.213843
11963 0.213256
26362 0.212519
9522 0.207445
40857 0.205735
10214 0.192786
16623 0.189091
28895 0.183891
40949 0.175773
19252 0.169755
899 0.164407
11160 0.164031
23812 0.161201
8801 0.157875
8728 0.152884
40537 0.150805
16637 0.148857
14019 0.143973
4237 0.143162
38948 0.142857
11395 0.141464
24349 0.140783
11598 0.139679
20261 0.139548
35233 0.138981
27150 0.138981
33261 0.138565
29089 0.137245
28548 0.137245
1481 0.135439
842 0.129613
2224 0.128125
32910 0.126375
6432 0.123109
26496 0.119422
30421 0.113642
14675 0.103991
21671 0.103578
6282 0.100492
24768 0.100464
20798 0.1
10429 0.0962884
38481 0.0937463
18981 0.0909091
14441 0.0909091
12375 0.0909091
26434 0.086153
11860 0.0847005
15333 0.0844165
15947 0.0833333
21967 0.0804762
21155 0.0803862
16150 0.0791005
33034 0.0769769
40117 0.076236
14361 0.0669492
14308 0.0625
11538 0.0623602
18252 0.0588235
15682 0.0569028
8434 0.0556402
3373 0.0555556
31109 0.0509579
18074 0.0503463
9956 0.0496131
3810 0.0496131
37763 0.0483969
13152 0.0483969
9863 0.0409956
25674 0.0406977
37202 0.0344828
35650 0.0322581
20423 0.0322581
16556 0.0322581
26771 0.0285714
39686 0.0227273
33658 0.0227273
17028 0.0227273
14198 0.0227273
6328 0.0169492
39166 0.0142857
28592 0.0142857
25793 0.0142857
15724 0.0142857
9346 0.0142857
6855 0.0142857
24 0.0142857
37981 0.0133333
34934 0.0133333
32275 0.0133333
24976 0.0133333
24491 0.0133333
23690 0.0133333
18774 0.0133333
18266 0.0133333
15299 0.0133333
7300 0.0133333
5213 0.0133333
4832 0.0133333
4107 0.0133333
3774 0.0133333
3446 0.0133333
3275 0.0133333
2213 0.0133333
1837 0.0133333
1095 0.0133333
40980 0
40979 0
40978 0
40977 0
40976 0
40975 0
40974 0
40973 0
40972 0
40971 0
40970 0
40969 0
40968 0
40967 0
40966 0
40965 0
40964 0
40963 0
40962 0
40961 0
40960 0
40959 0
40958 0
40957 0
40956 0
40955 0
40954 0
40953 0
40952 0
40951 0
40950 0
40948 0
40947 0
40946 0
40945 0
40944 0
40943 0
40942 0
40941 0
40940 0
40939 0
40938 0
40937 0
40936 0
40935 0
40934 0
40933 0
40932 0
40931 0
40930 0
40929 0
40928 0
40927 0
40926 0
40925 0
40924 0
40923 0
40922 0
40921 0
40920 0
40919 0
40918 0
40917 0
40916 0
40915 0
40914 0
40913 0
40912 0
40911 0
40910 0
40909 0
40908 0
40907 0
40906 0
40905 0
40904 0
40903 0
40902 0
40901 0
40900 0
40899 0
40898 0
40897 0
40896 0
40895 0
40894 0
40893 0
40892 0
40891 0
40890 0
40889 0
40888 0
40887 0
40886 0
40885 0
40884 0
40883 0
40882 0
40881 0
40880 0
40879 0
40878 0
40877 0
40876 0
40875 0
40874 0
40873 0
40872 0
40871 0
40870 0
40869 0
40868 0
40867 0
40866 0
40865 0
40864 0
40863 0
40862 0
40861 0
40860 0
40859 0
40858 0
40856 0
40855 0
40854 0
40853 0
40852 0
40851 0
40850 0
40849 0
40848 0
40847 0
40846 0
40845 0
40844 0
40843 0
40842 0
40841 0
40840 0
40839 0
40838 0
40837 0
40836 0
40835 0
40834 0
40833 0
40832 0
40831 0
40830 0
40829 0
40828 0
40827 0
40826 0
40825 0
40824 0
40823 0
40822 0
40821 0
40820 0
40819 0
40818 0
40817 0
40816 0
40815 0
40814 0
40813 0
40812 0
40811 0
40810 0
40809 0
40808 0
40807 0
40806 0
40805 0
40804 0
40803 0
40802 0
40801 0
40800 0
40799 0
40798 0
40797 0
40796 0
40795 0
40794 0
40793 0
40792 0
40791 0
40790 0
40789 0
40788 0
40787 0
