27799 23.8735
35766 22.4554
13654 12.6988
36313 9.79357
36400 8.2207
2885 7.91938
17312 6.65737
24239 6.01745
16806 5.73675
35317 5.52107
14672 5.08388
21323 4.67068
33267 4.27165
13916 4.20976
13507 4.1916
30897 4.05153
3852 3.40248
16504 3.39862
21889 3.27451
26854 3.25922
3002 3.2131
37374 3.20263
34999 3.15924
27863 3.10748
18520 3.04969
16097 2.77083
37546 2.75707
4539 2.64981
2781 2.63707
10210 2.62997
6041 2.62226
33452 2.578
9196 2.56559
39661 2.44136
5824 2.43312
30847 2.16375
9180 2.13814
14138 2.0666
34116 2.02378
14534 2.01381
22088 2.01281
1410 1.9831
27190 1.96897
30209 1.94542
14858 1.93283
26476 1.88879
37342 1.8873
22368 1.86421
18329 1.86219
5875 1.80178
24596 1.78025
12104 1.625
35734 1.59985
35346 1.55615
33633 1.52699
16745 1.52096
27208 1.47595
12569 1.46421
1 1.4294
8035 1.4239
9553 1.36575
18138 1.36111
26323 1.3469
29875 1.34479
13669 1.28435
22530 1.2786
25659 1.27262
40890 1.26283
6592 1.22663
34363 1.2254
15669 1.20096
28855 1.16111
20928 1.12856
32688 1.11071
2484 1.09596
37566 1.07857
34561 1.07756
8224 1.065
26541 1.02301
34439 1.01379
17137 1.00341
1760 1.00223
3541 1.00165
36918 1.00108
4043 1
4361 0.992832
12451 0.99206
24400 0.982329
6067 0.981746
39172 0.976205
37597 0.940909
2751 0.922457
31564 0.890614
24957 0.878332
543 0.877285
39600 0.872611
10536 0.866667
29923 0.866124
4994 0.862359
37924 0.844689
37496 0.842032
33518 0.833333
16076 0.811742
26786 0.810919
306 0.800923
39383 0.79158
17590 0.790233
26398 0.783333
32536 0.777934
32324 0.776923
4296 0.767628
40204 0.760619
5455 0.759314
30425 0.756735
17154 0.747902
39791 0.731746
14934 0.72037
8135 0.7
16283 0.695971
31553 0.691698
32043 0.691438
39183 0.683333
39177 0.681836
15467 0.674242
37882 0.666667
31589 0.657056
3940 0.6542
25826 0.645833
4112 0.642857
12935 0.641667
15255 0.635714
38863 0.608974
39925 0.591813
35706 0.591712
29634 0.584722
34911 0.57698
39519 0.575
2899 0.57487
37027 0.571594
18834 0.57021
16298 0.56654
31140 0.565693
328 0.562558
2618 0.54697
19253 0.545979
391 0.538462
24126 0.534878
7145 0.534091
10196 0.533333
3030 0.533333
14546 0.532793
38049 0.526923
4551 0.526598
5778 0.525653
8412 0.517857
37639 0.516667
23251 0.516667
39826 0.511228
7807 0.500372
21186 0.5
6518 0.489583
21830 0.484465
22711 0.482819
22745 0.479167
10480 0.475
20250 0.473705
30229 0.461526
5642 0.45978
2877 0.45164
6715 0.447917
31136 0.446429
8197 0.442857
4023 0.437434
12377 0.434524
4058 0.431319
10505 0.430556
24678 0.427251
38583 0.422492
20093 0.420302
30419 0.418193
16775 0.417175
12766 0.416667
2869 0.416667
11488 0.412949
6298 0.412578
35525 0.405578
29902 0.405128
4189 0.404559
30379 0.400433
19517 0.400433
33142 0.392857
14158 0.391393
12393 0.379401
1610 0.377617
30676 0.372132
12525 0.369048
5821 0.366081
26095 0.365511
3821 0.362338
9199 0.35119
40342 0.350251
39962 0.344538
14006 0.342157
9283 0.339286
29140 0.338346
38118 0.338301
25065 0.336332
39231 0.336111
9786 0.336111
27213 0.333333
25474 0.333333
24764 0.333333
18558 0.333333
17396 0.333333
16152 0.333333
11481 0.333333
5519 0.333333
406 0.333333
35825 0.33306
31858 0.32702
30439 0.32619
30234 0.325057
29073 0.322159
17318 0.322159
12522 0.316667
25505 0.313575
27900 0.312792
21932 0.311355
20177 0.308333
15665 0.307768
35463 0.306263
17985 0.305744
830 0.303968
32708 0.301923
33227 0.296429
28094 0.291667
17943 0.286447
21703 0.284314
11810 0.28254
11331 0.278943
6033 0.278846
31352 0.277778
3291 0.274854
37948 0.273611
16947 0.270833
6140 0.268347
6252 0.266917
23396 0.264753
37672 0.258741
28756 0.25103
8342 0.25103
39290 0.25
38356 0.25
37955 0.25
30504 0.25
29258 0.25
29193 0.25
27486 0.25
21048 0.25
20835 0.25
19313 0.25
19223 0.25
17689 0.25
16260 0.25
13337 0.25
11532 0.25
11304 0.25
11113 0.25
9239 0.25
7766 0.25
7132 0.25
2878 0.25
19032 0.248148
23468 0.244144
30793 0.242157
34123 0.238636
22170 0.238312
2786 0.235931
15012 0.233333
3356 0.232906
13927 0.227381
26181 0.224671
26512 0.223611
7102 0.222917
39947 0.221338
27989 0.221338
14943 0.219935
20704 0.21978
33108 0.218519
21861 0.218519
19511 0.218519
9001 0.218519
1355 0.214806
27349 0.213988
16723 0.213675
38608 0.212121
36673 0.204762
39245 0.204185
18340 0.201681
34780 0.2
32885 0.2
31843 0.2
30175 0.2
27623 0.2
22456 0.2
16787 0.2
16250 0.2
14600 0.2
12793 0.2
11626 0.2
8672 0.2
8408 0.2
4696 0.2
129 0.2
3229 0.199883
31582 0.195971
7592 0.194046
34768 0.19359
15225 0.192308
24902 0.191667
3645 0.189033
39507 0.188995
9197 0.188378
14181 0.1875
16236 0.186465
40165 0.185808
19967 0.185714
37233 0.184722
16962 0.184465
27033 0.183502
26832 0.179867
20840 0.177381
25045 0.176923
38345 0.175036
1659 0.175009
40644 0.166667
40525 0.166667
37881 0.166667
36273 0.166667
35183 0.166667
30876 0.166667
29261 0.166667
27926 0.166667
24591 0.166667
22501 0.166667
21772 0.166667
18921 0.166667
18369 0.166667
17682 0.166667
15732 0.166667
14922 0.166667
13803 0.166667
13309 0.166667
6166 0.166667
25362 0.163889
15434 0.163889
8237 0.163889
25307 0.155345
24891 0.155345
37340 0.155132
26546 0.152757
35203 0.148606
12974 0.148214
29640 0.148073
29237 0.145181
11410 0.14418
8356 0.144017
14842 0.14359
39951 0.142857
39472 0.142857
35249 0.142857
32620 0.142857
32183 0.142857
31636 0.142857
31228 0.142857
28407 0.142857
27613 0.142857
22587 0.142857
20490 0.142857
18785 0.142857
17267 0.142857
16913 0.142857
16591 0.142857
13759 0.142857
13254 0.142857
12541 0.142857
7245 0.142857
4796 0.142857
2236 0.142857
697 0.142857
512 0.140454
38864 0.139669
6906 0.136548
34043 0.136081
23748 0.13306
11804 0.126081
40282 0.125
36438 0.125
36117 0.125
30216 0.125
29768 0.125
27849 0.125
25504 0.125
18435 0.125
18086 0.125
16222 0.125
15379 0.125
13234 0.125
11206 0.125
9680 0.125
3911 0.125
2262 0.125
10 0.125
18842 0.122492
26794 0.121949
23886 0.121645
1192 0.121645
37750 0.121096
31390 0.120879
2752 0.120879
13628 0.114652
33377 0.111111
32572 0.111111
30545 0.111111
30296 0.111111
30186 0.111111
24041 0.111111
20439 0.111111
19046 0.111111
18866 0.111111
14576 0.111111
13120 0.111111
11536 0.111111
10164 0.111111
8309 0.111111
5333 0.111111
2888 0.111111
550 0.111111
277 0.110185
1462 0.109523
3887 0.100015
40668 0.1
36615 0.1
29946 0.1
29556 0.1
29030 0.1
25213 0.1
24907 0.1
24849 0.1
24028 0.1
23872 0.1
23843 0.1
23218 0.1
22647 0.1
20350 0.1
18850 0.1
18845 0.1
18844 0.1
17033 0.1
16789 0.1
13231 0.1
12989 0.1
11101 0.1
10484 0.1
10361 0.1
8465 0.1
7286 0.1
2585 0.1
483 0.1
448 0.1
37800 0.0964406
39671 0.0942761
38679 0.0909091
31318 0.0909091
28611 0.0909091
25765 0.0909091
25334 0.0909091
25190 0.0909091
19515 0.0909091
14287 0.0909091
9994 0.0909091
9484 0.0909091
7852 0.0909091
5103 0.0909091
3682 0.0909091
38762 0.0905693
27253 0.0905693
2218 0.0893101
36712 0.0833333
31723 0.0833333
31663 0.0833333
27740 0.0833333
22184 0.0833333
21978 0.0833333
19952 0.0833333
19774 0.0833333
17401 0.0833333
16058 0.0833333
8384 0.0833333
938 0.0833333
