18428 2667.54
34312 2195.88
9423 1392.1
6049 905.454
9615 514.216
23843 495.197
19555 380.555
35601 314.736
31366 305.652
27379 290.854
22537 289.466
36147 242.419
14583 203.006
22122 190.864
29401 189.923
2669 189.242
18732 169.314
35792 145.825
13309 102.365
16390 92.9074
34737 86.8003
21288 85.5829
20250 84.5448
2153 74.4659
25330 66.2433
32808 64.7054
8717 63.6247
27799 45.9099
21323 44.2406
25546 40.7167
16504 36.1087
40882 35.1973
39383 30.324
20010 29.1624
17312 26.698
32165 25.1491
9720 24.2705
14543 23.8787
13916 23.4656
19820 22.6775
13654 22.5784
28500 22.2108
12956 21.6856
26930 21.1793
8831 21.0078
14398 20.6407
10480 18.8251
16817 16.8173
31916 16.7758
225 16.2327
19032 16.1752
32885 15.8839
29762 15.8645
33633 15.7338
38535 15.7131
19419 15.6873
30359 15.443
16933 13.9472
2885 13.8919
39028 13.7097
33214 13.706
27926 13.5361
35404 13.349
797 13.1877
32522 13.1876
25583 12.9862
35241 12.4152
18328 12.3272
24678 12.0789
36596 11.5626
39177 11.5402
25179 11.4812
33233 11.4252
22711 10.8448
25016 10.7434
40113 10.4172
22594 10.2043
35766 9.98297
31153 9.64775
23696 9.60099
22501 9.59587
9243 9.37649
651 9.33412
34013 9.05225
10689 8.73076
28769 8.49533
16688 8.41119
1514 8.3312
35151 8.3271
18088 8.09273
9196 7.92338
3200 7.80537
22095 7.80195
23024 7.46822
1106 7.42149
12282 7.25534
21889 7.21771
21712 7.18951
35346 7.02371
39661 6.90339
7557 6.78077
34758 6.76796
24670 6.7432
32652 6.6878
830 6.59646
20928 6.47777
39640 6.43847
27779 6.38898
23836 6.32137
36969 6.25319
27135 6.23309
4471 6.20644
23993 6.16437
20397 5.97534
8088 5.92385
4998 5.84404
23260 5.82388
32403 5.75181
2864 5.73441
2675 5.72081
3920 5.69891
37496 5.65692
26069 5.63648
16806 5.57675
3936 5.55463
9320 5.4471
5640 5.38619
33163 5.37228
18520 5.34897
16723 5.31622
17571 5.29414
16298 5.27689
6112 5.15799
35734 5.11935
7125 5.10815
12935 5.0994
350 5.06719
37838 5.0659
28551 4.97028
21341 4.82972
15416 4.77761
39 4.67337
4617 4.66622
8712 4.65905
19259 4.61733
28274 4.59342
7579 4.51419
32035 4.50917
1659 4.50054
36256 4.44971
35697 4.4471
19379 4.43827
257 4.42093
24302 4.38242
15067 4.3619
29551 4.30645
35317 4.29113
8313 4.28943
9694 4.28358
17948 4.14392
32043 4.14362
26399 4.14046
9543 4.12975
6319 4.12859
5783 4.12144
16236 4.10973
30377 4.0921
37347 4.08814
40190 4.07222
25200 4.06871
16090 4.00737
21861 3.96593
6041 3.95559
7145 3.92854
16001 3.89326
34127 3.82002
10042 3.80199
10061 3.79326
15225 3.7842
7277 3.75101
36400 3.72444
3318 3.65864
8672 3.6072
37888 3.59215
38583 3.58799
8027 3.5776
7797 3.55708
34905 3.52798
3068 3.49387
27082 3.45705
28331 3.43625
30561 3.43588
27863 3.3745
34768 3.35384
15665 3.33783
10896 3.33699
9825 3.32251
21394 3.32127
27732 3.32015
35185 3.29311
33009 3.28194
5644 3.26298
21978 3.25653
19826 3.25167
31664 3.2341
40474 3.22852
11080 3.2272
16076 3.16088
21634 3.11394
17319 3.10115
19470 3.09765
24086 3.08056
24754 3.07264
36647 3.06798
37571 3.04957
19016 3.04709
24239 3.03495
24423 3.02614
2869 3.02456
16868 3.02221
6592 3.01435
29237 2.99808
25056 2.9972
7025 2.98051
17592 2.97761
2877 2.96144
1975 2.94483
26409 2.92877
37027 2.92729
3300 2.92196
13052 2.90906
39791 2.90452
20875 2.90208
23724 2.89645
987 2.89497
7150 2.874
22530 2.86885
39947 2.86382
27989 2.86382
26153 2.83263
14822 2.81833
10210 2.81188
22184 2.81107
12480 2.80948
24894 2.80753
5497 2.80698
10019 2.78846
432 2.78275
30612 2.77498
15765 2.74892
18740 2.74542
16313 2.74428
11488 2.73274
29318 2.7256
36952 2.72065
4413 2.68632
1643 2.6742
13194 2.6732
9876 2.65892
885 2.61575
11439 2.61176
35114 2.59544
23972 2.5878
2938 2.56662
18221 2.55255
2480 2.5444
31778 2.54273
2674 2.50562
31482 2.5034
31299 2.50312
10594 2.49032
22368 2.45554
3541 2.43984
40883 2.43884
40890 2.42953
15777 2.41536
32950 2.40848
24318 2.39573
14341 2.39322
27746 2.38121
39395 2.3785
21283 2.37468
13669 2.37276
15455 2.37226
40525 2.37042
37711 2.3687
30676 2.34842
110 2.34842
9665 2.34564
12230 2.33823
6239 2.32901
21906 2.32895
8507 2.32388
10780 2.30665
35525 2.30197
3721 2.29283
23661 2.28795
36717 2.2798
25317 2.27601
9748 2.2699
18463 2.26297
31589 2.26256
29875 2.2519
947 2.24378
33028 2.24137
40342 2.24076
25659 2.23511
27166 2.23349
39671 2.23212
15873 2.226
27298 2.21289
14142 2.2086
8361 2.20361
1610 2.19902
18582 2.19462
14462 2.18823
24909 2.18307
37924 2.18121
22026 2.17871
36673 2.16883
33135 2.16113
23390 2.15586
12451 2.15262
16395 2.14997
33026 2.14414
6303 2.13076
9324 2.12386
19404 2.12014
15592 2.10092
26095 2.09587
32620 2.09391
36372 2.09244
11764 2.09238
33695 2.0826
14926 2.08109
1827 2.08076
3940 2.07179
8035 2.06868
37328 2.05553
27107 2.05487
19236 2.0451
31301 2.04431
4669 2.03729
21757 2.01464
36851 2.00806
37211 2.00151
37270 1.98961
11650 1.98792
6756 1.98597
29373 1.98267
17131 1.98199
36451 1.97491
24825 1.97303
37506 1.97096
40688 1.94914
12983 1.93189
5719 1.91931
39273 1.91916
35297 1.91695
16534 1.90394
12069 1.89606
40909 1.89159
27486 1.88769
36796 1.8706
26122 1.86844
26372 1.86467
31329 1.86433
39962 1.85691
1232 1.85555
16683 1.85357
13267 1.85332
26402 1.83829
15151 1.83186
4506 1.82486
13666 1.81749
30793 1.81708
25597 1.81707
21813 1.81111
6979 1.81101
5905 1.80772
14768 1.80542
19774 1.80196
11411 1.79912
22219 1.79636
30216 1.79622
28489 1.79049
37307 1.78394
19428 1.77991
35016 1.77896
40420 1.77554
18803 1.76834
6654 1.76799
11032 1.75161
15460 1.74944
17994 1.73299
25826 1.73219
24615 1.72947
17902 1.72657
7830 1.72543
18588 1.70554
19511 1.69425
20459 1.69387
3188 1.69329
32668 1.67363
24591 1.67065
37776 1.66893
38627 1.65535
20704 1.65293
33798 1.65218
29397 1.65043
22355 1.6497
30097 1.64182
14529 1.64138
22955 1.64028
17230 1.63899
32930 1.63761
8465 1.6357
12569 1.63398
3130 1.61713
22010 1.61473
24414 1.60897
26832 1.60895
18269 1.60761
39336 1.59922
37502 1.59519
16233 1.59496
25828 1.58866
23928 1.58419
6125 1.57599
7639 1.57262
17685 1.57144
6715 1.57129
24522 1.56827
24313 1.56803
25048 1.56742
24400 1.56741
29084 1.56693
31047 1.56633
8120 1.56298
23582 1.5607
34520 1.5568
17785 1.55011
3501 1.54594
9249 1.54555
33727 1.54479
6140 1.54353
6738 1.53564
25304 1.53009
26084 1.52441
20682 1.52392
8573 1.52242
21592 1.52197
5139 1.52179
38746 1.51754
7489 1.51084
28110 1.49978
36477 1.4919
28928 1.48993
13370 1.48993
9287 1.48993
1218 1.48993
36494 1.48594
17158 1.48225
13326 1.48076
18800 1.47871
5484 1.47821
7402 1.47569
13425 1.47543
13884 1.46294
29183 1.45852
40915 1.45441
2027 1.45202
13847 1.4505
7921 1.43967
17204 1.43681
19967 1.43148
25524 1.41537
21703 1.41359
4695 1.41292
3002 1.41221
2496 1.40885
26476 1.40578
26143 1.39961
34382 1.39776
10536 1.39524
20177 1.39209
17951 1.38862
25132 1.38777
17489 1.38001
30764 1.37936
28350 1.37934
37710 1.37627
21135 1.374
20279 1.36996
2484 1.36567
23388 1.36493
9239 1.3643
33600 1.36427
16543 1.35977
23504 1.35672
