5693 5.3014
7708 3.04492
17634 2.91866
31301 2.66048
8672 2.54977
4943 1.92975
4405 1.56553
52 1.55513
10602 1.50907
34908 1.36786
31030 1.10795
363 1.05219
8186 1.03272
32921 1.02148
18328 0.910256
12431 0.88997
13334 0.841557
34611 0.807064
27799 0.791322
36996 0.787789
24796 0.764592
23317 0.719173
2885 0.683333
26892 0.68086
34495 0.671313
5723 0.666667
40977 0.661022
10923 0.64903
26750 0.647016
9668 0.575
21983 0.565118
16791 0.544056
2943 0.537377
34529 0.535335
18616 0.526408
5691 0.521429
5175 0.518939
30760 0.517911
3447 0.510897
19955 0.509091
6644 0.508099
39171 0.507528
5663 0.50119
11630 0.48955
24316 0.486111
24518 0.483333
40078 0.469298
8027 0.466667
32885 0.445238
31223 0.438733
1427 0.435833
19329 0.425
38411 0.416667
2712 0.416175
6504 0.401434
3112 0.395657
22583 0.391493
28444 0.383975
1091 0.383824
6061 0.383333
39393 0.38254
919 0.378549
24475 0.378175
27886 0.377417
32342 0.370621
30286 0.358927
1177 0.352564
22557 0.351519
14603 0.347749
25543 0.341577
12384 0.336551
35361 0.333333
31038 0.333333
20914 0.333333
12630 0.333333
11985 0.333333
10760 0.333333
13762 0.33245
9019 0.331197
32546 0.329193
7828 0.317009
40775 0.313056
38668 0.30806
16853 0.304423
29154 0.30303
503 0.30303
10009 0.302454
40573 0.302263
26555 0.299094
15603 0.299094
28701 0.295218
901 0.293651
21097 0.292857
6823 0.291887
2249 0.291131
7894 0.290283
9200 0.284741
34673 0.283333
14746 0.278316
5373 0.269962
4785 0.265235
19032 0.261204
38081 0.257764
10131 0.257039
19295 0.256566
32852 0.25119
35096 0.25
26789 0.25
14138 0.25
8526 0.25
1791 0.25
28038 0.249192
18644 0.249192
37501 0.240188
14544 0.238952
15335 0.235653
35666 0.233974
14048 0.232895
36051 0.231794
14565 0.231794
2160 0.230804
39616 0.229167
16895 0.225373
8589 0.223721
38037 0.223232
24133 0.223232
3856 0.215278
10980 0.213401
37665 0.212891
3648 0.210852
29752 0.210354
27844 0.209211
20850 0.203132
36306 0.2
29997 0.2
27425 0.2
19012 0.2
18788 0.2
16652 0.2
11633 0.2
10786 0.2
8242 0.2
7593 0.2
6983 0.2
4878 0.2
3782 0.2
2781 0.2
15581 0.199252
12787 0.198864
23014 0.196887
27951 0.192987
40205 0.191288
24619 0.191288
20407 0.191288
36292 0.189899
2823 0.189312
23029 0.185833
3434 0.184542
29059 0.18359
12221 0.18359
36962 0.18254
38176 0.1785
17515 0.175707
27514 0.174432
1683 0.171221
35017 0.166667
31406 0.166667
27094 0.166667
25445 0.166667
23582 0.166667
7707 0.166667
1977 0.164114
24825 0.16406
39112 0.163889
57 0.161987
19055 0.160505
23380 0.155893
31986 0.155499
27646 0.155499
17127 0.155073
13435 0.152781
26612 0.151742
24335 0.149711
2775 0.149469
10057 0.148947
13646 0.148686
13881 0.147467
26159 0.145072
33189 0.144444
3363 0.144444
3567 0.143843
40734 0.142857
37179 0.142857
36623 0.142857
31930 0.142857
28166 0.142857
26400 0.142857
23510 0.142857
21859 0.142857
20489 0.142857
11195 0.142857
8582 0.142857
23193 0.142484
7024 0.142468
12572 0.140812
40869 0.13607
17272 0.13607
15446 0.13607
32975 0.132867
15095 0.132867
12419 0.132867
36546 0.131352
35734 0.125
33545 0.125
32902 0.125
23898 0.125
23877 0.125
23211 0.125
23059 0.125
22897 0.125
27434 0.123903
32862 0.122518
32148 0.121421
19119 0.121421
17121 0.121421
27180 0.117478
17180 0.117478
19939 0.117037
26083 0.114072
28535 0.113426
16604 0.113426
13925 0.113426
38940 0.111111
34274 0.111111
20127 0.111111
17312 0.111111
14947 0.111111
9197 0.111111
6477 0.111111
2839 0.111111
14307 0.110496
18514 0.109465
8508 0.109465
7032 0.109465
29326 0.107785
17585 0.107785
11622 0.107785
4794 0.107785
1323 0.107724
29741 0.104412
29032 0.104412
39994 0.102351
38453 0.1
32308 0.1
32228 0.1
28621 0.1
26243 0.1
19885 0.1
14953 0.1
13479 0.1
11401 0.1
11047 0.1
7836 0.1
2969 0.1
1210 0.0994302
1267 0.0982357
29554 0.0981226
11615 0.0981226
7942 0.0981226
12149 0.0973301
11647 0.0967195
12518 0.0941993
2838 0.0932982
33936 0.0909091
8525 0.0909091
25185 0.0878427
17767 0.0878427
29443 0.0878022
31197 0.087709
30269 0.087709
8867 0.087709
6585 0.087709
6096 0.087709
3245 0.0874352
24700 0.0866125
32529 0.0849495
28380 0.0849495
12490 0.0840702
35602 0.0833333
26160 0.0833333
23274 0.0833333
10953 0.0833333
2935 0.0833333
29313 0.0831807
26436 0.0831807
19325 0.0831807
1895 0.0831807
11443 0.0779075
21345 0.0779038
38463 0.0769231
34704 0.0769231
32934 0.0769231
30121 0.0769231
26539 0.0769231
25032 0.0769231
4507 0.0769231
2043 0.0769231
21816 0.0734879
36991 0.0731423
24649 0.0731423
16120 0.0731423
15451 0.0731423
11460 0.0731423
37163 0.0722279
34032 0.0722279
4375 0.0722279
40294 0.0715736
30144 0.0715736
32356 0.0714286
22711 0.0714286
22228 0.0714286
20476 0.0714286
15053 0.0714286
13291 0.0714286
35683 0.0690066
24886 0.0666667
16056 0.0666667
3880 0.0666667
6815 0.0628286
37910 0.0625
36606 0.0625
35985 0.0625
30780 0.0625
30632 0.0625
30122 0.0625
20424 0.0625
19788 0.0625
19779 0.0625
17086 0.0625
13845 0.0625
13341 0.0625
12662 0.0625
11625 0.0625
11319 0.0625
6886 0.0625
3336 0.0625
34355 0.0613636
31300 0.0613636
4746 0.0613636
32662 0.0603175
30729 0.0603175
27892 0.0603175
8446 0.0603175
3932 0.0603175
25725 0.0592506
16446 0.0592506
979 0.0592506
36734 0.0588235
32797 0.0588235
24266 0.0588235
20768 0.0588235
9846 0.0588235
9731 0.0588235
7208 0.0588235
36046 0.0578921
30611 0.0578921
24756 0.0578921
14007 0.0578921
1391 0.0578921
30043 0.0575826
26923 0.0575826
22402 0.0571828
7723 0.0571828
2633 0.0571828
2289 0.0571828
40374 0.0555556
33490 0.0555556
26240 0.0555556
24819 0.0555556
18192 0.0555556
16764 0.0555556
15775 0.0555556
14117 0.0555556
9519 0.0555556
1259 0.0555556
39743 0.0531448
34223 0.0531448
26395 0.0531448
19589 0.0531448
11945 0.0531448
38662 0.0531317
27401 0.0531317
3936 0.0526316
40737 0.0524491
28959 0.0524491
17177 0.0524491
12183 0.0524491
27713 0.0503678
25817 0.0503678
20684 0.0503678
16833 0.0503678
15643 0.0503678
187 0.0503678
40661 0.0454545
37234 0.0454545
24803 0.0454545
18219 0.0454545
14132 0.0454545
8579 0.0454545
7284 0.0454545
5288 0.0454545
5214 0.0454545
3863 0.0454545
1975 0.0454545
38377 0.0434783
40969 0.0416667
26361 0.0416667
25425 0.0416667
23498 0.0416667
20333 0.0416667
14041 0.0416667
3064 0.0416667
40615 0.04
38450 0.04
37529 0.04
35962 0.04
33646 0.04
31426 0.04
27759 0.04
22422 0.04
14390 0.04
14311 0.04
10322 0.04
33068 0.0377199
32713 0.0377199
30856 0.0377199
27139 0.0377199
26235 0.0377199
26054 0.0377199
25083 0.0377199
20458 0.0377199
12144 0.0377199
10844 0.0377199
2582 0.0377199
23843 0.037037
36071 0.035401
32122 0.035401
23849 0.035401
18567 0.035401
10737 0.035401
3101 0.035401
3075 0.035401
777 0.035401
186 0.035401
39923 0.0344828
30167 0.0344828
29828 0.0344828
13432 0.0344828
11524 0.0344828
7343 0.0344828
32261 0.0333333
27994 0.0333333
24164 0.0333333
23366 0.0333333
21849 0.0333333
19396 0.0333333
12885 0.0333333
11465 0.0333333
9647 0.0333333
774 0.0333333
33347 0.030303
32238 0.030303
31207 0.030303
15505 0.030303
6666 0.030303
35944 0.0294118
34973 0.0294118
25379 0.0294118
16945 0.0294118
14630 0.0294118
12080 0.0294118
11606 0.0294118
11108 0.0294118
10866 0.0294118
8175 0.0294118
7758 0.0294118
6454 0.0294118
5620 0.0294118
4369 0.0294118
128 0.0294118
40759 0.0285714
31505 0.0285714
30307 0.0285714
26401 0.0285714
25902 0.0285714
18144 0.0285714
1295 0.0285714
28760 0.027027
28508 0.027027
18332 0.027027
