26011 6.71781
15849 6.38443
346 4.73477
17083 4.35675
37923 4.1292
8638 3.29486
32933 2.91222
32885 2.75692
7054 2.61344
27265 2.02706
12670 1.88445
9442 1.86281
39742 1.73453
37855 1.61597
36289 1.57516
8755 1.56097
18286 1.49731
12466 1.4322
15963 1.1464
7729 1.05481
10523 1.03493
32112 1.01352
7496 0.995144
18788 0.989272
11516 0.91967
31915 0.899391
28203 0.75412
27585 0.748463
3364 0.706773
22315 0.703434
32814 0.677097
6347 0.575622
25584 0.574576
6446 0.53757
36645 0.52641
10125 0.48505
13656 0.442782
29424 0.430877
5917 0.425473
19410 0.417327
8571 0.416883
808 0.386455
39204 0.352505
9170 0.348723
8687 0.33947
8565 0.320109
9575 0.299423
13643 0.278345
39384 0.274937
17793 0.262961
6625 0.257751
15592 0.257132
36503 0.250779
10630 0.239472
31301 0.237121
21529 0.234516
30023 0.234154
32155 0.233421
21985 0.228699
12580 0.228699
26675 0.22549
7833 0.225071
19351 0.221669
11044 0.221161
18315 0.219699
11323 0.197712
14608 0.190727
8672 0.188352
10128 0.178727
18011 0.174486
8338 0.165132
26959 0.159091
23534 0.148662
32545 0.148629
20008 0.148492
15369 0.146154
36436 0.143291
24036 0.140554
3496 0.140212
34700 0.139669
38194 0.132991
2663 0.130563
36940 0.124854
25277 0.124242
23621 0.122222
3144 0.122222
14483 0.115825
15079 0.11304
11454 0.11304
28476 0.111111
23160 0.111111
4475 0.1
16781 0.0971918
18787 0.0833333
35767 0.0769231
18830 0.0769231
10404 0.0769231
18307 0.0716125
39975 0.0714286
39848 0.0714286
36542 0.0714286
35943 0.0714286
31380 0.0714286
27479 0.0714286
22338 0.0714286
20926 0.0714286
16942 0.0714286
16652 0.0714286
12001 0.0714286
11463 0.0714286
10915 0.0714286
9371 0.0714286
8662 0.0714286
6344 0.0714286
37353 0.0666667
33686 0.0666667
20273 0.0666667
18540 0.0666667
6123 0.0666667
5457 0.0666667
16738 0.0665375
6878 0.0665375
33824 0.0646389
32574 0.0646389
30282 0.0646389
26558 0.0646389
22135 0.0646389
19797 0.0646389
18219 0.0646389
8605 0.0646389
7727 0.0646389
38003 0.0631921
34788 0.0631921
22233 0.0631921
13610 0.0631921
2346 0.0631921
654 0.0631921
26318 0.0625
22049 0.0625
20847 0.0625
20454 0.0625
37827 0.0588235
35157 0.0588235
24674 0.0588235
23588 0.0588235
2893 0.0588235
39614 0.0555556
36683 0.0555556
32766 0.0555556
20297 0.0555556
20024 0.0555556
18249 0.0555556
37962 0.0526316
36937 0.0526316
36128 0.0526316
14722 0.0526316
13414 0.0526316
5126 0.0526316
3677 0.0526316
39675 0.05
36029 0.05
28530 0.05
27606 0.05
22633 0.05
14107 0.05
6798 0.05
1560 0.05
764 0.05
39917 0.047619
36521 0.047619
36353 0.047619
31946 0.047619
27862 0.047619
5406 0.047619
40647 0.0454545
38656 0.0454545
38616 0.0454545
35903 0.0454545
33019 0.0454545
32255 0.0454545
31411 0.0454545
29379 0.0454545
26846 0.0454545
26255 0.0454545
14544 0.0454545
11866 0.0454545
2859 0.0454545
34799 0.0434783
23702 0.04
11142 0.04
39489 0.037037
37068 0.037037
36938 0.037037
31360 0.037037
30442 0.037037
29096 0.037037
27429 0.037037
25063 0.037037
21468 0.037037
20943 0.037037
10825 0.037037
6697 0.037037
28627 0.0333333
11053 0.030303
8454 0.030303
38945 0.025
29402 0.025
27944 0.025
14259 0.025
38256 0.0243902
27217 0.0243902
25654 0.0243902
12106 0.0243902
7676 0.0243902
7161 0.0243902
32177 0.0222222
31956 0.0222222
27969 0.0222222
21927 0.0222222
19965 0.0222222
16653 0.0222222
13652 0.0222222
12225 0.0222222
8499 0.0222222
7410 0.0222222
39000 0.0217391
36196 0.0217391
23436 0.0217391
8869 0.0217391
5952 0.0217391
37054 0.0204082
1883 0.0204082
32133 0.0192308
30650 0.0192308
26936 0.0192308
10317 0.0192308
8156 0.0192308
5225 0.0192308
40980 0
40979 0
40978 0
40977 0
40976 0
40975 0
40974 0
40973 0
40972 0
40971 0
40970 0
40969 0
40968 0
40967 0
40966 0
40965 0
40964 0
40963 0
40962 0
40961 0
40960 0
40959 0
40958 0
40957 0
40956 0
40955 0
40954 0
40953 0
40952 0
40951 0
40950 0
40949 0
40948 0
40947 0
40946 0
40945 0
40944 0
40943 0
40942 0
40941 0
40940 0
40939 0
40938 0
40937 0
40936 0
40935 0
40934 0
40933 0
40932 0
40931 0
40930 0
40929 0
40928 0
40927 0
40926 0
40925 0
40924 0
40923 0
40922 0
40921 0
40920 0
40919 0
40918 0
40917 0
40916 0
40915 0
40914 0
40913 0
40912 0
40911 0
40910 0
40909 0
40908 0
40907 0
40906 0
40905 0
40904 0
40903 0
40902 0
40901 0
40900 0
40899 0
40898 0
40897 0
40896 0
40895 0
40894 0
40893 0
40892 0
40891 0
40890 0
40889 0
40888 0
40887 0
40886 0
40885 0
40884 0
40883 0
40882 0
40881 0
40880 0
40879 0
40878 0
40877 0
40876 0
40875 0
40874 0
40873 0
40872 0
40871 0
40870 0
40869 0
40868 0
40867 0
40866 0
40865 0
40864 0
40863 0
40862 0
40861 0
40860 0
40859 0
40858 0
40857 0
40856 0
40855 0
40854 0
40853 0
40852 0
40851 0
40850 0
40849 0
40848 0
40847 0
40846 0
40845 0
40844 0
40843 0
40842 0
40841 0
40840 0
40839 0
40838 0
40837 0
40836 0
40835 0
40834 0
40833 0
40832 0
40831 0
40830 0
40829 0
40828 0
40827 0
40826 0
40825 0
40824 0
40823 0
40822 0
40821 0
40820 0
40819 0
40818 0
40817 0
40816 0
40815 0
40814 0
40813 0
40812 0
40811 0
40810 0
40809 0
40808 0
40807 0
40806 0
40805 0
40804 0
40803 0
40802 0
40801 0
40800 0
40799 0
40798 0
40797 0
40796 0
40795 0
40794 0
40793 0
40792 0
40791 0
40790 0
40789 0
40788 0
40787 0
40786 0
40785 0
40784 0
40783 0
40782 0
40781 0
40780 0
40779 0
40778 0
40777 0
40776 0
40775 0
40774 0
40773 0
40772 0
40771 0
40770 0
40769 0
40768 0
40767 0
40766 0
40765 0
40764 0
40763 0
40762 0
40761 0
40760 0
40759 0
40758 0
40757 0
40756 0
40755 0
40754 0
40753 0
40752 0
40751 0
40750 0
40749 0
40748 0
40747 0
40746 0
40745 0
40744 0
40743 0
40742 0
40741 0
40740 0
40739 0
40738 0
40737 0
40736 0
40735 0
40734 0
40733 0
40732 0
40731 0
40730 0
40729 0
40728 0
40727 0
40726 0
40725 0
40724 0
40723 0
40722 0
40721 0
40720 0
40719 0
