31301 4.30633
37711 2.59286
19474 1.4
4406 1.34444
32885 1.34286
27162 1.2056
25416 1.13889
34834 0.936356
10047 0.927889
9557 0.927889
29919 0.828788
21121 0.68748
8720 0.658333
10923 0.65
26093 0.592857
23491 0.592857
5079 0.57037
27715 0.561111
38050 0.498921
18198 0.498921
28483 0.495455
24125 0.479412
12096 0.471277
25266 0.45
3749 0.403704
28358 0.359524
37220 0.333333
17634 0.333333
10347 0.333333
2712 0.333333
33834 0.306791
13568 0.306791
6496 0.287037
38667 0.285032
29997 0.265523
36734 0.25
35524 0.25
29381 0.25
22644 0.25
21013 0.25
19309 0.25
16404 0.25
14445 0.25
12261 0.25
5793 0.25
1552 0.25
38097 0.203023
31283 0.2
30533 0.2
29035 0.2
26516 0.2
20556 0.2
19032 0.2
14839 0.2
12709 0.2
7667 0.2
25279 0.193603
9393 0.193603
3772 0.178788
7708 0.168301
7296 0.168301
3158 0.168301
32500 0.166667
29794 0.166667
25655 0.166667
21675 0.166667
15530 0.166667
13919 0.166667
13602 0.166667
11019 0.166667
6012 0.166667
5346 0.166667
4851 0.166667
2884 0.166667
2227 0.166667
99 0.166667
20175 0.142857
9442 0.142857
18148 0.126832
32843 0.125
26750 0.125
26744 0.125
5066 0.125
3245 0.125
1375 0.125
38012 0.120814
29407 0.120814
25060 0.120814
6152 0.120814
5788 0.120814
1318 0.120814
33981 0.111111
31384 0.111111
27674 0.111111
24962 0.111111
24454 0.111111
22603 0.111111
12431 0.111111
10953 0.111111
805 0.111111
35876 0.0961429
31670 0.0961429
27600 0.0961429
8037 0.0961429
212 0.0961429
39791 0.0769231
36952 0.0769231
35734 0.0769231
32620 0.0769231
30793 0.0769231
27799 0.0769231
24239 0.0769231
22711 0.0769231
6336 0.0769231
2885 0.0769231
32582 0.0625
15603 0.0625
7009 0.0625
35369 0.0555556
24825 0.0555556
20377 0.0555556
12620 0.0555556
12009 0.0555556
10423 0.0555556
5691 0.0555556
38229 0.05
28543 0.05
25810 0.05
24804 0.05
23673 0.05
18731 0.05
16670 0.05
13509 0.05
5693 0.05
40975 0.0454545
20953 0.0454545
9290 0.0454545
39147 0.037037
38739 0.037037
38254 0.037037
32763 0.037037
27340 0.037037
26259 0.037037
19887 0.037037
11427 0.037037
10127 0.037037
7379 0.037037
584 0.037037
35247 0.0294118
34604 0.0294118
33483 0.0294118
31023 0.0294118
30394 0.0294118
24213 0.0294118
11037 0.0294118
6537 0.0294118
4690 0.0294118
4192 0.0294118
2378 0.0294118
36748 0.0212766
34727 0.0212766
34618 0.0212766
31216 0.0212766
26992 0.0212766
26435 0.0212766
26334 0.0212766
17160 0.0212766
17128 0.0212766
16481 0.0212766
15768 0.0212766
15500 0.0212766
14732 0.0212766
12731 0.0212766
10387 0.0212766
10245 0.0212766
9321 0.0212766
6973 0.0212766
5239 0.0212766
2792 0.0212766
2465 0.0212766
1724 0.0212766
1655 0.0212766
1107 0.0212766
40980 0
40979 0
40978 0
40977 0
40976 0
40974 0
40973 0
40972 0
40971 0
40970 0
40969 0
40968 0
40967 0
40966 0
40965 0
40964 0
40963 0
40962 0
40961 0
40960 0
40959 0
40958 0
40957 0
40956 0
40955 0
40954 0
40953 0
40952 0
40951 0
40950 0
40949 0
40948 0
40947 0
40946 0
40945 0
40944 0
40943 0
40942 0
40941 0
40940 0
40939 0
40938 0
40937 0
40936 0
40935 0
40934 0
40933 0
40932 0
40931 0
40930 0
40929 0
40928 0
40927 0
40926 0
40925 0
40924 0
40923 0
40922 0
40921 0
40920 0
40919 0
40918 0
40917 0
40916 0
40915 0
40914 0
40913 0
40912 0
40911 0
40910 0
40909 0
40908 0
40907 0
40906 0
40905 0
40904 0
40903 0
40902 0
40901 0
40900 0
40899 0
40898 0
40897 0
40896 0
40895 0
40894 0
40893 0
40892 0
40891 0
40890 0
40889 0
40888 0
40887 0
40886 0
40885 0
40884 0
40883 0
40882 0
40881 0
40880 0
40879 0
40878 0
40877 0
40876 0
40875 0
40874 0
40873 0
40872 0
40871 0
40870 0
40869 0
40868 0
40867 0
40866 0
40865 0
40864 0
40863 0
40862 0
40861 0
40860 0
40859 0
40858 0
40857 0
40856 0
40855 0
40854 0
40853 0
40852 0
40851 0
40850 0
40849 0
40848 0
40847 0
40846 0
40845 0
40844 0
40843 0
40842 0
40841 0
40840 0
40839 0
40838 0
40837 0
40836 0
40835 0
40834 0
40833 0
40832 0
40831 0
40830 0
40829 0
40828 0
40827 0
40826 0
40825 0
40824 0
40823 0
40822 0
40821 0
40820 0
40819 0
40818 0
40817 0
40816 0
40815 0
40814 0
40813 0
40812 0
40811 0
40810 0
40809 0
40808 0
40807 0
40806 0
40805 0
40804 0
40803 0
40802 0
40801 0
40800 0
40799 0
40798 0
40797 0
40796 0
40795 0
40794 0
40793 0
40792 0
40791 0
40790 0
40789 0
40788 0
40787 0
40786 0
40785 0
40784 0
40783 0
40782 0
40781 0
40780 0
40779 0
40778 0
40777 0
40776 0
40775 0
40774 0
40773 0
40772 0
40771 0
40770 0
40769 0
40768 0
40767 0
40766 0
40765 0
40764 0
40763 0
40762 0
40761 0
40760 0
40759 0
40758 0
40757 0
40756 0
40755 0
40754 0
40753 0
40752 0
40751 0
40750 0
40749 0
40748 0
40747 0
40746 0
40745 0
40744 0
40743 0
40742 0
40741 0
40740 0
40739 0
40738 0
40737 0
40736 0
40735 0
40734 0
40733 0
40732 0
40731 0
40730 0
40729 0
40728 0
40727 0
40726 0
40725 0
40724 0
40723 0
40722 0
40721 0
40720 0
40719 0
40718 0
40717 0
40716 0
40715 0
40714 0
40713 0
40712 0
40711 0
40710 0
40709 0
40708 0
40707 0
40706 0
40705 0
40704 0
40703 0
40702 0
40701 0
40700 0
40699 0
40698 0
40697 0
40696 0
40695 0
40694 0
40693 0
40692 0
40691 0
40690 0
40689 0
40688 0
40687 0
40686 0
40685 0
40684 0
40683 0
40682 0
40681 0
40680 0
40679 0
40678 0
40677 0
40676 0
40675 0
40674 0
40673 0
40672 0
40671 0
40670 0
40669 0
40668 0
40667 0
40666 0
40665 0
40664 0
40663 0
