8861 160.699
37682 117.519
17525 109.304
4922 105.076
16043 104.78
4417 103.303
20204 103.227
18650 96.3405
9386 91.6858
21141 88.4071
24825 65.2825
4129 38.9782
39102 32.2222
35691 18.7224
17175 16.6027
32494 16.0393
14166 14.2563
36963 13.3969
12054 13.1141
9540 12.5211
25998 12.1383
33362 11.9875
17407 11.091
31894 10.5837
31887 10.0192
36473 9.71135
2295 9.56437
37372 9.48711
32661 9.47887
37184 8.63366
17770 8.3862
2483 8.3862
10751 8.35474
11054 7.93091
2592 6.99847
28132 6.64796
9862 6.60236
23609 5.86488
24106 5.56572
22594 4.44365
31301 4.28674
35369 3.70047
31509 3.59757
10923 3.56983
7786 3.47013
19032 3.32334
18777 3.29739
21911 2.86505
9665 2.79328
21233 2.70059
1975 2.60911
32383 2.56904
31354 2.33343
17208 2.24175
2647 2.1897
8027 2.11587
35462 2.02473
23746 1.99461
8672 1.96465
26604 1.86665
1068 1.85315
19106 1.84251
10273 1.80957
40137 1.57393
28270 1.53559
23570 1.51076
4138 1.49449
9561 1.45908
8369 1.39847
14379 1.37345
23696 1.34503
54 1.33386
23724 1.31597
17687 1.3147
23555 1.3075
14442 1.30445
34433 1.28068
22056 1.2752
39952 1.23418
4724 1.22693
27745 1.21102
37935 1.17581
2100 1.15288
7373 1.14609
23843 1.13831
32330 1.12267
24048 1.1102
31283 1.10575
17715 1.09085
1642 1.08036
10361 1.00043
36878 0.998715
37284 0.992624
37237 0.988731
38609 0.974883
34311 0.973811
24054 0.930888
8742 0.928458
39768 0.890638
19117 0.8903
33185 0.880947
27963 0.880947
22879 0.865313
28455 0.861202
33304 0.855629
11782 0.842399
20273 0.8415
34167 0.834814
15950 0.833333
18816 0.829154
5691 0.814271
24414 0.775173
6255 0.775173
13482 0.763943
8465 0.758442
17475 0.755745
2840 0.748961
25780 0.742695
3632 0.730321
13043 0.717993
24784 0.717498
11288 0.713007
31345 0.705759
35392 0.700512
12128 0.698835
18409 0.692183
21630 0.691623
17368 0.681716
26152 0.67013
11833 0.661953
34768 0.655673
16789 0.635693
36157 0.63554
4346 0.631508
14004 0.631242
27883 0.629762
3096 0.621821
78 0.610714
40582 0.602126
23906 0.600967
40191 0.578999
29276 0.575493
29196 0.566975
39695 0.556225
18932 0.535003
36663 0.530668
24028 0.528681
20350 0.528681
7228 0.525275
34349 0.514095
19460 0.513352
6262 0.510983
17433 0.510023
24812 0.508844
32229 0.508712
147 0.494991
939 0.492941
18798 0.489453
14324 0.482672
20106 0.479008
9497 0.474223
26226 0.470159
1769 0.460856
35273 0.446115
37924 0.442622
35734 0.42394
27886 0.423784
7901 0.419352
13846 0.414574
22624 0.413096
22228 0.402934
878 0.401014
37128 0.400237
29143 0.396511
33403 0.392399
27514 0.390382
38906 0.38952
33415 0.387662
20837 0.383333
9922 0.377579
9799 0.372232
22785 0.371507
14726 0.371507
27799 0.371491
1616 0.369731
2962 0.368568
3431 0.361294
5693 0.357141
16843 0.351691
17511 0.345488
7183 0.336601
34801 0.333476
31434 0.333003
21808 0.333003
35775 0.332828
19288 0.326947
3410 0.325965
1313 0.325231
243 0.323504
35565 0.318786
37556 0.316501
37787 0.315789
34367 0.315682
16964 0.315004
19650 0.314269
1224 0.311966
4349 0.309549
23485 0.30855
715 0.302573
19777 0.30152
11479 0.29718
26890 0.294161
23733 0.290834
17031 0.290621
25155 0.288822
15400 0.285888
30587 0.285782
30054 0.28536
15600 0.279783
1541 0.279487
35346 0.278497
22711 0.278497
40614 0.27648
34626 0.276103
29162 0.275012
39896 0.274919
2633 0.272676
24239 0.271764
1610 0.271764
114 0.266712
16777 0.265805
25412 0.265288
39353 0.264569
34781 0.26143
13265 0.260581
16135 0.260501
7335 0.260492
52 0.257546
38166 0.256048
15225 0.255672
585 0.255048
18177 0.250279
23660 0.245833
11453 0.24441
35336 0.244361
15045 0.242818
25437 0.24276
40752 0.239928
34498 0.237179
987 0.234921
40926 0.232641
28718 0.232576
2885 0.232385
12569 0.229778
23813 0.226707
2195 0.226671
34605 0.226117
33360 0.225408
1515 0.223177
21075 0.223049
29103 0.2221
26494 0.221368
25605 0.220903
22427 0.219437
1119 0.218362
24213 0.217914
14886 0.217779
24915 0.216399
33217 0.21549
7262 0.213112
363 0.210403
543 0.210317
37341 0.208965
919 0.208285
13946 0.207506
2729 0.205461
32885 0.204643
34059 0.204149
36604 0.203846
19841 0.202413
20727 0.201426
14425 0.201327
31515 0.200983
35972 0.200962
2824 0.2
432 0.197909
9802 0.197758
24848 0.195971
32558 0.194788
25349 0.194626
11392 0.194265
6136 0.192333
16060 0.192157
24678 0.188743
39689 0.187659
28247 0.187659
25854 0.184722
19198 0.184539
15615 0.184066
11977 0.181798
17634 0.181571
38417 0.181009
17415 0.178819
25668 0.178806
16968 0.178806
16288 0.178571
35309 0.178152
17609 0.177885
25921 0.177219
17312 0.176698
33899 0.176407
37523 0.175595
283 0.175571
19094 0.17549
32745 0.175044
37876 0.173856
28275 0.173856
22684 0.173856
27845 0.173414
6563 0.172853
16504 0.171285
1535 0.170077
37598 0.169516
17202 0.168996
24382 0.168344
23154 0.168344
20489 0.168344
20229 0.168344
18274 0.168344
17075 0.168344
13432 0.168344
10731 0.168344
8867 0.168344
6096 0.168344
5663 0.168344
5153 0.168344
186 0.168344
26179 0.166667
32732 0.166471
14853 0.161706
35396 0.161157
3936 0.160167
3918 0.159506
7250 0.159297
10073 0.157095
16885 0.155599
556 0.155531
26183 0.152812
347 0.152098
18328 0.151879
7725 0.150376
10581 0.150226
7351 0.149034
22567 0.148601
23982 0.14793
24775 0.145714
5741 0.144543
37374 0.144264
10737 0.143728
31625 0.143541
27916 0.142857
6183 0.142857
40970 0.141803
13516 0.141564
4020 0.140356
27945 0.139764
4868 0.13909
35195 0.137771
35087 0.137121
28028 0.134673
20100 0.134481
3472 0.134122
21859 0.132819
15156 0.132819
11450 0.132819
11047 0.132819
35525 0.132725
830 0.132725
3840 0.131803
25126 0.131764
37496 0.131203
31947 0.131203
5723 0.130785
7209 0.128788
39947 0.128497
39791 0.128497
30676 0.128497
29640 0.128497
27989 0.128497
27926 0.128497
11080 0.128497
2869 0.128497
110 0.128497
8052 0.128308
15361 0.127961
29032 0.127753
27472 0.12736
25750 0.127267
31654 0.126407
4408 0.12635
15283 0.126019
36467 0.125
11612 0.125
5854 0.125
1555 0.12435
10360 0.123789
501 0.122829
33342 0.121713
29913 0.121713
22079 0.121296
15603 0.119867
10423 0.119712
4988 0.119514
40677 0.117896
40166 0.117063
11781 0.116974
32760 0.114775
9913 0.114422
401 0.11336
4405 0.112547
35045 0.112434
5255 0.112346
18326 0.111111
14302 0.111111
6140 0.110911
21435 0.110777
21323 0.110618
35317 0.109768
4785 0.109121
33525 0.108541
32153 0.107619
34459 0.106395
15599 0.10627
16639 0.105899
34737 0.105607
29401 0.105607
30793 0.105574
10268 0.105282
14138 0.105039
13654 0.105039
36673 0.103817
23370 0.103817
38970 0.103708
33078 0.103167
7092 0.103054
37711 0.1
29934 0.1
16769 0.1
8138 0.1
2604 0.1
13200 0.0997806
12584 0.0997283
22764 0.0980808
40109 0.0967366
21217 0.0961233
16298 0.0961233
2877 0.0961233
12721 0.0958874
11743 0.0958874
24156 0.0957373
7691 0.0939991
34193 0.0922288
8286 0.0918616
38583 0.0909569
35185 0.0909569
21978 0.0909569
5719 0.0909569
32397 0.0909091
32217 0.0909091
28673 0.0909091
10043 0.0909091
1134 0.0909091
6162 0.0904913
19853 0.0904808
39962 0.0903533
9197 0.0903533
8068 0.0888241
40192 0.088026
12620 0.0878697
30916 0.0870358
24002 0.0870358
10686 0.084121
36899 0.0833333
29107 0.0833333
17301 0.0833333
743 0.0833333
29806 0.0820437
4847 0.0818182
37176 0.0815201
7732 0.0805293
28431 0.0796933
20167 0.0792749
2263 0.0792541
22184 0.0788087
39970 0.0777412
32308 0.0773291
11401 0.0773291
23380 0.0769645
38429 0.0769379
37329 0.0769231
