34488 148.623
28751 64.1555
28776 60.0859
38449 53.004
20262 46.5403
33975 45.7689
7570 45.0076
17937 44.4898
34065 44.2877
22950 37.701
2115 34.3654
10211 32.4178
23837 26.2381
7317 24.6578
15572 16.0661
34630 15.9425
23798 15.8487
34964 15.6769
20698 15.4237
3114 15.2049
27287 14.5625
14656 14.2965
11027 14.182
2264 13.9177
28700 13.8479
40169 13.3202
13839 12.8621
27575 12.2125
6987 11.8015
4261 11.6842
9960 11.492
38919 11.2723
32078 10.5494
19629 10.2649
1158 10.1229
31922 9.14107
14852 8.92068
35950 8.90555
14163 8.8368
13594 8.8113
28608 8.79009
5798 8.76768
32270 8.64943
23168 8.42515
21015 8.34767
9841 7.7897
19526 7.70499
21059 7.59449
3584 7.52595
20086 7.22079
15250 7.15712
7856 7.07097
35699 7.04761
10249 6.98935
24005 6.6227
34939 6.59661
29986 6.31008
14866 5.78701
39153 5.70093
22254 5.59684
12703 5.475
21608 5.47114
10904 5.45773
6940 5.33894
13852 5.19904
32585 5.12903
4424 4.71664
29879 4.70942
16714 4.56278
38348 4.46077
37905 4.42459
35487 4.42315
14251 4.35893
2848 4.2308
14105 4.23023
722 4.21079
19096 4.1868
28594 4.00436
24259 3.94131
3578 3.8839
35090 3.8423
18142 3.81889
34956 3.78704
29438 3.77069
22635 3.74246
4555 3.70814
15684 3.70419
28186 3.68827
37377 3.60267
27851 3.51713
39156 3.46596
22939 3.38835
16920 3.38041
1001 3.33089
40341 3.17531
17987 3.09313
18227 3.03762
36222 3.02831
11456 3.02821
8632 2.92385
26451 2.88589
13687 2.86035
3306 2.83092
8975 2.7666
39362 2.72908
33581 2.67817
8965 2.65571
33431 2.61621
2059 2.58047
39815 2.57696
29389 2.55103
3063 2.50892
35545 2.50134
12805 2.49533
3012 2.48883
31540 2.48753
24742 2.45262
38454 2.44454
20846 2.43333
16666 2.42465
3263 2.41099
8114 2.39167
29168 2.33918
30473 2.33469
12533 2.29491
17804 2.22762
36318 2.20644
27794 2.13611
5835 2.13009
23782 2.1046
21968 2.0879
2568 2.06829
7495 2.05156
16225 2.0506
7303 2.03552
14051 2.01545
29664 2.0144
14373 1.98103
12342 1.94683
8876 1.93061
13392 1.90708
11452 1.90255
35284 1.89329
15488 1.87068
15138 1.75664
31967 1.73555
18734 1.70833
23586 1.70743
9464 1.68593
5231 1.67279
8629 1.66973
7783 1.65844
4577 1.6562
36493 1.62906
16151 1.62731
5181 1.62528
1009 1.60102
12086 1.58323
39976 1.57666
6087 1.56974
21818 1.56623
39763 1.50814
3964 1.49633
14663 1.48147
4429 1.46876
26653 1.45397
21693 1.45374
13641 1.45
21847 1.42715
22162 1.42434
4384 1.42171
28646 1.41479
16323 1.41026
27296 1.38908
17060 1.37551
871 1.35351
13163 1.34037
40733 1.33089
24548 1.33003
38205 1.28333
28533 1.27619
9333 1.27562
25062 1.27096
13893 1.26789
16084 1.26365
2922 1.25526
22197 1.22946
39099 1.22305
2471 1.20758
19211 1.19715
22129 1.17022
23595 1.1627
36910 1.15833
21692 1.13248
33970 1.12913
352 1.12804
24726 1.08254
33265 1.08195
3296 1.07742
11111 1.06591
12568 1.06429
31764 1.06203
3396 1.04233
11222 1.04019
18226 1.02563
26495 1.01548
40019 1.00877
9830 1.00862
31215 0.988125
30623 0.980556
13614 0.97619
6594 0.975398
18590 0.973485
33218 0.972624
15112 0.959998
19550 0.959973
15119 0.957162
17966 0.955657
37533 0.953472
16210 0.949784
23047 0.941276
22701 0.926781
27305 0.920635
37517 0.916667
14017 0.916667
29221 0.915909
28285 0.914347
35927 0.911111
8893 0.907875
40941 0.907143
25092 0.90658
20817 0.905118
24163 0.8921
11569 0.890278
3657 0.886752
34395 0.882764
438 0.878988
7815 0.873985
33702 0.870635
11930 0.870057
39278 0.869193
37864 0.866743
8396 0.866268
35863 0.844444
38174 0.843306
23153 0.839881
29532 0.833333
19004 0.833333
19135 0.830963
31280 0.813118
9561 0.812302
20016 0.809499
20275 0.808716
16883 0.80794
17813 0.798785
4737 0.795971
34006 0.791667
33598 0.784402
26489 0.783833
28267 0.783333
32244 0.783333
30458 0.781046
22968 0.777264
18115 0.771549
21546 0.766667
37145 0.763564
28981 0.761109
25341 0.752715
38432 0.75
21859 0.75
14829 0.75
9192 0.75
3836 0.75
27609 0.743768
1607 0.743322
34651 0.737643
38381 0.734875
27085 0.733911
35965 0.72619
9728 0.713365
39415 0.707444
23851 0.704059
17400 0.701986
32284 0.7
21657 0.699467
18901 0.695645
31657 0.692262
36956 0.689357
20566 0.687526
38365 0.675769
4816 0.674242
17896 0.673202
19343 0.667857
1613 0.667828
27428 0.666667
32776 0.664658
7368 0.644444
12936 0.642857
25071 0.638934
10670 0.633333
13802 0.630658
39457 0.630278
9721 0.628835
31574 0.626425
13284 0.625
12813 0.625
38988 0.616667
38875 0.616667
23652 0.616667
13709 0.616667
621 0.615048
32677 0.614957
10683 0.61376
30807 0.611111
20314 0.611111
2753 0.6
40289 0.599106
39122 0.597495
17670 0.595833
727 0.594841
12242 0.592857
30818 0.590132
7491 0.590132
37266 0.587127
12691 0.585125
32872 0.583333
10868 0.583333
251 0.582875
8062 0.576923
7924 0.57619
12089 0.576051
23664 0.574493
17113 0.574275
604 0.571429
13404 0.570466
35489 0.569444
32213 0.569444
16336 0.569444
31998 0.566667
4786 0.563322
21321 0.56293
605 0.561111
29415 0.559524
32608 0.558333
19731 0.553114
23416 0.550053
37076 0.55
18910 0.55
25819 0.548951
25269 0.546304
32011 0.541858
9886 0.540909
13127 0.540909
21702 0.540352
10717 0.539524
10092 0.538462
15064 0.526923
37089 0.525677
5947 0.525
31583 0.520387
34696 0.520308
40896 0.517857
22441 0.511305
12207 0.509748
35318 0.508824
25336 0.507576
12120 0.507381
29888 0.506487
7313 0.506093
14830 0.505556
15977 0.499578
23272 0.496324
3889 0.495671
24359 0.490909
36248 0.480378
13493 0.479167
35788 0.478772
32523 0.47619
39341 0.475548
7799 0.474332
26619 0.472222
23384 0.463141
7386 0.460317
7265 0.459524
6039 0.457576
9515 0.455482
36847 0.455357
12739 0.452258
21227 0.451662
9398 0.448413
26301 0.443694
371 0.443114
2023 0.434524
3595 0.433824
28849 0.429748
36498 0.427027
38737 0.422222
21049 0.420064
33668 0.419675
20254 0.418302
24065 0.416667
29744 0.415909
9832 0.414286
3516 0.4125
21116 0.409524
11762 0.39506
9315 0.394102
8841 0.392982
20274 0.390909
14284 0.390476
9628 0.389423
7034 0.388312
319 0.3875
25163 0.384524
14854 0.379894
11938 0.379894
13356 0.378968
2248 0.378788
2150 0.37734
13086 0.375115
14567 0.374242
1710 0.372048
27289 0.36859
36374 0.368347
35197 0.365079
35713 0.362637
39964 0.359806
36777 0.355049
28124 0.354978
2135 0.354701
34759 0.354167
35085 0.353409
34302 0.352381
10899 0.35
37872 0.349754
32370 0.338528
3423 0.334499
40470 0.333333
38784 0.333333
37768 0.333333
35079 0.333333
35025 0.333333
27312 0.333333
26124 0.333333
25008 0.333333
23648 0.333333
18703 0.333333
18575 0.333333
17765 0.333333
17226 0.333333
17070 0.333333
16063 0.333333
14995 0.333333
14571 0.333333
14028 0.333333
11872 0.333333
10580 0.333333
9630 0.333333
5697 0.333333
5308 0.333333
694 0.333333
32150 0.331865
16020 0.330303
2391 0.329132
8894 0.327381
39024 0.326149
9143 0.325397
31520 0.325397
20863 0.323413
1272 0.323256
22471 0.322222
27006 0.321429
28903 0.318558
27582 0.317857
4570 0.316667
37975 0.316367
17524 0.3125
10354 0.310207
17051 0.309524
17387 0.302788
18049 0.302632
28024 0.300962
28661 0.300336
17245 0.29998
26737 0.299661
24442 0.299145
31186 0.297619
34584 0.296266
36408 0.294884
8495 0.294602
27232 0.294358
1470 0.292929
31301 0.288451
203 0.288451
552 0.28438
32540 0.284271
150 0.28373
20372 0.283607
35068 0.28228
13875 0.282143
