31301 9.42817
12630 8.8317
13432 5.70758
10073 4.78774
5693 4.33054
186 3.41585
37176 1.88496
35602 1.23839
11836 1.13961
52 1.13328
24013 1.13325
40573 1.06976
28444 1.06976
23014 1.06976
17634 1.05309
32885 1.01626
8672 1.01215
3591 0.931376
4785 0.927778
27514 0.891394
7411 0.85574
16791 0.756798
20489 0.753795
10901 0.736544
26892 0.734878
16287 0.728564
919 0.717345
15300 0.692063
11352 0.627759
4687 0.625812
7708 0.59154
2633 0.56422
31735 0.554951
8953 0.517399
22594 0.48373
24805 0.476443
15603 0.453968
590 0.453968
13646 0.444444
9655 0.438034
22402 0.42763
35879 0.42732
16257 0.414992
34187 0.411267
2043 0.396825
24825 0.396613
15446 0.36859
6585 0.357255
9362 0.348214
5691 0.348214
6096 0.347337
27425 0.329243
3494 0.329243
10923 0.324675
5748 0.324675
2289 0.32154
2969 0.321084
3112 0.299423
28132 0.287037
17189 0.285732
9561 0.282576
38562 0.261364
23765 0.261364
13014 0.256566
31283 0.253409
40883 0.25
37924 0.25
3382 0.235354
21983 0.231818
10144 0.219935
19032 0.215909
17075 0.211746
31354 0.206944
24106 0.206944
39171 0.205556
34495 0.20101
33944 0.2
30014 0.2
14502 0.2
6644 0.2
22052 0.19561
28323 0.192752
23843 0.187125
17127 0.172378
38667 0.166667
18567 0.166667
7894 0.166667
36067 0.1625
26069 0.158333
20670 0.152778
5920 0.15232
35455 0.152169
18890 0.152169
27886 0.151897
23655 0.151786
21497 0.146825
34649 0.145861
19243 0.145861
11958 0.143068
32229 0.143056
10361 0.143056
36035 0.142857
32763 0.142857
31409 0.142857
23429 0.142857
5741 0.142857
4584 0.142857
3936 0.142857
2815 0.142857
29032 0.129167
10737 0.128788
7691 0.128788
24382 0.125635
8867 0.125635
35925 0.125251
21810 0.125251
1975 0.125251
31460 0.125
17320 0.125
15308 0.125
10487 0.125
16890 0.123002
31894 0.120833
18777 0.120833
25750 0.120455
39414 0.111111
38369 0.111111
34160 0.111111
30680 0.111111
26664 0.111111
25462 0.111111
24962 0.111111
24296 0.111111
23813 0.111111
23309 0.111111
14603 0.111111
13907 0.111111
40001 0.103182
33825 0.103182
15124 0.103182
11196 0.103182
37565 0.1
31127 0.1
23933 0.1
22975 0.1
21846 0.1
13341 0.1
13205 0.1
7213 0.1
2616 0.1
1204 0.1
39393 0.0909091
38970 0.0909091
37842 0.0909091
21911 0.0909091
21005 0.0909091
20273 0.0909091
14249 0.0909091
10761 0.0909091
9665 0.0909091
5723 0.0909091
1391 0.0909091
40017 0.0833333
37608 0.0833333
28033 0.0833333
27003 0.0833333
22783 0.0833333
16404 0.0833333
14359 0.0833333
13077 0.0833333
7024 0.0833333
27352 0.0769231
24493 0.0769231
23348 0.0769231
19750 0.0769231
17562 0.0769231
12518 0.0769231
3567 0.0769231
20229 0.0718468
18274 0.0718468
3939 0.0718468
40956 0.0714286
23059 0.0714286
20966 0.0714286
16853 0.0714286
14132 0.0714286
10890 0.0714286
8730 0.0714286
5200 0.0714286
2982 0.0714286
979 0.0714286
39695 0.0666667
34768 0.0666667
31964 0.0666667
27692 0.0666667
10117 0.0666667
38366 0.0625
37732 0.0625
31232 0.0625
27434 0.0625
26471 0.0625
25416 0.0625
24147 0.0625
23485 0.0625
18328 0.0625
15769 0.0625
10423 0.0625
9862 0.0625
1135 0.0625
1091 0.0625
432 0.0625
28038 0.0588235
14544 0.0588235
40419 0.0555556
36623 0.0555556
35336 0.0555556
32546 0.0555556
29913 0.0555556
24028 0.0555556
23570 0.0555556
20106 0.0555556
18140 0.0555556
13881 0.0555556
8465 0.0555556
6079 0.0555556
2838 0.0555556
35359 0.0526316
35287 0.0526316
27844 0.0526316
27535 0.0526316
26750 0.0526316
25865 0.0526316
25837 0.0526316
25349 0.0526316
19141 0.0526316
12683 0.0526316
10006 0.0526316
5175 0.0526316
5066 0.0526316
4386 0.0526316
2712 0.0526316
21275 0.05
16915 0.05
16712 0.05
6061 0.05
2548 0.05
952 0.05
33672 0.047619
21521 0.047619
18011 0.047619
13553 0.047619
8195 0.047619
5457 0.047619
38184 0.0454545
32542 0.0454545
29934 0.0454545
26782 0.0454545
25600 0.0454545
6656 0.0454545
2701 0.0454545
31451 0.0416667
25260 0.0416667
23155 0.0416667
17854 0.0416667
10844 0.0416667
8597 0.0416667
38711 0.037037
32797 0.037037
15237 0.037037
3025 0.037037
39102 0.0333333
37644 0.0333333
35530 0.0333333
35462 0.0333333
35369 0.0333333
34229 0.0333333
29305 0.0333333
27228 0.0333333
24475 0.0333333
20523 0.0333333
13355 0.0333333
12572 0.0333333
8861 0.0333333
8580 0.0333333
5248 0.0333333
38836 0.0277778
38073 0.0277778
28380 0.0277778
27322 0.0277778
25639 0.0277778
23466 0.0277778
22215 0.0277778
21995 0.0277778
13935 0.0277778
13051 0.0277778
12900 0.0277778
11443 0.0277778
8870 0.0277778
8521 0.0277778
4806 0.0277778
30054 0.025
22935 0.025
17368 0.025
16789 0.025
13157 0.025
8261 0.025
8140 0.025
6612 0.025
2560 0.025
2295 0.025
40336 0.0135135
39947 0.0135135
39390 0.0135135
38151 0.0135135
37633 0.0135135
36888 0.0135135
36008 0.0135135
35396 0.0135135
35346 0.0135135
35185 0.0135135
33007 0.0135135
32783 0.0135135
31516 0.0135135
30676 0.0135135
29503 0.0135135
27989 0.0135135
26084 0.0135135
25964 0.0135135
24239 0.0135135
23903 0.0135135
23154 0.0135135
22344 0.0135135
22330 0.0135135
21978 0.0135135
21002 0.0135135
20945 0.0135135
20804 0.0135135
20225 0.0135135
18098 0.0135135
17821 0.0135135
17312 0.0135135
16281 0.0135135
15873 0.0135135
14768 0.0135135
14211 0.0135135
13618 0.0135135
11080 0.0135135
10731 0.0135135
5719 0.0135135
5663 0.0135135
5153 0.0135135
4735 0.0135135
4033 0.0135135
3239 0.0135135
2123 0.0135135
1951 0.0135135
1713 0.0135135
210 0.0135135
110 0.0135135
40980 0
40979 0
40978 0
40977 0
40976 0
40975 0
40974 0
40973 0
40972 0
40971 0
40970 0
40969 0
40968 0
40967 0
40966 0
40965 0
40964 0
40963 0
40962 0
40961 0
40960 0
40959 0
40958 0
40957 0
40955 0
40954 0
40953 0
40952 0
40951 0
40950 0
40949 0
40948 0
40947 0
40946 0
40945 0
40944 0
40943 0
40942 0
40941 0
40940 0
40939 0
40938 0
40937 0
40936 0
40935 0
40934 0
40933 0
40932 0
40931 0
40930 0
40929 0
40928 0
40927 0
40926 0
40925 0
40924 0
40923 0
40922 0
40921 0
40920 0
40919 0
40918 0
40917 0
40916 0
40915 0
40914 0
40913 0
40912 0
40911 0
40910 0
40909 0
40908 0
40907 0
40906 0
40905 0
40904 0
40903 0
40902 0
40901 0
40900 0
40899 0
40898 0
40897 0
40896 0
40895 0
40894 0
40893 0
40892 0
40891 0
40890 0
40889 0
40888 0
40887 0
40886 0
40885 0
40884 0
40882 0
40881 0
40880 0
40879 0
40878 0
40877 0
40876 0
40875 0
40874 0
40873 0
40872 0
40871 0
40870 0
40869 0
40868 0
40867 0
40866 0
40865 0
40864 0
40863 0
40862 0
40861 0
40860 0
40859 0
40858 0
40857 0
40856 0
40855 0
40854 0
40853 0
40852 0
40851 0
40850 0
40849 0
40848 0
40847 0
40846 0
40845 0
40844 0
40843 0
40842 0
40841 0
40840 0
40839 0
40838 0
