21859 20.6466
7836 6.99189
11450 6.10623
26653 5.602
3387 5.57452
33166 3.82619
5881 3.63305
11047 3.38291
34089 3.31932
5737 3.31932
32228 3.28551
2879 3.21786
24783 2.95647
38453 2.72691
12394 2.72513
24023 2.53501
11401 2.49634
24555 2.22619
18560 2.21591
8291 2.09012
16746 1.68565
18738 1.51508
25306 1.35833
20945 1.27692
15156 1.26707
220 1.24417
12216 1.19444
25657 1.15952
26056 1.12179
16763 1.11903
11495 1.06279
28621 1.02519
5305 1.02143
14310 0.994935
5680 0.94359
25406 0.916667
18617 0.88956
23021 0.833333
13082 0.809524
38840 0.783333
13778 0.783333
28721 0.72076
16262 0.7
11068 0.7
21987 0.683333
23597 0.658333
7201 0.658333
28594 0.642857
13573 0.637678
33664 0.619048
32453 0.616667
2038 0.616667
20760 0.580191
1975 0.566667
3874 0.561111
35093 0.555618
9433 0.555618
5119 0.534649
24946 0.52381
38953 0.521429
10997 0.517157
7531 0.508824
30687 0.507576
22594 0.5
13249 0.49359
27751 0.483766
17723 0.483766
20629 0.453247
16765 0.453247
37614 0.451681
22618 0.45
35396 0.44359
31253 0.433824
8672 0.433333
34481 0.426316
27537 0.401316
6696 0.390476
33739 0.369935
9510 0.358824
1879 0.358824
40883 0.333333
28408 0.333333
27360 0.333333
26954 0.333333
25878 0.333333
21669 0.333333
19422 0.333333
21999 0.326923
35998 0.32619
17176 0.320489
34390 0.317225
14551 0.306319
38197 0.25
34488 0.25
33323 0.25
29488 0.25
28098 0.25
27527 0.25
23463 0.25
16413 0.25
15978 0.25
15249 0.25
9744 0.25
6800 0.25
5849 0.25
5563 0.25
3449 0.25
3319 0.25
2170 0.25
12654 0.240385
34643 0.237427
26877 0.237427
26309 0.235747
23531 0.21908
37530 0.20989
28232 0.20989
3479 0.20989
39237 0.205128
7163 0.205128
27332 0.202364
39791 0.2
38622 0.2
37450 0.2
25545 0.2
22711 0.2
22464 0.2
20381 0.2
17312 0.2
13012 0.2
5125 0.2
4638 0.2
4362 0.2
3722 0.2
1986 0.2
1804 0.2
32449 0.197352
26909 0.197352
35268 0.166667
30440 0.166667
25754 0.166667
25716 0.166667
23398 0.166667
18328 0.166667
12994 0.166667
12625 0.166667
9497 0.166667
4823 0.166667
770 0.166667
13190 0.159649
40754 0.142857
37630 0.142857
36308 0.142857
20653 0.142857
20054 0.142857
15211 0.142857
38752 0.126566
20028 0.126566
14472 0.126566
37123 0.125
27503 0.125
24081 0.125
22206 0.125
18378 0.125
16385 0.125
10983 0.125
5997 0.125
5281 0.125
4505 0.125
39402 0.111111
38741 0.111111
29272 0.111111
27015 0.111111
24960 0.111111
23985 0.111111
17955 0.111111
8319 0.111111
28589 0.1
25800 0.1
23549 0.1
7816 0.1
6764 0.1
15625 0.0909091
10608 0.0909091
7337 0.0909091
2332 0.0909091
40340 0.0833333
27228 0.0833333
26652 0.0833333
13137 0.0833333
5248 0.0833333
38984 0.0769231
38701 0.0769231
34316 0.0769231
34167 0.0769231
31431 0.0769231
25720 0.0769231
24752 0.0769231
24092 0.0769231
20012 0.0769231
18995 0.0769231
10923 0.0769231
10894 0.0714286
35925 0.0666667
35287 0.0666667
30054 0.0666667
25865 0.0666667
21810 0.0666667
19141 0.0666667
10006 0.0666667
8261 0.0666667
38373 0.0588235
38074 0.0588235
34805 0.0588235
32759 0.0588235
31175 0.0588235
30444 0.0588235
25904 0.0588235
25026 0.0588235
18908 0.0588235
14248 0.0588235
12826 0.0588235
12554 0.0588235
11022 0.0588235
10996 0.0588235
10197 0.0588235
7925 0.0588235
1226 0.0588235
691 0.0588235
36414 0.047619
30082 0.047619
26378 0.047619
38647 0.0384615
36573 0.0384615
30743 0.0384615
26667 0.0384615
15611 0.0384615
9997 0.0384615
8128 0.0384615
6846 0.0384615
40666 0.0263158
39451 0.0263158
35967 0.0263158
21153 0.0263158
17214 0.0263158
15550 0.0263158
13353 0.0263158
5734 0.0263158
4461 0.0263158
3882 0.0263158
3298 0.0263158
2254 0.0263158
1244 0.0263158
1050 0.0263158
40980 0
40979 0
40978 0
40977 0
40976 0
40975 0
40974 0
40973 0
40972 0
40971 0
40970 0
40969 0
40968 0
40967 0
40966 0
40965 0
40964 0
40963 0
40962 0
40961 0
40960 0
40959 0
40958 0
40957 0
40956 0
40955 0
40954 0
40953 0
40952 0
40951 0
40950 0
40949 0
40948 0
40947 0
40946 0
40945 0
40944 0
40943 0
40942 0
40941 0
40940 0
40939 0
40938 0
40937 0
40936 0
40935 0
40934 0
40933 0
40932 0
40931 0
40930 0
40929 0
40928 0
40927 0
40926 0
40925 0
40924 0
40923 0
40922 0
40921 0
40920 0
40919 0
40918 0
40917 0
40916 0
40915 0
40914 0
40913 0
40912 0
40911 0
40910 0
40909 0
40908 0
40907 0
40906 0
40905 0
40904 0
40903 0
40902 0
40901 0
40900 0
40899 0
40898 0
40897 0
40896 0
40895 0
40894 0
40893 0
40892 0
40891 0
40890 0
40889 0
40888 0
40887 0
40886 0
40885 0
40884 0
40882 0
40881 0
40880 0
40879 0
40878 0
40877 0
40876 0
40875 0
40874 0
40873 0
40872 0
40871 0
40870 0
40869 0
40868 0
40867 0
40866 0
40865 0
40864 0
40863 0
40862 0
40861 0
40860 0
40859 0
40858 0
40857 0
40856 0
40855 0
40854 0
40853 0
40852 0
40851 0
40850 0
40849 0
40848 0
40847 0
40846 0
40845 0
40844 0
40843 0
40842 0
40841 0
40840 0
40839 0
40838 0
40837 0
40836 0
40835 0
40834 0
40833 0
40832 0
40831 0
40830 0
40829 0
40828 0
40827 0
40826 0
40825 0
40824 0
40823 0
40822 0
40821 0
40820 0
40819 0
40818 0
40817 0
40816 0
40815 0
40814 0
40813 0
40812 0
40811 0
40810 0
40809 0
40808 0
40807 0
40806 0
40805 0
40804 0
40803 0
40802 0
40801 0
40800 0
40799 0
40798 0
40797 0
40796 0
40795 0
40794 0
40793 0
40792 0
40791 0
40790 0
40789 0
40788 0
40787 0
40786 0
40785 0
40784 0
40783 0
40782 0
40781 0
40780 0
40779 0
40778 0
40777 0
40776 0
40775 0
40774 0
40773 0
40772 0
40771 0
40770 0
40769 0
40768 0
40767 0
40766 0
40765 0
40764 0
40763 0
40762 0
40761 0
40760 0
40759 0
40758 0
40757 0
40756 0
40755 0
40753 0
40752 0
40751 0
40750 0
40749 0
40748 0
40747 0
40746 0
40745 0
40744 0
40743 0
40742 0
40741 0
40740 0
40739 0
40738 0
40737 0
40736 0
40735 0
40734 0
40733 0
40732 0
