2922 9.41676
28776 4.97308
14251 4.4131
34488 4.11942
6144 2.38075
16950 2.00101
36133 1.68091
8776 1.57786
7703 1.55298
12365 1.53968
33975 1.5269
23381 1.08145
11341 1.04286
38639 1.02015
13949 0.992677
3790 0.833333
35059 0.832143
2327 0.735003
5798 0.723611
27418 0.63373
4642 0.625
39150 0.604762
18227 0.573189
27290 0.566089
19356 0.557359
38449 0.542752
25492 0.517857
21935 0.491067
14414 0.486111
23168 0.473748
9464 0.471429
30070 0.422149
10904 0.416667
24513 0.416197
28021 0.414286
14353 0.409884
24495 0.404762
2406 0.397181
9853 0.38254
29879 0.37619
17065 0.361111
21015 0.330556
1158 0.330556
10066 0.314286
1755 0.310119
9847 0.304094
383 0.297619
29 0.296919
16566 0.294444
2524 0.294444
33393 0.293651
22590 0.28228
19096 0.273352
35021 0.253788
38129 0.25
27770 0.25
13022 0.25
21952 0.245238
370 0.227994
25092 0.217262
31924 0.203239
19084 0.203239
40470 0.2
17257 0.2
13865 0.2
12198 0.2
7974 0.2
3012 0.195971
4447 0.188653
37724 0.166667
36786 0.166667
25453 0.166667
24726 0.166667
23652 0.166667
14051 0.166667
10889 0.166667
5438 0.166667
4460 0.166667
40756 0.162062
1976 0.162062
150 0.160714
29438 0.15
28694 0.15
11286 0.15
37367 0.148693
24763 0.148693
12846 0.148693
2756 0.148693
38113 0.142857
34779 0.142857
29111 0.142857
28282 0.142857
27287 0.142857
11070 0.142857
8048 0.142857
17561 0.136435
3156 0.136435
20317 0.125
19131 0.125
9603 0.125
4813 0.125
3338 0.125
694 0.125
35845 0.111111
32988 0.111111
30502 0.111111
22913 0.111111
22254 0.111111
6893 0.111111
39156 0.0833333
38426 0.0833333
35214 0.0833333
35097 0.0833333
34956 0.0833333
34651 0.0833333
34065 0.0833333
32078 0.0833333
19283 0.0833333
17661 0.0833333
12173 0.0833333
3604 0.0833333
2856 0.0833333
672 0.0833333
34466 0.0769231
13290 0.0769231
4407 0.0769231
39209 0.0714286
39099 0.0714286
38792 0.0714286
38381 0.0714286
37727 0.0714286
36568 0.0714286
31583 0.0714286
30055 0.0714286
25875 0.0714286
23837 0.0714286
23114 0.0714286
18226 0.0714286
12455 0.0714286
8975 0.0714286
7386 0.0714286
4879 0.0714286
4027 0.0714286
1434 0.0714286
39874 0.0666667
37684 0.0666667
37423 0.0666667
34630 0.0666667
18105 0.0666667
15638 0.0666667
15439 0.0666667
12736 0.0666667
11938 0.0666667
11027 0.0666667
2229 0.0666667
39762 0.0625
38174 0.0625
37377 0.0625
37360 0.0625
36453 0.0625
32963 0.0625
29178 0.0625
24834 0.0625
24548 0.0625
24005 0.0625
23005 0.0625
22153 0.0625
20816 0.0625
20262 0.0625
19135 0.0625
19032 0.0625
19003 0.0625
16326 0.0625
12770 0.0625
12344 0.0625
11784 0.0625
11571 0.0625
9130 0.0625
8005 0.0625
7570 0.0625
254 0.0625
8 0.0625
12098 0.0588235
9984 0.0588235
834 0.0588235
34723 0.0555556
32096 0.0555556
30986 0.0555556
29685 0.0555556
29645 0.0555556
27767 0.0555556
15573 0.0555556
15096 0.0555556
13392 0.0555556
11375 0.0555556
10256 0.0555556
9333 0.0555556
144 0.0555556
33431 0.047619
30138 0.047619
25201 0.047619
24418 0.047619
23387 0.047619
17538 0.047619
15250 0.047619
11762 0.047619
3578 0.047619
3516 0.047619
1024 0.047619
36627 0.0454545
36322 0.0454545
34141 0.0454545
28771 0.0454545
23575 0.0454545
23316 0.0454545
36222 0.0357143
35699 0.0357143
35545 0.0357143
28594 0.0357143
27575 0.0357143
23554 0.0357143
22441 0.0357143
21059 0.0357143
19588 0.0357143
17804 0.0357143
14656 0.0357143
1009 0.0357143
40401 0.0263158
39162 0.0263158
36186 0.0263158
35780 0.0263158
34714 0.0263158
31704 0.0263158
26630 0.0263158
24641 0.0263158
8677 0.0263158
8051 0.0263158
6402 0.0263158
5537 0.0263158
40980 0
40979 0
40978 0
40977 0
40976 0
40975 0
40974 0
40973 0
40972 0
40971 0
40970 0
40969 0
40968 0
40967 0
40966 0
40965 0
40964 0
40963 0
40962 0
40961 0
40960 0
40959 0
40958 0
40957 0
40956 0
40955 0
40954 0
40953 0
40952 0
40951 0
40950 0
40949 0
40948 0
40947 0
40946 0
40945 0
40944 0
40943 0
40942 0
40941 0
40940 0
40939 0
40938 0
40937 0
40936 0
40935 0
40934 0
40933 0
40932 0
40931 0
40930 0
40929 0
40928 0
40927 0
40926 0
40925 0
40924 0
40923 0
40922 0
40921 0
40920 0
40919 0
40918 0
40917 0
40916 0
40915 0
40914 0
40913 0
40912 0
40911 0
40910 0
40909 0
40908 0
40907 0
40906 0
40905 0
40904 0
40903 0
40902 0
40901 0
40900 0
40899 0
40898 0
40897 0
40896 0
40895 0
40894 0
40893 0
40892 0
40891 0
40890 0
40889 0
40888 0
40887 0
40886 0
40885 0
40884 0
40883 0
40882 0
40881 0
40880 0
40879 0
40878 0
40877 0
40876 0
40875 0
40874 0
40873 0
40872 0
40871 0
40870 0
40869 0
40868 0
40867 0
40866 0
40865 0
40864 0
40863 0
40862 0
40861 0
40860 0
40859 0
40858 0
40857 0
40856 0
40855 0
40854 0
40853 0
40852 0
40851 0
40850 0
40849 0
40848 0
40847 0
40846 0
40845 0
40844 0
40843 0
40842 0
40841 0
40840 0
40839 0
40838 0
40837 0
40836 0
40835 0
40834 0
40833 0
40832 0
40831 0
40830 0
40829 0
40828 0
40827 0
40826 0
40825 0
40824 0
40823 0
40822 0
40821 0
40820 0
40819 0
40818 0
40817 0
40816 0
40815 0
40814 0
40813 0
40812 0
40811 0
40810 0
40809 0
40808 0
40807 0
40806 0
40805 0
40804 0
40803 0
40802 0
40801 0
40800 0
40799 0
40798 0
40797 0
40796 0
40795 0
40794 0
40793 0
40792 0
40791 0
40790 0
40789 0
40788 0
40787 0
40786 0
40785 0
40784 0
40783 0
40782 0
40781 0
40780 0
40779 0
40778 0
40777 0
40776 0
40775 0
40774 0
40773 0
40772 0
40771 0
40770 0
40769 0
40768 0
40767 0
40766 0
40765 0
40764 0
40763 0
40762 0
40761 0
40760 0
40759 0
40758 0
40757 0
40755 0
40754 0
40753 0
40752 0
40751 0
40750 0
40749 0
40748 0
40747 0
40746 0
40745 0
40744 0
40743 0
40742 0
40741 0
40740 0
40739 0
40738 0
40737 0
40736 0
40735 0
40734 0
40733 0
40732 0
40731 0
40730 0
40729 0
40728 0
40727 0
40726 0
40725 0
40724 0
40723 0
40722 0
40721 0
40720 0
40719 0
