27799 21.6344
17312 9.69777
14138 8.35501
18520 7.63652
12569 6.39429
35766 6.10005
36400 5.15601
37027 4.47934
13654 3.93186
35317 3.27076
2885 2.94718
432 2.93452
15225 2.55339
38856 2.52684
37496 2.42181
3852 2.39015
1965 2.37511
9196 2.36984
28855 2.18972
7145 2.1407
26786 2.0515
33267 2.0509
2781 2.02508
7076 1.75754
4551 1.73893
39661 1.70079
30793 1.6679
37546 1.66356
2484 1.59874
37070 1.57227
39791 1.54765
34561 1.54281
6518 1.52362
21323 1.52221
23843 1.51885
26546 1.4925
830 1.4775
24239 1.47607
16745 1.44048
27190 1.40147
28177 1.3748
13927 1.32496
6041 1.29074
25765 1.26789
5778 1.26455
37374 1.23239
18328 1.20476
39671 1.2
29901 1.18119
16806 1.16974
19032 1.15824
27863 1.15657
22808 1.1555
3940 1.14607
35734 1.10834
33653 1.04441
26410 1.00955
19253 0.987155
27166 0.982008
36313 0.969925
12976 0.968687
31947 0.919792
40342 0.869564
34439 0.846999
22368 0.819966
36952 0.81853
19313 0.817706
22405 0.808398
22184 0.780195
21889 0.764669
8412 0.758333
38956 0.752302
39962 0.73841
6992 0.737923
10480 0.729762
1975 0.72619
12110 0.724823
28094 0.715873
3535 0.705873
25176 0.704015
39383 0.700433
21217 0.679304
12449 0.67619
40241 0.673266
29361 0.666667
8592 0.658333
29455 0.649563
2262 0.643596
6592 0.639457
21272 0.625
14943 0.622854
36528 0.621407
32620 0.60862
39158 0.6
12451 0.6
5056 0.597045
40204 0.596176
20093 0.587724
19461 0.587626
15467 0.583778
2786 0.575
39910 0.569444
21186 0.569444
15276 0.563606
33633 0.563568
38049 0.561111
24371 0.55
28599 0.543478
8237 0.540909
16076 0.535714
30425 0.533333
12289 0.533333
22711 0.523068
31582 0.522997
21703 0.517857
37441 0.51215
16236 0.507857
26476 0.5066
8177 0.501467
35825 0.5
12360 0.5
29634 0.491667
3068 0.487175
7889 0.479167
556 0.470389
19653 0.460197
32886 0.456504
19712 0.452208
19774 0.449986
31858 0.445489
35063 0.437573
7047 0.434524
14534 0.43254
22530 0.427789
12525 0.424192
2069 0.423611
31301 0.410906
4994 0.410714
31553 0.409524
38346 0.407205
19580 0.404412
14015 0.401039
31589 0.396429
37750 0.395489
39472 0.393209
35439 0.392857
40282 0.391667
16395 0.388528
40525 0.385714
6033 0.384848
13433 0.376623
2542 0.374242
30847 0.371286
3541 0.366667
27926 0.361001
3887 0.355306
21772 0.35
27865 0.348352
9199 0.348214
29923 0.34697
12377 0.342857
34819 0.338936
33256 0.336958
8035 0.336958
35637 0.333333
27083 0.333333
25377 0.333333
23715 0.333333
22725 0.333333
21752 0.333333
19242 0.333333
16779 0.333333
14406 0.333333
10975 0.333333
4796 0.333333
2873 0.330409
35706 0.328389
17393 0.322274
30209 0.321662
3877 0.320635
33477 0.316468
2899 0.315909
15012 0.315162
26181 0.311407
35793 0.309524
35463 0.309524
20250 0.309524
39245 0.304762
15416 0.303001
13628 0.301538
19379 0.299138
29237 0.297619
15665 0.297269
7312 0.296179
16298 0.293768
29140 0.293478
35365 0.286398
16097 0.282576
31140 0.281046
26323 0.280952
8408 0.273148
14858 0.268687
7618 0.268347
16504 0.266667
37881 0.265152
19511 0.265079
34385 0.261056
29077 0.259921
612 0.257638
29851 0.256817
17943 0.254825
28617 0.253409
34123 0.253247
37672 0.25
28521 0.25
24957 0.25
24055 0.25
23836 0.25
21757 0.25
19901 0.25
15916 0.25
9894 0.25
8672 0.25
7253 0.25
4444 0.25
1281 0.25
35525 0.245317
24678 0.238889
34664 0.237923
31260 0.236739
23370 0.229894
6924 0.229412
39925 0.226812
29401 0.221861
25079 0.221429
12766 0.220401
6863 0.220401
1791 0.220401
34116 0.220342
35346 0.219048
34098 0.215909
34999 0.214661
20704 0.213636
16673 0.212888
26095 0.21131
9660 0.210207
18138 0.209957
3936 0.209957
32885 0.207792
6140 0.207393
36457 0.206478
19277 0.204657
40296 0.2025
40171 0.2
37181 0.2
30287 0.2
27033 0.2
26541 0.2
21201 0.2
18561 0.2
15489 0.2
5519 0.2
4361 0.2
550 0.2
170 0.2
3123 0.198465
18329 0.188462
13073 0.188095
23898 0.187619
38906 0.187552
34768 0.185965
23251 0.183502
16047 0.182984
11789 0.18287
38608 0.180952
30057 0.179412
37342 0.177022
17590 0.173844
39386 0.166667
38535 0.166667
33617 0.166667
32374 0.166667
31390 0.166667
28737 0.166667
28088 0.166667
24751 0.166667
22382 0.166667
13658 0.166667
12834 0.166667
11410 0.166667
11113 0.166667
7099 0.166667
6319 0.166667
6062 0.166667
5708 0.166667
3356 0.166667
2869 0.166667
224 0.166667
12522 0.165385
23056 0.16406
576 0.16406
17137 0.161324
29073 0.159785
24596 0.157724
37882 0.153623
25367 0.153597
592 0.152169
20569 0.151515
40890 0.150962
10654 0.148187
37502 0.14787
38772 0.146032
39947 0.143729
27989 0.143729
5488 0.143729
40549 0.142857
34565 0.142857
32841 0.142857
32043 0.142857
31837 0.142857
31763 0.142857
27740 0.142857
25474 0.142857
25016 0.142857
24963 0.142857
23861 0.142857
22605 0.142857
20862 0.142857
17710 0.142857
17578 0.142857
14842 0.142857
14347 0.142857
13234 0.142857
13016 0.142857
12974 0.142857
11491 0.142857
11393 0.142857
11304 0.142857
9189 0.142857
8896 0.142857
6447 0.142857
6417 0.142857
6058 0.142857
1830 0.142857
306 0.142857
14917 0.131912
3124 0.12984
10872 0.126441
39125 0.125926
40632 0.125
39534 0.125
38748 0.125
33452 0.125
32552 0.125
32536 0.125
29138 0.125
27880 0.125
26069 0.125
13126 0.125
11640 0.125
9553 0.125
8135 0.125
6937 0.125
1 0.125
1659 0.12246
13916 0.1214
27208 0.120505
39960 0.117193
38118 0.111111
36918 0.111111
34780 0.111111
31938 0.111111
27349 0.111111
22949 0.111111
20928 0.111111
19800 0.111111
16501 0.111111
14980 0.111111
7766 0.111111
6105 0.111111
4484 0.111111
2232 0.111111
938 0.111111
539 0.111111
32223 0.10404
38223 0.1
35978 0.1
35538 0.1
33569 0.1
33227 0.1
30216 0.1
29084 0.1
26512 0.1
25791 0.1
24894 0.1
22960 0.1
20007 0.1
19551 0.1
19048 0.1
18251 0.1
16602 0.1
12816 0.1
6413 0.1
5875 0.1
5241 0.1
4028 0.1
3645 0.1
860 0.1
34923 0.0952189
31646 0.0915152
8353 0.0915152
40597 0.0909091
36796 0.0909091
34100 0.0909091
33558 0.0909091
33142 0.0909091
32788 0.0909091
30073 0.0909091
23628 0.0909091
22403 0.0909091
21886 0.0909091
9934 0.0909091
6830 0.0909091
5423 0.0909091
5362 0.0909091
3030 0.0909091
905 0.0909091
27388 0.0836704
37795 0.0833333
34030 0.0833333
33017 0.0833333
31631 0.0833333
31352 0.0833333
28952 0.0833333
22218 0.0833333
18555 0.0833333
14223 0.0833333
13769 0.0833333
9239 0.0833333
8769 0.0833333
8427 0.0833333
7256 0.0833333
5676 0.0833333
2877 0.0833333
543 0.0833333
40900 0.0769231
32016 0.0769231
30192 0.0769231
28651 0.0769231
21801 0.0769231
15493 0.0769231
8224 0.0769231
1760 0.0769231
26195 0.0735638
21302 0.0735638
15354 0.0735638
12090 0.0735638
9197 0.0735638
39951 0.0719838
7536 0.0719838
30168 0.0714286
25433 0.0714286
24849 0.0714286
21785 0.0714286
17154 0.0714286
11101 0.0714286
7102 0.0714286
6715 0.0714286
4359 0.0714286
2770 0.0714286
1462 0.0714286
987 0.0714286
39337 0.0666667
37523 0.0666667
36160 0.0666667
27975 0.0666667
27675 0.0666667
22550 0.0666667
21189 0.0666667
11810 0.0666667
7852 0.0666667
39298 0.0625
38850 0.0625
29626 0.0625
27972 0.0625
25826 0.0625
20753 0.0625
19967 0.0625
19327 0.0625
18844 0.0625
15591 0.0625
15297 0.0625
15016 0.0625
11243 0.0625
6906 0.0625
4468 0.0625
4467 0.0625
2585 0.0625
2168 0.0625
31415 0.0588235
