29258 7.69167
16236 3.64385
34768 2.71667
2885 1.35213
17312 1.15476
31301 1.10385
39218 1.05
30847 0.83359
8661 0.833333
14138 0.792632
24239 0.77521
39580 0.757576
5215 0.712121
19253 0.708333
27146 0.641443
23462 0.641443
40342 0.634298
38623 0.628788
9782 0.628788
35766 0.623333
26181 0.583333
5730 0.549242
2786 0.5
7312 0.44
28790 0.333333
26699 0.333333
24481 0.333333
20444 0.333333
20167 0.333333
14181 0.333333
878 0.333333
27799 0.331876
38120 0.26452
33091 0.26452
10845 0.26452
38750 0.25
37778 0.25
33108 0.25
32620 0.25
24907 0.25
16083 0.25
13916 0.25
987 0.25
9206 0.239423
30793 0.236406
16047 0.236406
9197 0.236406
19647 0.204762
13654 0.204762
39811 0.2
37491 0.2
35184 0.2
32885 0.2
21757 0.2
18099 0.2
14581 0.2
12971 0.2
10826 0.2
3627 0.2
1193 0.2
224 0.2
28110 0.166667
27926 0.166667
14534 0.166667
10480 0.166667
10210 0.166667
3940 0.157816
26546 0.142632
5778 0.142632
3887 0.142632
33545 0.125
32930 0.125
29253 0.125
21889 0.125
4994 0.125
27974 0.111111
17632 0.111111
36821 0.1
4179 0.1
32771 0.0909091
9313 0.0909091
39245 0.0833333
17710 0.0833333
15665 0.0833333
6807 0.0833333
259 0.0833333
40143 0.0769231
39370 0.0769231
38383 0.0769231
36952 0.0769231
23290 0.0769231
17921 0.0769231
12185 0.0769231
10148 0.0769231
6336 0.0769231
1037 0.0769231
29634 0.0714286
26095 0.0714286
24678 0.0714286
22530 0.0714286
17583 0.0714286
16076 0.0714286
35855 0.0625
35575 0.0625
34539 0.0625
26824 0.0625
13727 0.0625
13206 0.0625
10385 0.0625
781 0.0625
40890 0.0526316
39791 0.0526316
37496 0.0526316
30209 0.0526316
28651 0.0526316
28094 0.0526316
22170 0.0526316
18520 0.0526316
2866 0.0526316
40525 0.05
37342 0.05
31947 0.05
24596 0.05
21772 0.05
19580 0.05
15012 0.05
5056 0.05
36429 0.0454545
35963 0.0454545
34838 0.0454545
33851 0.0454545
30941 0.0454545
29733 0.0454545
29411 0.0454545
26730 0.0454545
24741 0.0454545
21017 0.0454545
17434 0.0454545
16394 0.0454545
14260 0.0454545
8898 0.0454545
8680 0.0454545
2286 0.0454545
213 0.0454545
38956 0.04
36400 0.04
32973 0.04
26202 0.04
23898 0.04
22405 0.04
17412 0.04
17137 0.04
12569 0.04
7076 0.04
3852 0.04
2781 0.04
40783 0.0344828
39962 0.0344828
39472 0.0344828
37815 0.0344828
37305 0.0344828
36313 0.0344828
35734 0.0344828
35317 0.0344828
35063 0.0344828
31140 0.0344828
30318 0.0344828
28424 0.0344828
27388 0.0344828
26786 0.0344828
24041 0.0344828
21323 0.0344828
19517 0.0344828
7807 0.0344828
6041 0.0344828
1821 0.0344828
40980 0
40979 0
40978 0
40977 0
40976 0
40975 0
40974 0
40973 0
40972 0
40971 0
40970 0
40969 0
40968 0
40967 0
40966 0
40965 0
40964 0
40963 0
40962 0
40961 0
40960 0
40959 0
40958 0
40957 0
40956 0
40955 0
40954 0
40953 0
40952 0
40951 0
40950 0
40949 0
40948 0
40947 0
40946 0
40945 0
40944 0
40943 0
40942 0
40941 0
40940 0
40939 0
40938 0
40937 0
40936 0
40935 0
40934 0
40933 0
40932 0
40931 0
40930 0
40929 0
40928 0
40927 0
40926 0
40925 0
40924 0
40923 0
40922 0
40921 0
40920 0
40919 0
40918 0
40917 0
40916 0
40915 0
40914 0
40913 0
40912 0
40911 0
40910 0
40909 0
40908 0
40907 0
40906 0
40905 0
40904 0
40903 0
40902 0
40901 0
40900 0
40899 0
40898 0
40897 0
40896 0
40895 0
40894 0
40893 0
40892 0
40891 0
40889 0
40888 0
40887 0
40886 0
40885 0
40884 0
40883 0
40882 0
40881 0
40880 0
40879 0
40878 0
40877 0
40876 0
40875 0
40874 0
40873 0
40872 0
40871 0
40870 0
40869 0
40868 0
40867 0
40866 0
40865 0
40864 0
40863 0
40862 0
40861 0
40860 0
40859 0
40858 0
40857 0
40856 0
40855 0
40854 0
40853 0
40852 0
40851 0
40850 0
40849 0
40848 0
40847 0
40846 0
40845 0
40844 0
40843 0
40842 0
40841 0
40840 0
40839 0
40838 0
40837 0
40836 0
40835 0
40834 0
40833 0
40832 0
40831 0
40830 0
40829 0
40828 0
40827 0
40826 0
40825 0
40824 0
40823 0
40822 0
40821 0
40820 0
40819 0
40818 0
40817 0
40816 0
40815 0
40814 0
40813 0
40812 0
40811 0
40810 0
40809 0
40808 0
40807 0
40806 0
40805 0
40804 0
40803 0
40802 0
40801 0
40800 0
40799 0
40798 0
40797 0
40796 0
40795 0
40794 0
40793 0
40792 0
40791 0
40790 0
40789 0
40788 0
40787 0
40786 0
40785 0
40784 0
40782 0
40781 0
40780 0
40779 0
40778 0
40777 0
40776 0
40775 0
40774 0
40773 0
40772 0
40771 0
40770 0
40769 0
40768 0
40767 0
40766 0
40765 0
40764 0
40763 0
40762 0
40761 0
40760 0
40759 0
40758 0
40757 0
40756 0
40755 0
40754 0
40753 0
40752 0
40751 0
40750 0
40749 0
40748 0
40747 0
40746 0
40745 0
40744 0
40743 0
40742 0
40741 0
40740 0
40739 0
40738 0
40737 0
40736 0
40735 0
40734 0
40733 0
40732 0
40731 0
40730 0
40729 0
40728 0
40727 0
40726 0
40725 0
40724 0
40723 0
40722 0
40721 0
40720 0
40719 0
40718 0
40717 0
40716 0
40715 0
40714 0
40713 0
40712 0
40711 0
40710 0
40709 0
40708 0
40707 0
40706 0
40705 0
40704 0
40703 0
40702 0
40701 0
40700 0
40699 0
40698 0
40697 0
40696 0
40695 0
40694 0
40693 0
40692 0
40691 0
40690 0
40689 0
40688 0
40687 0
40686 0
40685 0
40684 0
40683 0
40682 0
40681 0
40680 0
40679 0
40678 0
40677 0
40676 0
40675 0
40674 0
40673 0
40672 0
40671 0
40670 0
40669 0
40668 0
40667 0
40666 0
40665 0
40664 0
40663 0
40662 0
40661 0
40660 0
40659 0
40658 0
40657 0
40656 0
40655 0
