33185 69.0729
34433 60.8871
17715 55.3349
9665 48.2253
25490 45.7551
9561 34.9511
27963 30.0465
2840 26.3456
1642 24.4304
4257 16.4671
17687 11.0873
22079 11.079
21911 9.74668
15835 9.49078
13761 8.97635
2898 8.96743
2647 8.63149
37524 8.62918
23696 8.11788
20273 7.42312
31509 7.09658
10581 6.88574
18361 6.45343
24414 6.36397
37935 6.20617
10110 5.99674
2604 5.83098
22879 5.75259
38379 5.50654
4290 5.47045
1313 4.95416
18324 4.71423
10923 4.54182
36168 4.23354
15400 4.14482
19288 3.92442
6928 3.89039
38970 3.76219
9693 3.68706
16425 3.43099
5740 3.38913
37805 3.27878
27452 3.23965
34265 3.19118
25337 3.18789
939 2.98218
38315 2.97494
27369 2.95739
34640 2.91321
5748 2.74907
13763 2.73626
40883 2.72525
22594 2.68801
32303 2.62977
15599 2.54635
10686 2.4857
32879 2.48215
29581 2.41416
2320 2.32017
27121 2.15732
35339 2.0815
35035 2.05331
14425 2.04713
15457 2.01433
8672 1.9703
31301 1.92415
24812 1.89854
29497 1.84173
19210 1.80302
34167 1.7455
13672 1.71811
26125 1.62655
11328 1.56413
14378 1.56206
36300 1.45659
7433 1.4433
36057 1.43871
32214 1.42842
3379 1.428
28028 1.40051
4819 1.39047
7794 1.35199
29281 1.30406
30550 1.30004
1345 1.29142
27602 1.29019
34311 1.27543
12775 1.25796
21274 1.24291
14430 1.23272
27075 1.21847
2608 1.17275
40970 1.15108
6255 1.1308
27961 1.12869
5766 1.12463
2315 1.11574
38999 1.10123
8435 1.09286
5485 1.05877
7750 1.05583
35087 1.05022
14631 1.05009
30819 1.03468
15216 1.03446
16576 0.99489
40369 0.992985
7395 0.9593
13667 0.958131
1017 0.931453
9454 0.895211
23843 0.878517
40102 0.876915
32480 0.859919
2051 0.858646
1394 0.827438
14198 0.823611
19578 0.81831
6967 0.818126
38683 0.817437
15818 0.811222
38486 0.788125
39035 0.774148
733 0.773668
7121 0.76662
19233 0.74544
33507 0.740318
18798 0.739718
2288 0.734925
5741 0.722715
20432 0.705424
6753 0.692227
8377 0.688258
17264 0.677143
6478 0.665223
36033 0.647233
10425 0.644217
28361 0.640769
29170 0.636293
23805 0.632064
10296 0.621346
27390 0.613686
37513 0.594626
32628 0.594626
28151 0.59273
26921 0.591901
19032 0.550137
32732 0.54558
17669 0.543965
37711 0.538462
9469 0.536926
36345 0.530265
23724 0.503028
18034 0.49359
23750 0.492685
38764 0.486926
37956 0.480682
18328 0.477733
34459 0.475275
18308 0.473837
17368 0.469116
15417 0.462561
2885 0.461111
29786 0.459277
22833 0.459277
28883 0.457503
35504 0.449093
16148 0.446174
5358 0.435949
19347 0.435057
24160 0.431344
40453 0.423508
13851 0.422239
5771 0.421587
39636 0.420818
5151 0.420604
32885 0.419935
10708 0.415912
24408 0.409556
10318 0.402299
23188 0.398638
35835 0.395431
36883 0.395372
5198 0.393026
12018 0.389092
4386 0.386447
13916 0.383671
17634 0.380189
6894 0.377672
13247 0.373553
38155 0.370217
13200 0.369526
3125 0.364545
1796 0.361695
4583 0.352034
30834 0.351517
10400 0.35
38831 0.349119
11185 0.34478
980 0.342796
1975 0.342352
16969 0.342015
16974 0.337631
18059 0.333333
22614 0.328291
40400 0.327715
7951 0.325
2772 0.324773
36561 0.324291
20190 0.323773
38316 0.323334
33743 0.31765
30048 0.311434
8000 0.311137
29350 0.309848
10361 0.308944
27373 0.30609
23631 0.301761
10682 0.300522
26618 0.300439
14138 0.296392
13043 0.296044
24351 0.290896
28280 0.29011
19198 0.28824
16836 0.287758
40346 0.286418
40310 0.285237
16428 0.281727
17440 0.277895
8689 0.277523
30495 0.273418
34188 0.270187
18103 0.268182
38897 0.268073
39947 0.267351
35346 0.267351
11080 0.267351
110 0.267351
6262 0.265152
29401 0.263175
27926 0.261311
7439 0.258602
15769 0.253846
31125 0.252433
22831 0.251984
11907 0.25
7295 0.25
20727 0.243056
15411 0.242432
22036 0.242388
29143 0.241672
24295 0.240245
32202 0.233333
6964 0.233066
21210 0.231579
40428 0.230246
22846 0.229458
3096 0.229004
30347 0.228822
695 0.219097
19926 0.217893
26310 0.217446
11283 0.217074
18815 0.216667
22263 0.216517
21859 0.214286
20942 0.212715
24718 0.210003
8567 0.209091
34035 0.206646
16918 0.206645
30588 0.206294
7708 0.205084
15644 0.205005
955 0.204417
16595 0.203216
35159 0.202728
22853 0.202312
8692 0.200894
9930 0.2
22061 0.199071
8716 0.198506
16997 0.196133
36753 0.195252
8875 0.19413
9958 0.193223
6157 0.193223
1828 0.193223
25630 0.190238
37958 0.190081
32324 0.190081
3852 0.190081
14512 0.189519
29162 0.188987
24028 0.188987
21191 0.188536
8403 0.188327
26183 0.187214
20116 0.185763
2054 0.184848
38535 0.184722
24214 0.183756
13920 0.181478
7129 0.181078
5574 0.181078
4180 0.17708
4530 0.176036
11923 0.172446
27123 0.169278
13058 0.169278
1896 0.168182
38902 0.166667
37952 0.166667
27410 0.166667
24023 0.166667
22178 0.166667
21097 0.166667
10737 0.166667
8963 0.166667
3936 0.166667
3196 0.166667
1749 0.166667
15134 0.16651
33699 0.166054
39247 0.163058
16265 0.162679
15454 0.16241
34241 0.160714
2094 0.159774
4828 0.15933
30096 0.15776
26157 0.15776
20143 0.15776
8601 0.157605
30416 0.156437
23043 0.155952
39242 0.155491
22527 0.150927
24759 0.145128
23895 0.145128
25286 0.143298
40748 0.142857
38231 0.142857
29666 0.142857
29227 0.142857
28005 0.142857
9943 0.142857
4674 0.142857
14577 0.141681
5149 0.141681
34220 0.141288
30676 0.141212
27989 0.141212
11488 0.141212
24793 0.140877
18318 0.140444
13113 0.139601
1083 0.139567
34776 0.138889
28682 0.138462
27592 0.138016
38355 0.136062
9773 0.135567
32042 0.134524
21211 0.134498
24102 0.134483
18513 0.1338
37577 0.13223
38094 0.132067
5372 0.132067
28864 0.13125
24464 0.130888
10072 0.130888
4576 0.130888
30823 0.12736
38873 0.126924
37868 0.126924
31028 0.12683
36656 0.125433
23728 0.125
16605 0.125
1384 0.125
20858 0.124423
35186 0.123662
28105 0.123455
22966 0.122749
919 0.122307
32229 0.122149
9502 0.121074
25182 0.118693
39791 0.117811
35734 0.117811
15225 0.117811
830 0.117811
2560 0.116698
37426 0.115468
24509 0.115427
16076 0.115064
40189 0.114924
32556 0.111644
30302 0.111123
38032 0.111111
36542 0.111111
35370 0.111111
29472 0.111111
25834 0.111111
23672 0.111111
22900 0.111111
15137 0.111111
9371 0.111111
4677 0.111111
17853 0.111049
33675 0.109211
18410 0.108251
19683 0.108062
37685 0.105573
2209 0.105413
16800 0.104966
29522 0.104275
6167 0.102489
35336 0.100777
34333 0.1
31586 0.1
30293 0.1
28110 0.1
26477 0.1
24113 0.0998952
13 0.0989247
32888 0.0976763
30916 0.0976763
17696 0.0976763
16968 0.0976763
5440 0.0968254
37151 0.0938984
40360 0.0938978
38583 0.0937399
37502 0.0937399
15873 0.0937399
13654 0.0937399
13028 0.0922774
17001 0.0917239
26069 0.0910256
22711 0.0910256
35973 0.0909091
31533 0.0909091
28592 0.0909091
27122 0.0909091
21941 0.0909091
17517 0.0909091
15724 0.0909091
12244 0.0909091
9605 0.0909091
9346 0.0909091
5881 0.0909091
5641 0.0909091
878 0.0909091
543 0.0909091
30480 0.0901459
29137 0.0901459
16517 0.0901459
16724 0.0886656
52 0.0872024
20350 0.0870826
14886 0.0870826
8465 0.0870826
2263 0.0870826
36794 0.0835778
37682 0.0834439
32661 0.0834439
32494 0.0834439
21141 0.0834439
17525 0.0834439
16043 0.0834439
11054 0.0834439
10751 0.0834439
8861 0.0834439
24550 0.0833333
24248 0.0833333
8027 0.0833333
1005 0.0833333
29254 0.0832155
26250 0.0829554
10971 0.0822665
12209 0.081575
37659 0.0809257
29174 0.080719
24002 0.0805037
36757 0.0803548
5693 0.0800228
28841 0.0790768
30160 0.0785759
37339 0.0769231
36035 0.0769231
34971 0.0769231
34624 0.0769231
32536 0.0769231
31272 0.0769231
30054 0.0769231
29795 0.0769231
