20047 2.27094
1757 1.84884
17037 1.77056
37973 1.62084
3593 1.6
38763 1.2913
25242 1.2913
21723 1.21256
34369 1.19717
27595 1.0703
21467 1.03151
2028 1.01289
31329 0.911674
19244 0.820042
1061 0.764388
13027 0.760079
8665 0.756138
25896 0.675515
6266 0.675515
232 0.673737
3228 0.658114
34532 0.612934
24841 0.612934
2046 0.574448
39901 0.567774
33297 0.563766
11374 0.560736
26019 0.554621
28805 0.499418
1532 0.49881
848 0.496599
37352 0.493554
21862 0.489442
7955 0.488578
29576 0.48759
11596 0.484215
16406 0.479787
28091 0.477778
26731 0.477778
15148 0.477287
19753 0.47623
1572 0.454682
28321 0.452661
17493 0.401861
24234 0.398063
19995 0.398063
14109 0.398063
34174 0.394935
30792 0.380255
23362 0.367857
31769 0.366667
15378 0.365999
28991 0.35873
1429 0.357871
35529 0.35102
37484 0.34478
21245 0.32549
36177 0.309704
22867 0.30598
24838 0.303968
24353 0.301733
24268 0.300775
19072 0.29817
38002 0.294884
38390 0.269013
1361 0.269013
18573 0.266461
16490 0.263191
12338 0.26251
3131 0.259063
34416 0.253653
26465 0.253653
18279 0.253653
10957 0.253653
23753 0.25239
7227 0.25039
20551 0.25
12764 0.247996
15616 0.238566
996 0.238138
31710 0.230335
31055 0.228788
23858 0.219786
12748 0.215456
8737 0.21451
36784 0.208824
14851 0.20155
8774 0.20155
32154 0.195043
20689 0.193005
3997 0.183333
30892 0.182876
28963 0.182876
12980 0.182876
19771 0.182624
14077 0.182624
11648 0.182624
9712 0.182624
3731 0.182624
19992 0.180618
24727 0.17896
5894 0.178486
2554 0.172893
559 0.169328
8160 0.169154
11761 0.166846
32450 0.166355
38096 0.165896
29775 0.165896
17674 0.165896
25209 0.165171
9161 0.161111
32696 0.160815
23332 0.158596
26757 0.155594
14300 0.150336
20757 0.149166
14173 0.149166
7041 0.14908
2354 0.148608
40023 0.14393
17284 0.143182
11592 0.142857
13974 0.135194
33242 0.135007
30398 0.135007
29242 0.135007
22756 0.135007
21450 0.135007
18736 0.135007
11783 0.135007
10278 0.135007
10008 0.135007
1048 0.135007
31213 0.132329
18843 0.129984
14344 0.129984
32641 0.127741
31057 0.126923
8161 0.12664
30388 0.124779
35814 0.124625
15403 0.123484
36511 0.122285
13700 0.122285
26837 0.119186
21855 0.119186
3027 0.119186
3028 0.117331
37995 0.11216
29510 0.112145
35951 0.11164
29354 0.111258
21762 0.111258
11551 0.111111
36298 0.107234
29728 0.107071
11527 0.107071
35012 0.1
29665 0.0981696
29223 0.0967799
15991 0.0967799
31097 0.096604
13460 0.0951038
27063 0.0933557
5158 0.0933557
31761 0.0918187
2091 0.0918187
2814 0.091642
11031 0.0909091
39959 0.0860097
12042 0.0860097
20367 0.0850379
5444 0.083555
32278 0.0833333
28384 0.0833333
5615 0.0833333
24228 0.0807029
32348 0.0783176
24787 0.0783176
11485 0.0783176
15854 0.075028
34418 0.0740252
30230 0.0740252
28167 0.0740252
8798 0.0740252
39760 0.0726876
18118 0.0726876
29013 0.0703704
18328 0.0703704
20730 0.0701211
2767 0.0666667
24458 0.0641149
18563 0.0641149
1075 0.0641149
24037 0.0618123
8672 0.0618123
2359 0.0615013
27234 0.0590601
39092 0.0582931
23696 0.0570175
5758 0.0562551
29505 0.0556057
19095 0.0556057
32924 0.0555556
29872 0.0555556
28925 0.0555556
18325 0.0555556
19194 0.0511355
32755 0.05
31562 0.05
22864 0.05
19660 0.05
8480 0.05
6766 0.05
36035 0.047619
7053 0.047619
6101 0.047619
5665 0.047619
16153 0.0454545
20250 0.045108
10405 0.045108
2356 0.045108
20488 0.0434319
1045 0.0423008
20356 0.041978
6961 0.041978
26549 0.0416667
35270 0.0405229
35866 0.0385409
20738 0.0385409
9406 0.0385409
34178 0.0384615
28874 0.0384615
22354 0.0350047
15334 0.0350047
513 0.0350047
26365 0.0344828
17925 0.0344828
2045 0.0344828
38193 0.0334644
31841 0.0333333
29392 0.0333333
29122 0.0333333
27980 0.0333333
10918 0.0333333
10753 0.0333333
3471 0.0333333
39942 0.0322275
23519 0.0322275
16996 0.0322275
12357 0.0322275
8276 0.0322275
4703 0.0322275
2373 0.0322275
18032 0.03125
10815 0.03125
7212 0.03125
5060 0.03125
15733 0.0277778
11528 0.0277778
7466 0.0277778
24467 0.027027
40109 0.0263158
35277 0.0263158
18905 0.0263158
19032 0.025
33911 0.0232558
33863 0.0232558
27087 0.0232558
14469 0.0232558
7938 0.0232558
28474 0.0192308
27623 0.0192308
1486 0.0192308
38800 0.0181818
17950 0.0181818
16955 0.0178571
4137 0.0178571
39916 0.0175439
34768 0.0175439
24894 0.0175439
12763 0.0175439
2560 0.0175439
543 0.0175439
40073 0.0172414
39184 0.0172414
22594 0.0172414
33298 0.0166667
20879 0.0166667
10107 0.0166667
26615 0.016129
5786 0.016129
37921 0.0144928
25028 0.0144928
14655 0.0144928
9562 0.0144928
1424 0.0144928
36126 0.0135135
27555 0.0135135
24020 0.0135135
14159 0.0135135
4330 0.0135135
15674 0.0131579
2086 0.0131579
32251 0.0126582
27538 0.0126582
19179 0.0126582
6627 0.0126582
32849 0.011236
17446 0.011236
8027 0.011236
40814 0.0106383
27766 0.0106383
17243 0.0106383
13450 0.0106383
13043 0.0106383
10735 0.0106383
39724 0.00833333
35109 0.00833333
32731 0.00833333
32180 0.00833333
31152 0.00833333
28587 0.00833333
27129 0.00833333
17597 0.00833333
12210 0.00833333
11239 0.00833333
8505 0.00833333
8470 0.00833333
6845 0.00833333
6291 0.00833333
4600 0.00833333
40980 0
40979 0
40978 0
40977 0
40976 0
40975 0
40974 0
40973 0
40972 0
40971 0
40970 0
40969 0
40968 0
40967 0
40966 0
40965 0
40964 0
40963 0
40962 0
40961 0
40960 0
40959 0
40958 0
40957 0
40956 0
40955 0
40954 0
40953 0
40952 0
40951 0
40950 0
40949 0
40948 0
40947 0
40946 0
40945 0
40944 0
40943 0
40942 0
40941 0
40940 0
40939 0
40938 0
40937 0
40936 0
40935 0
40934 0
40933 0
40932 0
40931 0
40930 0
40929 0
40928 0
40927 0
40926 0
40925 0
40924 0
40923 0
40922 0
40921 0
40920 0
40919 0
40918 0
40917 0
40916 0
40915 0
40914 0
40913 0
40912 0
40911 0
40910 0
40909 0
40908 0
40907 0
40906 0
40905 0
40904 0
40903 0
40902 0
40901 0
40900 0
40899 0
40898 0
40897 0
40896 0
40895 0
40894 0
40893 0
40892 0
40891 0
40890 0
40889 0
40888 0
40887 0
40886 0
40885 0
40884 0
40883 0
40882 0
40881 0
40880 0
40879 0
40878 0
40877 0
40876 0
40875 0
40874 0
40873 0
40872 0
40871 0
40870 0
40869 0
40868 0
40867 0
40866 0
40865 0
40864 0
40863 0
40862 0
40861 0
40860 0
40859 0
40858 0
40857 0
40856 0
40855 0
40854 0
40853 0
40852 0
40851 0
40850 0
40849 0
40848 0
40847 0
40846 0
40845 0
40844 0
40843 0
40842 0
40841 0
40840 0
40839 0
40838 0
40837 0
40836 0
40835 0
40834 0
40833 0
40832 0
40831 0
40830 0
40829 0
40828 0
40827 0
40826 0
40825 0
40824 0
40823 0
40822 0
40821 0
40820 0
40819 0
40818 0
40817 0
40816 0
40815 0
40813 0
