36313 2.7997
16806 1.52309
22530 1.52272
27799 1.23061
5875 1.04086
18835 0.887657
16504 0.885965
9417 0.811508
30847 0.764225
306 0.754167
13654 0.701237
23446 0.692063
35766 0.670871
37566 0.658936
26928 0.655599
3002 0.537435
16962 0.515305
24041 0.509524
24126 0.488848
2069 0.469444
35346 0.46627
9553 0.46627
30504 0.453968
35203 0.448925
7145 0.416909
26786 0.401473
11789 0.398768
6041 0.395238
36400 0.386421
18340 0.374922
5180 0.372619
32536 0.343541
36712 0.333333
16298 0.333333
9283 0.333333
1923 0.325392
35525 0.311111
34116 0.311111
17763 0.28779
37496 0.279309
8224 0.278754
25360 0.265873
26477 0.254167
40890 0.253969
35317 0.252778
830 0.252778
13507 0.250988
29922 0.25
24957 0.25
19191 0.25
35825 0.248167
21186 0.243912
39177 0.219298
36255 0.215909
11804 0.215909
14585 0.206796
16723 0.206349
7536 0.206349
29211 0.202814
37800 0.2
4900 0.198465
27926 0.185389
9592 0.185389
36918 0.172161
13916 0.170353
39172 0.166667
16097 0.164021
38856 0.1625
34378 0.160224
18844 0.151361
14576 0.151361
40525 0.150314
3852 0.150314
25362 0.150282
2484 0.147228
39183 0.142857
34770 0.138998
19967 0.126556
17312 0.126556
35271 0.126319
3291 0.125282
34546 0.125
12522 0.125
8197 0.125
4524 0.125
1963 0.125
9616 0.115038
40745 0.111111
38467 0.111111
38356 0.111111
31564 0.111111
28110 0.111111
20171 0.111111
17861 0.111111
15225 0.111111
6447 0.111111
5821 0.111111
934 0.111111
550 0.111111
24239 0.108643
8035 0.108643
3229 0.108643
25826 0.1
21421 0.1
20286 0.1
11626 0.1
30876 0.0978665
22404 0.0978665
11810 0.0978665
38583 0.0960784
14534 0.0960784
38864 0.0909091
30379 0.0909091
24624 0.0909091
14782 0.0909091
80 0.0909091
29627 0.0833333
15669 0.0833333
4189 0.0833333
1760 0.0833333
30425 0.0824452
3018 0.0824452
38608 0.0769231
31947 0.0769231
21348 0.0742072
15665 0.0742072
12525 0.0742072
6067 0.0742072
3541 0.0742072
2885 0.0742072
39947 0.0714286
32620 0.0714286
27989 0.0714286
24591 0.0714286
23194 0.0714286
14138 0.0714286
11080 0.0714286
3124 0.0714286
110 0.0714286
37342 0.0666667
36732 0.0666667
34312 0.0666667
27721 0.0666667
18964 0.0666667
18369 0.0666667
16787 0.0666667
13766 0.0666667
11410 0.0666667
2528 0.0666667
349 0.0666667
37958 0.0659287
35086 0.0659287
24137 0.0659287
22088 0.0659287
432 0.0659287
24685 0.0625
19517 0.0625
987 0.0625
37750 0.0588235
8027 0.0588235
5824 0.0588235
32930 0.0555556
30209 0.0555556
23002 0.0555556
22170 0.0555556
6906 0.0555556
38907 0.0526316
35028 0.0526316
32611 0.0526316
40100 0.047619
36787 0.047619
21064 0.047619
14337 0.047619
10196 0.047619
38760 0.0416667
35978 0.0416667
31723 0.0416667
31553 0.0416667
29875 0.0416667
27840 0.0416667
26476 0.0416667
25045 0.0416667
24716 0.0416667
21895 0.0416667
15913 0.0416667
14475 0.0416667
12569 0.0416667
4028 0.0416667
2899 0.0416667
2781 0.0416667
37374 0.037037
35643 0.037037
17154 0.037037
16283 0.037037
9660 0.037037
2376 0.037037
40414 0.0344828
36517 0.0344828
25689 0.0344828
22268 0.0344828
19580 0.0344828
18120 0.0344828
15476 0.0344828
15434 0.0344828
15056 0.0344828
14790 0.0344828
7412 0.0344828
6592 0.0344828
4058 0.0344828
3068 0.0344828
28756 0.0322581
19277 0.0322581
2869 0.0322581
38262 0.0294118
36259 0.0294118
29902 0.0294118
27208 0.0294118
24972 0.0294118
24400 0.0294118
22368 0.0294118
19327 0.0294118
16058 0.0294118
14934 0.0294118
14842 0.0294118
14840 0.0294118
13801 0.0294118
11909 0.0294118
11488 0.0294118
7286 0.0294118
6298 0.0294118
39671 0.0285714
38078 0.0285714
36673 0.0285714
33452 0.0285714
32973 0.0285714
11536 0.0285714
8384 0.0285714
6319 0.0285714
4586 0.0285714
39155 0.025
36117 0.025
33742 0.025
24870 0.025
23089 0.025
17282 0.025
10536 0.025
9736 0.025
8850 0.025
8212 0.025
3877 0.025
1821 0.025
40282 0.0204082
31741 0.0204082
29140 0.0204082
28407 0.0204082
27740 0.0204082
25651 0.0204082
24748 0.0204082
19284 0.0204082
17596 0.0204082
15012 0.0204082
14858 0.0204082
13777 0.0204082
13234 0.0204082
12541 0.0204082
8828 0.0204082
6166 0.0204082
5612 0.0204082
5209 0.0204082
4539 0.0204082
2786 0.0204082
1390 0.0204082
39001 0.0169492
35538 0.0169492
32003 0.0169492
30417 0.0169492
29946 0.0169492
29634 0.0169492
29626 0.0169492
29193 0.0169492
27439 0.0169492
26010 0.0169492
24902 0.0169492
23748 0.0169492
22184 0.0169492
21201 0.0169492
21119 0.0169492
20569 0.0169492
20448 0.0169492
18679 0.0169492
16759 0.0169492
16665 0.0169492
16629 0.0169492
14757 0.0169492
11689 0.0169492
10793 0.0169492
2751 0.0169492
1230 0.0169492
832 0.0169492
509 0.0169492
360 0.0169492
40980 0
40979 0
40978 0
40977 0
40976 0
40975 0
40974 0
40973 0
40972 0
40971 0
40970 0
40969 0
40968 0
40967 0
40966 0
40965 0
40964 0
40963 0
40962 0
40961 0
40960 0
40959 0
40958 0
40957 0
40956 0
40955 0
40954 0
40953 0
40952 0
40951 0
40950 0
40949 0
40948 0
40947 0
40946 0
40945 0
40944 0
40943 0
40942 0
40941 0
40940 0
40939 0
40938 0
40937 0
40936 0
40935 0
40934 0
40933 0
40932 0
40931 0
40930 0
40929 0
40928 0
40927 0
40926 0
40925 0
40924 0
40923 0
40922 0
40921 0
40920 0
40919 0
40918 0
40917 0
40916 0
40915 0
40914 0
40913 0
40912 0
40911 0
40910 0
40909 0
40908 0
40907 0
40906 0
40905 0
40904 0
40903 0
40902 0
40901 0
40900 0
40899 0
40898 0
40897 0
40896 0
40895 0
40894 0
40893 0
40892 0
40891 0
40889 0
40888 0
40887 0
40886 0
40885 0
40884 0
40883 0
40882 0
40881 0
40880 0
40879 0
40878 0
40877 0
40876 0
40875 0
40874 0
40873 0
40872 0
40871 0
40870 0
40869 0
40868 0
40867 0
40866 0
40865 0
40864 0
40863 0
40862 0
40861 0
40860 0
40859 0
40858 0
40857 0
40856 0
40855 0
40854 0
40853 0
40852 0
40851 0
40850 0
40849 0
40848 0
40847 0
40846 0
40845 0
40844 0
40843 0
40842 0
40841 0
40840 0
40839 0
40838 0
40837 0
40836 0
40835 0
40834 0
40833 0
40832 0
40831 0
40830 0
40829 0
40828 0
40827 0
40826 0
40825 0
40824 0
40823 0
40822 0
40821 0
40820 0
40819 0
40818 0
40817 0
40816 0
40815 0
40814 0
40813 0
40812 0
40811 0
40810 0
40809 0
40808 0
40807 0
40806 0
40805 0
40804 0
40803 0
40802 0
40801 0
40800 0
40799 0
40798 0
40797 0
40796 0
40795 0
40794 0
40793 0
40792 0
40791 0
40790 0
40789 0
40788 0
40787 0
40786 0
40785 0
40784 0
40783 0
40782 0
40781 0
