7553 4.09489
1879 3.72516
11047 3.15991
12394 2.96858
28136 2.95036
24023 2.63927
21859 2.52854
24783 2.50158
2038 1.67868
27751 1.56589
1825 1.47193
5680 1.30333
25124 1.19634
22816 1.08142
1120 0.849034
25306 0.818175
4823 0.694444
24752 0.651143
39237 0.601171
28098 0.577758
18423 0.563076
9510 0.560382
16959 0.549242
31701 0.547076
1050 0.520757
2730 0.495671
28192 0.492816
9997 0.483377
7925 0.483333
23852 0.472405
30687 0.459779
34390 0.44931
19522 0.44931
16746 0.437943
38453 0.425751
31431 0.425751
20329 0.422222
30028 0.421277
11450 0.409218
13778 0.388312
27383 0.368687
10197 0.363095
20629 0.345594
5997 0.345594
23602 0.333333
20316 0.333333
5926 0.333333
36830 0.327946
21999 0.309463
13249 0.309463
3180 0.281638
846 0.281638
27537 0.270594
20732 0.267677
3479 0.265676
29512 0.250392
39526 0.25
39451 0.25
22019 0.25
2879 0.25
1553 0.25
2322 0.236275
28232 0.231257
23573 0.227778
10666 0.227778
28208 0.224242
33671 0.2
31253 0.2
25878 0.2
23998 0.2
16413 0.2
11068 0.2
11003 0.2
11495 0.19697
5881 0.193478
36770 0.181419
27098 0.181419
30444 0.166667
24127 0.166667
21900 0.166667
20381 0.166667
13190 0.166667
7337 0.166667
3514 0.166667
55 0.166667
39597 0.152632
18195 0.142857
39455 0.13816
36719 0.13816
21461 0.13816
29760 0.135632
4701 0.135632
38823 0.131422
38741 0.131422
2441 0.131422
14551 0.131193
40255 0.125
34817 0.125
27128 0.125
26316 0.125
25716 0.125
16381 0.125
13082 0.125
7383 0.125
3882 0.125
21633 0.122266
22455 0.111111
22092 0.111111
19011 0.111111
11556 0.111111
5305 0.111111
4461 0.111111
1804 0.111111
18378 0.109842
12654 0.109842
38752 0.1
28670 0.1
13057 0.1
38319 0.091647
30743 0.091647
26653 0.091647
24260 0.091647
10182 0.091647
4515 0.091647
3387 0.091647
38334 0.0909091
33830 0.0909091
33756 0.0909091
30732 0.0909091
28107 0.0909091
27316 0.0909091
23518 0.0909091
20355 0.0909091
7455 0.0909091
4782 0.0909091
32228 0.0905434
18738 0.0905434
7836 0.0905434
18760 0.0833333
37243 0.0714286
31548 0.0714286
28087 0.0714286
23190 0.0714286
2058 0.0714286
15817 0.0666667
30115 0.0526316
26652 0.0526316
26309 0.0526316
23531 0.0526316
36766 0.0454545
27360 0.0454545
26877 0.0454545
8291 0.0454545
24555 0.0434783
9744 0.0434783
5120 0.0434783
38622 0.0344828
37530 0.0344828
29920 0.0344828
25720 0.0344828
23549 0.0344828
23019 0.0344828
21741 0.0344828
20760 0.0344828
20452 0.0344828
15211 0.0344828
15156 0.0344828
7816 0.0344828
6598 0.0344828
2715 0.0344828
1986 0.0344828
24059 0.0333333
19397 0.0333333
13514 0.0333333
12022 0.0333333
11892 0.0333333
9303 0.0333333
8897 0.0333333
8461 0.0333333
7531 0.0333333
7163 0.0333333
5782 0.0333333
39806 0.0227273
32453 0.0227273
28487 0.0227273
27203 0.0227273
26810 0.0227273
24081 0.0227273
21028 0.0227273
17214 0.0227273
16385 0.0227273
14432 0.0227273
12826 0.0227273
12554 0.0227273
11401 0.0227273
11377 0.0227273
11358 0.0227273
9911 0.0227273
8614 0.0227273
6739 0.0227273
340 0.0227273
220 0.0227273
40719 0.0212766
38270 0.0212766
36802 0.0212766
36008 0.0212766
25406 0.0212766
24465 0.0212766
14745 0.0212766
11620 0.0212766
9125 0.0212766
7391 0.0212766
4416 0.0212766
2082 0.0212766
821 0.0212766
40980 0
40979 0
40978 0
40977 0
40976 0
40975 0
40974 0
40973 0
40972 0
40971 0
40970 0
40969 0
40968 0
40967 0
40966 0
40965 0
40964 0
40963 0
40962 0
40961 0
40960 0
40959 0
40958 0
40957 0
40956 0
40955 0
40954 0
40953 0
40952 0
40951 0
40950 0
40949 0
40948 0
40947 0
40946 0
40945 0
40944 0
40943 0
40942 0
40941 0
40940 0
40939 0
40938 0
40937 0
40936 0
40935 0
40934 0
40933 0
40932 0
40931 0
40930 0
40929 0
40928 0
40927 0
40926 0
40925 0
40924 0
40923 0
40922 0
40921 0
40920 0
40919 0
40918 0
40917 0
40916 0
40915 0
40914 0
40913 0
40912 0
40911 0
40910 0
40909 0
40908 0
40907 0
40906 0
40905 0
40904 0
40903 0
40902 0
40901 0
40900 0
40899 0
40898 0
40897 0
40896 0
40895 0
40894 0
40893 0
40892 0
40891 0
40890 0
40889 0
40888 0
40887 0
40886 0
40885 0
40884 0
40883 0
40882 0
40881 0
40880 0
40879 0
40878 0
40877 0
40876 0
40875 0
40874 0
40873 0
40872 0
40871 0
40870 0
40869 0
40868 0
40867 0
40866 0
40865 0
40864 0
40863 0
40862 0
40861 0
40860 0
40859 0
40858 0
40857 0
40856 0
40855 0
40854 0
40853 0
40852 0
40851 0
40850 0
40849 0
40848 0
40847 0
40846 0
40845 0
40844 0
40843 0
40842 0
40841 0
40840 0
40839 0
40838 0
40837 0
40836 0
40835 0
40834 0
40833 0
40832 0
40831 0
40830 0
40829 0
40828 0
40827 0
40826 0
40825 0
40824 0
40823 0
40822 0
40821 0
40820 0
40819 0
40818 0
40817 0
40816 0
40815 0
40814 0
40813 0
40812 0
40811 0
40810 0
40809 0
40808 0
40807 0
40806 0
40805 0
40804 0
40803 0
40802 0
40801 0
40800 0
40799 0
40798 0
40797 0
40796 0
40795 0
40794 0
40793 0
40792 0
40791 0
40790 0
40789 0
40788 0
40787 0
40786 0
40785 0
40784 0
40783 0
40782 0
40781 0
40780 0
40779 0
40778 0
40777 0
40776 0
40775 0
40774 0
40773 0
40772 0
40771 0
40770 0
40769 0
40768 0
40767 0
40766 0
40765 0
40764 0
40763 0
40762 0
40761 0
40760 0
40759 0
40758 0
40757 0
40756 0
40755 0
40754 0
40753 0
40752 0
40751 0
40750 0
40749 0
40748 0
40747 0
40746 0
40745 0
40744 0
40743 0
40742 0
40741 0
40740 0
40739 0
40738 0
40737 0
40736 0
40735 0
40734 0
40733 0
40732 0
40731 0
40730 0
40729 0
40728 0
40727 0
40726 0
40725 0
40724 0
40723 0
40722 0
40721 0
40720 0
40718 0
40717 0
40716 0
40715 0
40714 0
40713 0
40712 0
40711 0
40710 0
40709 0
40708 0
40707 0
40706 0
40705 0
40704 0
40703 0
40702 0
40701 0
40700 0
40699 0
40698 0
40697 0
40696 0
40695 0
