31301 25.4973
2885 3.33016
3158 3.04806
27799 2.38988
37711 2.32745
32843 1.9298
32760 1.68535
3096 1.57484
2249 1.43258
19032 1.43254
35469 1.29286
8672 1.254
8027 1.25
11019 1.17619
26750 1.02067
30793 0.95
29407 0.809524
14544 0.788095
35354 0.783333
33483 0.757576
10923 0.692857
3749 0.67619
2007 0.67619
12620 0.666667
363 0.658333
7708 0.65
15603 0.65
5691 0.65
40912 0.616667
24845 0.592857
4928 0.566667
39515 0.558333
4135 0.55
24825 0.542857
39791 0.541667
33944 0.521429
23843 0.515909
5693 0.5125
38229 0.5
34825 0.491667
32571 0.490909
20068 0.466667
52 0.44359
27434 0.414286
38408 0.405357
34543 0.405357
1975 0.405357
7139 0.392857
3382 0.382576
21670 0.376923
16791 0.366667
13646 0.366667
27600 0.35
22474 0.35
12893 0.347222
29997 0.34359
12009 0.336111
39319 0.333333
36418 0.333333
36404 0.333333
34883 0.333333
34834 0.333333
32120 0.333333
26072 0.333333
22365 0.333333
20418 0.333333
19264 0.333333
16551 0.333333
14007 0.333333
10953 0.333333
9101 0.333333
6496 0.333333
6152 0.333333
2191 0.333333
21859 0.325
18192 0.315909
2106 0.290909
32202 0.284722
830 0.284722
13757 0.274242
32885 0.271368
9442 0.271368
40888 0.25
40445 0.25
40066 0.25
37797 0.25
37736 0.25
33667 0.25
31886 0.25
30172 0.25
22711 0.25
21860 0.25
13602 0.25
13461 0.25
10943 0.25
10880 0.25
4507 0.25
4405 0.25
38825 0.2
37176 0.2
36879 0.2
32994 0.2
31536 0.2
29059 0.2
26093 0.2
23167 0.2
19185 0.2
14742 0.2
13432 0.2
10332 0.2
9040 0.2
8446 0.2
7713 0.2
7691 0.2
5201 0.2
3297 0.2
3245 0.2
1940 0.2
39954 0.166667
35524 0.166667
25652 0.166667
14720 0.166667
14621 0.166667
12572 0.166667
12444 0.166667
12384 0.166667
12212 0.166667
11658 0.166667
10619 0.166667
10073 0.166667
2867 0.166667
38881 0.142857
38667 0.142857
32620 0.142857
31581 0.142857
28142 0.142857
22713 0.142857
18950 0.142857
18393 0.142857
18198 0.142857
16983 0.142857
15352 0.142857
10903 0.142857
3321 0.142857
1329 0.142857
36952 0.125
29972 0.125
23306 0.125
21983 0.125
17460 0.125
16945 0.125
16268 0.125
15225 0.125
12447 0.125
12196 0.125
11113 0.125
3863 0.125
3692 0.125
2659 0.125
738 0.125
39951 0.111111
39710 0.111111
31670 0.111111
28680 0.111111
26832 0.111111
26384 0.111111
24454 0.111111
18328 0.111111
16618 0.111111
16076 0.111111
14255 0.111111
9810 0.111111
8669 0.111111
6992 0.111111
5608 0.111111
1318 0.111111
38097 0.1
30966 0.1
27532 0.1
22904 0.1
20675 0.1
17659 0.1
17634 0.1
16446 0.1
11570 0.1
10047 0.1
6866 0.1
39565 0.0909091
37562 0.0909091
30054 0.0909091
23724 0.0909091
2378 0.0909091
878 0.0909091
25349 0.0833333
24125 0.0833333
23193 0.0833333
17285 0.0833333
32814 0.0769231
29332 0.0769231
28444 0.0769231
21911 0.0769231
39616 0.0714286
34908 0.0714286
32662 0.0714286
27892 0.0714286
13410 0.0714286
39112 0.0666667
35396 0.0666667
32229 0.0666667
29683 0.0666667
22770 0.0666667
22492 0.0666667
19566 0.0666667
13341 0.0666667
9200 0.0666667
5214 0.0666667
1616 0.0666667
121 0.0666667
39177 0.0625
35734 0.0625
35525 0.0625
34737 0.0625
34312 0.0625
29401 0.0625
27926 0.0625
25885 0.0625
21978 0.0625
13309 0.0625
12954 0.0625
6851 0.0625
1638 0.0625
1179 0.0625
1107 0.0625
1091 0.0625
40980 0
40979 0
40978 0
40977 0
40976 0
40975 0
40974 0
40973 0
40972 0
40971 0
40970 0
40969 0
40968 0
40967 0
40966 0
40965 0
40964 0
40963 0
40962 0
40961 0
40960 0
40959 0
40958 0
40957 0
40956 0
40955 0
40954 0
40953 0
40952 0
40951 0
40950 0
40949 0
40948 0
40947 0
40946 0
40945 0
40944 0
40943 0
40942 0
40941 0
40940 0
40939 0
40938 0
40937 0
40936 0
40935 0
40934 0
40933 0
40932 0
40931 0
40930 0
40929 0
40928 0
40927 0
40926 0
40925 0
40924 0
40923 0
40922 0
40921 0
40920 0
40919 0
40918 0
40917 0
40916 0
40915 0
40914 0
40913 0
40911 0
40910 0
40909 0
40908 0
40907 0
40906 0
40905 0
40904 0
40903 0
40902 0
40901 0
40900 0
40899 0
40898 0
40897 0
40896 0
40895 0
40894 0
40893 0
40892 0
40891 0
40890 0
40889 0
40887 0
40886 0
40885 0
40884 0
40883 0
40882 0
40881 0
40880 0
40879 0
40878 0
40877 0
40876 0
40875 0
40874 0
40873 0
40872 0
40871 0
40870 0
40869 0
40868 0
40867 0
40866 0
40865 0
40864 0
40863 0
40862 0
40861 0
40860 0
40859 0
40858 0
40857 0
40856 0
40855 0
40854 0
40853 0
40852 0
40851 0
40850 0
40849 0
40848 0
40847 0
40846 0
40845 0
40844 0
40843 0
40842 0
40841 0
40840 0
40839 0
40838 0
40837 0
40836 0
40835 0
40834 0
40833 0
40832 0
40831 0
40830 0
40829 0
40828 0
40827 0
40826 0
40825 0
40824 0
40823 0
40822 0
40821 0
40820 0
40819 0
40818 0
40817 0
40816 0
40815 0
40814 0
40813 0
40812 0
40811 0
40810 0
40809 0
40808 0
40807 0
40806 0
40805 0
40804 0
40803 0
40802 0
40801 0
40800 0
40799 0
40798 0
40797 0
40796 0
40795 0
40794 0
40793 0
40792 0
40791 0
40790 0
40789 0
40788 0
40787 0
40786 0
40785 0
40784 0
40783 0
40782 0
40781 0
40780 0
40779 0
40778 0
40777 0
40776 0
40775 0
40774 0
40773 0
40772 0
40771 0
40770 0
40769 0
40768 0
40767 0
40766 0
40765 0
40764 0
40763 0
40762 0
40761 0
40760 0
40759 0
40758 0
40757 0
40756 0
40755 0
40754 0
40753 0
40752 0
40751 0
40750 0
40749 0
40748 0
40747 0
40746 0
40745 0
40744 0
40743 0
40742 0
40741 0
40740 0
40739 0
40738 0
40737 0
40736 0
40735 0
40734 0
40733 0
40732 0
40731 0
40730 0
40729 0
40728 0
40727 0
40726 0
40725 0
40724 0
40723 0
40722 0
40721 0
40720 0
40719 0
40718 0
40717 0
40716 0
40715 0
40714 0
40713 0
