27213 2.18152
30152 1.6603
20672 1.59459
27253 1.46955
4539 1.41375
26786 1.39009
8356 1.27852
5875 1.25705
35766 1.23408
36313 1.14314
1789 1.13666
13654 1.00912
2885 0.921436
3852 0.839022
39427 0.830421
17312 0.775078
3940 0.707832
17701 0.703548
25045 0.664379
1230 0.642994
22088 0.59478
24137 0.568814
24902 0.554412
37496 0.54475
31947 0.495109
8384 0.477918
35175 0.465909
35317 0.454257
22170 0.424145
22530 0.422042
27799 0.418291
13628 0.408333
40204 0.367936
20704 0.359596
25659 0.357742
12569 0.353889
36400 0.350288
5778 0.348407
3002 0.342627
18520 0.336955
33452 0.336866
30419 0.334524
12377 0.334518
27863 0.312939
9592 0.309259
24624 0.307913
39962 0.305977
9283 0.297845
9280 0.297845
19277 0.295534
20286 0.29
16723 0.273167
26323 0.254451
11804 0.239518
32016 0.233333
6172 0.233333
2781 0.232479
29626 0.222985
1013 0.222985
24041 0.217634
15642 0.217634
2618 0.208916
21703 0.201923
13916 0.200919
6041 0.198925
27190 0.197576
26541 0.196465
15225 0.196465
16806 0.189668
2786 0.176364
16298 0.172576
24891 0.168694
7807 0.168694
9907 0.166667
20928 0.163102
35538 0.156398
31589 0.154053
30385 0.153045
26058 0.153045
21323 0.153045
1003 0.153045
11113 0.151634
35734 0.145556
550 0.145556
432 0.145556
35029 0.144522
30448 0.144522
35086 0.143963
32337 0.142857
26854 0.142857
18160 0.142857
4719 0.142857
37546 0.140867
9994 0.139148
8035 0.1382
25190 0.138112
38182 0.130714
20749 0.125
17381 0.125
25651 0.122712
13507 0.122712
3936 0.119379
33267 0.118499
13669 0.117101
26794 0.112801
25505 0.110541
18512 0.110541
1614 0.110541
3030 0.105974
40342 0.1
27740 0.0989268
18561 0.0989268
39096 0.0952088
18230 0.0952088
11052 0.0952088
8237 0.0930469
20078 0.0925213
8828 0.0925213
36918 0.0909091
33653 0.0909091
32708 0.0909091
24239 0.0909091
23240 0.0909091
20093 0.0909091
14864 0.0909091
12104 0.0909091
32324 0.0833333
31741 0.0833333
30287 0.0833333
29270 0.0833333
27768 0.0833333
23382 0.0833333
16260 0.0833333
8485 0.0833333
4934 0.0833333
3384 0.0833333
3251 0.0833333
21772 0.0769231
12943 0.0769231
6849 0.0769231
37070 0.0729106
35063 0.0729106
24957 0.0729106
6033 0.0729106
2484 0.0729106
34024 0.0714286
11410 0.0714286
32043 0.0666667
22745 0.0666667
13234 0.0666667
3911 0.0666667
2951 0.0666667
29875 0.0625
30897 0.0588235
30793 0.0588235
28094 0.0588235
22405 0.0588235
22368 0.0588235
22083 0.0588235
21302 0.0588235
17068 0.0588235
15665 0.0588235
14734 0.0588235
14223 0.0588235
11488 0.0588235
1109 0.0588235
37815 0.0555556
32620 0.0555556
26546 0.0555556
31675 0.0454545
4548 0.0454545
34123 0.0434783
29946 0.0434783
21348 0.0434783
18531 0.0434783
7498 0.0434783
6820 0.0434783
38535 0.0416667
37839 0.0416667
37711 0.0416667
37374 0.0416667
36528 0.0416667
28009 0.0416667
23748 0.0416667
20207 0.0416667
19032 0.0416667
18912 0.0416667
18329 0.0416667
17633 0.0416667
15014 0.0416667
14138 0.0416667
13670 0.0416667
12525 0.0416667
11925 0.0416667
10100 0.0416667
9717 0.0416667
8688 0.0416667
5824 0.0416667
5293 0.0416667
3339 0.0416667
2069 0.0416667
1462 0.0416667
830 0.0416667
543 0.0416667
80 0.0416667
40842 0.04
29634 0.04
25765 0.04
24596 0.04
11626 0.04
40890 0.0384615
39177 0.0384615
36329 0.0384615
35621 0.0384615
34764 0.0384615
32415 0.0384615
29172 0.0384615
21217 0.0384615
15916 0.0384615
15913 0.0384615
11727 0.0384615
8197 0.0384615
828 0.0384615
71 0.0384615
40597 0.0322581
36540 0.0322581
33017 0.0322581
30012 0.0322581
27486 0.0322581
18835 0.0322581
15669 0.0322581
9239 0.0322581
38907 0.03125
31136 0.03125
30216 0.03125
29125 0.03125
26069 0.03125
22711 0.03125
19253 0.03125
16076 0.03125
5708 0.03125
37750 0.0294118
34911 0.0294118
33545 0.0294118
21566 0.0294118
17267 0.0294118
14672 0.0294118
7592 0.0294118
6361 0.0294118
40861 0.027027
30545 0.027027
18845 0.027027
15029 0.027027
14934 0.027027
6859 0.027027
860 0.027027
33477 0.0263158
32611 0.0263158
27776 0.0263158
22404 0.0263158
21586 0.0263158
12451 0.0263158
11559 0.0263158
33719 0.0227273
25360 0.0227273
22989 0.0227273
14917 0.0227273
9680 0.0227273
9196 0.0227273
6906 0.0227273
3229 0.0227273
1487 0.0227273
39791 0.0222222
38583 0.0222222
37502 0.0222222
37342 0.0222222
33633 0.0222222
31894 0.0222222
27208 0.0222222
24825 0.0222222
24368 0.0222222
23432 0.0222222
18356 0.0222222
11909 0.0222222
11393 0.0222222
7076 0.0222222
39951 0.0212766
37077 0.0212766
32552 0.0212766
30847 0.0212766
28952 0.0212766
23898 0.0212766
23218 0.0212766
21889 0.0212766
21861 0.0212766
18293 0.0212766
16745 0.0212766
14943 0.0212766
14133 0.0212766
9553 0.0212766
8224 0.0212766
7274 0.0212766
6992 0.0212766
4872 0.0212766
3356 0.0212766
2542 0.0212766
934 0.0212766
233 0.0212766
40980 0
40979 0
40978 0
40977 0
40976 0
40975 0
40974 0
40973 0
40972 0
40971 0
40970 0
40969 0
40968 0
40967 0
40966 0
40965 0
40964 0
40963 0
40962 0
40961 0
40960 0
40959 0
40958 0
40957 0
40956 0
40955 0
40954 0
40953 0
40952 0
40951 0
40950 0
40949 0
40948 0
40947 0
40946 0
40945 0
40944 0
40943 0
40942 0
40941 0
40940 0
40939 0
40938 0
40937 0
40936 0
40935 0
40934 0
40933 0
40932 0
40931 0
40930 0
40929 0
40928 0
40927 0
40926 0
40925 0
40924 0
40923 0
40922 0
40921 0
40920 0
40919 0
40918 0
40917 0
40916 0
40915 0
40914 0
40913 0
40912 0
40911 0
40910 0
40909 0
40908 0
40907 0
40906 0
40905 0
40904 0
40903 0
40902 0
40901 0
40900 0
40899 0
40898 0
40897 0
40896 0
40895 0
40894 0
40893 0
40892 0
40891 0
40889 0
40888 0
40887 0
40886 0
40885 0
40884 0
40883 0
40882 0
40881 0
40880 0
40879 0
40878 0
40877 0
40876 0
40875 0
40874 0
40873 0
40872 0
40871 0
40870 0
40869 0
40868 0
40867 0
40866 0
40865 0
40864 0
40863 0
40862 0
40860 0
40859 0
40858 0
40857 0
40856 0
40855 0
40854 0
40853 0
40852 0
40851 0
40850 0
40849 0
40848 0
40847 0
40846 0
40845 0
40844 0
40843 0
40841 0
40840 0
40839 0
40838 0
40837 0
40836 0
40835 0
40834 0
40833 0
40832 0
40831 0
40830 0
40829 0
40828 0
40827 0
40826 0
40825 0
40824 0
40823 0
40822 0
40821 0
40820 0
40819 0
40818 0
40817 0
40816 0
40815 0
40814 0
40813 0
40812 0
40811 0
40810 0
40809 0
40808 0
40807 0
40806 0
40805 0
40804 0
40803 0
40802 0
40801 0
40800 0
40799 0
40798 0
40797 0
40796 0
40795 0
40794 0
40793 0
40792 0
40791 0
40790 0
40789 0
40788 0
40787 0
40786 0
