19236 4.12055
39560 2.42923
23843 2.33923
9694 2.19143
9825 1.75693
36914 1.65679
40683 1.63902
34737 1.5331
22066 1.53013
29401 1.49988
10662 1.332
37743 1.26065
21394 1.19403
32175 1.07238
3265 1.03715
37347 1.02281
20134 0.964882
5504 0.784297
20931 0.648962
8668 0.64346
31114 0.640919
23177 0.6056
945 0.603907
38180 0.603448
18515 0.586786
15020 0.584267
6281 0.563375
9904 0.555226
3601 0.548177
33841 0.533187
15151 0.510118
14398 0.501812
6434 0.48956
13595 0.466944
4695 0.446592
23093 0.423329
15349 0.413714
40041 0.4125
25481 0.410714
25030 0.405986
25240 0.391366
26055 0.390088
10697 0.381545
23419 0.377332
18228 0.377332
23461 0.373026
7178 0.336141
15055 0.333333
37190 0.331688
19515 0.32702
36515 0.31598
28500 0.286957
30411 0.277778
6070 0.277632
18334 0.269297
5569 0.265393
29811 0.255244
19130 0.252505
6787 0.247798
23771 0.245896
18428 0.245731
15363 0.236099
8088 0.234288
33885 0.232959
18582 0.232959
26567 0.232548
19074 0.229168
11501 0.225775
3077 0.2174
7878 0.21721
35022 0.215278
33026 0.210145
9896 0.208333
16859 0.208054
23582 0.2
18089 0.2
16752 0.2
9151 0.2
8672 0.2
3956 0.2
36001 0.196338
17312 0.191776
12823 0.188419
8927 0.187696
813 0.185957
26356 0.173549
17639 0.172951
32658 0.171934
17153 0.164744
11256 0.164744
15897 0.153523
10689 0.151876
13853 0.151269
4626 0.150731
25214 0.146152
37064 0.145397
36725 0.145397
34537 0.145397
25507 0.145397
25202 0.145397
11591 0.145397
10942 0.140899
3709 0.140899
663 0.140899
37819 0.130071
27531 0.130071
17810 0.130071
8783 0.130071
6862 0.130071
27738 0.12941
27198 0.127716
37204 0.125
25895 0.125
16803 0.125
14488 0.125
9171 0.125
4235 0.125
15397 0.124581
13309 0.117088
40658 0.11403
21975 0.112923
35460 0.112401
38535 0.111111
31951 0.111111
25219 0.111111
32833 0.107011
30612 0.107011
34163 0.106644
30153 0.104814
26566 0.104814
25058 0.104814
21590 0.104814
21020 0.104814
17470 0.104814
13732 0.104814
16718 0.104783
1678 0.101545
31969 0.1
23435 0.1
29549 0.098947
37967 0.0958999
18221 0.0958999
36451 0.0953782
36372 0.0953782
35351 0.0953782
9876 0.0953782
32602 0.0902939
18490 0.0896226
40326 0.0857383
36217 0.0857383
27082 0.0857383
17685 0.0857383
15067 0.0857383
797 0.0857383
946 0.0854819
737 0.0854819
36229 0.0833333
32292 0.0833333
26069 0.0833333
27597 0.0826052
6522 0.0826052
19966 0.0814022
39860 0.0785354
31832 0.0785354
23779 0.0769231
20550 0.0769231
36295 0.075603
36262 0.075603
28360 0.075603
2200 0.075603
30278 0.0738728
8547 0.0738728
14053 0.0730621
12835 0.0730621
24678 0.0724948
37710 0.0666477
37267 0.0666477
23192 0.0666477
12280 0.0666477
11315 0.0666477
10663 0.0666477
10111 0.0666477
17902 0.0653409
32817 0.0628019
19816 0.0628019
4061 0.0628019
40882 0.0617861
39627 0.0611026
39085 0.0611026
38969 0.0611026
34438 0.0611026
24457 0.0611026
23120 0.0611026
23110 0.0611026
21776 0.0611026
15869 0.0611026
10234 0.0611026
4412 0.0611026
28789 0.0610941
34312 0.0605235
25885 0.0605235
19145 0.0605235
9615 0.0605235
39228 0.0588235
31664 0.0588235
31227 0.0588235
14082 0.0588235
9491 0.0588235
5818 0.0588235
4780 0.0588235
3053 0.0588235
25906 0.0565827
38841 0.0562777
38479 0.0562777
35518 0.0562777
32289 0.0562777
30914 0.0562777
28395 0.0562777
20721 0.0562777
19214 0.0562777
15356 0.0562777
11899 0.0562777
6034 0.0562777
843 0.0562777
716 0.0562777
31674 0.0555556
19877 0.0555556
19032 0.0555556
18328 0.0555556
16968 0.0555556
4998 0.0555556
2560 0.0555556
29756 0.0540409
30267 0.0526316
19259 0.0526316
4155 0.0526316
20172 0.0454338
18618 0.0454338
5706 0.0454338
9381 0.0452334
26189 0.0436662
23964 0.0436662
5775 0.0436662
4933 0.0436662
896 0.0436662
40318 0.0434783
39472 0.0434783
38979 0.0434783
38746 0.0434783
38245 0.0434783
37441 0.0434783
30793 0.0434783
30781 0.0434783
29602 0.0434783
29376 0.0434783
27799 0.0434783
25566 0.0434783
25136 0.0434783
24754 0.0434783
23370 0.0434783
17926 0.0434783
12569 0.0434783
9572 0.0434783
3920 0.0434783
3645 0.0434783
32313 0.0416667
25599 0.0416667
16817 0.0416667
12915 0.0416667
9312 0.0416667
30860 0.0407664
30283 0.0407664
10059 0.0407664
337 0.0407664
35144 0.038543
4877 0.038543
22809 0.0377739
13576 0.0377739
10677 0.0377739
39732 0.037037
39389 0.037037
36678 0.037037
34150 0.037037
32403 0.037037
23659 0.037037
15118 0.037037
12618 0.037037
11932 0.037037
8595 0.037037
8381 0.037037
5867 0.037037
4891 0.037037
1441 0.037037
40604 0.0357143
40426 0.0357143
40363 0.0357143
37949 0.0357143
30565 0.0357143
28940 0.0357143
25920 0.0357143
18826 0.0357143
18373 0.0357143
4562 0.0357143
4306 0.0357143
40960 0.0346609
39640 0.0346609
36477 0.0346609
36197 0.0346609
34309 0.0346609
31123 0.0346609
18263 0.0346609
17645 0.0346609
17260 0.0346609
16699 0.0346609
14118 0.0346609
6578 0.0346609
4972 0.0346609
4857 0.0346609
2885 0.0346609
33143 0.0329381
27966 0.0329381
21899 0.0329381
36816 0.0325239
35982 0.0325239
29933 0.0325239
29358 0.0325239
19408 0.0325239
19202 0.0325239
15885 0.0325239
39028 0.03125
37838 0.03125
30802 0.03125
25709 0.03125
25330 0.03125
17571 0.03125
6994 0.03125
4297 0.03125
1550 0.03125
38378 0.0312447
40848 0.0277778
22022 0.0277778
21025 0.0277778
20345 0.0277778
11335 0.0277778
5605 0.0277778
33233 0.027027
23928 0.027027
6399 0.027027
1834 0.027027
38819 0.0261412
37335 0.0261412
30717 0.0261412
24875 0.0261412
20563 0.0261412
10819 0.0261412
10177 0.0261412
7577 0.0261412
19428 0.025
322 0.025
28928 0.0227273
19983 0.0227273
13370 0.0227273
9287 0.0227273
1218 0.0227273
40508 0.0222313
34610 0.0222313
30737 0.0222313
29336 0.0222313
24212 0.0222313
23007 0.0222313
19421 0.0222313
18607 0.0222313
17635 0.0222313
16301 0.0222313
15042 0.0222313
14543 0.0222313
14219 0.0222313
13849 0.0222313
11404 0.0222313
11018 0.0222313
10994 0.0222313
10810 0.0222313
10456 0.0222313
10237 0.0222313
8791 0.0222313
6828 0.0222313
5626 0.0222313
2612 0.0222313
32001 0.0181818
31475 0.0181818
15191 0.0181818
12292 0.0181818
9338 0.0181818
4323 0.0181818
3594 0.0181818
39 0.0181818
33874 0.0163934
29620 0.0163934
17541 0.0163934
15720 0.0163934
13896 0.0163934
11521 0.0163934
2111 0.0163934
29077 0.0153846
23439 0.0153846
19555 0.0153846
13654 0.0153846
11080 0.0153846
9272 0.0153846
6520 0.0153846
5937 0.0153846
5232 0.0153846
2267 0.0153846
327 0.0153846
38909 0.0151515
34881 0.0151515
25016 0.0151515
12206 0.0151515
3929 0.0151515
40755 0.0138889
37055 0.0138889
36851 0.0138889
31729 0.0138889
21331 0.0138889
16625 0.0138889
9423 0.0138889
8031 0.0138889
4669 0.0138889
3437 0.0138889
40778 0.012987
39423 0.012987
37974 0.012987
29126 0.012987
23565 0.012987
22983 0.012987
21853 0.012987
17915 0.012987
11679 0.012987
9558 0.012987
7225 0.012987
6239 0.012987
4760 0.012987
1908 0.012987
35799 0.0123457
30183 0.0123457
28307 0.0123457
24882 0.0123457
24840 0.0123457
24171 0.0123457
21654 0.0123457
17439 0.0123457
14796 0.0123457
13018 0.0123457
12863 0.0123457
10688 0.0123457
2649 0.0123457
38065 0.00980392
37462 0.00980392
32138 0.00980392
31683 0.00980392
27238 0.00980392
23003 0.00980392
13125 0.00980392
4618 0.00980392
1799 0.00980392
39296 0.00909091
37498 0.00909091
37257 0.00909091
36531 0.00909091
34435 0.00909091
32990 0.00909091
31871 0.00909091
30163 0.00909091
28650 0.00909091
27097 0.00909091
23775 0.00909091
23195 0.00909091
21920 0.00909091
21283 0.00909091
20705 0.00909091
19030 0.00909091
15466 0.00909091
13276 0.00909091
12983 0.00909091
12840 0.00909091
11482 0.00909091
7093 0.00909091
6603 0.00909091
6203 0.00909091
6110 0.00909091
4528 0.00909091
4472 0.00909091
3300 0.00909091
1073 0.00909091
804 0.00909091
39541 0.00869565
31159 0.00869565
27928 0.00869565
27482 0.00869565
25299 0.00869565
