17687 2.51698
22527 1.74766
21911 1.67982
2094 1.41858
34433 1.4013
27818 1.33514
1394 0.957863
14425 0.928065
10923 0.84158
18513 0.817288
19288 0.73523
27592 0.730556
38897 0.72205
2604 0.692002
9466 0.620734
25337 0.545742
24414 0.521894
4633 0.47691
2840 0.464286
5748 0.446429
35087 0.427727
17067 0.427727
8672 0.421429
27987 0.336818
18328 0.336818
10649 0.336818
37805 0.333333
20432 0.329193
38970 0.318298
31509 0.315488
9561 0.28355
27963 0.261111
6255 0.215389
939 0.213413
15411 0.21121
9665 0.21121
2955 0.21121
4180 0.194393
24812 0.186335
2209 0.174913
28280 0.173542
13851 0.173542
2647 0.173542
27075 0.172161
35216 0.166667
28610 0.166667
9163 0.166667
1667 0.166667
1017 0.166667
40340 0.151836
27438 0.151836
35156 0.142857
27011 0.125707
14322 0.125707
595 0.125707
40035 0.125
2284 0.122843
24295 0.119264
10581 0.119264
33185 0.111111
17715 0.111111
1642 0.111111
29666 0.103484
27123 0.103484
16576 0.103484
13247 0.103484
33135 0.0769231
19128 0.0769231
8256 0.0769231
4534 0.0769231
608 0.0769231
40377 0.0714286
37426 0.0714286
34565 0.0714286
30890 0.0714286
26183 0.0714286
23353 0.0714286
19576 0.0714286
16335 0.0714286
16160 0.0714286
14725 0.0714286
13113 0.0714286
9667 0.0714286
8942 0.0714286
7998 0.0714286
7083 0.0714286
6730 0.0714286
3734 0.0714286
2885 0.0714286
900 0.0714286
882 0.0714286
37935 0.0657554
34167 0.0657554
32879 0.0657554
32556 0.0657554
22036 0.0657554
20023 0.0657554
11597 0.0657554
10947 0.0657554
5358 0.0657554
35186 0.0588235
25998 0.0588235
18798 0.0588235
743 0.0588235
32762 0.0555556
29722 0.05
7750 0.05
40725 0.0454545
36656 0.0454545
36057 0.0454545
35339 0.0454545
34553 0.0454545
40970 0.0434783
40883 0.0434783
35129 0.0434783
17202 0.0434783
14378 0.0434783
14062 0.0384615
2703 0.0384615
34311 0.0238095
33507 0.0238095
23631 0.0238095
21081 0.0238095
19190 0.0238095
15840 0.0238095
15400 0.0238095
8435 0.0238095
7395 0.0238095
6679 0.0238095
40961 0.00348432
40839 0.00348432
40342 0.00348432
40165 0.00348432
39967 0.00348432
39497 0.00348432
39473 0.00348432
39309 0.00348432
39183 0.00348432
39177 0.00348432
38754 0.00348432
38734 0.00348432
38683 0.00348432
38659 0.00348432
38535 0.00348432
38436 0.00348432
38344 0.00348432
38155 0.00348432
38146 0.00348432
37991 0.00348432
37863 0.00348432
37513 0.00348432
37039 0.00348432
36827 0.00348432
36400 0.00348432
36313 0.00348432
36300 0.00348432
36025 0.00348432
35842 0.00348432
35766 0.00348432
35742 0.00348432
35538 0.00348432
35535 0.00348432
35500 0.00348432
35274 0.00348432
35118 0.00348432
35112 0.00348432
35086 0.00348432
34923 0.00348432
34914 0.00348432
34897 0.00348432
34819 0.00348432
34776 0.00348432
34561 0.00348432
34385 0.00348432
34363 0.00348432
33770 0.00348432
33765 0.00348432
33699 0.00348432
33610 0.00348432
32886 0.00348432
32864 0.00348432
32215 0.00348432
32074 0.00348432
31947 0.00348432
31660 0.00348432
31390 0.00348432
31260 0.00348432
31048 0.00348432
31028 0.00348432
30344 0.00348432
30209 0.00348432
30053 0.00348432
30025 0.00348432
29634 0.00348432
29626 0.00348432
29455 0.00348432
29377 0.00348432
29350 0.00348432
29302 0.00348432
29237 0.00348432
29234 0.00348432
28044 0.00348432
27799 0.00348432
27344 0.00348432
26961 0.00348432
26950 0.00348432
26915 0.00348432
26794 0.00348432
26493 0.00348432
26246 0.00348432
26171 0.00348432
26095 0.00348432
26058 0.00348432
25831 0.00348432
25673 0.00348432
25666 0.00348432
25662 0.00348432
24947 0.00348432
24897 0.00348432
24790 0.00348432
24326 0.00348432
24137 0.00348432
24063 0.00348432
23843 0.00348432
23750 0.00348432
23642 0.00348432
23497 0.00348432
23370 0.00348432
23144 0.00348432
23137 0.00348432
23050 0.00348432
23041 0.00348432
22914 0.00348432
22725 0.00348432
22614 0.00348432
22582 0.00348432
22163 0.00348432
22099 0.00348432
22079 0.00348432
21782 0.00348432
21700 0.00348432
21516 0.00348432
21434 0.00348432
21323 0.00348432
20987 0.00348432
20865 0.00348432
20799 0.00348432
20461 0.00348432
20273 0.00348432
20152 0.00348432
20071 0.00348432
19794 0.00348432
19695 0.00348432
19647 0.00348432
19580 0.00348432
19311 0.00348432
19198 0.00348432
19079 0.00348432
19029 0.00348432
18796 0.00348432
18609 0.00348432
18558 0.00348432
18361 0.00348432
17748 0.00348432
17731 0.00348432
17440 0.00348432
17377 0.00348432
17344 0.00348432
17312 0.00348432
17301 0.00348432
16806 0.00348432
16501 0.00348432
16458 0.00348432
16320 0.00348432
16008 0.00348432
15818 0.00348432
15764 0.00348432
15670 0.00348432
15582 0.00348432
15467 0.00348432
15012 0.00348432
14943 0.00348432
14935 0.00348432
14895 0.00348432
14547 0.00348432
14138 0.00348432
14021 0.00348432
14006 0.00348432
13957 0.00348432
13916 0.00348432
13832 0.00348432
13744 0.00348432
13654 0.00348432
13325 0.00348432
13234 0.00348432
13093 0.00348432
12922 0.00348432
12866 0.00348432
12722 0.00348432
12681 0.00348432
12306 0.00348432
11669 0.00348432
11603 0.00348432
11351 0.00348432
11217 0.00348432
11146 0.00348432
10799 0.00348432
10706 0.00348432
10578 0.00348432
10529 0.00348432
10501 0.00348432
10049 0.00348432
9836 0.00348432
9497 0.00348432
9462 0.00348432
9455 0.00348432
9329 0.00348432
9244 0.00348432
9196 0.00348432
9154 0.00348432
9107 0.00348432
9026 0.00348432
8743 0.00348432
8666 0.00348432
8592 0.00348432
8197 0.00348432
7854 0.00348432
7763 0.00348432
7646 0.00348432
7620 0.00348432
7609 0.00348432
7439 0.00348432
7218 0.00348432
6807 0.00348432
6707 0.00348432
6447 0.00348432
6407 0.00348432
6298 0.00348432
6140 0.00348432
5992 0.00348432
5875 0.00348432
5641 0.00348432
5627 0.00348432
5439 0.00348432
5209 0.00348432
5005 0.00348432
4998 0.00348432
4976 0.00348432
4670 0.00348432
4583 0.00348432
4214 0.00348432
4058 0.00348432
3925 0.00348432
3811 0.00348432
3535 0.00348432
3439 0.00348432
3162 0.00348432
3068 0.00348432
2786 0.00348432
2725 0.00348432
2624 0.00348432
2621 0.00348432
2208 0.00348432
1699 0.00348432
1512 0.00348432
1508 0.00348432
1142 0.00348432
905 0.00348432
885 0.00348432
828 0.00348432
602 0.00348432
432 0.00348432
416 0.00348432
177 0.00348432
80 0.00348432
36 0.00348432
40980 0
40979 0
40978 0
40977 0
40976 0
40975 0
40974 0
40973 0
40972 0
40971 0
40969 0
40968 0
40967 0
40966 0
40965 0
40964 0
40963 0
40962 0
40960 0
40959 0
40958 0
40957 0
40956 0
40955 0
40954 0
40953 0
40952 0
40951 0
40950 0
40949 0
40948 0
40947 0
40946 0
40945 0
40944 0
40943 0
40942 0
40941 0
40940 0
40939 0
40938 0
40937 0
40936 0
40935 0
40934 0
40933 0
40932 0
40931 0
40930 0
40929 0
40928 0
40927 0
40926 0
40925 0
40924 0
40923 0
40922 0
40921 0
40920 0
40919 0
40918 0
40917 0
40916 0
40915 0
40914 0
40913 0
40912 0
40911 0
40910 0
40909 0
40908 0
40907 0
40906 0
40905 0
40904 0
40903 0
40902 0
40901 0
40900 0
40899 0
40898 0
40897 0
40896 0
40895 0
40894 0
40893 0
40892 0
40891 0
40890 0
40889 0
40888 0
40887 0
40886 0
40885 0
40884 0
40882 0
40881 0
40880 0
40879 0
40878 0
40877 0
40876 0
40875 0
40874 0
40873 0
40872 0
40871 0
40870 0
40869 0
40868 0
40867 0
40866 0
40865 0
40864 0
40863 0
40862 0
40861 0
40860 0
40859 0
40858 0
40857 0
40856 0
40855 0
40854 0
