19032 15.7123
28345 4.19602
2560 3.59614
10923 2.63333
543 1.92611
8943 1.74606
16789 1.56526
22656 1.56239
19013 1.43333
30916 1.42502
685 1.41069
32885 1.40758
7250 1.15726
34340 1.14121
28997 1.08604
16968 1.07742
39586 1.07064
22979 1.04592
18930 1.04061
12747 1.01504
15830 0.917857
23368 0.894487
22613 0.813836
13043 0.787619
27239 0.765938
23696 0.712222
31301 0.694444
36828 0.682241
35755 0.671429
17696 0.657393
22594 0.65
20541 0.634914
11580 0.618193
31952 0.611111
9892 0.583333
24002 0.572326
38906 0.507999
5869 0.501542
925 0.500957
1466 0.5
14886 0.497619
38391 0.493255
20478 0.486941
66 0.454615
29793 0.448512
25780 0.436798
22935 0.434459
25668 0.426666
32209 0.417151
31880 0.417151
20410 0.417151
17949 0.401923
15498 0.388535
32055 0.38254
39867 0.380909
37613 0.376923
15262 0.361575
19678 0.345451
17522 0.34478
17720 0.34359
40136 0.342544
499 0.342142
6563 0.333333
24164 0.333333
23977 0.333333
15692 0.333333
13106 0.333333
9664 0.333333
1346 0.333333
25290 0.327778
20808 0.326623
23603 0.31072
15231 0.308824
30567 0.304017
8676 0.298186
9864 0.29314
7539 0.292157
38575 0.286147
26650 0.28253
22148 0.28253
25245 0.280569
27167 0.273576
33456 0.269188
15159 0.263562
19800 0.263265
9337 0.260714
3983 0.255495
22137 0.25131
40032 0.25
14190 0.25
12944 0.25
11385 0.25
7708 0.25
7777 0.240873
15898 0.227338
16716 0.221324
33025 0.221261
35307 0.210317
25678 0.209669
19262 0.209669
30038 0.209211
33387 0.203974
28248 0.203974
37924 0.2
31806 0.2
26407 0.2
24825 0.2
10984 0.2
10761 0.2
10725 0.2
5748 0.2
4590 0.2
24933 0.196429
14262 0.195322
6380 0.190115
32344 0.1867
20936 0.1867
31759 0.179304
34000 0.175714
8465 0.174603
38987 0.166667
38508 0.166667
36899 0.166667
27410 0.166667
22445 0.166667
11280 0.166667
9254 0.166667
4714 0.166667
4021 0.166667
241 0.166667
40628 0.165591
4619 0.163998
32888 0.163162
1026 0.163162
31399 0.162458
22681 0.162458
8672 0.145556
36189 0.144358
33857 0.142857
27822 0.142857
17796 0.142857
17324 0.142857
16017 0.142857
14690 0.142857
14544 0.142857
8186 0.142857
7787 0.142857
20845 0.14209
20347 0.14209
5087 0.140027
29599 0.125
29201 0.125
29072 0.125
26599 0.125
24644 0.125
39821 0.111111
36492 0.111111
34361 0.111111
33369 0.111111
14035 0.111111
12630 0.111111
10510 0.111111
8152 0.111111
5185 0.111111
7257 0.110829
40967 0.110411
20351 0.110411
3867 0.110411
15918 0.107803
25288 0.104322
22476 0.104322
627 0.104322
36214 0.1
26475 0.1
5648 0.1
2580 0.1
32283 0.0909091
27307 0.0909091
10378 0.0909091
38336 0.0865079
25776 0.0865079
11173 0.0865079
6566 0.0865079
3403 0.0865079
39277 0.0833333
37888 0.0833333
35445 0.0833333
35440 0.0833333
34176 0.0833333
26069 0.0833333
19589 0.0833333
14025 0.0833333
11283 0.0833333
8027 0.0833333
886 0.0833333
40636 0.0769231
35511 0.0769231
31673 0.0769231
29075 0.0769231
27151 0.0769231
20243 0.0769231
6806 0.0769231
5401 0.0769231
4244 0.0769231
4145 0.0769231
3766 0.0769231
1365 0.0769231
432 0.0769231
22976 0.0733482
36180 0.0722741
34840 0.0722741
29580 0.0722741
16070 0.0722741
32229 0.0714286
17312 0.0714286
10950 0.0714286
18984 0.0704552
18364 0.0704552
16438 0.0704552
25745 0.0678996
39171 0.0666667
29275 0.0666667
21946 0.0666667
18878 0.0666667
17970 0.0666667
13874 0.0666667
10556 0.0666667
7728 0.0666667
7236 0.0666667
5040 0.0666667
2838 0.0666667
31179 0.0625
1436 0.0625
31059 0.0601742
25181 0.0601742
20090 0.0601742
7658 0.0601742
34800 0.0588235
29943 0.0588235
22247 0.0588235
18881 0.0588235
15535 0.0588235
2959 0.0588235
40806 0.0560196
35676 0.0560196
33286 0.0560196
23228 0.0560196
20686 0.0560196
13252 0.0560196
37488 0.0555556
33823 0.0555556
33665 0.0555556
31801 0.0555556
29598 0.0555556
19979 0.0555556
18257 0.0555556
18206 0.0555556
17211 0.0555556
15693 0.0555556
11712 0.0555556
33895 0.0526316
30492 0.0526316
40429 0.047619
35484 0.047619
29143 0.047619
28519 0.047619
28293 0.047619
26734 0.047619
26116 0.047619
19513 0.047619
17368 0.047619
11868 0.047619
6757 0.047619
6071 0.047619
4563 0.047619
2973 0.047619
746 0.047619
19164 0.0454545
13689 0.0454545
39916 0.04
18328 0.04
32646 0.0357143
9767 0.0357143
8433 0.0357143
7387 0.0357143
2370 0.0357143
31498 0.0344828
31428 0.0344828
22149 0.0344828
17225 0.0344828
15494 0.0344828
3673 0.0344828
13042 0.0322581
32600 0.0285714
29570 0.0285714
27658 0.0285714
27506 0.0285714
27226 0.0285714
22709 0.0285714
22627 0.0285714
12701 0.0285714
9798 0.0285714
6315 0.0285714
4770 0.0285714
786 0.0285714
36388 0.0222222
35147 0.0222222
30797 0.0222222
23706 0.0222222
19430 0.0222222
17076 0.0222222
15258 0.0222222
13809 0.0222222
7858 0.0222222
5318 0.0222222
5174 0.0222222
39504 0.0204082
32912 0.0204082
29519 0.0204082
27923 0.0204082
26755 0.0204082
25909 0.0204082
23090 0.0204082
22014 0.0204082
18137 0.0204082
16261 0.0204082
12992 0.0204082
11941 0.0204082
7507 0.0204082
6583 0.0204082
40533 0.0196078
40413 0.0196078
38125 0.0196078
30128 0.0196078
27820 0.0196078
10447 0.0196078
2475 0.0196078
40215 0.0188679
38322 0.0188679
29369 0.0188679
23640 0.0188679
6358 0.0188679
37765 0.0175439
31407 0.0175439
28835 0.0175439
28213 0.0175439
15656 0.0175439
8407 0.0175439
5809 0.0175439
4113 0.0175439
1002 0.0175439
39932 0.015873
39706 0.015873
38231 0.015873
36929 0.015873
36585 0.015873
34448 0.015873
28934 0.015873
28031 0.015873
26875 0.015873
24740 0.015873
21164 0.015873
17790 0.015873
16094 0.015873
15046 0.015873
14343 0.015873
12757 0.015873
8269 0.015873
5784 0.015873
4480 0.015873
1594 0.015873
446 0.015873
40980 0
40979 0
40978 0
40977 0
40976 0
40975 0
40974 0
40973 0
40972 0
40971 0
40970 0
40969 0
40968 0
40966 0
40965 0
40964 0
40963 0
40962 0
40961 0
40960 0
40959 0
40958 0
40957 0
40956 0
40955 0
40954 0
40953 0
40952 0
40951 0
40950 0
40949 0
40948 0
40947 0
40946 0
40945 0
40944 0
40943 0
40942 0
40941 0
40940 0
40939 0
40938 0
40937 0
40936 0
40935 0
40934 0
40933 0
40932 0
40931 0
40930 0
40929 0
40928 0
40927 0
40926 0
40925 0
40924 0
40923 0
40922 0
40921 0
40920 0
40919 0
40918 0
40917 0
40916 0
40915 0
40914 0
40913 0
40912 0
40911 0
40910 0
40909 0
40908 0
40907 0
40906 0
40905 0
40904 0
40903 0
40902 0
40901 0
40900 0
40899 0
40898 0
40897 0
40896 0
40895 0
40894 0
40893 0
40892 0
40891 0
40890 0
40889 0
40888 0
40887 0
40886 0
40885 0
40884 0
40883 0
40882 0
40881 0
40880 0
40879 0
40878 0
40877 0
40876 0
40875 0
40874 0
40873 0
40872 0
40871 0
40870 0
40869 0
40868 0
40867 0
40866 0
40865 0
40864 0
40863 0
40862 0
40861 0
40860 0
40859 0
40858 0
40857 0
40856 0
40855 0
40854 0
40853 0
40852 0
