27799 97.6447
2885 43.5315
13654 37.468
17312 33.0282
36313 32.802
26476 31.8551
35766 29.0263
14138 28.5353
16076 26.9501
35317 17.493
3852 16.0721
37496 15.8509
12569 14.8131
3002 11.2207
18520 11.1313
36400 10.853
9994 10.5828
30793 10.5151
16806 10.1356
24239 9.80962
30897 9.40123
38864 9.32697
13916 9.20223
12451 8.82585
6041 8.69309
32620 8.61929
22530 8.45724
27926 8.21932
29875 8.20559
24591 8.11915
22711 8.11478
39962 7.65316
26786 7.61446
6592 7.3268
14672 7.14859
5778 7.12623
16504 7.0925
30419 6.74784
24678 6.50873
37027 6.42783
14943 5.64867
37342 5.4692
18328 5.3458
36540 5.27532
34123 5.22372
33452 5.06983
35063 4.99241
35734 4.90651
13507 4.86195
13337 4.82583
37815 4.79637
26181 4.78931
12525 4.78202
23843 4.77953
6319 4.744
21801 4.36659
19967 4.30333
19277 4.21333
23886 4.18681
15276 4.17539
12766 4.12963
8412 4.1148
16745 4.0551
11488 3.9287
10210 3.84
35825 3.79268
40525 3.79187
15562 3.72299
23446 3.70197
32536 3.53489
21323 3.50914
32611 3.41144
22184 3.40446
34116 3.37975
4551 3.36863
15416 3.33599
15665 3.33486
2484 3.32029
19712 3.31614
22368 3.30907
14858 3.28609
39177 3.26263
24902 3.24808
31140 3.21224
11331 3.1748
25360 3.10939
18844 3.09776
4872 3.09028
2951 3.08816
3068 3.06406
27190 3.04049
3535 3.0392
2877 3.02125
37882 3.00774
38856 2.93176
36952 2.9239
28855 2.91194
35346 2.89561
556 2.87153
11789 2.84696
39791 2.81245
22405 2.80946
33175 2.78836
6298 2.77647
16298 2.7731
25659 2.76954
8035 2.76343
18161 2.74335
30425 2.71147
21978 2.64857
23696 2.63651
4761 2.61574
25765 2.60506
17033 2.56922
9196 2.52581
3018 2.51401
5824 2.50811
24972 2.4897
22404 2.48621
28756 2.44191
37374 2.44047
306 2.43989
38956 2.43196
33477 2.3639
1965 2.35695
2869 2.35298
37502 2.3233
1410 2.24245
38952 2.21665
15669 2.21114
17786 2.19841
28094 2.18911
21703 2.18677
11559 2.17543
24041 2.13452
27208 2.09819
11052 2.09175
20928 2.08342
32688 2.06327
35203 2.0056
830 2.00384
350 1.99912
4539 1.98888
38583 1.98266
34911 1.96479
31301 1.95281
9197 1.95062
3541 1.94485
5103 1.93849
432 1.93813
7145 1.92613
5875 1.91896
23898 1.90904
30676 1.90684
31537 1.90392
26448 1.9017
3877 1.89929
29140 1.88299
14534 1.87578
8828 1.87576
1760 1.87232
34768 1.85239
4112 1.82069
2781 1.80649
20093 1.79473
1610 1.77886
40375 1.75921
3940 1.74582
19580 1.7429
11909 1.72773
1109 1.72333
15225 1.70903
6336 1.70281
19517 1.69223
10923 1.68032
19032 1.67903
8672 1.67663
10 1.66634
8224 1.65343
35211 1.64741
37566 1.64673
37924 1.63849
14934 1.62083
28110 1.6172
39172 1.60463
697 1.60353
16390 1.59691
13669 1.5834
39947 1.5696
31352 1.53834
36673 1.49747
30209 1.48536
30186 1.47764
40204 1.47572
15493 1.46891
33633 1.46598
6140 1.46281
11804 1.46135
24825 1.45
8850 1.42905
16787 1.42466
28901 1.4151
9616 1.40767
16097 1.39721
21201 1.39377
32885 1.39238
34034 1.39002
8342 1.38924
21186 1.38015
5719 1.37398
9180 1.36663
11626 1.34822
19191 1.34618
33267 1.34503
8197 1.3442
15576 1.34141
14894 1.32275
29902 1.31888
7536 1.31814
18561 1.31181
25614 1.30673
9736 1.30459
17943 1.29762
20569 1.29077
36273 1.27739
26069 1.26452
38608 1.25234
19952 1.2464
39245 1.24602
27989 1.24433
36528 1.23867
12104 1.2369
18866 1.23571
30379 1.23249
5519 1.22692
19253 1.22326
15873 1.22296
6067 1.22288
24596 1.19826
10654 1.18864
38078 1.18326
40788 1.164
13661 1.16344
6859 1.1521
30417 1.13223
17393 1.12935
26323 1.12261
25045 1.12215
27349 1.10823
6906 1.10548
37546 1.10354
23206 1.09855
1 1.09854
38519 1.09774
31947 1.09409
27863 1.08749
34770 1.0845
33028 1.07606
35178 1.06534
30136 1.06042
17137 1.05878
9484 1.05378
29640 1.0523
2899 1.04991
12522 1.04924
30847 1.03176
19774 1.02674
12449 1.02476
406 1.02348
20177 1.01783
11080 1.01127
35974 1.00948
34378 1.00719
23585 1.00289
22313 1.0027
26429 0.999107
23286 0.99679
4189 0.995599
4479 0.994675
34385 0.992788
25076 0.990754
31763 0.988633
4410 0.987549
3936 0.986957
2786 0.97489
6830 0.968588
29923 0.963807
1966 0.959928
5085 0.958863
33256 0.953198
36918 0.950637
15434 0.947274
27277 0.944128
6992 0.93923
15476 0.937772
90 0.934747
9283 0.927764
37719 0.922565
38262 0.909608
34561 0.90903
29634 0.90745
26541 0.906859
550 0.904062
414 0.896951
4548 0.893395
23439 0.890457
20167 0.889512
2542 0.886213
38468 0.883766
40342 0.879338
33377 0.874027
38049 0.866667
37233 0.865361
27840 0.859084
8027 0.850106
2393 0.849412
5240 0.840913
3140 0.836656
29787 0.836004
22170 0.833105
110 0.832627
24957 0.831987
170 0.829259
7921 0.82879
35978 0.823885
6068 0.819863
29143 0.816268
10581 0.815657
39777 0.811544
7132 0.809524
3105 0.808879
17583 0.802475
26137 0.800476
4058 0.793909
6654 0.788879
34489 0.784885
34030 0.78373
25968 0.783333
1923 0.77595
10536 0.774139
14840 0.77381
30439 0.765214
26546 0.760714
7807 0.758216
22594 0.757576
21217 0.757025
29946 0.752165
23218 0.751166
3124 0.747814
18138 0.742984
6166 0.742656
18835 0.741149
1963 0.739907
1975 0.737326
9553 0.734128
11810 0.728075
17708 0.727143
28177 0.724854
27033 0.723954
17381 0.720986
30234 0.718926
32930 0.717226
33653 0.710211
4023 0.702927
4524 0.701122
14585 0.700282
22088 0.69823
3887 0.697955
24400 0.693897
28655 0.690566
233 0.687908
39671 0.686971
29768 0.685949
23724 0.683333
20704 0.682658
26794 0.681984
16603 0.681009
11113 0.679321
26832 0.679153
32544 0.678998
36239 0.673519
40830 0.665142
28952 0.662846
2168 0.661136
31564 0.660723
29851 0.660511
34043 0.657176
987 0.65625
26589 0.655599
23834 0.65285
11768 0.650876
27663 0.649946
34 0.648611
11718 0.646678
26854 0.642478
23468 0.641997
31343 0.641537
4796 0.641039
19593 0.636237
1659 0.635607
40165 0.633482
33046 0.633201
35185 0.629369
26084 0.629369
32043 0.628389
31582 0.626331
5214 0.625
17105 0.622067
4852 0.62037
938 0.617676
9823 0.617134
19527 0.616667
1918 0.615832
3799 0.614196
3821 0.612637
29030 0.61147
19901 0.611111
2027 0.609807
21348 0.608069
24764 0.607556
17074 0.605952
38118 0.605862
35813 0.602735
885 0.601812
6361 0.60032
33052 0.600176
10713 0.593253
2638 0.592157
13234 0.589185
18531 0.587879
21889 0.581889
24505 0.579254
30929 0.577108
27166 0.576672
37426 0.569562
13178 0.567443
12541 0.566468
6033 0.566412
24685 0.562845
14546 0.561723
39183 0.561049
33545 0.556212
11101 0.556162
16395 0.550944
23032 0.545214
3356 0.54422
32016 0.543972
6924 0.543162
34066 0.543023
21259 0.54
3753 0.533802
12695 0.533333
14589 0.53254
21861 0.530697
21343 0.530685
23370 0.530381
14600 0.528571
360 0.527946
17921 0.527139
5821 0.526681
13686 0.524242
1355 0.5181
427 0.517387
36796 0.516667
10575 0.516389
12935 0.516095
17142 0.515401
19606 0.514624
32327 0.514011
24923 0.513586
12377 0.512177
31090 0.509199
25016 0.505556
4028 0.504762
9743 0.503409
28617 0.500046
25777 0.5
39155 0.498523
16723 0.496929
11857 0.495153
36615 0.494937
7412 0.492946
35904 0.492157
11725 0.489317
36517 0.48927
27168 0.486778
2263 0.484538
15012 0.479859
1830 0.479303
2863 0.47702
30979 0.476923
35175 0.474717
40883 0.472222
16962 0.471429
40389 0.470833
18435 0.470804
34507 0.470416
34737 0.464286
32552 0.459538
21830 0.459535
