22811 46.154
21341 34.8145
6185 34.743
3239 25.9608
38354 23.0916
22788 16.3089
36888 15.6394
37928 14.1618
4838 12.1045
31559 12.0607
23678 11.8881
34084 9.99809
704 9.72126
9576 9.54854
9167 9.50636
15309 9.18043
8164 8.68538
8360 8.43752
1798 8.37546
6207 8.19452
12332 7.63811
33132 7.37896
25995 7.16232
1972 6.6584
19984 6.45253
2967 6.40058
21033 6.0991
39696 5.63337
5068 5.3856
4783 5.31869
12450 5.27503
8895 5.14091
15041 5.10682
11091 5.04901
19032 4.70318
14093 4.50587
19735 4.48622
13423 4.4475
19103 4.41763
15368 4.33439
9869 4.16503
19355 4.05814
32626 3.89059
19273 3.75496
928 3.75201
2089 3.66567
16562 3.65524
36504 3.58862
14450 3.54777
4855 3.45693
5023 3.3853
2075 3.22656
24220 3.20253
9318 3.16552
16455 3.09665
31155 3.01161
9021 2.99305
25905 2.84988
5506 2.79182
38299 2.69432
23083 2.69259
39886 2.62682
27855 2.58063
22398 2.50915
17760 2.49762
926 2.49626
40671 2.49591
39284 2.48416
7444 2.4793
16837 2.46947
15360 2.46549
2997 2.45926
13150 2.36667
495 2.35798
10415 2.35567
11703 2.32117
37916 2.28952
26247 2.2862
2389 2.17283
3456 2.12605
1146 2.12184
18355 2.11975
35991 2.11238
6444 2.10916
437 2.06646
40812 2.05707
35477 2.05607
24166 2.05476
8789 2.01273
31647 2.00996
7110 2.00282
6456 1.92342
9814 1.92146
566 1.90247
13134 1.84802
22501 1.8254
14990 1.80592
22433 1.80551
18745 1.80327
18482 1.79254
26129 1.79096
29127 1.78229
32733 1.77565
34343 1.77074
18504 1.7706
32312 1.75545
3694 1.72852
31209 1.62454
38331 1.62255
27701 1.61972
6078 1.60714
34689 1.60395
32581 1.57625
29394 1.56337
10097 1.54874
26632 1.5469
10509 1.53674
38866 1.53452
18328 1.51819
9729 1.48978
9441 1.46303
23696 1.46105
27882 1.45836
27507 1.45
4795 1.44015
20246 1.41874
29738 1.41073
16929 1.40222
17418 1.36652
14536 1.33453
5925 1.33092
27559 1.32901
16876 1.31909
36169 1.29324
10231 1.25431
6405 1.24215
34737 1.24167
16201 1.22692
30503 1.16867
31052 1.16204
35619 1.161
9352 1.15694
17017 1.11364
39798 1.10823
25127 1.09523
40837 1.0651
19259 1.0623
21655 1.05718
7123 1.04982
18202 1.04058
24827 1.01458
11875 1.01283
8453 0.998413
26820 0.996795
39758 0.993056
6028 0.98869
17022 0.986469
23680 0.971429
28162 0.960264
35266 0.950964
36530 0.936819
13582 0.927417
13278 0.921066
25964 0.908627
8672 0.891506
1766 0.890082
34354 0.871178
16888 0.869051
35431 0.867157
25975 0.864717
20291 0.862564
35465 0.858512
28561 0.854978
18346 0.854762
35986 0.854153
17559 0.847804
36921 0.846662
3506 0.833333
23889 0.829964
4231 0.829919
2970 0.829412
5913 0.827254
34768 0.819253
9705 0.816792
6098 0.816792
10671 0.800654
17242 0.791867
7345 0.774733
25963 0.758882
17504 0.747187
30899 0.746062
34088 0.745966
24942 0.743249
30145 0.742102
35867 0.726568
10711 0.718902
10891 0.705561
942 0.702717
13438 0.70119
12125 0.695971
28182 0.67619
33636 0.674413
24413 0.673412
10031 0.671492
25216 0.665873
23499 0.658333
24426 0.650433
18638 0.65
22366 0.63904
7372 0.638889
22262 0.634499
16627 0.624825
19711 0.618223
9707 0.614438
3862 0.610256
22330 0.606705
26839 0.60519
35443 0.60142
15026 0.590909
31008 0.583502
15668 0.582136
10705 0.580944
31373 0.575223
9575 0.575
5662 0.574499
35800 0.571465
35470 0.5625
9877 0.562323
33645 0.561111
23843 0.557013
37431 0.539652
3392 0.538979
32885 0.534343
15640 0.527778
22594 0.524198
21095 0.521035
11246 0.51115
21360 0.509524
13010 0.502632
20225 0.501068
14237 0.495321
38501 0.491667
39655 0.457576
5341 0.454946
23908 0.453968
2560 0.45
23791 0.45
26872 0.448664
6465 0.448413
14497 0.438095
24471 0.436619
7705 0.436111
7590 0.433333
38718 0.429739
14075 0.425
4506 0.420635
15725 0.413642
6299 0.407594
10480 0.403078
146 0.402778
27981 0.40202
2269 0.396465
5146 0.39302
8656 0.392857
36155 0.392209
6084 0.390202
13167 0.386406
25439 0.384174
27625 0.381702
3926 0.378571
13181 0.37734
22535 0.375
14480 0.372024
2684 0.367857
26542 0.36725
14785 0.363033
24948 0.362745
39810 0.358458
21063 0.353968
12064 0.351951
30916 0.35
26951 0.34939
22818 0.349263
2978 0.344298
6262 0.344007
10523 0.337121
5206 0.336236
172 0.335747
11776 0.333333
38652 0.333333
38138 0.333333
29215 0.333333
28717 0.333333
27109 0.333333
11966 0.333333
3113 0.333333
740 0.333333
32064 0.330956
20018 0.327778
22169 0.324972
4088 0.324242
25715 0.321475
29344 0.31409
23159 0.311111
35246 0.309524
2771 0.309524
24446 0.306349
11272 0.305195
20806 0.302632
21745 0.300914
14369 0.299242
4755 0.297576
22748 0.294862
27111 0.294754
11007 0.294754
34746 0.294444
6180 0.292929
14728 0.29243
37564 0.284295
7831 0.28338
33957 0.283333
24508 0.282867
35764 0.28228
13350 0.281746
3897 0.278523
32338 0.274733
9114 0.27439
7934 0.274357
30498 0.268511
29905 0.267031
6737 0.264181
21518 0.2625
5290 0.260684
22805 0.25974
19226 0.254263
39070 0.25
31231 0.25
30147 0.25
28308 0.25
20260 0.25
19938 0.25
18493 0.25
15527 0.25
11541 0.25
8361 0.25
6745 0.25
5468 0.25
1264 0.25
19760 0.245671
13413 0.245671
36633 0.243687
11518 0.243687
27402 0.242075
34758 0.236406
26919 0.233824
5133 0.231016
4391 0.229663
5670 0.229555
24190 0.226021
18224 0.219505
29216 0.215591
14012 0.213636
23666 0.21267
31775 0.211722
7333 0.211279
16351 0.207955
3033 0.207642
26416 0.200962
39555 0.2
35329 0.2
31909 0.2
29767 0.2
28212 0.2
26264 0.2
25212 0.2
12513 0.2
10647 0.2
8704 0.2
2444 0.2
10960 0.197937
23995 0.186806
20804 0.183622
17009 0.18125
34331 0.180627
16742 0.176173
22992 0.175132
2382 0.173574
28263 0.172727
39450 0.171492
3582 0.168411
323 0.168352
39794 0.166667
36734 0.166667
33701 0.166667
32719 0.166667
28200 0.166667
26113 0.166667
26079 0.166667
25200 0.166667
23903 0.166667
20766 0.166667
18255 0.166667
14513 0.166667
9665 0.166667
8486 0.166667
3096 0.166667
1017 0.166667
33148 0.163729
28400 0.162378
26904 0.157115
16435 0.154363
38822 0.151894
4400 0.151789
21363 0.147798
31656 0.143704
34366 0.142857
31016 0.142857
29608 0.142857
28348 0.142857
28190 0.142857
27049 0.142857
22859 0.142857
21045 0.142857
20167 0.142857
17951 0.142857
13603 0.142857
13253 0.142857
13000 0.142857
10174 0.142857
7797 0.142857
7146 0.142857
6303 0.142857
5713 0.142857
3014 0.142857
676 0.142857
31 0.142857
24072 0.140212
18566 0.136548
24169 0.136236
15866 0.136078
7058 0.13454
38871 0.131589
27447 0.130316
34434 0.127031
1985 0.125178
37253 0.125
37129 0.125
35746 0.125
28345 0.125
27070 0.125
24002 0.125
18930 0.125
16098 0.125
14972 0.125
14229 0.125
11428 0.125
8790 0.125
19634 0.124266
17449 0.124266
4485 0.122004
27259 0.121795
12947 0.121612
30529 0.116206
6988 0.115848
3893 0.115848
1812 0.115848
32724 0.113868
31361 0.111111
31329 0.111111
23901 0.111111
11289 0.111111
6550 0.111111
29585 0.110471
32700 0.109153
14659 0.108873
25357 0.10721
36699 0.106449
13013 0.106449
39117 0.102145
38706 0.102145
37638 0.102145
36376 0.102145
34748 0.102145
28398 0.102145
25456 0.102145
18717 0.102145
9079 0.102145
589 0.102145
27861 0.101274
38906 0.1
38894 0.1
25052 0.1
17252 0.1
16789 0.1
15601 0.1
15328 0.1
13918 0.1
10820 0.1
5897 0.1
435 0.1
