27799 6.00441
4544 5.01831
3541 2.78311
13654 1.77466
35346 1.57025
14943 1.39826
21785 1.29906
2885 1.18284
13916 1.05235
8672 1.05157
18138 0.928571
14138 0.864562
7852 0.843108
10210 0.833333
36313 0.819291
3936 0.811925
17312 0.745887
18208 0.720197
9957 0.666667
26476 0.658344
20704 0.642042
24239 0.602679
22530 0.600913
38608 0.584444
36400 0.58289
35766 0.58289
25360 0.58125
18248 0.568948
33452 0.558333
29140 0.547619
34282 0.547619
4818 0.527282
26786 0.512028
11810 0.491667
39661 0.49133
18561 0.485714
14858 0.470409
37730 0.453968
32016 0.427632
26181 0.421988
3291 0.419324
31589 0.380952
22711 0.367857
25362 0.355556
33256 0.333333
25308 0.317816
8242 0.305556
34123 0.290476
16806 0.287619
35414 0.281566
5778 0.277922
16504 0.274107
5875 0.269021
3002 0.268233
29851 0.25625
40842 0.25
39755 0.25
37672 0.25
4848 0.25
2951 0.25
27176 0.247619
3326 0.243108
19277 0.22381
12569 0.221726
24596 0.215529
3068 0.215529
26323 0.214583
3018 0.214583
18520 0.204762
15012 0.200251
37496 0.200157
28445 0.2
16902 0.2
8969 0.2
3940 0.2
31396 0.186508
27134 0.186508
23134 0.186508
19079 0.186508
18801 0.186508
5519 0.186508
885 0.186508
830 0.183882
37374 0.176496
432 0.170952
40389 0.166667
36166 0.166667
34560 0.166667
5103 0.161849
3852 0.160119
13957 0.149306
3162 0.149306
36806 0.142857
35220 0.142857
29923 0.142857
26832 0.142857
25968 0.142857
23585 0.142857
22405 0.142857
13780 0.142857
8427 0.142857
19032 0.14127
33477 0.136864
25474 0.130409
16299 0.130409
24506 0.12967
1659 0.12967
35825 0.125
32807 0.125
31367 0.125
31111 0.125
30762 0.125
30589 0.125
24728 0.125
11955 0.125
4189 0.125
16076 0.113352
37342 0.112222
30897 0.111111
24549 0.111111
13016 0.111111
28094 0.101091
19517 0.101091
33633 0.1
28855 0.1
26927 0.1
23886 0.1
21703 0.1
15225 0.1
14410 0.1
11080 0.1
9283 0.1
6014 0.1
3718 0.1
1931 0.1
110 0.1
32611 0.0990661
12451 0.0990661
80 0.0990661
37452 0.0920892
33504 0.0920892
29640 0.0920892
21757 0.0920892
21323 0.0920892
11863 0.0920892
34116 0.0909091
23163 0.0909091
15519 0.0909091
1192 0.0909091
16298 0.0847222
37944 0.0833333
30429 0.0833333
19959 0.0833333
8224 0.0833333
33999 0.0823489
27033 0.0823489
18834 0.0823489
18340 0.0823489
13172 0.0823489
4872 0.0823489
36110 0.0714286
23432 0.0714286
7167 0.0714286
2232 0.0714286
33518 0.0679099
33108 0.0679099
28110 0.0679099
21861 0.0679099
19511 0.0679099
9001 0.0679099
40383 0.0666667
22088 0.0666667
19592 0.0666667
17626 0.0666667
11393 0.0666667
6906 0.0666667
34098 0.0625
30275 0.0625
14790 0.0625
13669 0.0625
11909 0.0625
9971 0.0625
4539 0.0625
1918 0.0625
1131 0.0625
306 0.0625
40342 0.0555556
37815 0.0555556
36773 0.0555556
30419 0.0555556
25849 0.0555556
21586 0.0555556
21092 0.0555556
14980 0.0555556
14543 0.0555556
11725 0.0555556
11626 0.0555556
10265 0.0555556
8592 0.0555556
6172 0.0555556
1396 0.0555556
406 0.0555556
29796 0.0526316
21348 0.0526316
11718 0.0526316
40644 0.05
30876 0.05
11052 0.05
34768 0.047619
32474 0.047619
31884 0.047619
30793 0.047619
30425 0.047619
29565 0.047619
29237 0.047619
28463 0.047619
27989 0.047619
27166 0.047619
26541 0.047619
23843 0.047619
21101 0.047619
20638 0.047619
19774 0.047619
18116 0.047619
12958 0.047619
10576 0.047619
10173 0.047619
1965 0.047619
1853 0.047619
40849 0.0454545
40241 0.0454545
40165 0.0454545
33476 0.0454545
32620 0.0454545
26095 0.0454545
5269 0.0454545
36528 0.04
27863 0.04
20326 0.04
15665 0.04
14934 0.04
11410 0.04
6319 0.04
38582 0.0357143
37017 0.0357143
33706 0.0357143
19952 0.0357143
17786 0.0357143
14672 0.0357143
11559 0.0357143
7807 0.0357143
6361 0.0357143
2751 0.0357143
509 0.0357143
39848 0.0344828
35086 0.0344828
22594 0.0344828
19311 0.0344828
18963 0.0344828
10925 0.0344828
6262 0.0344828
1549 0.0344828
905 0.0344828
40890 0.0333333
16097 0.0333333
14576 0.0333333
11789 0.0333333
10536 0.0333333
10196 0.0333333
9653 0.0333333
2027 0.0333333
1629 0.0333333
40457 0.03125
40069 0.03125
39791 0.03125
38864 0.03125
38468 0.03125
37850 0.03125
31947 0.03125
28862 0.03125
26409 0.03125
22184 0.03125
20564 0.03125
19014 0.03125
18356 0.03125
17985 0.03125
16952 0.03125
15562 0.03125
11804 0.03125
9189 0.03125
4824 0.03125
3887 0.03125
3204 0.03125
2869 0.03125
1610 0.03125
38049 0.030303
33142 0.030303
32415 0.030303
29073 0.030303
25449 0.030303
21792 0.030303
15194 0.030303
13766 0.030303
12377 0.030303
8237 0.030303
4085 0.030303
2168 0.030303
39172 0.0222222
37024 0.0222222
35029 0.0222222
31085 0.0222222
29768 0.0222222
24761 0.0222222
21534 0.0222222
20099 0.0222222
12449 0.0222222
11101 0.0222222
9180 0.0222222
40649 0.0153846
39831 0.0153846
39774 0.0153846
37546 0.0153846
37421 0.0153846
35439 0.0153846
33052 0.0153846
31243 0.0153846
29749 0.0153846
29687 0.0153846
29206 0.0153846
28912 0.0153846
25095 0.0153846
23494 0.0153846
22313 0.0153846
21213 0.0153846
20977 0.0153846
20823 0.0153846
19748 0.0153846
17492 0.0153846
16759 0.0153846
13686 0.0153846
13583 0.0153846
12844 0.0153846
12360 0.0153846
12016 0.0153846
11491 0.0153846
10412 0.0153846
5557 0.0153846
2484 0.0153846
630 0.0153846
40980 0
40979 0
40978 0
40977 0
40976 0
40975 0
40974 0
40973 0
40972 0
40971 0
40970 0
40969 0
40968 0
40967 0
40966 0
40965 0
40964 0
40963 0
40962 0
40961 0
40960 0
40959 0
40958 0
40957 0
40956 0
40955 0
40954 0
40953 0
40952 0
40951 0
40950 0
40949 0
40948 0
40947 0
40946 0
40945 0
40944 0
40943 0
40942 0
40941 0
40940 0
40939 0
40938 0
40937 0
40936 0
40935 0
40934 0
40933 0
40932 0
40931 0
40930 0
40929 0
40928 0
40927 0
40926 0
40925 0
40924 0
40923 0
40922 0
40921 0
40920 0
40919 0
40918 0
40917 0
40916 0
40915 0
40914 0
40913 0
40912 0
40911 0
40910 0
40909 0
40908 0
40907 0
40906 0
40905 0
40904 0
40903 0
40902 0
40901 0
40900 0
40899 0
40898 0
40897 0
40896 0
40895 0
40894 0
40893 0
40892 0
40891 0
40889 0
40888 0
40887 0
40886 0
40885 0
40884 0
40883 0
40882 0
40881 0
40880 0
40879 0
40878 0
40877 0
40876 0
40875 0
40874 0
40873 0
40872 0
40871 0
40870 0
40869 0
40868 0
40867 0
40866 0
40865 0
40864 0
40863 0
40862 0
40861 0
40860 0
40859 0
40858 0
40857 0
40856 0
40855 0
40854 0
40853 0
40852 0
40851 0
40850 0
40848 0
40847 0
40846 0
40845 0
40844 0
40843 0
40841 0
40840 0
40839 0
40838 0
40837 0
40836 0
40835 0
40834 0
40833 0
40832 0
40831 0
40830 0
40829 0
40828 0
40827 0
