7078 2.03705
26801 1.94414
32495 1.75305
20118 1.61367
5260 1.28883
10121 1.15088
9956 1.12216
40857 1.05521
18657 1.05505
28911 1.04998
35233 1.02351
39759 0.998896
19454 0.988567
30033 0.890783
21967 0.784252
34117 0.712859
20741 0.659818
2109 0.659558
25674 0.617462
31109 0.614921
37258 0.611415
19160 0.603573
37144 0.601126
23958 0.571791
16733 0.551709
25493 0.540264
38401 0.53795
131 0.528145
40392 0.527945
39816 0.513742
26823 0.486201
25841 0.47864
15333 0.453976
835 0.435192
11316 0.39597
7627 0.39597
25818 0.394608
14752 0.383838
10429 0.382944
8728 0.380719
29947 0.379427
8434 0.36505
21155 0.362862
32404 0.351701
29180 0.351701
10801 0.351701
16709 0.349969
18312 0.345699
12244 0.345699
24888 0.337427
20499 0.321212
35807 0.305218
17832 0.305218
13152 0.304132
9356 0.302755
7349 0.300814
37045 0.294569
39044 0.292305
10336 0.292305
13590 0.290949
17944 0.287307
36983 0.283494
3373 0.269794
33261 0.263793
3205 0.262521
8801 0.252506
38213 0.245437
14019 0.24452
29696 0.238567
26330 0.238567
16138 0.232084
5657 0.230813
14361 0.223086
20261 0.21875
21555 0.217908
15546 0.217908
40634 0.21788
31064 0.21788
3533 0.21788
37481 0.200346
903 0.193962
19530 0.193744
28048 0.188245
11963 0.188201
35973 0.182881
38481 0.181776
15269 0.181776
1762 0.181194
27088 0.180383
70 0.175994
26496 0.174496
13144 0.173212
11598 0.17208
297 0.169368
17823 0.168819
31590 0.166097
26221 0.166097
21239 0.166097
20820 0.156591
32679 0.155104
17111 0.143715
32227 0.141961
10214 0.141961
37660 0.138981
30029 0.138981
25758 0.138981
20793 0.138981
17518 0.138981
16877 0.138981
16174 0.138981
3359 0.138981
1537 0.118642
22332 0.118156
36497 0.117515
30069 0.117515
16993 0.117515
16475 0.113028
17508 0.111427
20131 0.1113
19136 0.1113
6295 0.1113
11307 0.111111
39470 0.109174
12862 0.109174
36107 0.106193
11160 0.104805
1233 0.104805
13222 0.104714
2224 0.103839
25621 0.102962
9627 0.102962
951 0.102962
20859 0.101421
9522 0.0996047
33034 0.0966621
9809 0.0928188
1309 0.0928188
8590 0.0895128
29927 0.089144
4237 0.0875517
24636 0.0873042
6521 0.0873042
3159 0.0873042
37753 0.0853168
28895 0.0853168
4603 0.0853168
27372 0.0833333
25694 0.0833333
23880 0.0833333
23690 0.0833333
18696 0.0703655
15914 0.0703655
29017 0.0689905
2146 0.0666667
5581 0.0661442
31408 0.0647943
40117 0.0642663
37239 0.0623602
29089 0.0623602
28548 0.0623602
28365 0.0623602
19599 0.0623602
15447 0.0623602
13320 0.0623602
11538 0.0623602
7650 0.0623602
6999 0.0623602
6188 0.0623602
4741 0.0623602
4357 0.0623602
3069 0.0623602
4661 0.0594597
20244 0.0594017
14675 0.0594017
28362 0.0575342
20423 0.0555556
20095 0.0555556
16556 0.0555556
13724 0.0526316
18211 0.0516771
17059 0.0492553
34842 0.0478835
25145 0.0478835
3174 0.0478835
1381 0.0478835
40744 0.047619
37202 0.047619
35558 0.047619
33788 0.0454545
22370 0.0454545
30421 0.0448756
4685 0.0448756
1481 0.0448756
30311 0.0434783
26362 0.0331469
23768 0.0331469
29779 0.0317536
23650 0.0317536
23371 0.0317536
20189 0.0317536
23815 0.0302909
21671 0.0302909
21522 0.0302909
19252 0.0302909
17991 0.0302909
9042 0.0302909
899 0.0302909
648 0.0302909
27813 0.029529
20514 0.029529
1665 0.029529
17023 0.0263158
16623 0.0263158
13056 0.0263158
1077 0.0263158
7300 0.0243902
6432 0.0243902
4832 0.0243902
40537 0.0227273
39325 0.0227273
842 0.0227273
11716 0.0208333
32649 0.0196078
12912 0.0196078
40949 0.0169492
39241 0.0169492
1350 0.0169492
16637 0.0114943
16382 0.0114943
11395 0.0114943
25239 0.011236
21458 0.011236
15682 0.011236
7956 0.011236
5031 0.011236
3810 0.011236
2021 0.011236
39088 0.0104167
35302 0.0104167
32910 0.0104167
30560 0.0104167
26434 0.0104167
24768 0.0104167
9863 0.0104167
3087 0.0104167
10687 0.010101
10681 0.010101
4193 0.010101
2506 0.010101
1063 0.010101
37763 0.00869565
37539 0.00869565
35890 0.00869565
40980 0
40979 0
40978 0
40977 0
40976 0
40975 0
40974 0
40973 0
40972 0
40971 0
40970 0
40969 0
40968 0
40967 0
40966 0
40965 0
40964 0
40963 0
40962 0
40961 0
40960 0
40959 0
40958 0
40957 0
40956 0
40955 0
40954 0
40953 0
40952 0
40951 0
40950 0
40948 0
40947 0
40946 0
40945 0
40944 0
40943 0
40942 0
40941 0
40940 0
40939 0
40938 0
40937 0
40936 0
40935 0
40934 0
40933 0
40932 0
40931 0
40930 0
40929 0
40928 0
40927 0
40926 0
40925 0
40924 0
40923 0
40922 0
40921 0
40920 0
40919 0
40918 0
40917 0
40916 0
40915 0
40914 0
40913 0
40912 0
40911 0
40910 0
40909 0
40908 0
40907 0
40906 0
40905 0
40904 0
40903 0
40902 0
40901 0
40900 0
40899 0
40898 0
40897 0
40896 0
40895 0
40894 0
40893 0
40892 0
40891 0
40890 0
40889 0
40888 0
40887 0
40886 0
40885 0
40884 0
40883 0
40882 0
40881 0
40880 0
40879 0
40878 0
40877 0
40876 0
40875 0
40874 0
40873 0
40872 0
40871 0
40870 0
40869 0
40868 0
40867 0
40866 0
40865 0
40864 0
40863 0
40862 0
40861 0
40860 0
40859 0
40858 0
40856 0
40855 0
40854 0
40853 0
40852 0
40851 0
40850 0
40849 0
40848 0
40847 0
40846 0
40845 0
40844 0
40843 0
40842 0
40841 0
40840 0
40839 0
40838 0
40837 0
40836 0
40835 0
40834 0
40833 0
40832 0
40831 0
40830 0
40829 0
40828 0
40827 0
40826 0
40825 0
40824 0
40823 0
40822 0
40821 0
40820 0
40819 0
40818 0
40817 0
40816 0
40815 0
40814 0
40813 0
40812 0
40811 0
40810 0
40809 0
40808 0
40807 0
40806 0
40805 0
40804 0
40803 0
40802 0
40801 0
40800 0
40799 0
40798 0
40797 0
40796 0
40795 0
40794 0
40793 0
40792 0
40791 0
40790 0
40789 0
40788 0
40787 0
40786 0
40785 0
40784 0
40783 0
40782 0
40781 0
40780 0
40779 0
40778 0
40777 0
40776 0
40775 0
40774 0
40773 0
40772 0
40771 0
40770 0
40769 0
40768 0
40767 0
40766 0
40765 0
40764 0
40763 0
40762 0
40761 0
40760 0
40759 0
40758 0
40757 0
40756 0
40755 0
40754 0
40753 0
40752 0
40751 0
40750 0
40749 0
40748 0
40747 0
40746 0
40745 0
40743 0
40742 0
40741 0
40740 0
40739 0
40738 0
40737 0
40736 0
40735 0
40734 0
40733 0
40732 0
40731 0
