13043 7.6996
8465 3.17252
8027 3.04821
22594 2.84563
29143 2.54597
31301 2.15589
40166 2.12434
24825 1.35833
30451 1.3
1736 1.2873
31283 1.15833
27799 1.04444
8962 0.800534
16318 0.783272
8206 0.74712
19227 0.72619
14886 0.666667
29329 0.642419
18319 0.617816
13024 0.60811
20320 0.592857
28519 0.542857
2335 0.477778
4288 0.453968
37721 0.452381
37924 0.402778
19835 0.401149
18328 0.37619
8672 0.37619
16914 0.362637
27676 0.361111
11186 0.360256
36527 0.333333
32589 0.333333
30517 0.333333
28779 0.333333
15245 0.333333
14325 0.333333
29913 0.308333
29679 0.288451
31115 0.27734
27514 0.272024
15548 0.271368
38323 0.26452
33342 0.26452
17368 0.26452
38386 0.254263
20592 0.254263
12995 0.254263
39606 0.25
37372 0.25
35245 0.25
34235 0.25
24864 0.25
23696 0.25
23347 0.25
22216 0.25
16917 0.25
10923 0.25
19543 0.208333
10361 0.208333
35726 0.2
23843 0.2
23724 0.2
20836 0.2
18950 0.2
15965 0.2
14329 0.2
11701 0.2
7754 0.2
5715 0.2
4071 0.2
878 0.2
543 0.2
5102 0.194739
256 0.194739
34768 0.166667
31157 0.166667
20978 0.166667
20727 0.166667
13021 0.166667
12742 0.166667
10818 0.166667
9547 0.166667
8149 0.166667
6590 0.166667
6071 0.166667
39193 0.142857
29343 0.142857
24969 0.142857
19315 0.142857
19063 0.142857
18930 0.142857
18130 0.142857
12426 0.142857
11128 0.142857
5585 0.142857
2560 0.142857
1277 0.142857
27065 0.125
19253 0.125
15400 0.125
6262 0.125
36480 0.111111
35205 0.111111
34789 0.111111
28010 0.111111
26734 0.111111
24505 0.111111
19979 0.111111
19032 0.111111
17486 0.111111
16034 0.111111
16010 0.111111
14092 0.111111
13305 0.111111
12369 0.111111
746 0.111111
39496 0.1
30668 0.1
26638 0.1
20167 0.1
7708 0.1
6757 0.1
23895 0.0909091
19969 0.0909091
10716 0.0909091
193 0.0909091
37877 0.0833333
36409 0.0833333
30904 0.0833333
20182 0.0833333
12758 0.0833333
5042 0.0833333
34612 0.0769231
20148 0.0769231
19945 0.0769231
16753 0.0769231
16131 0.0769231
535 0.0769231
32620 0.0666667
30793 0.0666667
21703 0.0666667
7024 0.0666667
4430 0.0666667
2885 0.0666667
37031 0.0625
34274 0.0625
26750 0.0625
26088 0.0625
24759 0.0625
24028 0.0625
23014 0.0625
19513 0.0625
10980 0.0625
9561 0.0625
5693 0.0625
5691 0.0625
4405 0.0625
1818 0.0625
40795 0.0344828
40179 0.0344828
38234 0.0344828
35672 0.0344828
34566 0.0344828
31873 0.0344828
27152 0.0344828
18347 0.0344828
16009 0.0344828
15465 0.0344828
13275 0.0344828
10965 0.0344828
4895 0.0344828
4804 0.0344828
40980 0
40979 0
40978 0
40977 0
40976 0
40975 0
40974 0
40973 0
40972 0
40971 0
40970 0
40969 0
40968 0
40967 0
40966 0
40965 0
40964 0
40963 0
40962 0
40961 0
40960 0
40959 0
40958 0
40957 0
40956 0
40955 0
40954 0
40953 0
40952 0
40951 0
40950 0
40949 0
40948 0
40947 0
40946 0
40945 0
40944 0
40943 0
40942 0
40941 0
40940 0
40939 0
40938 0
40937 0
40936 0
40935 0
40934 0
40933 0
40932 0
40931 0
40930 0
40929 0
40928 0
40927 0
40926 0
40925 0
40924 0
40923 0
40922 0
40921 0
40920 0
40919 0
40918 0
40917 0
40916 0
40915 0
40914 0
40913 0
40912 0
40911 0
40910 0
40909 0
40908 0
40907 0
40906 0
40905 0
40904 0
40903 0
40902 0
40901 0
40900 0
40899 0
40898 0
40897 0
40896 0
40895 0
40894 0
40893 0
40892 0
40891 0
40890 0
40889 0
40888 0
40887 0
40886 0
40885 0
40884 0
40883 0
40882 0
40881 0
40880 0
40879 0
40878 0
40877 0
40876 0
40875 0
40874 0
40873 0
40872 0
40871 0
40870 0
40869 0
40868 0
40867 0
40866 0
40865 0
40864 0
40863 0
40862 0
40861 0
40860 0
40859 0
40858 0
40857 0
40856 0
40855 0
40854 0
40853 0
40852 0
40851 0
40850 0
40849 0
40848 0
40847 0
40846 0
40845 0
40844 0
40843 0
40842 0
40841 0
40840 0
40839 0
40838 0
40837 0
40836 0
40835 0
40834 0
40833 0
40832 0
40831 0
40830 0
40829 0
40828 0
40827 0
40826 0
40825 0
40824 0
40823 0
40822 0
40821 0
40820 0
40819 0
40818 0
40817 0
40816 0
40815 0
40814 0
40813 0
40812 0
40811 0
40810 0
40809 0
40808 0
40807 0
40806 0
40805 0
40804 0
40803 0
40802 0
40801 0
40800 0
40799 0
40798 0
40797 0
40796 0
40794 0
40793 0
40792 0
40791 0
40790 0
40789 0
40788 0
40787 0
40786 0
40785 0
40784 0
40783 0
40782 0
40781 0
40780 0
40779 0
40778 0
40777 0
40776 0
40775 0
40774 0
40773 0
40772 0
40771 0
40770 0
40769 0
40768 0
40767 0
40766 0
40765 0
40764 0
40763 0
40762 0
40761 0
40760 0
40759 0
40758 0
40757 0
40756 0
40755 0
40754 0
40753 0
40752 0
40751 0
40750 0
40749 0
40748 0
40747 0
40746 0
40745 0
40744 0
40743 0
40742 0
40741 0
40740 0
40739 0
40738 0
40737 0
40736 0
40735 0
40734 0
40733 0
40732 0
40731 0
40730 0
40729 0
40728 0
40727 0
40726 0
40725 0
40724 0
40723 0
40722 0
40721 0
40720 0
40719 0
40718 0
40717 0
40716 0
40715 0
40714 0
40713 0
40712 0
40711 0
40710 0
40709 0
40708 0
40707 0
40706 0
40705 0
40704 0
40703 0
40702 0
40701 0
40700 0
40699 0
40698 0
40697 0
40696 0
40695 0
40694 0
40693 0
40692 0
40691 0
40690 0
40689 0
40688 0
40687 0
40686 0
40685 0
40684 0
40683 0
40682 0
40681 0
40680 0
40679 0
40678 0
40677 0
40676 0
40675 0
40674 0
40673 0
40672 0
40671 0
40670 0
40669 0
40668 0
40667 0
40666 0
40665 0
40664 0
40663 0
40662 0
40661 0
40660 0
40659 0
40658 0
40657 0
40656 0
40655 0
40654 0
