32885 27.0663
32814 15.1091
17083 7.18937
22049 6.79415
2663 4.72854
26011 4.37609
27585 4.2977
8638 3.8542
8662 3.5924
13643 3.16139
7054 3.06533
8672 3.03333
9442 2.30861
20008 2.29074
31915 2.09651
18788 2.03022
10523 2.03022
31301 1.99563
12670 1.86803
18587 1.7
36289 1.62908
19032 1.54286
6347 1.53853
10923 1.53333
9575 1.42619
32933 1.29174
8755 1.28255
12466 1.26013
10915 1.21591
37923 1.21437
6625 1.13332
33019 1.11947
39742 1.09867
11053 1.03087
7729 1.02818
12580 1.01922
13080 0.993694
32155 0.928182
16781 0.90232
36645 0.901374
36683 0.885737
27799 0.866667
23843 0.848947
9665 0.833333
19965 0.767917
34799 0.756874
31946 0.748413
3936 0.733333
37924 0.72619
5693 0.624802
346 0.602552
36128 0.5929
3364 0.576725
24036 0.571795
12001 0.561097
15849 0.560859
11142 0.558824
33616 0.541667
3496 0.527027
808 0.523903
39204 0.521429
9170 0.50744
38194 0.50315
23621 0.497035
15592 0.486024
26959 0.476306
22594 0.472222
16652 0.466667
39791 0.458333
6798 0.448612
27623 0.440476
32112 0.437091
18034 0.42549
23048 0.417348
4657 0.402561
11866 0.378161
29795 0.333333
28685 0.333333
23724 0.333333
11586 0.333333
6591 0.333333
10125 0.324332
39384 0.317562
15963 0.317562
23160 0.317091
39675 0.310927
27886 0.309524
32545 0.285257
22315 0.269447
6096 0.263889
186 0.263889
8366 0.260317
13610 0.25566
25584 0.250606
37711 0.25
37130 0.25
36035 0.25
30240 0.25
21703 0.25
21199 0.25
15103 0.25
9196 0.25
8565 0.25
3096 0.25
989 0.25
4520 0.247712
26675 0.247691
39614 0.24152
28530 0.229152
18011 0.229152
37054 0.2
36899 0.2
34340 0.2
34263 0.2
27969 0.2
27895 0.2
26318 0.2
23696 0.2
20528 0.2
15764 0.2
13565 0.2
7197 0.2
8156 0.198135
29424 0.19037
37885 0.188095
25634 0.182338
38085 0.172109
25277 0.169516
35696 0.166667
35525 0.166667
30996 0.166667
30282 0.166667
28552 0.166667
27003 0.166667
15769 0.166667
12895 0.166667
11453 0.166667
10210 0.166667
7283 0.166667
11044 0.164546
22214 0.164225
30442 0.161414
20943 0.161414
32177 0.159858
17738 0.155556
36938 0.155455
38902 0.142857
36067 0.142857
29595 0.142857
18007 0.142857
13414 0.142857
10737 0.142857
3520 0.142857
32133 0.142063
35395 0.139086
3252 0.137619
34168 0.137096
18328 0.132818
34064 0.132625
14421 0.132625
18315 0.129228
29402 0.128763
35766 0.125
26541 0.125
24239 0.125
18834 0.125
14672 0.125
9488 0.125
7778 0.125
13656 0.112644
5917 0.100932
39781 0.10078
39670 0.1
36171 0.1
21134 0.1
15079 0.1
5871 0.1
18249 0.0995658
27815 0.0907738
38863 0.0833333
32620 0.0833333
32285 0.0833333
27863 0.0833333
26355 0.0833333
24013 0.0833333
20532 0.0833333
16394 0.0833333
16181 0.0833333
14133 0.0833333
13432 0.0833333
12928 0.0833333
4785 0.0833333
2885 0.0833333
1849 0.0833333
30650 0.0806838
22633 0.0793811
19351 0.0793811
24674 0.0778636
23588 0.0778636
17870 0.0769231
8687 0.0737037
7833 0.0737037
4315 0.0714286
28203 0.07
37855 0.0690066
32255 0.0690066
20773 0.0686838
14107 0.0686838
6446 0.0686838
34788 0.0672689
8869 0.0666667
11269 0.066176
10128 0.066176
25787 0.0659159
37254 0.0619048
35520 0.0595667
17793 0.0595667
14483 0.0595667
36805 0.0588235
35543 0.0588235
26310 0.0588235
16397 0.0588235
15781 0.0588235
12174 0.0588235
8122 0.0588235
27514 0.0555556
17634 0.0555556
7708 0.0555556
2633 0.0555556
919 0.0555556
52 0.0555556
14608 0.0515736
11463 0.0515736
6123 0.0515736
12415 0.0384615
5457 0.0384615
37068 0.037037
29096 0.037037
25996 0.037037
25063 0.037037
21468 0.037037
10825 0.037037
6697 0.037037
34700 0.0344828
33326 0.0344828
29200 0.0344828
14722 0.0344828
6813 0.0344828
5406 0.0344828
36196 0.0322581
29271 0.0322581
8338 0.030303
654 0.030303
24536 0.0294118
18286 0.0294118
7496 0.0294118
7410 0.0294118
6581 0.0294118
39975 0.0285714
25654 0.0285714
10441 0.0285714
7420 0.0285714
38003 0.0277778
33824 0.0277778
27432 0.0277778
19797 0.0277778
12225 0.0277778
3702 0.0277778
35157 0.027027
33551 0.027027
24652 0.027027
22486 0.027027
10159 0.027027
5886 0.027027
2859 0.027027
32062 0.0238095
27662 0.0238095
9732 0.0238095
1741 0.0238095
31196 0.0222222
22653 0.0222222
13298 0.0222222
10630 0.0222222
8794 0.0222222
5214 0.0222222
1560 0.0222222
1021 0.0222222
826 0.0222222
40386 0.02
36940 0.02
36436 0.02
33686 0.02
18219 0.02
17777 0.02
14744 0.02
8934 0.02
38518 0.0178571
36430 0.0178571
30312 0.0178571
21376 0.0178571
9311 0.0178571
1761 0.0178571
40027 0.0166667
39900 0.0166667
38552 0.0166667
31112 0.0166667
30573 0.0166667
30340 0.0166667
27862 0.0166667
27262 0.0166667
26339 0.0166667
20645 0.0166667
19790 0.0166667
19608 0.0166667
16410 0.0166667
14276 0.0166667
12894 0.0166667
12505 0.0166667
11661 0.0166667
10055 0.0166667
6768 0.0166667
38809 0.015873
29864 0.015873
15814 0.015873
15667 0.015873
6263 0.015873
40943 0.0114943
40647 0.0114943
39810 0.0114943
38835 0.0114943
38331 0.0114943
37253 0.0114943
36888 0.0114943
36029 0.0114943
34893 0.0114943
34762 0.0114943
34084 0.0114943
33951 0.0114943
33634 0.0114943
32736 0.0114943
32733 0.0114943
32581 0.0114943
31073 0.0114943
29538 0.0114943
27357 0.0114943
26632 0.0114943
25391 0.0114943
25079 0.0114943
23534 0.0114943
21378 0.0114943
21341 0.0114943
21136 0.0114943
19742 0.0114943
18122 0.0114943
15778 0.0114943
14018 0.0114943
13879 0.0114943
13676 0.0114943
12876 0.0114943
11118 0.0114943
10257 0.0114943
9705 0.0114943
8571 0.0114943
6440 0.0114943
5234 0.0114943
2684 0.0114943
2011 0.0114943
947 0.0114943
865 0.0114943
764 0.0114943
640 0.0114943
40980 0
40979 0
40978 0
40977 0
40976 0
40975 0
40974 0
40973 0
40972 0
40971 0
40970 0
40969 0
40968 0
40967 0
40966 0
40965 0
40964 0
40963 0
40962 0
40961 0
40960 0
40959 0
40958 0
40957 0
40956 0
40955 0
40954 0
40953 0
40952 0
40951 0
40950 0
40949 0
40948 0
40947 0
40946 0
40945 0
40944 0
40942 0
40941 0
40940 0
40939 0
40938 0
40937 0
40936 0
40935 0
40934 0
40933 0
40932 0
40931 0
40930 0
40929 0
40928 0
40927 0
40926 0
40925 0
40924 0
40923 0
40922 0
40921 0
40920 0
40919 0
40918 0
40917 0
40916 0
40915 0
40914 0
40913 0
40912 0
40911 0
40910 0
40909 0
40908 0
40907 0
40906 0
40905 0
40904 0
40903 0
40902 0
40901 0
40900 0
40899 0
40898 0
40897 0
40896 0
40895 0
40894 0
40893 0
40892 0
40891 0
40890 0
40889 0
40888 0
40887 0
40886 0
40885 0
40884 0
40883 0
40882 0
40881 0
40880 0
40879 0
40878 0
40877 0
40876 0
40875 0
40874 0
40873 0
40872 0
40871 0
40870 0
40869 0
40868 0
40867 0
40866 0
40865 0
40864 0
40863 0
40862 0
40861 0
40860 0
40859 0
40858 0
40857 0
40856 0
40855 0
40854 0
40853 0
40852 0
40851 0
