8592 5.43239
3535 4.0229
35766 3.58976
27799 3.26441
19461 2.92224
39671 2.39708
36400 2.17821
13654 2.00106
20093 1.99406
25765 1.66246
37374 1.47222
12569 1.40915
34561 1.06194
6592 1.03041
31390 1.01126
26546 0.953799
40525 0.95141
885 0.934156
21889 0.929304
16501 0.88992
32886 0.888187
18520 0.884524
7047 0.842832
39846 0.836364
15075 0.830165
2786 0.818639
2752 0.783333
15012 0.768478
10654 0.750076
35793 0.747391
3887 0.74026
36796 0.705507
33633 0.690725
19653 0.642157
21932 0.637068
9327 0.627741
12453 0.625344
27752 0.624322
10576 0.604302
29455 0.590909
6335 0.583333
4848 0.575
16806 0.555936
26181 0.537958
33267 0.527778
29300 0.525
15416 0.519623
14015 0.505658
8035 0.504247
13507 0.466963
27190 0.466667
16473 0.458333
27926 0.452589
37342 0.442857
38346 0.434524
24596 0.431201
19950 0.408898
14138 0.406977
11626 0.402778
6041 0.4
35894 0.388034
21830 0.382576
21323 0.375
23843 0.373611
37881 0.367434
24728 0.361111
39158 0.351369
21284 0.351369
35346 0.333333
28756 0.333333
18329 0.333333
16745 0.333333
4551 0.333333
4363 0.333333
9196 0.31976
18801 0.295455
9553 0.294935
5676 0.287302
39183 0.285965
17605 0.273893
16773 0.253268
21801 0.252778
33979 0.25
37070 0.25
35014 0.226812
17533 0.216667
20007 0.213141
34116 0.207576
27134 0.207576
612 0.203158
35813 0.2
32885 0.2
17033 0.2
3253 0.2
27280 0.19804
31367 0.196338
2888 0.188104
25755 0.183712
37077 0.166667
12681 0.166667
6417 0.166667
2376 0.166667
1998 0.166667
1396 0.166667
259 0.166667
20569 0.162068
38748 0.161822
21763 0.152588
39386 0.150458
36583 0.150458
38165 0.142857
36539 0.142857
29901 0.142857
7766 0.142857
5824 0.142857
3940 0.142857
40668 0.135635
36673 0.126469
17172 0.126469
8212 0.126469
36117 0.125
35116 0.125
30793 0.125
8279 0.125
7145 0.125
3107 0.125
556 0.125
428 0.125
38535 0.111111
37800 0.111111
32374 0.111111
32324 0.111111
32224 0.111111
31582 0.111111
18753 0.111111
19899 0.1
8412 0.1
39231 0.0909091
35538 0.0909091
32474 0.0909091
25651 0.0909091
13916 0.0909091
10210 0.0909091
8519 0.0909091
34923 0.088274
30025 0.088274
25176 0.088274
6924 0.088274
35706 0.0833333
34378 0.0833333
28177 0.0833333
25236 0.0833333
23886 0.0833333
23134 0.0833333
16775 0.0833333
14980 0.0833333
11718 0.0833333
8224 0.0833333
7306 0.0833333
5660 0.0833333
3124 0.0833333
24505 0.0818004
23653 0.0818004
15493 0.0818004
1142 0.0818004
26794 0.0769231
14917 0.0769231
1531 0.0769231
38272 0.0714286
21216 0.0714286
830 0.0714286
17312 0.0705534
12788 0.0705534
6033 0.0705534
32552 0.0666667
9154 0.0666667
39507 0.0625
37233 0.0625
36827 0.0625
22787 0.0625
18407 0.0625
17344 0.0625
16602 0.0625
5090 0.0625
4973 0.0625
37228 0.0526316
34565 0.0526316
34363 0.0526316
30876 0.0526316
27972 0.0526316
24573 0.0526316
21201 0.0526316
19870 0.0526316
18231 0.0526316
14943 0.0526316
5218 0.0526316
27033 0.0454545
21703 0.0454545
16114 0.0454545
3002 0.0454545
31470 0.0434783
16723 0.0434783
12834 0.0434783
1136 0.0434783
19313 0.0416667
2585 0.0416667
2168 0.0416667
32223 0.0333333
30057 0.0333333
22949 0.0333333
18883 0.0333333
16298 0.0333333
13628 0.0333333
32620 0.030303
31910 0.030303
23439 0.030303
23432 0.030303
19079 0.030303
9357 0.030303
3682 0.030303
2621 0.030303
35734 0.025641
34123 0.025641
30419 0.025641
29851 0.025641
22930 0.025641
22711 0.025641
15576 0.025641
12766 0.025641
10752 0.025641
8309 0.025641
6036 0.025641
3068 0.025641
3018 0.025641
2885 0.025641
416 0.025641
360 0.025641
1 0.025641
36313 0.0227273
35500 0.0227273
32294 0.0227273
32043 0.0227273
31947 0.0227273
30636 0.0227273
29361 0.0227273
26095 0.0227273
22304 0.0227273
21348 0.0227273
16076 0.0227273
11789 0.0227273
8672 0.0227273
7511 0.0227273
2502 0.0227273
1849 0.0227273
40601 0.0204082
39925 0.0204082
39010 0.0204082
38762 0.0204082
37003 0.0204082
34977 0.0204082
31243 0.0204082
30835 0.0204082
29634 0.0204082
28900 0.0204082
27349 0.0204082
26832 0.0204082
25831 0.0204082
24870 0.0204082
24678 0.0204082
24549 0.0204082
21757 0.0204082
20840 0.0204082
20762 0.0204082
20171 0.0204082
19379 0.0204082
16952 0.0204082
16454 0.0204082
15632 0.0204082
14546 0.0204082
10529 0.0204082
6654 0.0204082
6407 0.0204082
3645 0.0204082
432 0.0204082
40342 0.0144928
39177 0.0144928
37421 0.0144928
35082 0.0144928
34819 0.0144928
31646 0.0144928
31260 0.0144928
26786 0.0144928
25673 0.0144928
19580 0.0144928
18921 0.0144928
18796 0.0144928
15467 0.0144928
14347 0.0144928
14223 0.0144928
13832 0.0144928
12910 0.0144928
12866 0.0144928
12722 0.0144928
10923 0.0144928
9661 0.0144928
6518 0.0144928
6413 0.0144928
6300 0.0144928
4499 0.0144928
3356 0.0144928
2463 0.0144928
1760 0.0144928
592 0.0144928
80 0.0144928
40980 0
40979 0
40978 0
40977 0
40976 0
40975 0
40974 0
40973 0
40972 0
40971 0
40970 0
40969 0
40968 0
40967 0
40966 0
40965 0
40964 0
40963 0
40962 0
40961 0
40960 0
40959 0
40958 0
40957 0
40956 0
40955 0
40954 0
40953 0
40952 0
40951 0
40950 0
40949 0
40948 0
40947 0
40946 0
40945 0
40944 0
40943 0
40942 0
40941 0
40940 0
40939 0
40938 0
40937 0
40936 0
40935 0
40934 0
40933 0
40932 0
40931 0
40930 0
40929 0
40928 0
40927 0
40926 0
40925 0
40924 0
40923 0
40922 0
40921 0
40920 0
40919 0
40918 0
40917 0
40916 0
40915 0
40914 0
40913 0
40912 0
40911 0
40910 0
40909 0
40908 0
40907 0
40906 0
40905 0
40904 0
40903 0
40902 0
40901 0
40900 0
40899 0
40898 0
40897 0
40896 0
40895 0
40894 0
40893 0
40892 0
40891 0
40890 0
40889 0
40888 0
40887 0
40886 0
40885 0
40884 0
40883 0
40882 0
40881 0
40880 0
40879 0
40878 0
40877 0
40876 0
40875 0
40874 0
40873 0
40872 0
40871 0
40870 0
40869 0
40868 0
40867 0
40866 0
40865 0
40864 0
40863 0
40862 0
40861 0
40860 0
40859 0
40858 0
40857 0
40856 0
40855 0
40854 0
40853 0
40852 0
40851 0
40850 0
40849 0
40848 0
40847 0
40846 0
40845 0
40844 0
40843 0
40842 0
40841 0
40840 0
40839 0
40838 0
40837 0
40836 0
40835 0
40834 0
40833 0
40832 0
40831 0
40830 0
40829 0
40828 0
40827 0
40826 0
40825 0
40824 0
40823 0
40822 0
40821 0
40820 0
40819 0
40818 0
40817 0
40816 0
40815 0
40814 0
40813 0
40812 0
40811 0
40810 0
40809 0
40808 0
40807 0
40806 0
40805 0
40804 0
40803 0
40802 0
40801 0
40800 0
40799 0
40798 0
40797 0
40796 0
40795 0
