26272 7.49746
18034 5.95509
4102 5.35233
16652 4.09907
40862 2.82055
24367 2.60355
10404 2.40438
32323 2.39558
8672 2.05073
29795 2.0498
28148 1.70548
18830 1.66618
20465 1.36537
14440 1.36537
31272 1.33274
27790 1.21332
4845 1.20796
19654 1.17781
1887 1.10258
1527 0.95063
27816 0.945136
30874 0.907763
30996 0.89656
35201 0.857853
29889 0.849932
36693 0.840888
10096 0.782369
19266 0.774947
30531 0.723735
33487 0.723122
5776 0.704827
17199 0.68558
14213 0.679394
30241 0.667108
11659 0.64389
11300 0.642544
31202 0.614957
33385 0.598106
25411 0.587316
17103 0.586019
14952 0.578804
22855 0.561847
39904 0.559658
33501 0.553024
26310 0.547507
21597 0.540465
22377 0.529515
10357 0.504793
24815 0.504427
20616 0.4796
35256 0.476555
2694 0.464889
28019 0.450202
6700 0.447104
6881 0.413756
16451 0.406309
3325 0.405951
4117 0.402435
42 0.393778
14908 0.380596
7963 0.370385
17042 0.369829
19674 0.369142
5801 0.369142
35921 0.363909
23994 0.356686
36835 0.343447
33540 0.341343
12523 0.32281
16191 0.319406
4262 0.312269
23657 0.311136
17152 0.309487
12085 0.305308
19001 0.296581
32135 0.29162
22758 0.284353
21166 0.280168
26509 0.280053
40785 0.278974
37378 0.275931
29870 0.266447
40547 0.26628
18704 0.26628
12841 0.26628
34836 0.265654
7717 0.259174
29737 0.257576
8865 0.257576
12710 0.255131
12115 0.250437
29684 0.247133
12639 0.247133
5116 0.247133
37709 0.245976
8122 0.245976
18922 0.240683
17448 0.234045
26779 0.233013
26449 0.228927
27621 0.228206
24462 0.209127
33805 0.207389
7968 0.203085
5033 0.197973
14257 0.196444
38902 0.194164
237 0.192097
37130 0.191192
34125 0.191143
9768 0.188726
5278 0.184499
34286 0.184211
378 0.184147
1695 0.184066
21797 0.175707
8492 0.175707
27378 0.17402
17602 0.17402
31541 0.169281
25788 0.165037
30877 0.160184
33760 0.15638
4997 0.156288
16107 0.153495
1617 0.153495
30369 0.153229
36127 0.150307
11862 0.150307
40044 0.144042
2881 0.134645
29906 0.128722
35670 0.121788
28550 0.121788
11379 0.121788
7958 0.12129
32621 0.120613
39340 0.120489
22963 0.111111
15242 0.111111
6262 0.111111
2553 0.111111
2138 0.111069
40277 0.110634
27757 0.109513
18458 0.109513
35382 0.105519
32757 0.105519
10005 0.103354
36094 0.100045
23696 0.1
8027 0.1
35940 0.0958626
12174 0.0951247
58 0.0951247
21291 0.0941429
10399 0.0941429
8705 0.0941429
38002 0.0909091
34694 0.0909091
24581 0.0909091
20489 0.0909091
17443 0.0909091
6970 0.0909091
3782 0.0909091
1187 0.0909091
27331 0.087489
28544 0.0833333
9787 0.0833333
4520 0.0833333
9932 0.0832573
21647 0.082684
36093 0.0806792
16161 0.0751034
3193 0.0751034
15544 0.071536
27247 0.0714286
21144 0.0675934
7795 0.0675463
35874 0.0671715
20624 0.067101
23262 0.0629867
19564 0.0614384
23095 0.0608577
3968 0.0592568
1485 0.0555556
30194 0.0516424
20318 0.0516424
6614 0.0507425
19272 0.0494492
36805 0.049176
19692 0.0490166
35104 0.047619
16308 0.0462587
30200 0.0461158
28496 0.0454545
27831 0.0454545
18758 0.0454545
13838 0.0454545
8060 0.0454058
26792 0.0451678
8298 0.0451678
3942 0.0435544
989 0.0384615
27605 0.0357143
19032 0.0344828
37817 0.0333333
14402 0.0333333
8736 0.0333333
6689 0.0333333
290 0.0333333
36060 0.030303
39599 0.027027
32888 0.027027
28956 0.027027
28345 0.027027
25780 0.027027
24147 0.027027
24002 0.027027
22935 0.027027
19800 0.027027
16789 0.027027
15125 0.027027
14690 0.027027
9361 0.027027
8203 0.027027
6875 0.027027
3047 0.027027
2711 0.027027
2560 0.027027
2430 0.027027
1026 0.027027
39695 0.025641
33384 0.025641
31283 0.025641
22030 0.025641
21836 0.025641
17231 0.025641
7804 0.025641
2490 0.025641
32236 0.025
29802 0.025
15217 0.025
10495 0.025
9449 0.0243902
38237 0.0238095
28649 0.0238095
18670 0.0212766
11094 0.02
33932 0.0188679
23426 0.0188679
10074 0.0188679
5601 0.0188679
3055 0.0188679
2913 0.0188679
1547 0.0188679
239 0.0188679
36347 0.0178571
7071 0.0178571
36171 0.0169492
31917 0.0169492
21128 0.0169492
18899 0.0169492
16397 0.0169492
15847 0.0169492
12881 0.0169492
10655 0.0169492
6612 0.0169492
5323 0.0169492
4024 0.0169492
38051 0.0166667
34903 0.0166667
31301 0.0166667
25270 0.0166667
14112 0.0166667
13122 0.0166667
9537 0.0166667
2249 0.0166667
1969 0.0166667
25574 0.0163934
8109 0.0163934
8029 0.0163934
33623 0.016129
31306 0.015873
31103 0.015873
7054 0.0149254
28258 0.0144928
14367 0.0125
4338 0.0125
29338 0.0120482
28038 0.0120482
27886 0.0120482
2838 0.0120482
40980 0
40979 0
40978 0
40977 0
40976 0
40975 0
40974 0
40973 0
40972 0
40971 0
40970 0
40969 0
40968 0
40967 0
40966 0
40965 0
40964 0
40963 0
40962 0
40961 0
40960 0
40959 0
40958 0
40957 0
40956 0
40955 0
40954 0
40953 0
40952 0
40951 0
40950 0
40949 0
40948 0
40947 0
40946 0
40945 0
40944 0
40943 0
40942 0
40941 0
40940 0
40939 0
40938 0
40937 0
40936 0
40935 0
40934 0
40933 0
40932 0
40931 0
40930 0
40929 0
40928 0
40927 0
40926 0
40925 0
40924 0
40923 0
40922 0
40921 0
40920 0
40919 0
40918 0
40917 0
40916 0
40915 0
40914 0
40913 0
40912 0
40911 0
40910 0
40909 0
40908 0
40907 0
40906 0
40905 0
40904 0
40903 0
40902 0
40901 0
40900 0
40899 0
40898 0
40897 0
40896 0
40895 0
40894 0
40893 0
40892 0
40891 0
40890 0
40889 0
40888 0
40887 0
40886 0
40885 0
40884 0
40883 0
40882 0
40881 0
40880 0
40879 0
40878 0
40877 0
40876 0
40875 0
40874 0
40873 0
40872 0
40871 0
40870 0
40869 0
40868 0
40867 0
40866 0
40865 0
40864 0
40863 0
40861 0
40860 0
40859 0
40858 0
40857 0
40856 0
40855 0
40854 0
40853 0
40852 0
40851 0
40850 0
40849 0
40848 0
40847 0
40846 0
40845 0
40844 0
40843 0
40842 0
40841 0
40840 0
40839 0
40838 0
40837 0
40836 0
40835 0
40834 0
40833 0
40832 0
40831 0
40830 0
40829 0
40828 0
40827 0
40826 0
40825 0
40824 0
40823 0
40822 0
40821 0
40820 0
40819 0
40818 0
40817 0
40816 0
40815 0
40814 0
40813 0
40812 0
40811 0
40810 0
40809 0
40808 0
40807 0
40806 0
40805 0
40804 0
40803 0
40802 0
40801 0
40800 0
40799 0
40798 0
40797 0
40796 0
40795 0
40794 0
40793 0
40792 0
40791 0
40790 0
40789 0
40788 0
40787 0
40786 0
40784 0
40783 0
40782 0
40781 0
40780 0
40779 0
40778 0
40777 0
40776 0
40775 0
40774 0
40773 0
40772 0
