28776 9.43235
14251 4.9491
20262 4.6693
3578 3.53494
23837 3.50049
11938 2.99031
15250 2.84464
34488 2.70247
4555 2.07937
7570 1.77485
19629 1.75
23168 1.7
38454 1.69486
26489 1.52702
33082 1.48695
21015 1.44147
22939 1.41436
31922 1.30241
5970 1.21429
18115 1.17763
34630 1.14643
1158 1.08271
14163 1.06005
29438 1.01012
27794 0.991667
35699 0.944389
31086 0.916667
22254 0.898815
38474 0.853968
11456 0.833333
21702 0.797258
26737 0.785014
21059 0.775794
9728 0.737585
32078 0.705252
12691 0.691363
17987 0.681479
3263 0.674311
13392 0.619017
9427 0.604762
12736 0.590622
12739 0.584127
23798 0.579762
19096 0.572316
39763 0.553114
5798 0.543254
37266 0.540085
17834 0.535014
24005 0.531685
3516 0.528822
21693 0.519643
27184 0.518987
16593 0.502632
14373 0.433766
15684 0.433333
3595 0.43254
4577 0.43254
21369 0.413743
35318 0.391667
11452 0.386739
27767 0.377976
14656 0.354335
60 0.353968
38988 0.338095
38381 0.333333
36839 0.333333
36174 0.333333
29636 0.333333
28596 0.333333
27056 0.333333
22662 0.333333
18615 0.333333
9448 0.333333
18901 0.328938
18276 0.317647
14880 0.311455
20275 0.305195
4989 0.302632
37872 0.301587
10877 0.297619
36318 0.285714
2922 0.28373
22197 0.271596
3964 0.269841
6940 0.267857
795 0.255952
36944 0.25
26941 0.25
26451 0.25
20848 0.25
17245 0.25
9977 0.25
3012 0.25
11045 0.249639
4384 0.226984
352 0.226623
14105 0.210317
38875 0.2
35572 0.2
35491 0.2
33787 0.2
28700 0.2
27851 0.2
25819 0.2
18142 0.2
13066 0.2
9464 0.2
7378 0.2
3464 0.2
34651 0.196429
21657 0.196429
20210 0.185808
15906 0.185808
29178 0.178211
10211 0.178211
438 0.178211
23082 0.166667
11495 0.166667
10106 0.166667
8202 0.166667
5810 0.166667
32150 0.160317
20698 0.160317
38449 0.15803
10454 0.15803
2115 0.15803
33967 0.154762
1613 0.151838
31215 0.15162
40816 0.142857
36493 0.142857
34395 0.142857
30473 0.142857
29182 0.142857
24476 0.142857
19791 0.142857
16899 0.142857
15230 0.142857
14393 0.142857
13865 0.142857
13154 0.142857
10904 0.142857
10554 0.142857
10136 0.142857
9871 0.142857
18227 0.132937
3515 0.12735
32011 0.125992
33265 0.125
32284 0.125
12323 0.125
7240 0.125
4585 0.125
3903 0.125
39097 0.111111
29954 0.111111
26081 0.111111
21608 0.111111
20017 0.111111
12124 0.111111
11519 0.111111
8632 0.111111
4424 0.111111
3296 0.111111
3114 0.111111
35 0.111111
35489 0.1
32585 0.1
28608 0.1
23265 0.1
21968 0.1
16989 0.1
8894 0.1
2848 0.1
1778 0.1
30796 0.0909091
25405 0.0909091
19135 0.0909091
17455 0.0909091
4199 0.0909091
419 0.0909091
7817 0.090873
3584 0.090873
23782 0.0900488
16813 0.0900488
16210 0.0900488
40379 0.0833333
35544 0.0833333
28124 0.0833333
27232 0.0833333
25062 0.0833333
24893 0.0833333
16883 0.0833333
15488 0.0833333
12135 0.0833333
7856 0.0833333
47 0.0833333
19020 0.0769231
36222 0.0714286
34065 0.0714286
33975 0.0714286
30862 0.0714286
30857 0.0714286
21692 0.0714286
19731 0.0714286
15602 0.0714286
10636 0.0714286
8965 0.0714286
2470 0.0714286
3850 0.0625
40717 0.0588235
34964 0.0588235
34260 0.0588235
32142 0.0588235
30104 0.0588235
28015 0.0588235
27560 0.0588235
25861 0.0588235
25772 0.0588235
22195 0.0588235
21704 0.0588235
20612 0.0588235
13875 0.0588235
12253 0.0588235
1779 0.0588235
36101 0.0555556
34109 0.0555556
28780 0.0555556
16336 0.0555556
15119 0.0555556
14852 0.0555556
10368 0.0555556
37749 0.0526316
34552 0.0526316
27522 0.0526316
27367 0.0526316
26495 0.0526316
26092 0.0526316
23387 0.0526316
20274 0.0526316
17693 0.0526316
15439 0.0526316
14003 0.0526316
13841 0.0526316
11762 0.0526316
10091 0.0526316
10082 0.0526316
1024 0.0526316
31540 0.047619
24726 0.047619
21610 0.047619
22129 0.0416667
16965 0.0416667
8811 0.0416667
2015 0.0416667
35810 0.0384615
32566 0.0384615
29389 0.0384615
9960 0.0384615
37771 0.0357143
37377 0.0357143
23272 0.0357143
11027 0.0357143
40681 0.0333333
34461 0.0333333
28661 0.0333333
22069 0.0333333
18597 0.0333333
8975 0.0333333
40940 0.015873
34505 0.015873
32487 0.015873
30315 0.015873
28751 0.015873
28272 0.015873
23005 0.015873
21036 0.015873
20269 0.015873
18280 0.015873
17279 0.015873
12390 0.015873
12089 0.015873
9953 0.015873
9398 0.015873
9333 0.015873
8553 0.015873
6594 0.015873
6267 0.015873
5118 0.015873
727 0.015873
40980 0
40979 0
40978 0
40977 0
40976 0
40975 0
40974 0
40973 0
40972 0
40971 0
40970 0
40969 0
40968 0
40967 0
40966 0
40965 0
40964 0
40963 0
40962 0
40961 0
40960 0
40959 0
40958 0
40957 0
40956 0
40955 0
40954 0
40953 0
40952 0
40951 0
40950 0
40949 0
40948 0
40947 0
40946 0
40945 0
40944 0
40943 0
40942 0
40941 0
40939 0
40938 0
40937 0
40936 0
40935 0
40934 0
40933 0
40932 0
40931 0
40930 0
40929 0
40928 0
40927 0
40926 0
40925 0
40924 0
40923 0
40922 0
40921 0
40920 0
40919 0
40918 0
40917 0
40916 0
40915 0
40914 0
40913 0
40912 0
40911 0
40910 0
40909 0
40908 0
40907 0
40906 0
40905 0
40904 0
40903 0
40902 0
40901 0
40900 0
40899 0
40898 0
40897 0
40896 0
40895 0
40894 0
40893 0
40892 0
40891 0
40890 0
40889 0
40888 0
40887 0
40886 0
40885 0
40884 0
40883 0
40882 0
40881 0
40880 0
40879 0
40878 0
40877 0
40876 0
40875 0
40874 0
40873 0
40872 0
40871 0
40870 0
40869 0
40868 0
40867 0
40866 0
40865 0
40864 0
40863 0
40862 0
40861 0
40860 0
40859 0
40858 0
40857 0
40856 0
40855 0
40854 0
40853 0
40852 0
40851 0
40850 0
40849 0
40848 0
40847 0
40846 0
40845 0
40844 0
40843 0
40842 0
40841 0
40840 0
40839 0
40838 0
40837 0
40836 0
40835 0
40834 0
40833 0
40832 0
40831 0
40830 0
40829 0
40828 0
40827 0
40826 0
40825 0
40824 0
40823 0
40822 0
40821 0
40820 0
40819 0
40818 0
40817 0
40815 0
40814 0
40813 0
40812 0
40811 0
40810 0
40809 0
40808 0
40807 0
40806 0
40805 0
40804 0
40803 0
40802 0
40801 0
40800 0
40799 0
40798 0
40797 0
40796 0
40795 0
40794 0
40793 0
40792 0
40791 0
40790 0
40789 0
40788 0
40787 0
40786 0
40785 0
40784 0
40783 0
40782 0
40781 0
40780 0
40779 0
40778 0
40777 0
40776 0
40775 0
40774 0
40773 0
40772 0
40771 0
40770 0
40769 0
