28776 1865.28
1158 1124.65
9333 718.178
21015 707.028
14251 547.58
34488 316.182
7570 254.452
13392 223.89
14163 195.395
24726 192.817
3012 159.682
5798 152.058
38449 131.78
13839 115.187
3578 107.137
21693 106.273
11027 100.038
3263 96.1179
29986 94.6571
23837 92.5349
18227 91.1806
37377 90.5537
20262 85.0019
16210 83.7715
3114 82.5194
10211 82.4158
35699 79.0659
33975 76.1597
22254 75.8309
37266 75.4657
20275 74.1645
3516 73.3388
29879 71.3163
29438 69.6212
24005 68.5545
38454 65.8775
17987 63.5801
14656 57.8747
19096 56.7091
14105 53.9792
35487 53.4704
21608 50.8969
2922 50.3634
36829 48.0409
31215 46.5207
4555 46.3283
20218 45.0346
27184 45.019
9464 44.8528
35545 42.3918
22197 40.883
10904 39.1302
11452 38.8973
24630 38.0084
15684 37.9413
29389 37.9273
19135 35.6443
22939 34.381
29178 33.6164
32585 32.6514
23782 31.4467
544 31.2987
3964 30.9583
31922 30.3736
3396 29.6729
20274 29.0925
18901 28.9328
34630 28.8724
3595 27.3979
7317 27.0768
6594 26.8757
7783 26.6745
35950 25.8104
39763 25.0995
28694 24.8707
13594 23.5594
23005 23.2927
17804 23.1802
15250 23.1146
12736 23.0866
14852 23.0539
23168 22.9197
19629 22.5586
13277 22.1
19281 21.8184
15638 21.7315
40289 21.4839
21059 21.3275
22129 21.1702
22701 20.4679
25161 20.4304
14866 20.3905
14051 20.3744
8965 20.0901
32608 20.007
12198 19.7747
39153 19.7522
14373 19.1433
22950 19.1191
144 18.106
39628 17.516
20372 17.17
9960 17.1264
20698 16.9917
10082 16.955
13687 16.7374
40341 16.6806
3063 16.2848
20716 16.1323
24259 15.9447
11938 15.6114
27287 15.4871
23798 15.4389
438 15.4189
34651 15.0861
23586 15.0407
26737 14.817
19791 14.7996
7325 13.9154
8951 13.8667
17245 13.841
22280 13.7515
2115 13.5852
25092 13.3687
14563 13.248
21963 13.0894
34065 12.6774
21692 12.4902
722 12.4465
7856 12.2408
9495 12.0725
16883 12.0354
24742 11.8319
33082 11.3447
552 11.1966
38919 11.1375
22195 11.0934
29116 11.0499
8257 10.9996
13318 10.9266
3584 10.874
28751 10.7878
37517 10.6708
32244 10.5864
5970 10.2082
39156 10.1408
27024 10.1316
32011 10.0951
3306 9.87383
11099 9.79366
34399 9.76705
25772 9.57008
24359 9.39604
24548 9.35698
6087 9.32163
36222 9.31163
17566 8.9755
35318 8.9474
33970 8.88068
36296 8.83441
4630 8.62406
15064 8.61872
3836 8.57817
31967 8.57423
15439 8.55937
4989 8.55342
36482 8.54744
33265 8.43927
26631 8.37525
20210 8.31876
19211 8.312
15119 8.23991
24292 8.22781
27794 8.15908
12533 8.04773
18882 8.02566
13865 7.98814
8954 7.94034
28780 7.86477
23387 7.86177
4424 7.81959
39744 7.79659
30104 7.76283
24418 7.58843
6940 7.53882
8975 7.48091
27558 7.41689
35025 7.40306
30273 7.389
32096 7.37445
319 7.37264
23047 7.3583
7974 7.29423
28678 7.27682
9953 7.21991
7012 7.09648
37802 7.09466
28267 7.05603
28700 7.05551
11698 7.03581
18575 7.02728
26489 7.00645
28981 6.99505
36812 6.97431
35863 6.87268
24412 6.82304
14648 6.82196
10377 6.77325
37727 6.74418
16609 6.68317
39224 6.64276
24303 6.63852
22162 6.55246
39937 6.53638
14880 6.50612
11762 6.46114
26025 6.40045
8421 6.3861
37872 6.36513
1613 6.33527
38381 6.28448
38988 6.27228
27609 6.21683
25494 5.97702
37538 5.95944
5452 5.92818
16087 5.90776
16225 5.88338
21588 5.87185
107 5.77922
8202 5.7276
28533 5.68203
36786 5.65538
10554 5.65397
10256 5.57587
198 5.53285
36111 5.52667
7799 5.50636
21574 5.50515
14065 5.44921
29685 5.44593
31540 5.39125
39415 5.32523
10470 5.3145
12804 5.27923
17937 5.23606
11286 5.21615
17239 5.16902
37112 5.16603
18486 5.07846
9336 5.06769
23664 5.04944
4261 5.03393
36318 5.01465
5566 4.9353
19731 4.91789
34531 4.91219
19496 4.89826
18061 4.88196
25696 4.88035
11311 4.86665
17643 4.85994
5118 4.8558
35810 4.83984
11375 4.765
34939 4.76197
11045 4.73987
40292 4.73196
36498 4.7166
22441 4.65888
5231 4.63167
30986 4.62965
34956 4.62466
28608 4.59872
27358 4.59681
11222 4.58233
15169 4.5597
37684 4.53593
21657 4.51269
18794 4.5039
25819 4.50209
18436 4.4196
18280 4.38737
19526 4.34297
15573 4.3288
29662 4.30714
15977 4.30168
28272 4.2927
31772 4.26978
28470 4.23382
29532 4.21278
2264 4.20002
972 4.19377
16336 4.18078
27851 4.16841
16813 4.16603
22346 4.16296
33098 4.15618
18142 4.14927
25470 4.14737
15138 4.14599
26301 4.13288
694 4.12602
32150 4.11444
12024 4.10656
40941 4.09274
9841 4.08706
27235 4.08666
3850 4.04557
24747 4.03391
13852 3.99233
39529 3.98803
18987 3.97866
13404 3.96895
15475 3.92141
32776 3.90987
20067 3.88028
37771 3.79778
32270 3.79455
25735 3.7638
5545 3.7516
6466 3.73276
11344 3.72634
12242 3.6513
39976 3.62928
25516 3.61548
30228 3.60519
39544 3.57866
11295 3.53566
39590 3.51332
31998 3.50988
15532 3.49315
1067 3.48983
6063 3.48194
27501 3.4752
9515 3.47488
33787 3.46279
32540 3.46091
24163 3.45563
9728 3.45476
17670 3.45069
27377 3.44416
17124 3.4436
775 3.4246
30818 3.37926
39525 3.3486
34696 3.30255
19343 3.28438
22160 3.26619
1272 3.2615
35461 3.25417
16714 3.25389
31280 3.20707
34759 3.2068
8658 3.19491
352 3.18454
23265 3.16045
24127 3.15404
30348 3.14958
22662 3.13445
11329 3.08474
38474 3.06171
35374 3.05202
13154 3.04584
23294 3.04443
8981 3.03838
16348 3.03313
20255 3.03258
12521 3.01082
14976 3.00316
30258 2.99643
30761 2.99542
19976 2.99489
25877 2.99205
31795 2.98196
36714 2.97565
30542 2.97303
6088 2.96524
34317 2.95623
36577 2.9481
6733 2.93867
6688 2.92695
34386 2.91619
25861 2.8723
7034 2.85715
21546 2.84999
17896 2.82758
18590 2.81396
18726 2.8004
21968 2.78665
33733 2.78451
22747 2.75893
37768 2.75829
173 2.74906
23136 2.71459
35491 2.71373
25281 2.69444
28210 2.68283
34175 2.65141
22181 2.65104
18115 2.64525
4429 2.64088
26274 2.63668
11111 2.63254
40896 2.62967
8172 2.61205
36179 2.60831
23416 2.60471
2391 2.60257
34680 2.5936
40626 2.59147
28205 2.58966
7368 2.58792
11872 2.58773
9721 2.56745
15098 2.56187
22545 2.55811
383 2.55145
39964 2.54555
35878 2.53893
30623 2.53325
7459 2.51771
23349 2.50589
5063 2.49947
12191 2.48333
8141 2.48144
32078 2.47764
18615 2.47541
7330 2.47405
26660 2.47403
28124 2.47246
22913 2.46302
38978 2.4616
18049 2.45941
11519 2.45645
27056 2.44928
25071 2.44166
20278 2.43123
35549 2.4061
23652 2.38149
16151 2.37414
34395 2.36102
354 2.35334
4816 2.34725
36092 2.33882
9746 2.31897
31583 2.3099
13641 2.30734
11103 2.30428
36248 2.29896
12120 2.29503
39341 2.29286
16392 2.28897
35544 2.28143
40826 2.268
39797 2.26737
5156 2.25697
13802 2.24956
28661 2.24741
2015 2.23754
23648 2.23509
28960 2.23185
15488 2.21659
34964 2.20103
15218 2.19167
619 2.19108
24300 2.1873
40345 2.18608
40816 2.175
1413 2.17079
34260 2.16988
28594 2.16962
10092 2.16631
30473 2.16549
38782 2.15417
9917 2.15017
30570 2.13571
35625 2.11349
7491 2.11186
33130 2.10294
8396 2.08844
25269 2.08571
1609 2.08447
12390 2.08265
40484 2.07778
36910 2.07057
14464 2.06971
38160 2.06848
38280 2.06501
11076 2.06273
21116 2.05963
3296 2.05856
9416 2.05728
15572 2.04668
16485 2.04611
37905 2.03483
15007 2.02917
3524 2.02649
28578 2.02078
27289 2.01821
