2885 51552
23843 24427.3
17312 21943.8
13654 21393.3
31301 18675.2
30793 18507.6
24239 12495.1
8672 12193.2
32620 11452.1
35766 11432
19032 10758.7
18328 10504.2
35734 9448.22
830 9408.88
22711 8920.27
39962 8165.29
22594 8051.13
14138 7429.46
34768 6762.38
3936 6744.35
39791 5890.61
32885 5578.89
27926 5299.75
12569 4958.37
36400 4871.25
10923 4825.47
21889 4822.58
2869 4587.24
36313 4092.99
13916 3557.93
21703 3521.45
33633 3364.53
6592 3360.24
35346 3310.94
35317 3302.73
20250 3279.44
18520 3261.22
16806 3185.57
33267 3146.11
22530 2819.01
6041 2694.06
22405 2659.62
36952 2648.53
1975 2635.3
21323 2623.64
22184 2575.77
9197 2485.43
24825 2377.4
35063 2363.67
28094 2186.93
9196 2162.99
24678 2143.36
15225 2115.29
1659 2091.04
5778 2048.35
543 1988.99
432 1971.16
8027 1908.44
37342 1900.52
16298 1883.95
7145 1862.53
40890 1803.6
10210 1799.67
26786 1785.45
23696 1714.38
37924 1654.88
3852 1654.78
34116 1644.56
31589 1641.48
23724 1564.25
33545 1553.22
37027 1513.17
13507 1493.89
15416 1488.37
16947 1479.13
16723 1466.79
24596 1461.37
39951 1454.91
7852 1453.35
36528 1450.43
987 1443.77
39671 1432.71
18963 1426.93
11626 1415.62
31947 1392.4
23432 1344.75
37711 1312.03
34123 1300.41
40342 1293.06
20007 1288.71
30897 1287.92
26476 1271.54
16283 1263.24
37882 1261.13
6992 1257.03
34561 1252.87
37340 1234.2
37496 1233.37
8224 1211.53
10480 1210.22
11810 1197.72
8242 1176.45
16504 1166.43
4189 1162.7
2786 1131.65
3541 1127.18
3940 1105.37
2484 1099.9
37374 1099.48
40525 1099.38
30425 1096.16
40883 1094.98
34999 1077.59
18138 1057.13
8412 1051.49
6033 1050.84
23898 1042.56
1610 1032.78
14943 1016.66
3096 1008.54
26181 1004.92
29901 1000.74
18950 998.508
20928 993.637
12766 980.098
7076 967.335
8237 931.598
27863 925.457
2781 924.626
6336 922.663
37546 916.44
25826 914.752
8035 896.057
39661 889.646
3068 885.625
20167 876.71
24505 872.589
21186 861.07
17301 854.228
6319 851.623
40165 851.373
40204 850.051
11113 848.554
32536 836.621
33452 832.683
24902 830.991
29140 827.135
19277 798.017
13043 795.612
12522 789.891
4994 788.871
17154 782.707
38141 768.451
27190 763.633
11789 763.328
6715 762.878
16047 762.73
9665 761.373
15665 750.901
16395 748.222
18834 747.755
31283 746.595
29634 744.688
30847 738.486
28424 727.376
5821 722.763
6140 722.738
30209 717.591
24162 703.133
13635 683.316
19774 682.875
4112 678.815
26095 672.521
22088 670.626
18329 669.531
15276 668.707
12893 662.965
9553 657.095
16745 644.929
14672 640.678
19461 637.303
38952 627.743
878 620.382
26069 617.465
25065 615.656
2542 603.529
38856 597.588
16233 596.114
28110 595.831
5214 595.829
29077 590.761
35525 589.02
17634 588.523
38535 585.183
27033 579.567
25765 577.014
1965 576.796
27166 566.235
37672 564.068
8592 560.799
6262 560.624
20177 547.659
5875 540.21
18248 534.103
110 528.736
7708 528.108
24591 527.261
4551 524.409
15012 520.195
19967 518.5
233 517.596
3887 514.445
27989 513.305
27486 510.766
3002 508.572
1760 506.951
5293 503.416
885 498.441
13628 493.481
29030 486.384
39183 484.958
14858 482.91
15603 473.607
19517 471.244
2027 470.928
16076 464.237
25016 461.172
30676 460.667
29923 459.223
7807 458.537
11080 458.234
3356 458.009
39177 449.209
36918 447.574
37233 447.548
32886 446.235
31329 443.701
39947 443.65
21978 443.455
4761 439.565
4872 438.348
556 437.989
15467 436.981
16097 432.25
12525 431.826
27740 426.568
19253 424.225
1791 417.773
35706 417.645
20569 415.982
30419 402.211
5693 398.493
7536 394.498
21903 393.32
14534 380.7
13194 380.08
26832 379.61
20704 379.285
2262 377.19
26541 375.668
32572 373.573
34911 372.845
38346 367.271
2899 366.959
5362 366.644
31564 363.25
4998 356.349
24957 354.248
37426 352.968
28952 347.789
37523 346.213
18356 345.858
2069 344.64
31582 343.043
595 342.063
5824 341.636
36796 341.11
18119 340.796
31140 339.606
1 339.602
15562 339.145
31537 337.818
37729 333.555
4539 331.585
391 330.804
31553 326.317
9239 326.232
19511 321.418
18866 320.977
11393 317.995
28855 317.706
30417 313.728
21000 313.607
14934 308.771
30216 308.661
6518 307.826
21772 305.363
32043 304.329
23628 301.514
12989 298.453
2249 297.668
2877 296.535
8969 296.271
26546 295.971
18842 294.621
30589 293.574
21757 292.355
36673 291.656
23439 290.748
11147 290.11
32930 289.73
26803 289.708
19653 286.742
36734 285.432
21861 284.572
6501 284.27
34702 281.923
6707 281.715
27514 281.713
550 280.04
25568 277.015
1410 275.882
27663 275.663
33108 272.609
32016 271.455
1462 271.12
612 270.794
6924 270.53
21911 270.277
3018 269.605
20093 269.054
10991 267.811
37077 266.78
37750 265.104
11453 260.278
12451 260.159
13337 259.449
36899 258.288
7921 257.731
25651 257.718
40389 257.705
17583 255.944
32324 255.079
38772 254.734
17033 254.631
21801 254.013
34043 250.891
19712 248.866
18428 248.862
26137 247.262
39172 247.221
31943 244.238
29237 243.436
38049 242.764
7592 242.75
35014 241.233
15400 239.945
17393 237.098
5103 237.029
17943 236.711
32544 236.619
18683 235.554
35825 234.027
22170 233.403
24137 233.211
38118 232.788
32243 232.398
29997 231.111
32688 229.713
10737 229.398
3535 229.016
17921 228.497
20789 228.425
25659 227.318
39383 225.987
7478 225.246
22228 224.317
5561 222.852
33028 221.287
39925 218.853
22313 216.364
7937 215.921
9180 214.721
21005 214.427
18555 214.268
6654 214.241
28089 214.156
8828 213.854
23240 213.742
4296 212.348
38608 210.997
36239 208.075
21785 207.731
26750 206.92
9561 205.877
15075 204.597
6298 204.311
37888 203.866
12449 203.587
22218 202.515
16001 201.97
15264 201.059
4444 200.756
38583 200.612
26084 198.614
35185 196.476
37070 195.896
19311 193.088
13513 192.888
9442 192.779
4934 192.59
21341 192.019
31260 189.583
33653 188.45
22960 188.286
30234 186.765
29875 185.937
38002 183.543
12377 183.532
21859 183.186
39245 183.171
2840 182.024
40314 180.216
26854 179.778
6830 179.702
34835 179.691
2638 179.278
29852 179.01
26398 179.008
31806 178.78
29143 177.593
11804 177.576
23446 177.225
36661 177.094
34923 176.738
1332 174.656
39400 173.821
35265 173.191
15669 172.678
3821 172.107
38863 171.783
34825 170.967
35974 170.798
39960 169.058
33377 168.959
34664 168.401
29551 168.358
11410 167.604
28988 167.128
697 165.667
18558 165.554
31390 164.995
3030 164.605
29589 163.435
33256 160.793
36395 159.912
22368 158.899
7412 158.247
8427 157.003
31964 156.973
11488 156.277
35203 155.178
23218 154.449
37048 154.285
2585 153.716
24400 152.75
28552 152.138
349 151.956
21217 151.854
29473 151.784
20763 151.569
25362 151.224
37923 150.842
24790 150.32
30186 149.99
33477 149.764
12541 149.352
23399 148.903
31352 148.406
12911 147.228
24368 146.898
31090 146.793
26323 146.677
29211 146.365
7132 146.049
34565 145.294
23468 144.932
36712 143.359
52 143.207
37800 143.092
25079 142.878
4023 142.251
7059 141.707
27032 141.379
17074 140.967
4038 140.949
2621 140.07
25614 139.442
12104 138.17
4083 137.683
