22594 128.717
21183 39.4458
1957 11.4325
16172 10.8976
30997 10.2922
401 8.63458
7514 7.89217
10986 7.64344
39459 6.45491
16639 5.74405
23043 5.63224
28051 5.49597
12402 5.34835
21668 5.31017
13485 5.23297
36141 4.91904
20271 4.73644
4322 4.72045
29619 4.69922
28146 4.64325
39572 4.612
26715 4.38192
4298 4.31313
19032 4.2873
31301 4.22133
23696 4.19229
40248 3.95264
39514 3.87229
179 3.82944
35833 3.72449
1043 3.70959
18656 3.37565
10923 3.32119
30579 3.31667
9838 3.18232
23215 3.15863
37249 3.14528
27317 3.13036
11801 2.97488
39667 2.85
27336 2.82872
13043 2.82764
26352 2.80537
37780 2.79266
39613 2.72001
6415 2.70286
600 2.5048
32885 2.46591
17273 2.43999
31925 2.38684
5666 2.33599
40579 2.32421
7920 2.27002
25339 2.20464
5258 2.12676
40915 2.09444
5940 2.08214
33213 2.07534
31288 2.03
28624 1.98972
9671 1.93849
19365 1.85155
38531 1.83651
4675 1.83246
8672 1.70196
17574 1.68909
5693 1.6662
14595 1.66557
7563 1.60119
31371 1.57583
27500 1.54349
19299 1.53333
9656 1.52646
18495 1.51504
11453 1.4996
25784 1.49532
21202 1.49387
1917 1.47811
3210 1.45426
15981 1.43452
5912 1.43333
18388 1.40833
34228 1.39073
18107 1.38095
5141 1.32718
22580 1.31859
33439 1.30952
28426 1.3092
35844 1.28258
2885 1.26594
34242 1.26032
37523 1.24588
10088 1.23452
12791 1.22977
40616 1.22609
11028 1.22529
10739 1.2193
6154 1.19484
13179 1.18704
27888 1.17061
4052 1.16327
27766 1.15
33049 1.13526
39965 1.12964
27586 1.12856
6421 1.10025
32598 1.09354
18610 1.09286
20669 1.08992
31203 1.07644
3992 1.05833
27799 1.05317
31697 1.03516
31491 1.03452
30251 1.03333
790 1.03083
35725 1.02857
7762 1.02692
30450 1.02676
9554 1.02619
2247 1.01786
6882 1.00725
4595 0.973882
32454 0.9728
9532 0.96978
24612 0.967857
9775 0.965297
30832 0.964286
31283 0.958824
13191 0.951623
17634 0.935056
31024 0.923449
17314 0.919697
4901 0.897131
7803 0.892199
31286 0.885104
31113 0.868968
3352 0.862734
27505 0.852862
24618 0.851812
23118 0.836111
18950 0.834271
3590 0.830386
16599 0.82381
30793 0.822941
23154 0.821604
13136 0.810534
16597 0.807166
28938 0.785714
3256 0.780556
23691 0.776874
38788 0.762611
1975 0.762155
9100 0.761544
33016 0.761447
37767 0.753114
24468 0.75
10906 0.747952
37230 0.742063
39771 0.72702
2635 0.7265
38292 0.726062
27976 0.725992
28117 0.7
21008 0.7
40899 0.69938
40825 0.693083
22360 0.692857
2960 0.688139
33962 0.675253
9930 0.664027
26433 0.65
9686 0.644444
33875 0.642857
9579 0.642857
18676 0.642499
23843 0.642013
5725 0.640045
22119 0.634967
39483 0.625
19763 0.620635
3211 0.617262
16514 0.616667
7348 0.616667
543 0.611111
14636 0.610714
8867 0.604655
6255 0.603889
27711 0.602778
18457 0.600913
20060 0.600792
27848 0.592857
4225 0.592857
18328 0.59148
6655 0.590768
17644 0.576923
26883 0.574866
69 0.574866
35734 0.557365
33989 0.557143
31329 0.553114
25731 0.540976
30546 0.533333
18532 0.533333
21295 0.525
2647 0.509952
28953 0.503048
20489 0.500243
21018 0.5
17312 0.499369
20642 0.497619
39962 0.491995
23046 0.491667
8465 0.479881
33451 0.47619
23247 0.458333
24599 0.453817
4443 0.452381
33157 0.444444
28870 0.444048
6262 0.438095
33302 0.436111
35208 0.429167
24483 0.429167
25803 0.424242
32229 0.42316
2796 0.416667
4208 0.41657
591 0.415909
6096 0.415269
39791 0.413871
16266 0.400433
21140 0.4
20233 0.392857
21180 0.391667
19438 0.391667
21939 0.388848
25313 0.375
23582 0.372029
4705 0.361368
33224 0.358766
26069 0.357241
19861 0.355556
6191 0.350649
8017 0.35049
13338 0.348485
17223 0.344444
2335 0.34359
15122 0.343541
10712 0.34142
186 0.339428
25022 0.338095
9766 0.338095
40846 0.333333
17083 0.333333
9442 0.333333
6132 0.333333
4374 0.333333
3096 0.331452
24239 0.327581
22184 0.327581
2384 0.326984
4348 0.326923
36395 0.325397
3182 0.325
34768 0.32406
3543 0.317857
37127 0.314286
39708 0.312121
24831 0.312121
35448 0.309524
34564 0.308333
11360 0.299242
7315 0.296429
33121 0.293828
15734 0.291667
27274 0.290727
32620 0.28819
29588 0.287338
6651 0.285354
24028 0.278943
20350 0.278943
10361 0.278943
15501 0.277419
9665 0.275868
595 0.273109
24505 0.271972
38265 0.259973
27926 0.258972
24678 0.258972
22711 0.258972
4454 0.252525
2829 0.251923
16462 0.250534
29355 0.25
29233 0.25
27667 0.25
25518 0.25
25210 0.25
24670 0.25
17862 0.25
9726 0.25
2560 0.25
1704 0.25
17858 0.249639
37176 0.249601
28552 0.245594
19433 0.233187
27169 0.232323
34972 0.230769
13698 0.227778
39951 0.227564
27459 0.221078
9730 0.219697
35063 0.213585
2542 0.213585
17963 0.209967
27514 0.204545
31835 0.203409
5214 0.203175
24382 0.201542
20229 0.201542
18274 0.201542
17075 0.201542
13309 0.201542
5153 0.201542
22910 0.201149
37580 0.20101
4158 0.200983
40889 0.2
35547 0.2
30252 0.2
28891 0.2
28864 0.2
28152 0.2
28029 0.2
19714 0.2
18006 0.2
17458 0.2
15323 0.2
10338 0.2
6681 0.2
5895 0.2
5874 0.2
4643 0.2
2316 0.2
5362 0.197619
23724 0.197205
33918 0.194017
35616 0.19228
29077 0.19183
24825 0.191626
23439 0.187363
14138 0.187363
13432 0.186646
34635 0.181818
12637 0.180952
20648 0.178655
32367 0.17619
39593 0.166667
34599 0.166667
32533 0.166667
32225 0.166667
29465 0.166667
29106 0.166667
23592 0.166667
23061 0.166667
22029 0.166667
19104 0.166667
15690 0.166667
11348 0.166667
9725 0.166667
7516 0.166667
3684 0.166667
16817 0.16353
29484 0.162782
17150 0.162782
34311 0.160091
363 0.159715
26661 0.157226
8756 0.153409
34433 0.14993
16791 0.14993
939 0.14993
37935 0.146429
34167 0.146429
7147 0.145688
40297 0.142857
37867 0.142857
37690 0.142857
35534 0.142857
31800 0.142857
23332 0.142857
22002 0.142857
20432 0.142857
19571 0.142857
16968 0.142857
12369 0.142857
10623 0.142857
8211 0.142857
4111 0.142857
16233 0.136864
36557 0.130952
7135 0.127626
40204 0.12679
16076 0.126772
37711 0.125
32269 0.125
28659 0.125
26237 0.125
25065 0.125
25029 0.125
19839 0.125
17407 0.125
17246 0.125
16567 0.125
16194 0.125
15769 0.125
11104 0.125
9176 0.125
8351 0.125
7260 0.125
5644 0.125
10731 0.112155
5663 0.112155
37888 0.111111
32933 0.111111
30117 0.111111
24146 0.111111
19117 0.111111
18011 0.111111
17368 0.111111
16869 0.111111
8662 0.111111
8318 0.111111
7054 0.111111
2149 0.111111
32518 0.108183
10073 0.108183
15225 0.107428
13916 0.107428
26832 0.106111
13654 0.106111
40288 0.1
39676 0.1
37417 0.1
36695 0.1
33485 0.1
30964 0.1
30916 0.1
28345 0.1
24002 0.1
20167 0.1
16789 0.1
9399 0.1
9196 0.1
7145 0.1
6481 0.1
6438 0.1
39938 0.0909091
39694 0.0909091
37010 0.0909091
35110 0.0909091
34420 0.0909091
34342 0.0909091
33992 0.0909091
33813 0.0909091
33033 0.0909091
32640 0.0909091
30240 0.0909091
28233 0.0909091
27585 0.0909091
24124 0.0909091
18788 0.0909091
13601 0.0909091
10076 0.0909091
8158 0.0909091
3541 0.0909091
1948 0.0909091
919 0.0909091
35262 0.0833333
28010 0.0833333
26137 0.0833333
52 0.0784632
26803 0.0769231
20978 0.0769231
20106 0.0769231
12758 0.0769231
10737 0.0769231
9092 0.0769231
7809 0.0769231
3314 0.0769231
2241 0.0769231
2134 0.0769231
28094 0.0746472
830 0.0723665
34156 0.0714286
23655 0.0714286
19972 0.0714286
18616 0.0714286
