6034 3.64035
23843 2.86299
4998 2.53521
29401 2.39091
13309 1.63571
27082 1.32763
28500 1.25952
18328 1.23611
21394 1.19091
18463 1.10202
33885 1
19236 0.997854
40604 0.864322
39640 0.85873
40716 0.812155
8672 0.806349
34758 0.783333
797 0.755952
19515 0.75
16339 0.75
19428 0.733333
18428 0.733333
25016 0.67619
15020 0.666667
9107 0.666667
987 0.625
30612 0.613382
37967 0.611111
33819 0.6
8088 0.5625
12292 0.547619
33841 0.546318
22501 0.509524
14683 0.509524
37347 0.503968
15191 0.502632
843 0.490909
1514 0.485714
37701 0.45202
31951 0.45
38630 0.433766
17260 0.430556
15151 0.422222
16817 0.398413
11501 0.374242
1608 0.349537
9876 0.346465
15067 0.344298
40715 0.333333
32001 0.333333
23435 0.333333
21510 0.333333
20250 0.333333
20193 0.333333
19572 0.333333
17204 0.333333
14203 0.333333
13654 0.333333
9670 0.333333
7277 0.333333
1997 0.333333
23093 0.313131
34737 0.30202
5569 0.26452
7878 0.253409
40882 0.25
39886 0.25
36477 0.25
35220 0.25
32403 0.25
32313 0.25
31116 0.25
27799 0.25
26977 0.25
26070 0.25
24286 0.25
18047 0.25
15897 0.25
13903 0.25
13740 0.25
8703 0.25
6041 0.25
3226 0.25
1508 0.25
37710 0.238889
18582 0.238889
6239 0.230952
17470 0.219298
17106 0.214286
40271 0.2
39085 0.2
36921 0.2
35022 0.2
34825 0.2
29723 0.2
25136 0.2
24077 0.2
21590 0.2
19032 0.2
40340 0.166667
38245 0.166667
37444 0.166667
32375 0.166667
30802 0.166667
27928 0.166667
27694 0.166667
23972 0.166667
23144 0.166667
18263 0.166667
15460 0.166667
14891 0.166667
8831 0.166667
4861 0.166667
39 0.166667
16706 0.155806
12915 0.155806
39652 0.142857
39228 0.142857
37758 0.142857
35346 0.142857
31683 0.142857
30676 0.142857
30491 0.142857
27400 0.142857
26758 0.142857
25353 0.142857
23675 0.142857
23464 0.142857
18474 0.142857
16156 0.142857
15994 0.142857
15869 0.142857
14939 0.142857
13943 0.142857
11677 0.142857
11293 0.142857
11080 0.142857
2674 0.142857
40426 0.125
31664 0.125
25597 0.125
22615 0.125
15118 0.125
8939 0.125
8744 0.125
6756 0.125
39383 0.111111
39294 0.111111
30054 0.111111
28813 0.111111
21850 0.111111
17322 0.111111
7225 0.111111
4695 0.111111
1975 0.111111
947 0.111111
40219 0.0909091
39620 0.0909091
30220 0.0909091
12450 0.0909091
11404 0.0909091
4891 0.0909091
3455 0.0909091
26055 0.0833333
16390 0.0833333
9381 0.0833333
8031 0.0833333
3709 0.0833333
39560 0.0625
37190 0.0625
36515 0.0625
34610 0.0625
32289 0.0625
20172 0.0625
5271 0.0625
1550 0.0625
39028 0.0555556
29633 0.0555556
29418 0.0555556
27926 0.0555556
24678 0.0555556
24560 0.0555556
22184 0.0555556
21415 0.0555556
18411 0.0555556
13819 0.0555556
12981 0.0555556
11932 0.0555556
11315 0.0555556
8838 0.0555556
7565 0.0555556
6275 0.0555556
35347 0.0526316
24562 0.0526316
23007 0.0526316
21145 0.0526316
9037 0.0526316
7876 0.0526316
36947 0.047619
31339 0.047619
25312 0.047619
17286 0.047619
13413 0.047619
10266 0.047619
9558 0.047619
39962 0.037037
39791 0.037037
36952 0.037037
36239 0.037037
35734 0.037037
35063 0.037037
34664 0.037037
32987 0.037037
28952 0.037037
23628 0.037037
22711 0.037037
17401 0.037037
17154 0.037037
16047 0.037037
12911 0.037037
9924 0.037037
9197 0.037037
7889 0.037037
5840 0.037037
5827 0.037037
2885 0.037037
2542 0.037037
502 0.037037
233 0.037037
40980 0
40979 0
40978 0
40977 0
40976 0
40975 0
40974 0
40973 0
40972 0
40971 0
40970 0
40969 0
40968 0
40967 0
40966 0
40965 0
40964 0
40963 0
40962 0
40961 0
40960 0
40959 0
40958 0
40957 0
40956 0
40955 0
40954 0
40953 0
40952 0
40951 0
40950 0
40949 0
40948 0
40947 0
40946 0
40945 0
40944 0
40943 0
40942 0
40941 0
40940 0
40939 0
40938 0
40937 0
40936 0
40935 0
40934 0
40933 0
40932 0
40931 0
40930 0
40929 0
40928 0
40927 0
40926 0
40925 0
40924 0
40923 0
40922 0
40921 0
40920 0
40919 0
40918 0
40917 0
40916 0
40915 0
40914 0
40913 0
40912 0
40911 0
40910 0
40909 0
40908 0
40907 0
40906 0
40905 0
40904 0
40903 0
40902 0
40901 0
40900 0
40899 0
40898 0
40897 0
40896 0
40895 0
40894 0
40893 0
40892 0
40891 0
40890 0
40889 0
40888 0
40887 0
40886 0
40885 0
40884 0
40883 0
40881 0
40880 0
40879 0
40878 0
40877 0
40876 0
40875 0
40874 0
40873 0
40872 0
40871 0
40870 0
40869 0
40868 0
40867 0
40866 0
40865 0
40864 0
40863 0
40862 0
40861 0
40860 0
40859 0
40858 0
40857 0
40856 0
40855 0
40854 0
40853 0
40852 0
40851 0
40850 0
40849 0
40848 0
40847 0
40846 0
40845 0
40844 0
40843 0
40842 0
40841 0
40840 0
40839 0
40838 0
40837 0
40836 0
40835 0
40834 0
40833 0
40832 0
40831 0
40830 0
40829 0
40828 0
40827 0
40826 0
40825 0
40824 0
40823 0
40822 0
40821 0
40820 0
40819 0
40818 0
40817 0
40816 0
40815 0
40814 0
40813 0
40812 0
40811 0
40810 0
40809 0
40808 0
40807 0
40806 0
40805 0
40804 0
40803 0
40802 0
40801 0
40800 0
40799 0
40798 0
40797 0
40796 0
40795 0
40794 0
40793 0
40792 0
40791 0
40790 0
40789 0
40788 0
40787 0
40786 0
40785 0
40784 0
40783 0
40782 0
40781 0
40780 0
40779 0
40778 0
40777 0
40776 0
40775 0
40774 0
40773 0
40772 0
40771 0
40770 0
40769 0
40768 0
40767 0
40766 0
40765 0
40764 0
40763 0
40762 0
40761 0
40760 0
40759 0
40758 0
40757 0
40756 0
40755 0
40754 0
40753 0
40752 0
40751 0
40750 0
40749 0
40748 0
40747 0
40746 0
40745 0
40744 0
40743 0
40742 0
40741 0
40740 0
40739 0
40738 0
40737 0
40736 0
40735 0
40734 0
40733 0
40732 0
40731 0
40730 0
40729 0
40728 0
40727 0
40726 0
40725 0
40724 0
40723 0
40722 0
40721 0
40720 0
40719 0
40718 0
40717 0
40714 0
40713 0
40712 0
40711 0
40710 0
40709 0
40708 0
40707 0
