36368 22.6932
8672 17.4707
5932 14.6795
33348 10.402
8830 6.44722
31100 6.40516
21355 4.71147
18129 4.65486
23843 3.04725
4915 3.0369
9665 2.95592
21788 2.59405
1573 2.39563
22482 2.31667
12550 2.10905
5187 1.88892
2885 1.83688
9561 1.54639
5693 1.505
22594 1.45915
31301 1.44601
15622 1.41667
27799 1.39787
17634 1.33127
21859 1.32929
13299 1.26786
7836 1.18643
19032 0.9948
38491 0.935577
26071 0.866667
35766 0.837612
31528 0.833333
11047 0.794029
5214 0.72619
22879 0.670204
34167 0.658936
17687 0.619464
4405 0.616148
24239 0.571505
7708 0.563413
1313 0.561467
20945 0.549364
17368 0.531692
24812 0.488054
3852 0.483766
29488 0.482601
15156 0.462619
2588 0.406667
34768 0.400433
52 0.394755
5691 0.389423
10923 0.37838
6255 0.37838
33342 0.365079
29473 0.34359
34922 0.333333
27766 0.333333
27332 0.333333
24465 0.333333
16520 0.333333
12212 0.333333
3936 0.333333
2249 0.333333
2038 0.333333
37935 0.331746
25750 0.326389
24678 0.320513
33825 0.319979
18274 0.319979
10737 0.319979
6096 0.319979
21703 0.310689
27926 0.306548
36952 0.285714
33189 0.267832
39916 0.25
37888 0.25
27953 0.25
6851 0.25
2869 0.247024
13654 0.244755
2241 0.233135
13043 0.22619
35734 0.223748
36400 0.2
35346 0.2
25042 0.2
23480 0.2
987 0.2
220 0.2
15237 0.194444
1610 0.174679
35803 0.166667
26653 0.166667
19926 0.166667
7877 0.166667
34433 0.157704
34311 0.157704
31509 0.157704
27963 0.157704
24414 0.157704
21911 0.157704
17715 0.157704
2647 0.157704
35396 0.152244
1091 0.152244
40567 0.145833
30823 0.145833
27992 0.145833
21810 0.145833
18374 0.145833
17812 0.145833
39456 0.142857
36211 0.142857
31589 0.142857
28855 0.142857
20634 0.142857
3890 0.142857
28864 0.125
16390 0.125
14551 0.125
13977 0.125
38453 0.117839
32228 0.117839
28621 0.117839
11450 0.117839
3387 0.117839
34043 0.111111
23813 0.111111
8508 0.111111
39393 0.1
6002 0.1
3363 0.1
19914 0.0945887
15179 0.0945887
27032 0.0909091
22227 0.0909091
15300 0.0909091
13507 0.0909091
23696 0.0852764
37284 0.0833333
33007 0.0833333
31354 0.0833333
28132 0.0833333
40525 0.0769231
39085 0.0769231
36673 0.0769231
33633 0.0769231
31947 0.0769231
28094 0.0769231
22583 0.0769231
13916 0.0769231
11630 0.0769231
9197 0.0769231
8035 0.0769231
6823 0.0769231
5778 0.0769231
5237 0.0769231
5175 0.0769231
2484 0.0769231
1965 0.0769231
1462 0.0769231
36008 0.0766073
9497 0.0766073
939 0.0766073
37630 0.0714286
26309 0.0714286
39962 0.0666667
35063 0.0666667
32243 0.0666667
29077 0.0666667
28952 0.0666667
28740 0.0666667
25799 0.0666667
7889 0.0666667
2542 0.0666667
233 0.0666667
40275 0.0625
39346 0.0625
31355 0.0625
30668 0.0625
24156 0.0625
20804 0.0625
15764 0.0625
9084 0.0625
33185 0.0589355
20273 0.0589355
10361 0.0589355
8962 0.0589355
7691 0.0589355
1642 0.0589355
37176 0.0550214
32797 0.0550214
29032 0.0550214
27514 0.0550214
24382 0.0550214
23154 0.0550214
20489 0.0550214
20229 0.0550214
19243 0.0550214
18890 0.0550214
17075 0.0550214
15124 0.0550214
14211 0.0550214
13432 0.0550214
11958 0.0550214
10731 0.0550214
8867 0.0550214
5663 0.0550214
5153 0.0550214
3382 0.0550214
2633 0.0550214
186 0.0550214
38752 0.04
32453 0.04
32308 0.04
18738 0.04
14472 0.04
12654 0.04
12394 0.04
11401 0.04
9744 0.04
5881 0.04
5305 0.04
2332 0.04
31960 0.0357143
11080 0.0357143
40970 0.0344828
17748 0.0344828
2088 0.0344828
1616 0.0344828
26183 0.030303
14430 0.030303
37805 0.0285714
36168 0.0285714
32628 0.0285714
29581 0.0285714
28151 0.0285714
25337 0.0285714
19210 0.0285714
18361 0.0285714
18201 0.0285714
17067 0.0285714
15400 0.0285714
14425 0.0285714
13763 0.0285714
5358 0.0285714
3379 0.0285714
29913 0.0222222
29162 0.0222222
29143 0.0222222
24028 0.0222222
20350 0.0222222
20106 0.0222222
16034 0.0222222
14886 0.0222222
10686 0.0222222
8465 0.0222222
5198 0.0222222
2263 0.0222222
40342 0.0208333
39791 0.0208333
38184 0.0208333
23370 0.0208333
22711 0.0208333
20225 0.0208333
18328 0.0208333
16639 0.0208333
2069 0.0208333
40967 0.00641026
40001 0.00641026
39102 0.00641026
37682 0.00641026
35925 0.00641026
35691 0.00641026
35369 0.00641026
35287 0.00641026
35020 0.00641026
32494 0.00641026
32229 0.00641026
31894 0.00641026
31817 0.00641026
30803 0.00641026
30054 0.00641026
28869 0.00641026
28776 0.00641026
27094 0.00641026
26087 0.00641026
26044 0.00641026
25865 0.00641026
25720 0.00641026
24825 0.00641026
24752 0.00641026
24475 0.00641026
24106 0.00641026
23549 0.00641026
23380 0.00641026
23019 0.00641026
21999 0.00641026
21141 0.00641026
20760 0.00641026
20204 0.00641026
19141 0.00641026
18798 0.00641026
18650 0.00641026
18378 0.00641026
18226 0.00641026
17525 0.00641026
16915 0.00641026
16789 0.00641026
16043 0.00641026
15610 0.00641026
15590 0.00641026
14833 0.00641026
13249 0.00641026
13157 0.00641026
12928 0.00641026
11302 0.00641026
11196 0.00641026
11054 0.00641026
10073 0.00641026
10006 0.00641026
9862 0.00641026
9386 0.00641026
9023 0.00641026
8861 0.00641026
8261 0.00641026
7816 0.00641026
7707 0.00641026
6061 0.00641026
5997 0.00641026
5748 0.00641026
5723 0.00641026
5680 0.00641026
5161 0.00641026
4922 0.00641026
4785 0.00641026
4417 0.00641026
3739 0.00641026
3025 0.00641026
2560 0.00641026
2289 0.00641026
1975 0.00641026
40980 0
40979 0
40978 0
40977 0
40976 0
40975 0
40974 0
40973 0
40972 0
40971 0
40969 0
40968 0
40966 0
40965 0
40964 0
40963 0
40962 0
40961 0
40960 0
40959 0
40958 0
40957 0
40956 0
40955 0
40954 0
40953 0
40952 0
40951 0
40950 0
40949 0
40948 0
40947 0
40946 0
40945 0
40944 0
40943 0
40942 0
40941 0
40940 0
40939 0
40938 0
40937 0
40936 0
40935 0
40934 0
40933 0
40932 0
40931 0
40930 0
40929 0
40928 0
40927 0
40926 0
40925 0
40924 0
40923 0
40922 0
40921 0
40920 0
40919 0
40918 0
40917 0
40916 0
40915 0
40914 0
40913 0
40912 0
40911 0
40910 0
40909 0
40908 0
40907 0
40906 0
40905 0
40904 0
40903 0
40902 0
40901 0
40900 0
40899 0
40898 0
40897 0
40896 0
40895 0
40894 0
40893 0
40892 0
40891 0
40890 0
40889 0
40888 0
40887 0
40886 0
40885 0
40884 0
40883 0
40882 0
40881 0
40880 0
40879 0
40878 0
40877 0
40876 0
40875 0
40874 0
40873 0
40872 0
40871 0
40870 0
40869 0
40868 0
40867 0
40866 0
40865 0
40864 0
40863 0
40862 0
40861 0
40860 0
40859 0
40858 0
40857 0
40856 0
40855 0
40854 0
40853 0
40852 0
40851 0
40850 0
40849 0
40848 0
40847 0
40846 0
40845 0
40844 0
40843 0
40842 0
40841 0
40840 0
40839 0
40838 0
40837 0
40836 0
40835 0
40834 0
40833 0
40832 0
40831 0
40830 0
40829 0
40828 0
40827 0
40826 0
40825 0
40824 0
40823 0
40822 0
