24812 3.57986
40883 1.23377
12988 1.2165
29143 1.16667
37426 1.04365
27799 0.95
4180 0.877156
1819 0.833171
31354 0.783333
26342 0.757576
25337 0.741358
34167 0.68668
4828 0.626812
28695 0.533333
8672 0.531746
18328 0.529412
31301 0.526316
22879 0.505602
16918 0.492063
32879 0.485119
34433 0.476316
10923 0.466322
2209 0.452632
5440 0.428571
5748 0.388889
32732 0.367705
38897 0.362155
38970 0.351786
31894 0.33584
39247 0.333333
31642 0.333333
30742 0.333333
17301 0.333333
21075 0.318452
15400 0.304094
2840 0.304094
17687 0.293353
4304 0.251634
37924 0.25
34413 0.25
7691 0.25
4713 0.25
3936 0.25
30588 0.218254
10069 0.218254
28883 0.207513
22263 0.207513
9561 0.207513
1313 0.207513
20273 0.2
9466 0.2
6932 0.2
21911 0.193154
1017 0.193154
33507 0.191468
18950 0.166667
13058 0.166667
4316 0.166667
1345 0.166667
40204 0.142857
36952 0.142857
34311 0.142857
32046 0.142857
30638 0.142857
29364 0.142857
26442 0.142857
23843 0.142857
22594 0.142857
22089 0.142857
22079 0.142857
21393 0.142857
20320 0.142857
19032 0.142857
15179 0.142857
13043 0.142857
12528 0.142857
10680 0.142857
8027 0.142857
4290 0.142857
17264 0.127156
9665 0.127156
2647 0.127156
36307 0.117116
2604 0.117116
1394 0.117116
6626 0.111111
37482 0.0909091
16693 0.0909091
9958 0.0909091
8540 0.0909091
33743 0.0833333
27926 0.0833333
12197 0.0833333
11697 0.0833333
10621 0.0833333
2885 0.0833333
980 0.0833333
40310 0.0740546
36794 0.0740546
24699 0.0740546
23696 0.0740546
19442 0.0740546
19198 0.0740546
939 0.0740546
14672 0.0714286
3952 0.0714286
2608 0.0714286
36168 0.0709586
28151 0.0709586
10581 0.0709586
10427 0.0709586
6255 0.0709586
40607 0.0555556
30391 0.0555556
16335 0.0555556
12539 0.0555556
900 0.0555556
572 0.0555556
19288 0.0526316
13113 0.0526316
13028 0.0526316
8942 0.0526316
6730 0.0526316
39947 0.0357143
39791 0.0357143
38952 0.0357143
36734 0.0357143
35346 0.0357143
30834 0.0357143
30676 0.0357143
28471 0.0357143
27989 0.0357143
27839 0.0357143
27764 0.0357143
22711 0.0357143
22184 0.0357143
20699 0.0357143
15316 0.0357143
13654 0.0357143
11080 0.0357143
6964 0.0357143
4112 0.0357143
1610 0.0357143
110 0.0357143
36415 0.0294118
36057 0.0294118
22061 0.0294118
15599 0.0294118
14425 0.0294118
8473 0.0294118
3125 0.0294118
40192 0.0263158
39528 0.0263158
37598 0.0263158
33185 0.0263158
31080 0.0263158
28132 0.0263158
27963 0.0263158
24825 0.0263158
17715 0.0263158
16542 0.0263158
13200 0.0263158
9036 0.0263158
5693 0.0263158
3918 0.0263158
2288 0.0263158
1642 0.0263158
40970 0.00892857
40750 0.00892857
40465 0.00892857
40346 0.00892857
39235 0.00892857
38999 0.00892857
38663 0.00892857
38621 0.00892857
38514 0.00892857
38355 0.00892857
38316 0.00892857
37805 0.00892857
37400 0.00892857
37339 0.00892857
37278 0.00892857
36867 0.00892857
36644 0.00892857
36354 0.00892857
36300 0.00892857
35339 0.00892857
35159 0.00892857
34802 0.00892857
34640 0.00892857
34265 0.00892857
32214 0.00892857
31715 0.00892857
30586 0.00892857
30302 0.00892857
29581 0.00892857
29470 0.00892857
29063 0.00892857
28806 0.00892857
28729 0.00892857
28105 0.00892857
27819 0.00892857
27452 0.00892857
26125 0.00892857
24793 0.00892857
24414 0.00892857
24295 0.00892857
24282 0.00892857
22527 0.00892857
22420 0.00892857
21274 0.00892857
21066 0.00892857
19578 0.00892857
19210 0.00892857
18798 0.00892857
18324 0.00892857
16425 0.00892857
15417 0.00892857
15411 0.00892857
14512 0.00892857
14226 0.00892857
14160 0.00892857
13827 0.00892857
13763 0.00892857
11923 0.00892857
11537 0.00892857
11172 0.00892857
10527 0.00892857
10318 0.00892857
10235 0.00892857
9773 0.00892857
8435 0.00892857
8087 0.00892857
7750 0.00892857
7747 0.00892857
7299 0.00892857
5771 0.00892857
5485 0.00892857
4633 0.00892857
4530 0.00892857
3973 0.00892857
3308 0.00892857
2898 0.00892857
2320 0.00892857
2284 0.00892857
753 0.00892857
40980 0
40979 0
40978 0
40977 0
40976 0
40975 0
40974 0
40973 0
40972 0
40971 0
40969 0
40968 0
40967 0
40966 0
40965 0
40964 0
40963 0
40962 0
40961 0
40960 0
40959 0
40958 0
40957 0
40956 0
40955 0
40954 0
40953 0
40952 0
40951 0
40950 0
40949 0
40948 0
40947 0
40946 0
40945 0
40944 0
40943 0
40942 0
40941 0
40940 0
40939 0
40938 0
40937 0
40936 0
40935 0
40934 0
40933 0
40932 0
40931 0
40930 0
40929 0
40928 0
40927 0
40926 0
40925 0
40924 0
40923 0
40922 0
40921 0
40920 0
40919 0
40918 0
40917 0
40916 0
40915 0
40914 0
40913 0
40912 0
40911 0
40910 0
40909 0
40908 0
40907 0
40906 0
40905 0
40904 0
40903 0
40902 0
40901 0
40900 0
40899 0
40898 0
40897 0
40896 0
40895 0
40894 0
40893 0
40892 0
40891 0
40890 0
40889 0
40888 0
40887 0
40886 0
40885 0
40884 0
40882 0
40881 0
40880 0
40879 0
40878 0
40877 0
40876 0
40875 0
40874 0
40873 0
40872 0
40871 0
40870 0
40869 0
40868 0
40867 0
40866 0
40865 0
40864 0
40863 0
40862 0
40861 0
40860 0
40859 0
40858 0
40857 0
40856 0
40855 0
40854 0
40853 0
40852 0
40851 0
40850 0
40849 0
40848 0
40847 0
40846 0
40845 0
40844 0
40843 0
40842 0
40841 0
40840 0
40839 0
40838 0
40837 0
40836 0
40835 0
40834 0
40833 0
40832 0
40831 0
40830 0
40829 0
40828 0
40827 0
40826 0
40825 0
40824 0
40823 0
40822 0
40821 0
40820 0
40819 0
40818 0
40817 0
40816 0
40815 0
40814 0
40813 0
40812 0
40811 0
40810 0
40809 0
40808 0
40807 0
40806 0
40805 0
40804 0
40803 0
40802 0
40801 0
40800 0
40799 0
40798 0
40797 0
40796 0
40795 0
40794 0
40793 0
40792 0
40791 0
40790 0
40789 0
40788 0
40787 0
40786 0
40785 0
40784 0
40783 0
40782 0
40781 0
40780 0
40779 0
40778 0
40777 0
40776 0
40775 0
40774 0
40773 0
40772 0
40771 0
40770 0
40769 0
40768 0
40767 0
40766 0
40765 0
40764 0
40763 0
40762 0
40761 0
40760 0
40759 0
40758 0
40757 0
40756 0
40755 0
40754 0
40753 0
40752 0
40751 0
40749 0
40748 0
40747 0
40746 0
40745 0
40744 0
40743 0
40742 0
40741 0
40740 0
40739 0
40738 0
40737 0
40736 0
40735 0
40734 0
40733 0
40732 0
40731 0
40730 0
40729 0
40728 0
40727 0
40726 0
40725 0
40724 0
