40340 3.33618
11078 2.91387
2624 2.82089
35368 2.59744
11210 2.49456
12240 1.94002
211 1.84926
15582 1.71586
25296 1.56503
987 1.50058
23620 1.1986
23497 1.18788
10120 1.1575
9107 1.11097
1704 0.974973
32215 0.879724
7101 0.879724
19794 0.854131
18047 0.850728
14246 0.807189
39309 0.702347
29117 0.699759
20568 0.649114
1412 0.649114
6150 0.608088
34419 0.606938
5992 0.508519
608 0.508519
38409 0.494637
10578 0.469116
11788 0.464286
40377 0.433703
36343 0.431062
34113 0.430782
822 0.430782
9808 0.430026
12065 0.425915
36365 0.41834
1593 0.41834
39691 0.416923
17587 0.416923
4566 0.416923
25555 0.362079
9326 0.353551
4214 0.353551
16669 0.345594
7763 0.314151
18076 0.310293
32390 0.310014
33229 0.30552
5705 0.305348
33723 0.29192
5627 0.27693
25662 0.276081
17377 0.275118
12359 0.275118
26920 0.272991
37738 0.255654
31913 0.255654
28704 0.255654
27179 0.255654
26968 0.255654
1841 0.255654
1810 0.255654
20987 0.254833
8256 0.254833
27397 0.252671
30798 0.25
4850 0.248538
37985 0.236366
6676 0.236366
37510 0.230357
31511 0.224125
15471 0.224125
1688 0.224125
1862 0.220341
35546 0.216421
25701 0.214259
25123 0.214259
7510 0.214259
36040 0.212943
27438 0.211669
816 0.207711
30672 0.20621
26935 0.20621
30376 0.203811
1751 0.2
38382 0.198647
16631 0.198647
22752 0.194861
27557 0.183745
8780 0.183745
6349 0.183745
37704 0.18374
40828 0.182702
17731 0.182702
25154 0.163362
14453 0.163362
39967 0.153419
1792 0.153419
8863 0.152933
34669 0.142857
31935 0.139277
26073 0.139277
577 0.139277
32216 0.139201
22582 0.139201
869 0.139201
23642 0.137037
11834 0.137037
8415 0.137037
10923 0.118511
23799 0.11233
11603 0.11233
35579 0.111111
19274 0.111111
17505 0.111111
13813 0.111111
10869 0.111111
1052 0.111111
26640 0.110756
9963 0.110756
31632 0.109231
24306 0.109231
13593 0.109231
10678 0.109231
7030 0.109231
37863 0.108856
35742 0.108856
31686 0.108856
31320 0.108856
13325 0.108856
11879 0.108856
10372 0.108856
5439 0.108856
1512 0.108856
37825 0.105026
34710 0.105026
4542 0.104665
6037 0.0972218
37215 0.0957419
36330 0.0957419
10160 0.0957419
40902 0.0925523
37039 0.0925523
24326 0.0911703
8703 0.0911703
37248 0.0909091
40571 0.079766
29761 0.079766
23102 0.079766
19247 0.079766
14856 0.079766
12305 0.079766
11217 0.079766
5291 0.079766
40380 0.0795455
27898 0.0795455
21305 0.0795455
17096 0.0795455
40005 0.0787907
39444 0.0787907
35316 0.0787907
30882 0.0787907
22267 0.0787907
19154 0.0787907
17133 0.0787907
9137 0.0787907
1308 0.0787907
653 0.0769231
31096 0.0763729
17480 0.0739659
2977 0.0714286
39212 0.0666667
39047 0.0625
29147 0.0625
26472 0.0625
14275 0.0625
38190 0.0555556
28973 0.0555556
28329 0.0555556
25601 0.0555556
25426 0.0555556
31634 0.0548917
9681 0.0548917
643 0.0548917
19341 0.0511645
17772 0.0511645
9470 0.0511645
5091 0.0511645
39210 0.0490741
35820 0.0490741
32709 0.0490741
30227 0.0490741
20005 0.0490741
18884 0.0490741
13591 0.0490741
8370 0.0490741
7791 0.0490741
30677 0.0454545
28060 0.0454545
10812 0.0454545
40736 0.0416667
16904 0.0416667
12516 0.0416667
39403 0.0384615
16411 0.0384615
11207 0.0384615
4339 0.0384615
39223 0.037037
38745 0.037037
26816 0.037037
24052 0.037037
17321 0.037037
14116 0.037037
10750 0.037037
10288 0.037037
8328 0.037037
5490 0.037037
22091 0.033934
21768 0.033934
20729 0.033934
20430 0.033934
17808 0.033934
14715 0.033934
14345 0.033934
40623 0.0308
39473 0.0308
39458 0.0308
38126 0.0308
37644 0.0308
32149 0.0308
28763 0.0308
27228 0.0308
26300 0.0308
23041 0.0308
20378 0.0308
19128 0.0308
16458 0.0308
15577 0.0308
10837 0.0308
10546 0.0308
8693 0.0308
5834 0.0308
5248 0.0308
4534 0.0308
4521 0.0308
2234 0.0308
40362 0.0271559
40129 0.0271559
36396 0.0271559
36225 0.0271559
36097 0.0271559
35056 0.0271559
33632 0.0271559
31393 0.0271559
31121 0.0271559
27320 0.0271559
25752 0.0271559
25142 0.0271559
22835 0.0271559
21696 0.0271559
21444 0.0271559
19716 0.0271559
13475 0.0271559
11800 0.0271559
11627 0.0271559
8153 0.0271559
6587 0.0271559
3555 0.0271559
2855 0.0271559
33271 0.0263158
28044 0.0263158
25500 0.0263158
25444 0.0263158
20147 0.0263158
19675 0.0263158
14714 0.0263158
14021 0.0263158
6646 0.0263158
6108 0.0263158
4754 0.0263158
38754 0.025
33736 0.025
33195 0.025
26514 0.025
23376 0.025
13859 0.025
6364 0.025
6219 0.025
2798 0.025
2377 0.025
38734 0.0232558
37460 0.0232558
27647 0.0232558
24532 0.0232558
19706 0.0232558
18609 0.0232558
34524 0.0212766
32579 0.0212766
32260 0.0212766
23345 0.0212766
17890 0.0212766
15062 0.0212766
14650 0.0212766
12175 0.0212766
11337 0.0212766
7985 0.0212766
6629 0.0212766
37575 0.0175439
37429 0.0175439
35960 0.0175439
31599 0.0175439
28071 0.0175439
25644 0.0175439
21203 0.0175439
19321 0.0175439
18427 0.0175439
9048 0.0175439
7155 0.0175439
2979 0.0175439
37880 0.011236
23856 0.011236
17614 0.011236
12896 0.011236
4980 0.011236
803 0.011236
40308 0.00909091
37194 0.00909091
36004 0.00909091
34054 0.00909091
34021 0.00909091
31819 0.00909091
30563 0.00909091
29148 0.00909091
28230 0.00909091
26156 0.00909091
25702 0.00909091
23144 0.00909091
23124 0.00909091
22325 0.00909091
20289 0.00909091
19718 0.00909091
18554 0.00909091
16845 0.00909091
16186 0.00909091
14983 0.00909091
14342 0.00909091
13744 0.00909091
13730 0.00909091
12882 0.00909091
10998 0.00909091
10345 0.00909091
10090 0.00909091
9623 0.00909091
9329 0.00909091
9073 0.00909091
7548 0.00909091
4768 0.00909091
3773 0.00909091
2874 0.00909091
2277 0.00909091
2117 0.00909091
1858 0.00909091
1047 0.00909091
482 0.00909091
38389 0.00862069
37472 0.00862069
37426 0.00862069
36462 0.00862069
34711 0.00862069
34459 0.00862069
32632 0.00862069
31863 0.00862069
29005 0.00862069
27069 0.00862069
25172 0.00862069
23696 0.00862069
23627 0.00862069
21986 0.00862069
21819 0.00862069
21779 0.00862069
18499 0.00862069
18403 0.00862069
18117 0.00862069
17140 0.00862069
13497 0.00862069
10745 0.00862069
6888 0.00862069
5052 0.00862069
4453 0.00862069
40961 0.00740741
40920 0.00740741
39903 0.00740741
39490 0.00740741
37692 0.00740741
33181 0.00740741
32186 0.00740741
31548 0.00740741
31389 0.00740741
30342 0.00740741
29234 0.00740741
29217 0.00740741
27908 0.00740741
26662 0.00740741
26276 0.00740741
22312 0.00740741
21700 0.00740741
19301 0.00740741
16763 0.00740741
15670 0.00740741
14698 0.00740741
13480 0.00740741
13190 0.00740741
8174 0.00740741
6168 0.00740741
2879 0.00740741
39497 0.00729927
38473 0.00729927
38277 0.00729927
37532 0.00729927
36989 0.00729927
35961 0.00729927
33988 0.00729927
33004 0.00729927
29590 0.00729927
28300 0.00729927
27076 0.00729927
24908 0.00729927
21123 0.00729927
18743 0.00729927
15757 0.00729927
14192 0.00729927
13145 0.00729927
11245 0.00729927
10281 0.00729927
9534 0.00729927
5614 0.00729927
5534 0.00729927
4449 0.00729927
4130 0.00729927
2865 0.00729927
2036 0.00729927
40980 0
40979 0
40978 0
40977 0
40976 0
40975 0
40974 0
40973 0
40972 0
40971 0
40970 0
40969 0
40968 0
40967 0
40966 0
40965 0
40964 0
40963 0
40962 0
40960 0
40959 0
40958 0
40957 0
40956 0
40955 0
40954 0
40953 0
40952 0
40951 0
40950 0
40949 0
40948 0
40947 0
40946 0
40945 0
40944 0
40943 0
40942 0
40941 0
40940 0
40939 0
40938 0
40937 0
40936 0
40935 0
40934 0
40933 0
40932 0
40931 0
40930 0
40929 0
40928 0
40927 0
40926 0
40925 0
40924 0
40923 0
