7570 2.6587
28776 2.12052
34488 2.05579
35487 1.8615
37377 1.20804
37266 1.2041
9333 1.12626
26025 1.11055
9612 0.960256
12198 0.856107
13127 0.809123
28960 0.804091
39797 0.758753
4529 0.694444
12804 0.691652
37631 0.669877
15977 0.653827
438 0.632831
4989 0.630819
10610 0.6
23897 0.590909
7783 0.584491
35234 0.572492
19135 0.562643
24726 0.52493
35699 0.502583
24418 0.49359
27184 0.492592
24412 0.492592
13641 0.429164
26660 0.412196
28915 0.403846
14648 0.403846
40408 0.40202
33975 0.391007
33575 0.376923
12937 0.376923
20053 0.360638
19281 0.360256
24630 0.357211
7034 0.357211
198 0.357211
2196 0.333333
34552 0.327068
31922 0.327068
20275 0.303581
13613 0.303581
33961 0.299423
27767 0.291951
21015 0.291951
14251 0.291951
1158 0.291951
16609 0.284848
22280 0.263772
17385 0.261039
1034 0.254228
36111 0.253495
35950 0.25
33968 0.25
33581 0.25
33128 0.25
18436 0.25
13792 0.25
28578 0.234758
28608 0.229584
17239 0.225666
40118 0.209804
13392 0.206216
3296 0.206216
34175 0.202943
26274 0.202943
39544 0.200877
29879 0.200877
39468 0.2
23862 0.2
7495 0.2
30642 0.192456
6805 0.192456
3523 0.192456
12390 0.179917
972 0.179917
30273 0.166667
25158 0.166667
21837 0.166667
17395 0.166667
15684 0.166667
9841 0.166667
14051 0.157605
32011 0.142857
27996 0.142857
26893 0.142857
23951 0.142857
23922 0.142857
23336 0.142857
16086 0.142857
6087 0.142857
3195 0.142857
10211 0.137229
31215 0.134346
35461 0.120757
13154 0.120757
35863 0.111111
27871 0.111111
13894 0.111111
12024 0.111111
30496 0.106477
29153 0.1
28174 0.1
27609 0.1
22939 0.1
17686 0.1
13584 0.1
8202 0.1
4555 0.1
1413 0.1
33098 0.09874
24303 0.09874
18280 0.09874
16883 0.09874
8845 0.09874
29986 0.0987367
3012 0.0987367
39445 0.0909091
36964 0.0909091
3116 0.0909091
2707 0.0909091
34442 0.0833333
34065 0.0833333
30426 0.0833333
29532 0.0833333
24292 0.0833333
16988 0.0833333
15166 0.0833333
10252 0.0833333
6733 0.0833333
484 0.0833333
40407 0.0769231
35747 0.0769231
33265 0.0769231
31967 0.0769231
18538 0.0769231
13198 0.0769231
11664 0.0769231
8172 0.0769231
4384 0.0769231
2103 0.0769231
988 0.0769231
759 0.0769231
23837 0.0714286
36829 0.0601159
32585 0.0588235
18794 0.0588235
3114 0.0588235
39937 0.0532104
35862 0.0532104
29178 0.0532104
20218 0.0532104
19903 0.0532104
11550 0.0532104
7597 0.0532104
3578 0.0532104
37872 0.047619
35713 0.047619
17804 0.047619
15169 0.047619
694 0.047619
36179 0.0455296
29116 0.0455296
11762 0.0455296
3595 0.0455296
3516 0.0455296
354 0.0455296
32377 0.0454545
24747 0.0454545
21016 0.0454545
19814 0.0454545
12533 0.0454545
11646 0.0454545
3351 0.0454545
39849 0.0434783
27235 0.0434783
27056 0.0434783
18987 0.0434783
5351 0.0434783
1236 0.0434783
37675 0.038624
25877 0.038624
25738 0.038624
11452 0.038624
11158 0.038624
8954 0.038624
3263 0.038624
552 0.038624
39976 0.0243902
19791 0.0243902
544 0.0243902
98 0.0243902
40941 0.0181818
39744 0.0181818
37727 0.0181818
34531 0.0181818
33733 0.0181818
32510 0.0181818
31998 0.0181818
30818 0.0181818
29389 0.0181818
27629 0.0181818
27558 0.0181818
27522 0.0181818
27287 0.0181818
24005 0.0181818
23387 0.0181818
22662 0.0181818
18159 0.0181818
14163 0.0181818
9464 0.0181818
5842 0.0181818
5798 0.0181818
3763 0.0181818
38381 0.0175439
36222 0.0175439
33970 0.0175439
30671 0.0175439
27367 0.0175439
26092 0.0175439
25161 0.0175439
24548 0.0175439
24259 0.0175439
21546 0.0175439
21059 0.0175439
20269 0.0175439
14179 0.0175439
12570 0.0175439
9398 0.0175439
1024 0.0175439
40178 0.0106383
39525 0.0106383
37205 0.0106383
35454 0.0106383
35419 0.0106383
32191 0.0106383
31997 0.0106383
29438 0.0106383
28272 0.0106383
28124 0.0106383
27377 0.0106383
26737 0.0106383
26489 0.0106383
25516 0.0106383
24009 0.0106383
22254 0.0106383
22159 0.0106383
22129 0.0106383
20716 0.0106383
18172 0.0106383
16434 0.0106383
14880 0.0106383
13978 0.0106383
13318 0.0106383
12500 0.0106383
12242 0.0106383
11915 0.0106383
11344 0.0106383
11045 0.0106383
10858 0.0106383
10383 0.0106383
10082 0.0106383
8632 0.0106383
7817 0.0106383
7323 0.0106383
7177 0.0106383
3576 0.0106383
1889 0.0106383
39763 0.00980392
39628 0.00980392
37862 0.00980392
36910 0.00980392
36786 0.00980392
35545 0.00980392
33808 0.00980392
33082 0.00980392
32608 0.00980392
32174 0.00980392
31795 0.00980392
31689 0.00980392
30893 0.00980392
30104 0.00980392
28981 0.00980392
28694 0.00980392
25066 0.00980392
23416 0.00980392
23128 0.00980392
22669 0.00980392
22197 0.00980392
22195 0.00980392
21693 0.00980392
21049 0.00980392
20372 0.00980392
19526 0.00980392
19257 0.00980392
18733 0.00980392
18359 0.00980392
17987 0.00980392
17245 0.00980392
16210 0.00980392
14663 0.00980392
14065 0.00980392
13962 0.00980392
13767 0.00980392
13277 0.00980392
13083 0.00980392
12521 0.00980392
12120 0.00980392
11027 0.00980392
10179 0.00980392
8553 0.00980392
7206 0.00980392
7012 0.00980392
6594 0.00980392
4883 0.00980392
3681 0.00980392
2015 0.00980392
1967 0.00980392
40980 0
40979 0
40978 0
40977 0
40976 0
40975 0
40974 0
40973 0
40972 0
40971 0
40970 0
40969 0
40968 0
40967 0
40966 0
40965 0
40964 0
40963 0
40962 0
40961 0
40960 0
40959 0
40958 0
40957 0
40956 0
40955 0
40954 0
40953 0
40952 0
40951 0
40950 0
40949 0
40948 0
40947 0
40946 0
40945 0
40944 0
40943 0
40942 0
40940 0
40939 0
40938 0
40937 0
40936 0
40935 0
40934 0
40933 0
40932 0
40931 0
40930 0
40929 0
40928 0
40927 0
40926 0
40925 0
40924 0
40923 0
40922 0
40921 0
40920 0
40919 0
40918 0
40917 0
40916 0
40915 0
40914 0
40913 0
40912 0
40911 0
40910 0
40909 0
40908 0
40907 0
40906 0
40905 0
40904 0
40903 0
40902 0
40901 0
40900 0
40899 0
40898 0
40897 0
40896 0
40895 0
40894 0
40893 0
40892 0
40891 0
40890 0
40889 0
40888 0
40887 0
40886 0
40885 0
40884 0
40883 0
40882 0
40881 0
40880 0
40879 0
40878 0
40877 0
40876 0
40875 0
40874 0
40873 0
40872 0
40871 0
40870 0
40869 0
40868 0
40867 0
40866 0
40865 0
40864 0
40863 0
40862 0
40861 0
40860 0
40859 0
40858 0
40857 0
40856 0
40855 0
40854 0
40853 0
40852 0
40851 0
40850 0
40849 0
40848 0
40847 0
40846 0
40845 0
40844 0
40843 0
40842 0
40841 0
40840 0
40839 0
40838 0
40837 0
40836 0
40835 0
40834 0
40833 0
40832 0
40831 0
40830 0
40829 0
40828 0
40827 0
40826 0
40825 0
40824 0
40823 0
40822 0
40821 0
40820 0
40819 0
40818 0
40817 0
40816 0
40815 0
40814 0
40813 0
40812 0
40811 0
40810 0
40809 0
40808 0
40807 0
40806 0
40805 0
40804 0
40803 0
