19985 5.29989
19602 5.29989
15527 4.69816
9167 4.07894
39117 2.59559
29545 2.03603
25326 1.0755
5399 0.975841
17766 0.914164
39023 0.538045
36552 0.538045
32700 0.517884
15309 0.498979
3239 0.42468
35800 0.401041
38706 0.391157
36376 0.391157
28398 0.391157
25456 0.391157
22811 0.391157
18717 0.391157
2089 0.319048
36888 0.305796
5811 0.28727
9079 0.267117
37638 0.235153
34748 0.235153
22818 0.235153
15725 0.230159
38308 0.221212
35991 0.219316
589 0.219316
23791 0.213683
8164 0.211707
14785 0.211241
25964 0.210478
25127 0.203968
16455 0.194596
10891 0.183512
21341 0.170212
15903 0.170212
34084 0.166667
20804 0.146611
16281 0.146611
23902 0.138622
210 0.138622
32783 0.130599
31155 0.125405
25403 0.125405
12871 0.125405
704 0.125405
16273 0.111111
38718 0.104978
23678 0.104978
20027 0.1
20018 0.1
26247 0.0961725
1713 0.0923295
9772 0.0909091
39696 0.0902126
8895 0.0833333
27361 0.0769231
15866 0.0755411
7123 0.0755411
3014 0.0755411
35073 0.0730784
30842 0.0730784
19711 0.0730784
18042 0.0730784
7823 0.0730784
6185 0.0730319
4088 0.0730319
39006 0.0714286
30068 0.0714286
22865 0.0714286
3506 0.0714286
37928 0.0650377
32312 0.0650377
24496 0.0645422
30846 0.0588235
8355 0.0588235
29738 0.05
9729 0.05
31516 0.0454545
25995 0.0454545
25212 0.0454545
10415 0.0454545
4783 0.0454545
2708 0.0454545
38354 0.0434783
22372 0.0434783
21360 0.0434783
17760 0.0434783
4893 0.0434783
38331 0.0376488
37431 0.0376488
34354 0.0376488
34039 0.0376488
28368 0.0376488
24413 0.0376488
24190 0.0376488
24169 0.0376488
23074 0.0376488
22634 0.0376488
16351 0.0376488
14659 0.0376488
13223 0.0376488
9707 0.0376488
7682 0.0376488
5146 0.0376488
3865 0.0376488
3792 0.0376488
2868 0.0376488
2771 0.0376488
1577 0.0376488
1146 0.0376488
495 0.0376488
27362 0.0357143
10145 0.0357143
1961 0.0357143
26904 0.0322581
22859 0.0322581
18328 0.0322581
11246 0.0322581
865 0.0322581
1766 0.03125
39655 0.030303
38894 0.030303
30498 0.030303
28308 0.030303
23908 0.030303
21715 0.030303
21699 0.030303
20482 0.030303
9843 0.030303
9195 0.030303
4010 0.030303
435 0.030303
172 0.030303
39284 0.0232558
33871 0.0232558
31008 0.0232558
26645 0.0232558
21067 0.0232558
14480 0.0232558
12218 0.0232558
11091 0.0232558
7372 0.0232558
7058 0.0232558
6028 0.0232558
4607 0.0232558
38313 0.0217391
35329 0.0217391
33338 0.0217391
30503 0.0217391
28400 0.0217391
25692 0.0217391
25604 0.0217391
24508 0.0217391
24141 0.0217391
22748 0.0217391
21789 0.0217391
18916 0.0217391
16163 0.0217391
12450 0.0217391
11884 0.0217391
9070 0.0217391
7110 0.0217391
2344 0.0217391
2269 0.0217391
40812 0.015625
39810 0.015625
39758 0.015625
39450 0.015625
38816 0.015625
26839 0.015625
26820 0.015625
26632 0.015625
20246 0.015625
19689 0.015625
9705 0.015625
7146 0.015625
6084 0.015625
676 0.015625
39152 0.0125
39018 0.0125
38997 0.0125
37315 0.0125
36169 0.0125
35623 0.0125
35139 0.0125
34738 0.0125
34226 0.0125
32922 0.0125
32733 0.0125
32581 0.0125
32399 0.0125
31918 0.0125
30516 0.0125
29608 0.0125
27882 0.0125
25007 0.0125
19845 0.0125
18504 0.0125
18482 0.0125
17426 0.0125
16098 0.0125
14990 0.0125
14497 0.0125
13918 0.0125
11428 0.0125
11238 0.0125
8339 0.0125
7590 0.0125
6405 0.0125
4855 0.0125
2684 0.0125
1798 0.0125
1147 0.0125
35470 0.00952381
34689 0.00952381
33609 0.00952381
32626 0.00952381
32064 0.00952381
31559 0.00952381
29216 0.00952381
27855 0.00952381
27701 0.00952381
26951 0.00952381
25464 0.00952381
22398 0.00952381
22366 0.00952381
20806 0.00952381
20492 0.00952381
20225 0.00952381
20097 0.00952381
19984 0.00952381
19355 0.00952381
19103 0.00952381
18566 0.00952381
17242 0.00952381
16929 0.00952381
16856 0.00952381
16837 0.00952381
16627 0.00952381
13858 0.00952381
12259 0.00952381
11541 0.00952381
10031 0.00952381
9576 0.00952381
9114 0.00952381
9072 0.00952381
8346 0.00952381
5925 0.00952381
4400 0.00952381
1496 0.00952381
928 0.00952381
40980 0
40979 0
40978 0
40977 0
40976 0
40975 0
40974 0
40973 0
40972 0
40971 0
40970 0
40969 0
40968 0
40967 0
40966 0
40965 0
40964 0
40963 0
40962 0
40961 0
40960 0
40959 0
40958 0
40957 0
40956 0
40955 0
40954 0
40953 0
40952 0
40951 0
40950 0
40949 0
40948 0
40947 0
40946 0
40945 0
40944 0
40943 0
40942 0
40941 0
40940 0
40939 0
40938 0
40937 0
40936 0
40935 0
40934 0
40933 0
40932 0
40931 0
40930 0
40929 0
40928 0
40927 0
40926 0
40925 0
40924 0
40923 0
40922 0
40921 0
40920 0
40919 0
40918 0
40917 0
40916 0
40915 0
40914 0
40913 0
40912 0
40911 0
40910 0
40909 0
40908 0
40907 0
40906 0
40905 0
40904 0
40903 0
40902 0
40901 0
40900 0
40899 0
40898 0
40897 0
40896 0
40895 0
40894 0
40893 0
40892 0
40891 0
40890 0
40889 0
40888 0
40887 0
40886 0
40885 0
40884 0
40883 0
40882 0
40881 0
40880 0
40879 0
40878 0
40877 0
40876 0
40875 0
40874 0
40873 0
40872 0
40871 0
40870 0
40869 0
40868 0
40867 0
40866 0
40865 0
40864 0
40863 0
40862 0
40861 0
40860 0
40859 0
40858 0
40857 0
40856 0
40855 0
40854 0
40853 0
40852 0
40851 0
40850 0
40849 0
40848 0
40847 0
40846 0
40845 0
40844 0
40843 0
40842 0
40841 0
40840 0
40839 0
40838 0
40837 0
40836 0
40835 0
40834 0
40833 0
40832 0
40831 0
40830 0
40829 0
40828 0
40827 0
40826 0
40825 0
40824 0
40823 0
40822 0
40821 0
40820 0
40819 0
40818 0
40817 0
40816 0
40815 0
40814 0
40813 0
40811 0
40810 0
40809 0
40808 0
40807 0
40806 0
40805 0
40804 0
40803 0
40802 0
40801 0
40800 0
40799 0
40798 0
40797 0
40796 0
40795 0
40794 0
40793 0
40792 0
40791 0
40790 0
40789 0
40788 0
40787 0
40786 0
40785 0
40784 0
40783 0
40782 0
40781 0
40780 0
40779 0
40778 0
40777 0
40776 0
40775 0
40774 0
40773 0
40772 0
40771 0
40770 0
40769 0
40768 0
40767 0
40766 0
40765 0
40764 0
40763 0
40762 0
40761 0
40760 0
40759 0
40758 0
40757 0
40756 0
40755 0
40754 0
40753 0
40752 0
40751 0
40750 0
40749 0
40748 0
40747 0
40746 0
40745 0
40744 0
40743 0
40742 0
40741 0
40740 0
40739 0
40738 0
40737 0
