29879 7.29397
37684 4.7089
24345 3.31073
27024 2.9193
22237 2.91111
32268 2.90184
9581 2.08095
15051 1.96031
18158 1.47246
36543 1.21786
34956 1.15353
2184 1.07689
8766 1.04034
19456 0.973333
18634 0.915388
14457 0.91218
29479 0.891468
40622 0.845865
17494 0.797619
15366 0.785844
10077 0.759921
28776 0.75
20529 0.75
25069 0.74359
15936 0.676941
25796 0.648179
23606 0.630952
40531 0.575
28787 0.567816
23651 0.558621
35221 0.553333
30768 0.526923
17117 0.526923
17308 0.523704
484 0.520979
33344 0.516667
12559 0.49
33023 0.476546
28536 0.47549
14412 0.471429
16541 0.433766
615 0.386747
24001 0.385714
30041 0.384973
31961 0.383095
31065 0.380952
6376 0.378968
1066 0.368347
38466 0.357387
30465 0.334641
30189 0.333333
30076 0.333333
29046 0.333333
18928 0.333333
11234 0.333333
8341 0.333333
6885 0.333333
6729 0.333333
3568 0.333333
13982 0.32988
12745 0.325397
4942 0.321429
6512 0.316667
14197 0.315909
29894 0.314815
1926 0.314815
27268 0.310626
35612 0.30754
15190 0.296429
2385 0.286667
37547 0.279198
13331 0.279198
19754 0.275
3894 0.265032
30643 0.25
28976 0.25
22826 0.25
22566 0.25
7468 0.25
7388 0.25
7100 0.25
6525 0.25
1128 0.25
27798 0.239261
39874 0.226534
38617 0.226534
12583 0.226534
37984 0.2
37139 0.2
33528 0.2
32361 0.2
20061 0.2
11832 0.2
11473 0.2
10795 0.2
32086 0.197576
28043 0.19
750 0.189423
20907 0.180627
20122 0.180627
10437 0.180627
2287 0.177946
6575 0.172578
20924 0.170401
12192 0.170401
3540 0.169555
36382 0.166667
22323 0.166667
18028 0.166667
15597 0.166667
9286 0.166667
997 0.166667
9524 0.163541
10064 0.151944
28623 0.14348
35883 0.142857
33039 0.142857
32351 0.142857
26204 0.142857
24204 0.142857
20447 0.142857
19146 0.142857
18164 0.142857
5150 0.142857
38206 0.141429
24455 0.141429
34734 0.136923
31337 0.136923
25711 0.136923
15131 0.136667
11590 0.136667
25931 0.131203
9703 0.131203
8950 0.131203
40482 0.125
16354 0.125
14995 0.125
11457 0.125
10806 0.125
7551 0.125
1570 0.125
19556 0.12205
30 0.12205
26825 0.121878
30463 0.111111
28660 0.111111
27754 0.111111
25686 0.111111
7341 0.111111
5672 0.111111
35492 0.102102
33737 0.102102
20284 0.102102
31106 0.1
28237 0.1
20032 0.1
18876 0.1
15915 0.1
4248 0.1
35810 0.0909091
26889 0.0909091
24418 0.0909091
9298 0.0909091
2151 0.0909091
23430 0.0856085
16363 0.0856085
34482 0.0769231
24250 0.0769231
23424 0.0769231
13726 0.0769231
39072 0.0714286
36074 0.0714286
35197 0.0714286
30105 0.0714286
27877 0.0714286
27304 0.0714286
15919 0.0714286
10897 0.0714286
1601 0.0714286
39581 0.0666667
36863 0.0666667
19475 0.0666667
17101 0.0666667
9435 0.0666667
13335 0.0625
943 0.0588235
38677 0.0526316
20219 0.0526316
40356 0.05
36223 0.05
31612 0.05
15932 0.05
11421 0.05
5542 0.05
1533 0.05
35935 0.047619
19875 0.047619
15746 0.047619
7440 0.047619
5858 0.047619
30925 0.0434783
24792 0.0434783
17027 0.0434783
10540 0.0434783
5016 0.0434783
31119 0.04
27324 0.04
7718 0.04
5945 0.04
5140 0.04
37288 0.037037
39321 0.0344828
38124 0.0344828
32561 0.0344828
29748 0.0344828
18494 0.0344828
15073 0.0344828
10085 0.0344828
7902 0.0344828
2477 0.0344828
469 0.0344828
29189 0.0285714
24000 0.0285714
14183 0.0285714
7108 0.0285714
4364 0.0285714
38325 0.02
37745 0.02
37283 0.02
33747 0.02
31895 0.02
30528 0.02
22244 0.02
22013 0.02
17161 0.02
16170 0.02
11772 0.02
11141 0.02
7224 0.02
3038 0.02
2780 0.02
40980 0
40979 0
40978 0
40977 0
40976 0
40975 0
40974 0
40973 0
40972 0
40971 0
40970 0
40969 0
40968 0
40967 0
40966 0
40965 0
40964 0
40963 0
40962 0
40961 0
40960 0
40959 0
40958 0
40957 0
40956 0
40955 0
40954 0
40953 0
40952 0
40951 0
40950 0
40949 0
40948 0
40947 0
40946 0
40945 0
40944 0
40943 0
40942 0
40941 0
40940 0
40939 0
40938 0
40937 0
40936 0
40935 0
40934 0
40933 0
40932 0
40931 0
40930 0
40929 0
40928 0
40927 0
40926 0
40925 0
40924 0
40923 0
40922 0
40921 0
40920 0
40919 0
40918 0
40917 0
40916 0
40915 0
40914 0
40913 0
40912 0
40911 0
40910 0
40909 0
40908 0
40907 0
40906 0
40905 0
40904 0
40903 0
40902 0
40901 0
40900 0
40899 0
40898 0
40897 0
40896 0
40895 0
40894 0
40893 0
40892 0
40891 0
40890 0
40889 0
40888 0
40887 0
40886 0
40885 0
40884 0
40883 0
40882 0
40881 0
40880 0
40879 0
40878 0
40877 0
40876 0
40875 0
40874 0
40873 0
40872 0
40871 0
40870 0
40869 0
40868 0
40867 0
40866 0
40865 0
40864 0
40863 0
40862 0
40861 0
40860 0
40859 0
40858 0
40857 0
40856 0
40855 0
40854 0
40853 0
40852 0
40851 0
40850 0
40849 0
40848 0
40847 0
40846 0
40845 0
40844 0
40843 0
40842 0
40841 0
40840 0
40839 0
40838 0
40837 0
40836 0
40835 0
40834 0
40833 0
40832 0
40831 0
40830 0
40829 0
40828 0
40827 0
40826 0
40825 0
40824 0
40823 0
40822 0
40821 0
40820 0
40819 0
40818 0
40817 0
40816 0
40815 0
40814 0
40813 0
40812 0
40811 0
40810 0
40809 0
40808 0
40807 0
40806 0
40805 0
40804 0
40803 0
40802 0
40801 0
40800 0
40799 0
40798 0
40797 0
40796 0
40795 0
40794 0
40793 0
40792 0
40791 0
40790 0
40789 0
40788 0
40787 0
40786 0
40785 0
40784 0
40783 0
40782 0
40781 0
40780 0
40779 0
40778 0
40777 0
40776 0
40775 0
40774 0
40773 0
40772 0
40771 0
40770 0
40769 0
40768 0
40767 0
40766 0
40765 0
40764 0
40763 0
40762 0
40761 0
40760 0
40759 0
40758 0
40757 0
40756 0
40755 0
40754 0
40753 0
40752 0
40751 0
40750 0
40749 0
40748 0
40747 0
40746 0
40745 0
40744 0
40743 0
40742 0
40741 0
40740 0
40739 0
40738 0
40737 0
40736 0
40735 0
40734 0
40733 0
40732 0
40731 0
40730 0
40729 0
40728 0
40727 0
40726 0
40725 0
40724 0
40723 0
40722 0
