9665 143.18
40883 82.9532
10923 56.4003
743 53.9705
21911 48.7066
9561 45.4443
23696 37.7349
15400 37.4496
24414 31.0914
34433 28.1183
17687 27.6033
25337 26.9871
2647 21.9931
1667 20.609
31509 19.4093
31301 17.6433
6255 16.5989
2840 16.2788
37935 16.0498
1313 14.5703
17715 14.2685
13251 14.0876
1642 13.2009
33185 12.8414
19032 12.5991
15599 12.5618
20273 11.6591
38970 11.1738
29174 11.1255
10581 10.1452
19514 9.8246
17935 9.68235
14430 9.2653
33507 8.99425
27963 8.95342
1017 8.60806
27799 7.60459
28883 7.48737
23843 7.44788
21075 6.8909
8672 6.87208
18361 6.84396
22263 6.54922
18798 6.1247
19288 5.76008
4257 5.6979
7395 5.47685
2284 5.39326
24812 5.36934
24295 5.36682
32732 5.32135
32879 5.28564
34167 5.28127
878 4.97738
5774 4.89666
13851 4.81344
2209 4.74042
26183 4.6389
22879 4.57655
987 4.49031
31028 4.39246
2604 4.31299
22594 4.18137
31283 3.9591
5748 3.94418
35216 3.93095
34459 3.73333
15179 3.63802
13113 3.58932
27121 3.47644
19914 3.45145
34311 3.42948
5358 3.12403
9497 3.11495
37956 3.08194
1292 3.02063
19198 2.99823
31960 2.89935
1796 2.84866
11502 2.70952
38683 2.70471
16918 2.67773
1983 2.60119
14167 2.5896
2955 2.58804
4692 2.55383
15507 2.5329
9466 2.52813
35462 2.51224
35035 2.48752
38486 2.43691
8027 2.40739
29617 2.35049
25286 2.34989
19233 2.33351
24017 2.28333
26896 2.22382
2898 2.18893
613 2.18254
39234 2.16464
13058 2.12023
1321 2.11667
34776 2.09346
18328 2.08055
17202 2.07421
40310 2.06125
38897 2.04695
38032 2.02765
2320 2.01316
6183 1.961
2118 1.95115
15457 1.94669
20606 1.89841
411 1.8921
19730 1.87498
13654 1.87034
17301 1.85757
5741 1.8119
27452 1.78908
19467 1.71096
10947 1.70216
6679 1.67761
35156 1.65303
7439 1.63711
7866 1.58558
31150 1.57693
2676 1.56667
11040 1.56163
3439 1.55043
36300 1.54816
2565 1.54008
27945 1.51369
39180 1.47282
17755 1.45952
5440 1.43498
40970 1.41026
38999 1.38482
13635 1.38333
3378 1.37885
11891 1.375
34425 1.36667
23631 1.35308
28610 1.30952
2388 1.30404
27048 1.3
37426 1.29824
34553 1.28538
22079 1.28518
10110 1.27125
7949 1.26388
19210 1.26071
15850 1.25952
26152 1.25877
12343 1.24545
23724 1.24397
23805 1.24001
30967 1.23333
36168 1.22013
32885 1.20992
14138 1.20073
40369 1.19675
30834 1.18384
37924 1.15833
21541 1.15657
31894 1.15556
15818 1.14265
15411 1.13819
22853 1.13564
38315 1.11787
13763 1.11604
8403 1.11019
5641 1.10844
24239 1.10521
37061 1.10238
6313 1.10202
8216 1.10168
35186 1.09866
1394 1.08618
21274 1.04619
40613 1.04359
20699 1.03772
34220 1.03243
35087 1.02882
28682 1.02549
11086 0.991667
7620 0.989329
19970 0.981046
17196 0.967857
33675 0.9671
29143 0.966554
14285 0.953472
17264 0.946866
27075 0.941725
5693 0.922222
5778 0.910689
20443 0.909957
7129 0.881487
14818 0.866667
29302 0.86575
1345 0.86401
33876 0.861111
16298 0.852453
39734 0.85049
15644 0.837879
29497 0.834146
38253 0.833333
8258 0.833333
25490 0.82495
14258 0.823016
3308 0.816807
8716 0.815074
37094 0.8125
14378 0.811054
29470 0.787619
34333 0.783333
35734 0.783009
5485 0.775
28758 0.766209
34188 0.750992
34657 0.75
27269 0.75
11363 0.75
26878 0.75
4180 0.74151
23750 0.733187
14512 0.73008
32620 0.72702
2772 0.715476
27926 0.715152
1704 0.703763
2762 0.681691
24028 0.67619
36644 0.674242
38503 0.666667
22945 0.663131
24667 0.663131
20272 0.654191
24167 0.65
7295 0.65
35129 0.647835
11283 0.642857
10400 0.642857
37888 0.639286
9502 0.639033
6967 0.634133
12091 0.628788
38166 0.625
20111 0.625
18976 0.624242
16749 0.619955
29063 0.611294
1016 0.611111
24939 0.611111
24102 0.603968
18308 0.601318
706 0.6
19683 0.592857
4665 0.592857
1769 0.590321
30588 0.587302
24214 0.582063
9164 0.573995
18149 0.571429
2217 0.56406
40286 0.561849
18693 0.561111
35959 0.558333
39898 0.549003
13200 0.541667
21824 0.541404
20392 0.540909
18469 0.540909
7794 0.540576
31668 0.540115
38535 0.540018
22473 0.535714
38744 0.533333
13043 0.533333
9455 0.529902
23323 0.526929
23429 0.525
19120 0.514044
28557 0.512704
36400 0.504433
1975 0.503968
37339 0.502098
27786 0.5
17634 0.5
7160 0.5
38316 0.495833
15524 0.495498
10318 0.494444
8311 0.492857
38621 0.491891
28433 0.490251
15868 0.49
33991 0.488095
37805 0.487076
18520 0.479927
35339 0.478109
34768 0.47619
8689 0.462751
695 0.462751
37923 0.461905
6262 0.460145
28494 0.457879
10361 0.455357
13645 0.45202
24408 0.447619
7238 0.444444
20432 0.443478
9958 0.443452
39418 0.442857
6730 0.442351
37685 0.441399
30586 0.441057
27373 0.441057
16425 0.438462
25998 0.436536
20992 0.433333
939 0.426565
32217 0.42619
10523 0.42619
40340 0.425641
25834 0.420635
7433 0.418361
33699 0.417096
21341 0.415
33910 0.409524
12466 0.408333
5740 0.4068
4976 0.40625
25287 0.394444
35872 0.391414
595 0.390909
20145 0.389341
39242 0.384367
7357 0.382857
24605 0.382576
17440 0.379266
9163 0.378968
16974 0.377632
25117 0.37619
19587 0.37619
28105 0.37488
3125 0.373558
40642 0.37316
29581 0.373124
7301 0.368347
17067 0.368243
30425 0.367857
3541 0.367857
5362 0.361111
2249 0.361111
38379 0.360747
32556 0.355383
6509 0.354701
31946 0.353968
2885 0.351111
39207 0.35049
40523 0.349733
15316 0.349524
8465 0.348214
34640 0.34724
28151 0.341777
34265 0.341604
32303 0.34127
13691 0.340909
10471 0.334387
38650 0.333333
37214 0.333333
36251 0.333333
30875 0.333333
30608 0.333333
30363 0.333333
28036 0.333333
27410 0.333333
25368 0.333333
20587 0.333333
18103 0.333333
18005 0.333333
16576 0.333333
16542 0.333333
15245 0.333333
12692 0.333333
10533 0.333333
10294 0.333333
9133 0.333333
8692 0.333333
4677 0.333333
862 0.333333
38230 0.330891
15129 0.330252
15252 0.321256
10069 0.320076
25603 0.318694
24509 0.314815
33460 0.309524
5174 0.309524
25666 0.308824
24223 0.297619
39196 0.296429
25345 0.296429
29991 0.291667
8435 0.291667
26442 0.29011
37556 0.288889
14425 0.275848
8297 0.275115
16008 0.274107
33633 0.267832
5771 0.265079
30793 0.265
233 0.265
38155 0.260747
36313 0.260747
16806 0.260747
40886 0.259973
32970 0.258242
19580 0.25674
35055 0.256566
3610 0.256566
18739 0.253268
17312 0.25049
38445 0.25
38252 0.25
37711 0.25
33638 0.25
30952 0.25
30472 0.25
30017 0.25
29913 0.25
28054 0.25
26069 0.25
25276 0.25
23233 0.25
22061 0.25
17860 0.25
16605 0.25
12110 0.25
11758 0.25
11226 0.25
10761 0.25
8976 0.25
8176 0.25
5900 0.25
5576 0.25
5339 0.25
114 0.25
33896 0.248768
20934 0.247222
2054 0.245833
36057 0.243766
27123 0.238462
2288 0.238034
13799 0.237607
21931 0.236111
8000 0.234921
5777 0.233333
22178 0.22549
3747 0.223824
37169 0.22254
27342 0.222378
5507 0.221817
11846 0.22123
15294 0.219935
37578 0.216667
26248 0.216667
13 0.212619
6928 0.207751
22527 0.207065
16836 0.204701
25077 0.20202
2094 0.201166
40035 0.2
38901 0.2
32046 0.2
31124 0.2
28839 0.2
26014 0.2
24825 0.2
23641 0.2
21738 0.2
20896 0.2
20320 0.2
18630 0.2
18395 0.2
17997 0.2
16089 0.2
10360 0.2
10100 0.2
7216 0.2
7196 0.2
7183 0.2
5969 0.2
4471 0.2
2763 0.2
1794 0.2
731 0.2
501 0.2
