23880 40.7495
34934 29.6373
25536 27.195
28082 18.8216
18074 15.6634
14308 15.5368
32514 13.5564
15724 13.2027
27372 12.7368
12161 10.7718
13724 10.564
8107 9.92908
24 9.8483
636 9.4304
18 8.80239
10531 8.61529
6855 7.17762
15947 6.85351
35427 6.77992
18957 6.03588
839 5.87682
32193 5.60676
23891 5.60365
6304 5.28524
35243 5.10007
33601 5.06254
11025 5.04025
5559 4.95464
6432 4.77054
18266 4.06847
20379 4.01128
39267 3.96183
22524 3.8705
38991 3.80935
36932 3.75069
14580 3.60308
148 3.48548
3275 3.30156
15393 3.2945
38883 3.28636
40769 3.28558
32275 3.22977
6971 3.22323
11769 3.19117
876 3.14372
33949 3.12237
23185 2.99116
12687 2.98038
37833 2.89372
2255 2.79591
15473 2.73634
26801 2.65919
31912 2.61159
25231 2.5776
25694 2.51532
40038 2.42226
11139 2.40687
30894 2.38873
40822 2.38294
26745 2.30901
32416 2.2437
1824 2.19747
39134 2.1471
17200 2.14361
2270 2.04394
24201 2.0176
19166 1.9869
13380 1.96936
39033 1.95068
1633 1.91154
23690 1.90499
31883 1.90123
28391 1.88257
9266 1.82314
11262 1.81035
10191 1.80394
9184 1.7375
2213 1.72311
35522 1.69972
12852 1.6905
24045 1.65875
1837 1.60671
142 1.59567
15745 1.57434
37099 1.56648
2695 1.54792
29458 1.52933
39166 1.52809
20475 1.50444
16139 1.49839
861 1.45675
38239 1.44104
18774 1.42758
24976 1.42211
23811 1.41767
9545 1.41281
12917 1.40907
40055 1.40391
34515 1.40262
28 1.33756
5524 1.31305
30406 1.31221
12765 1.30128
18981 1.28663
23008 1.25647
31383 1.25009
4197 1.24706
5927 1.20662
34921 1.2
24278 1.18258
3796 1.15873
33658 1.1567
4438 1.15494
37124 1.15278
36723 1.14955
1207 1.1422
30555 1.12787
16726 1.11786
40391 1.10795
20851 1.10078
20770 1.06961
21584 1.03952
4258 1.03939
11520 1.03753
28711 1.02847
4832 1.01449
15070 1.01389
30675 0.981835
11187 0.973881
37579 0.966667
13288 0.963034
33542 0.916113
18475 0.914169
25793 0.910033
29308 0.906746
5213 0.906271
25999 0.8875
12097 0.886508
6233 0.877948
25392 0.86791
24491 0.861447
38757 0.861164
33593 0.852453
28108 0.836111
37649 0.82702
18354 0.809769
22596 0.795172
18252 0.790278
18945 0.783333
22961 0.762088
26386 0.750433
32811 0.748109
11336 0.743369
39057 0.734017
19594 0.714599
39714 0.697619
8047 0.685007
34292 0.677933
31353 0.673333
15100 0.672161
13947 0.657223
3446 0.65561
33849 0.647558
1551 0.635965
35095 0.631061
40901 0.6
16474 0.589098
2705 0.587354
39484 0.586998
2342 0.585294
17535 0.580685
38655 0.578639
18669 0.560895
1095 0.552814
31321 0.54706
20264 0.526923
3774 0.525214
30260 0.517227
9496 0.513219
17339 0.500728
11933 0.480045
21273 0.463095
15299 0.461765
3990 0.458386
9346 0.458333
15009 0.453968
20859 0.43849
25108 0.425
24347 0.42123
18412 0.42123
5866 0.409713
35019 0.399914
22042 0.390803
17817 0.389737
918 0.386447
37469 0.385714
39686 0.383152
24349 0.382183
6093 0.371447
29384 0.362043
22045 0.357576
31440 0.354178
38291 0.341535
452 0.339423
35973 0.319444
17983 0.316468
19454 0.313339
16247 0.3066
23688 0.300712
10747 0.293424
28761 0.291667
34726 0.289233
35120 0.254555
6934 0.241828
8104 0.235145
24425 0.230952
33722 0.215451
19382 0.215451
38561 0.205556
15914 0.204428
16763 0.2
40312 0.194685
26646 0.19183
32794 0.191642
14441 0.18511
34774 0.180303
37981 0.172161
35650 0.163233
39470 0.155817
37539 0.155817
37258 0.155817
12517 0.142857
9674 0.142857
8009 0.142857
33791 0.141288
4107 0.140278
1307 0.140278
10024 0.135123
21479 0.125
40744 0.106629
29697 0.106629
34295 0.103841
31528 0.1
37611 0.0909091
25503 0.0909091
20423 0.0909091
34530 0.0769231
29779 0.0769231
25818 0.0769231
25674 0.0769231
25621 0.0769231
23958 0.0769231
21238 0.0769231
9356 0.0769231
1350 0.0769231
899 0.0769231
30719 0.0714286
34709 0.0705905
32858 0.0666667
29048 0.0666667
28548 0.0659104
20741 0.0659104
32910 0.0625
28592 0.0624252
11160 0.0624252
25502 0.0588235
21859 0.05
12394 0.05
24165 0.047619
1038 0.04
7939 0.037037
18907 0.0277778
17215 0.0277778
11538 0.0277778
7300 0.0277778
37968 0.0217391
32404 0.0163934
28911 0.0163934
28362 0.0163934
26330 0.0163934
21740 0.0163934
21671 0.0163934
21522 0.0163934
20514 0.0163934
20118 0.0163934
18657 0.0163934
17508 0.0163934
16733 0.0163934
7078 0.0163934
5260 0.0163934
3174 0.0163934
2109 0.0163934
70 0.0163934
40980 0
40979 0
40978 0
40977 0
40976 0
40975 0
40974 0
40973 0
40972 0
40971 0
40970 0
40969 0
40968 0
40967 0
40966 0
40965 0
40964 0
40963 0
40962 0
40961 0
40960 0
40959 0
40958 0
40957 0
40956 0
40955 0
40954 0
40953 0
40952 0
40951 0
40950 0
40949 0
40948 0
40947 0
40946 0
40945 0
40944 0
40943 0
40942 0
40941 0
40940 0
40939 0
40938 0
40937 0
40936 0
40935 0
40934 0
40933 0
40932 0
40931 0
40930 0
40929 0
40928 0
40927 0
40926 0
40925 0
40924 0
40923 0
40922 0
40921 0
40920 0
40919 0
40918 0
40917 0
40916 0
40915 0
40914 0
40913 0
40912 0
40911 0
40910 0
40909 0
40908 0
40907 0
40906 0
40905 0
40904 0
40903 0
40902 0
40900 0
40899 0
40898 0
40897 0
40896 0
40895 0
40894 0
40893 0
40892 0
40891 0
40890 0
40889 0
40888 0
40887 0
40886 0
40885 0
40884 0
40883 0
40882 0
40881 0
40880 0
40879 0
40878 0
40877 0
40876 0
40875 0
40874 0
40873 0
40872 0
40871 0
40870 0
40869 0
40868 0
40867 0
40866 0
40865 0
40864 0
40863 0
40862 0
40861 0
40860 0
40859 0
40858 0
40857 0
40856 0
40855 0
40854 0
40853 0
40852 0
40851 0
40850 0
40849 0
40848 0
40847 0
40846 0
40845 0
40844 0
40843 0
40842 0
40841 0
40840 0
40839 0
40838 0
40837 0
40836 0
40835 0
40834 0
40833 0
40832 0
40831 0
40830 0
40829 0
40828 0
40827 0
40826 0
40825 0
40824 0
40823 0
40821 0
40820 0
40819 0
40818 0
40817 0
40816 0
40815 0
40814 0
40813 0
40812 0
40811 0
40810 0
40809 0
40808 0
40807 0
40806 0
40805 0
40804 0
40803 0
40802 0
40801 0
40800 0
40799 0
40798 0
40797 0
40796 0
40795 0
40794 0
40793 0
40792 0
40791 0
40790 0
40789 0
40788 0
40787 0
40786 0
40785 0
40784 0
40783 0
40782 0
40781 0
40780 0
40779 0
40778 0
40777 0
40776 0
40775 0
40774 0
40773 0
40772 0
