2560 5.49599
19032 2.6863
20890 1.43102
30725 1.22549
13197 1.18341
28345 1.02803
32888 0.868409
22976 0.861905
20845 0.830592
33025 0.827056
10984 0.812771
543 0.754762
26696 0.747619
16771 0.714812
6358 0.714812
66 0.706782
2959 0.666667
19626 0.664286
5750 0.660256
5809 0.590909
15231 0.5671
22477 0.564358
32203 0.545455
27453 0.527778
29255 0.527778
28757 0.524242
25256 0.510483
8672 0.478571
538 0.390909
19850 0.38658
19800 0.357143
31880 0.338095
38144 0.336601
29489 0.333333
11173 0.333333
2206 0.333333
23414 0.324675
10254 0.324675
16789 0.316915
8718 0.305195
4278 0.295238
20347 0.295238
31952 0.278788
487 0.273449
5869 0.260844
28213 0.256566
33895 0.25
31301 0.25
30038 0.25
25290 0.25
21393 0.25
18328 0.25
10902 0.25
10805 0.25
8733 0.25
2633 0.25
7387 0.230592
30943 0.217554
16968 0.213492
35253 0.2
31801 0.2
24239 0.2
23696 0.2
9197 0.2
2840 0.2
2118 0.2
39867 0.186147
36189 0.186147
10556 0.185137
37523 0.166667
27775 0.166667
15656 0.166667
6592 0.166667
2475 0.166667
1530 0.166667
886 0.166667
35307 0.158092
25780 0.158092
10612 0.158092
14091 0.147619
7658 0.147619
38906 0.142857
34129 0.142857
26608 0.142857
23729 0.142857
23170 0.142857
7250 0.142857
2580 0.142857
2447 0.142857
27239 0.13285
2370 0.13285
39791 0.111111
38987 0.111111
38569 0.111111
36388 0.111111
27799 0.111111
24866 0.111111
21889 0.111111
20541 0.111111
18930 0.111111
11113 0.111111
7539 0.111111
3329 0.111111
1346 0.111111
19430 0.104762
35402 0.1
25395 0.1
20309 0.1
14924 0.1
6583 0.1
40136 0.0909091
39673 0.0909091
37613 0.0909091
23921 0.0909091
22241 0.0909091
13809 0.0909091
8676 0.0909091
4714 0.0909091
3574 0.0909091
28921 0.0833333
24002 0.0769231
8407 0.0769231
35242 0.0714286
13194 0.0714286
4439 0.0714286
766 0.0714286
17742 0.0666667
12095 0.0666667
11563 0.0666667
8433 0.0666667
953 0.0666667
22531 0.0588235
17225 0.0588235
15830 0.0588235
22191 0.047619
21350 0.047619
11822 0.047619
7695 0.047619
35264 0.0454545
26197 0.0454545
11285 0.0454545
8711 0.0454545
5390 0.0454545
5040 0.0454545
40967 0.0357143
38391 0.0357143
30916 0.0357143
26755 0.0357143
25155 0.0357143
16094 0.0357143
15809 0.0357143
8943 0.0357143
8269 0.0357143
6403 0.0357143
40636 0.0285714
39977 0.0285714
38322 0.0285714
34800 0.0285714
34511 0.0285714
29207 0.0285714
28934 0.0285714
28467 0.0285714
24825 0.0285714
23368 0.0285714
23228 0.0285714
22656 0.0285714
22613 0.0285714
20980 0.0285714
20686 0.0285714
16465 0.0285714
16147 0.0285714
14319 0.0285714
12948 0.0285714
11385 0.0285714
9767 0.0285714
8612 0.0285714
7858 0.0285714
7236 0.0285714
2292 0.0285714
1026 0.0285714
786 0.0285714
454 0.0285714
40980 0
40979 0
40978 0
40977 0
40976 0
40975 0
40974 0
40973 0
40972 0
40971 0
40970 0
40969 0
40968 0
40966 0
40965 0
40964 0
40963 0
40962 0
40961 0
40960 0
40959 0
40958 0
40957 0
40956 0
40955 0
40954 0
40953 0
40952 0
40951 0
40950 0
40949 0
40948 0
40947 0
40946 0
40945 0
40944 0
40943 0
40942 0
40941 0
40940 0
40939 0
40938 0
40937 0
40936 0
40935 0
40934 0
40933 0
40932 0
40931 0
40930 0
40929 0
40928 0
40927 0
40926 0
40925 0
40924 0
40923 0
40922 0
40921 0
40920 0
40919 0
40918 0
40917 0
40916 0
40915 0
40914 0
40913 0
40912 0
40911 0
40910 0
40909 0
40908 0
40907 0
40906 0
40905 0
40904 0
40903 0
40902 0
40901 0
40900 0
40899 0
40898 0
40897 0
40896 0
40895 0
40894 0
40893 0
40892 0
40891 0
40890 0
40889 0
40888 0
40887 0
40886 0
40885 0
40884 0
40883 0
40882 0
40881 0
40880 0
40879 0
40878 0
40877 0
40876 0
40875 0
40874 0
40873 0
40872 0
40871 0
40870 0
40869 0
40868 0
40867 0
40866 0
40865 0
40864 0
40863 0
40862 0
40861 0
40860 0
40859 0
40858 0
40857 0
40856 0
40855 0
40854 0
40853 0
40852 0
40851 0
40850 0
40849 0
40848 0
40847 0
40846 0
40845 0
40844 0
40843 0
40842 0
40841 0
40840 0
40839 0
40838 0
40837 0
40836 0
40835 0
40834 0
40833 0
40832 0
40831 0
40830 0
40829 0
40828 0
40827 0
40826 0
40825 0
40824 0
40823 0
40822 0
40821 0
40820 0
40819 0
40818 0
40817 0
40816 0
40815 0
40814 0
40813 0
40812 0
40811 0
40810 0
40809 0
40808 0
40807 0
40806 0
40805 0
40804 0
40803 0
40802 0
40801 0
40800 0
40799 0
40798 0
40797 0
40796 0
40795 0
40794 0
40793 0
40792 0
40791 0
40790 0
40789 0
40788 0
40787 0
40786 0
40785 0
40784 0
40783 0
40782 0
40781 0
40780 0
40779 0
40778 0
40777 0
40776 0
40775 0
40774 0
40773 0
40772 0
40771 0
40770 0
40769 0
40768 0
40767 0
40766 0
40765 0
40764 0
40763 0
40762 0
40761 0
40760 0
40759 0
40758 0
40757 0
40756 0
40755 0
40754 0
40753 0
40752 0
40751 0
40750 0
40749 0
40748 0
40747 0
40746 0
40745 0
40744 0
40743 0
40742 0
40741 0
40740 0
40739 0
40738 0
40737 0
40736 0
40735 0
40734 0
40733 0
40732 0
40731 0
40730 0
40729 0
40728 0
40727 0
40726 0
40725 0
40724 0
40723 0
40722 0
40721 0
40720 0
40719 0
40718 0
40717 0
40716 0
40715 0
40714 0
40713 0
40712 0
40711 0
40710 0
40709 0
40708 0
40707 0
40706 0
40705 0
40704 0
40703 0
40702 0
40701 0
40700 0
40699 0
40698 0
40697 0
40696 0
40695 0
40694 0
40693 0
40692 0
40691 0
40690 0
40689 0
40688 0
40687 0
40686 0
40685 0
40684 0
40683 0
40682 0
40681 0
40680 0
40679 0
40678 0
40677 0
40676 0
40675 0
40674 0
40673 0
40672 0
40671 0
40670 0
40669 0
40668 0
40667 0
40666 0
40665 0
40664 0
40663 0
40662 0
