18328 139.024
23285 26.628
15453 25.1627
2422 21.6347
25048 17.1818
19125 14.6761
6294 13.8639
3757 11.1657
40202 9.53435
21593 9.35281
23682 8.93855
30898 8.3099
34426 8.17087
39086 7.6655
20520 7.58499
34749 7.47012
15764 7.24923
9810 7.02192
27799 6.68511
1621 6.65441
14645 6.65316
16601 4.78172
35408 4.0766
23101 3.91987
8479 3.84155
3096 3.74584
8455 3.72466
10331 3.66691
31301 3.52664
18342 3.52547
24903 3.43256
34653 3.42871
20087 3.41247
20833 3.40785
40303 3.39551
18873 3.3715
40598 3.37046
17716 3.27073
865 3.10103
17513 3.06805
26468 2.88764
25143 2.87974
25079 2.8321
40501 2.75628
26759 2.74254
18394 2.69276
26006 2.67341
6195 2.65612
836 2.58524
24422 2.43333
38529 2.40332
5637 2.31864
408 2.25717
13199 2.2373
30812 2.21748
38361 2.16456
19387 2.05341
14717 2.02833
16370 1.98987
8066 1.92317
7392 1.90546
2283 1.86263
24938 1.8373
36079 1.81141
8672 1.80781
34152 1.75934
17163 1.74762
10923 1.7
24280 1.66516
23847 1.66508
19254 1.64496
35945 1.63205
38214 1.62132
20878 1.53403
24825 1.50556
33557 1.48571
567 1.45952
13956 1.42764
20962 1.37424
15301 1.27932
1975 1.26667
10390 1.25738
32222 1.20184
4725 1.19729
2885 1.17601
10087 1.15882
38088 1.15474
830 1.15
14138 1.12662
34768 1.11509
12608 1.11508
19725 1.10397
3852 1.06605
23717 1.05779
1508 1.05437
3936 1.04111
24372 1.03056
13825 0.985119
32885 0.966729
12606 0.962933
8708 0.954651
16068 0.953546
33180 0.952308
37065 0.916667
5420 0.910738
23254 0.907875
12752 0.899917
10480 0.890693
31302 0.88253
18950 0.870635
40059 0.869529
1611 0.866851
12629 0.839418
4525 0.838769
22594 0.835893
17680 0.832576
7573 0.811742
21205 0.805141
22228 0.790038
16298 0.783333
18542 0.783081
30793 0.782006
36144 0.78158
8969 0.75101
5588 0.733333
21148 0.717711
5257 0.701452
9762 0.70135
15629 0.7
7427 0.692721
29878 0.678894
31706 0.670081
29934 0.658333
987 0.656798
52 0.647828
35734 0.643479
23843 0.633333
20701 0.62751
11475 0.609596
37256 0.608503
2386 0.607973
9951 0.60284
36123 0.601349
24733 0.600794
29165 0.582184
9282 0.574524
19032 0.566667
40617 0.548846
22572 0.547514
38842 0.54215
26478 0.529562
6526 0.529562
26003 0.526358
31550 0.5125
11238 0.508824
12327 0.505618
35373 0.503968
13916 0.503788
29066 0.500042
39243 0.48896
17447 0.485985
2090 0.483333
32176 0.481914
8339 0.47549
14661 0.473256
1791 0.471041
9197 0.466307
19302 0.45827
22120 0.455556
37313 0.453343
549 0.442857
34811 0.438095
9697 0.4375
21656 0.428655
40619 0.426923
36952 0.425398
20167 0.422285
39962 0.416316
9741 0.410256
5817 0.407515
3940 0.405556
30209 0.380556
40081 0.378968
33633 0.378788
27509 0.37316
9549 0.37316
13828 0.372285
22184 0.370455
14313 0.363743
35766 0.361919
16806 0.361919
22405 0.360663
26008 0.353968
29325 0.347439
21730 0.334631
32492 0.333333
17639 0.333333
17312 0.333333
6003 0.333333
1610 0.333333
30022 0.328813
28035 0.326923
37914 0.308636
9196 0.308187
31450 0.305556
23259 0.302632
24842 0.302632
17625 0.302632
23696 0.298925
30237 0.292832
8096 0.289834
3301 0.287338
40974 0.280303
20301 0.273766
40724 0.269669
28992 0.260844
29181 0.254286
6041 0.252539
32955 0.25
31183 0.25
30015 0.25
28500 0.25
28110 0.25
27926 0.25
26551 0.25
26503 0.25
20047 0.25
18077 0.25
13654 0.25
8586 0.25
7110 0.25
4477 0.25
2663 0.25
2046 0.25
19188 0.2493
23016 0.238095
543 0.238095
11072 0.236111
31509 0.234181
9856 0.234181
11218 0.229167
10980 0.221983
5550 0.221212
10140 0.2177
8027 0.2177
13432 0.217419
7708 0.217419
6096 0.217419
186 0.217419
27420 0.20049
39795 0.2
37374 0.2
35446 0.2
28742 0.2
27149 0.2
25625 0.2
25552 0.2
20439 0.2
17083 0.2
16817 0.2
8000 0.2
7017 0.2
4966 0.2
4189 0.2
3066 0.2
2869 0.2
1315 0.2
480 0.2
37958 0.198225
10948 0.197498
30900 0.196983
40204 0.196527
27388 0.196527
7076 0.196527
23267 0.191667
21308 0.189669
21478 0.186999
17634 0.186999
39332 0.185185
556 0.17986
2306 0.175736
4907 0.173401
25435 0.172756
27212 0.171861
34487 0.170875
37323 0.166667
35720 0.166667
30668 0.166667
30054 0.166667
28415 0.166667
27882 0.166667
27344 0.166667
26763 0.166667
17348 0.166667
6721 0.166667
960 0.162561
25682 0.156085
29938 0.152681
26176 0.152681
1925 0.152681
24239 0.149208
6592 0.149208
38926 0.142857
34765 0.142857
34268 0.142857
32581 0.142857
31537 0.142857
31466 0.142857
23821 0.142857
22711 0.142857
22124 0.142857
21341 0.142857
19419 0.142857
18209 0.142857
12966 0.142857
11792 0.142857
10183 0.142857
9576 0.142857
3291 0.142857
1193 0.142857
25868 0.136425
40342 0.132602
38864 0.132602
36255 0.132602
21323 0.132602
4551 0.132602
2484 0.132602
37072 0.125
36457 0.125
35701 0.125
33629 0.125
33545 0.125
33452 0.125
29211 0.125
23937 0.125
21607 0.125
21488 0.125
19894 0.125
8741 0.125
7145 0.125
432 0.125
39791 0.12075
33825 0.120239
27514 0.120239
5693 0.120239
12893 0.117073
5003 0.117073
8648 0.116329
34737 0.111111
29891 0.111111
23331 0.111111
19774 0.111111
15321 0.111111
15130 0.111111
13824 0.111111
13445 0.111111
6426 0.111111
445 0.111111
3581 0.100293
38141 0.1
13635 0.1
2043 0.1
2008 0.1
77 0.1
10737 0.0994052
919 0.0994052
20425 0.0962001
35706 0.0909091
30987 0.0909091
26181 0.0909091
24778 0.0909091
24685 0.0909091
23628 0.0909091
20643 0.0909091
17224 0.0909091
16206 0.0909091
14964 0.0909091
14846 0.0909091
14757 0.0909091
13582 0.0909091
12224 0.0909091
11487 0.0909091
9239 0.0909091
7536 0.0909091
2902 0.0909091
832 0.0909091
400 0.0909091
247 0.0909091
33037 0.0868922
28424 0.0833333
24162 0.0833333
16704 0.0833333
14740 0.0833333
36313 0.0801007
33046 0.0801007
26786 0.0801007
24902 0.0801007
19517 0.0801007
5055 0.0801007
20489 0.0787697
2633 0.0787697
34539 0.0769231
33091 0.0769231
32620 0.0769231
32106 0.0769231
29678 0.0769231
26067 0.0769231
23462 0.0769231
21911 0.0769231
17349 0.0769231
5994 0.0769231
12277 0.0749131
39183 0.0714286
32552 0.0714286
30057 0.0714286
28345 0.0714286
25860 0.0714286
16789 0.0714286
36528 0.0666667
16047 0.0666667
9472 0.0666667
34086 0.0625
19589 0.0625
8064 0.0625
39696 0.0588235
37916 0.0588235
33267 0.0588235
31374 0.0588235
26904 0.0588235
22727 0.0588235
17218 0.0588235
16281 0.0588235
15331 0.0588235
10071 0.0588235
9843 0.0588235
5506 0.0588235
4783 0.0588235
4745 0.0588235
4507 0.0588235
39155 0.0555556
32124 0.0555556
30452 0.0555556
29494 0.0555556
27766 0.0555556
24790 0.0555556
17530 0.0555556
15170 0.0555556
11799 0.0555556
10870 0.0555556
9689 0.0555556
6678 0.0555556
5823 0.0555556
5722 0.0555556
4913 0.0555556
30683 0.0526316
28159 0.0526316
25537 0.0526316
25186 0.0526316
12580 0.0526316
7054 0.0526316
37595 0.047619
27628 0.047619
22198 0.047619
38748 0.0454545
36918 0.0454545
36673 0.0454545
33028 0.0454545
30417 0.0454545
29634 0.0454545
25200 0.0454545
20569 0.0454545
19277 0.0454545
18558 0.0454545
16236 0.0454545
13507 0.0454545
6654 0.0454545
2621 0.0454545
33078 0.0416667
30322 0.0416667
27434 0.0416667
16315 0.0416667
12023 0.0416667
6208 0.0416667
4928 0.0416667
2659 0.0416667
39876 0.04
35014 0.04
25994 0.04
25362 0.04
24137 0.04
19967 0.04
625 0.04
32472 0.037037
5449 0.037037
40890 0.0344828
39414 0.0344828
38439 0.0344828
38392 0.0344828
37496 0.0344828
32973 0.0344828
