34488 56642.3
29879 23374.3
14251 14950.8
33975 13330.6
1158 10112.6
2922 10089.2
7570 8461.15
14163 8184.89
21015 8050.73
34630 7479.13
17566 5940.52
22254 5803.51
38449 5440.56
23837 5310.12
9960 4776.6
9333 4640.08
34956 4438.14
20262 4062.18
5798 3812.38
24005 3797.08
4555 3696.65
10211 3412.84
3114 3245.05
11027 2779.57
35950 2711.49
37377 2667.75
29438 2510.28
27767 2436.1
3012 2403.93
15684 2190.82
23168 2169.17
31922 2162.51
18227 2073.61
36296 2066.04
35545 1931.75
27024 1912.82
36222 1875.47
35810 1849.01
13392 1819.77
14829 1815.83
12703 1737.91
19096 1724.8
29986 1550.8
37266 1536.87
9464 1439.42
32585 1421.04
24418 1399.47
13839 1385.84
14656 1377.3
35699 1377.18
3396 1362.08
23798 1340.91
34065 1329.87
27558 1311.7
3578 1308.97
14105 1272.62
10904 1265.56
16210 1260.89
37684 1243.89
13277 1194.08
19629 1191.55
39763 1155.11
27287 1153.6
28694 1138.26
31215 1110.06
6733 1088.94
7783 1060.23
35487 1043.78
28594 1040.47
7325 1035.45
38454 1023.84
29178 1009.67
40289 1008.83
17987 989.676
3964 988.709
39976 988.071
25092 956.064
21608 948.785
32540 938.83
3516 938.133
30473 935.324
16087 934.262
11452 907.419
7974 893.628
1009 888.339
20698 871.537
21059 870.695
2115 868.943
2391 847.102
12198 838.543
24259 821.577
29389 816.969
15250 809.663
19211 805.386
6940 794.499
22197 792.982
28608 783.545
14373 776.918
20274 764.126
3263 733.222
24359 709.958
22939 702.34
26737 699.293
144 694.943
39744 692.437
28751 664.92
12242 662.128
9841 645.972
39156 645.36
17804 639.959
19281 636.913
35025 634.461
14852 630.081
15439 621.972
22280 621.431
22950 596.705
3595 588.061
40341 587.811
21693 579.672
24726 577.507
20275 576.266
7317 571.261
11286 563.045
4989 556.334
27184 555.969
3306 553.92
438 534.161
14866 528.666
23606 523.843
10082 519.332
7856 511.231
19135 509.912
22129 501.555
28700 497.095
35197 494.828
8965 478.457
28021 477.029
34399 475.798
11698 469.107
12736 467.82
3296 462.579
39544 461.361
33265 450.448
24630 447.372
3836 441.127
8114 421.041
8776 418.517
21692 411.887
38919 400.977
34651 397.842
6211 394.556
19791 390.616
775 389.19
24993 388.44
17937 383.363
15488 383.004
23586 380.009
39153 375.962
35318 372.8
31772 370.374
20846 365.083
11222 359.784
3063 357.272
17245 354.263
9728 353.546
25470 352.456
18142 350.038
13318 338.463
21952 336.529
8257 335.395
9628 333.399
4942 330.356
25696 328.271
6087 328.002
23782 325.306
3584 324.315
26631 323.748
24548 321.043
7495 321.015
34964 320.936
10889 318.309
32608 318.198
26489 317.923
17387 316.303
23066 306.857
27609 301.273
35863 298.552
15638 297.058
38381 296.035
2136 290.365
26124 289.161
23652 288.11
4261 288.018
4630 284.518
36498 282.919
4577 282.305
13865 279.622
28678 278.059
31540 273.394
18590 272.113
13594 270.434
33970 269.41
722 266.732
30306 265.676
22151 265.002
36543 262.768
9942 260.788
13404 260.043
35549 259.849
37802 259.66
37517 258.815
5231 256.952
34939 256.822
27575 254.442
23005 252.393
32270 251.591
9953 249.166
13687 246.138
37727 239.709
17686 239.554
14051 239.456
1609 239.333
15119 239.153
2264 237.409
19526 235.809
694 233.448
30088 232.012
31967 231.103
25734 230.451
11938 230.01
22162 227.898
29742 226.832
25161 224.608
15138 223.903
29479 222.472
36829 220.399
36318 220.281
3515 216.728
23664 216.581
2184 214.197
11762 212.058
35644 210.692
40019 210.404
34442 210.357
37423 209.442
32150 206.831
12533 206.374
29532 205.527
9078 204.973
22237 202.597
39874 202.214
29662 201.834
17670 199.382
319 199.306
20218 196.658
10092 196.422
9832 195.862
26660 194.744
7799 194.643
19343 193.722
8975 191.41
26451 190.439
18901 189.704
27404 189.564
16813 188.663
33581 188.28
34395 184.985
6594 184.105
18229 183.227
37872 181.176
11295 181.011
13949 179.725
22471 176.411
4816 176.366
19731 170.643
27917 170.565
1413 169.4
26550 167.999
13792 167.31
13584 166.431
21657 166.014
19456 164.767
21968 164.107
16336 163.27
23265 163.169
38347 161.656
32244 161.348
11456 160.512
20016 159.074
33098 158.553
30245 158.525
24127 158.362
15560 157.558
9886 156.391
23487 155.779
8092 155.077
18882 153.904
4786 153.78
28981 153.089
6088 152.853
18158 151.39
15572 150.866
30258 150.118
22441 149.47
3402 149.196
25494 149.132
892 148.113
13154 147.849
35405 147.749
27794 147.174
107 146.057
19550 146.025
5835 145.677
20848 145.426
39529 145.275
14563 144.118
37547 143.898
39341 143.641
6039 142.696
23387 140.935
10899 140.645
15977 139.668
12024 139.106
16864 139.053
4429 138.701
19496 137.939
38365 137.926
28210 137.576
16225 137.512
40733 137.366
1067 137.297
4424 135.893
38444 135.873
16151 135.869
5970 135.783
32011 135.766
31583 135.659
16714 135.544
22701 135.316
7265 133.864
8202 133.598
21859 132.202
25972 132.046
21036 131.966
30348 131.941
38474 130.714
21677 130.632
33082 129.745
31998 129.652
21676 128.749
23047 128.543
20255 127.989
30463 127.393
26025 127.125
5438 125.688
25772 125.006
10717 124.71
18615 124.408
34929 124.279
28406 124.129
14880 123.738
27851 123.572
15084 123.49
38875 123.263
8873 123.062
33703 122.113
13641 120.29
1272 120.258
30818 119.928
10249 119.504
27522 118.76
22913 118.603
22871 118.45
5849 118.227
18115 118.14
11311 117.878
40681 117.402
32078 117.285
2159 116.926
21310 116.67
9603 116.65
10136 116.561
2499 115.259
16609 114.419
39815 113.374
18436 112.839
22545 112.82
27568 112.626
13426 112.281
24345 112.251
8632 112.123
13852 111.974
21116 111.746
18226 111.374
22181 110.259
12365 108.319
10132 108.228
27501 107.804
1613 107.486
40169 107.457
7368 106.618
21704 106.567
10293 106.381
40941 106.231
24742 106.191
23416 106.015
40896 105.904
31574 105.806
2925 105.139
40824 103.533
2699 102.703
15064 102.458
1501 102.346
30939 101.988
30570 101.945
22847 101.855
4199 101.822
16727 101.602
544 101.358
34696 100.514
38709 99.9144
18455 99.5509
15936 99.4487
20372 98.8889
39195 98.7551
17257 98.3374
18486 98.2468
27159 96.9968
3157 96.4663
31104 96.2033
36786 96.0265
7270 95.134
39628 94.8416
15088 94.6345
18726 94.1494
31106 93.5258
17101 93.3176
6885 93.2963
2106 93.2871
943 93.2223
28267 91.9777
18575 91.7977
19440 91.4479
8051 91.2556
38348 91.1151
14464 91.113
28533 90.8256
26708 90.7264
16883 89.4464
23321 89.3312
7491 89.2798
30844 89.2477
30564 89.2397
15906 89.2238
8421 88.9704
20617 88.9463
33668 88.783
35461 88.5059
13331 88.0016
150 87.6976
5972 87.6434
39062 87.2861
31657 87.2275
9495 87.2242
4964 87.1537
19398 87.1352
26038 86.9168
18049 86.3473
20312 86.2984
26343 86.2605
33023 85.8546
7323 85.763
10554 85.7622
1001 85.6964
7871 85.4652
12805 85.0958
34961 84.9945
29645 83.9978
32499 83.7808
20744 83.678
28794 83.3953
21702 83.0888
9721 82.9781
30104 82.559
710 82.4143
8981 81.9741
27296 81.8571
13493 81.5689
10920 81.5495
3913 81.3556
26889 81.3015
14995 80.803
40470 80.6237
21035 79.9972
5156 79.9155
8766 79.7715
26495 79.6589
19066 79.5836
16234 79.5679
33431 79.5081
