18582 1.97318
19236 1.68367
21394 1.66792
30153 1.2691
15042 0.912425
22066 0.873136
17470 0.830371
12863 0.77182
25214 0.749225
26856 0.738095
37190 0.671761
21020 0.647155
23007 0.55763
21590 0.497514
14118 0.488264
28500 0.463346
28360 0.461113
9694 0.459928
37267 0.44702
21283 0.443694
29549 0.402885
24678 0.380113
33885 0.360659
16859 0.34987
9825 0.343738
25058 0.311172
35518 0.309017
13849 0.309017
11899 0.309017
18334 0.298598
26069 0.294268
15885 0.289946
11315 0.281952
10994 0.275051
7878 0.275051
6034 0.272428
39560 0.270916
9904 0.264461
5569 0.242886
5504 0.242886
35346 0.23641
23155 0.23254
17322 0.223417
15349 0.222516
25906 0.221751
10456 0.216519
39640 0.216357
15020 0.211495
23843 0.209345
26566 0.209188
32658 0.205128
31832 0.205128
33143 0.20498
29401 0.19664
36197 0.185683
35982 0.185683
12575 0.185683
10810 0.185683
2200 0.185683
19202 0.184861
11018 0.184861
31352 0.184111
10237 0.178933
22184 0.175831
1610 0.175831
8707 0.166667
33026 0.160207
10618 0.157566
35941 0.157239
31123 0.154641
23093 0.154641
6828 0.154641
27198 0.153987
20134 0.153987
13732 0.153987
10662 0.153987
3265 0.153987
37967 0.15347
27928 0.15347
27926 0.15347
15363 0.15347
22711 0.146361
36515 0.142857
25330 0.142857
5845 0.142857
17286 0.137668
34610 0.132213
15897 0.128218
16718 0.125
18520 0.122796
17260 0.122411
13819 0.122411
28395 0.122266
19214 0.121421
13853 0.121421
39541 0.12056
3852 0.12056
30676 0.11371
11080 0.11371
36250 0.111111
27738 0.106031
1073 0.102546
17902 0.1
5271 0.1
39627 0.0932771
38969 0.0932771
37462 0.0932771
34537 0.0932771
34438 0.0932771
31683 0.0932771
28928 0.0932771
25507 0.0932771
25202 0.0932771
24457 0.0932771
23120 0.0932771
23110 0.0932771
23003 0.0932771
21776 0.0932771
13370 0.0932771
11591 0.0932771
9287 0.0932771
4618 0.0932771
1799 0.0932771
1218 0.0932771
34737 0.0890316
32289 0.0890316
16301 0.0867323
11404 0.0859443
39860 0.0833333
16817 0.0833333
36529 0.0821759
7577 0.0821759
4760 0.0811708
32313 0.0808081
27482 0.0808081
23042 0.0808081
19524 0.0808081
2484 0.0808081
32234 0.0804139
337 0.0803271
1705 0.0769231
38245 0.0734127
27443 0.0734127
38841 0.0732536
24212 0.0732536
13309 0.0732536
13123 0.0732536
8791 0.0732536
8668 0.0732536
35734 0.0716347
27799 0.0716347
13916 0.0716347
13654 0.0716347
3291 0.0716347
39294 0.0714286
32252 0.0714286
31744 0.0714286
23668 0.0714286
23659 0.0714286
17105 0.0714286
14082 0.0714286
12187 0.0714286
6070 0.0714286
40604 0.070487
27082 0.070487
21145 0.070487
12915 0.070487
11501 0.070487
9558 0.070487
1908 0.070487
797 0.070487
36229 0.0625
34518 0.0625
34163 0.0625
40683 0.0610941
32175 0.0610941
26849 0.0610941
23461 0.0610941
19074 0.0610941
945 0.0610941
26055 0.0603829
16313 0.0603829
6303 0.0603829
37710 0.0599384
20721 0.0599384
15994 0.0599384
3709 0.0599384
2885 0.0599384
2612 0.0599384
17915 0.0573094
30717 0.0544848
34569 0.0526316
24754 0.0526316
19820 0.0526316
18401 0.0526316
1643 0.0526316
2267 0.0524599
34439 0.05
16233 0.05
13635 0.05
6041 0.05
18263 0.0495543
8130 0.0495543
6578 0.0495543
24395 0.0454545
6756 0.0454545
6517 0.0454545
4420 0.0454545
37806 0.0405399
36477 0.0405399
34309 0.0405399
17645 0.0405399
10942 0.0405399
663 0.0405399
38141 0.0400427
34464 0.0400427
32620 0.0400427
29634 0.0400427
26137 0.0400427
10210 0.0400427
938 0.0400427
40342 0.0394503
37347 0.0394503
24239 0.0394503
21757 0.0394503
17154 0.0394503
16076 0.0394503
12449 0.0394503
1659 0.0394503
37672 0.0384615
8416 0.0384615
36400 0.0381008
35766 0.0381008
28094 0.0381008
20099 0.0381008
17590 0.0381008
12393 0.0381008
8427 0.0381008
4444 0.0381008
31225 0.037037
30802 0.037037
28609 0.037037
26977 0.037037
24155 0.037037
13314 0.037037
8126 0.037037
4606 0.037037
3594 0.037037
2754 0.037037
2293 0.037037
39 0.037037
19956 0.0357143
16543 0.0357143
7178 0.0357143
6434 0.0357143
40041 0.03125
34258 0.03125
28101 0.03125
10677 0.03125
38378 0.0293828
17312 0.0293828
14934 0.0293828
716 0.0293828
40848 0.0277778
40716 0.0277778
38310 0.0277778
37444 0.0277778
33841 0.0277778
32817 0.0277778
32403 0.0277778
30411 0.0277778
30209 0.0277778
28353 0.0277778
21193 0.0277778
20413 0.0277778
19816 0.0277778
19392 0.0277778
16390 0.0277778
14570 0.0277778
12292 0.0277778
11335 0.0277778
10689 0.0277778
10266 0.0277778
7876 0.0277778
4998 0.0277778
4891 0.0277778
4061 0.0277778
38479 0.027754
29358 0.027754
23012 0.027754
21764 0.027754
19408 0.027754
16504 0.027754
14543 0.027754
12280 0.027754
10663 0.027754
8547 0.027754
36914 0.027027
36647 0.027027
33233 0.027027
24432 0.027027
23928 0.027027
23177 0.027027
19259 0.027027
17639 0.027027
11270 0.027027
6399 0.027027
1834 0.027027
40778 0.0263158
40326 0.0263158
37949 0.0263158
36947 0.0263158
31951 0.0263158
30612 0.0263158
18755 0.0263158
17106 0.0263158
15987 0.0263158
15067 0.0263158
9876 0.0263158
9381 0.0263158
8838 0.0263158
7422 0.0263158
7225 0.0263158
6239 0.0263158
4861 0.0263158
35439 0.0256757
35317 0.0256757
31729 0.0256757
31159 0.0256757
29225 0.0256757
27989 0.0256757
19182 0.0256757
15416 0.0256757
15347 0.0256757
12569 0.0256757
6140 0.0256757
2869 0.0256757
2585 0.0256757
37931 0.0178571
20172 0.0178571
12823 0.0178571
7277 0.0178571
3721 0.0178571
327 0.0178571
28635 0.0169492
26084 0.0169492
18558 0.0169492
4054 0.0169492
39423 0.0163934
36451 0.0163934
36372 0.0163934
35351 0.0163934
33065 0.0163934
26356 0.0163934
23149 0.0163934
13608 0.0163934
8744 0.0163934
6792 0.0163934
6281 0.0163934
4562 0.0163934
4306 0.0163934
39158 0.0149254
38955 0.0149254
37027 0.0149254
34043 0.0149254
33048 0.0149254
31396 0.0149254
31390 0.0149254
29851 0.0149254
27349 0.0149254
27033 0.0149254
23022 0.0149254
20093 0.0149254
19313 0.0149254
19079 0.0149254
18356 0.0149254
16775 0.0149254
16358 0.0149254
16197 0.0149254
14943 0.0149254
14138 0.0149254
12910 0.0149254
12681 0.0149254
10654 0.0149254
10637 0.0149254
39085 0.0140845
38762 0.0140845
38118 0.0140845
37819 0.0140845
37064 0.0140845
36725 0.0140845
36313 0.0140845
35324 0.0140845
33119 0.0140845
32729 0.0140845
32043 0.0140845
31140 0.0140845
30897 0.0140845
30636 0.0140845
28307 0.0140845
27531 0.0140845
27208 0.0140845
26567 0.0140845
26366 0.0140845
25831 0.0140845
25200 0.0140845
25184 0.0140845
23512 0.0140845
21830 0.0140845
21010 0.0140845
20840 0.0140845
19647 0.0140845
19284 0.0140845
18810 0.0140845
18683 0.0140845
17810 0.0140845
15869 0.0140845
14053 0.0140845
12522 0.0140845
12104 0.0140845
11808 0.0140845
11188 0.0140845
10453 0.0140845
10308 0.0140845
10234 0.0140845
9197 0.0140845
9196 0.0140845
8783 0.0140845
8417 0.0140845
8197 0.0140845
8072 0.0140845
6862 0.0140845
6807 0.0140845
6522 0.0140845
4695 0.0140845
4412 0.0140845
3718 0.0140845
2786 0.0140845
1973 0.0140845
1966 0.0140845
828 0.0140845
37743 0.0138889
37335 0.0138889
36001 0.0138889
33695 0.0138889
28988 0.0138889
26402 0.0138889
24840 0.0138889
18228 0.0138889
17145 0.0138889
13595 0.0138889
12652 0.0138889
8617 0.0138889
813 0.0138889
40644 0.00909091
40632 0.00909091
39661 0.00909091
38608 0.00909091
37597 0.00909091
37374 0.00909091
36796 0.00909091
36732 0.00909091
35698 0.00909091
33773 0.00909091
33633 0.00909091
33518 0.00909091
33108 0.00909091
33052 0.00909091
31947 0.00909091
31589 0.00909091
30693 0.00909091
28749 0.00909091
28110 0.00909091
27721 0.00909091
25081 0.00909091
24870 0.00909091
24206 0.00909091
22641 0.00909091
22530 0.00909091
22388 0.00909091
21861 0.00909091
21323 0.00909091
21217 0.00909091
21115 0.00909091
20919 0.00909091
19511 0.00909091
19465 0.00909091
18138 0.00909091
17637 0.00909091
12973 0.00909091
12016 0.00909091
11266 0.00909091
11264 0.00909091
10656 0.00909091
9001 0.00909091
7792 0.00909091
7074 0.00909091
6959 0.00909091
6859 0.00909091
6172 0.00909091
