28776 6.63745
13392 3.74329
34488 3.0708
23798 3.02024
33975 2.73939
9841 2.07821
7856 1.99091
22197 1.61667
20262 1.57907
2115 1.4
4555 1.2801
24359 1.2171
7570 1.11783
23837 0.798484
22545 0.783333
5798 0.708333
31764 0.686946
38454 0.652381
34630 0.621795
21131 0.621795
12015 0.619048
19343 0.6
38919 0.590909
24005 0.576923
3114 0.553114
7924 0.541667
35788 0.526923
21847 0.517857
15660 0.516667
6940 0.491667
29879 0.488095
20644 0.465909
3578 0.464286
27287 0.457576
22129 0.384565
1158 0.379371
8420 0.34359
38381 0.333333
37684 0.333333
18126 0.333333
10377 0.333333
3595 0.333333
3396 0.333333
2613 0.324242
37377 0.305195
29208 0.296037
17566 0.273449
8632 0.273449
23586 0.252946
38920 0.25
34964 0.25
32619 0.25
32270 0.25
22766 0.25
19211 0.25
17937 0.25
17087 0.25
4577 0.25
2363 0.25
144 0.25
40289 0.227381
39153 0.2
35699 0.2
32380 0.2
27024 0.2
19848 0.2
13086 0.2
12804 0.2
11027 0.2
9832 0.2
8876 0.2
3263 0.186813
40681 0.166667
39410 0.166667
15138 0.166667
14656 0.166667
9960 0.166667
4883 0.166667
775 0.166667
38988 0.142857
35487 0.142857
32784 0.142857
29986 0.142857
27214 0.142857
20722 0.142857
15684 0.142857
12242 0.142857
11680 0.142857
11166 0.142857
9728 0.142857
7317 0.142857
694 0.142857
22841 0.125
19964 0.125
19496 0.125
17257 0.125
10293 0.125
8894 0.125
4717 0.125
3624 0.125
3306 0.125
14852 0.111213
14251 0.111213
13277 0.111213
21693 0.111111
10211 0.111111
8402 0.111111
31831 0.1
29182 0.1
20725 0.1
39244 0.0909091
37266 0.0909091
32644 0.0909091
31323 0.0909091
26737 0.0909091
24676 0.0909091
24051 0.0909091
23047 0.0909091
22939 0.0909091
22160 0.0909091
19525 0.0909091
17101 0.0909091
17051 0.0909091
11247 0.0909091
10213 0.0909091
9369 0.0909091
6513 0.0909091
3964 0.0909091
2264 0.0909091
1609 0.0909091
1342 0.0909091
127 0.0909091
40709 0.0769231
38875 0.0769231
37425 0.0769231
36116 0.0769231
27085 0.0769231
25735 0.0769231
20278 0.0769231
19588 0.0769231
19281 0.0769231
17676 0.0769231
3934 0.0769231
22254 0.0714286
8631 0.0714286
3012 0.0714286
37602 0.0666667
29438 0.0666667
23005 0.0666667
21426 0.0666667
13184 0.0666667
5231 0.0666667
31527 0.0384615
26451 0.0384615
26092 0.0384615
24726 0.0384615
23387 0.0384615
21036 0.0384615
18486 0.0384615
17670 0.0384615
8841 0.0384615
8114 0.0384615
3516 0.0384615
40341 0.037037
38205 0.037037
37799 0.037037
36222 0.037037
34651 0.037037
34065 0.037037
32776 0.037037
29604 0.037037
28981 0.037037
28191 0.037037
20698 0.037037
14163 0.037037
13893 0.037037
13404 0.037037
6039 0.037037
39274 0.0357143
36231 0.0357143
35549 0.0357143
31574 0.0357143
21952 0.0357143
21651 0.0357143
20671 0.0357143
20275 0.0357143
20274 0.0357143
16886 0.0357143
15638 0.0357143
12342 0.0357143
10442 0.0357143
8385 0.0357143
8257 0.0357143
2886 0.0357143
40980 0
40979 0
40978 0
40977 0
40976 0
40975 0
40974 0
40973 0
40972 0
40971 0
40970 0
40969 0
40968 0
40967 0
40966 0
40965 0
40964 0
40963 0
40962 0
40961 0
40960 0
40959 0
40958 0
40957 0
40956 0
40955 0
40954 0
40953 0
40952 0
40951 0
40950 0
40949 0
40948 0
40947 0
40946 0
40945 0
40944 0
40943 0
40942 0
40941 0
40940 0
40939 0
40938 0
40937 0
40936 0
40935 0
40934 0
40933 0
40932 0
40931 0
40930 0
40929 0
40928 0
40927 0
40926 0
40925 0
40924 0
40923 0
40922 0
40921 0
40920 0
40919 0
40918 0
40917 0
40916 0
40915 0
40914 0
40913 0
40912 0
40911 0
40910 0
40909 0
40908 0
40907 0
40906 0
40905 0
40904 0
40903 0
40902 0
40901 0
40900 0
40899 0
40898 0
40897 0
40896 0
40895 0
40894 0
40893 0
40892 0
40891 0
40890 0
40889 0
40888 0
40887 0
40886 0
40885 0
40884 0
40883 0
40882 0
40881 0
40880 0
40879 0
40878 0
40877 0
40876 0
40875 0
40874 0
40873 0
40872 0
40871 0
40870 0
40869 0
40868 0
40867 0
40866 0
40865 0
40864 0
40863 0
40862 0
40861 0
40860 0
40859 0
40858 0
40857 0
40856 0
40855 0
40854 0
40853 0
40852 0
40851 0
40850 0
40849 0
40848 0
40847 0
40846 0
40845 0
40844 0
40843 0
40842 0
40841 0
40840 0
40839 0
40838 0
40837 0
40836 0
40835 0
40834 0
40833 0
40832 0
40831 0
40830 0
40829 0
40828 0
40827 0
40826 0
40825 0
40824 0
40823 0
40822 0
40821 0
40820 0
40819 0
40818 0
40817 0
40816 0
40815 0
40814 0
40813 0
40812 0
40811 0
40810 0
40809 0
40808 0
40807 0
40806 0
40805 0
40804 0
40803 0
40802 0
40801 0
40800 0
40799 0
40798 0
40797 0
40796 0
40795 0
40794 0
40793 0
40792 0
40791 0
40790 0
40789 0
40788 0
40787 0
40786 0
40785 0
40784 0
40783 0
40782 0
40781 0
40780 0
40779 0
40778 0
40777 0
40776 0
40775 0
40774 0
40773 0
40772 0
40771 0
40770 0
40769 0
40768 0
40767 0
40766 0
40765 0
40764 0
40763 0
40762 0
40761 0
40760 0
40759 0
40758 0
40757 0
40756 0
40755 0
40754 0
40753 0
40752 0
40751 0
40750 0
40749 0
40748 0
40747 0
40746 0
40745 0
40744 0
40743 0
40742 0
40741 0
40740 0
40739 0
40738 0
40737 0
40736 0
40735 0
40734 0
40733 0
40732 0
40731 0
40730 0
40729 0
40728 0
40727 0
40726 0
40725 0
40724 0
40723 0
40722 0
40721 0
40720 0
40719 0
40718 0
40717 0
40716 0
40715 0
40714 0
40713 0
40712 0
40711 0
40710 0
40708 0
40707 0
40706 0
40705 0
40704 0
40703 0
40702 0
40701 0
40700 0
40699 0
40698 0
40697 0
40696 0
40695 0
40694 0
40693 0
40692 0
40691 0
40690 0
40689 0
40688 0
40687 0
40686 0
40685 0
40684 0
40683 0
40682 0
40680 0
40679 0
40678 0
40677 0
40676 0
40675 0
40674 0
40673 0
