14829 23.5939
17566 5.55724
39677 3.35351
26505 3.30424
32002 3.03107
6420 2.39349
25602 2.39339
30751 2.30712
22759 1.99604
4402 1.74501
16538 1.66014
24093 1.52517
9722 1.51175
9452 1.32939
24993 1.275
9942 1.2333
33523 1.20202
12774 1.1661
25204 1.13744
37111 1.11859
38352 1.10453
16532 1.0253
27616 0.975
23712 0.95049
11773 0.928606
29635 0.896397
30629 0.849899
26987 0.849279
19864 0.841576
2391 0.834524
6812 0.799321
39446 0.768535
31095 0.741667
21523 0.721952
10809 0.71532
34164 0.710098
40452 0.698407
421 0.697667
28594 0.689176
8635 0.65873
2630 0.646219
9609 0.630138
36275 0.57207
40358 0.544935
13994 0.534472
27315 0.512828
38932 0.468871
9119 0.452526
16875 0.451681
24129 0.428571
34961 0.425
29879 0.424242
8674 0.413711
3585 0.409637
26703 0.374173
17232 0.344877
12703 0.339286
25358 0.333333
1928 0.330128
30752 0.328142
6499 0.316667
38005 0.316239
29966 0.301921
23010 0.273089
22791 0.25
101 0.235112
11547 0.229971
27024 0.22549
1310 0.213636
11058 0.209957
10422 0.207393
40685 0.2
33581 0.2
11736 0.2
970 0.2
9078 0.199096
14032 0.179762
30268 0.175115
35067 0.171569
24992 0.167157
15929 0.167011
36485 0.166667
35810 0.166667
27589 0.166667
23622 0.166667
891 0.159722
3526 0.156568
11472 0.154933
37208 0.150846
24693 0.150846
8092 0.148741
18406 0.14787
15229 0.14787
28658 0.143725
40905 0.142857
37398 0.142857
30682 0.142857
22980 0.142857
17931 0.142857
16264 0.142857
11250 0.142857
10132 0.142857
6887 0.137657
15015 0.135965
24098 0.134748
1438 0.134748
21098 0.13276
36601 0.132758
4239 0.132758
13426 0.127626
37609 0.127277
5359 0.125564
38045 0.12371
7128 0.115193
38444 0.114557
33275 0.11343
31178 0.111111
27513 0.111111
10693 0.111111
10260 0.111111
7105 0.111111
5849 0.111111
2440 0.111111
37162 0.110924
28860 0.106744
17118 0.100241
35647 0.1
34872 0.1
33959 0.1
29203 0.1
27244 0.1
24011 0.1
20981 0.1
17187 0.1
13976 0.1
9624 0.1
8235 0.1
4572 0.1
4009 0.1
27693 0.0995458
40532 0.0979853
15750 0.0909091
12334 0.0909091
39192 0.0833333
38023 0.0833333
34374 0.0833333
17327 0.0833333
16986 0.0833333
11435 0.0833333
7287 0.0833333
3663 0.0833333
3634 0.0833333
34104 0.0795371
26694 0.0795371
26028 0.0795371
8020 0.0795371
771 0.0795371
39839 0.0714286
38466 0.0714286
34630 0.0714286
33919 0.0714286
30939 0.0714286
3522 0.0714286
36009 0.0666667
26466 0.0666667
10326 0.0666667
5935 0.0666667
35933 0.0625
19676 0.0625
9264 0.0625
3157 0.0625
25892 0.0588235
16668 0.0588235
13301 0.0588235
11258 0.0588235
40366 0.0555556
36103 0.0555556
34057 0.0555556
10861 0.0555556
1939 0.0555556
40339 0.0526316
37110 0.0526316
15083 0.0526316
14177 0.0526316
13352 0.0526316
13266 0.0526316
9018 0.0526316
8566 0.0526316
2827 0.0526316
17660 0.047619
38420 0.0434783
35906 0.0416667
34347 0.0416667
25318 0.0416667
21169 0.0416667
17167 0.0416667
598 0.0416667
39222 0.0384615
38661 0.0384615
29614 0.0384615
24539 0.0384615
20602 0.0384615
19056 0.0384615
11161 0.0384615
4175 0.0384615
2952 0.0384615
1875 0.0384615
40134 0.0357143
40058 0.0357143
37798 0.0357143
33410 0.0357143
32530 0.0357143
23492 0.0357143
23434 0.0357143
16839 0.0357143
14486 0.0357143
13098 0.0357143
4181 0.0357143
436 0.0357143
36090 0.0344828
1074 0.0322581
36489 0.030303
33839 0.030303
27035 0.030303
17374 0.030303
40566 0.0294118
39531 0.0294118
33604 0.0294118
27159 0.0294118
26254 0.0294118
13578 0.0294118
12045 0.0294118
7116 0.0294118
4532 0.0294118
1188 0.0294118
39953 0.0263158
29456 0.0263158
27272 0.0263158
24131 0.0263158
18439 0.0263158
14859 0.0263158
39820 0.0238095
27126 0.0238095
26884 0.0238095
23140 0.0238095
22293 0.0238095
20713 0.0238095
20325 0.0238095
14753 0.0238095
12678 0.0238095
9479 0.0238095
7426 0.0238095
2894 0.0238095
1649 0.0238095
40980 0
40979 0
40978 0
40977 0
40976 0
40975 0
40974 0
40973 0
40972 0
40971 0
40970 0
40969 0
40968 0
40967 0
40966 0
40965 0
40964 0
40963 0
40962 0
40961 0
40960 0
40959 0
40958 0
40957 0
40956 0
40955 0
40954 0
40953 0
40952 0
40951 0
40950 0
40949 0
40948 0
40947 0
40946 0
40945 0
40944 0
40943 0
40942 0
40941 0
40940 0
40939 0
40938 0
40937 0
40936 0
40935 0
40934 0
40933 0
40932 0
40931 0
40930 0
40929 0
40928 0
40927 0
40926 0
40925 0
40924 0
40923 0
40922 0
40921 0
40920 0
40919 0
40918 0
40917 0
40916 0
40915 0
40914 0
40913 0
40912 0
40911 0
40910 0
40909 0
40908 0
40907 0
40906 0
40904 0
40903 0
40902 0
40901 0
40900 0
40899 0
40898 0
40897 0
40896 0
40895 0
40894 0
40893 0
40892 0
40891 0
40890 0
40889 0
40888 0
40887 0
40886 0
40885 0
40884 0
40883 0
40882 0
40881 0
40880 0
40879 0
40878 0
40877 0
40876 0
40875 0
40874 0
40873 0
40872 0
40871 0
40870 0
40869 0
40868 0
40867 0
40866 0
40865 0
40864 0
40863 0
40862 0
40861 0
40860 0
40859 0
40858 0
40857 0
40856 0
40855 0
40854 0
40853 0
40852 0
40851 0
40850 0
40849 0
40848 0
40847 0
40846 0
40845 0
40844 0
40843 0
40842 0
40841 0
40840 0
40839 0
40838 0
40837 0
40836 0
40835 0
40834 0
40833 0
40832 0
40831 0
40830 0
40829 0
40828 0
40827 0
40826 0
40825 0
40824 0
40823 0
40822 0
40821 0
40820 0
40819 0
40818 0
40817 0
40816 0
40815 0
40814 0
40813 0
40812 0
40811 0
40810 0
40809 0
40808 0
40807 0
40806 0
40805 0
40804 0
40803 0
40802 0
40801 0
40800 0
40799 0
40798 0
40797 0
40796 0
40795 0
40794 0
40793 0
40792 0
40791 0
40790 0
40789 0
40788 0
40787 0
40786 0
40785 0
40784 0
40783 0
40782 0
40781 0
40780 0
40779 0
40778 0
40777 0
40776 0
40775 0
40774 0
40773 0
40772 0
40771 0
40770 0
40769 0
40768 0
40767 0
40766 0
40765 0
40764 0
40763 0
40762 0
40761 0
40760 0
40759 0
40758 0
40757 0
40756 0
40755 0
40754 0
40753 0
40752 0
40751 0
40750 0
40749 0
40748 0
40747 0
40746 0
40745 0
40744 0
40743 0
40742 0
40741 0
40740 0
40739 0
40738 0
40737 0
40736 0
40735 0
40734 0
