34488 65.8098
33975 56.3396
28776 29.1344
10211 26.7371
7317 10.3231
2115 9.04304
9960 7.5946
39815 6.96398
10904 6.90248
35090 6.84493
7570 6.79307
28751 5.94576
34630 5.67099
34964 5.1375
22950 4.92963
23782 4.92501
20262 4.83306
38449 4.63054
9721 4.59632
10249 3.62795
34065 3.50642
2264 3.14377
9841 3.07519
14866 2.92249
17937 2.7726
15572 2.74517
14163 2.69462
3114 2.64563
29986 2.63879
21015 2.54447
15138 2.3191
31540 2.3063
38919 2.18417
31922 2.1826
5231 2.13938
4424 1.97332
13687 1.89554
34956 1.87438
14373 1.85397
27851 1.79199
13893 1.76319
3306 1.74345
24005 1.73364
31967 1.69433
13594 1.65987
19096 1.59126
32078 1.54598
38348 1.543
39156 1.51198
40169 1.50645
23168 1.4881
32150 1.47596
23798 1.46375
23416 1.4402
29879 1.43098
17670 1.43048
28646 1.43041
11886 1.37424
4989 1.36667
32585 1.33874
18142 1.32517
21059 1.32409
23837 1.31218
17245 1.3
28285 1.28733
35950 1.27815
21693 1.25952
39214 1.20799
22254 1.13654
3524 1.13452
13839 1.08765
22197 1.06682
7856 1.0345
16549 1.02563
28594 1.00397
15660 0.988528
11027 0.964646
4555 0.954587
722 0.952333
21574 0.919225
12805 0.910726
7495 0.907814
32011 0.900223
1158 0.884775
8629 0.879458
8965 0.866325
352 0.853065
37905 0.850433
29389 0.836003
38454 0.825575
28186 0.799014
35716 0.771642
20274 0.770322
3578 0.76951
16920 0.766667
14656 0.743723
19629 0.740046
3402 0.735936
21692 0.723775
15684 0.709353
16225 0.706944
4261 0.706734
38381 0.7
21608 0.7
14880 0.7
36493 0.692735
8776 0.687338
22441 0.680847
22471 0.680375
20086 0.679776
37684 0.67619
37266 0.671652
8975 0.647395
29532 0.642857
27287 0.632736
4786 0.628788
31215 0.624476
14995 0.619589
8724 0.616667
19440 0.615591
40019 0.611111
6088 0.611111
1009 0.608103
22162 0.607479
8114 0.605865
19211 0.597222
29664 0.594538
20826 0.591667
34939 0.591322
26124 0.590909
18229 0.583333
35399 0.575
11241 0.569684
31583 0.554506
39763 0.54324
39153 0.540186
32270 0.519433
20698 0.517757
1339 0.516558
24359 0.513137
40816 0.491667
3836 0.482442
5798 0.478508
1607 0.477778
26301 0.472222
16654 0.471523
6568 0.467857
27794 0.466492
3296 0.457212
892 0.454115
31465 0.444444
3396 0.440909
35699 0.438494
10132 0.438095
26081 0.429748
40201 0.428571
32244 0.424242
33684 0.416667
10462 0.416667
19004 0.413178
23586 0.412121
16899 0.406193
4384 0.405628
9886 0.400433
4740 0.398352
5407 0.395698
11464 0.391667
31764 0.386364
22669 0.384244
13802 0.384018
2922 0.380103
10092 0.378968
24548 0.376623
27609 0.374118
2059 0.374104
26631 0.373611
11452 0.370635
33668 0.370321
23664 0.36657
36318 0.365079
15112 0.365079
33265 0.362862
28165 0.361908
21702 0.360099
21859 0.350877
10636 0.350575
39362 0.344877
21588 0.344608
26737 0.342361
30088 0.342354
31280 0.339565
27767 0.339565
38978 0.333333
35257 0.333333
31105 0.333333
30623 0.333333
30496 0.333333
29415 0.333333
28700 0.333333
27582 0.333333
18060 0.333333
8421 0.333333
7989 0.333333
6606 0.333333
6321 0.333333
21220 0.327778
14852 0.326846
35549 0.32619
13392 0.325812
35405 0.322817
11545 0.308908
37558 0.308333
32776 0.305322
21960 0.302632
21227 0.301732
20275 0.299487
20372 0.297356
14251 0.293062
14105 0.293062
39119 0.291638
16813 0.283824
32608 0.278122
37920 0.277778
36222 0.274477
38737 0.272222
18667 0.27121
33218 0.268347
31772 0.268347
14103 0.263743
15119 0.257462
40681 0.25556
6987 0.255252
28661 0.253571
7012 0.253535
18596 0.253352
32791 0.252778
16336 0.25202
26563 0.251496
38474 0.25
37768 0.25
35635 0.25
35625 0.25
34395 0.25
31820 0.25
28210 0.25
27006 0.25
22635 0.25
21657 0.25
17385 0.25
11872 0.25
10734 0.25
5619 0.25
4739 0.25
30473 0.249573
13404 0.248679
8981 0.245357
3964 0.245238
6039 0.237745
39341 0.237121
31998 0.237121
1710 0.237048
18227 0.231432
35545 0.230159
17113 0.229798
5135 0.227579
8396 0.217405
28021 0.216036
25988 0.214286
27772 0.211111
15439 0.20873
14051 0.205856
25092 0.201034
32931 0.200238
36749 0.2
34469 0.2
34232 0.2
29116 0.2
26550 0.2
25229 0.2
25114 0.2
23136 0.2
8051 0.2
7419 0.2
7368 0.2
1701 0.2
34387 0.199548
6264 0.198925
35573 0.197386
30893 0.194487
17987 0.194487
31870 0.194164
9953 0.193162
40733 0.191036
19135 0.189171
21565 0.188235
307 0.187611
15088 0.186275
18436 0.185354
5181 0.184295
14563 0.182821
36427 0.178431
19550 0.175163
13539 0.174208
17650 0.171919
37975 0.169624
15468 0.16918
7519 0.166883
39461 0.166667
39415 0.166667
38996 0.166667
36174 0.166667
35942 0.166667
33970 0.166667
29671 0.166667
23153 0.166667
22455 0.166667
21936 0.166667
20817 0.166667
15565 0.166667
12754 0.166667
12365 0.166667
9515 0.166667
9178 0.166667
8893 0.166667
7234 0.166667
5438 0.166667
4883 0.166667
4722 0.166667
3464 0.166667
2614 0.166667
2106 0.166667
1408 0.166667
20124 0.164502
3611 0.156151
6452 0.151789
34948 0.151471
2848 0.151471
12739 0.150575
15250 0.149917
7799 0.146295
14284 0.145556
23005 0.144164
40892 0.142857
40685 0.142857
39889 0.142857
38337 0.142857
37634 0.142857
35572 0.142857
31607 0.142857
31106 0.142857
30844 0.142857
29002 0.142857
28608 0.142857
27575 0.142857
27024 0.142857
24075 0.142857
22443 0.142857
20509 0.142857
18615 0.142857
18556 0.142857
13584 0.142857
12514 0.142857
10440 0.142857
10293 0.142857
8894 0.142857
5835 0.142857
2753 0.142857
544 0.142857
12086 0.140836
16666 0.135521
19526 0.130757
14792 0.130757
5411 0.127434
7974 0.127231
39874 0.125
35197 0.125
34696 0.125
34641 0.125
33691 0.125
33536 0.125
30891 0.125
24742 0.125
24469 0.125
24442 0.125
18987 0.125
17566 0.125
17051 0.125
17008 0.125
13597 0.125
13488 0.125
10142 0.125
10106 0.125
8766 0.125
6912 0.125
6063 0.125
4816 0.125
3474 0.125
3258 0.125
1540 0.125
17679 0.119663
3723 0.119663
33916 0.118371
22939 0.118371
22479 0.118371
28981 0.11804
8385 0.11804
35487 0.115385
38365 0.111111
31833 0.111111
29385 0.111111
24088 0.111111
19876 0.111111
19187 0.111111
17986 0.111111
17101 0.111111
16087 0.111111
13255 0.111111
12553 0.111111
12242 0.111111
7459 0.111111
7303 0.111111
3765 0.111111
1952 0.111111
3263 0.109639
26080 0.106349
7783 0.105688
4688 0.104329
17050 0.10108
38875 0.1
32410 0.1
30249 0.1
30104 0.1
23424 0.1
22181 0.1
20300 0.1
20255 0.1
10558 0.1
8721 0.1
6575 0.1
5147 0.1
2015 0.1
1473 0.1
10470 0.0990196
19232 0.0987699
24348 0.0959752
22701 0.0959752
21952 0.0949248
3012 0.0949248
28935 0.0919729
22801 0.0919729
18901 0.0911422
6594 0.0911422
40427 0.0909091
38205 0.0909091
37268 0.0909091
36374 0.0909091
29888 0.0909091
29531 0.0909091
27085 0.0909091
25822 0.0909091
25071 0.0909091
21035 0.0909091
20016 0.0909091
17455 0.0909091
5653 0.0909091
3257 0.0909091
1804 0.0909091
29703 0.0897115
10239 0.0856252
35747 0.0833333
32380 0.0833333
28977 0.0833333
27464 0.0833333
26653 0.0833333
23541 0.0833333
21968 0.0833333
17683 0.0833333
17676 0.0833333
16566 0.0833333
12342 0.0833333
12258 0.0833333
7378 0.0833333
6976 0.0833333
5194 0.0833333
621 0.0833333
16210 0.0821639
4577 0.0821639
36959 0.0804373
21716 0.0804373
37872 0.0787944
35810 0.0787944
39024 0.0769231
29643 0.0769231
29177 0.0769231
26344 0.0769231
20368 0.0769231
19791 0.0769231
18165 0.0769231
10082 0.0769231
5393 0.0769231
