27799 51552
30793 48046
39962 26119
17312 16571.4
32620 12628.5
22711 9607.85
830 9075.64
39791 8116.29
35734 7704.43
24239 7507.41
35063 6676.67
13654 5340.59
2869 5095.28
31301 5066.64
33267 4327.28
21703 4317.57
9197 4275.08
27926 3743.7
14138 3657.06
23843 3470.37
22405 3290.09
16947 3249.97
28424 3162.27
33545 2873.25
36952 2750.12
24162 2703.24
6992 2582.94
15225 2421.66
35766 2225.71
12766 2217.12
12569 2161.85
16047 2105.84
1659 1957.16
29077 1920.72
8672 1915.34
2542 1913.14
16233 1851
22184 1814.33
233 1772.36
35317 1663.8
17154 1663.78
18328 1625.04
36528 1593.85
11626 1565.18
23898 1526.91
18866 1493.57
21889 1466.28
28952 1452.82
35346 1377.83
38141 1366.36
19032 1320.62
39951 1307.29
22594 1306.29
20789 1293.84
34702 1235.87
11113 1228.67
556 1216.75
32885 1186.16
20007 1179.71
28094 1066.19
5293 1043.8
6336 996.434
6501 986.348
36400 963.988
23432 941.61
6592 939.953
37672 912.995
3936 895.184
12893 878.017
24678 867.67
37340 866.683
34768 845.376
37027 834.797
1791 825.476
38952 790.117
37342 762.813
36239 759.922
10923 725.222
37729 713.971
1975 673.863
23628 653.206
16298 648.671
34123 640.872
18520 637.104
18119 627.774
23399 618.523
4761 616.785
40165 615.97
23439 593.617
16283 571.132
29473 570.45
7076 566.718
40204 562.726
6140 561.738
7852 557.676
5821 556.862
37546 556.733
32243 534.658
4852 532.671
7937 530.202
12911 525.494
23696 520.794
22530 520.231
5561 520.07
24505 511.118
8237 501.208
3852 496.895
13916 492.403
26137 483.284
36313 482.017
5003 478.168
37233 477.979
543 466.767
16723 463.698
8412 460.23
24825 454.443
2069 453.967
9924 451.671
2781 424.324
17074 416.601
31240 415.084
12245 415.033
31537 413.282
2484 411.86
1610 403.387
21323 400.377
5778 395.525
34664 392.39
15416 389.213
7889 382.445
29285 378.444
10791 377.198
34156 366.712
38148 343.286
13563 340.685
17393 339.504
35525 333.456
37882 331.856
6033 330.081
18248 315.179
26803 309.221
30209 305.161
29852 301.353
18834 300.755
17267 297.537
19253 297.257
33633 295.904
7145 294.645
34999 294.273
34116 293.827
4038 293.603
35803 290.092
20250 289.623
29589 288.815
26476 278.792
7059 268.705
37496 262.169
15276 262.007
40883 257.899
21000 257.232
23724 256.732
15354 253.842
432 253.818
14943 243.224
21757 242.006
19624 241.987
12090 240.893
15567 240.749
15665 237.728
39111 237.209
11080 237.031
17634 236.782
13507 236.457
29030 232.782
28390 231.089
110 230.619
9665 230.318
28740 228.896
12525 228.88
8027 228.248
27863 223.819
7536 222.918
27649 222.391
3541 221.938
31947 219.305
32536 218.062
35974 217.476
14399 215.893
24591 214.959
31681 213.984
27989 211.248
40525 209.39
37374 207.132
6924 205.029
3030 204.145
37924 204.056
8035 203.741
39671 200.995
6041 197.601
9561 195.522
30425 195.39
30676 193.759
129 193.205
9553 191.369
9196 190.298
25799 189.521
39947 187.477
21566 186.03
3940 185.63
10210 182.969
16806 176.679
5937 173.846
12661 173.326
18950 173.111
32930 170.843
5840 169.873
11725 166.713
30897 165.622
39637 165.496
4872 165.403
35029 165.128
26786 162.124
878 161.933
8242 161.433
987 161.043
34663 160.599
3356 160.261
15542 157.282
2786 156.951
28651 156.608
31589 156.369
3251 155.722
4994 154.874
27843 152.911
21978 151.548
25065 151.457
29634 150.831
7708 149.245
37426 148.994
40342 148.279
3511 148.001
17583 147.864
32987 146.209
37888 144.798
3096 142.575
10480 141.913
4551 141.603
391 141.212
38535 141.075
17401 140.287
4998 139.172
697 138.508
31140 137.613
37711 135.746
35706 135.128
1965 135.011
13043 134.523
33174 134.203
23446 133.604
22598 133.589
6654 133.569
16076 133.082
29901 133.01
31283 131.716
16250 131.44
40890 131.431
8351 130.985
31058 130.381
36918 129.35
26181 129.108
20167 128.886
1760 128.305
26095 127.967
8224 127.312
29140 127.217
10737 123.961
12989 123.089
9304 122.821
7921 122.755
2249 122.396
4479 122.018
14672 121.458
18329 121.304
25826 117.292
17921 116.978
34583 115.909
18555 114.294
15603 113.882
19517 113.379
36673 113.31
26069 113.237
4896 112.987
38856 112.852
18963 112.416
6518 112.333
14534 112.333
21903 111.37
11997 111.138
16395 111.134
19774 109.526
16745 109.006
3887 107.991
20928 106.357
33028 106.051
17301 105.695
17789 105.561
18138 104.215
6863 103.422
15400 103.011
18365 102.887
18356 102.341
29997 102.309
22083 102.105
2262 102.095
25016 101.447
32043 101.374
31329 100.876
5214 98.8327
14858 98.4956
34043 98.4532
26084 98.1823
33728 98.0586
27514 97.3261
3835 96.2156
7051 96.0802
19277 95.3819
26750 94.7045
2817 94.2149
29401 93.7582
24596 93.3733
29237 93.3249
10169 93.1953
4037 92.4893
38583 90.3124
8969 90.3065
38010 89.9944
26467 89.8618
17277 89.7059
37948 88.9721
29143 88.707
26562 88.6992
3068 88.5825
16390 88.1454
21302 86.7618
5693 86.6214
39051 84.6825
26541 84.6464
5479 84.0283
33452 83.8716
2877 83.7805
24902 83.7426
26832 83.6453
12522 83.6048
16504 83.1059
27166 82.8107
39890 82.5295
30847 81.4549
7807 80.947
11811 80.7094
36375 80.4138
38772 80.0346
5423 79.7468
2241 79.7009
35923 79.4348
27033 79.2989
23776 79.283
18428 78.7626
31582 78.1155
20038 77.7431
29464 76.4391
21911 76.1787
39177 76.0081
27740 75.9299
34561 75.6226
6715 75.464
12393 75.3342
40 75.0526
33458 75.0492
19967 74.8879
4548 74.836
16001 74.5761
11876 74.1995
21186 74.1995
28855 73.9181
11810 73.8967
3002 73.7903
13513 73.689
11393 73.4208
3713 72.8229
20177 72.1786
30422 71.9757
550 71.8603
1462 71.7271
15467 71.5396
24368 71.4121
34737 70.6183
20065 70.5933
32324 70.4826
9527 70.2827
30419 70.2759
4672 70.1708
38956 69.3051
35185 69.0751
6937 68.3672
11488 68.1903
39661 67.5883
12970 67.1955
35439 67.177
1410 67.0604
17068 67.0431
5875 66.831
35637 66.4876
28110 66.3834
34965 65.5862
23370 65.5429
26195 65.4168
22313 64.9838
39383 64.7836
1 64.5946
30216 64.5581
31553 63.5598
30731 63.0547
35265 62.2006
16097 62.0686
19684 61.6763
4189 61.2458
28605 61.1995
9821 61.1215
6830 60.3591
40667 60.094
1519 59.5068
32886 59.1883
17739 59.1413
31938 58.8888
11066 58.8771
24400 58.6633
23769 58.6572
37518 58.3723
8828 58.2915
22382 57.8714
25659 57.8312
8577 57.6202
7125 57.1835
19580 56.7803
35082 56.7778
13337 56.6575
11789 56.6549
25568 56.4784
11630 56.4451
32688 56.3651
6262 56.3219
13309 56.1489
6105 55.4965
29923 54.8154
26928 54.662
39894 54.4797
27242 54.2911
2813 54.1897
12451 54.0727
21005 53.7901
22228 53.7496
16784 53.393
7592 53.3281
17412 53.2935
20569 53.146
26854 52.9753
9010 52.9345
24957 52.5001
9180 52.0721
29875 52.0388
20286 51.6978
33256 51.539
22170 51.2853
25651 50.9261
3695 50.4266
22368 50.3635
8592 50.0691
37942 50.0606
25765 49.9076
5691 49.8621
31943 49.8419
5362 49.3069
6319 49.2102
27092 49.1106
34911 49.0683
2899 48.8108
12110 48.6831
4934 48.6124
14318 48.3486
9309 48.2807
27410 47.9556
36160 47.7425
36540 47.4283
11453 47.0239
18842 46.8707
36899 46.7365
2560 46.7219
52 46.6644
11331 46.4802
26512 46.4581
