28776 8.82519
34488 4.97548
35950 2.82365
23837 2.54405
7570 2.16426
7317 2.09691
33975 1.88717
27184 1.56134
10211 1.55405
14373 1.44872
1158 1.30095
21015 1.25912
13687 1.10238
16151 1.07522
11027 1.0711
14251 1.05975
9333 1.02807
722 0.984445
13277 0.933558
28700 0.889286
18227 0.86352
16210 0.809656
39156 0.808333
15119 0.775876
14656 0.68772
15684 0.681443
13594 0.669589
24005 0.661749
3584 0.65986
38347 0.644444
3012 0.643015
20698 0.632874
17987 0.626335
17245 0.602857
2115 0.602027
18115 0.548785
19281 0.544669
32749 0.525
1009 0.52381
29438 0.503439
31922 0.500132
37377 0.497778
21968 0.478416
9960 0.478055
14105 0.468571
34964 0.464683
25898 0.460145
9841 0.456548
20255 0.455357
27287 0.444119
7303 0.443211
20262 0.441063
34939 0.425
14829 0.40873
36296 0.402778
3972 0.39
29982 0.37619
10717 0.373214
37266 0.358015
12691 0.355303
9728 0.35388
11664 0.348214
25819 0.339286
4384 0.339286
35487 0.338528
33076 0.333333
17387 0.333333
22471 0.330357
22441 0.327914
9464 0.309206
29986 0.308333
13839 0.307857
6087 0.3057
10904 0.304894
38454 0.296772
22950 0.292141
23168 0.2875
32988 0.281385
7783 0.280598
5798 0.277517
7799 0.277425
22129 0.274738
3114 0.26859
11698 0.26619
27377 0.257576
14163 0.256588
38381 0.255952
39153 0.25
23199 0.25
22954 0.25
10704 0.25
9886 0.25
144 0.25
38449 0.243975
26081 0.231364
40341 0.23101
28751 0.23101
8975 0.23101
28981 0.217803
24726 0.216399
20086 0.215373
14866 0.210851
21807 0.209499
31998 0.2
27851 0.2
24163 0.2
20863 0.199096
19629 0.198214
19135 0.19391
14852 0.19391
3063 0.191667
4989 0.188889
35491 0.187042
544 0.185635
3578 0.183366
13392 0.181548
18882 0.181046
35545 0.166812
39011 0.166667
36493 0.166667
33130 0.166667
28124 0.166667
26451 0.166667
20716 0.166667
2015 0.166667
34065 0.165916
22939 0.156926
35699 0.150119
29389 0.150119
30818 0.149921
7491 0.149921
13493 0.148492
3396 0.147619
3306 0.144589
11886 0.143015
35164 0.142857
32585 0.142857
32540 0.142857
31764 0.142857
30228 0.142857
29879 0.142857
28755 0.142857
21269 0.142857
21227 0.142857
19541 0.142857
10249 0.142857
2620 0.142857
2136 0.142857
36222 0.142157
27085 0.138716
35644 0.138016
34630 0.138016
12455 0.138016
30078 0.137395
15112 0.13347
23782 0.127605
88 0.126812
39544 0.125
30137 0.125
30049 0.125
14065 0.125
13893 0.125
6063 0.125
13404 0.124034
34651 0.123824
28533 0.122492
12342 0.122492
21997 0.12037
12120 0.114646
39797 0.114286
2391 0.114286
32078 0.112886
16654 0.112886
34461 0.111111
31540 0.111111
27629 0.111111
21925 0.111111
10868 0.111111
6594 0.111111
2159 0.111111
24292 0.108478
15340 0.108196
37089 0.104949
3296 0.104949
2948 0.104286
21059 0.102027
28646 0.10119
32608 0.1
17747 0.1
17683 0.1
16920 0.1
35090 0.0987813
40733 0.0909091
39937 0.0909091
35489 0.0909091
27501 0.0909091
25972 0.0909091
24630 0.0909091
22159 0.0909091
18067 0.0909091
13127 0.0909091
5118 0.0909091
3405 0.0909091
24742 0.0906085
16348 0.0857143
32505 0.0833333
32083 0.0833333
28285 0.0833333
25967 0.0833333
22197 0.0833333
19066 0.0833333
18615 0.0833333
16277 0.0833333
9380 0.0833333
8385 0.0833333
7856 0.0833333
7325 0.0833333
7012 0.0833333
4630 0.0833333
4577 0.0833333
1067 0.0833333
33586 0.0769231
26737 0.0769231
11375 0.0769231
5842 0.0769231
198 0.0769231
37222 0.0714286
36036 0.0714286
35318 0.0714286
31820 0.0714286
27254 0.0714286
17050 0.0714286
16023 0.0714286
15572 0.0714286
14889 0.0714286
12536 0.0714286
10474 0.0714286
9721 0.0714286
6215 0.0714286
5953 0.0714286
38365 0.0666667
35506 0.0666667
33598 0.0666667
19976 0.0666667
19496 0.0666667
13444 0.0666667
36488 0.0625
31170 0.0625
27296 0.0625
25861 0.0625
15532 0.0625
1609 0.0625
37727 0.0588235
32284 0.0588235
31772 0.0588235
30088 0.0588235
27767 0.0588235
22426 0.0588235
21116 0.0588235
21049 0.0588235
21035 0.0588235
18590 0.0588235
14103 0.0588235
11452 0.0588235
10082 0.0588235
37975 0.0555556
31322 0.0555556
25448 0.0555556
20274 0.0555556
19851 0.0555556
19161 0.0555556
15638 0.0555556
9630 0.0555556
30989 0.0526316
26619 0.0526316
17051 0.0526316
16575 0.0526316
39457 0.05
17937 0.05
38269 0.047619
37543 0.047619
36847 0.047619
36318 0.047619
34302 0.047619
34063 0.047619
30473 0.047619
28608 0.047619
28267 0.047619
28186 0.047619
23792 0.047619
19276 0.047619
18159 0.047619
18049 0.047619
17566 0.047619
17239 0.047619
16084 0.047619
15565 0.047619
12967 0.047619
11456 0.047619
10454 0.047619
10433 0.047619
10065 0.047619
9612 0.047619
9603 0.047619
8552 0.047619
5947 0.047619
5019 0.047619
4424 0.047619
3964 0.047619
3763 0.047619
1041 0.047619
31521 0.0454545
10368 0.0454545
5348 0.0454545
40425 0.0434783
39099 0.0434783
35549 0.0434783
35498 0.0434783
33970 0.0434783
33082 0.0434783
32964 0.0434783
22801 0.0434783
22195 0.0434783
18901 0.0434783
17908 0.0434783
17455 0.0434783
15007 0.0434783
10179 0.0434783
7313 0.0434783
6668 0.0434783
35810 0.0416667
12858 0.0416667
7119 0.0416667
6733 0.0416667
2922 0.0416667
38660 0.04
38282 0.04
37383 0.04
34395 0.04
27289 0.04
26075 0.04
23803 0.04
22687 0.04
15749 0.04
10595 0.04
9628 0.04
8876 0.04
27560 0.037037
24300 0.037037
16477 0.037037
11821 0.037037
8421 0.037037
4332 0.037037
2325 0.037037
38348 0.0357143
37634 0.0357143
32684 0.0357143
31667 0.0357143
24774 0.0357143
22662 0.0357143
10337 0.0357143
6327 0.0357143
3944 0.0357143
3263 0.0357143
2890 0.0357143
1540 0.0357143
36956 0.030303
32270 0.030303
28794 0.030303
27232 0.030303
19526 0.030303
13148 0.030303
12805 0.030303
8396 0.030303
398 0.030303
33431 0.0285714
30224 0.0285714
27417 0.0285714
23336 0.0285714
23272 0.0285714
17070 0.0285714
17010 0.0285714
14663 0.0285714
13086 0.0285714
7323 0.0285714
40169 0.027027
39815 0.027027
39119 0.027027
38620 0.027027
36408 0.027027
35805 0.027027
34948 0.027027
31583 0.027027
31400 0.027027
30730 0.027027
25092 0.027027
23544 0.027027
22181 0.027027
21847 0.027027
20935 0.027027
20254 0.027027
18576 0.027027
18142 0.027027
17476 0.027027
17400 0.027027
16714 0.027027
12254 0.027027
11222 0.027027
5135 0.027027
2498 0.027027
2059 0.027027
1710 0.027027
964 0.027027
907 0.027027
472 0.027027
40944 0.025
38554 0.025
35284 0.025
31301 0.025
26653 0.025
25062 0.025
23586 0.025
23416 0.025
23047 0.025
22628 0.025
20372 0.025
19211 0.025
18733 0.025
18674 0.025
17634 0.025
15250 0.025
15088 0.025
14377 0.025
13852 0.025
13570 0.025
11241 0.025
10737 0.025
10073 0.025
8291 0.025
8114 0.025
5407 0.025
4785 0.025
4261 0.025
2633 0.025
1913 0.025
775 0.025
40980 0
40979 0
40978 0
40977 0
40976 0
40975 0
40974 0
40973 0
40972 0
40971 0
40970 0
40969 0
40968 0
40967 0
40966 0
40965 0
40964 0
40963 0
40962 0
40961 0
40960 0
40959 0
40958 0
40957 0
40956 0
40955 0
40954 0
40953 0
40952 0
40951 0
40950 0
40949 0
40948 0
40947 0
40946 0
40945 0
40943 0
40942 0
40941 0
40940 0
40939 0
40938 0
40937 0
40936 0
40935 0
40934 0
40933 0
40932 0
40931 0
40930 0
40929 0
40928 0
40927 0
40926 0
