1975 5.88194
26106 4.2103
9574 3.66657
15539 2.44157
15922 2.41883
28126 2.15268
15382 2.04701
1640 1.82727
19566 1.79611
24987 1.52792
2519 1.51041
27375 1.45891
36474 1.22614
11483 1.20379
10348 1.16292
38895 1.11538
25175 1.10195
13543 1.07692
28497 1.06731
30054 1.06389
28315 1.00653
13157 0.934343
12327 0.92549
24243 0.913511
38946 0.889286
11386 0.77381
32084 0.743472
22217 0.722222
36191 0.703608
18507 0.679267
20288 0.65
20281 0.65
5326 0.616667
3161 0.604762
27799 0.592857
34377 0.569193
36916 0.555556
18384 0.542362
9952 0.540593
17115 0.533478
3936 0.533333
8672 0.533069
17946 0.531746
8225 0.527778
14718 0.521429
32417 0.519669
11202 0.499383
30668 0.458824
34678 0.455556
14153 0.438095
6983 0.422222
1739 0.414143
39254 0.388312
15606 0.388312
34889 0.38254
33357 0.380952
3086 0.380952
21810 0.355303
10291 0.338673
20104 0.333333
15236 0.330552
15923 0.322222
36124 0.3
25472 0.267677
14261 0.267677
39053 0.25
32028 0.25
25451 0.25
13770 0.25
9793 0.25
7895 0.25
5458 0.25
4075 0.25
20465 0.23545
35787 0.232479
33738 0.232479
32774 0.232479
11786 0.232479
7736 0.232479
5434 0.232479
40114 0.2
39379 0.2
34296 0.2
28056 0.2
25983 0.2
19817 0.2
19575 0.2
12560 0.2
9053 0.2
8050 0.2
7199 0.2
5908 0.2
16397 0.193603
38731 0.193588
11651 0.19234
25552 0.182857
40701 0.166667
40412 0.166667
40089 0.166667
26045 0.166667
25534 0.166667
17484 0.166667
11508 0.166667
2686 0.166667
38787 0.16605
28322 0.16605
32805 0.164286
25525 0.147186
18764 0.147186
8501 0.147186
36734 0.142857
36631 0.142857
29737 0.142857
28089 0.142857
18328 0.142857
11873 0.142857
709 0.142857
39021 0.125
31017 0.125
26949 0.125
24830 0.125
22326 0.125
20683 0.125
16804 0.125
11364 0.125
11022 0.125
3869 0.125
25976 0.116812
18897 0.116812
12972 0.116812
12374 0.116812
5780 0.116812
38700 0.111111
31301 0.111111
27514 0.111111
27206 0.111111
22228 0.111111
19077 0.111111
17634 0.111111
13209 0.111111
11974 0.111111
5693 0.111111
1363 0.111111
86 0.111111
11197 0.110038
38101 0.1
26315 0.1
25262 0.1
20050 0.1
16343 0.1
35641 0.0909091
34251 0.0833333
31851 0.0833333
27618 0.0833333
24330 0.0833333
20201 0.0833333
17514 0.0833333
8210 0.0833333
23855 0.0769231
22585 0.0769231
21482 0.0769231
20167 0.0769231
14639 0.0769231
434 0.0769231
39968 0.0714286
38689 0.0714286
35696 0.0714286
34768 0.0714286
34595 0.0714286
32725 0.0714286
30543 0.0714286
26932 0.0714286
25183 0.0714286
21956 0.0714286
19126 0.0714286
15424 0.0714286
14882 0.0714286
10263 0.0714286
40546 0.0588235
27449 0.0588235
40151 0.0555556
39746 0.0555556
36702 0.0555556
33501 0.0555556
33203 0.0555556
33114 0.0555556
32790 0.0555556
30626 0.0555556
28730 0.0555556
27790 0.0555556
25521 0.0555556
24815 0.0555556
24367 0.0555556
22860 0.0555556
22243 0.0555556
20897 0.0555556
17304 0.0555556
17152 0.0555556
16652 0.0555556
10923 0.0555556
10096 0.0555556
9238 0.0555556
8259 0.0555556
8116 0.0555556
5954 0.0555556
5510 0.0555556
1576 0.0555556
1445 0.0555556
459 0.0555556
35418 0.047619
31737 0.047619
18341 0.047619
9024 0.047619
40505 0.0454545
35885 0.0454545
30366 0.0454545
29553 0.0454545
25611 0.0454545
15603 0.0454545
14814 0.0454545
5011 0.0454545
1405 0.0454545
6728 0.04
37130 0.037037
31904 0.037037
29795 0.037037
29759 0.037037
26287 0.037037
24022 0.037037
20825 0.037037
19350 0.037037
19266 0.037037
14440 0.037037
13742 0.037037
10547 0.037037
10444 0.037037
10404 0.037037
1887 0.037037
34926 0.0333333
25969 0.0333333
24331 0.0333333
15040 0.0333333
5595 0.0333333
40182 0.03125
38966 0.03125
38889 0.03125
37358 0.03125
31013 0.03125
30851 0.03125
22108 0.03125
18889 0.03125
16325 0.03125
15074 0.03125
13417 0.03125
8083 0.03125
1714 0.03125
40467 0.030303
38766 0.030303
35925 0.030303
35287 0.030303
33607 0.030303
30180 0.030303
27958 0.030303
26097 0.030303
25865 0.030303
19141 0.030303
17636 0.030303
13377 0.030303
10006 0.030303
9525 0.030303
8261 0.030303
6341 0.030303
6323 0.030303
40980 0
40979 0
40978 0
40977 0
40976 0
40975 0
40974 0
40973 0
40972 0
40971 0
40970 0
40969 0
40968 0
40967 0
40966 0
40965 0
40964 0
40963 0
40962 0
40961 0
40960 0
40959 0
40958 0
40957 0
40956 0
40955 0
40954 0
40953 0
40952 0
40951 0
40950 0
40949 0
40948 0
40947 0
40946 0
40945 0
40944 0
40943 0
40942 0
40941 0
40940 0
40939 0
40938 0
40937 0
40936 0
40935 0
40934 0
40933 0
40932 0
40931 0
40930 0
40929 0
40928 0
40927 0
40926 0
40925 0
40924 0
40923 0
40922 0
40921 0
40920 0
40919 0
40918 0
40917 0
40916 0
40915 0
40914 0
40913 0
40912 0
40911 0
40910 0
40909 0
40908 0
40907 0
40906 0
40905 0
40904 0
40903 0
40902 0
40901 0
40900 0
40899 0
40898 0
40897 0
40896 0
40895 0
40894 0
40893 0
40892 0
40891 0
40890 0
40889 0
40888 0
40887 0
40886 0
40885 0
40884 0
40883 0
40882 0
40881 0
40880 0
40879 0
40878 0
40877 0
40876 0
40875 0
40874 0
40873 0
40872 0
40871 0
40870 0
40869 0
40868 0
40867 0
40866 0
40865 0
40864 0
40863 0
40862 0
40861 0
40860 0
40859 0
40858 0
40857 0
40856 0
40855 0
40854 0
40853 0
40852 0
40851 0
40850 0
40849 0
40848 0
40847 0
40846 0
40845 0
40844 0
40843 0
40842 0
40841 0
40840 0
40839 0
40838 0
40837 0
40836 0
40835 0
40834 0
40833 0
40832 0
40831 0
40830 0
40829 0
40828 0
40827 0
40826 0
40825 0
40824 0
40823 0
40822 0
40821 0
40820 0
40819 0
40818 0
40817 0
40816 0
40815 0
40814 0
40813 0
40812 0
40811 0
40810 0
40809 0
40808 0
40807 0
40806 0
40805 0
40804 0
40803 0
40802 0
40801 0
40800 0
40799 0
40798 0
40797 0
40796 0
40795 0
40794 0
40793 0
40792 0
40791 0
40790 0
40789 0
40788 0
40787 0
40786 0
40785 0
40784 0
40783 0
40782 0
40781 0
40780 0
40779 0
40778 0
40777 0
40776 0
40775 0
40774 0
40773 0
40772 0
40771 0
40770 0
40769 0
40768 0
40767 0
40766 0
40765 0
40764 0
40763 0
40762 0
40761 0
40760 0
40759 0
40758 0
40757 0
40756 0
40755 0
40754 0
