28776 37.8996
34488 15.7584
8114 10.0873
38449 6.57639
20698 6.27416
10211 6.14037
29438 5.96656
33975 5.83373
20262 5.29691
34065 4.34365
24005 4.3132
13594 4.03898
7799 3.37599
7570 3.20238
35863 3.17337
4384 3.02006
9333 2.78835
3063 2.69223
39011 2.42291
27794 2.40231
3012 2.3834
8632 2.16347
19096 2.14686
26737 2.12264
13687 2.07262
11027 1.88492
3263 1.88236
37377 1.87967
17051 1.8786
22254 1.80692
35950 1.73783
22129 1.71812
23168 1.71667
13493 1.71313
7317 1.70236
3306 1.7
23798 1.69537
23837 1.69071
2753 1.67026
7871 1.62027
5970 1.60069
17804 1.55967
24359 1.53303
6976 1.52395
14163 1.5108
1158 1.47289
9628 1.45
14373 1.34187
35487 1.30768
13392 1.28571
2115 1.27277
1382 1.25952
5842 1.21518
33431 1.21391
15977 1.20609
22939 1.20605
27287 1.14603
25092 1.10847
33265 1.10136
23782 1.08993
14251 1.02348
22950 1
7856 0.984499
26619 0.951923
4989 0.922076
16210 0.915995
25861 0.901732
34630 0.865614
18227 0.862716
26563 0.857937
28751 0.852363
3175 0.833333
14852 0.827518
36222 0.821429
2274 0.806368
37266 0.791187
35699 0.763782
36498 0.759524
28186 0.740415
28960 0.731481
6088 0.710552
28661 0.702381
5977 0.7
37112 0.684146
21693 0.678438
12736 0.660696
23336 0.654762
28700 0.65
3578 0.639701
32540 0.636373
39763 0.615918
22195 0.61421
36248 0.60119
21459 0.60119
5798 0.600583
31967 0.594277
15250 0.592628
28594 0.583333
38737 0.577201
29415 0.577201
26397 0.576923
29822 0.571795
21321 0.566667
27890 0.559524
12124 0.559524
37727 0.554762
34386 0.554762
31657 0.554762
30818 0.554762
18049 0.554762
7491 0.554762
35025 0.55
31166 0.542857
5835 0.541667
3114 0.533333
28646 0.529762
8631 0.527778
28272 0.524141
24630 0.522976
12198 0.5215
38813 0.517857
419 0.516667
16714 0.5
14663 0.498333
21015 0.496922
40436 0.495833
18226 0.49359
16813 0.490909
38454 0.487813
26631 0.459524
35544 0.457576
20218 0.453104
4728 0.442857
4883 0.437037
34696 0.410256
13083 0.403704
13277 0.403409
33422 0.402778
33970 0.401923
21866 0.401111
35644 0.392857
3595 0.390909
40941 0.387427
30542 0.380909
17566 0.375
3964 0.375
29843 0.367832
9721 0.366667
37205 0.35873
31603 0.357143
24476 0.356704
27767 0.354595
37164 0.348495
15565 0.347222
14656 0.342465
15439 0.341159
40470 0.333333
38348 0.333333
35926 0.333333
34109 0.333333
31433 0.333333
28621 0.333333
25953 0.333333
24057 0.333333
23991 0.333333
22479 0.333333
18600 0.333333
13792 0.333333
13166 0.333333
12568 0.333333
10899 0.333333
10316 0.333333
6087 0.333333
1009 0.333333
352 0.333333
197 0.333333
35 0.333333
19066 0.330891
30844 0.321429
38325 0.31978
22280 0.317778
40289 0.314379
14003 0.309603
31540 0.306349
15088 0.306349
20274 0.299692
22448 0.299537
5118 0.299242
7323 0.297285
21968 0.296266
7386 0.296266
9728 0.29597
11938 0.292641
15906 0.290304
25062 0.281319
38280 0.276444
31400 0.27549
34260 0.274683
26489 0.274683
27232 0.262813
17245 0.25978
9464 0.258824
28608 0.255357
37905 0.25
36884 0.25
35927 0.25
35860 0.25
35090 0.25
33128 0.25
33076 0.25
30482 0.25
29879 0.25
29221 0.25
28345 0.25
27289 0.25
27101 0.25
24469 0.25
22168 0.25
19343 0.25
19032 0.25
18484 0.25
16575 0.25
9143 0.25
8965 0.25
8841 0.25
7368 0.25
3697 0.25
2690 0.25
775 0.25
722 0.25
21286 0.25
8845 0.248035
39099 0.24109
6466 0.24109
21126 0.238312
7206 0.235119
22913 0.233824
19135 0.222744
4555 0.22123
29986 0.220888
4491 0.218056
40341 0.215018
7783 0.205495
40685 0.2
40178 0.2
37536 0.2
36296 0.2
33820 0.2
33539 0.2
32150 0.2
31709 0.2
31086 0.2
30473 0.2
30291 0.2
29675 0.2
29531 0.2
28931 0.2
25735 0.2
21608 0.2
21552 0.2
21269 0.2
20210 0.2
17634 0.2
17387 0.2
15202 0.2
13094 0.2
10408 0.2
8141 0.2
7691 0.2
3207 0.2
3021 0.2
1340 0.2
11045 0.19758
10454 0.185207
13839 0.183824
694 0.180909
25405 0.180128
28533 0.17619
24686 0.175434
19588 0.173935
11344 0.172976
26107 0.169979
21704 0.169462
21952 0.168601
21116 0.168601
12533 0.168601
40733 0.166667
40718 0.166667
39815 0.166667
39341 0.166667
37517 0.166667
34964 0.166667
32723 0.166667
31875 0.166667
30823 0.166667
23319 0.166667
22346 0.166667
21677 0.166667
21278 0.166667
20086 0.166667
18115 0.166667
11295 0.166667
10762 0.166667
9841 0.166667
9832 0.166667
8257 0.166667
5691 0.166667
19909 0.166316
18280 0.160638
34651 0.155303
32011 0.155303
38978 0.142857
37684 0.142857
34956 0.142857
34939 0.142857
34338 0.142857
32776 0.142857
32129 0.142857
26038 0.142857
25647 0.142857
22545 0.142857
21971 0.142857
21720 0.142857
20949 0.142857
14051 0.142857
12804 0.142857
12712 0.142857
8797 0.142857
8609 0.142857
7303 0.142857
4739 0.142857
2718 0.142857
8658 0.141758
3584 0.141758
28694 0.131962
25967 0.131962
23005 0.131962
27184 0.130019
40709 0.125
38875 0.125
35374 0.125
29664 0.125
27558 0.125
22266 0.125
19100 0.125
15572 0.125
14284 0.125
12226 0.125
12086 0.125
10904 0.125
10840 0.125
8721 0.125
7924 0.125
4964 0.125
3464 0.125
1501 0.125
1889 0.124362
11452 0.123138
3516 0.123138
3428 0.123138
438 0.123138
35405 0.111111
30337 0.111111
24412 0.111111
22968 0.111111
21859 0.111111
19496 0.111111
19161 0.111111
18733 0.111111
13318 0.111111
12503 0.111111
9990 0.111111
7325 0.111111
5135 0.111111
33082 0.110175
25338 0.106194
5566 0.104007
40418 0.1
28780 0.1
28285 0.1
23948 0.1
21702 0.1
20331 0.1
20254 0.1
8385 0.1
7495 0.1
4821 0.1
3402 0.1
2012 0.1
30111 0.0945544
39976 0.0909091
34409 0.0909091
33702 0.0909091
31573 0.0909091
27560 0.0909091
26451 0.0909091
22196 0.0909091
16045 0.0909091
15340 0.0909091
10377 0.0909091
10106 0.0909091
5830 0.0909091
4072 0.0909091
3836 0.0909091
29178 0.0907665
6594 0.0907665
39610 0.0833333
37386 0.0833333
34395 0.0833333
21604 0.0833333
20899 0.0833333
19232 0.0833333
17764 0.0833333
15684 0.0833333
13833 0.0833333
4634 0.0833333
3570 0.0833333
203 0.0833333
16720 0.0821378
10082 0.0821378
2015 0.0821378
37872 0.0808764
17987 0.0808764
34929 0.0769231
32608 0.0769231
30868 0.0769231
26175 0.0769231
25625 0.0769231
25206 0.0769231
23847 0.0769231
22937 0.0769231
20366 0.0769231
20044 0.0769231
18328 0.0769231
16864 0.0769231
14661 0.0769231
10727 0.0769231
9810 0.0769231
8957 0.0769231
5246 0.0769231
3704 0.0769231
1101 0.0769231
282 0.0769231
36847 0.0714286
35625 0.0714286
25494 0.0714286
18060 0.0714286
16155 0.0714286
15007 0.0714286
7805 0.0714286
4424 0.0714286
2586 0.0714286
2568 0.0714286
1121 0.0714286
107 0.0714286
12521 0.0672571
2325 0.0672571
15166 0.0666667
39525 0.0625
39074 0.0625
35419 0.0625
31997 0.0625
30530 0.0625
27377 0.0625
25738 0.0625
22159 0.0625
21036 0.0625
17385 0.0625
16434 0.0625
13841 0.0625
13127 0.0625
4879 0.0625
4429 0.0625
319 0.0625
40169 0.0588235
39874 0.0588235
38580 0.0588235
27024 0.0588235
22077 0.0588235
15458 0.0588235
11456 0.0588235
10877 0.0588235
8026 0.0588235
3950 0.0588235
3624 0.0588235
38919 0.0555556
30618 0.0555556
25772 0.0555556
15543 0.0555556
8402 0.0555556
4816 0.0555556
19281 0.0526316
15638 0.0526316
38268 0.05
28465 0.05
27773 0.05
27522 0.05
24348 0.05
23387 0.05
20300 0.05
