8672 10.1528
4814 4.61847
33303 2.31728
27410 1.91069
4520 1.45437
15769 1.43333
37788 1.13452
32648 1.09121
37471 1.04066
11142 0.979004
4878 0.971612
33362 0.905342
30996 0.865476
3782 0.833333
29613 0.7
35138 0.683669
25840 0.666667
16652 0.654762
18327 0.606349
26017 0.580159
14277 0.580159
13954 0.575
18270 0.561111
32885 0.511111
25311 0.511111
479 0.49478
37212 0.493437
4382 0.471429
33977 0.435714
26245 0.410256
35510 0.404762
27573 0.402778
9622 0.396825
37910 0.388528
32948 0.384524
7094 0.358766
38902 0.345421
26779 0.345421
14067 0.344231
28089 0.333333
18820 0.333333
14826 0.333333
9442 0.333333
4041 0.333333
28020 0.287338
25550 0.287338
21804 0.287338
10923 0.277778
40978 0.25
40589 0.25
32664 0.25
22690 0.25
17083 0.25
16196 0.25
13654 0.25
10480 0.25
4046 0.25
2063 0.25
24049 0.239286
22963 0.239286
25573 0.229004
19842 0.229004
2158 0.219444
39604 0.210897
36963 0.210897
31894 0.210897
27816 0.207143
24367 0.207143
27846 0.202381
5659 0.202381
33616 0.2
31191 0.2
28847 0.2
28430 0.2
24570 0.2
19032 0.2
17300 0.2
10284 0.2
36201 0.174145
37754 0.166667
34729 0.166667
34216 0.166667
26034 0.166667
24057 0.166667
23893 0.166667
23133 0.166667
22292 0.166667
22018 0.166667
21929 0.166667
21199 0.166667
16628 0.166667
14409 0.166667
11947 0.166667
11073 0.166667
7977 0.166667
4341 0.166667
4246 0.166667
3826 0.166667
2560 0.166667
7968 0.154762
39916 0.142857
19360 0.142857
16968 0.142857
16789 0.142857
17901 0.125
4674 0.125
3500 0.125
3482 0.125
1559 0.125
32879 0.111111
30303 0.111111
30141 0.111111
25337 0.111111
14430 0.111111
9665 0.111111
9511 0.111111
9354 0.111111
4386 0.111111
2604 0.111111
2209 0.111111
3112 0.1
24594 0.0909091
15881 0.0909091
15497 0.0909091
8162 0.0909091
1801 0.0909091
659 0.0909091
36265 0.0769231
34622 0.0769231
19752 0.0769231
13048 0.0769231
5220 0.0769231
36952 0.0714286
35735 0.0714286
33267 0.0714286
32041 0.0714286
31879 0.0714286
30793 0.0714286
27926 0.0714286
27799 0.0714286
27790 0.0714286
25280 0.0714286
22405 0.0714286
18830 0.0714286
15712 0.0714286
14952 0.0714286
10404 0.0714286
8121 0.0714286
5045 0.0714286
2885 0.0714286
36035 0.0666667
32996 0.0666667
31138 0.0666667
19579 0.0666667
2757 0.0666667
31509 0.0555556
19839 0.0555556
13211 0.0555556
2840 0.0555556
1922 0.0555556
1697 0.0555556
1251 0.0555556
971 0.0555556
34406 0.047619
26940 0.047619
25054 0.047619
24376 0.047619
23721 0.047619
16161 0.047619
8984 0.047619
3193 0.047619
39985 0.0416667
37227 0.0416667
32398 0.0416667
30663 0.0416667
23730 0.0416667
18501 0.0416667
13208 0.0416667
6612 0.0416667
6176 0.0416667
5160 0.0416667
35940 0.0357143
31272 0.0357143
26272 0.0357143
26220 0.0357143
24815 0.0357143
19001 0.0357143
18034 0.0357143
14440 0.0357143
12710 0.0357143
11659 0.0357143
3325 0.0357143
2857 0.0357143
2430 0.0357143
39102 0.0192308
37372 0.0192308
37304 0.0192308
37184 0.0192308
36996 0.0192308
36818 0.0192308
36473 0.0192308
35691 0.0192308
32661 0.0192308
32494 0.0192308
32245 0.0192308
31887 0.0192308
28132 0.0192308
28119 0.0192308
26083 0.0192308
25193 0.0192308
24825 0.0192308
23246 0.0192308
22259 0.0192308
20224 0.0192308
19350 0.0192308
17770 0.0192308
17175 0.0192308
14166 0.0192308
12054 0.0192308
11054 0.0192308
10751 0.0192308
9540 0.0192308
8373 0.0192308
7567 0.0192308
7242 0.0192308
6823 0.0192308
6644 0.0192308
6557 0.0192308
5693 0.0192308
4785 0.0192308
2747 0.0192308
2483 0.0192308
40980 0
40979 0
40977 0
40976 0
40975 0
40974 0
40973 0
40972 0
40971 0
40970 0
40969 0
40968 0
40967 0
40966 0
40965 0
40964 0
40963 0
40962 0
40961 0
40960 0
40959 0
40958 0
40957 0
40956 0
40955 0
40954 0
40953 0
40952 0
40951 0
40950 0
40949 0
40948 0
40947 0
40946 0
40945 0
40944 0
40943 0
40942 0
40941 0
40940 0
40939 0
40938 0
40937 0
40936 0
40935 0
40934 0
40933 0
40932 0
40931 0
40930 0
40929 0
40928 0
40927 0
40926 0
40925 0
40924 0
40923 0
40922 0
40921 0
40920 0
40919 0
40918 0
40917 0
40916 0
40915 0
40914 0
40913 0
40912 0
40911 0
40910 0
40909 0
40908 0
40907 0
40906 0
40905 0
40904 0
40903 0
40902 0
40901 0
40900 0
40899 0
40898 0
40897 0
40896 0
40895 0
40894 0
40893 0
40892 0
40891 0
40890 0
40889 0
40888 0
40887 0
40886 0
40885 0
40884 0
40883 0
40882 0
40881 0
40880 0
40879 0
40878 0
40877 0
40876 0
40875 0
40874 0
40873 0
40872 0
40871 0
40870 0
40869 0
40868 0
40867 0
40866 0
40865 0
40864 0
40863 0
40862 0
40861 0
40860 0
40859 0
40858 0
40857 0
40856 0
40855 0
40854 0
40853 0
40852 0
40851 0
40850 0
40849 0
40848 0
40847 0
40846 0
40845 0
40844 0
40843 0
40842 0
40841 0
40840 0
40839 0
40838 0
40837 0
40836 0
40835 0
40834 0
40833 0
40832 0
40831 0
40830 0
40829 0
40828 0
40827 0
40826 0
40825 0
40824 0
40823 0
40822 0
40821 0
40820 0
40819 0
40818 0
40817 0
40816 0
40815 0
40814 0
40813 0
40812 0
40811 0
40810 0
40809 0
40808 0
40807 0
40806 0
40805 0
40804 0
40803 0
40802 0
40801 0
40800 0
40799 0
40798 0
40797 0
40796 0
40795 0
40794 0
40793 0
40792 0
40791 0
40790 0
40789 0
40788 0
40787 0
40786 0
40785 0
40784 0
40783 0
40782 0
40781 0
40780 0
40779 0
40778 0
40777 0
40776 0
40775 0
40774 0
40773 0
40772 0
40771 0
40770 0
40769 0
40768 0
40767 0
40766 0
40765 0
40764 0
40763 0
40762 0
40761 0
40760 0
40759 0
40758 0
40757 0
40756 0
40755 0
40754 0
40753 0
40752 0
40751 0
40750 0
40749 0
40748 0
40747 0
40746 0
40745 0
40744 0
40743 0
40742 0
40741 0
40740 0
40739 0
40738 0
40737 0
40736 0
40735 0
40734 0
40733 0
40732 0
40731 0
40730 0
40729 0
40728 0
40727 0
40726 0
40725 0
40724 0
40723 0
40722 0
40721 0
40720 0
40719 0
40718 0
40717 0
40716 0
40715 0
40714 0
40713 0
40712 0
