15592 20.7724
32885 19.6834
7054 7.34068
9442 5.5615
18788 4.29452
17083 3.85076
10523 3.14575
18315 3.11027
17870 2.43036
37923 2.34292
36196 2.11444
29864 2.08237
25966 1.99522
18249 1.71523
9170 1.57612
31915 1.57475
28193 1.54226
39614 1.52181
22594 1.41829
27623 1.35311
8499 1.31471
26777 1.3125
22049 1.30824
32933 1.27305
8647 1.16838
9575 1.15397
23696 1.15
808 1.06008
25584 0.963889
17634 0.955952
37353 0.934065
12738 0.934065
32177 0.894879
16634 0.894879
654 0.894879
27606 0.879047
7283 0.871032
22633 0.858972
23621 0.850127
17312 0.733333
32112 0.729582
15849 0.729582
27895 0.72619
36940 0.697237
31946 0.696282
21927 0.6707
1560 0.669734
22233 0.659947
27799 0.65
18328 0.625
25499 0.621795
26959 0.611623
25277 0.596577
18011 0.596577
36289 0.587302
32814 0.54836
23702 0.541667
20008 0.530163
12670 0.498471
36503 0.487566
8662 0.486425
3496 0.443478
28552 0.434524
5214 0.416667
16653 0.405545
40883 0.392857
8755 0.388889
33551 0.384524
21212 0.380383
6983 0.359483
24973 0.357724
13652 0.353002
39975 0.352778
15963 0.338333
4006 0.333333
3936 0.333333
20126 0.320292
19351 0.316793
28685 0.316057
27585 0.312218
13158 0.301149
7708 0.297619
39384 0.289834
33019 0.289834
7729 0.285261
8366 0.281037
7676 0.268968
37711 0.263889
14971 0.263889
39555 0.25
35530 0.25
31301 0.25
25573 0.25
24825 0.25
21491 0.25
16869 0.240909
10441 0.23428
21965 0.223561
17793 0.215299
39204 0.20438
35157 0.2
30792 0.2
29583 0.2
20250 0.2
2885 0.2
1045 0.2
543 0.2
4657 0.193108
27969 0.188534
38003 0.188087
21985 0.179883
10915 0.179883
7727 0.179883
39675 0.171147
19032 0.166667
18587 0.166667
6591 0.166667
39856 0.142857
33616 0.142857
32574 0.142857
30916 0.142857
28488 0.142857
24002 0.142857
18777 0.142857
16789 0.142857
13008 0.142857
9690 0.142857
9561 0.142857
31829 0.141775
29194 0.141775
24210 0.141775
18787 0.141775
8934 0.141775
5658 0.141775
6347 0.132341
15667 0.129559
10317 0.127022
32133 0.125
29956 0.125
24036 0.125
21551 0.125
15814 0.125
12265 0.125
1883 0.125
23436 0.114026
5173 0.114026
2696 0.113716
36128 0.111111
26069 0.111111
6022 0.111111
14483 0.109535
12466 0.109535
10128 0.109535
39742 0.106648
13643 0.106648
6798 0.102099
39993 0.1
38292 0.1
37599 0.1
33375 0.1
23160 0.1
19299 0.1
16700 0.1
12504 0.1
6415 0.1
4705 0.1
3210 0.1
59 0.1
12580 0.0925685
39781 0.0909091
39748 0.0909091
34650 0.0909091
33033 0.0909091
28312 0.0909091
25862 0.0909091
24492 0.0909091
24028 0.0909091
23895 0.0909091
21183 0.0909091
20651 0.0909091
20350 0.0909091
20106 0.0909091
16249 0.0909091
15049 0.0909091
14886 0.0909091
10361 0.0909091
9838 0.0909091
8880 0.0909091
8756 0.0909091
8465 0.0909091
5844 0.0909091
4833 0.0909091
3400 0.0909091
3252 0.0909091
31956 0.0892142
3364 0.0892142
30282 0.0842117
38667 0.0833333
24962 0.0833333
22402 0.0833333
18633 0.0833333
14445 0.0833333
11053 0.0833333
10737 0.0833333
7691 0.0833333
5909 0.0833333
2819 0.0833333
2593 0.0833333
2289 0.0833333
38194 0.0832582
34358 0.0816003
1021 0.0816003
8046 0.0769231
27886 0.0714286
27514 0.0714286
10901 0.0714286
10073 0.0714286
5457 0.0714286
919 0.0714286
186 0.0714286
36645 0.0654804
32155 0.0654804
26011 0.0654804
25654 0.0654804
8869 0.0654804
6625 0.0654804
346 0.0654804
23588 0.0625
5167 0.0588235
37048 0.0555556
36404 0.0555556
35395 0.0555556
31670 0.0555556
30684 0.0555556
10953 0.0555556
4406 0.0555556
38085 0.05
37580 0.05
34635 0.05
34228 0.05
33875 0.05
30997 0.05
19965 0.05
18457 0.05
13906 0.05
11283 0.05
10923 0.05
6191 0.05
5874 0.05
1070 0.05
8794 0.047619
8504 0.047619
7420 0.047619
5693 0.047619
39728 0.0434783
39489 0.0434783
35051 0.0434783
31360 0.0434783
28627 0.0434783
10775 0.0434783
8687 0.0434783
5952 0.0434783
5536 0.0434783
4645 0.0434783
2346 0.0434783
35520 0.0416667
24674 0.0416667
22214 0.0416667
13080 0.0416667
1741 0.0416667
20297 0.0384615
8406 0.0384615
6192 0.0384615
32467 0.0344828
30054 0.0344828
21139 0.0344828
1975 0.0344828
1374 0.0344828
27429 0.0322581
11044 0.0322581
19693 0.03125
9461 0.03125
28129 0.0285714
38809 0.0243902
26558 0.0243902
19797 0.0243902
13610 0.0243902
8605 0.0243902
5225 0.0243902
2663 0.0243902
33824 0.0227273
28203 0.0227273
22940 0.0227273
19033 0.0227273
15079 0.0227273
13856 0.0227273
11454 0.0227273
5408 0.0227273
8156 0.0222222
38256 0.0188679
37855 0.0188679
27217 0.0188679
22315 0.0188679
18307 0.0188679
12106 0.0188679
8638 0.0188679
7161 0.0188679
6878 0.0188679
40980 0
40979 0
40978 0
40977 0
40976 0
40975 0
40974 0
40973 0
40972 0
40971 0
40970 0
40969 0
40968 0
40967 0
40966 0
40965 0
40964 0
40963 0
40962 0
40961 0
40960 0
40959 0
40958 0
40957 0
40956 0
40955 0
40954 0
40953 0
40952 0
40951 0
40950 0
40949 0
40948 0
40947 0
40946 0
40945 0
40944 0
40943 0
40942 0
40941 0
40940 0
40939 0
40938 0
40937 0
40936 0
40935 0
40934 0
40933 0
40932 0
40931 0
40930 0
40929 0
40928 0
40927 0
40926 0
40925 0
40924 0
40923 0
40922 0
40921 0
40920 0
40919 0
40918 0
40917 0
40916 0
40915 0
40914 0
40913 0
40912 0
40911 0
40910 0
40909 0
40908 0
40907 0
40906 0
40905 0
40904 0
40903 0
40902 0
40901 0
40900 0
40899 0
40898 0
40897 0
40896 0
40895 0
40894 0
40893 0
40892 0
40891 0
40890 0
40889 0
40888 0
40887 0
40886 0
40885 0
40884 0
40882 0
40881 0
40880 0
40879 0
40878 0
40877 0
40876 0
40875 0
40874 0
40873 0
40872 0
40871 0
40870 0
40869 0
40868 0
40867 0
40866 0
40865 0
40864 0
40863 0
40862 0
40861 0
40860 0
40859 0
40858 0
40857 0
40856 0
40855 0
40854 0
40853 0
40852 0
40851 0
40850 0
40849 0
40848 0
40847 0
40846 0
40845 0
40844 0
40843 0
40842 0
40841 0
40840 0
40839 0
40838 0
40837 0
40836 0
40835 0
40834 0
40833 0
40832 0
40831 0
40830 0
40829 0
40828 0
40827 0
40826 0
40825 0
40824 0
40823 0
40822 0
40821 0
40820 0
40819 0
40818 0
40817 0
40816 0
40815 0
40814 0
40813 0
40812 0
40811 0
40810 0
40809 0
40808 0
40807 0
40806 0
40805 0
40804 0
40803 0
40802 0
40801 0
40800 0
40799 0
40798 0
40797 0
40796 0
40795 0
40794 0
40793 0
40792 0
40791 0
40790 0
40789 0
40788 0
