21341 4.70999
8895 4.6904
12332 3.63122
6185 3.59592
32733 3.465
22811 3.29888
704 2.96442
19103 2.80257
6207 2.79368
21033 2.70962
39696 2.63346
38134 2.29525
15375 2.09654
8164 2.04375
14536 2.01517
5506 1.78874
35477 1.70377
2708 1.56337
26098 1.51043
38354 1.32421
3694 1.3091
26632 1.17963
2967 1.16586
1798 1.13182
20389 1.12276
31559 1.11709
33636 1.0677
35619 1.04759
13413 1.0166
29127 1.00574
9441 0.990506
11246 0.985014
18328 0.979304
3893 0.97054
16455 0.952711
18504 0.937247
16562 0.920574
17449 0.913794
23843 0.910354
36888 0.885601
30145 0.868089
17012 0.799937
36504 0.763802
34084 0.748611
13350 0.726149
2089 0.722165
31082 0.67619
23083 0.670671
14093 0.64881
27701 0.638335
14450 0.627089
23666 0.613799
32438 0.611111
25127 0.596429
27855 0.590162
27559 0.579287
15309 0.579287
26872 0.566691
22501 0.561111
26129 0.535714
25216 0.525283
6988 0.52055
19355 0.511931
3239 0.473407
25391 0.470728
38866 0.442857
20291 0.442857
35639 0.442804
5913 0.43254
35465 0.428353
14990 0.426996
9814 0.42549
21363 0.38447
11703 0.38447
12450 0.365519
3033 0.362088
38299 0.340909
22372 0.340278
7444 0.336229
31231 0.333333
30174 0.333333
12218 0.333333
32581 0.327961
33132 0.325653
26904 0.316667
4855 0.31392
27447 0.311478
21655 0.307931
5068 0.3
9021 0.294378
35867 0.285897
35431 0.25
14950 0.25
2997 0.246699
24413 0.24562
20246 0.24562
1812 0.240035
40812 0.227322
37664 0.225694
9705 0.221429
27507 0.205357
6405 0.204762
1146 0.202683
27882 0.202464
9707 0.201931
22535 0.2
2771 0.2
24220 0.197619
20225 0.194979
19938 0.193473
5023 0.193473
38175 0.181548
16929 0.166667
15668 0.166667
4400 0.166667
16627 0.161905
13916 0.161905
31209 0.161388
14728 0.161388
21095 0.155952
20429 0.155492
16351 0.155492
11342 0.155492
28162 0.15281
21715 0.152453
2075 0.151876
4783 0.14939
19711 0.148019
13991 0.147917
7590 0.147917
37916 0.147165
35266 0.146381
39798 0.142857
30905 0.142857
20469 0.142857
14978 0.142857
11091 0.142857
10891 0.142857
9576 0.142857
8339 0.142857
29585 0.135965
21360 0.134138
38871 0.131589
35581 0.129721
15041 0.128054
38331 0.12643
36979 0.125142
37923 0.125
32885 0.125
25584 0.125
24942 0.125
17083 0.125
16797 0.125
14075 0.125
5468 0.125
4858 0.125
20804 0.115679
18566 0.115679
7823 0.114215
2273 0.114215
39868 0.111111
37924 0.111111
37200 0.111111
35800 0.111111
31317 0.111111
24379 0.111111
24072 0.111111
19259 0.111111
1241 0.111111
620 0.111111
30375 0.108631
32897 0.101019
33701 0.1
32312 0.1
21789 0.1
9869 0.1
8704 0.1
8656 0.1
23678 0.0991079
13423 0.0991079
928 0.0991079
3456 0.0948718
37928 0.0909091
13134 0.0909091
38718 0.0833333
36597 0.0833333
31155 0.0833333
29608 0.0833333
26820 0.0833333
26061 0.0833333
19760 0.0833333
18916 0.0833333
18482 0.0833333
17951 0.0833333
13918 0.0833333
11238 0.0833333
10174 0.0833333
5847 0.0833333
1972 0.0833333
23822 0.0790522
16098 0.0769231
16054 0.0769231
37431 0.0714286
31775 0.0714286
28339 0.0714286
26469 0.0714286
23868 0.0714286
6444 0.0714286
5961 0.0666667
5925 0.0666667
36169 0.0650259
19634 0.0650259
17418 0.0650259
4231 0.0650259
15276 0.0588235
19984 0.0555556
32064 0.0526316
24508 0.0526316
12947 0.0526316
9877 0.05
35764 0.047619
16837 0.047619
14843 0.047619
1689 0.047619
31 0.047619
24948 0.0454545
2260 0.0454545
30899 0.0434783
18745 0.0434783
14513 0.0434783
3113 0.0434783
35246 0.0416667
31010 0.0416667
18031 0.0416667
11875 0.0416667
5041 0.0416667
37129 0.0357143
13253 0.0357143
10705 0.0357143
202 0.0357143
38822 0.0344828
4755 0.0344828
39925 0.0333333
32798 0.0333333
30544 0.0333333
30425 0.0333333
25225 0.0333333
19367 0.0333333
14012 0.0333333
4010 0.0333333
40938 0.0322581
37669 0.0322581
19155 0.0322581
15266 0.0322581
29767 0.03125
29401 0.03125
9772 0.03125
39794 0.0285714
39177 0.0285714
38961 0.0285714
20482 0.0285714
7796 0.0285714
5670 0.0285714
3897 0.0285714
2684 0.0285714
37468 0.025641
39089 0.0232558
35298 0.0232558
35087 0.0232558
34433 0.0232558
25323 0.0232558
23696 0.0232558
2604 0.0232558
1313 0.0232558
35377 0.0192308
23159 0.0192308
18255 0.0192308
14417 0.0192308
13010 0.0192308
7470 0.0192308
3014 0.0192308
1985 0.0192308
1766 0.0192308
40406 0.016129
34343 0.016129
33473 0.016129
31373 0.016129
31052 0.016129
28500 0.016129
28413 0.016129
27070 0.016129
24277 0.016129
22366 0.016129
22329 0.016129
18202 0.016129
13013 0.016129
9349 0.016129
4030 0.016129
1694 0.016129
172 0.016129
40980 0
40979 0
40978 0
40977 0
40976 0
40975 0
40974 0
40973 0
40972 0
40971 0
40970 0
40969 0
40968 0
40967 0
40966 0
40965 0
40964 0
40963 0
40962 0
40961 0
40960 0
40959 0
40958 0
40957 0
40956 0
40955 0
40954 0
40953 0
40952 0
40951 0
40950 0
40949 0
40948 0
40947 0
40946 0
40945 0
40944 0
40943 0
40942 0
40941 0
40940 0
40939 0
40937 0
40936 0
40935 0
40934 0
40933 0
40932 0
40931 0
40930 0
40929 0
40928 0
40927 0
40926 0
40925 0
40924 0
40923 0
40922 0
40921 0
40920 0
40919 0
40918 0
40917 0
40916 0
40915 0
40914 0
40913 0
40912 0
40911 0
40910 0
40909 0
40908 0
40907 0
40906 0
40905 0
40904 0
40903 0
40902 0
40901 0
40900 0
40899 0
40898 0
40897 0
40896 0
40895 0
40894 0
40893 0
40892 0
40891 0
40890 0
40889 0
40888 0
40887 0
40886 0
40885 0
40884 0
40883 0
40882 0
40881 0
40880 0
40879 0
40878 0
40877 0
40876 0
40875 0
40874 0
40873 0
40872 0
40871 0
40870 0
40869 0
40868 0
40867 0
40866 0
40865 0
40864 0
40863 0
40862 0
40861 0
40860 0
40859 0
40858 0
40857 0
40856 0
40855 0
40854 0
40853 0
40852 0
40851 0
40850 0
40849 0
40848 0
40847 0
40846 0
40845 0
40844 0
40843 0
40842 0
40841 0
40840 0
40839 0
40838 0
40837 0
40836 0
40835 0
40834 0
40833 0
40832 0
40831 0
40830 0
40829 0
40828 0
40827 0
40826 0
40825 0
40824 0
40823 0
40822 0
40821 0
40820 0
40819 0
40818 0
40817 0
40816 0
40815 0
40814 0
40813 0
40811 0
40810 0
40809 0
40808 0
40807 0
40806 0
40805 0
40804 0
40803 0
40802 0
40801 0
40800 0
40799 0
40798 0
40797 0
40796 0
40795 0
40794 0
40793 0
40792 0
40791 0
40790 0
40789 0
40788 0
40787 0
40786 0
40785 0
40784 0
40783 0
40782 0
40781 0
40780 0
40779 0
