23843 12.8368
20250 4.71155
28500 4.40121
15055 3.7266
22501 3.32546
22956 2.83612
16933 2.64968
32329 2.37348
23232 2.18226
3721 2.1793
16683 2.11198
40190 1.9623
6356 1.94008
23024 1.81353
9820 1.8123
19643 1.65341
9249 1.62833
29466 1.61303
34758 1.60249
16390 1.58894
29401 1.53003
7639 1.4193
40578 1.40952
947 1.32111
28815 1.3
18428 1.29727
7150 1.17063
10587 1.16953
31549 1.16667
23836 1.06869
458 1.06859
37979 1.05952
8831 1.02897
19820 0.992796
19404 0.965079
14398 0.964286
1666 0.942857
353 0.920076
34737 0.885747
20898 0.867857
17501 0.866667
33047 0.862734
23696 0.854701
1148 0.853968
37576 0.783333
25583 0.730556
13309 0.716385
14931 0.705988
15672 0.7
28184 0.65
10542 0.65
12069 0.633741
16817 0.603247
9213 0.6
22451 0.592857
7223 0.566667
16447 0.558665
5089 0.558665
30794 0.558445
9320 0.534989
11726 0.526129
3300 0.517857
6848 0.516667
12906 0.515393
32199 0.509524
880 0.502316
39640 0.495285
24821 0.490909
23135 0.486111
4686 0.486111
31969 0.485714
18088 0.485151
737 0.46765
39179 0.457576
32522 0.444444
5673 0.438095
3200 0.433766
29528 0.42619
13000 0.425
18829 0.420635
40604 0.403763
32403 0.403763
38485 0.382576
15151 0.38254
7946 0.376623
32317 0.37406
4998 0.358766
38630 0.333766
31369 0.333333
28572 0.333333
25524 0.333333
24785 0.333333
21712 0.333333
15851 0.333333
15372 0.333333
11236 0.333333
4302 0.333333
37888 0.325
16231 0.325
38189 0.309181
17592 0.3
3212 0.298925
5082 0.289834
8120 0.270353
40472 0.267832
38301 0.267832
24572 0.267832
14230 0.267832
3420 0.265873
25951 0.260256
28940 0.25
21735 0.25
17301 0.25
14556 0.25
13292 0.25
8817 0.25
6508 0.25
17313 0.239423
38535 0.238889
5074 0.237615
10831 0.235747
4220 0.21908
20484 0.212888
31834 0.20989
19419 0.20989
22734 0.203687
3226 0.203687
15777 0.202193
804 0.202193
36609 0.20009
30435 0.2
28587 0.2
26528 0.2
24894 0.2
24631 0.2
23817 0.2
22305 0.2
17551 0.2
16339 0.2
12621 0.2
11239 0.2
10480 0.2
9512 0.2
8313 0.2
3711 0.2
3606 0.2
696 0.2
27082 0.192308
18221 0.192308
4695 0.184174
5867 0.181319
40882 0.175799
38044 0.166667
36461 0.166667
33783 0.166667
32707 0.166667
31664 0.166667
20000 0.166667
14529 0.166667
12020 0.166667
9491 0.166667
9243 0.166667
3096 0.166667
34312 0.161046
25885 0.161046
19555 0.161046
9615 0.161046
9423 0.161046
6049 0.161046
38970 0.142857
36860 0.142857
34832 0.142857
33533 0.142857
32750 0.142857
30412 0.142857
29279 0.142857
27732 0.142857
27135 0.142857
26741 0.142857
21628 0.142857
21208 0.142857
19016 0.142857
17867 0.142857
14142 0.142857
7277 0.142857
6307 0.142857
4472 0.142857
38627 0.125
32631 0.125
30779 0.125
25623 0.125
25377 0.125
24157 0.125
23205 0.125
19781 0.125
16721 0.125
15721 0.125
15304 0.125
14807 0.125
6985 0.125
5895 0.125
2674 0.125
2093 0.125
38909 0.111111
25728 0.111111
23435 0.111111
21803 0.111111
20459 0.111111
19259 0.111111
9564 0.111111
9059 0.111111
7579 0.111111
7476 0.111111
6742 0.111111
3501 0.111111
39383 0.1
38716 0.1
37656 0.1
36395 0.1
35346 0.1
34548 0.1
32940 0.1
29715 0.1
21889 0.1
19395 0.1
16569 0.1
15275 0.1
7714 0.1
38715 0.0909091
38084 0.0909091
36477 0.0909091
33233 0.0909091
33088 0.0909091
32511 0.0909091
32336 0.0909091
29539 0.0909091
28667 0.0909091
21054 0.0909091
16313 0.0909091
16090 0.0909091
15680 0.0909091
14598 0.0909091
8459 0.0909091
26917 0.0833333
25873 0.0833333
25178 0.0833333
20150 0.0833333
17131 0.0833333
5352 0.0833333
4372 0.0833333
1065 0.0833333
37401 0.0769231
36678 0.0769231
35386 0.0769231
29695 0.0769231
29376 0.0769231
24984 0.0769231
23659 0.0769231
17923 0.0769231
12618 0.0769231
12464 0.0769231
9561 0.0769231
40474 0.0714286
40149 0.0714286
39361 0.0714286
33775 0.0714286
31047 0.0714286
30328 0.0714286
28353 0.0714286
27597 0.0714286
24670 0.0714286
18328 0.0714286
13923 0.0714286
13819 0.0714286
8755 0.0714286
6143 0.0714286
2675 0.0714286
946 0.0714286
32325 0.0625
22355 0.0625
14667 0.0625
4890 0.0625
40716 0.0588235
19455 0.0588235
16539 0.0588235
6756 0.0588235
40420 0.0555556
34167 0.0555556
32375 0.0526316
32258 0.0526316
24835 0.0526316
17296 0.0526316
31916 0.0454545
6703 0.0454545
6369 0.0454545
2153 0.0454545
40426 0.0384615
40326 0.0384615
39732 0.0384615
39228 0.0384615
36217 0.0384615
34150 0.0384615
33987 0.0384615
31291 0.0384615
30565 0.0384615
25136 0.0384615
19392 0.0384615
16667 0.0384615
15020 0.0384615
11715 0.0384615
9281 0.0384615
4562 0.0384615
4306 0.0384615
40342 0.0322581
36147 0.0322581
36110 0.0322581
35792 0.0322581
35601 0.0322581
34590 0.0322581
32652 0.0322581
30163 0.0322581
29772 0.0322581
28421 0.0322581
26409 0.0322581
24615 0.0322581
24423 0.0322581
22122 0.0322581
21288 0.0322581
18732 0.0322581
14583 0.0322581
12983 0.0322581
11412 0.0322581
9950 0.0322581
9026 0.0322581
5163 0.0322581
3318 0.0322581
39627 0.0294118
39085 0.0294118
38969 0.0294118
37819 0.0294118
37462 0.0294118
37064 0.0294118
36725 0.0294118
34537 0.0294118
34438 0.0294118
31683 0.0294118
30793 0.0294118
25507 0.0294118
25202 0.0294118
24457 0.0294118
23120 0.0294118
23110 0.0294118
23003 0.0294118
21776 0.0294118
17810 0.0294118
15869 0.0294118
14053 0.0294118
13370 0.0294118
11591 0.0294118
10234 0.0294118
9287 0.0294118
4412 0.0294118
1218 0.0294118
40980 0
40979 0
40978 0
40977 0
40976 0
40975 0
40974 0
40973 0
40972 0
40971 0
40970 0
40969 0
40968 0
40967 0
40966 0
40965 0
40964 0
40963 0
40962 0
40961 0
40960 0
40959 0
40958 0
40957 0
40956 0
40955 0
40954 0
40953 0
40952 0
40951 0
40950 0
40949 0
40948 0
40947 0
40946 0
40945 0
40944 0
40943 0
40942 0
40941 0
40940 0
40939 0
40938 0
40937 0
40936 0
40935 0
40934 0
40933 0
40932 0
40931 0
40930 0
40929 0
40928 0
40927 0
40926 0
40925 0
40924 0
40923 0
40922 0
40921 0
40920 0
40919 0
40918 0
40917 0
40916 0
40915 0
40914 0
40913 0
40912 0
40911 0
40910 0
40909 0
40908 0
40907 0
40906 0
40905 0
40904 0
40903 0
40902 0
40901 0
40900 0
40899 0
40898 0
40897 0
40896 0
40895 0
40894 0
40893 0
40892 0
40891 0
40890 0
40889 0
40888 0
40887 0
40886 0
40885 0
40884 0
40883 0
40881 0
40880 0
40879 0
40878 0
40877 0
40876 0
40875 0
40874 0
40873 0
40872 0
40871 0
40870 0
40869 0
40868 0
40867 0
40866 0
40865 0
40864 0
40863 0
40862 0
40861 0
40860 0
40859 0
40858 0
40857 0
40856 0
40855 0
40854 0
40853 0
40852 0
40851 0
40850 0
40849 0
40848 0
40847 0
40846 0
40845 0
40844 0
40843 0
