36888 29.247
38354 29.0462
704 27.9135
6185 26.7609
3694 23.104
21341 18.5885
22811 17.4622
19984 15.5544
18745 14.1555
39696 12.9314
12332 11.7599
2089 11.0493
5506 10.3159
8164 10.1392
1798 9.65381
24413 9.29057
12450 9.03475
3239 8.21502
9576 7.6726
15309 7.35282
8895 7.1254
6207 6.88005
2708 6.40058
18202 6.0029
27882 5.50641
9167 5.27437
38299 5.24542
32581 5.12071
4855 4.94625
26129 4.66372
37916 4.65775
4783 4.60972
30899 4.56226
23678 4.5114
31559 4.43899
23083 4.17911
11703 4.10612
32733 4.03323
36504 3.95742
19355 3.86428
31209 3.77519
15041 3.53557
29127 3.45856
2260 3.40054
13423 3.12714
3014 3.02892
14497 2.98861
37431 2.94135
32064 2.88688
20246 2.85769
27507 2.83457
9705 2.7888
2868 2.77219
26632 2.7661
22330 2.74683
7444 2.70811
13676 2.6615
25127 2.65426
17760 2.60362
27559 2.5868
14093 2.58582
39758 2.46442
24220 2.43998
23791 2.40833
12513 2.35043
21363 2.29924
32438 2.25813
17951 2.15972
31155 2.15454
24190 2.12218
13010 2.0899
35477 2.07473
5023 2.05609
35377 2.04338
19032 2.03968
18482 2.03128
34354 1.98116
20804 1.97286
18504 1.97118
7705 1.9254
26820 1.92254
25230 1.92019
4838 1.90399
5913 1.90264
2997 1.82499
34084 1.82368
4351 1.82041
1146 1.77181
28190 1.76305
26872 1.73832
16837 1.71878
15368 1.69253
27855 1.68959
2075 1.68532
25216 1.68451
17242 1.66612
25403 1.65805
1972 1.65669
34768 1.63433
11875 1.62575
37928 1.62507
39501 1.6206
14990 1.61332
19103 1.56118
25134 1.54167
36169 1.54002
16455 1.53059
38718 1.47644
4231 1.42036
22788 1.39684
30905 1.38813
19711 1.34755
19273 1.31667
495 1.25899
172 1.24066
9707 1.23014
35329 1.22959
32626 1.20298
6405 1.20055
11246 1.19167
5468 1.18684
14450 1.17299
29394 1.16586
8790 1.15397
31647 1.1508
30498 1.14067
31082 1.1338
11238 1.11701
26951 1.10177
2560 1.09286
16562 1.0873
19367 1.07653
5068 1.07219
21095 1.06705
1812 1.04216
7797 1.03168
2771 1.02965
24508 1.02767
8789 1.02293
7110 1.01975
23843 1.0147
9021 1.00952
34343 1.00946
35266 1.00934
26061 0.983962
30916 0.979762
28339 0.958002
17022 0.953354
8453 0.952302
13605 0.951435
15641 0.945314
13991 0.92619
11272 0.919693
21655 0.909287
4400 0.893478
17426 0.882535
928 0.880147
15999 0.878631
10648 0.874635
13350 0.861406
5133 0.849345
39284 0.83717
566 0.83147
26904 0.829398
4755 0.826041
20389 0.822632
24942 0.804149
35746 0.795382
37764 0.785256
11428 0.778326
28263 0.775155
17418 0.766832
37476 0.758838
9441 0.75049
11309 0.744439
25964 0.743818
13438 0.743734
26910 0.739123
14075 0.733766
6180 0.727171
35867 0.7125
38652 0.706187
12947 0.701471
5670 0.699156
24195 0.690192
25975 0.676813
23995 0.672154
24169 0.670789
22594 0.66676
926 0.666667
11342 0.6625
39440 0.658333
2269 0.657496
13278 0.653738
15360 0.642136
2273 0.634449
32783 0.631093
28162 0.625956
33636 0.625
16627 0.624888
7470 0.62253
18566 0.618909
3506 0.613889
13916 0.60954
19428 0.605303
15640 0.601349
12312 0.60119
8360 0.60119
10350 0.59939
10705 0.596293
7146 0.594102
31208 0.592857
6078 0.588683
24827 0.586484
9352 0.57212
6745 0.567578
38175 0.561839
22398 0.558264
35470 0.541667
18355 0.541667
20975 0.533333
10509 0.526491
22372 0.52396
1689 0.52381
2684 0.522184
14012 0.521277
22535 0.516667
4033 0.516667
23617 0.511905
16351 0.509524
32161 0.507576
21033 0.504159
36887 0.503239
33283 0.502479
31 0.501377
22277 0.500221
22501 0.492326
14950 0.491892
29873 0.491637
23903 0.490591
37129 0.485543
16281 0.484983
35764 0.483774
17964 0.483066
38822 0.478725
32897 0.478707
35623 0.474542
37315 0.467821
6084 0.467197
38331 0.465651
35800 0.460801
36597 0.457786
2382 0.457659
39810 0.446153
20429 0.444059
33132 0.443835
1766 0.433517
24378 0.429964
32724 0.422222
29980 0.4221
30145 0.415813
38871 0.41546
13253 0.414423
33957 0.411826
18255 0.410164
19938 0.405556
10671 0.403979
3113 0.403675
4706 0.401681
34366 0.400433
23696 0.390909
6869 0.390523
27189 0.389806
39595 0.389454
10031 0.389296
36633 0.388993
210 0.387075
3893 0.386221
7123 0.384387
27447 0.38358
26839 0.382822
8346 0.382576
25604 0.379894
11091 0.377778
24496 0.375342
16098 0.369048
9318 0.368687
23037 0.368319
19784 0.359483
13683 0.352778
17559 0.35195
20291 0.35119
7140 0.35049
19735 0.349206
35593 0.349034
32885 0.342361
26469 0.340939
32312 0.337742
13260 0.336364
30503 0.333333
28200 0.333333
16789 0.333333
16432 0.333333
12320 0.333333
28393 0.331944
31016 0.329167
12966 0.324242
19275 0.322159
19760 0.321429
6988 0.316485
24948 0.316045
29608 0.313607
10195 0.310105
33925 0.308275
7333 0.30754
35465 0.304989
14978 0.30303
18328 0.301587
29767 0.292857
15266 0.291517
13134 0.291005
13413 0.290909
18916 0.289941
20225 0.286723
17012 0.283333
25391 0.275774
23666 0.275774
7485 0.272228
9061 0.266522
15132 0.265662
33564 0.26452
27109 0.26452
17911 0.26452
15135 0.26452
12737 0.26452
8586 0.264134
3862 0.264134
38866 0.263025
11098 0.262427
11033 0.262048
26416 0.258333
38169 0.254312
2203 0.254312
20463 0.253247
36394 0.25
8672 0.25
8486 0.25
202 0.247417
4506 0.245671
38997 0.243646
30594 0.24359
40406 0.242554
29585 0.241464
13456 0.23896
31283 0.237374
35639 0.236918
26098 0.236918
146 0.234695
3897 0.231772
39655 0.231092
12676 0.230416
22169 0.228239
3640 0.22724
13013 0.226943
4010 0.22619
16929 0.220422
3271 0.220401
20027 0.219679
21789 0.215566
3785 0.213585
6824 0.213413
34039 0.211216
20796 0.207576
5041 0.206666
22805 0.206566
27111 0.20392
36530 0.2
26919 0.2
21917 0.2
13918 0.2
13114 0.2
4736 0.2
766 0.2
6444 0.199375
28830 0.19789
4809 0.197712
35581 0.197294
16312 0.196962
40518 0.196887
7823 0.196023
14659 0.195833
39794 0.192499
29738 0.189044
7590 0.186437
38732 0.186026
37669 0.185969
1496 0.182207
35246 0.182177
1147 0.180688
33645 0.180098
29834 0.174866
36155 0.174242
9805 0.174161
30375 0.174145
9057 0.172578
39798 0.170566
28413 0.169434
7796 0.169069
17504 0.16802
15725 0.16802
39159 0.166667
38906 0.166667
37564 0.166667
31231 0.166667
30651 0.166667
29287 0.166667
26079 0.166667
23499 0.166667
20018 0.166667
18224 0.166667
16273 0.166667
13582 0.166667
6639 0.166667
617 0.166667
14417 0.163105
37468 0.158992
29502 0.156035
11518 0.155482
1520 0.155303
22262 0.153175
39116 0.149621
24426 0.148538
5146 0.147143
13858 0.146125
39272 0.142857
32922 0.142857
29143 0.142857
26597 0.142857
26247 0.142857
24275 0.142857
14492 0.142857
13221 0.142857
9665 0.142857
1185 0.142857
1026 0.142857
36699 0.142361
35619 0.137943
32798 0.137943
7058 0.136461
13710 0.136425
13181 0.136081
21699 0.13209
24277 0.131261
3456 0.129582
30232 0.126965
22576 0.126481
33235 0.125855
6883 0.125855
31329 0.125
24859 0.125
24609 0.125
21572 0.125
21360 0.125
16888 0.125
16201 0.125
15328 0.125
11541 0.125
2978 0.125
400 0.125
23074 0.124686
34962 0.124041
30988 0.117355
5206 0.116326
32005 0.11614
9114 0.114583
33842 0.113743
2344 0.113743
31718 0.113651
5897 0.113617
27861 0.11135
35323 0.111111
34758 0.111111
34746 0.111111
28639 0.111111
23159 0.111111
22115 0.111111
12125 0.111111
10523 0.111111
5925 0.111111
437 0.111111
28500 0.110146
31010 0.109483
9877 0.108041
22329 0.107211
27070 0.107036
1694 0.107036
40938 0.10489
38816 0.104641
35073 0.104641
30842 0.104641
