39640 29.9816
15067 23.4232
23843 20.625
27082 19.0427
29401 14.2079
6756 14.0511
4306 10.7434
40604 8.97483
797 8.79128
9558 8.49886
39361 7.46094
36858 7.36653
34952 7.10709
12652 6.78446
32403 5.93948
17915 5.69267
17260 5.05978
31897 4.76513
34737 4.69468
17685 4.68972
39620 4.06267
18221 3.89383
3832 3.80952
28814 3.63984
12915 3.62644
17106 3.10912
25920 2.96156
15151 2.72464
24128 2.64559
8381 2.63784
39273 2.56303
18428 2.45457
737 2.44198
27054 2.33165
30612 2.32431
28170 2.31608
5867 2.23693
19392 2.22287
27841 2.21733
36217 2.17744
37444 2.16666
40326 2.15885
40778 2.15272
2885 2.0341
40716 1.93386
34150 1.89742
40426 1.86888
25542 1.83631
13193 1.67764
13819 1.64517
5317 1.63805
18800 1.617
40000 1.4944
3603 1.42283
1908 1.41129
23659 1.40464
18089 1.40455
37806 1.39763
1442 1.38495
14082 1.37797
13204 1.3588
7322 1.32835
16298 1.27329
18048 1.25996
40882 1.2526
18411 1.24834
4562 1.24643
24678 1.24282
5176 1.21598
14401 1.2088
4190 1.17253
35551 1.16144
7876 1.12249
9813 1.12221
9381 1.11938
36853 1.11484
13654 1.10647
36072 1.09817
21853 1.09454
39578 1.08934
15127 1.08562
39732 1.06968
27666 1.05182
3495 1.04621
31502 1.02385
37967 1.02378
2029 1.00466
16638 0.988329
18463 0.987853
3083 0.985575
29334 0.976028
1098 0.973154
21854 0.970953
19352 0.954952
1170 0.928559
28100 0.902717
6151 0.89433
21032 0.8814
2990 0.880146
39536 0.874113
38596 0.852363
25037 0.851748
22711 0.843739
21394 0.827476
6792 0.818999
38241 0.805209
14676 0.781116
16817 0.779365
37347 0.778238
14364 0.773922
11715 0.769728
37702 0.767082
13608 0.7598
29418 0.756826
36477 0.740265
36678 0.739643
18328 0.73953
2591 0.713293
27926 0.710352
36007 0.706855
24239 0.705109
20982 0.704949
29826 0.70303
16539 0.694237
25091 0.693734
31291 0.681051
13604 0.672493
2267 0.670281
9996 0.662142
39962 0.658664
25374 0.658606
38848 0.655575
29043 0.649089
14080 0.646619
32522 0.645679
19820 0.638077
12569 0.635508
19766 0.632306
16718 0.630952
37055 0.62734
1550 0.623083
7125 0.620051
28500 0.619137
9011 0.618339
8831 0.616534
36294 0.608526
25906 0.604991
6140 0.596293
39791 0.592337
38672 0.589805
24936 0.58896
21323 0.588268
11131 0.569807
5818 0.566667
30590 0.551515
22530 0.551333
12823 0.546138
1997 0.545455
25885 0.545244
40271 0.541841
11112 0.533681
39716 0.530961
24242 0.527778
38084 0.526923
34758 0.521005
12618 0.509612
16330 0.506659
22501 0.505288
6592 0.504762
25136 0.501166
25893 0.499705
33987 0.499589
12040 0.499589
34309 0.496652
39252 0.494962
17645 0.488213
2210 0.483766
6049 0.480435
40125 0.478919
6517 0.478454
21889 0.477747
27799 0.477221
10473 0.476968
12267 0.473523
38969 0.473413
37462 0.473413
19762 0.47189
34238 0.471359
4867 0.471359
3436 0.471359
31860 0.467853
1441 0.462812
2869 0.458247
6741 0.453653
36471 0.450481
9665 0.446429
33831 0.445193
12981 0.442278
14891 0.439864
4444 0.439788
668 0.439412
31301 0.436859
30102 0.434752
30873 0.432075
8838 0.431637
8088 0.414043
39179 0.411107
35734 0.408269
8452 0.407434
15680 0.405357
4508 0.405279
30793 0.404229
40694 0.404194
35347 0.404194
4695 0.403846
24432 0.398787
16390 0.392988
38758 0.390561
7422 0.389101
35974 0.387672
18582 0.38707
31947 0.38439
37014 0.383694
9281 0.377312
36872 0.37395
22184 0.373244
29410 0.368747
40691 0.36716
35723 0.36451
39079 0.358352
6408 0.354978
16047 0.351601
39028 0.349627
4233 0.348946
19032 0.344225
26241 0.339831
25826 0.339493
33938 0.338431
36952 0.338008
30621 0.336874
19826 0.333333
13000 0.333333
33885 0.332439
4998 0.332156
11591 0.330142
4412 0.330142
19428 0.328068
32750 0.327667
36134 0.327611
16805 0.326389
15416 0.326349
13361 0.323163
14138 0.321975
40715 0.320833
35346 0.320503
5895 0.315018
830 0.313818
15118 0.312224
9597 0.310638
17328 0.309211
40342 0.308993
40590 0.308893
38979 0.304063
9876 0.303695
31674 0.298027
40448 0.297199
12499 0.296221
21415 0.293537
9739 0.291497
18826 0.289898
12074 0.289898
17785 0.289568
23087 0.28842
30783 0.286713
16590 0.28515
23459 0.283113
21145 0.279779
458 0.278147
24218 0.278004
26504 0.2768
818 0.271106
8569 0.27086
16076 0.266309
23439 0.265537
39383 0.265048
32243 0.259281
21283 0.257763
11080 0.257236
11679 0.257158
22874 0.256367
15397 0.255495
13309 0.251948
32477 0.25
16933 0.25
2604 0.25
27989 0.249168
9243 0.248778
2484 0.247629
21920 0.245455
12464 0.244628
8829 0.244444
16706 0.243502
25259 0.242684
29304 0.241987
26058 0.239927
6424 0.238636
20484 0.237685
22355 0.236364
34155 0.234093
38535 0.233333
38952 0.230394
20059 0.230357
3721 0.230016
3769 0.229587
37027 0.228919
13853 0.228239
27038 0.227984
3356 0.227407
15363 0.225972
37974 0.22406
20610 0.2234
8853 0.2234
11751 0.221429
27450 0.22075
4891 0.220548
15276 0.220519
8592 0.220519
5569 0.219444
25016 0.2193
8441 0.219225
12835 0.216129
22026 0.215625
26137 0.215332
30565 0.214363
6244 0.213585
17454 0.210256
19517 0.210248
7225 0.207554
16699 0.203333
33267 0.203295
27622 0.202564
8412 0.202514
17952 0.202403
31239 0.2
18029 0.2
14931 0.2
11298 0.2
8672 0.2
36284 0.198191
29077 0.197659
32620 0.197029
34312 0.196686
6992 0.194608
17154 0.19237
16723 0.191095
36727 0.190727
17735 0.190476
20682 0.188194
21978 0.187482
327 0.185127
20401 0.185087
37219 0.182948
16947 0.182821
29237 0.180597
17312 0.178745
21942 0.177044
21485 0.176665
31649 0.173778
5928 0.172819
39908 0.17094
36197 0.169652
23446 0.168925
38130 0.166667
35839 0.166667
18310 0.166667
12863 0.166667
3215 0.165748
29634 0.16456
27677 0.164085
11359 0.160985
25783 0.158928
13116 0.158824
20045 0.158379
19259 0.158185
34435 0.157704
36796 0.157563
10266 0.156787
25353 0.156277
9037 0.155764
4168 0.155764
15709 0.155196
23581 0.155072
27033 0.153603
14543 0.153536
1659 0.151206
28381 0.150837
12110 0.150837
37428 0.150675
37691 0.149763
49 0.149427
23668 0.149031
33633 0.14815
16250 0.147561
32336 0.146919
32317 0.146919
22327 0.145423
12069 0.143654
10789 0.143231
36947 0.142857
34520 0.142857
34034 0.142857
28667 0.142857
27135 0.142857
25580 0.142857
23232 0.142857
21835 0.142857
19293 0.142857
15541 0.142857
10333 0.142857
6985 0.142857
5423 0.142857
4848 0.142857
2476 0.142857
39052 0.142762
39947 0.142436
30676 0.142436
4748 0.141443
12427 0.140663
3709 0.138992
8939 0.138867
12911 0.137558
13262 0.136444
36921 0.135589
3455 0.135424
33358 0.133681
15482 0.133681
34629 0.132787
36256 0.131317
8313 0.130682
22405 0.129877
35185 0.12857
10779 0.128294
2153 0.128246
39951 0.12814
7145 0.12814
13916 0.126883
27740 0.125759
25065 0.125368
22594 0.125185
17035 0.125157
38015 0.125104
36372 0.125
29618 0.125
14512 0.125
11922 0.125
38479 0.124369
39541 0.123918
37711 0.123736
14398 0.123109
15349 0.122768
22407 0.122633
29318 0.122042
19664 0.122042
26460 0.122012
38036 0.121726
17553 0.121659
24870 0.121327
19524 0.120728
26584 0.119035
2845 0.118006
31387 0.117857
31972 0.117619
12953 0.115715
6578 0.114158
3265 0.113676
18806 0.111111
15304 0.111111
5685 0.111111
6252 0.108662
33475 0.107224
5352 0.106938
26356 0.106914
39692 0.105714
28360 0.105358
5504 0.105358
2200 0.105358
9423 0.10529
4857 0.105236
6303 0.104779
6518 0.104074
6249 0.103822
23628 0.103492
18732 0.103161
16504 0.102465
26409 0.101712
33233 0.101706
31908 0.100962
24395 0.100962
6041 0.100839
19393 0.100776
