28776 3.61516
34630 3.05829
33975 2.52872
34488 2.19942
7570 1.93535
21015 1.7164
22197 1.59337
24005 1.51358
29389 1.29796
13532 1.16786
3063 1.10303
20262 1.09815
21852 1.01786
35699 0.874307
35950 0.866667
25861 0.7921
14163 0.785269
1158 0.758824
15250 0.713444
19550 0.7
15102 0.67619
29879 0.666667
35625 0.624242
38449 0.617677
9464 0.616883
19211 0.616667
16210 0.613636
5798 0.585847
18227 0.579834
14105 0.57737
9333 0.57278
28267 0.566667
27851 0.511111
15119 0.507103
4989 0.5
419 0.5
14251 0.477427
30245 0.459524
4786 0.458008
34065 0.454497
11452 0.454497
34759 0.453968
10211 0.453968
31922 0.433333
438 0.416099
39976 0.396825
21220 0.396825
36847 0.391667
9630 0.376812
14866 0.368687
20275 0.350209
32150 0.344444
28694 0.338095
28858 0.33563
13392 0.334732
31433 0.333333
23265 0.328704
28210 0.322222
29954 0.319481
25092 0.319481
30623 0.3171
892 0.313636
17245 0.312792
11027 0.312792
13404 0.308824
7303 0.304894
23168 0.301054
34395 0.299145
22195 0.291739
13839 0.291739
6087 0.291739
27767 0.287302
21049 0.285139
32608 0.283333
39153 0.281566
21608 0.270455
14656 0.263528
35549 0.25
25972 0.25
23837 0.25
14830 0.25
9628 0.25
3114 0.25
722 0.246096
39763 0.239634
7317 0.230495
13330 0.218254
13201 0.218254
38381 0.208081
29986 0.208081
22471 0.204094
38875 0.2
35572 0.2
35318 0.2
10327 0.2
7325 0.2
6545 0.2
5957 0.2
4630 0.2
2753 0.2
2115 0.2
1067 0.2
687 0.2
40407 0.176407
29438 0.176407
37383 0.166667
36713 0.166667
30506 0.166667
22129 0.166667
19629 0.166667
13936 0.166667
9977 0.166667
9515 0.166667
9438 0.166667
7226 0.166667
3878 0.15392
18901 0.142982
11664 0.142982
38365 0.142857
32078 0.142857
27421 0.142857
27418 0.142857
18004 0.142857
15488 0.142857
10082 0.142857
6039 0.142857
4813 0.142857
4557 0.142857
4429 0.142857
3263 0.142857
2922 0.142857
19257 0.133542
5251 0.128571
35362 0.125
24834 0.125
24617 0.125
20698 0.125
20226 0.125
14852 0.125
14628 0.125
3723 0.125
39341 0.111111
32174 0.111111
20086 0.111111
18142 0.111111
10626 0.111111
8954 0.111111
5977 0.111111
3595 0.111111
2875 0.111111
24359 0.107359
24548 0.102506
19496 0.102506
24742 0.1
23082 0.1
10683 0.1
8629 0.1
2258 0.1
23652 0.0936036
6088 0.0936036
3584 0.0936036
39849 0.0909091
37727 0.0909091
18575 0.0909091
30818 0.089418
27235 0.089418
39874 0.0833333
23586 0.0833333
20935 0.0833333
19135 0.0833333
17124 0.0833333
4883 0.0833333
40727 0.0769231
30228 0.0769231
29178 0.0769231
28608 0.0769231
27204 0.0769231
23782 0.0769231
9495 0.0769231
6433 0.0769231
4424 0.0769231
35843 0.0714286
33431 0.0714286
22635 0.0714286
19096 0.0714286
16961 0.0714286
25156 0.0666667
21059 0.0666667
14867 0.0666667
7459 0.0666667
4261 0.0666667
37377 0.0588235
36498 0.0588235
33970 0.0588235
22523 0.0588235
21720 0.0588235
17891 0.0588235
35491 0.047619
34063 0.047619
22871 0.047619
15684 0.047619
5019 0.047619
2699 0.047619
260 0.047619
37040 0.0454545
36777 0.0454545
32657 0.0454545
32499 0.0454545
28780 0.0454545
2568 0.0454545
27159 0.0434783
25898 0.0434783
17566 0.0434783
17455 0.0434783
15565 0.0434783
3324 0.0434783
38174 0.037037
34584 0.037037
25570 0.037037
22754 0.037037
14946 0.037037
13787 0.037037
7491 0.037037
33733 0.0333333
33082 0.0333333
31795 0.0333333
19281 0.0333333
14051 0.0333333
12295 0.0333333
12198 0.0333333
7368 0.0333333
3681 0.0333333
133 0.0333333
40681 0.030303
36829 0.030303
36786 0.030303
32096 0.030303
29685 0.030303
29116 0.030303
25877 0.030303
24726 0.030303
21693 0.030303
18229 0.030303
16883 0.030303
9917 0.030303
7974 0.030303
5452 0.030303
552 0.030303
35487 0.0285714
32011 0.0285714
29623 0.0285714
27609 0.0285714
27367 0.0285714
24259 0.0285714
23416 0.0285714
23047 0.0285714
13083 0.0285714
12750 0.0285714
37266 0.0263158
35545 0.0263158
34651 0.0263158
33098 0.0263158
26660 0.0263158
26631 0.0263158
24292 0.0263158
17987 0.0263158
15573 0.0263158
7519 0.0263158
3972 0.0263158
3012 0.0263158
32246 0.0238095
31215 0.0238095
30104 0.0238095
25930 0.0238095
23321 0.0238095
23128 0.0238095
21546 0.0238095
19874 0.0238095
19526 0.0238095
15340 0.0238095
13865 0.0238095
11762 0.0238095
8202 0.0238095
6122 0.0238095
3516 0.0238095
40980 0
40979 0
40978 0
40977 0
40976 0
40975 0
40974 0
40973 0
40972 0
40971 0
40970 0
40969 0
40968 0
40967 0
40966 0
40965 0
40964 0
40963 0
40962 0
40961 0
40960 0
40959 0
40958 0
40957 0
40956 0
40955 0
40954 0
40953 0
40952 0
40951 0
40950 0
40949 0
40948 0
40947 0
40946 0
40945 0
40944 0
40943 0
40942 0
40941 0
40940 0
40939 0
40938 0
40937 0
40936 0
40935 0
40934 0
40933 0
40932 0
40931 0
40930 0
40929 0
40928 0
40927 0
40926 0
40925 0
40924 0
40923 0
40922 0
40921 0
40920 0
40919 0
40918 0
40917 0
40916 0
40915 0
40914 0
40913 0
40912 0
40911 0
40910 0
40909 0
40908 0
40907 0
40906 0
40905 0
40904 0
40903 0
40902 0
40901 0
40900 0
40899 0
40898 0
40897 0
40896 0
40895 0
40894 0
40893 0
40892 0
40891 0
40890 0
40889 0
40888 0
40887 0
40886 0
40885 0
40884 0
40883 0
40882 0
40881 0
40880 0
40879 0
40878 0
40877 0
40876 0
40875 0
40874 0
40873 0
40872 0
40871 0
40870 0
40869 0
40868 0
40867 0
40866 0
40865 0
40864 0
40863 0
40862 0
40861 0
40860 0
40859 0
40858 0
40857 0
40856 0
40855 0
40854 0
40853 0
40852 0
40851 0
40850 0
40849 0
40848 0
40847 0
40846 0
40845 0
40844 0
40843 0
40842 0
40841 0
40840 0
40839 0
40838 0
40837 0
40836 0
40835 0
40834 0
40833 0
40832 0
40831 0
40830 0
40829 0
40828 0
40827 0
40826 0
40825 0
40824 0
40823 0
40822 0
40821 0
40820 0
40819 0
40818 0
40817 0
40816 0
40815 0
40814 0
40813 0
40812 0
40811 0
40810 0
40809 0
40808 0
40807 0
40806 0
40805 0
40804 0
40803 0
40802 0
40801 0
40800 0
40799 0
40798 0
40797 0
40796 0
40795 0
40794 0
40793 0
40792 0
40791 0
40790 0
40789 0
40788 0
40787 0
40786 0
40785 0
40784 0
40783 0
40782 0
40781 0
40780 0
40779 0
40778 0
40777 0
40776 0
40775 0
40774 0
40773 0
40772 0
40771 0
40770 0
40769 0
40768 0
40767 0
40766 0
