22594 11.8471
18676 1.78333
3210 1.56083
11453 1.55667
23843 1.04359
40915 0.892977
28552 0.778642
32197 0.769162
36892 0.653095
3805 0.642356
34242 0.584957
16379 0.581464
4648 0.581464
5362 0.491667
6956 0.477778
23043 0.414228
31286 0.412505
2995 0.404969
25219 0.383333
5214 0.368478
6651 0.366923
5833 0.332857
4236 0.332857
9826 0.326923
38007 0.319255
31301 0.310256
21183 0.289834
12940 0.262338
20273 0.253623
6262 0.251111
31283 0.25
21939 0.25
21859 0.25
8672 0.25
30997 0.227381
1957 0.227381
35420 0.222222
27766 0.222222
23592 0.222222
16639 0.221256
401 0.221256
22029 0.2
18107 0.2
16172 0.2
37523 0.188034
16817 0.188034
37662 0.183541
39364 0.170102
34914 0.166667
19032 0.166667
18328 0.166667
11209 0.166667
8154 0.166667
878 0.166667
25014 0.161429
23061 0.161429
14803 0.154762
8757 0.154762
39856 0.14
10004 0.14
40011 0.125
12476 0.125
37867 0.121679
21375 0.121679
35525 0.111111
31140 0.111111
27811 0.111111
27586 0.111111
24269 0.111111
17312 0.111111
29143 0.100036
24028 0.100036
20350 0.100036
20106 0.100036
16034 0.100036
13254 0.100036
13043 0.100036
10361 0.100036
8465 0.100036
39771 0.0909091
25339 0.0909091
23910 0.0833333
21770 0.0833333
9916 0.0833333
34768 0.0769231
31964 0.0769231
28010 0.0769231
596 0.0769231
36464 0.0714286
1070 0.0714286
28426 0.0666667
24599 0.0666667
14303 0.0666667
10923 0.0666667
1043 0.0666667
37417 0.0526316
36857 0.0526316
22934 0.0526316
18637 0.0526316
15069 0.0526316
5384 0.0526316
25016 0.05
39235 0.0434783
36196 0.0434783
34628 0.0434783
34459 0.0434783
32885 0.0434783
31509 0.0434783
29174 0.0434783
24414 0.0434783
23696 0.0434783
22507 0.0434783
21876 0.0434783
18788 0.0434783
18315 0.0434783
15501 0.0434783
14975 0.0434783
14443 0.0434783
12304 0.0434783
9726 0.0434783
9665 0.0434783
9579 0.0434783
9455 0.0434783
6154 0.0434783
5322 0.0434783
5141 0.0434783
2647 0.0434783
38550 0.04
37146 0.04
36852 0.04
33342 0.04
27634 0.04
26060 0.04
24759 0.04
17368 0.04
14886 0.04
14548 0.04
12692 0.04
12283 0.04
9211 0.04
8962 0.04
4804 0.04
2263 0.04
1968 0.04
40393 0.0384615
39877 0.0384615
37937 0.0384615
37245 0.0384615
29501 0.0384615
26134 0.0384615
24843 0.0384615
23582 0.0384615
22800 0.0384615
19943 0.0384615
18200 0.0384615
16752 0.0384615
13109 0.0384615
10528 0.0384615
9233 0.0384615
8562 0.0384615
7068 0.0384615
5350 0.0384615
199 0.0384615
39572 0.0357143
34867 0.0357143
34228 0.0357143
24825 0.0357143
21668 0.0357143
20642 0.0357143
6415 0.0357143
5931 0.0357143
4643 0.0357143
4298 0.0357143
1237 0.0357143
457 0.0357143
38143 0.0333333
29897 0.0333333
29099 0.0333333
19856 0.0333333
17746 0.0333333
17450 0.0333333
17055 0.0333333
16678 0.0333333
11850 0.0333333
4559 0.0333333
39406 0.0322581
33033 0.0322581
31697 0.0322581
24746 0.0322581
21493 0.0322581
18645 0.0322581
18258 0.0322581
13478 0.0322581
10987 0.0322581
9547 0.0322581
8149 0.0322581
6483 0.0322581
5666 0.0322581
5137 0.0322581
37010 0.0277778
35336 0.0277778
34535 0.0277778
29162 0.0277778
25053 0.0277778
24864 0.0277778
24683 0.0277778
20978 0.0277778
20710 0.0277778
18444 0.0277778
18243 0.0277778
17990 0.0277778
12381 0.0277778
8027 0.0277778
6071 0.0277778
2413 0.0277778
2335 0.0277778
40980 0
40979 0
40978 0
40977 0
40976 0
40975 0
40974 0
40973 0
40972 0
40971 0
40970 0
40969 0
40968 0
40967 0
40966 0
40965 0
40964 0
40963 0
40962 0
40961 0
40960 0
40959 0
40958 0
40957 0
40956 0
40955 0
40954 0
40953 0
40952 0
40951 0
40950 0
40949 0
40948 0
40947 0
40946 0
40945 0
40944 0
40943 0
40942 0
40941 0
40940 0
40939 0
40938 0
40937 0
40936 0
40935 0
40934 0
40933 0
40932 0
40931 0
40930 0
40929 0
40928 0
40927 0
40926 0
40925 0
40924 0
40923 0
40922 0
40921 0
40920 0
40919 0
40918 0
40917 0
40916 0
40914 0
40913 0
40912 0
40911 0
40910 0
40909 0
40908 0
40907 0
40906 0
40905 0
40904 0
40903 0
40902 0
40901 0
40900 0
40899 0
40898 0
40897 0
40896 0
40895 0
40894 0
40893 0
40892 0
40891 0
40890 0
40889 0
40888 0
40887 0
40886 0
40885 0
40884 0
40883 0
40882 0
40881 0
40880 0
40879 0
40878 0
40877 0
40876 0
40875 0
40874 0
40873 0
40872 0
40871 0
40870 0
40869 0
40868 0
40867 0
40866 0
40865 0
40864 0
40863 0
40862 0
40861 0
40860 0
40859 0
40858 0
40857 0
40856 0
40855 0
40854 0
40853 0
40852 0
40851 0
40850 0
40849 0
40848 0
40847 0
40846 0
40845 0
40844 0
40843 0
40842 0
40841 0
40840 0
40839 0
40838 0
40837 0
40836 0
40835 0
40834 0
40833 0
40832 0
40831 0
40830 0
40829 0
40828 0
40827 0
40826 0
40825 0
40824 0
40823 0
40822 0
40821 0
40820 0
40819 0
40818 0
40817 0
40816 0
40815 0
40814 0
40813 0
40812 0
40811 0
40810 0
40809 0
40808 0
40807 0
40806 0
40805 0
40804 0
40803 0
40802 0
40801 0
40800 0
40799 0
40798 0
40797 0
40796 0
40795 0
40794 0
40793 0
40792 0
40791 0
40790 0
40789 0
40788 0
40787 0
40786 0
40785 0
40784 0
40783 0
40782 0
40781 0
40780 0
40779 0
40778 0
40777 0
40776 0
40775 0
40774 0
40773 0
40772 0
40771 0
40770 0
40769 0
40768 0
40767 0
40766 0
40765 0
40764 0
40763 0
40762 0
40761 0
40760 0
40759 0
40758 0
40757 0
40756 0
40755 0
40754 0
40753 0
40752 0
40751 0
40750 0
40749 0
40748 0
40747 0
40746 0
40745 0
40744 0
40743 0
40742 0
40741 0
40740 0
40739 0
40738 0
40737 0
40736 0
40735 0
40734 0
40733 0
40732 0
40731 0
40730 0
40729 0
40728 0
40727 0
40726 0
40725 0
40724 0
40723 0
40722 0
40721 0
40720 0
40719 0
40718 0
40717 0
40716 0
40715 0
40714 0
40713 0
40712 0
40711 0
40710 0
40709 0
40708 0
40707 0
40706 0
40705 0
40704 0
40703 0
40702 0
40701 0
40700 0
40699 0
40698 0
40697 0
40696 0
