31301 41.6507
36032 11.6956
13646 10.9708
52 10.1961
10602 9.57598
26750 9.32431
7708 9.2914
17634 8.89635
27514 8.86961
3363 8.37097
40661 6.58706
33189 4.96922
11630 4.72255
27434 4.64485
10737 4.46441
24237 4.19657
15637 4.16036
2241 3.78716
29997 3.72364
36746 3.36692
27892 2.94712
363 2.89959
13410 2.87284
2249 2.76441
5693 2.75503
10980 2.64523
4405 2.4582
12444 2.42924
15603 2.36401
7691 2.35326
14544 2.31176
16791 2.28221
10472 2.25648
40704 2.17668
24335 2.09272
31986 2.03561
13757 1.98696
3863 1.86349
14565 1.80523
18274 1.78442
15136 1.76323
14603 1.72059
12243 1.67563
33825 1.67306
23014 1.67249
26401 1.6567
14007 1.64031
26159 1.6074
13541 1.57563
12709 1.56872
13795 1.55284
24825 1.53213
21983 1.52128
34495 1.47699
30320 1.43022
3600 1.41348
11859 1.3543
919 1.29352
40829 1.2739
27951 1.25562
8538 1.23269
38283 1.22429
18804 1.2028
26892 1.19432
19295 1.18431
34120 1.17089
25750 1.11085
24013 1.08647
22735 1.06636
22583 1.06182
32939 1.05268
26923 1.04899
28038 1.03322
18754 1.03184
26015 1.01869
13881 1.00397
3158 0.98366
6692 0.972147
37218 0.971929
33069 0.944054
27627 0.930324
39515 0.92045
2775 0.89593
13432 0.877912
4785 0.873134
2943 0.8698
25837 0.826853
27799 0.826665
28527 0.809019
37940 0.804893
12532 0.775817
40573 0.769798
29746 0.766229
32885 0.761905
6644 0.759512
10923 0.756558
7343 0.7501
26739 0.75
4084 0.745474
30037 0.736335
27886 0.735263
23553 0.722135
26088 0.720576
27021 0.704383
17999 0.694088
21097 0.688176
20489 0.682437
28917 0.678809
17794 0.672375
37176 0.665006
32975 0.66269
21722 0.659975
11615 0.659818
12009 0.653114
37545 0.641782
3311 0.641574
33944 0.633242
6823 0.631029
3648 0.627168
12431 0.626312
5373 0.617963
10057 0.61664
16853 0.600385
9831 0.596435
2838 0.576877
2633 0.570054
5564 0.569628
29962 0.567807
19041 0.567305
22227 0.566025
34704 0.562793
10694 0.560792
27834 0.558518
17352 0.554512
27322 0.553931
29286 0.55
2958 0.542538
39191 0.535386
13104 0.533223
33331 0.53265
29059 0.530831
36242 0.525216
23317 0.524162
3382 0.522222
20407 0.520887
6504 0.520771
8508 0.514838
24780 0.513315
37998 0.510174
16618 0.509804
8027 0.507576
13341 0.5
3567 0.496715
17599 0.495936
12620 0.491667
29332 0.488119
3494 0.487007
32683 0.48632
14779 0.482482
28812 0.481547
18644 0.478492
4070 0.476932
15775 0.475641
18295 0.467857
25982 0.467262
22054 0.466211
8446 0.459852
33390 0.458333
18937 0.458072
36734 0.453704
20169 0.453267
30683 0.44948
24986 0.448203
30948 0.447316
31734 0.439012
5517 0.438238
39374 0.437072
9197 0.434524
57 0.434117
29474 0.43254
20886 0.428431
22594 0.426568
8839 0.423665
22228 0.422324
5175 0.422069
38662 0.417976
28444 0.41779
10730 0.415515
8267 0.411434
9634 0.409524
39843 0.408735
14307 0.408006
10760 0.406536
33078 0.405544
31061 0.400947
2854 0.39912
6815 0.397429
15390 0.394927
28380 0.393519
18044 0.392157
29032 0.392087
14677 0.391428
34768 0.390244
4295 0.389718
19203 0.387856
30611 0.384354
22215 0.37381
18529 0.373289
27291 0.37316
22890 0.37098
8672 0.370948
6866 0.369736
19765 0.365237
4538 0.362318
28305 0.36044
19055 0.357557
1318 0.356942
32500 0.356506
40912 0.355597
40758 0.353005
32760 0.346992
6414 0.343831
35752 0.340278
979 0.333945
33712 0.333333
20993 0.333333
16496 0.333333
13610 0.333333
22606 0.332579
6642 0.331452
2867 0.328056
13334 0.327077
25652 0.326198
8011 0.325196
4762 0.325059
33118 0.322729
31682 0.320716
9342 0.320716
32850 0.316667
25445 0.31321
18209 0.312495
25832 0.310743
10322 0.3106
24865 0.310442
24125 0.310256
12176 0.309059
8263 0.308962
4943 0.307802
28245 0.302591
18393 0.300519
23380 0.300335
40615 0.299901
40487 0.296563
15237 0.29494
1525 0.29478
36199 0.286764
34973 0.286069
9846 0.285768
36292 0.285653
20966 0.284122
28482 0.28273
23154 0.278935
36623 0.278351
1179 0.277661
36045 0.277652
26268 0.276601
18328 0.275089
6055 0.273352
12149 0.272727
8330 0.272578
1587 0.272111
10036 0.271763
28680 0.26978
18198 0.26978
1616 0.26978
27844 0.269669
128 0.266332
24213 0.266163
35048 0.264603
31882 0.262338
23742 0.26084
34360 0.260747
3906 0.259421
6671 0.258741
29828 0.257697
14048 0.257697
2279 0.257576
33490 0.256904
15320 0.254175
9937 0.252857
21816 0.251317
4970 0.251234
39731 0.25
37550 0.25
34451 0.25
25427 0.25
20735 0.25
10641 0.25
10238 0.25
8393 0.25
3401 0.247888
25379 0.247658
19032 0.246858
6609 0.246665
22288 0.245915
35985 0.245322
25543 0.24481
15446 0.244731
24133 0.244444
186 0.238569
27512 0.234753
19325 0.232479
5608 0.232251
37562 0.229338
16380 0.228687
15829 0.228073
22478 0.227664
15302 0.22646
37804 0.22619
27431 0.225274
5205 0.22378
17075 0.222414
5663 0.222414
5153 0.222414
22402 0.221819
13562 0.221444
3245 0.22114
29331 0.219249
12518 0.217376
32843 0.216667
7598 0.215657
31417 0.214033
13323 0.212523
28710 0.212515
14466 0.212161
14001 0.21189
6309 0.211809
23813 0.209524
21556 0.208766
14942 0.208214
24441 0.207664
11958 0.207481
21497 0.202652
39616 0.202467
34592 0.202413
3260 0.20202
1298 0.200627
1940 0.200229
38865 0.2
34538 0.2
32423 0.2
27795 0.2
27001 0.2
20100 0.2
12331 0.2
11658 0.2
10332 0.2
738 0.2
16446 0.199941
19908 0.198975
24604 0.197222
19589 0.196188
40108 0.193644
17272 0.190552
22897 0.189464
18950 0.188826
37852 0.186448
7894 0.184885
9713 0.184524
777 0.184066
34357 0.182168
32806 0.181606
23849 0.181315
26555 0.181108
6096 0.180478
40078 0.179445
32576 0.179313
40036 0.179167
23695 0.179152
35472 0.178865
1087 0.177778
39163 0.177734
36208 0.176974
4432 0.173292
22557 0.17328
40869 0.173175
40479 0.170192
9891 0.16887
11738 0.168622
18770 0.168317
15506 0.167647
19881 0.167011
37548 0.166667
31975 0.166667
29407 0.166667
28089 0.166667
27926 0.166667
22435 0.166667
16047 0.166667
15400 0.166667
15161 0.166667
13077 0.166667
12052 0.166667
3521 0.166667
14925 0.165132
25817 0.164593
32921 0.163271
3120 0.161502
13132 0.161467
39743 0.159672
40706 0.159249
40017 0.159196
33107 0.158884
24845 0.158743
10073 0.158657
40381 0.15786
9665 0.15764
34908 0.157393
39923 0.156875
19972 0.153704
6002 0.152812
29629 0.152652
16404 0.150672
23306 0.149554
9718 0.149554
2885 0.147712
27014 0.146637
19173 0.145122
26400 0.144491
39730 0.142857
38293 0.142857
37711 0.142857
37048 0.142857
32195 0.142857
29139 0.142857
26334 0.142857
25631 0.142857
24454 0.142857
23309 0.142857
21190 0.142857
19887 0.142857
9557 0.142857
4393 0.142857
3134 0.142857
2935 0.142857
492 0.14206
10929 0.141883
7208 0.141395
18451 0.141288
24316 0.140981
10519 0.139977
9200 0.139842
24731 0.138971
23933 0.138711
26243 0.138581
22514 0.138181
7296 0.137375
40181 0.137115
11946 0.137114
2204 0.136656
14377 0.135947
24475 0.13523
18614 0.134573
20424 0.13447
17889 0.13447
17818 0.13447
33651 0.134185
31815 0.133838
38668 0.132191
1897 0.132059
29972 0.130036
25842 0.130036
23912 0.130036
14630 0.129329
12080 0.129329
19199 0.129
4488 0.128283
3896 0.127048
17406 0.126834
3112 0.125812
25118 0.125433
20068 0.125109
40235 0.125
36476 0.125
33362 0.125
32542 0.125
25998 0.125
23570 0.125
15095 0.125
13115 0.125
9465 0.125
8720 0.125
7667 0.125
1091 0.124496
27366 0.12381
24382 0.12346
19380 0.123385
12447 0.122484
27425 0.122446
23663 0.122394
