2209 13.5062
10923 6.53484
15599 5.56591
9665 5.08203
17687 4.68024
10581 4.14044
38316 3.9776
34167 3.93232
38970 3.90453
40883 3.59835
23696 3.55755
25337 2.84525
32732 2.66064
34433 2.63882
12425 2.46837
21081 2.26273
23843 2.25202
1017 2.2096
31301 2.03452
2647 1.83906
27799 1.78095
7404 1.67619
11537 1.61234
16918 1.59031
2840 1.5269
22263 1.4728
37856 1.40803
9561 1.34302
30793 1.33095
10680 1.32143
18328 1.30881
37935 1.28601
10947 1.25082
15058 1.1246
24414 1.04544
29063 1.03575
8672 0.991667
35035 0.929762
37426 0.916667
5582 0.916667
15400 0.893818
38353 0.869859
26979 0.866667
30302 0.849084
17907 0.833333
14322 0.833333
5748 0.830954
21911 0.773296
24812 0.767272
543 0.738095
363 0.72619
38897 0.717208
13708 0.699423
35835 0.691667
1313 0.689682
10361 0.67619
37083 0.666667
3936 0.658333
35186 0.642857
28883 0.620527
6964 0.617816
29132 0.611111
19302 0.592857
9466 0.592857
7129 0.587302
18149 0.569444
10277 0.569444
27764 0.566667
35188 0.561927
19683 0.561111
20272 0.559524
8473 0.556266
25287 0.541508
23724 0.527778
24825 0.526902
33507 0.517895
23200 0.517857
34311 0.512211
18513 0.511111
17715 0.490774
29350 0.47619
34971 0.47549
19032 0.434524
30588 0.420635
830 0.414286
23773 0.38254
6509 0.38254
34459 0.380952
40310 0.377419
2885 0.369048
27514 0.367857
16280 0.357143
16068 0.357143
26064 0.344538
8000 0.344298
34776 0.342488
25804 0.335753
37876 0.333333
29476 0.333333
26481 0.333333
24941 0.333333
24047 0.333333
22594 0.333333
20537 0.333333
20111 0.333333
19083 0.333333
12343 0.333333
8540 0.333333
7960 0.333333
4134 0.333333
4131 0.333333
37094 0.321795
12988 0.320238
32322 0.312792
22527 0.291209
27819 0.284271
27452 0.284271
39717 0.281319
30416 0.268707
25286 0.26859
28433 0.268249
31509 0.259918
8297 0.259918
36075 0.25
35817 0.25
34333 0.25
30129 0.25
27839 0.25
27786 0.25
17025 0.25
15227 0.25
13691 0.25
12197 0.25
9943 0.25
1796 0.25
1629 0.25
1053 0.25
878 0.25
397 0.25
22879 0.248621
20273 0.248621
14654 0.224026
39480 0.218615
29974 0.218337
24699 0.212676
21066 0.207226
33185 0.203235
27963 0.203235
1642 0.203235
39661 0.2
35646 0.2
31124 0.2
30975 0.2
29317 0.2
21629 0.2
20599 0.2
20106 0.2
15644 0.2
8027 0.2
2628 0.2
1975 0.2
1864 0.2
987 0.2
36644 0.192571
14430 0.18985
2898 0.18985
19914 0.188889
5255 0.187676
93 0.183929
34553 0.166667
33427 0.166667
33416 0.166667
33404 0.166667
27044 0.166667
26468 0.166667
22184 0.166667
20470 0.166667
16595 0.166667
15836 0.166667
15018 0.166667
13851 0.166667
8237 0.166667
4142 0.166667
2923 0.166667
644 0.166667
579 0.166667
87 0.166667
39481 0.142857
35346 0.142857
35156 0.142857
34874 0.142857
33342 0.142857
26573 0.142857
24464 0.142857
24028 0.142857
23545 0.142857
20934 0.142857
19926 0.142857
16282 0.142857
16014 0.142857
14108 0.142857
8962 0.142857
6183 0.142857
5693 0.142857
37339 0.136526
21324 0.136526
9455 0.136526
13 0.131768
21075 0.127636
40286 0.125
34219 0.125
30495 0.125
30209 0.125
15012 0.125
14226 0.125
13507 0.125
11789 0.125
9394 0.125
7691 0.125
2592 0.125
40415 0.111111
39035 0.111111
38855 0.111111
35087 0.111111
34691 0.111111
32046 0.111111
31169 0.111111
30303 0.111111
26135 0.111111
23429 0.111111
20727 0.111111
18815 0.111111
16969 0.111111
14378 0.111111
14198 0.111111
13050 0.111111
6126 0.111111
2217 0.111111
3125 0.111003
15143 0.1
5214 0.1
35159 0.0966113
32980 0.0966113
38995 0.0909091
28280 0.0909091
22458 0.0909091
20234 0.0909091
20184 0.0909091
18798 0.0909091
10537 0.0909091
4828 0.0893241
25603 0.0849285
25569 0.0833333
38209 0.0769231
31783 0.0769231
11597 0.0769231
33267 0.0714286
28345 0.0714286
26194 0.0714286
23439 0.0714286
22711 0.0714286
18930 0.0714286
17312 0.0714286
16870 0.0714286
15225 0.0714286
11113 0.0714286
5485 0.0702354
1345 0.0702354
40337 0.0625
38696 0.0625
33991 0.0625
25965 0.0625
21194 0.0625
14975 0.0625
38999 0.0589386
26183 0.0589386
8976 0.0588235
40886 0.0555556
28758 0.0555556
21824 0.0555556
37723 0.0526316
27373 0.0526316
3937 0.0526316
743 0.0526316
37999 0.05
34462 0.05
1667 0.05
39951 0.047619
39332 0.047619
39196 0.047619
32620 0.047619
32176 0.047619
27945 0.047619
23847 0.047619
22804 0.047619
21784 0.047619
20701 0.047619
18189 0.047619
18081 0.047619
14661 0.047619
12318 0.047619
7439 0.047619
6992 0.047619
6753 0.047619
4180 0.047619
33053 0.0454545
15411 0.0454545
10527 0.0454545
5969 0.0454545
5358 0.0454545
19467 0.0384615
36656 0.0357143
17202 0.0357143
13028 0.0357143
2051 0.0357143
31150 0.0344828
15179 0.0344828
9958 0.0344828
955 0.0344828
30048 0.030303
25490 0.030303
20432 0.030303
18410 0.030303
10686 0.030303
7433 0.030303
1769 0.030303
36057 0.0285714
32556 0.0285714
28729 0.0285714
26878 0.0285714
26817 0.0285714
22061 0.0285714
17440 0.0285714
16749 0.0285714
15818 0.0285714
13058 0.0285714
10427 0.0285714
5771 0.0285714
40725 0.0277778
38538 0.0277778
32877 0.0277778
31991 0.0277778
31960 0.0277778
19587 0.0277778
17935 0.0277778
4583 0.0277778
1660 0.0277778
38166 0.025
36794 0.025
24282 0.025
21191 0.025
14425 0.025
12209 0.025
11086 0.025
8942 0.025
5198 0.025
40582 0.0204082
37372 0.0204082
37184 0.0204082
36878 0.0204082
35691 0.0204082
32494 0.0204082
32383 0.0204082
31894 0.0204082
31887 0.0204082
27075 0.0204082
24223 0.0204082
23555 0.0204082
22785 0.0204082
20843 0.0204082
17770 0.0204082
17346 0.0204082
17175 0.0204082
14726 0.0204082
13200 0.0204082
12054 0.0204082
6255 0.0204082
2483 0.0204082
1068 0.0204082
40189 0.0107527
40102 0.0107527
39898 0.0107527
38683 0.0107527
38514 0.0107527
38379 0.0107527
37524 0.0107527
36883 0.0107527
33462 0.0107527
32480 0.0107527
30586 0.0107527
30550 0.0107527
29497 0.0107527
29470 0.0107527
27391 0.0107527
21274 0.0107527
19210 0.0107527
19198 0.0107527
18361 0.0107527
17264 0.0107527
16800 0.0107527
13763 0.0107527
13078 0.0107527
11283 0.0107527
10110 0.0107527
8403 0.0107527
7794 0.0107527
6928 0.0107527
6730 0.0107527
5766 0.0107527
4257 0.0107527
3747 0.0107527
3406 0.0107527
3308 0.0107527
2288 0.0107527
2284 0.0107527
1394 0.0107527
40980 0
40979 0
40978 0
40977 0
40976 0
40975 0
40974 0
40973 0
40972 0
40971 0
40970 0
40969 0
40968 0
40967 0
40966 0
40965 0
40964 0
40963 0
40962 0
40961 0
40960 0
40959 0
40958 0
40957 0
40956 0
40955 0
40954 0
40953 0
40952 0
40951 0
40950 0
40949 0
40948 0
40947 0
40946 0
40945 0
40944 0
40943 0
40942 0
40941 0
40940 0
40939 0
40938 0
40937 0
40936 0
40935 0
40934 0
40933 0
40932 0
40931 0
40930 0
40929 0
40928 0
40927 0
40926 0
40925 0
40924 0
40923 0
40922 0
40921 0
40920 0
40919 0
40918 0
40917 0
40916 0
40915 0
40914 0
40913 0
40912 0
40911 0
40910 0
40909 0
40908 0
40907 0
40906 0
40905 0
40904 0
40903 0
40902 0
40901 0
40900 0
40899 0
40898 0
40897 0
