22583 3.82212
31301 3.26048
13003 2.7803
27514 2.46333
26750 2.42516
16895 2.26207
52 1.30939
23013 1.2648
16791 1.2062
17634 1.19013
14544 1.13879
14603 1.1315
39743 1.0671
7894 0.94938
29313 0.88129
16853 0.80018
23317 0.764914
919 0.717465
7708 0.699883
10737 0.654793
34495 0.629237
2775 0.576903
15307 0.576623
24825 0.5
6823 0.499703
1803 0.492712
6055 0.484951
4878 0.453704
7024 0.440106
19119 0.437629
37797 0.409524
3567 0.408629
23714 0.400433
17657 0.390973
1267 0.390253
25880 0.358927
37042 0.358482
27886 0.356958
25944 0.350641
26892 0.347348
14630 0.346078
29220 0.334524
9846 0.323286
12709 0.321032
1977 0.311678
10760 0.307583
13432 0.300495
39616 0.297576
39131 0.297269
6301 0.295635
25112 0.273148
32921 0.27213
40869 0.271364
17272 0.271364
32148 0.267298
1587 0.266825
21646 0.263889
4943 0.256038
20466 0.25
10117 0.25
2867 0.25
28878 0.248852
13646 0.242866
363 0.236186
17585 0.235349
16184 0.229701
19295 0.228034
28038 0.225828
31223 0.225397
4188 0.225397
13341 0.225
36996 0.219868
24518 0.214242
23348 0.211291
40381 0.211066
19124 0.211066
38662 0.200803
18655 0.2
40294 0.188039
30144 0.188039
34704 0.181667
32975 0.173789
33374 0.172957
20684 0.166833
31354 0.166667
28760 0.166667
24803 0.166667
21026 0.166667
19032 0.166667
16982 0.166667
14132 0.166667
13051 0.166667
3075 0.165909
12243 0.163095
57 0.161987
11625 0.161425
36623 0.158333
33712 0.158333
16710 0.142994
32537 0.142857
26629 0.142857
18754 0.142857
11859 0.142857
8516 0.142857
29554 0.142564
14172 0.142564
25273 0.138881
26923 0.138455
10880 0.137851
40573 0.133578
17127 0.133578
18644 0.131976
39923 0.131406
14565 0.130558
23742 0.130354
13990 0.130354
2289 0.127517
1427 0.127517
36876 0.125
27352 0.125
22228 0.125
16120 0.125
11524 0.121604
17121 0.121421
33893 0.119379
32172 0.119379
12556 0.119379
9519 0.118704
28879 0.118234
40254 0.117217
11085 0.117217
12518 0.113513
32713 0.112168
30856 0.112168
15603 0.111903
7758 0.111903
2838 0.111903
37426 0.111111
34825 0.111111
33421 0.111111
21698 0.111111
20947 0.111111
17778 0.111111
14947 0.111111
13553 0.111111
10923 0.111111
8324 0.111111
6982 0.111111
4730 0.111111
22557 0.110736
28701 0.110496
14307 0.110496
6815 0.108466
33068 0.108361
27139 0.108361
29326 0.107785
11622 0.107785
4794 0.107785
5175 0.103818
35683 0.103778
11606 0.102031
13881 0.10167
40017 0.1
39414 0.1
29997 0.1
21846 0.1
16404 0.1
10322 0.1
4291 0.1
304 0.1
13187 0.0969561
10602 0.0969561
9200 0.0969561
8589 0.0969561
3473 0.0969561
33683 0.0921531
21399 0.0921531
11587 0.0921531
3641 0.0921531
15095 0.0912821
9019 0.0912821
38158 0.0909091
34223 0.0909091
31839 0.0909091
29704 0.0909091
29443 0.0909091
23366 0.0909091
3447 0.0909091
3120 0.0909091
12384 0.0883823
31426 0.0877413
31173 0.087037
10315 0.0853704
6196 0.0853704
4751 0.0853704
35101 0.083244
11945 0.083244
26436 0.0831807
19325 0.0831807
1895 0.0831807
38133 0.0769231
33069 0.0769231
30269 0.0769231
25413 0.0769231
24164 0.0769231
23539 0.0769231
11630 0.0769231
10731 0.0769231
4928 0.0769231
31986 0.0763934
3112 0.0732558
23306 0.0730784
6719 0.0730784
37163 0.0722279
34032 0.0722279
19055 0.0722279
4375 0.0722279
37665 0.0715736
34451 0.0714286
9647 0.0714286
39027 0.0666667
36710 0.0666667
26934 0.0666667
26922 0.0666667
25398 0.0666667
22990 0.0666667
12932 0.0666667
10551 0.0666667
7723 0.0666667
26297 0.066514
21453 0.066514
10606 0.066514
7828 0.066514
34187 0.0625
28444 0.0625
27844 0.0625
23211 0.0625
23014 0.0625
19373 0.0625
6585 0.0625
2943 0.0622797
32261 0.0588235
7691 0.0588235
6671 0.0588235
2241 0.0588235
1318 0.0588235
33544 0.0585503
28257 0.0585503
21345 0.0585503
15446 0.0585503
2259 0.0585503
28959 0.0585135
22046 0.0585135
21774 0.0585135
15953 0.0585135
12812 0.0585135
11443 0.0585135
34529 0.0570995
18567 0.0570995
13631 0.0555556
39112 0.0539744
34280 0.0539744
26083 0.0539744
21495 0.0539744
7726 0.0539744
186 0.0539744
24603 0.0533701
24365 0.0533701
18616 0.0533701
15086 0.0533701
38176 0.0503678
27713 0.0503678
26159 0.0503678
25817 0.0503678
16833 0.0503678
15643 0.0503678
187 0.0503678
9379 0.05
9218 0.047619
39843 0.0454545
34818 0.0454545
33117 0.0454545
15373 0.0454545
6096 0.0454545
5134 0.0454545
2379 0.0454545
40969 0.0416667
36991 0.0416667
36625 0.0416667
33907 0.0416667
29741 0.0416667
29301 0.0416667
29032 0.0416667
27364 0.0416667
26626 0.0416667
26361 0.0416667
23498 0.0416667
22402 0.0416667
18380 0.0416667
16978 0.0416667
13035 0.0416667
12969 0.0416667
8608 0.0416667
7086 0.0416667
5693 0.0416667
3158 0.0416667
2633 0.0416667
1250 0.0416667
36292 0.04
35985 0.04
34673 0.04
32023 0.04
31849 0.04
28382 0.04
25462 0.04
24316 0.04
23663 0.04
21849 0.04
16403 0.04
15505 0.04
11795 0.04
10009 0.04
7916 0.04
3245 0.04
901 0.04
40775 0.0377199
32862 0.0377199
26235 0.0377199
26054 0.0377199
25543 0.0377199
25083 0.0377199
20458 0.0377199
12144 0.0377199
10844 0.0377199
2582 0.0377199
39171 0.037037
38638 0.037037
33936 0.037037
30611 0.037037
24030 0.037037
22897 0.037037
22502 0.037037
16871 0.037037
14114 0.037037
2031 0.037037
590 0.037037
29360 0.0357143
23380 0.0357143
22465 0.0357143
13291 0.0357143
2249 0.0357143
39994 0.0344828
30167 0.0344828
29828 0.0344828
14048 0.0344828
7343 0.0344828
39165 0.0322581
37957 0.0322581
31006 0.0322581
26540 0.0322581
21022 0.0322581
20424 0.0322581
17663 0.0322581
17611 0.0322581
14643 0.0322581
10929 0.0322581
10205 0.0322581
8902 0.0322581
7812 0.0322581
3260 0.0322581
1055 0.0322581
889 0.0322581
39601 0.0294118
36115 0.0294118
35944 0.0294118
34973 0.0294118
28176 0.0294118
27014 0.0294118
26714 0.0294118
26555 0.0294118
26173 0.0294118
20914 0.0294118
19107 0.0294118
16945 0.0294118
14541 0.0294118
13418 0.0294118
13369 0.0294118
12080 0.0294118
10866 0.0294118
8186 0.0294118
8175 0.0294118
7065 0.0294118
4369 0.0294118
3010 0.0294118
38450 0.027027
30780 0.027027
28917 0.027027
27951 0.027027
26400 0.027027
25811 0.027027
14041 0.027027
12221 0.027027
11108 0.027027
9655 0.027027
8563 0.027027
7036 0.027027
6565 0.027027
5486 0.027027
4405 0.027027
3906 0.027027
128 0.027027
33347 0.025641
32158 0.025641
26840 0.025641
22488 0.025641
21349 0.025641
18865 0.025641
15581 0.025641
14920 0.025641
12419 0.025641
11615 0.025641
7942 0.025641
6856 0.025641
1177 0.025641
569 0.025641
38317 0.025
35158 0.025
40912 0.0232558
39374 0.0232558
35769 0.0232558
34834 0.0232558
34727 0.0232558
31735 0.0232558
31670 0.0232558
29794 0.0232558
29407 0.0232558
27434 0.0232558
26334 0.0232558
25265 0.0232558
23452 0.0232558
21190 0.0232558
18295 0.0232558
17128 0.0232558
14466 0.0232558
13568 0.0232558
12444 0.0232558
12096 0.0232558
10245 0.0232558
10073 0.0232558
9557 0.0232558
9393 0.0232558
8538 0.0232558
8037 0.0232558
7435 0.0232558
4859 0.0232558
2712 0.0232558
132 0.0232558
39191 0.0217391
27892 0.0217391
24819 0.0217391
19589 0.0217391
16907 0.0217391
10980 0.0217391
9718 0.0217391
34649 0.02
24756 0.02
15515 0.02
6414 0.02
2276 0.02
2077 0.02
40704 0.0163934
40487 0.0163934
39731 0.0163934
38668 0.0163934
36051 0.0163934
34120 0.0163934
33496 0.0163934
28153 0.0163934
27646 0.0163934
25725 0.0163934
19962 0.0163934
19380 0.0163934
16446 0.0163934
14779 0.0163934
14746 0.0163934
13871 0.0163934
13762 0.0163934
12490 0.0163934
12241 0.0163934
11861 0.0163934
11128 0.0163934
7928 0.0163934
7374 0.0163934
6584 0.0163934
3434 0.0163934
3042 0.0163934
979 0.0163934
40663 0.015873
39393 0.015873
37399 0.015873
