35346 2.06425
830 1.22057
17312 1.17445
32620 1.16297
30676 1.10878
35435 1.0997
39791 1.01918
16250 0.966203
27989 0.824172
11080 0.824172
17631 0.791355
15225 0.742652
18452 0.731352
34663 0.709582
28611 0.709582
6654 0.681729
19260 0.660132
110 0.651943
22530 0.638658
39947 0.638396
24239 0.59217
13339 0.567626
38952 0.566121
40890 0.514213
31228 0.514213
11488 0.500287
17373 0.496623
2885 0.417276
17295 0.416126
22711 0.395714
35734 0.38985
15416 0.385332
4499 0.380597
1966 0.379245
38583 0.377612
35317 0.374539
21978 0.367386
35185 0.365956
550 0.352661
4825 0.335395
6859 0.334748
4934 0.332874
13654 0.331059
21323 0.317756
22388 0.307455
20928 0.296258
30693 0.292111
1049 0.281999
8652 0.274392
20250 0.259834
34165 0.259621
34784 0.255046
15029 0.255046
5937 0.251943
36952 0.249941
17277 0.249484
24400 0.231667
13916 0.231667
29077 0.228507
14316 0.223856
24678 0.223105
22184 0.223105
14546 0.223105
1610 0.223105
37597 0.217736
26095 0.212393
3356 0.210349
38014 0.209103
34998 0.209103
22088 0.202262
22368 0.20002
23089 0.198529
30545 0.195297
8342 0.195086
7245 0.194465
16844 0.188422
23370 0.187261
18520 0.187261
26084 0.18688
16500 0.186737
14138 0.185681
26803 0.184926
13507 0.184605
36313 0.183792
2877 0.183471
12569 0.182839
16076 0.182785
6140 0.182298
34457 0.181979
39177 0.181595
28106 0.177909
23218 0.177909
14768 0.176748
40655 0.176514
16298 0.17646
20305 0.176335
30793 0.175733
12766 0.175733
27799 0.175211
3561 0.173247
29634 0.171549
12393 0.169783
28575 0.168077
7937 0.168077
32043 0.167288
1951 0.166667
39951 0.165416
16395 0.164405
15212 0.163551
9592 0.158283
12893 0.158001
23446 0.154101
6906 0.153873
7074 0.153571
11626 0.153062
34664 0.153041
39962 0.152925
14587 0.151291
3940 0.150748
2869 0.150528
16424 0.148013
16504 0.147102
32243 0.146868
32324 0.145274
7618 0.14498
3162 0.144834
33633 0.144284
29437 0.143454
15834 0.143454
27166 0.141669
33997 0.141392
31827 0.141392
25213 0.141392
18369 0.141392
23843 0.140715
39642 0.138422
15665 0.137615
18328 0.136052
5423 0.135714
35974 0.135679
29211 0.133781
37502 0.133613
35766 0.133613
33458 0.13166
5293 0.13166
9553 0.131148
5488 0.129339
6041 0.129137
38762 0.128665
9197 0.128665
8412 0.128665
33520 0.12814
1326 0.126142
30209 0.125668
1355 0.125536
35065 0.124799
20007 0.124799
31077 0.123844
36806 0.123174
26538 0.122616
38422 0.122423
37027 0.122093
36934 0.121258
21757 0.119878
13234 0.116917
16001 0.116203
9239 0.115619
35439 0.114695
34439 0.114089
31947 0.114089
8969 0.114089
3852 0.114089
31301 0.113773
27796 0.113658
16233 0.1126
29923 0.112556
38776 0.110774
25659 0.110774
2376 0.110685
15873 0.108458
5719 0.108458
14318 0.106867
2310 0.106867
35525 0.10625
10511 0.10625
2069 0.10625
20071 0.10609
21903 0.106011
6924 0.105783
16394 0.104349
24505 0.104296
23439 0.104296
27439 0.104193
35220 0.104167
17917 0.103593
38010 0.102832
29464 0.102832
16047 0.102832
9280 0.102034
36278 0.101937
7099 0.101237
2837 0.0990173
37233 0.0988315
35480 0.0988315
12922 0.0987452
5435 0.0984424
18446 0.0981256
24063 0.0979167
19239 0.0975016
7051 0.0972222
556 0.0969721
30636 0.0966845
12605 0.0961538
37847 0.0935692
6111 0.0917197
27208 0.0916719
11890 0.0914033
37958 0.0892119
29140 0.0892119
25016 0.089107
6711 0.0884599
19774 0.0876517
7900 0.0876517
32374 0.0871951
416 0.0871934
13231 0.087013
17035 0.086433
1973 0.0851858
25886 0.0849931
1451 0.0849
25900 0.0842105
7536 0.0842105
828 0.0836813
10210 0.0821326
17068 0.0819142
29875 0.0815674
26961 0.0815142
432 0.0811868
1942 0.0807222
34034 0.0804619
24288 0.0803111
30897 0.0799725
34043 0.0797243
31582 0.0797243
38659 0.0791
26058 0.0791
24957 0.078305
6830 0.0778744
29237 0.0774248
36544 0.0765185
31564 0.0765185
30883 0.0765185
20230 0.0765185
6172 0.0765185
2511 0.0765185
25065 0.0751248
19952 0.0750991
6391 0.0749704
23382 0.0743132
18160 0.0743132
27863 0.073681
14181 0.0715963
3718 0.0715501
36239 0.0715499
13172 0.0714286
30425 0.0713283
32369 0.071264
24943 0.0708404
31333 0.0705742
33530 0.0702433
31714 0.0702433
19648 0.0702433
11874 0.0702433
6134 0.0702433
34544 0.0700247
21187 0.0700247
21053 0.0700247
170 0.0700247
30795 0.0699486
29902 0.0699248
37374 0.0690782
33119 0.0690782
15787 0.0689904
6518 0.0679149
2484 0.0679149
38118 0.0677498
12525 0.0677498
21548 0.0670868
14010 0.0670868
223 0.0666667
22390 0.0649925
21703 0.0640545
18435 0.0640545
4761 0.0640545
14658 0.0640271
36528 0.0637604
37898 0.0633732
34999 0.0633732
25568 0.0633732
19377 0.0633732
16723 0.0633732
12989 0.0633732
391 0.0633732
9283 0.0629617
33653 0.0629593
36796 0.0628067
24137 0.0628067
9660 0.0628067
29225 0.0627394
35553 0.0620301
33256 0.0619777
13669 0.0619777
1175 0.0619777
35643 0.0615694
10093 0.0615694
32838 0.0611303
29551 0.0609209
29020 0.060511
8615 0.060511
7511 0.060511
2424 0.060511
9196 0.0601987
2786 0.0601987
28094 0.059676
2781 0.059676
22170 0.0594357
26366 0.0593637
1131 0.0589324
349 0.0589324
33028 0.0578906
31140 0.0578906
10308 0.0578906
36918 0.0576008
34565 0.0576008
27926 0.0575864
25614 0.0575864
6979 0.0575864
13733 0.0572818
34740 0.0570575
11768 0.0569789
4385 0.0561846
35425 0.0560512
34489 0.0560512
34325 0.0560512
28403 0.0560512
16220 0.0560512
11920 0.0560512
2235 0.0560512
684 0.0560512
207 0.0560512
14286 0.0557598
3291 0.0552351
3911 0.0552193
17492 0.0550956
32544 0.0549288
25375 0.0548535
3140 0.0548535
8237 0.0545209
3413 0.0536714
17785 0.052229
11922 0.052229
36673 0.0518561
21217 0.0518561
12104 0.0518561
7145 0.0518561
25184 0.0516407
19712 0.0513917
39472 0.0507173
3541 0.0504812
35615 0.0502795
39245 0.0502169
3068 0.0502169
3030 0.0502169
26512 0.05
18421 0.05
6058 0.05
15826 0.0499088
15591 0.0499088
7807 0.0499088
30216 0.0496659
938 0.0487319
40845 0.0479177
25200 0.0479177
13867 0.0479177
6707 0.0479177
21785 0.0474574
39132 0.0474552
27768 0.0474552
25831 0.0474552
9663 0.0474552
950 0.0474552
17301 0.0472214
12671 0.0472214
32917 0.0471235
32034 0.0471235
25505 0.0471235
20933 0.0471235
36703 0.0463269
28619 0.0463269
23898 0.0463269
25433 0.0460342
25693 0.0458956
29245 0.0458211
19889 0.0458211
14006 0.0458211
13981 0.0458211
11446 0.0458211
2846 0.0458211
33518 0.0453782
16025 0.0453782
40314 0.0451236
16181 0.0451236
12177 0.0448484
39002 0.0434783
35295 0.0434783
32287 0.0429908
31289 0.0429908
26350 0.0429908
9201 0.0429908
5609 0.0429908
374 0.0429908
25367 0.0425265
18997 0.0425265
7889 0.0425265
6319 0.0425265
40764 0.0424906
40644 0.0424906
7852 0.0424906
33800 0.0423954
24972 0.0423954
6068 0.0423954
32097 0.0416667
25048 0.0416667
23285 0.0416667
16873 0.0416667
15764 0.0416667
3596 0.0416667
31450 0.041582
12110 0.041582
25791 0.0410003
23448 0.0410003
40618 0.0409979
37344 0.0404727
16703 0.0401463
31837 0.0400263
35211 0.0384615
30987 0.0384615
30900 0.0384615
24394 0.0384615
12541 0.0384615
12170 0.0384615
8617 0.0384615
40604 0.0379842
40000 0.0379842
39640 0.0379842
39361 0.0379842
35551 0.0379842
29695 0.0379842
27082 0.0379842
17106 0.0379842
15067 0.0379842
12652 0.0379842
9558 0.0379842
737 0.0379842
7076 0.0375925
3002 0.0364263
33562 0.0362349
39661 0.0358053
33108 0.0358053
32930 0.0358053
28110 0.0358053
37642 0.0357143
22676 0.0357143
19884 0.0357143
11399 0.0357143
11146 0.0357143
399 0.0357143
40228 0.0355749
29901 0.0355749
32304 0.0355748
20296 0.0355748
11304 0.0355748
8197 0.0355748
8057 0.0355748
4189 0.0355748
19253 0.0352117
15054 0.034041
13452 0.0338384
24329 0.0333333
2797 0.0333333
32536 0.0326224
21348 0.0326224
8592 0.0326224
32611 0.0325012
37305 0.0323729
16745 0.0320612
37902 0.03125
30887 0.03125
27400 0.03125
26693 0.03125
