4408 5.05543
23877 2.53556
7708 2.16908
52 2.01699
8081 1.72954
6061 1.38331
27514 1.28988
12709 1.1123
15603 1.10316
31301 1.06429
40544 1.05858
31817 0.945886
27094 0.945886
34495 0.742677
5723 0.695128
35020 0.658916
22557 0.64907
37953 0.634956
29282 0.598266
25025 0.598266
25295 0.555556
11515 0.52406
16184 0.490047
17634 0.48958
2633 0.466377
26892 0.463942
30824 0.438034
8091 0.427778
21560 0.416667
39695 0.399699
25112 0.396429
26555 0.386724
35017 0.380556
9519 0.380556
10737 0.366652
39171 0.352994
9846 0.350552
16791 0.34881
405 0.333333
40635 0.329979
12346 0.328482
4684 0.309524
37591 0.291667
26908 0.291667
22583 0.291667
2838 0.290449
10730 0.288034
14544 0.287304
34403 0.275
38625 0.268478
15024 0.266414
26044 0.254219
15610 0.254219
7707 0.254219
3739 0.254219
5691 0.252634
10117 0.25
12620 0.242745
25166 0.230409
19972 0.214165
20424 0.202381
33117 0.2
9970 0.2
13881 0.184483
26750 0.18254
28038 0.170321
21579 0.166268
15322 0.150704
16540 0.142857
22228 0.142816
40746 0.141414
40573 0.133916
18274 0.133916
23014 0.128462
22402 0.128462
289 0.128462
34737 0.125
26159 0.125
23843 0.125
21475 0.125
18428 0.125
14528 0.125
13646 0.125
12780 0.125
7722 0.125
5080 0.125
2659 0.125
1325 0.125
1267 0.125
518 0.125
14692 0.117288
5693 0.117288
38638 0.11527
36623 0.11527
3276 0.11527
590 0.11527
34719 0.111111
30998 0.111111
19620 0.111111
11719 0.111111
6096 0.111078
37777 0.1
20075 0.1
784 0.1
37797 0.0967538
31409 0.0909091
30307 0.0909091
9978 0.0909091
8532 0.0909091
24678 0.0833333
18198 0.0833333
18140 0.0833333
35875 0.0769231
33774 0.0769231
24556 0.0769231
22778 0.0769231
1638 0.0769231
34825 0.0714286
33893 0.0714286
23813 0.0714286
16553 0.0714286
4822 0.0714286
38198 0.0666667
30533 0.0666667
29251 0.0666667
24819 0.0666667
23452 0.0666667
22179 0.0666667
16764 0.0666667
14873 0.0666667
13631 0.0666667
9655 0.0666667
6889 0.0666667
36622 0.0659333
35320 0.0659333
34244 0.0659333
32277 0.0659333
25084 0.0659333
25078 0.0659333
23309 0.0659333
17297 0.0659333
6242 0.0659333
5100 0.0659333
40205 0.0555556
30494 0.0555556
29741 0.0555556
26923 0.0555556
19185 0.0555556
19047 0.0555556
17726 0.0555556
7691 0.0555556
6454 0.0555556
3567 0.0555556
363 0.0555556
40759 0.0526316
32702 0.0526316
19007 0.0526316
14923 0.0526316
27847 0.05
25349 0.05
3509 0.05
38967 0.047619
34883 0.047619
30122 0.047619
25057 0.047619
20959 0.047619
10073 0.047619
7343 0.047619
3936 0.047619
186 0.047619
39495 0.0454545
3976 0.0454545
32760 0.0434783
29154 0.0434783
29059 0.0434783
18937 0.0434783
16833 0.0434783
16346 0.0434783
12221 0.0434783
10122 0.0434783
4928 0.0434783
32518 0.0416667
29176 0.0416667
6815 0.0416667
919 0.0416667
32546 0.04
28444 0.04
9413 0.04
6256 0.04
40017 0.0384615
31340 0.0384615
27844 0.0384615
15292 0.0384615
5663 0.0384615
39614 0.0344828
37221 0.0344828
32885 0.0344828
25634 0.0344828
25584 0.0344828
23211 0.0344828
23154 0.0344828
20008 0.0344828
18788 0.0344828
17083 0.0344828
12466 0.0344828
9442 0.0344828
8662 0.0344828
7729 0.0344828
6123 0.0344828
2249 0.0344828
1204 0.0344828
38502 0.030303
38435 0.030303
36942 0.030303
36023 0.030303
31127 0.030303
30418 0.030303
16092 0.030303
12889 0.030303
10658 0.030303
7213 0.030303
6100 0.030303
4785 0.030303
39129 0.0294118
37952 0.0294118
36035 0.0294118
34818 0.0294118
32147 0.0294118
31173 0.0294118
29518 0.0294118
27364 0.0294118
26626 0.0294118
25054 0.0294118
23348 0.0294118
16853 0.0294118
16578 0.0294118
6731 0.0294118
6176 0.0294118
4878 0.0294118
1480 0.0294118
40424 0.0238095
39527 0.0238095
30966 0.0238095
28827 0.0238095
28323 0.0238095
19831 0.0238095
18890 0.0238095
14630 0.0238095
13419 0.0238095
11957 0.0238095
10261 0.0238095
9105 0.0238095
8508 0.0238095
7360 0.0238095
3209 0.0238095
3101 0.0238095
2509 0.0238095
490 0.0238095
36221 0.0232558
35682 0.0232558
34880 0.0232558
32789 0.0232558
26647 0.0232558
22413 0.0232558
21196 0.0232558
19342 0.0232558
15862 0.0232558
12217 0.0232558
11658 0.0232558
9704 0.0232558
8054 0.0232558
7009 0.0232558
6644 0.0232558
4489 0.0232558
3158 0.0232558
3112 0.0232558
3075 0.0232558
1724 0.0232558
1159 0.0232558
805 0.0232558
263 0.0232558
40487 0.0188679
39882 0.0188679
38636 0.0188679
37711 0.0188679
37081 0.0188679
36039 0.0188679
34028 0.0188679
32763 0.0188679
32089 0.0188679
31601 0.0188679
29924 0.0188679
28766 0.0188679
27028 0.0188679
26808 0.0188679
26508 0.0188679
26499 0.0188679
22474 0.0188679
17999 0.0188679
16945 0.0188679
13424 0.0188679
11535 0.0188679
10953 0.0188679
10423 0.0188679
9332 0.0188679
8580 0.0188679
6379 0.0188679
5066 0.0188679
4406 0.0188679
2974 0.0188679
738 0.0188679
379 0.0188679
40980 0
40979 0
40978 0
40977 0
40976 0
40975 0
40974 0
40973 0
40972 0
40971 0
40970 0
40969 0
40968 0
40967 0
40966 0
40965 0
40964 0
40963 0
40962 0
40961 0
40960 0
40959 0
40958 0
40957 0
40956 0
40955 0
40954 0
40953 0
40952 0
40951 0
40950 0
40949 0
40948 0
40947 0
40946 0
40945 0
40944 0
40943 0
40942 0
40941 0
40940 0
40939 0
40938 0
40937 0
40936 0
40935 0
40934 0
40933 0
40932 0
40931 0
40930 0
40929 0
40928 0
40927 0
40926 0
40925 0
40924 0
40923 0
40922 0
40921 0
40920 0
40919 0
40918 0
40917 0
40916 0
40915 0
40914 0
40913 0
40912 0
40911 0
40910 0
40909 0
40908 0
40907 0
40906 0
40905 0
40904 0
40903 0
40902 0
40901 0
40900 0
40899 0
40898 0
40897 0
40896 0
40895 0
40894 0
40893 0
40892 0
40891 0
40890 0
40889 0
40888 0
40887 0
40886 0
40885 0
40884 0
40883 0
40882 0
40881 0
40880 0
40879 0
40878 0
40877 0
40876 0
40875 0
40874 0
40873 0
40872 0
40871 0
40870 0
40869 0
40868 0
40867 0
40866 0
40865 0
40864 0
40863 0
40862 0
40861 0
40860 0
40859 0
40858 0
40857 0
40856 0
40855 0
40854 0
40853 0
40852 0
40851 0
40850 0
40849 0
40848 0
40847 0
40846 0
40845 0
40844 0
40843 0
40842 0
40841 0
40840 0
40839 0
40838 0
40837 0
40836 0
40835 0
40834 0
40833 0
40832 0
40831 0
40830 0
40829 0
40828 0
40827 0
40826 0
40825 0
40824 0
40823 0
40822 0
40821 0
40820 0
40819 0
40818 0
40817 0
40816 0
40815 0
40814 0
40813 0
40812 0
40811 0
40810 0
40809 0
40808 0
40807 0
40806 0
40805 0
40804 0
40803 0
40802 0
40801 0
40800 0
40799 0
40798 0
40797 0
40796 0
40795 0
40794 0
40793 0
