20167 5.08731
1955 3.29447
32488 2.32027
38742 2.14765
30668 2.12112
39379 2.06469
32979 1.97792
12327 1.28333
10026 1.28168
30906 1.20414
19723 1.20414
28828 0.940476
9499 0.916667
13346 0.903604
29854 0.876623
2564 0.816124
13574 0.814719
18524 0.785256
36997 0.75
34678 0.729701
6181 0.72619
20294 0.688346
39973 0.67316
21178 0.623286
24374 0.622707
39351 0.592695
2057 0.590909
16400 0.561111
23694 0.541667
29699 0.527778
18328 0.47619
33958 0.472222
12560 0.458333
15759 0.45
34365 0.424242
32893 0.416667
25111 0.405357
3895 0.404762
1975 0.402778
38430 0.399733
21034 0.395833
38890 0.392857
19022 0.392857
8139 0.386447
31486 0.374242
20728 0.34359
34768 0.333333
14639 0.333333
32938 0.330409
36813 0.324675
32774 0.319444
24453 0.319444
22359 0.28799
7200 0.285256
35756 0.278822
29708 0.278409
23943 0.272727
19075 0.264423
35146 0.262338
33478 0.25
31329 0.25
21398 0.25
18813 0.25
17376 0.25
13530 0.25
3237 0.25
23548 0.2
17721 0.2
40883 0.166667
37246 0.166667
31255 0.166667
29080 0.166667
22792 0.166667
19032 0.166667
17752 0.166667
9973 0.166667
9015 0.166667
6236 0.166667
3981 0.166667
162 0.166667
40494 0.142857
30534 0.142857
30469 0.142857
15174 0.142857
5380 0.142857
35587 0.125
30568 0.125
22117 0.125
19464 0.125
19378 0.125
18750 0.125
13753 0.125
3869 0.125
34433 0.111111
24414 0.111111
20524 0.111111
11843 0.111111
9665 0.111111
3026 0.111111
2647 0.111111
226 0.111111
34251 0.1
16269 0.1
5462 0.1
36815 0.0909091
32065 0.0909091
29609 0.0909091
19370 0.0909091
15796 0.0909091
40767 0.0833333
38465 0.0833333
36756 0.0833333
35092 0.0833333
33852 0.0833333
32146 0.0833333
28310 0.0833333
27156 0.0833333
25283 0.0833333
23724 0.0833333
22065 0.0833333
19492 0.0833333
14791 0.0833333
6184 0.0833333
5993 0.0833333
3390 0.0833333
855 0.0833333
31001 0.0769231
27799 0.0769231
25461 0.0769231
13664 0.0769231
13359 0.0769231
6708 0.0769231
39800 0.0714286
24271 0.0714286
3813 0.0714286
35335 0.0625
30793 0.0625
22093 0.0625
16059 0.0625
15688 0.0625
8246 0.0625
8001 0.0625
6608 0.0625
4116 0.0625
1401 0.0625
33185 0.0588235
24812 0.0588235
24272 0.0588235
22594 0.0588235
21911 0.0588235
17687 0.0588235
14984 0.0588235
9586 0.0588235
2331 0.0588235
11 0.0588235
39933 0.0526316
32618 0.0526316
22261 0.0526316
19008 0.0526316
16774 0.0526316
14482 0.0526316
13650 0.0526316
8173 0.0526316
40980 0
40979 0
40978 0
40977 0
40976 0
40975 0
40974 0
40973 0
40972 0
40971 0
40970 0
40969 0
40968 0
40967 0
40966 0
40965 0
40964 0
40963 0
40962 0
40961 0
40960 0
40959 0
40958 0
40957 0
40956 0
40955 0
40954 0
40953 0
40952 0
40951 0
40950 0
40949 0
40948 0
40947 0
40946 0
40945 0
40944 0
40943 0
40942 0
40941 0
40940 0
40939 0
40938 0
40937 0
40936 0
40935 0
40934 0
40933 0
40932 0
40931 0
40930 0
40929 0
40928 0
40927 0
40926 0
40925 0
40924 0
40923 0
40922 0
40921 0
40920 0
40919 0
40918 0
40917 0
40916 0
40915 0
40914 0
40913 0
40912 0
40911 0
40910 0
40909 0
40908 0
40907 0
40906 0
40905 0
40904 0
40903 0
40902 0
40901 0
40900 0
40899 0
40898 0
40897 0
40896 0
40895 0
40894 0
40893 0
40892 0
40891 0
40890 0
40889 0
40888 0
40887 0
40886 0
40885 0
40884 0
40882 0
40881 0
40880 0
40879 0
40878 0
40877 0
40876 0
40875 0
40874 0
40873 0
40872 0
40871 0
40870 0
40869 0
40868 0
40867 0
40866 0
40865 0
40864 0
40863 0
40862 0
40861 0
40860 0
40859 0
40858 0
40857 0
40856 0
40855 0
40854 0
40853 0
40852 0
40851 0
40850 0
40849 0
40848 0
40847 0
40846 0
40845 0
40844 0
40843 0
40842 0
40841 0
40840 0
40839 0
40838 0
40837 0
40836 0
40835 0
40834 0
40833 0
40832 0
40831 0
40830 0
40829 0
40828 0
40827 0
40826 0
40825 0
40824 0
40823 0
40822 0
40821 0
40820 0
40819 0
40818 0
40817 0
40816 0
40815 0
40814 0
40813 0
40812 0
40811 0
40810 0
40809 0
40808 0
40807 0
40806 0
40805 0
40804 0
40803 0
40802 0
40801 0
40800 0
40799 0
40798 0
40797 0
40796 0
40795 0
40794 0
40793 0
40792 0
40791 0
40790 0
40789 0
40788 0
40787 0
40786 0
40785 0
40784 0
40783 0
40782 0
40781 0
40780 0
40779 0
40778 0
40777 0
40776 0
40775 0
40774 0
40773 0
40772 0
40771 0
40770 0
40769 0
40768 0
40766 0
40765 0
40764 0
40763 0
40762 0
40761 0
40760 0
40759 0
40758 0
40757 0
40756 0
40755 0
40754 0
40753 0
40752 0
40751 0
40750 0
40749 0
40748 0
40747 0
40746 0
40745 0
40744 0
40743 0
40742 0
40741 0
40740 0
40739 0
40738 0
40737 0
40736 0
40735 0
40734 0
40733 0
40732 0
40731 0
40730 0
40729 0
40728 0
40727 0
40726 0
40725 0
40724 0
40723 0
40722 0
40721 0
40720 0
40719 0
40718 0
40717 0
40716 0
40715 0
40714 0
40713 0
40712 0
40711 0
40710 0
40709 0
40708 0
40707 0
40706 0
40705 0
40704 0
40703 0
40702 0
40701 0
40700 0
40699 0
40698 0
40697 0
40696 0
40695 0
40694 0
40693 0
40692 0
40691 0
40690 0
40689 0
40688 0
40687 0
40686 0
40685 0
40684 0
40683 0
40682 0
40681 0
40680 0
40679 0
40678 0
40677 0
40676 0
40675 0
40674 0
40673 0
40672 0
40671 0
40670 0
40669 0
40668 0
40667 0
40666 0
40665 0
40664 0
40663 0
40662 0
40661 0
40660 0
40659 0
40658 0
40657 0
40656 0
40655 0
40654 0
40653 0
40652 0
40651 0
40650 0
40649 0
40648 0
40647 0
40646 0
40645 0
40644 0
40643 0
40642 0
