24825 3.56964
2295 1.88395
18777 1.37619
24054 1.20322
31894 0.949906
4847 0.917247
35462 0.913523
9386 0.860897
9316 0.764201
78 0.655343
28132 0.652771
31354 0.590981
39102 0.545778
35691 0.545778
23746 0.545778
14331 0.496361
13043 0.477778
9862 0.463011
31142 0.376812
23906 0.369298
17264 0.344758
38609 0.333333
29546 0.333333
20100 0.3308
11054 0.328996
21435 0.324542
7373 0.286924
37682 0.285782
26087 0.285782
21141 0.285782
20204 0.285782
18650 0.285782
17525 0.285782
16043 0.285782
8861 0.285782
4922 0.285782
4417 0.285782
283 0.283217
33360 0.273256
39301 0.254579
3472 0.241057
31509 0.222734
21911 0.222734
19032 0.200505
8369 0.200505
17609 0.2
15615 0.2
14509 0.2
3410 0.2
243 0.2
19094 0.196277
34367 0.166667
19117 0.166667
2335 0.166667
38166 0.166625
36963 0.148754
36473 0.148754
33415 0.148754
32661 0.148754
32494 0.148754
32383 0.148754
31887 0.148754
14379 0.148754
12054 0.148754
9540 0.148754
2483 0.148754
1068 0.148754
32153 0.142857
17511 0.142857
17433 0.142857
11781 0.142857
9773 0.142857
5151 0.142857
4983 0.142857
939 0.142857
715 0.142857
347 0.142857
35309 0.140156
11288 0.140156
39952 0.125
35124 0.125
19841 0.125
7195 0.125
2245 0.125
2592 0.109914
33899 0.0932326
34626 0.0769231
33934 0.0769231
8052 0.0769231
40752 0.0666667
29196 0.0666667
25437 0.0666667
18177 0.0666667
13946 0.0666667
9566 0.0666667
18328 0.0625
15599 0.0625
15045 0.0625
7901 0.0625
39896 0.0592926
30689 0.0592926
25998 0.0592926
24048 0.0592926
17475 0.0592926
17407 0.0592926
17208 0.0592926
11782 0.0592926
40582 0.0569721
40191 0.0569721
37372 0.0569721
37184 0.0569721
36878 0.0569721
34349 0.0569721
33362 0.0569721
23555 0.0569721
22785 0.0569721
17770 0.0569721
17175 0.0569721
14726 0.0569721
14166 0.0569721
10751 0.0569721
4988 0.0569721
4724 0.0569721
4138 0.0569721
13265 0.0526316
7725 0.0526316
7335 0.0526316
13564 0.05
1235 0.05
38906 0.047619
28028 0.047619
25780 0.047619
25668 0.047619
24121 0.047619
19288 0.047619
16968 0.047619
16789 0.047619
14004 0.047619
2647 0.047619
38970 0.0322581
37935 0.0322581
35835 0.0322581
32214 0.0322581
25337 0.0322581
24812 0.0322581
23696 0.0322581
22879 0.0322581
22458 0.0322581
15400 0.0322581
11923 0.0322581
9665 0.0322581
8731 0.0322581
8277 0.0322581
6753 0.0322581
3406 0.0322581
3357 0.0322581
1819 0.0322581
36157 0.027027
33403 0.027027
29276 0.027027
15600 0.027027
4868 0.027027
38417 0.0232558
27745 0.0232558
33963 0.0227273
33217 0.0227273
8672 0.0227273
1975 0.0227273
35369 0.0212766
26611 0.0212766
25605 0.0212766
23570 0.0212766
18932 0.0212766
14853 0.0212766
12721 0.0212766
11392 0.0212766
1119 0.0212766
40677 0.010989
40192 0.010989
40137 0.010989
37128 0.010989
36663 0.010989
35562 0.010989
35392 0.010989
35273 0.010989
30212 0.010989
29103 0.010989
28270 0.010989
26604 0.010989
24106 0.010989
23609 0.010989
22345 0.010989
21630 0.010989
17415 0.010989
16964 0.010989
14324 0.010989
10360 0.010989
10273 0.010989
7786 0.010989
7228 0.010989
4129 0.010989
2729 0.010989
2238 0.010989
40980 0
40979 0
40978 0
40977 0
40976 0
40975 0
40974 0
40973 0
40972 0
40971 0
40970 0
40969 0
40968 0
40967 0
40966 0
40965 0
40964 0
40963 0
40962 0
40961 0
40960 0
40959 0
40958 0
40957 0
40956 0
40955 0
40954 0
40953 0
40952 0
40951 0
40950 0
40949 0
40948 0
40947 0
40946 0
40945 0
40944 0
40943 0
40942 0
40941 0
40940 0
40939 0
40938 0
40937 0
40936 0
40935 0
40934 0
40933 0
40932 0
40931 0
40930 0
40929 0
40928 0
40927 0
40926 0
40925 0
40924 0
40923 0
40922 0
40921 0
40920 0
40919 0
40918 0
40917 0
40916 0
40915 0
40914 0
40913 0
40912 0
40911 0
40910 0
40909 0
40908 0
40907 0
40906 0
40905 0
40904 0
40903 0
40902 0
40901 0
40900 0
40899 0
40898 0
40897 0
40896 0
40895 0
40894 0
40893 0
40892 0
40891 0
40890 0
40889 0
40888 0
40887 0
40886 0
40885 0
40884 0
40883 0
40882 0
40881 0
40880 0
40879 0
40878 0
40877 0
40876 0
40875 0
40874 0
40873 0
40872 0
40871 0
40870 0
40869 0
40868 0
40867 0
40866 0
40865 0
40864 0
40863 0
40862 0
40861 0
40860 0
40859 0
40858 0
40857 0
40856 0
40855 0
40854 0
40853 0
40852 0
40851 0
40850 0
40849 0
40848 0
40847 0
40846 0
40845 0
40844 0
40843 0
40842 0
40841 0
40840 0
40839 0
40838 0
40837 0
40836 0
40835 0
40834 0
40833 0
40832 0
40831 0
40830 0
40829 0
40828 0
40827 0
40826 0
40825 0
40824 0
40823 0
40822 0
40821 0
40820 0
40819 0
40818 0
40817 0
40816 0
40815 0
40814 0
40813 0
40812 0
40811 0
40810 0
40809 0
40808 0
40807 0
40806 0
40805 0
40804 0
40803 0
40802 0
40801 0
40800 0
40799 0
40798 0
40797 0
40796 0
40795 0
40794 0
40793 0
40792 0
40791 0
40790 0
40789 0
40788 0
40787 0
40786 0
40785 0
40784 0
40783 0
40782 0
40781 0
40780 0
40779 0
40778 0
40777 0
40776 0
40775 0
40774 0
40773 0
40772 0
40771 0
40770 0
40769 0
40768 0
40767 0
40766 0
40765 0
40764 0
40763 0
40762 0
40761 0
40760 0
40759 0
40758 0
40757 0
40756 0
40755 0
40754 0
40753 0
40751 0
40750 0
40749 0
40748 0
40747 0
40746 0
40745 0
40744 0
40743 0
40742 0
40741 0
40740 0
40739 0
40738 0
40737 0
40736 0
40735 0
40734 0
40733 0
40732 0
40731 0
40730 0
40729 0
40728 0
40727 0
40726 0
40725 0
40724 0
40723 0
40722 0
40721 0
40720 0
40719 0
40718 0
40717 0
40716 0
40715 0
40714 0
40713 0
40712 0
40711 0
40710 0
40709 0
40708 0
40707 0
40706 0
40705 0
40704 0
40703 0
40702 0
40701 0
40700 0
40699 0
40698 0
40697 0
40696 0
40695 0
40694 0
40693 0
40692 0
40691 0
40690 0
40689 0
40688 0
40687 0
40686 0
40685 0
40684 0
40683 0
