9665 4.81127
23696 3.99861
10923 3.85354
31301 3.18028
21911 1.68892
22594 1.59066
37935 1.04252
8672 0.833484
16576 0.780142
34167 0.721153
24414 0.721153
19032 0.583333
22879 0.538761
9561 0.538761
1642 0.538761
32732 0.526193
10737 0.517308
14430 0.454837
28105 0.45
31051 0.436731
32885 0.436081
18798 0.390475
6255 0.380376
2647 0.380376
939 0.364925
17202 0.363567
27945 0.354728
13200 0.354728
3308 0.354728
2840 0.340683
37169 0.333333
15400 0.329604
24667 0.29243
28883 0.269645
27799 0.267857
21005 0.25
10634 0.25
39242 0.229413
25287 0.229413
5214 0.206072
15411 0.205702
1313 0.205702
37151 0.2
30096 0.166667
21075 0.166667
20392 0.166667
9466 0.166667
7866 0.166667
17687 0.161473
26982 0.159945
12209 0.15671
5693 0.152681
17634 0.14942
35696 0.142857
5774 0.142857
34311 0.126622
31509 0.126622
24825 0.126622
20273 0.126622
40369 0.125038
26183 0.125038
38906 0.125
28345 0.125
25155 0.125
16789 0.125
16677 0.125
35339 0.120872
22036 0.120872
2289 0.11453
36128 0.111111
17958 0.111111
808 0.111111
27514 0.109917
18144 0.101316
17438 0.1
9164 0.1
23724 0.0958874
39235 0.0916888
12197 0.0845722
10069 0.0845722
40796 0.0833333
30141 0.0833333
18520 0.0833333
15781 0.0833333
14748 0.0833333
38999 0.0825476
19120 0.0825476
5485 0.0825476
35835 0.0779425
25804 0.0779425
24812 0.0779425
22061 0.0779425
15599 0.0779425
29143 0.0769231
20320 0.0769231
8027 0.0769231
6262 0.0769231
38970 0.074352
25337 0.074352
21324 0.074352
14378 0.074352
10581 0.074352
37237 0.0666667
35512 0.0666667
18976 0.0666667
12402 0.0666667
5748 0.0666667
1091 0.0666667
34433 0.0638971
33185 0.0638971
27963 0.0638971
17715 0.0638971
38379 0.0625
8377 0.0625
40582 0.0534475
39695 0.0534475
39102 0.0534475
37682 0.0534475
37372 0.0534475
37184 0.0534475
36963 0.0534475
36878 0.0534475
36473 0.0534475
35691 0.0534475
35369 0.0534475
33362 0.0534475
32661 0.0534475
32494 0.0534475
32383 0.0534475
31894 0.0534475
31887 0.0534475
27025 0.0534475
26087 0.0534475
24106 0.0534475
23555 0.0534475
22785 0.0534475
21141 0.0534475
20204 0.0534475
18650 0.0534475
17770 0.0534475
17525 0.0534475
17175 0.0534475
16043 0.0534475
14726 0.0534475
14166 0.0534475
12054 0.0534475
11054 0.0534475
10751 0.0534475
9862 0.0534475
9540 0.0534475
9386 0.0534475
8861 0.0534475
8068 0.0534475
4922 0.0534475
4417 0.0534475
2483 0.0534475
1068 0.0534475
34737 0.0489036
29401 0.0489036
24382 0.0489036
23154 0.0489036
20489 0.0489036
20229 0.0489036
18274 0.0489036
17075 0.0489036
13432 0.0489036
13309 0.0489036
10731 0.0489036
8867 0.0489036
6096 0.0489036
5663 0.0489036
5153 0.0489036
186 0.0489036
52 0.0489036
39418 0.047619
38720 0.047619
34459 0.047619
34300 0.047619
33991 0.047619
29581 0.047619
27391 0.047619
25323 0.047619
14443 0.047619
14285 0.047619
9726 0.047619
29254 0.0403279
7691 0.0403279
27895 0.0392555
23043 0.0392555
18788 0.0392555
15484 0.0392555
5141 0.0392555
401 0.0392555
40883 0.0384615
39734 0.0384615
38486 0.0384615
24509 0.0384615
20856 0.0384615
19730 0.0384615
5503 0.0384615
5174 0.0384615
39848 0.0344828
38989 0.0344828
24213 0.0344828
21939 0.0344828
19926 0.0344828
9930 0.0344828
9775 0.0344828
5362 0.0344828
38897 0.0333333
32556 0.0333333
32046 0.0333333
31668 0.0333333
31028 0.0333333
13113 0.0333333
8403 0.0333333
6730 0.0333333
33078 0.0304677
10073 0.0304677
3447 0.0304677
34801 0.0301425
33304 0.0301425
36057 0.0289165
32662 0.0289165
29063 0.0289165
23631 0.0289165
10427 0.0289165
9704 0.0289165
9502 0.0289165
9455 0.0289165
8731 0.0289165
3406 0.0289165
38007 0.0285714
37977 0.0285714
5322 0.0285714
4648 0.0285714
40137 0.0269905
9035 0.0269905
4138 0.0269905
32229 0.025641
21629 0.025641
16034 0.025641
13043 0.025641
12369 0.025641
8465 0.025641
2633 0.025641
878 0.025641
22402 0.0222222
14975 0.0222222
7708 0.0222222
6191 0.0222222
3184 0.0222222
36757 0.0192943
33137 0.0192943
30480 0.0192943
25750 0.0192943
22674 0.0192943
22624 0.0192943
18328 0.0192943
16517 0.0192943
13735 0.0192943
11782 0.0192943
10273 0.0192943
9773 0.0192943
5198 0.0192943
5151 0.0192943
5100 0.0192943
4724 0.0192943
2592 0.0192943
1456 0.0192943
363 0.0192943
39791 0.0178571
39661 0.0178571
35734 0.0178571
33108 0.0178571
33052 0.0178571
32620 0.0178571
30793 0.0178571
28110 0.0178571
27926 0.0178571
27811 0.0178571
25339 0.0178571
25179 0.0178571
24678 0.0178571
23843 0.0178571
22711 0.0178571
21861 0.0178571
19511 0.0178571
17312 0.0178571
15225 0.0178571
13916 0.0178571
6654 0.0178571
5373 0.0178571
3494 0.0178571
2885 0.0178571
33403 0.0136986
27886 0.0136986
40915 0.0116279
39459 0.0116279
37509 0.0116279
34628 0.0116279
33485 0.0116279
32810 0.0116279
32367 0.0116279
32090 0.0116279
31286 0.0116279
30997 0.0116279
28953 0.0116279
28238 0.0116279
26428 0.0116279
18950 0.0116279
18457 0.0116279
17906 0.0116279
16639 0.0116279
15501 0.0116279
15390 0.0116279
13731 0.0116279
10906 0.0116279
6415 0.0116279
6154 0.0116279
4705 0.0116279
1957 0.0116279
1043 0.0116279
530 0.0116279
31354 0.0113636
25813 0.0113636
20858 0.0113636
16823 0.0113636
15263 0.0113636
6644 0.0113636
3431 0.0113636
40970 0.0107527
40750 0.0107527
40428 0.0107527
40189 0.0107527
38683 0.0107527
38094 0.0107527
36794 0.0107527
34640 0.0107527
33517 0.0107527
33053 0.0107527
32214 0.0107527
31715 0.0107527
31041 0.0107527
30347 0.0107527
28838 0.0107527
28729 0.0107527
27452 0.0107527
27075 0.0107527
26878 0.0107527
24214 0.0107527
21274 0.0107527
19210 0.0107527
18410 0.0107527
16749 0.0107527
13990 0.0107527
11923 0.0107527
11283 0.0107527
8087 0.0107527
7433 0.0107527
6894 0.0107527
6753 0.0107527
5372 0.0107527
2898 0.0107527
2320 0.0107527
38417 0.00909091
38316 0.00909091
38209 0.00909091
37128 0.00909091
35565 0.00909091
35188 0.00909091
34349 0.00909091
33360 0.00909091
31345 0.00909091
28455 0.00909091
27745 0.00909091
25998 0.00909091
23570 0.00909091
23380 0.00909091
21233 0.00909091
19147 0.00909091
19106 0.00909091
15045 0.00909091
14819 0.00909091
14331 0.00909091
13624 0.00909091
13482 0.00909091
10527 0.00909091
10360 0.00909091
7786 0.00909091
5969 0.00909091
39896 0.00735294
39086 0.00735294
37805 0.00735294
37313 0.00735294
36663 0.00735294
36168 0.00735294
36033 0.00735294
34605 0.00735294
32628 0.00735294
26892 0.00735294
26226 0.00735294
24464 0.00735294
23609 0.00735294
16601 0.00735294
16425 0.00735294
15764 0.00735294
15453 0.00735294
14645 0.00735294
13763 0.00735294
13708 0.00735294
13672 0.00735294
13028 0.00735294
12075 0.00735294
11086 0.00735294
10686 0.00735294
10072 0.00735294
8708 0.00735294
8052 0.00735294
7392 0.00735294
5257 0.00735294
4576 0.00735294
4290 0.00735294
3740 0.00735294
3379 0.00735294
2729 0.00735294
2283 0.00735294
1017 0.00735294
836 0.00735294
40677 0.00653595
39434 0.00653595
35159 0.00653595
34638 0.00653595
34478 0.00653595
33415 0.00653595
32509 0.00653595
32277 0.00653595
31130 0.00653595
28974 0.00653595
28132 0.00653595
24475 0.00653595
23733 0.00653595
21066 0.00653595
19198 0.00653595
17346 0.00653595
17058 0.00653595
16791 0.00653595
16741 0.00653595
14379 0.00653595
8508 0.00653595
5358 0.00653595
4408 0.00653595
4129 0.00653595
2282 0.00653595
1769 0.00653595
1341 0.00653595
738 0.00653595
272 0.00653595
39048 0.00540541
38625 0.00540541
37420 0.00540541
37254 0.00540541
36211 0.00540541
35385 0.00540541
34193 0.00540541
33121 0.00540541
33069 0.00540541
32760 0.00540541
32758 0.00540541
32518 0.00540541
32202 0.00540541
30972 0.00540541
30083 0.00540541
29155 0.00540541
28891 0.00540541
28444 0.00540541
28305 0.00540541
27585 0.00540541
25652 0.00540541
24030 0.00540541
23147 0.00540541
23014 0.00540541
22228 0.00540541
21670 0.00540541
21554 0.00540541
21183 0.00540541
20870 0.00540541
20008 0.00540541
19307 0.00540541
19099 0.00540541
17725 0.00540541
17337 0.00540541
17083 0.00540541
16835 0.00540541
16597 0.00540541
14833 0.00540541
14699 0.00540541
14543 0.00540541
13983 0.00540541
13895 0.00540541
