8088 2.87984
23843 2.33249
29401 2.18168
12823 1.98071
23659 1.76799
15151 1.34548
37347 1.02371
4998 0.963791
9876 0.928788
27082 0.879955
797 0.81089
20250 0.733333
30612 0.641109
28100 0.616799
40000 0.599462
7499 0.5991
40716 0.594628
1441 0.591858
28500 0.579833
15118 0.579833
19419 0.575
18463 0.527283
4235 0.521429
39 0.521429
34758 0.421277
18826 0.408333
16494 0.408333
40778 0.403704
39228 0.401923
33819 0.382796
33798 0.333333
24785 0.333333
16395 0.333333
3265 0.333333
109 0.333333
15067 0.330891
40461 0.328788
39640 0.306128
39627 0.282965
34537 0.282965
25202 0.282965
23110 0.282965
4412 0.282965
3603 0.275245
8452 0.262037
4695 0.257258
17685 0.253788
39383 0.25
36113 0.25
32039 0.25
27486 0.25
13309 0.25
12915 0.25
12603 0.25
10709 0.25
10210 0.25
8595 0.25
6303 0.25
5317 0.246277
4060 0.246277
39732 0.219338
40562 0.2
36921 0.2
35460 0.2
35351 0.2
21920 0.2
15609 0.2
6239 0.2
28601 0.192705
16390 0.191799
6682 0.176385
4562 0.176385
18428 0.169628
6244 0.169628
40326 0.166667
18089 0.166667
8672 0.166667
16638 0.149674
34737 0.142857
26069 0.142857
15105 0.142857
14607 0.142857
38535 0.125
32347 0.125
28101 0.125
22546 0.125
17619 0.125
12618 0.125
28928 0.124084
13370 0.124084
9287 0.124084
1218 0.124084
27040 0.1
24404 0.1
21854 0.1
6862 0.1
35080 0.0909091
39620 0.0841014
39085 0.0841014
37819 0.0841014
37064 0.0841014
36725 0.0841014
34438 0.0841014
32403 0.0841014
25507 0.0841014
23120 0.0841014
17810 0.0841014
15869 0.0841014
11591 0.0841014
10234 0.0841014
38350 0.0833333
34952 0.0833333
36588 0.0769231
30163 0.0769231
25766 0.0769231
20401 0.0769231
17664 0.0769231
14082 0.0769231
8744 0.0769231
38596 0.0744427
37691 0.0744427
26460 0.0744427
5176 0.0744427
4306 0.0744427
3495 0.0744427
37055 0.0714286
35482 0.0714286
23087 0.0714286
34155 0.0625
32785 0.0625
22327 0.0454545
13903 0.0454545
13880 0.0454545
5818 0.0454545
37701 0.037037
17106 0.037037
16539 0.037037
13740 0.037037
40271 0.0357143
20964 0.0357143
15469 0.0357143
36217 0.0322581
11889 0.0322581
38986 0.0212766
38848 0.0212766
37135 0.0212766
36284 0.0212766
34312 0.0212766
33313 0.0212766
30621 0.0212766
25259 0.0212766
24560 0.0212766
23501 0.0212766
22385 0.0212766
21283 0.0212766
17915 0.0212766
17735 0.0212766
10473 0.0212766
9739 0.0212766
9652 0.0212766
4974 0.0212766
818 0.0212766
40094 0.016129
38969 0.016129
37462 0.016129
36858 0.016129
36804 0.016129
31897 0.016129
31683 0.016129
24457 0.016129
23003 0.016129
21776 0.016129
20682 0.016129
20610 0.016129
14401 0.016129
14053 0.016129
12652 0.016129
10789 0.016129
8418 0.016129
6756 0.016129
6725 0.016129
4618 0.016129
1799 0.016129
40980 0
40979 0
40978 0
40977 0
40976 0
40975 0
40974 0
40973 0
40972 0
40971 0
40970 0
40969 0
40968 0
40967 0
40966 0
40965 0
40964 0
40963 0
40962 0
40961 0
40960 0
40959 0
40958 0
40957 0
40956 0
40955 0
40954 0
40953 0
40952 0
40951 0
40950 0
40949 0
40948 0
40947 0
40946 0
40945 0
40944 0
40943 0
40942 0
40941 0
40940 0
40939 0
40938 0
40937 0
40936 0
40935 0
40934 0
40933 0
40932 0
40931 0
40930 0
40929 0
40928 0
40927 0
40926 0
40925 0
40924 0
40923 0
40922 0
40921 0
40920 0
40919 0
40918 0
40917 0
40916 0
40915 0
40914 0
40913 0
40912 0
40911 0
40910 0
40909 0
40908 0
40907 0
40906 0
40905 0
40904 0
40903 0
40902 0
40901 0
40900 0
40899 0
40898 0
40897 0
40896 0
40895 0
40894 0
40893 0
40892 0
40891 0
40890 0
40889 0
40888 0
40887 0
40886 0
40885 0
40884 0
40883 0
40882 0
40881 0
40880 0
40879 0
40878 0
40877 0
40876 0
40875 0
40874 0
40873 0
40872 0
40871 0
40870 0
40869 0
40868 0
40867 0
40866 0
40865 0
40864 0
40863 0
40862 0
40861 0
40860 0
40859 0
40858 0
40857 0
40856 0
40855 0
40854 0
40853 0
40852 0
40851 0
40850 0
40849 0
40848 0
40847 0
40846 0
40845 0
40844 0
40843 0
40842 0
40841 0
40840 0
40839 0
40838 0
40837 0
40836 0
40835 0
40834 0
40833 0
40832 0
40831 0
40830 0
40829 0
40828 0
40827 0
40826 0
40825 0
40824 0
40823 0
40822 0
40821 0
40820 0
40819 0
40818 0
40817 0
40816 0
40815 0
40814 0
40813 0
40812 0
40811 0
40810 0
40809 0
40808 0
40807 0
40806 0
40805 0
40804 0
40803 0
40802 0
40801 0
40800 0
40799 0
40798 0
40797 0
40796 0
40795 0
40794 0
40793 0
40792 0
40791 0
40790 0
40789 0
40788 0
40787 0
40786 0
40785 0
40784 0
40783 0
40782 0
40781 0
40780 0
40779 0
40777 0
40776 0
40775 0
40774 0
40773 0
40772 0
40771 0
40770 0
40769 0
40768 0
40767 0
40766 0
40765 0
40764 0
40763 0
40762 0
40761 0
40760 0
40759 0
40758 0
40757 0
40756 0
40755 0
40754 0
40753 0
40752 0
40751 0
40750 0
40749 0
40748 0
40747 0
40746 0
40745 0
40744 0
40743 0
40742 0
40741 0
40740 0
40739 0
40738 0
40737 0
40736 0
40735 0
40734 0
40733 0
40732 0
40731 0
40730 0
40729 0
40728 0
40727 0
40726 0
40725 0
40724 0
40723 0
40722 0
40721 0
40720 0
40719 0
40718 0
40717 0
40715 0
40714 0
40713 0
40712 0
40711 0
40710 0
40709 0
40708 0
40707 0
40706 0
40705 0
40704 0
40703 0
40702 0
40701 0
40700 0
40699 0
40698 0
40697 0
40696 0
40695 0
40694 0
40693 0
40692 0
40691 0
40690 0
40689 0
40688 0
40687 0
40686 0
40685 0
40684 0
40683 0
40682 0
40681 0
40680 0
40679 0
40678 0
40677 0
40676 0
40675 0
40674 0
40673 0
40672 0
40671 0
40670 0
40669 0
40668 0
40667 0
40666 0
40665 0
40664 0
40663 0
40662 0
