29140 3.33174
22530 2.35473
27799 2.23056
32036 1.28333
4189 1.27519
6041 1.17392
36313 1.16177
13654 1.02619
24239 0.851732
8412 0.791667
10925 0.790774
2885 0.780303
15669 0.778373
22088 0.671026
35317 0.658333
6140 0.648247
32324 0.615142
33633 0.571429
27166 0.554899
8497 0.529359
24902 0.508824
29992 0.5
31818 0.481685
35734 0.479479
11276 0.45
36400 0.425
12569 0.418307
20763 0.417454
37027 0.414286
10873 0.408333
33497 0.374107
16806 0.371392
28855 0.368347
13927 0.339286
4586 0.333333
2652 0.333333
3002 0.325397
35099 0.322917
16076 0.316239
2741 0.299107
39791 0.297619
24790 0.294935
4058 0.294935
9180 0.264423
37566 0.2625
39962 0.255303
30793 0.255303
3541 0.252976
16126 0.25
15056 0.25
2069 0.25
14858 0.24504
35346 0.240385
14797 0.239583
12522 0.239583
5778 0.239583
208 0.239583
14138 0.231984
28521 0.224542
26574 0.202679
15054 0.202679
11789 0.202679
38891 0.2
36110 0.2
32337 0.2
21820 0.2
13560 0.2
4761 0.2
1707 0.2
830 0.2
37882 0.166667
24126 0.166667
21051 0.166667
12708 0.166667
9484 0.166667
8224 0.166667
9196 0.142857
40596 0.125
31589 0.125
26546 0.125
13337 0.125
11080 0.125
10196 0.125
2866 0.125
31947 0.116384
16298 0.116384
27776 0.111111
26989 0.111111
8356 0.111111
7145 0.111111
4539 0.111111
26786 0.1
21062 0.1
27938 0.0833333
16723 0.0833333
7202 0.0833333
33452 0.0769231
31721 0.0769231
31622 0.0769231
24336 0.0769231
39661 0.0714286
33108 0.0714286
30693 0.0714286
29211 0.0714286
28110 0.0714286
22744 0.0714286
21861 0.0714286
18834 0.0714286
15225 0.0714286
7454 0.0714286
4028 0.0714286
927 0.0714286
32788 0.0625
30425 0.0625
23843 0.0625
860 0.0625
31564 0.0588235
29627 0.0588235
28988 0.0588235
26069 0.0588235
25791 0.0588235
24137 0.0588235
23155 0.0588235
20704 0.0588235
17675 0.0588235
17312 0.0588235
17277 0.0588235
14672 0.0588235
6830 0.0588235
110 0.0588235
16629 0.047619
12874 0.047619
6336 0.047619
1491 0.047619
1281 0.047619
40890 0.0384615
30876 0.0384615
25505 0.0384615
21813 0.0384615
18520 0.0384615
18356 0.0384615
18138 0.0384615
14133 0.0384615
11810 0.0384615
9957 0.0384615
6906 0.0384615
6319 0.0384615
39216 0.0333333
36297 0.0333333
35825 0.0333333
34998 0.0333333
34098 0.0333333
30429 0.0333333
30379 0.0333333
30316 0.0333333
29946 0.0333333
24730 0.0333333
18835 0.0333333
17763 0.0333333
17667 0.0333333
17078 0.0333333
14489 0.0333333
11804 0.0333333
9616 0.0333333
8896 0.0333333
7109 0.0333333
6279 0.0333333
3030 0.0333333
37800 0.03125
34770 0.03125
34015 0.03125
31391 0.03125
27768 0.03125
27135 0.03125
26854 0.03125
26058 0.03125
25362 0.03125
18683 0.03125
7544 0.03125
2631 0.03125
36952 0.030303
35063 0.030303
34339 0.030303
34043 0.030303
29565 0.030303
29473 0.030303
29285 0.030303
28952 0.030303
27926 0.030303
24678 0.030303
22594 0.030303
22184 0.030303
17401 0.030303
16947 0.030303
15276 0.030303
12911 0.030303
12090 0.030303
9197 0.030303
1965 0.030303
233 0.030303
40980 0
40979 0
40978 0
40977 0
40976 0
40975 0
40974 0
40973 0
40972 0
40971 0
40970 0
40969 0
40968 0
40967 0
40966 0
40965 0
40964 0
40963 0
40962 0
40961 0
40960 0
40959 0
40958 0
40957 0
40956 0
40955 0
40954 0
40953 0
40952 0
40951 0
40950 0
40949 0
40948 0
40947 0
40946 0
40945 0
40944 0
40943 0
40942 0
40941 0
40940 0
40939 0
40938 0
40937 0
40936 0
40935 0
40934 0
40933 0
40932 0
40931 0
40930 0
40929 0
40928 0
40927 0
40926 0
40925 0
40924 0
40923 0
40922 0
40921 0
40920 0
40919 0
40918 0
40917 0
40916 0
40915 0
40914 0
40913 0
40912 0
40911 0
40910 0
40909 0
40908 0
40907 0
40906 0
40905 0
40904 0
40903 0
40902 0
40901 0
40900 0
40899 0
40898 0
40897 0
40896 0
40895 0
40894 0
40893 0
40892 0
40891 0
40889 0
40888 0
40887 0
40886 0
40885 0
40884 0
40883 0
40882 0
40881 0
40880 0
40879 0
40878 0
40877 0
40876 0
40875 0
40874 0
40873 0
40872 0
40871 0
40870 0
40869 0
40868 0
40867 0
40866 0
40865 0
40864 0
40863 0
40862 0
40861 0
40860 0
40859 0
40858 0
40857 0
40856 0
40855 0
40854 0
40853 0
40852 0
40851 0
40850 0
40849 0
40848 0
40847 0
40846 0
40845 0
40844 0
40843 0
40842 0
40841 0
40840 0
40839 0
40838 0
40837 0
40836 0
40835 0
40834 0
40833 0
40832 0
40831 0
40830 0
40829 0
40828 0
40827 0
40826 0
40825 0
40824 0
40823 0
40822 0
40821 0
40820 0
40819 0
40818 0
40817 0
40816 0
40815 0
40814 0
40813 0
40812 0
40811 0
40810 0
40809 0
40808 0
40807 0
40806 0
40805 0
40804 0
40803 0
40802 0
40801 0
40800 0
40799 0
40798 0
40797 0
40796 0
40795 0
40794 0
40793 0
40792 0
40791 0
40790 0
40789 0
40788 0
40787 0
40786 0
40785 0
40784 0
40783 0
40782 0
40781 0
40780 0
40779 0
40778 0
40777 0
40776 0
40775 0
40774 0
40773 0
40772 0
40771 0
40770 0
40769 0
40768 0
40767 0
40766 0
40765 0
40764 0
40763 0
40762 0
40761 0
40760 0
40759 0
40758 0
40757 0
40756 0
40755 0
40754 0
40753 0
40752 0
40751 0
40750 0
40749 0
40748 0
40747 0
40746 0
40745 0
40744 0
40743 0
40742 0
40741 0
40740 0
40739 0
40738 0
40737 0
40736 0
40735 0
40734 0
40733 0
40732 0
40731 0
40730 0
40729 0
40728 0
40727 0
40726 0
40725 0
40724 0
40723 0
40722 0
40721 0
40720 0
40719 0
40718 0
40717 0
40716 0
40715 0
40714 0
40713 0
40712 0
40711 0
40710 0
40709 0
40708 0
40707 0
40706 0
40705 0
40704 0
40703 0
40702 0
40701 0
40700 0
40699 0
40698 0
40697 0
40696 0
40695 0
40694 0
40693 0
40692 0
40691 0
40690 0
40689 0
40688 0
40687 0
40686 0
40685 0
40684 0
40683 0
40682 0
40681 0
40680 0
