13043 9.90888
19032 2.12022
12758 1.6486
27676 1.60174
39015 1.28072
14886 1.25391
23843 1.24962
19945 1.07346
8465 1.03903
6269 0.940132
8149 0.683091
29143 0.638113
7173 0.627536
5102 0.611189
2335 0.54525
40166 0.538228
36480 0.538228
13024 0.538228
33342 0.537037
543 0.520833
3281 0.5
33937 0.495591
24534 0.495591
30970 0.479167
37711 0.458333
27799 0.458333
31301 0.458333
11750 0.458333
13221 0.456667
22594 0.396825
32273 0.369048
8672 0.361111
35336 0.358974
1871 0.338936
32885 0.333333
23347 0.333333
1975 0.317308
8027 0.294444
20170 0.293968
18444 0.293968
12369 0.28869
6757 0.288462
38707 0.285714
10361 0.266419
32536 0.260714
8637 0.260256
36831 0.258578
12381 0.253484
33259 0.251894
39606 0.25
36209 0.25
24825 0.25
16027 0.25
6516 0.25
21384 0.240132
29913 0.217807
32883 0.200359
36636 0.2
16034 0.175549
32468 0.173043
12624 0.173043
35726 0.170952
39492 0.166667
35646 0.166667
25020 0.166667
23724 0.166667
23068 0.166667
9742 0.166667
32229 0.165064
18946 0.165064
2973 0.153593
38459 0.142857
18503 0.140224
3342 0.140224
16219 0.138278
20978 0.138214
13254 0.138214
34797 0.125
34768 0.125
32857 0.125
27702 0.125
24969 0.125
18328 0.125
24916 0.117758
34535 0.111111
26789 0.111111
17782 0.111111
9698 0.111111
2249 0.111111
24294 0.10451
39102 0.1
36963 0.1
31894 0.1
27349 0.1
26116 0.1
23289 0.1
19900 0.1
16298 0.1
14993 0.1
14138 0.1
9003 0.1
2263 0.1
432 0.1
33761 0.0997581
24746 0.0997581
22289 0.0997581
22276 0.0997581
7809 0.0997581
5960 0.0997581
1729 0.0997581
1245 0.0997581
17990 0.0912821
35734 0.0833333
22060 0.0833333
19035 0.0833333
17312 0.0833333
16947 0.0833333
12283 0.0833333
9547 0.0833333
6924 0.0833333
830 0.0833333
26148 0.080496
20836 0.080496
746 0.080496
21629 0.0769231
10761 0.0769231
27194 0.0714462
24124 0.0714462
17211 0.0714462
4563 0.0714462
40795 0.0703707
38384 0.0703707
38234 0.0703707
19543 0.0703707
19171 0.0703707
16010 0.0703707
16009 0.0703707
8962 0.0703707
4804 0.0703707
164 0.0703707
30454 0.0625
29735 0.0625
25192 0.0625
15490 0.0625
11604 0.0625
35672 0.0526316
32439 0.0526316
29040 0.0526316
27810 0.0526316
20320 0.0526316
16318 0.0526316
39193 0.047619
40915 0.04
39524 0.04
26214 0.04
24864 0.04
7948 0.04
7632 0.04
1392 0.04
34566 0.0384615
31873 0.0384615
28781 0.0384615
27354 0.0384615
20592 0.0384615
18130 0.0384615
14009 0.0384615
13275 0.0384615
7057 0.0384615
6079 0.0384615
1277 0.0384615
37397 0.0357143
35185 0.0357143
27766 0.0357143
26084 0.0357143
22711 0.0357143
21978 0.0357143
18727 0.0357143
17366 0.0357143
15873 0.0357143
14768 0.0357143
14479 0.0357143
13654 0.0357143
8035 0.0357143
5719 0.0357143
33888 0.03125
29679 0.03125
29558 0.03125
27152 0.03125
10965 0.03125
8399 0.03125
4895 0.03125
16917 0.0294118
12651 0.0294118
11546 0.0294118
6618 0.0294118
6071 0.0294118
39406 0.025641
38201 0.025641
37515 0.025641
37010 0.025641
34789 0.025641
34600 0.025641
33597 0.025641
33580 0.025641
32373 0.025641
30054 0.025641
29432 0.025641
29104 0.025641
28439 0.025641
25933 0.025641
24028 0.025641
22567 0.025641
22472 0.025641
22391 0.025641
21540 0.025641
20742 0.025641
20547 0.025641
20350 0.025641
20106 0.025641
18645 0.025641
18258 0.025641
16817 0.025641
13478 0.025641
12800 0.025641
12404 0.025641
10950 0.025641
10619 0.025641
8762 0.025641
6701 0.025641
6065 0.025641
4591 0.025641
40179 0.0227273
40032 0.0227273
39945 0.0227273
30904 0.0227273
17887 0.0227273
8511 0.0227273
4388 0.0227273
40429 0.0163934
37416 0.0163934
34017 0.0163934
33514 0.0163934
32589 0.0163934
32079 0.0163934
31264 0.0163934
29547 0.0163934
27634 0.0163934
26734 0.0163934
21496 0.0163934
19979 0.0163934
19936 0.0163934
19834 0.0163934
19738 0.0163934
19034 0.0163934
18347 0.0163934
18319 0.0163934
18113 0.0163934
17972 0.0163934
17368 0.0163934
16753 0.0163934
15548 0.0163934
15171 0.0163934
14139 0.0163934
9620 0.0163934
8317 0.0163934
3163 0.0163934
1893 0.0163934
40980 0
40979 0
40978 0
40977 0
40976 0
40975 0
40974 0
40973 0
40972 0
40971 0
40970 0
40969 0
40968 0
40967 0
40966 0
40965 0
40964 0
40963 0
40962 0
40961 0
40960 0
40959 0
40958 0
40957 0
40956 0
40955 0
40954 0
40953 0
40952 0
40951 0
40950 0
40949 0
40948 0
40947 0
40946 0
40945 0
40944 0
40943 0
40942 0
40941 0
40940 0
40939 0
40938 0
40937 0
40936 0
40935 0
40934 0
40933 0
40932 0
40931 0
40930 0
40929 0
40928 0
40927 0
40926 0
40925 0
40924 0
40923 0
40922 0
40921 0
40920 0
40919 0
40918 0
40917 0
40916 0
40914 0
40913 0
40912 0
40911 0
40910 0
40909 0
40908 0
40907 0
40906 0
40905 0
40904 0
40903 0
40902 0
40901 0
40900 0
40899 0
40898 0
40897 0
40896 0
40895 0
40894 0
40893 0
40892 0
40891 0
40890 0
40889 0
40888 0
40887 0
40886 0
40885 0
40884 0
40883 0
40882 0
40881 0
40880 0
40879 0
40878 0
40877 0
40876 0
40875 0
40874 0
40873 0
40872 0
40871 0
40870 0
40869 0
40868 0
40867 0
40866 0
40865 0
40864 0
40863 0
40862 0
40861 0
40860 0
40859 0
40858 0
40857 0
40856 0
40855 0
40854 0
40853 0
40852 0
40851 0
40850 0
40849 0
40848 0
40847 0
40846 0
40845 0
40844 0
40843 0
40842 0
40841 0
40840 0
40839 0
40838 0
40837 0
40836 0
40835 0
40834 0
40833 0
40832 0
40831 0
40830 0
40829 0
40828 0
40827 0
40826 0
40825 0
40824 0
40823 0
40822 0
40821 0
40820 0
40819 0
40818 0
40817 0
40816 0
40815 0
40814 0
40813 0
40812 0
40811 0
40810 0
40809 0
40808 0
40807 0
40806 0
40805 0
40804 0
40803 0
40802 0
40801 0
40800 0
40799 0
40798 0
40797 0
40796 0
40794 0
40793 0
40792 0
40791 0
40790 0
40789 0
40788 0
40787 0
40786 0
40785 0
40784 0
40783 0
40782 0
40781 0
40780 0
40779 0
40778 0
40777 0
40776 0
40775 0
40774 0
40773 0
40772 0
40771 0
40770 0
40769 0
40768 0
40767 0
40766 0
40765 0
40764 0
40763 0
40762 0
40761 0
40760 0
40759 0
40758 0
40757 0
40756 0
40755 0
40754 0
40753 0
40752 0
40751 0
40750 0
40749 0
40748 0
40747 0
40746 0
