2560 52.479
25780 9.86212
19032 9.63068
38906 7.89594
19800 7.47232
16789 6.39325
20090 5.28375
1026 5.11583
13809 4.71248
25155 4.59747
10805 4.59425
5318 3.93466
20588 3.51339
24002 3.47996
28345 3.08097
6563 2.70467
25668 2.49362
543 2.45476
16968 2.39229
15231 2.11064
14690 2.0924
10923 1.92452
30916 1.86827
22656 1.5907
17696 1.57964
40669 1.54889
32888 1.41889
36189 1.34629
2727 1.3201
33387 1.21339
14031 1.19721
9665 1.19635
39932 1.18363
36180 1.12876
8407 1.12715
7250 1.10878
29275 1.09248
22976 1.07881
23764 0.935584
8943 0.89659
17720 0.870943
36388 0.831917
18930 0.82846
19262 0.819712
12701 0.818278
22935 0.815829
21350 0.770264
17634 0.723892
24740 0.674976
7658 0.67483
33857 0.6553
17083 0.641395
13043 0.626514
32885 0.623723
12747 0.596891
24644 0.589422
5869 0.585223
66 0.582259
4512 0.580097
31498 0.563233
26755 0.560661
32651 0.559428
12048 0.557114
22014 0.554662
35336 0.534805
9561 0.531093
24825 0.527778
27923 0.51243
31301 0.502702
23724 0.497619
23696 0.495389
34768 0.490909
35303 0.469394
8136 0.465749
23931 0.4625
38391 0.458069
953 0.446963
28774 0.439271
31283 0.437037
7205 0.429778
22148 0.429699
31880 0.420302
7641 0.398299
26385 0.386335
20845 0.376107
20347 0.376107
29519 0.367374
12095 0.356138
11173 0.339644
33025 0.334784
25181 0.33233
23090 0.329429
25678 0.316974
18328 0.314905
39695 0.314394
20273 0.314394
32933 0.310689
786 0.310522
15171 0.306901
7546 0.306901
26608 0.302716
27595 0.301054
4278 0.300162
8672 0.295972
40806 0.294473
16987 0.287434
11182 0.286725
39672 0.284806
11835 0.280967
5748 0.278604
31324 0.276553
36005 0.275707
33642 0.273763
7003 0.266393
7449 0.263743
30038 0.259595
13810 0.255831
22594 0.25
12948 0.245238
15898 0.244807
23228 0.242264
8514 0.239467
31952 0.236406
24028 0.232485
20350 0.232485
10361 0.232485
2840 0.227324
22879 0.22465
13969 0.222378
38125 0.221696
34000 0.219807
865 0.219807
39586 0.212964
5362 0.211844
2263 0.211844
33895 0.208461
20478 0.20814
22468 0.207642
28030 0.207459
20410 0.20719
17014 0.203427
31399 0.203185
12714 0.203185
28997 0.201383
40109 0.2
29864 0.2
10480 0.2
9442 0.2
28163 0.198657
12986 0.19846
34655 0.197421
24662 0.197366
19882 0.194164
25288 0.193951
25337 0.189943
32992 0.187352
25467 0.185304
33342 0.185046
29793 0.184529
32048 0.179839
15494 0.179014
20980 0.177132
15830 0.170949
21596 0.169997
35147 0.168817
23843 0.16871
37923 0.166667
37744 0.166667
27075 0.166667
18881 0.166667
7357 0.166667
4579 0.166667
39504 0.165034
34840 0.165034
26180 0.164133
6119 0.163131
9025 0.156372
5128 0.155952
40087 0.155704
27506 0.155704
22639 0.155704
4244 0.152801
23386 0.151416
17868 0.150183
30209 0.144379
27799 0.144379
26448 0.144379
37924 0.142857
27766 0.142857
13185 0.142857
34800 0.136847
40533 0.136797
39194 0.136797
23052 0.136174
16017 0.135931
5087 0.134883
40636 0.134441
27448 0.134441
17343 0.134441
14035 0.134186
22709 0.132703
25245 0.131637
39977 0.125371
38322 0.125371
14430 0.125029
34167 0.125
33455 0.125
31894 0.125
23570 0.125
16374 0.125
15592 0.125
14548 0.125
11405 0.125
6192 0.125
2647 0.125
20808 0.123075
22137 0.123073
20686 0.123073
8152 0.120684
22149 0.118788
34585 0.114824
35307 0.113103
2580 0.112609
13252 0.112017
27623 0.111111
11053 0.111111
7054 0.111111
2320 0.111111
2292 0.109682
22979 0.108394
5633 0.107729
11902 0.107495
17076 0.104738
31407 0.104665
499 0.104665
22795 0.103032
34408 0.100777
27151 0.100777
21082 0.100071
36499 0.1
33904 0.1
25016 0.1
21970 0.1
11385 0.1
3633 0.099793
26829 0.0985714
26650 0.0971139
15666 0.0946558
31970 0.0929891
28835 0.0926341
28248 0.0926341
33670 0.0909091
31562 0.0909091
20047 0.0909091
13974 0.0909091
13194 0.0909091
10510 0.0909091
6262 0.0909091
3228 0.0909091
1075 0.0909091
36828 0.0905351
23706 0.0891898
23640 0.0866271
18180 0.0866271
38336 0.0861874
27239 0.0861874
19430 0.0861874
689 0.0855206
28956 0.0852174
16146 0.0849649
18364 0.0837516
38456 0.0833333
22527 0.0833333
18950 0.0833333
15150 0.0833333
11709 0.0833333
9689 0.0833333
5389 0.0833333
2490 0.0833333
28213 0.0827302
25745 0.0827302
14262 0.0827302
32344 0.0826204
12963 0.0826204
40136 0.0825699
23368 0.0825699
15262 0.0825699
4113 0.0825699
15258 0.0822581
33033 0.0786967
32229 0.0786967
29913 0.0786967
20106 0.0786967
14886 0.0786967
8465 0.0786967
35313 0.0773434
39742 0.0769231
35889 0.0769231
35543 0.0769231
34703 0.0769231
32301 0.0769231
24414 0.0769231
22209 0.0769231
21911 0.0769231
19210 0.0769231
13496 0.0769231
13200 0.0769231
7091 0.0769231
5214 0.0769231
346 0.0769231
38144 0.0767443
26498 0.0767443
22757 0.0767443
19164 0.0767443
10181 0.0767443
2370 0.0767443
2475 0.076197
32263 0.0754268
17790 0.0754268
7204 0.0754268
10300 0.0743041
29580 0.0722741
26696 0.0716991
26236 0.0716991
357 0.0716991
12830 0.0714286
18040 0.0711616
6969 0.0711616
16819 0.0691137
34561 0.0666667
34385 0.0666667
31861 0.0666667
27307 0.0666667
26095 0.0666667
23748 0.0666667
20829 0.0666667
12305 0.0666667
8027 0.0666667
2752 0.0666667
743 0.0666667
19626 0.0665105
33231 0.0649884
12471 0.0649884
7695 0.0649884
14052 0.0648567
311 0.0648567
17487 0.0642884
7434 0.0625
38844 0.0623015
16070 0.0617551
15159 0.0617551
34448 0.0611524
40012 0.0603516
39348 0.0603516
37663 0.0603516
31673 0.0603516
28653 0.0603516
25395 0.0603516
20890 0.0603516
30567 0.0601742
26926 0.0601742
36823 0.0588235
29777 0.0588235
8537 0.0588235
5819 0.0588235
5741 0.0588235
33185 0.0583553
27963 0.0583553
1642 0.0583553
31806 0.0582126
26998 0.0581326
35980 0.0574897
34176 0.0574897
11822 0.0565984
6822 0.0565984
17859 0.0561521
25776 0.0557357
40569 0.0555556
20541 0.0555556
20500 0.0555556
17687 0.0555556
16094 0.0555556
32912 0.055114
25909 0.055114
18137 0.055114
15918 0.055114
9864 0.0548309
7858 0.0548309
11138 0.0531817
7507 0.0515384
6583 0.0515384
4619 0.0515384
925 0.0515384
39392 0.05
28388 0.05
24497 0.05
13207 0.05
40659 0.047619
35088 0.047619
28941 0.047619
24894 0.047619
3936 0.047619
33286 0.0457633
23603 0.0457633
1002 0.0457633
30128 0.0456212
14319 0.0456212
10447 0.0456212
38201 0.0454545
26153 0.0454545
20250 0.0454545
13254 0.0454545
7125 0.0454545
22613 0.0448068
5174 0.0448068
3403 0.0448068
29570 0.0447585
27658 0.0443999
35676 0.0434809
15656 0.0434809
31329 0.0434783
28326 0.0434783
17486 0.0434783
14354 0.0434783
5946 0.0434783
1247 0.0434783
13186 0.0428168
39867 0.0416667
26875 0.0416667
24287 0.0416667
5353 0.0416667
37002 0.0407765
29369 0.0407765
34495 0.04
27514 0.04
40793 0.037037
29102 0.037037
17522 0.0360349
11563 0.0357143
4714 0.0344828
28467 0.0333333
25096 0.0333333
17989 0.0333333
22681 0.0330787
20745 0.0330787
16028 0.0330787
3743 0.0330787
40342 0.0322581
39947 0.0322581
39472 0.0322581
39463 0.0322581
36673 0.0322581
35317 0.0322581
33256 0.0322581
33028 0.0322581
29225 0.0322581
28290 0.0322581
27989 0.0322581
27168 0.0322581
25367 0.0322581
19708 0.0322581
19253 0.0322581
18520 0.0322581
17393 0.0322581
14546 0.0322581
13654 0.0322581
10210 0.0322581
7889 0.0322581
7721 0.0322581
6518 0.0322581
5402 0.0322581
4054 0.0322581
3940 0.0322581
3852 0.0322581
2484 0.0322581
1907 0.0322581
1659 0.0322581
32283 0.03125
36363 0.030303
30681 0.030303
15165 0.030303
10254 0.030303
466 0.030303
40166 0.0285714
36480 0.0285714
30054 0.0285714
25525 0.0285714
24759 0.0285714
24121 0.0285714
23895 0.0285714
19566 0.0285714
19513 0.0285714
17368 0.0285714
15236 0.0285714
13024 0.0285714
6403 0.0285714
2973 0.0285714
1975 0.0285714
82 0.0285714
38569 0.0283371
