6752 9.06836
21473 8.1573
33042 7.40044
32 6.74089
15984 6.21625
11144 5.07357
30222 4.37541
11747 3.73644
18321 3.37736
15889 3.11024
15438 3.04546
14020 2.99472
25544 2.99107
40774 2.891
14665 2.87167
21701 2.71542
36739 2.49757
1991 2.38174
14222 2.26236
20011 2.22725
8871 1.99637
6324 1.99337
17843 1.74081
5117 1.7211
16894 1.68571
20578 1.52572
31355 1.52443
33850 1.46303
13537 1.46079
37244 1.45794
2003 1.42299
37413 1.42194
22813 1.35481
24720 1.29365
20637 1.26905
22645 1.2639
25390 1.25519
32204 1.14675
38542 1.10745
19032 1.08667
1317 1.08069
31627 1.05119
39038 0.983135
28856 0.972594
25282 0.963276
18460 0.953968
17919 0.946125
24490 0.780556
38993 0.757367
36349 0.728571
29128 0.72619
38612 0.716693
27186 0.676634
35121 0.65803
37155 0.654509
27842 0.645833
4159 0.611111
29130 0.5796
2981 0.565657
15588 0.558333
6865 0.539052
5549 0.519221
4182 0.511111
22200 0.5
19501 0.483333
31481 0.47316
28475 0.455128
10566 0.45
4699 0.445643
39012 0.442857
10021 0.440477
26726 0.430711
40302 0.425974
10209 0.420134
15362 0.414286
28525 0.409524
35206 0.386447
824 0.381319
28073 0.366667
21301 0.366667
21538 0.35771
966 0.35119
18622 0.32702
2337 0.320635
3104 0.316468
9368 0.312792
1190 0.293478
13043 0.274242
16286 0.273449
31439 0.268687
24975 0.257576
33661 0.25
23843 0.25
3936 0.25
40130 0.242857
18328 0.241414
10443 0.241414
5057 0.230952
16437 0.224838
16470 0.208556
21539 0.208333
29656 0.207175
13793 0.205128
2915 0.205128
11931 0.201054
39003 0.2
15222 0.2
4620 0.2
36122 0.196887
31785 0.19183
27699 0.166667
10561 0.166667
9938 0.166667
4644 0.166667
1764 0.166667
36771 0.142857
392 0.136281
16499 0.125
38906 0.111111
26696 0.111111
15494 0.111111
11284 0.111111
10725 0.111111
3485 0.111111
19682 0.1
12587 0.1
31989 0.0833333
31261 0.0769231
8253 0.0769231
23724 0.0714286
13194 0.0714286
9504 0.0714286
27143 0.0666667
25232 0.0666667
26389 0.0625
6262 0.0625
3688 0.0625
37388 0.05
27539 0.05
13938 0.05
36467 0.047619
31301 0.047619
24315 0.047619
21901 0.047619
17634 0.047619
15618 0.047619
10158 0.047619
2982 0.047619
2633 0.047619
37350 0.0434783
37034 0.0434783
29523 0.0434783
25380 0.0434783
22880 0.0434783
21993 0.0434783
16371 0.0434783
15952 0.0434783
5109 0.0434783
40526 0.0384615
36899 0.0384615
34267 0.0384615
34183 0.0384615
29930 0.0384615
29716 0.0384615
29175 0.0384615
15391 0.0384615
14161 0.0384615
8304 0.0384615
4903 0.0384615
3232 0.0384615
2732 0.0384615
2152 0.0384615
27549 0.030303
24602 0.030303
22279 0.030303
9544 0.030303
40980 0
40979 0
40978 0
40977 0
40976 0
40975 0
40974 0
40973 0
40972 0
40971 0
40970 0
40969 0
40968 0
40967 0
40966 0
40965 0
40964 0
40963 0
40962 0
40961 0
40960 0
40959 0
40958 0
40957 0
40956 0
40955 0
40954 0
40953 0
40952 0
40951 0
40950 0
40949 0
40948 0
40947 0
40946 0
40945 0
40944 0
40943 0
40942 0
40941 0
40940 0
40939 0
40938 0
40937 0
40936 0
40935 0
40934 0
40933 0
40932 0
40931 0
40930 0
40929 0
40928 0
40927 0
40926 0
40925 0
40924 0
40923 0
40922 0
40921 0
40920 0
40919 0
40918 0
40917 0
40916 0
40915 0
40914 0
40913 0
40912 0
40911 0
40910 0
40909 0
40908 0
40907 0
40906 0
40905 0
40904 0
40903 0
40902 0
40901 0
40900 0
40899 0
40898 0
40897 0
40896 0
40895 0
40894 0
40893 0
40892 0
40891 0
40890 0
40889 0
40888 0
40887 0
40886 0
40885 0
40884 0
40883 0
40882 0
40881 0
40880 0
40879 0
40878 0
40877 0
40876 0
40875 0
40874 0
40873 0
40872 0
40871 0
40870 0
40869 0
40868 0
40867 0
40866 0
40865 0
40864 0
40863 0
40862 0
40861 0
40860 0
40859 0
40858 0
40857 0
40856 0
40855 0
40854 0
40853 0
40852 0
40851 0
40850 0
40849 0
40848 0
40847 0
40846 0
40845 0
40844 0
40843 0
40842 0
40841 0
40840 0
40839 0
40838 0
40837 0
40836 0
40835 0
40834 0
40833 0
40832 0
40831 0
40830 0
40829 0
40828 0
40827 0
40826 0
40825 0
40824 0
40823 0
40822 0
40821 0
40820 0
40819 0
40818 0
40817 0
40816 0
40815 0
40814 0
40813 0
40812 0
40811 0
40810 0
40809 0
40808 0
40807 0
40806 0
40805 0
40804 0
40803 0
40802 0
40801 0
40800 0
40799 0
40798 0
40797 0
40796 0
40795 0
40794 0
40793 0
40792 0
40791 0
40790 0
40789 0
40788 0
40787 0
40786 0
40785 0
40784 0
40783 0
40782 0
40781 0
40780 0
40779 0
40778 0
40777 0
40776 0
40775 0
40773 0
40772 0
40771 0
40770 0
40769 0
40768 0
40767 0
40766 0
40765 0
40764 0
40763 0
40762 0
40761 0
40760 0
40759 0
40758 0
40757 0
40756 0
40755 0
40754 0
40753 0
40752 0
40751 0
40750 0
40749 0
40748 0
40747 0
40746 0
40745 0
40744 0
40743 0
40742 0
40741 0
40740 0
40739 0
40738 0
40737 0
40736 0
40735 0
40734 0
40733 0
40732 0
40731 0
40730 0
40729 0
40728 0
40727 0
40726 0
40725 0
40724 0
40723 0
40722 0
40721 0
40720 0
40719 0
40718 0
40717 0
40716 0
40715 0
40714 0
40713 0
40712 0
40711 0
40710 0
40709 0
40708 0
40707 0
40706 0
40705 0
40704 0
40703 0
40702 0
40701 0
40700 0
40699 0
40698 0
40697 0
40696 0
40695 0
40694 0
40693 0
40692 0
40691 0
40690 0
40689 0
40688 0
40687 0
40686 0
40685 0
40684 0
40683 0
40682 0
40681 0
40680 0
40679 0
40678 0
40677 0
40676 0
40675 0
40674 0
40673 0
40672 0
40671 0
40670 0
40669 0
40668 0
40667 0
40666 0
40665 0
40664 0
40663 0
40662 0
40661 0
40660 0
40659 0
40658 0
40657 0
40656 0
