31301 6.66954
7708 2.97711
12243 1.90798
5693 1.45613
363 1.04819
29997 1.04623
26555 1.00072
23655 0.951603
13646 0.944643
29310 0.878797
4405 0.844966
27799 0.838285
8672 0.805511
3880 0.77431
17634 0.747259
27951 0.704563
26750 0.6461
2712 0.621608
52 0.619196
17767 0.575973
25425 0.571096
16853 0.550499
22583 0.537028
19101 0.52406
25398 0.408664
14311 0.407884
18328 0.405128
5049 0.390966
15095 0.38282
11647 0.378868
32238 0.374173
26401 0.366959
10923 0.365584
6096 0.358333
12961 0.348352
12431 0.347777
3447 0.347777
31986 0.334804
40274 0.333333
18896 0.333333
39743 0.32406
1210 0.323925
10009 0.29153
26206 0.272619
19939 0.272619
8186 0.252738
28038 0.25
4860 0.25
4375 0.246292
8474 0.239889
3434 0.23279
7828 0.223571
15308 0.203283
13334 0.203043
32934 0.2
29332 0.2
27003 0.2
12812 0.2
23193 0.19965
29482 0.194596
26333 0.190873
19124 0.190873
13907 0.190446
12384 0.18824
3064 0.185265
8196 0.181232
26922 0.174863
25681 0.174863
15380 0.173929
16791 0.169173
23663 0.168541
32620 0.166667
23432 0.166667
4640 0.166667
1970 0.166667
524 0.157184
16890 0.15018
26152 0.142857
24825 0.142857
23724 0.142857
21686 0.142857
16216 0.142857
33390 0.140909
15829 0.137759
34704 0.135552
6823 0.135552
20068 0.126786
29741 0.125
29709 0.125
22606 0.125
16446 0.125
7691 0.125
34495 0.124936
4851 0.124936
33333 0.112147
39951 0.111111
12569 0.111111
2160 0.11018
23317 0.109998
919 0.109998
26892 0.107985
18616 0.107985
8839 0.107383
34529 0.107256
27886 0.107256
26083 0.107256
18937 0.107026
10602 0.107026
3600 0.107026
32359 0.106789
31411 0.106789
27892 0.106789
40969 0.1
40808 0.1
40568 0.1
38176 0.1
34938 0.1
26088 0.1
9668 0.1
2201 0.1
13925 0.0996503
1916 0.0996503
6856 0.0925509
35158 0.0909091
34911 0.0909091
24239 0.0909091
10784 0.0909091
7312 0.0909091
23380 0.0863177
37103 0.0833333
33672 0.0833333
22971 0.0833333
22054 0.0833333
9043 0.0833333
14438 0.0791872
6504 0.0791872
5832 0.0791872
37661 0.0769231
33630 0.0769231
33374 0.0769231
32148 0.0769231
30999 0.0769231
30345 0.0769231
29498 0.0769231
23391 0.0769231
22311 0.0769231
16120 0.0769231
1977 0.0769231
33651 0.0752925
33078 0.0752925
1628 0.0752925
37176 0.071841
29032 0.071841
27514 0.071841
25399 0.071841
16404 0.071841
1427 0.071841
40573 0.0714286
37998 0.0714286
34032 0.0714286
33981 0.0714286
31274 0.0714286
29704 0.0714286
17623 0.0714286
17127 0.0714286
10158 0.0714286
9117 0.0714286
4943 0.0714286
23274 0.0666667
22465 0.0666667
6794 0.0666667
39112 0.0654548
22402 0.0654548
16895 0.0654548
4794 0.0654548
186 0.0654548
34908 0.0581373
31409 0.0581373
21097 0.0581373
9362 0.0581373
3648 0.0581373
40017 0.0555556
39515 0.0555556
35048 0.0555556
13410 0.0555556
13157 0.0555556
2988 0.0555556
2943 0.0555556
28444 0.0526316
13432 0.0526316
11108 0.0526316
39171 0.0521984
34355 0.0521984
32975 0.0521984
21816 0.0521984
15505 0.0521984
12419 0.0521984
12149 0.0521984
4746 0.0521984
35666 0.0483478
33859 0.0483478
26374 0.0483478
24475 0.0483478
24335 0.0483478
20333 0.0483478
10560 0.0483478
5691 0.0483478
39068 0.047619
33825 0.047619
33490 0.047619
28380 0.047619
16764 0.047619
30611 0.0462298
24756 0.0462298
19583 0.0462298
19258 0.0462298
8538 0.0462298
2509 0.0462298
34871 0.0416667
29154 0.0416667
28382 0.0416667
28123 0.0416667
23013 0.0416667
18730 0.0416667
17515 0.0416667
17044 0.0416667
9831 0.0416667
9105 0.0416667
2237 0.0416667
37987 0.0412565
34611 0.0412565
27401 0.0412565
25944 0.0412565
7296 0.0412565
6565 0.0412565
4538 0.0412565
22990 0.04
5620 0.04
4928 0.04
346 0.04
35096 0.0384615
30336 0.0384615
29629 0.0384615
27434 0.0384615
26612 0.0384615
26243 0.0384615
21147 0.0384615
20533 0.0384615
16297 0.0384615
12634 0.0384615
9075 0.0384615
3502 0.0384615
2501 0.0384615
1975 0.0384615
37078 0.037037
32675 0.037037
25763 0.037037
10057 0.037037
4070 0.037037
40663 0.0369382
39649 0.0369382
36962 0.0369382
35537 0.0369382
31417 0.0369382
25462 0.0369382
21724 0.0369382
21453 0.0369382
10737 0.0369382
9019 0.0369382
7881 0.0369382
2289 0.0369382
32593 0.0322581
31538 0.0322581
13035 0.0322581
7013 0.0322581
3550 0.0322581
3311 0.0322581
1102 0.0322581
33347 0.030303
31300 0.030303
25880 0.030303
25185 0.030303
19955 0.030303
15603 0.030303
6666 0.030303
28722 0.027027
23059 0.027027
19921 0.027027
11763 0.027027
7172 0.027027
5920 0.027027
4646 0.027027
1298 0.027027
37910 0.0263158
37665 0.0263158
14138 0.0263158
8508 0.0263158
4811 0.0263158
3936 0.0263158
2249 0.0263158
830 0.0263158
25725 0.025
18721 0.025
18274 0.025
17406 0.025
17075 0.025
14565 0.025
37508 0.0232558
36996 0.0232558
34973 0.0232558
31734 0.0232558
26159 0.0232558
17152 0.0232558
16652 0.0232558
15839 0.0232558
14630 0.0232558
12636 0.0232558
12080 0.0232558
10096 0.0232558
4864 0.0232558
4507 0.0232558
4049 0.0232558
3010 0.0232558
2842 0.0232558
2043 0.0232558
40615 0.0227273
40078 0.0227273
34310 0.0227273
24004 0.0227273
14603 0.0227273
13029 0.0227273
11630 0.0227273
9846 0.0227273
7208 0.0227273
39131 0.0204082
38662 0.0204082
32767 0.0204082
30780 0.0204082
26934 0.0204082
26923 0.0204082
26173 0.0204082
24360 0.0204082
22724 0.0204082
21399 0.0204082
21349 0.0204082
20994 0.0204082
15335 0.0204082
13675 0.0204082
11587 0.0204082
10880 0.0204082
9655 0.0204082
5486 0.0204082
3641 0.0204082
37940 0.0136986
36202 0.0136986
31606 0.0136986
30985 0.0136986
23877 0.0136986
22269 0.0136986
16570 0.0136986
16310 0.0136986
14427 0.0136986
13256 0.0136986
7032 0.0136986
6644 0.0136986
3949 0.0136986
3856 0.0136986
2387 0.0136986
1683 0.0136986
40661 0.00980392
40351 0.00980392
39582 0.00980392
37759 0.00980392
36032 0.00980392
35472 0.00980392
35020 0.00980392
33383 0.00980392
33331 0.00980392
33189 0.00980392
32500 0.00980392
31061 0.00980392
30167 0.00980392
26853 0.00980392
26395 0.00980392
25118 0.00980392
24731 0.00980392
24382 0.00980392
24316 0.00980392
23742 0.00980392
23221 0.00980392
23014 0.00980392
22288 0.00980392
22228 0.00980392
19041 0.00980392
17392 0.00980392
16618 0.00980392
15637 0.00980392
15610 0.00980392
15446 0.00980392
13757 0.00980392
13631 0.00980392
12346 0.00980392
12176 0.00980392
10980 0.00980392
5130 0.00980392
3860 0.00980392
3567 0.00980392
3494 0.00980392
3363 0.00980392
1179 0.00980392
40869 0.00833333
40758 0.00833333
39029 0.00833333
36811 0.00833333
36450 0.00833333
35851 0.00833333
35592 0.00833333
35361 0.00833333
34598 0.00833333
34357 0.00833333
33708 0.00833333
33240 0.00833333
32261 0.00833333
31861 0.00833333
31021 0.00833333
30214 0.00833333
29408 0.00833333
27744 0.00833333
27724 0.00833333
27352 0.00833333
27163 0.00833333
25416 0.00833333
25379 0.00833333
25350 0.00833333
24803 0.00833333
23498 0.00833333
23366 0.00833333
22589 0.00833333
22227 0.00833333
22166 0.00833333
21842 0.00833333
20437 0.00833333
18217 0.00833333
17272 0.00833333
16682 0.00833333
15895 0.00833333
14953 0.00833333
14377 0.00833333
13731 0.00833333
13418 0.00833333
12968 0.00833333
12039 0.00833333
11780 0.00833333
11506 0.00833333
10423 0.00833333
10322 0.00833333
9538 0.00833333
8011 0.00833333
7593 0.00833333
7164 0.00833333
6886 0.00833333
6827 0.00833333
6694 0.00833333
6642 0.00833333
5589 0.00833333
5355 0.00833333
4881 0.00833333
3896 0.00833333
3172 0.00833333
2744 0.00833333
1627 0.00833333
1562 0.00833333
774 0.00833333
492 0.00833333
123 0.00833333
40478 0.00819672
39669 0.00819672
39027 0.00819672
38516 0.00819672
37562 0.00819672
36991 0.00819672
36876 0.00819672
35985 0.00819672
33683 0.00819672
33068 0.00819672
33062 0.00819672
32862 0.00819672
32158 0.00819672
29977 0.00819672
29554 0.00819672
29326 0.00819672
28508 0.00819672
28147 0.00819672
27713 0.00819672
27431 0.00819672
26607 0.00819672
26400 0.00819672
26224 0.00819672
25352 0.00819672
24649 0.00819672
