6592 4.27265
35766 2.88138
5778 2.4889
18520 1.944
1760 1.6366
35734 1.51104
13654 1.49815
830 1.45629
2885 1.44335
17312 1.36316
28094 1.36235
36400 1.24869
4796 1.22232
23886 1.14571
27926 1.03349
28424 1.0171
37342 1.01414
13507 0.996458
33633 0.968912
11626 0.931652
36457 0.92207
30209 0.894419
17943 0.886374
15990 0.809771
18248 0.776113
33391 0.758217
27799 0.723016
26448 0.626905
37931 0.621143
34385 0.621143
21323 0.61051
15519 0.599289
9553 0.581997
20177 0.555243
3645 0.549702
20439 0.537749
30793 0.519079
2262 0.496411
34116 0.492497
6518 0.487519
30417 0.482423
23432 0.478827
9197 0.478219
18116 0.47493
24596 0.474665
15476 0.458349
14138 0.448817
18834 0.445831
37374 0.444672
13120 0.444352
27190 0.426911
30847 0.425246
31260 0.422224
25360 0.41975
37027 0.385333
21189 0.375027
885 0.364907
37554 0.363675
26181 0.358989
4551 0.349155
40764 0.340115
35194 0.338983
23370 0.33665
27395 0.326308
15665 0.314741
15467 0.305211
37496 0.299126
1462 0.295388
34561 0.290074
2484 0.290074
39960 0.28853
37881 0.287479
16047 0.278968
36278 0.277184
23446 0.274842
37882 0.268724
16298 0.262621
40525 0.256908
12360 0.256164
34999 0.251316
36952 0.25
36120 0.25
22960 0.248696
34911 0.248683
38468 0.246237
33545 0.239683
35525 0.239555
18329 0.237192
4054 0.237192
32374 0.235302
6298 0.227505
38907 0.206443
36918 0.203318
19379 0.203318
32234 0.2
1049 0.2
26546 0.198461
39400 0.192117
22405 0.189495
40204 0.185445
11393 0.181046
40342 0.180658
29602 0.18023
2786 0.177734
14672 0.170476
2069 0.167972
19253 0.166667
16775 0.166667
16745 0.166667
16181 0.166667
4112 0.1578
1659 0.157481
34507 0.152564
28795 0.152564
11805 0.152564
10165 0.152564
7256 0.152564
39951 0.151673
16097 0.148824
17710 0.1453
432 0.143481
40138 0.142857
39962 0.142857
22905 0.142857
5293 0.142857
8969 0.13942
3940 0.13942
29640 0.127943
34123 0.125
11922 0.125
5435 0.125
4221 0.125
2631 0.125
11718 0.121575
28880 0.120861
32223 0.120085
15012 0.117822
27840 0.115758
3887 0.115468
32708 0.115183
17137 0.115183
12525 0.115183
5824 0.115183
35346 0.114766
23089 0.114766
22914 0.114766
21886 0.114366
26476 0.113211
17154 0.113211
38956 0.111127
39401 0.111111
25307 0.111111
14943 0.111111
37441 0.11049
35615 0.11049
36796 0.107899
36313 0.107899
29634 0.106314
705 0.106314
3821 0.106197
27033 0.105793
38118 0.104985
1610 0.104985
31140 0.104433
32620 0.1
15039 0.1
233 0.1
20093 0.0988215
30897 0.0969246
23468 0.0969246
14934 0.0969246
7274 0.0963124
15225 0.0949649
16076 0.0926304
31240 0.0909091
19712 0.0909091
18963 0.0909091
15542 0.0909091
14795 0.0909091
4900 0.0909091
20928 0.08859
13337 0.08859
27740 0.087489
32552 0.0854984
10210 0.0854984
448 0.0854984
40649 0.0843194
39125 0.0833333
36948 0.0824675
25659 0.0824675
11488 0.0824675
6654 0.0824675
6140 0.0762214
38346 0.0751852
26928 0.0751852
26429 0.0751852
24400 0.0751852
29586 0.0750384
11243 0.0750384
1975 0.0750384
31622 0.0714286
26843 0.0714286
1390 0.0714286
23843 0.0699856
16283 0.0699856
631 0.0699856
38952 0.0684294
25765 0.0684294
21752 0.0684294
39337 0.0670027
31910 0.0666667
6097 0.0666667
5821 0.0663043
2781 0.0627095
34378 0.0625
26786 0.0625
11559 0.0625
10668 0.0625
6924 0.0625
18883 0.061551
19967 0.060644
34780 0.0588235
29768 0.0588235
7852 0.0588235
6707 0.0588235
29851 0.0581207
14858 0.0581207
12449 0.0581207
34923 0.0571603
32923 0.056928
12952 0.056928
31947 0.05636
21757 0.05636
26353 0.0555556
18555 0.0555556
17318 0.0555556
39436 0.055453
32562 0.055453
3068 0.055453
200 0.055453
31938 0.0527778
37546 0.05
25705 0.05
24972 0.05
22530 0.05
13937 0.05
7412 0.05
18842 0.0499684
3124 0.0499684
35444 0.047619
31312 0.047619
29311 0.047619
28912 0.047619
26512 0.047619
17921 0.047619
12893 0.047619
7624 0.047619
6849 0.047619
38539 0.0472411
36673 0.0472411
33112 0.0472411
29206 0.0472411
26541 0.0460231
25673 0.0460231
21889 0.0460231
11077 0.0460231
8035 0.0460231
26477 0.0456646
17393 0.0456646
11789 0.0456646
23251 0.0454545
19517 0.0454545
18561 0.0454545
8237 0.0454545
3877 0.0454545
38864 0.0434783
2618 0.0434783
155 0.0434783
27349 0.04
4856 0.04
1965 0.037037
37711 0.0357143
11052 0.0357143
30545 0.0322581
28560 0.0322581
9283 0.0322581
7051 0.0322581
6906 0.0322581
2797 0.0322581
277 0.0322581
39177 0.0320679
22313 0.0320679
22184 0.0320679
21703 0.0320679
13916 0.0320679
12569 0.0320679
4994 0.0320679
35414 0.03125
3291 0.03125
38535 0.030303
37729 0.030303
31352 0.030303
30425 0.030303
30057 0.030303
27161 0.030303
21393 0.030303
19032 0.030303
14534 0.030303
8592 0.030303
34 0.030303
16890 0.0285714
10923 0.0285714
8672 0.0285714
8027 0.0285714
27565 0.0263158
23898 0.0263158
19191 0.0263158
12321 0.0263158
40296 0.025641
39472 0.025641
35706 0.025641
34501 0.025641
34169 0.025641
31582 0.025641
28831 0.025641
25065 0.025641
24957 0.025641
23206 0.025641
22751 0.025641
21431 0.025641
20286 0.025641
18448 0.025641
14036 0.025641
14006 0.025641
8416 0.025641
7145 0.025641
6041 0.025641
5217 0.025641
4085 0.025641
328 0.025641
20084 0.025
8850 0.025
3002 0.025
934 0.025
39671 0.0204082
38558 0.0204082
34083 0.0204082
32611 0.0204082
29923 0.0204082
29237 0.0204082
25479 0.0204082
17287 0.0204082
16025 0.0204082
15276 0.0204082
14894 0.0204082
9823 0.0204082
9309 0.0204082
5085 0.0204082
4058 0.0204082
2877 0.0204082
302 0.0204082
25826 0.0196078
21338 0.0196078
18756 0.0196078
17412 0.0196078
13759 0.0196078
12834 0.0196078
10104 0.0196078
9583 0.0196078
8828 0.0196078
4484 0.0196078
4444 0.0196078
2899 0.0196078
592 0.0196078
38856 0.0185185
36027 0.0185185
31613 0.0185185
31248 0.0185185
29030 0.0185185
28177 0.0185185
26410 0.0185185
23735 0.0185185
20968 0.0185185
19593 0.0185185
8660 0.0185185
6864 0.0185185
5539 0.0185185
4872 0.0185185
4761 0.0185185
3018 0.0185185
427 0.0185185
37593 0.0181818
33119 0.0181818
30762 0.0181818
30676 0.0181818
30025 0.0181818
27280 0.0181818
23769 0.0181818
22368 0.0181818
17631 0.0181818
17373 0.0181818
17277 0.0181818
16773 0.0181818
15591 0.0181818
15029 0.0181818
14181 0.0181818
13234 0.0181818
10366 0.0181818
9189 0.0181818
7807 0.0181818
6859 0.0181818
3596 0.0181818
1326 0.0181818
38762 0.0166667
38583 0.0166667
37502 0.0166667
33175 0.0166667
30216 0.0166667
27208 0.0166667
25433 0.0166667
19391 0.0166667
14589 0.0166667
13433 0.0166667
11909 0.0166667
7464 0.0166667
7033 0.0166667
5488 0.0166667
938 0.0166667
80 0.0166667
10 0.0166667
39172 0.0163934
38262 0.0163934
37596 0.0163934
10601 0.0163934
7047 0.0163934
6462 0.0163934
697 0.0163934
36661 0.0111111
34043 0.0111111
33653 0.0111111
28381 0.0111111
27695 0.0111111
27453 0.0111111
26832 0.0111111
26323 0.0111111
24678 0.0111111
19511 0.0111111
16968 0.0111111
16501 0.0111111
13491 0.0111111
12766 0.0111111
12377 0.0111111
11540 0.0111111
8412 0.0111111
7306 0.0111111
3852 0.0111111
3535 0.0111111
40668 0.0107527
37800 0.0107527
37641 0.0107527
36160 0.0107527
35317 0.0107527
35265 0.0107527
34998 0.0107527
34179 0.0107527
33267 0.0107527
31631 0.0107527
26069 0.0107527
24116 0.0107527
17590 0.0107527
16715 0.0107527
13513 0.0107527
7001 0.0107527
5241 0.0107527
1886 0.0107527
428 0.0107527
1 0.0107527
39183 0.0102041
38344 0.0102041
37228 0.0102041
36540 0.0102041
34439 0.0102041
33028 0.0102041
29073 0.0102041
19313 0.0102041
18796 0.0102041
18407 0.0102041
18092 0.0102041
15416 0.0102041
15348 0.0102041
11863 0.0102041
11491 0.0102041
9196 0.0102041
8419 0.0102041
8408 0.0102041
7142 0.0102041
4296 0.0102041
2951 0.0102041
2837 0.0102041
2463 0.0102041
