8672 46764.5
19032 21890.6
18328 21698.2
17634 19798
27799 18675.2
32885 18579.2
7708 17645.5
5693 16340.4
10923 16101.3
22594 11853.2
1975 11230.8
23843 10724.1
3936 9132.09
34825 8386.61
2249 7821.74
27514 7596.61
8027 7428.27
37711 7051.09
10737 6913.8
26750 6699.66
24825 6631.23
52 6054.85
22228 5361.09
2885 5066.64
14544 5034.89
15603 3962.11
4405 3909.72
34768 3775.98
18950 3607.5
29997 3318.8
878 3251.27
16791 2908.96
20167 2888.07
40883 2863.61
363 2645.45
186 2617.93
40017 2545.92
23724 2519.69
23696 2441.35
13432 2368.43
7691 2347.54
6262 2048.42
5691 1964.49
33944 1856.61
36734 1822.46
32620 1806.91
9665 1771.16
30793 1739.24
3096 1695.35
37176 1637.33
3158 1593.33
34495 1590.08
13646 1458.45
17312 1427.69
543 1398.61
5214 1377.83
919 1319.05
3382 1304.98
33825 1300.53
23813 1237.88
4928 1231.5
29934 1194.59
987 1191.45
27434 1188.2
6096 1164.86
37924 1162.45
31283 1160.63
10980 1153.41
12620 1132.9
27892 1067.11
9561 1017.27
2241 989.696
22711 956.445
13043 939.965
27886 931.103
21097 919.845
8508 911.021
32760 897.521
2838 894.714
28380 894.039
26088 889.004
12709 869.933
8186 854.276
21983 814.749
2633 802.289
830 786.657
39791 785.258
35734 779.774
5066 769.718
6644 769.216
20489 766.595
10073 756.111
24239 748.054
39962 714.23
12431 704.633
10117 703.378
21859 702.519
12243 690.366
18274 679.747
23193 670.827
2659 661.911
30683 653.193
9831 643.988
28444 639.819
9846 637.283
40573 637.173
27410 633.585
11658 633.554
32342 624.395
36623 618.103
13654 613.705
865 606.715
27951 606.714
18209 601.28
25416 596.055
14603 589.891
26892 578.223
13334 572.095
26401 571.969
28917 567.033
16652 566.72
23014 566.198
9197 565.451
27003 562.769
6504 562.428
27926 560.036
12630 559.547
20966 550.542
9442 547.586
2867 539.658
15637 533.348
16945 530.46
34673 526.228
10423 520.685
2712 518.305
3245 510.372
31329 503.234
21911 500.255
24962 499.252
10523 498.723
19972 494.742
4785 489.851
15400 489.467
28089 485.073
32202 456.644
23154 454.541
29059 451.11
16853 451.073
30054 446.554
29143 441.328
21703 434.737
24125 433.997
11630 433.883
25445 429.848
22402 426.272
37048 425.175
14138 423.366
10057 420.915
14502 407.856
24013 403.718
17301 403.649
33189 403.452
28038 402.506
26923 398.91
24475 397.917
33078 395.718
27844 392.327
2106 391.074
5362 389.868
3297 388.37
1616 388.166
39695 383.254
21005 378.49
15237 377.934
24335 374.008
34543 373.651
18788 373.043
31581 366.785
17083 362.051
1318 361.57
23380 361.249
17406 358.358
26789 356.289
29737 351.636
33712 348.733
3447 342.049
14007 340.07
39743 337.322
25349 337.034
33664 336.207
36899 335.707
38002 334.915
28552 331.584
22227 328.798
40661 328.597
10953 328.447
19295 326.792
36952 325.43
19566 324.372
22890 324.166
17238 322.575
33545 321.354
13410 318.719
37523 314.352
37797 314.123
26152 310.14
10761 307.816
32857 306.624
23317 306.232
39515 305.667
13757 303.124
11958 301.821
2869 301.513
10880 300.263
5175 299.778
29269 299.528
18937 299.165
3494 298.862
3567 297.998
21889 296.788
6823 294.344
24454 293.016
37426 292.691
40869 287.283
9655 286.227
21686 285.171
22405 284.683
39495 282.524
1471 282.448
17399 281.695
23364 279.078
27425 278.33
4507 275.801
22557 274.615
24819 274.402
31354 273.75
23655 270.971
16890 269.54
12384 269.454
32 268.209
11453 267.252
24845 266.43
33667 265.76
29032 265.317
2840 265.093
21641 261.087
38535 259.761
15599 258.417
4406 257.821
40912 257.265
5373 256.053
3648 253.324
27766 251.678
16310 251.353
1091 249.027
3112 246.14
3600 245.966
34433 245.24
11615 245.078
26395 243.014
20169 242.617
10602 242.543
4538 242.479
24414 240.024
25543 239.145
12009 239.127
34357 238.03
37087 237.396
24678 236.224
11142 235.955
38662 235.555
4998 235.45
6992 233.419
2775 232.957
35253 231.707
13635 231.305
18616 230.819
2647 229.254
13194 227.829
38316 223.299
11626 223.16
31986 222.557
34167 222.544
9362 222.016
18011 221.85
15150 221.756
36467 220.165
3445 220.057
27149 219.767
25462 219.654
35096 217.038
1210 216.873
40829 216.641
28722 214.865
808 214.76
39565 214.01
35361 212.757
36528 212.604
21147 212.129
15592 211.289
22583 210.863
19589 209.201
30760 208.774
32933 208.194
15769 207.984
7894 207.609
33483 206.829
10100 206.448
128 205.993
8465 205.263
1427 205.104
5663 204.562
25476 203.428
22184 201.861
33490 200.598
11195 200.239
35063 199.977
3521 199.949
26011 199.918
1204 199.784
29629 199.119
28305 198.583
13581 198.121
6886 197.549
10277 197.317
36032 197.024
31509 195.574
39921 195.158
1659 194.943
738 194.884
18034 193.899
26555 193.782
6002 193.589
20250 193.506
25016 192.285
4851 191.868
10480 191.61
3363 190.947
11844 190.227
14565 189.413
4192 189.07
31964 188.194
25652 188.108
6061 187.688
28132 187.115
13422 186.727
36395 186.004
9019 184.323
18896 182.631
1468 182.361
2007 182.319
39112 181.654
16833 181.22
28904 178.623
35469 178.248
36128 178.149
24028 178.078
32797 177.989
10760 176.872
27646 176.848
31409 176.652
22990 174.219
30320 174.165
30668 173.676
39848 173.345
27623 173.137
12212 172.755
2289 172.369
18198 172.201
12217 172.028
35602 171.962
26653 171.521
39616 171.339
17075 169.738
12466 169.31
4520 169.147
3856 168.944
12510 168.809
20858 168.588
14311 168.412
10731 167.726
23432 166.677
29962 166.298
38283 164.375
24812 164.134
17687 163.831
1897 163.731
40205 162.399
35766 162.313
35346 162.22
32843 162.034
18332 161.941
17184 160.752
31030 160.224
38667 159.759
25083 159.695
29709 157.736
35985 157.468
15829 156.19
37888 155.801
31806 155.437
12812 154.114
11462 154.089
33267 153.933
3010 153.83
25337 152.578
34488 150.888
595 150.822
20068 150.641
5920 150.348
29746 149.874
37923 149.718
16618 148.435
25944 148.021
3880 147.69
24237 145.899
9378 145.791
16118 145.233
24986 144.524
2560 142.999
34704 142.824
33672 142.658
38970 142.223
3075 142.112
32229 142.085
13341 141.517
23553 141.498
39171 141.087
39623 140.93
4408 140.641
8867 139.751
40956 139.671
18770 139.433
37661 139.383
23309 138.214
25750 137.234
12569 136.948
28718 136.021
10361 135.822
23429 135.201
17460 135.069
31536 135.066
36292 135.054
37804 134.988
16947 134.596
39948 133.886
979 132.162
6365 132.127
6255 130.276
15352 130.197
24382 129.185
18754 128.518
39191 128.072
32975 127.427
20634 126.082
13881 126.058
26808 125.575
24213 124.947
32814 123.291
12518 122.164
22263 122.035
6592 122.004
1940 121.432
11128 121.4
3863 121.094
14201 120.977
33633 120.87
25413 120.632
16216 120.235
3311 120.181
23877 120.081
17999 119.873
32662 119.263
38141 119.059
7139 118.72
10009 118.716
7729 118.195
18890 117.9
15768 117.658
19041 116.827
39861 116.626
37940 116.531
17159 115.661
1628 114.427
21393 114.375
30335 113.991
40036 113.45
23714 113.134
12196 113.108
28543 113.028
37340 112.69
16012 112.507
21497 112.244
6173 111.884
31894 111.484
1655 111.408
12176 111.166
11859 110.468
15225 110.365
29498 110.342
