31301 4.86515
13432 3.51218
186 3.24495
13935 1.90617
5693 1.83564
37176 1.66934
23843 1.4
16791 0.921318
7411 0.861722
3494 0.802449
1975 0.720833
11836 0.694951
14544 0.611111
37818 0.611111
8672 0.583333
26607 0.521753
11116 0.468182
10073 0.441526
12630 0.402632
30436 0.395238
35359 0.389683
21521 0.384848
38836 0.379293
27425 0.373773
27514 0.367242
16659 0.367242
24013 0.340294
10901 0.340294
19032 0.333333
17822 0.333333
13043 0.333333
8508 0.333333
5214 0.333333
3010 0.333333
2616 0.333333
919 0.259743
20489 0.253409
17189 0.253409
36395 0.25
28148 0.25
26459 0.25
22594 0.25
10404 0.25
10117 0.25
1887 0.25
52 0.230592
38231 0.2
13077 0.2
11085 0.2
10436 0.2
37985 0.166667
37718 0.166667
36567 0.166667
27844 0.166667
20339 0.166667
18209 0.166667
16841 0.166667
16833 0.166667
12634 0.166667
34495 0.139505
32182 0.139505
26395 0.111111
23193 0.111111
9383 0.111111
8725 0.111111
30916 0.1
18274 0.1
14690 0.1
12701 0.1
35455 0.0909091
25083 0.0909091
24382 0.0909091
23724 0.0909091
20167 0.0909091
9655 0.0909091
8036 0.0909091
6096 0.0909091
5663 0.0909091
39406 0.0833333
35925 0.0833333
33033 0.0833333
24028 0.0833333
20350 0.0833333
20106 0.0833333
10361 0.0833333
8465 0.0833333
38073 0.0717532
36406 0.0717532
35879 0.0717532
34636 0.0717532
27322 0.0717532
22215 0.0717532
17634 0.0717532
8953 0.0717532
5920 0.0717532
2455 0.0717532
34825 0.0666667
20457 0.0666667
19243 0.0666667
18890 0.0666667
3025 0.0666667
40111 0.0625
39907 0.0625
37711 0.0625
32763 0.0625
27692 0.0625
26614 0.0625
16794 0.0625
16535 0.0625
12887 0.0625
11462 0.0625
9807 0.0625
3577 0.0625
2527 0.0625
40869 0.0588235
35870 0.0588235
34095 0.0588235
31735 0.0588235
10487 0.0588235
799 0.0588235
38668 0.0526316
34357 0.0526316
32959 0.0526316
32873 0.0526316
31861 0.0526316
31127 0.0526316
30261 0.0526316
27895 0.0526316
26435 0.0526316
26259 0.0526316
24493 0.0526316
18380 0.0526316
16092 0.0526316
14602 0.0526316
10407 0.0526316
10057 0.0526316
7213 0.0526316
6414 0.0526316
4785 0.0526316
4746 0.0526316
989 0.0526316
33679 0.0285714
25837 0.0285714
24818 0.0285714
20782 0.0285714
20174 0.0285714
14615 0.0285714
10737 0.0285714
6982 0.0285714
40546 0.025
33607 0.025
32809 0.025
31451 0.025
30054 0.025
28598 0.025
21389 0.025
20229 0.025
19566 0.025
13157 0.025
11202 0.025
8058 0.025
7702 0.025
6170 0.025
34529 0.0181818
33043 0.0181818
28380 0.0181818
27434 0.0181818
26892 0.0181818
26299 0.0181818
23933 0.0181818
23306 0.0181818
20755 0.0181818
20670 0.0181818
20359 0.0181818
17854 0.0181818
14584 0.0181818
13553 0.0181818
13051 0.0181818
12572 0.0181818
11443 0.0181818
10844 0.0181818
8870 0.0181818
6823 0.0181818
6693 0.0181818
2969 0.0181818
707 0.0181818
40980 0
40979 0
40978 0
40977 0
40976 0
40975 0
40974 0
40973 0
40972 0
40971 0
40970 0
40969 0
40968 0
40967 0
40966 0
40965 0
40964 0
40963 0
40962 0
40961 0
40960 0
40959 0
40958 0
40957 0
40956 0
40955 0
40954 0
40953 0
40952 0
40951 0
40950 0
40949 0
40948 0
40947 0
40946 0
40945 0
40944 0
40943 0
40942 0
40941 0
40940 0
40939 0
40938 0
40937 0
40936 0
40935 0
40934 0
40933 0
40932 0
40931 0
40930 0
40929 0
40928 0
40927 0
40926 0
40925 0
40924 0
40923 0
40922 0
40921 0
40920 0
40919 0
40918 0
40917 0
40916 0
40915 0
40914 0
40913 0
40912 0
40911 0
40910 0
40909 0
40908 0
40907 0
40906 0
40905 0
40904 0
40903 0
40902 0
40901 0
40900 0
40899 0
40898 0
40897 0
40896 0
40895 0
40894 0
40893 0
40892 0
40891 0
40890 0
40889 0
40888 0
40887 0
40886 0
40885 0
40884 0
40883 0
40882 0
40881 0
40880 0
40879 0
40878 0
40877 0
40876 0
40875 0
40874 0
40873 0
40872 0
40871 0
40870 0
40868 0
40867 0
40866 0
40865 0
40864 0
40863 0
40862 0
40861 0
40860 0
40859 0
40858 0
40857 0
40856 0
40855 0
40854 0
40853 0
40852 0
40851 0
40850 0
40849 0
40848 0
40847 0
40846 0
40845 0
40844 0
40843 0
40842 0
40841 0
40840 0
40839 0
40838 0
40837 0
40836 0
40835 0
40834 0
40833 0
40832 0
40831 0
40830 0
40829 0
40828 0
40827 0
40826 0
40825 0
40824 0
40823 0
40822 0
40821 0
40820 0
40819 0
40818 0
40817 0
40816 0
40815 0
40814 0
40813 0
40812 0
40811 0
40810 0
40809 0
40808 0
40807 0
40806 0
40805 0
40804 0
40803 0
40802 0
40801 0
40800 0
40799 0
40798 0
40797 0
40796 0
40795 0
40794 0
40793 0
40792 0
40791 0
40790 0
40789 0
40788 0
40787 0
40786 0
40785 0
40784 0
40783 0
40782 0
40781 0
40780 0
40779 0
40778 0
40777 0
40776 0
40775 0
40774 0
40773 0
40772 0
40771 0
40770 0
40769 0
40768 0
40767 0
40766 0
40765 0
40764 0
40763 0
40762 0
40761 0
40760 0
40759 0
40758 0
40757 0
40756 0
40755 0
40754 0
40753 0
40752 0
40751 0
40750 0
40749 0
40748 0
40747 0
40746 0
40745 0
40744 0
40743 0
40742 0
40741 0
40740 0
40739 0
40738 0
40737 0
40736 0
40735 0
40734 0
40733 0
40732 0
40731 0
40730 0
40729 0
40728 0
40727 0
40726 0
40725 0
40724 0
40723 0
40722 0
40721 0
40720 0
40719 0
40718 0
40717 0
40716 0
40715 0
40714 0
40713 0
40712 0
40711 0
40710 0
40709 0
40708 0
40707 0
40706 0
40705 0
40704 0
40703 0
40702 0
40701 0
40700 0
40699 0
40698 0
40697 0
40696 0
40695 0
40694 0
40693 0
40692 0
40691 0
40690 0
40689 0
40688 0
40687 0
40686 0
40685 0
40684 0
40683 0
40682 0
40681 0
40680 0
40679 0
40678 0
40677 0
40676 0
40675 0
40674 0
40673 0
40672 0
40671 0
40670 0
40669 0
40668 0
40667 0
40666 0
