39309 57.3861
1704 33.14
37039 26.0357
40340 19.07
31962 17.8377
4214 17.4316
8703 15.8387
37692 14.7202
987 13.7263
33336 12.0655
10578 11.2359
7101 10.5795
9326 10.5062
25662 9.55593
9107 9.37583
40902 9.33668
40920 9.08097
18609 8.48496
39967 8.00597
27438 7.66945
13325 7.15332
37194 6.74304
15670 6.72269
608 6.16699
30376 6.02216
5992 5.74165
17731 5.60344
23041 5.51007
37460 5.48846
22582 5.38208
211 5.31883
32215 5.13735
26276 4.94743
21700 4.84319
11050 4.56794
11603 4.46707
26662 4.4307
10372 4.41904
23799 4.4096
23843 4.40534
19706 4.40198
602 4.32622
36003 4.27742
1688 4.16562
18047 4.07528
9836 3.99872
19794 3.99031
11879 3.79803
13480 3.69375
11078 3.61857
31511 3.50486
2624 3.49637
12305 3.47405
16845 3.15792
2234 3.06337
15577 2.99296
27228 2.89004
29234 2.84486
35742 2.81964
1512 2.80045
13093 2.72752
5248 2.72545
38126 2.62212
30342 2.61902
4534 2.52766
35118 2.47393
16320 2.46904
32149 2.36513
31096 2.30302
5627 2.21955
37644 2.19
23144 2.18703
28037 2.17566
35842 2.14476
31686 1.99115
28060 1.89738
15655 1.89495
40961 1.8908
12359 1.87729
28763 1.85539
34794 1.82856
17377 1.75483
10837 1.71227
16458 1.70568
19128 1.60683
28044 1.58806
1699 1.47296
8739 1.46349
19032 1.35833
26300 1.33606
6168 1.32837
40308 1.32329
15582 1.32273
34710 1.24463
11788 1.22901
4379 1.16815
40828 1.16516
27397 1.15343
14021 1.15197
14275 1.14251
22594 1.11136
36004 1.10893
1792 1.06016
708 1.02691
40377 1.01813
5439 1.00572
5291 0.98621
10678 0.966198
33736 0.958988
4784 0.950909
3137 0.924462
39473 0.918662
9808 0.901751
14895 0.88605
40839 0.874031
9968 0.846471
19247 0.846421
5834 0.799598
18328 0.786235
5214 0.785354
32186 0.777258
32864 0.77536
24326 0.77534
12727 0.755172
19029 0.748995
37825 0.741185
11217 0.724193
3925 0.709814
31727 0.709382
30672 0.688359
20375 0.686351
12882 0.648546
3811 0.637033
17480 0.614866
29377 0.612815
33229 0.608167
5416 0.601097
12065 0.579696
23827 0.564513
4566 0.561876
31320 0.554875
13054 0.528609
869 0.527239
8415 0.518721
32216 0.507915
26816 0.497387
20987 0.496579
7073 0.485315
10546 0.482454
24897 0.466612
38754 0.466585
24478 0.455343
8678 0.453968
22717 0.43702
30916 0.416667
26915 0.398025
10103 0.384448
31283 0.379894
21305 0.37507
34504 0.371455
29217 0.365291
5534 0.356583
33181 0.35591
8174 0.353326
4998 0.349727
3773 0.346091
26640 0.335477
40736 0.333333
20801 0.333333
13194 0.330357
5490 0.326595
34669 0.325466
39210 0.319788
1858 0.3139
10049 0.311625
33610 0.30776
1593 0.302679
21183 0.296429
1862 0.295315
31819 0.293902
2433 0.293485
26156 0.286792
24947 0.284603
13108 0.281942
40193 0.272222
38745 0.26978
4521 0.268586
8743 0.261111
34540 0.260893
1308 0.25805
31525 0.257405
21694 0.256896
22267 0.253247
35368 0.249749
23497 0.249647
13475 0.245999
23627 0.245478
39497 0.243794
32871 0.239907
27034 0.239907
33770 0.237654
4426 0.234999
4768 0.233192
39903 0.232928
1975 0.232431
8672 0.226623
13744 0.225375
13730 0.222474
19756 0.221911
15471 0.221812
9329 0.219468
30798 0.216667
20289 0.209718
6364 0.204193
34768 0.2
32307 0.2
5451 0.2
1412 0.2
8256 0.198497
37532 0.186364
36454 0.185593
14116 0.182157
39212 0.182051
14856 0.177047
1841 0.177047
24908 0.172893
26920 0.170321
22839 0.166667
40883 0.166667
13879 0.166667
39 0.166667
25224 0.160985
30563 0.158863
17587 0.156942
32192 0.152517
27908 0.150265
11210 0.145683
18554 0.145172
14342 0.143052
38923 0.142857
26472 0.142857
20723 0.142857
15332 0.142857
7340 0.142857
25147 0.142303
30227 0.140741
595 0.140212
19064 0.139768
21050 0.138235
37863 0.129247
11834 0.128629
36025 0.128176
6150 0.12554
38447 0.125
23202 0.125
14161 0.125
12310 0.125
4546 0.125
1629 0.125
40438 0.121325
40005 0.121325
27709 0.121325
18155 0.121325
5614 0.121325
25146 0.119568
33450 0.116124
28552 0.114176
30166 0.111111
25601 0.111111
38831 0.1
24306 0.1
18582 0.1
9561 0.1
1292 0.1
25555 0.0983165
22312 0.0983165
2874 0.0973345
9914 0.0956511
2208 0.0947964
35416 0.0942127
29148 0.0931561
25296 0.0909091
24532 0.0909091
17133 0.0909091
5362 0.0909091
32429 0.0902828
36343 0.0878823
28615 0.0878823
2855 0.0878823
2002 0.0878823
25337 0.0833333
19198 0.0833333
9681 0.0833333
9665 0.0833333
1313 0.0833333
13703 0.0823734
23642 0.0802467
7854 0.0799887
33673 0.0769231
27261 0.0755119
8693 0.0729988
37888 0.0714286
10120 0.0699074
822 0.0699074
29121 0.0674273
30600 0.0666667
28500 0.0666667
23187 0.0666667
20250 0.0666667
16390 0.0666667
39640 0.0625
38774 0.0625
17454 0.0625
797 0.0625
35112 0.0617959
14547 0.0617959
28854 0.059852
2102 0.059852
39458 0.0580484
34737 0.0555556
16137 0.0555556
8102 0.0528216
17664 0.0526316
4760 0.0526316
34113 0.0504231
29761 0.0504231
28704 0.0504231
14698 0.0504231
14246 0.0504231
8370 0.0504231
7791 0.0504231
1810 0.0504231
34335 0.05
29117 0.05
2865 0.05
29818 0.047619
22111 0.047619
13103 0.0434783
6060 0.0434783
40296 0.0416667
26730 0.0416667
26069 0.0416667
9447 0.0416667
40623 0.0401943
39490 0.0401943
38409 0.0401943
34419 0.0401943
22752 0.0401943
20005 0.0401943
19301 0.0401943
8863 0.0401943
5705 0.0401943
31632 0.04
31509 0.0384615
33408 0.037037
26935 0.037037
10288 0.037037
8823 0.037037
37466 0.0357143
35393 0.0357143
31397 0.0357143
25588 0.0357143
20609 0.0357143
19686 0.0357143
17734 0.0357143
13668 0.0357143
11121 0.0357143
8328 0.0357143
5865 0.0357143
5604 0.0357143
1052 0.0357143
33632 0.0344828
23443 0.0344828
13593 0.0344828
36396 0.0333333
8777 0.0333333
30412 0.03125
39713 0.0294118
28868 0.0294118
28145 0.0294118
14729 0.0294118
10380 0.0294118
10281 0.0294118
3504 0.0294118
38992 0.0285714
25701 0.0285714
22374 0.0285714
19285 0.0285714
14872 0.0285714
9048 0.0285714
7985 0.0285714
7510 0.0285714
6629 0.0285714
4850 0.0285714
1580 0.0285714
34550 0.0277778
25142 0.027027
20568 0.027027
8178 0.027027
7763 0.027027
36826 0.025641
19566 0.025641
9963 0.025641
38805 0.0243902
37575 0.0243902
29587 0.0243902
21696 0.0243902
19154 0.0243902
14192 0.0243902
6676 0.0243902
3947 0.0243902
34752 0.0232558
24052 0.0232558
23698 0.0232558
19716 0.0232558
35276 0.0217391
14862 0.0212766
38535 0.0163934
36734 0.0163934
33768 0.0163934
32043 0.0163934
30665 0.0163934
26095 0.0163934
23108 0.0163934
21548 0.0163934
20171 0.0163934
18248 0.0163934
16395 0.0163934
15416 0.0163934
12922 0.0163934
1508 0.0163934
4 0.0163934
27647 0.016129
25702 0.016129
10345 0.016129
9623 0.016129
6646 0.016129
40342 0.0153846
38659 0.0153846
36313 0.0153846
33898 0.0153846
33377 0.0153846
30136 0.0153846
29245 0.0153846
27799 0.0153846
26794 0.0153846
25449 0.0153846
24790 0.0153846
23432 0.0153846
21516 0.0153846
21323 0.0153846
20840 0.0153846
20704 0.0153846
19889 0.0153846
16806 0.0153846
15916 0.0153846
15012 0.0153846
14943 0.0153846
12569 0.0153846
9026 0.0153846
6336 0.0153846
6140 0.0153846
5875 0.0153846
3535 0.0153846
2885 0.0153846
905 0.0153846
224 0.0153846
2594 0.0151515
17668 0.0140845
15179 0.0140845
13926 0.0140845
13637 0.0140845
13176 0.0140845
9382 0.0140845
7994 0.0140845
3660 0.0140845
878 0.0140845
40571 0.00740741
38382 0.00740741
37738 0.00740741
35820 0.00740741
32709 0.00740741
31913 0.00740741
31548 0.00740741
28057 0.00740741
27179 0.00740741
26968 0.00740741
23620 0.00740741
23102 0.00740741
20378 0.00740741
18884 0.00740741
16763 0.00740741
16631 0.00740741
13591 0.00740741
13190 0.00740741
2879 0.00740741
40980 0
40979 0
40978 0
40977 0
