9064 14.53
38923 9.59848
19032 6.24698
22594 4.53693
37986 4.36667
9665 3.00649
28632 2.78333
987 2.11905
20723 2.02424
40883 1.72619
31283 1.63596
5214 1.45952
17202 1.42619
2840 1.35758
23843 1.29091
28345 1.22273
21911 1.03225
14465 0.916667
2112 0.833333
2647 0.813636
35253 0.72619
32202 0.683333
20250 0.67619
27799 0.657148
34768 0.642857
878 0.624242
13043 0.611926
8465 0.611926
24414 0.606061
8672 0.6
32885 0.590909
20167 0.590909
10480 0.542857
1642 0.472727
32620 0.45
37924 0.429167
16789 0.389394
10923 0.356061
18548 0.333333
17301 0.333333
16227 0.333333
13194 0.333333
10761 0.333333
1292 0.333333
1975 0.330128
40340 0.327381
31962 0.327381
8703 0.327381
31509 0.313636
9561 0.313636
30793 0.296037
27926 0.296037
22711 0.296037
38970 0.25
36464 0.25
30930 0.25
26601 0.25
16254 0.25
14699 0.25
13254 0.25
12327 0.25
9983 0.25
6262 0.25
5829 0.25
766 0.25
5561 0.232906
2885 0.232906
40569 0.2
26152 0.2
26069 0.2
22979 0.2
19133 0.2
15400 0.2
9773 0.2
3210 0.2
2401 0.2
26248 0.166667
23696 0.166667
21323 0.166667
19428 0.166667
18798 0.166667
18328 0.166667
13635 0.166667
12300 0.166667
7671 0.166667
4111 0.166667
33342 0.153593
32229 0.153593
24028 0.153593
20106 0.153593
10361 0.153593
2263 0.153593
36395 0.142857
17129 0.142857
16679 0.142857
39309 0.125
25117 0.125
10865 0.125
36528 0.111111
35346 0.111111
11975 0.111111
37227 0.1
37104 0.1
34849 0.1
26287 0.1
18863 0.1
18836 0.1
18281 0.1
12954 0.1
10513 0.1
6755 0.1
658 0.1
40688 0.0909091
32026 0.0909091
28500 0.0909091
28275 0.0909091
23724 0.0909091
22501 0.0909091
22405 0.0909091
18428 0.0909091
16745 0.0909091
16576 0.0909091
16298 0.0909091
14543 0.0909091
14138 0.0909091
13926 0.0909091
13052 0.0909091
7994 0.0909091
7125 0.0909091
4713 0.0909091
25337 0.0833333
2604 0.0833333
29913 0.0625
29162 0.0625
26148 0.0625
18946 0.0625
33033 0.0526316
28552 0.0526316
18503 0.0526316
12623 0.0526316
10950 0.0526316
534 0.0526316
39962 0.0384615
38141 0.0384615
36952 0.0384615
36474 0.0384615
35734 0.0384615
34664 0.0384615
33267 0.0384615
30054 0.0384615
26137 0.0384615
24239 0.0384615
21183 0.0384615
20789 0.0384615
20350 0.0384615
19615 0.0384615
19566 0.0384615
17368 0.0384615
17312 0.0384615
17277 0.0384615
16212 0.0384615
16047 0.0384615
15922 0.0384615
15236 0.0384615
14886 0.0384615
13543 0.0384615
13157 0.0384615
12911 0.0384615
11626 0.0384615
10444 0.0384615
9197 0.0384615
8261 0.0384615
830 0.0384615
40828 0.0357143
39967 0.0357143
37039 0.0357143
36004 0.0357143
32186 0.0357143
31511 0.0357143
31389 0.0357143
30376 0.0357143
28763 0.0357143
27438 0.0357143
26816 0.0357143
25662 0.0357143
19706 0.0357143
18609 0.0357143
18047 0.0357143
17377 0.0357143
11050 0.0357143
10578 0.0357143
9326 0.0357143
5627 0.0357143
1704 0.0357143
608 0.0357143
38906 0.0227273
37935 0.0227273
34433 0.0227273
33185 0.0227273
30916 0.0227273
30864 0.0227273
28444 0.0227273
27963 0.0227273
27104 0.0227273
24382 0.0227273
24002 0.0227273
22879 0.0227273
20808 0.0227273
20489 0.0227273
20229 0.0227273
18274 0.0227273
17715 0.0227273
17075 0.0227273
16968 0.0227273
15484 0.0227273
13432 0.0227273
10731 0.0227273
10073 0.0227273
7610 0.0227273
6563 0.0227273
6096 0.0227273
5663 0.0227273
5153 0.0227273
3936 0.0227273
939 0.0227273
52 0.0227273
40980 0
40979 0
40978 0
40977 0
40976 0
40975 0
40974 0
40973 0
40972 0
40971 0
40970 0
40969 0
40968 0
40967 0
40966 0
40965 0
40964 0
40963 0
40962 0
40961 0
40960 0
40959 0
40958 0
40957 0
40956 0
40955 0
40954 0
40953 0
40952 0
40951 0
40950 0
40949 0
40948 0
40947 0
40946 0
40945 0
40944 0
40943 0
40942 0
40941 0
40940 0
40939 0
40938 0
40937 0
40936 0
40935 0
40934 0
40933 0
40932 0
40931 0
40930 0
40929 0
40928 0
40927 0
40926 0
40925 0
40924 0
40923 0
40922 0
40921 0
40920 0
40919 0
40918 0
40917 0
40916 0
40915 0
40914 0
40913 0
40912 0
40911 0
40910 0
40909 0
40908 0
40907 0
40906 0
40905 0
40904 0
40903 0
40902 0
40901 0
40900 0
40899 0
40898 0
40897 0
40896 0
40895 0
40894 0
40893 0
40892 0
40891 0
40890 0
40889 0
40888 0
40887 0
40886 0
40885 0
40884 0
40882 0
40881 0
40880 0
40879 0
40878 0
40877 0
40876 0
40875 0
40874 0
40873 0
40872 0
40871 0
40870 0
40869 0
40868 0
40867 0
40866 0
40865 0
40864 0
40863 0
40862 0
40861 0
40860 0
40859 0
40858 0
40857 0
40856 0
40855 0
40854 0
40853 0
40852 0
40851 0
40850 0
40849 0
40848 0
40847 0
40846 0
40845 0
40844 0
40843 0
40842 0
40841 0
40840 0
40839 0
40838 0
40837 0
40836 0
40835 0
40834 0
40833 0
40832 0
40831 0
40830 0
40829 0
40827 0
40826 0
40825 0
40824 0
40823 0
40822 0
40821 0
40820 0
40819 0
40818 0
40817 0
40816 0
40815 0
40814 0
40813 0
40812 0
40811 0
40810 0
40809 0
40808 0
40807 0
40806 0
40805 0
40804 0
40803 0
40802 0
40801 0
40800 0
40799 0
40798 0
40797 0
40796 0
40795 0
40794 0
40793 0
40792 0
40791 0
40790 0
40789 0
40788 0
40787 0
40786 0
40785 0
40784 0
40783 0
40782 0
40781 0
40780 0
40779 0
40778 0
40777 0
40776 0
40775 0
40774 0
40773 0
40772 0
40771 0
40770 0
40769 0
40768 0
40767 0
40766 0
40765 0
40764 0
40763 0
40762 0
40761 0
40760 0
40759 0
40758 0
40757 0
40756 0
40755 0
40754 0
40753 0
40752 0
40751 0
40750 0
40749 0
40748 0
40747 0
40746 0
40745 0
40744 0
40743 0
40742 0
40741 0
40740 0
40739 0
40738 0
40737 0
40736 0
40735 0
40734 0
40733 0
40732 0
40731 0
40730 0
40729 0
40728 0
40727 0
40726 0
40725 0
40724 0
40723 0
40722 0
40721 0
40720 0
40719 0
40718 0
40717 0
40716 0
40715 0
40714 0
40713 0
40712 0
40711 0
40710 0
40709 0
40708 0
40707 0
40706 0
40705 0
