28776 5.29712
21015 2.55737
3012 2.3173
38449 2.28424
34488 1.81767
14251 1.74977
1158 1.6307
33265 1.28492
11027 1.06517
27287 1.05652
40341 1.00265
13392 0.98993
8975 0.976905
4879 0.86435
3263 0.845874
19135 0.822615
14852 0.8015
27767 0.781998
28751 0.75961
19096 0.733333
16549 0.72771
22254 0.677303
21952 0.623158
40425 0.616667
19629 0.572384
16210 0.556061
22913 0.551849
25092 0.534704
33975 0.521406
9333 0.516443
14163 0.512584
18227 0.492594
20698 0.485212
14866 0.485212
30566 0.482258
5842 0.475981
31583 0.425
4429 0.416667
3296 0.403218
37377 0.397024
17387 0.391667
24005 0.378743
5798 0.353658
14656 0.347777
34964 0.336551
34065 0.327546
9628 0.326128
24726 0.312688
39119 0.289148
2922 0.278409
29879 0.276786
29438 0.276449
28984 0.27549
28981 0.275359
36498 0.274673
3396 0.267247
15119 0.253664
39976 0.25
28165 0.25
25898 0.25
21608 0.25
35428 0.239644
21116 0.21244
29532 0.2
25972 0.2
2930 0.2
7323 0.189776
37727 0.183333
30818 0.183333
7491 0.183333
20275 0.181876
20274 0.181833
438 0.181833
34630 0.175667
38903 0.166667
11222 0.166667
5407 0.166667
14635 0.162121
8141 0.162121
11456 0.151416
18597 0.148925
26489 0.144546
21692 0.144546
88 0.144379
37266 0.143599
24630 0.143599
39099 0.142857
35489 0.142857
35399 0.142857
18226 0.142857
16084 0.142857
13163 0.142857
26619 0.138676
4261 0.129527
22129 0.129133
36964 0.127239
27184 0.127239
15638 0.127239
27544 0.125
12805 0.125
25071 0.123927
11545 0.123927
18534 0.122572
3470 0.120346
34759 0.120251
28661 0.120251
21704 0.116457
12533 0.116457
38381 0.111111
35805 0.11036
15340 0.11036
29822 0.110293
10717 0.110293
6032 0.110293
37089 0.10961
23544 0.10961
22523 0.103325
14105 0.103325
37771 0.1
34939 0.1
28678 0.1
15573 0.1
14829 0.1
14563 0.1
13839 0.1
12773 0.1
8202 0.1
5237 0.1
671 0.1
9728 0.0936543
31215 0.0922897
25338 0.0922897
21677 0.0922897
17987 0.0922897
12024 0.0922897
32988 0.0909091
23381 0.0909091
21935 0.0909091
21410 0.0887127
7570 0.0887127
28267 0.0833333
25967 0.0833333
9464 0.0833333
6722 0.0833333
2805 0.0833333
22662 0.0799041
34461 0.0793756
31709 0.0746731
27851 0.0746731
19281 0.0746731
15250 0.0746731
34651 0.0743818
32078 0.0743818
12691 0.0743818
19526 0.0735638
12120 0.0730101
17554 0.0719593
10868 0.0719593
24345 0.0714286
19456 0.0714286
18289 0.0714286
14412 0.0714286
11590 0.0714286
22181 0.0711162
35843 0.0666667
33299 0.0666667
37164 0.0588235
19917 0.0588235
13022 0.0588235
3950 0.0588235
37802 0.0558334
35863 0.0558334
33082 0.0558334
28272 0.0558334
13277 0.0558334
22701 0.0555556
18944 0.0555556
18571 0.0555556
6389 0.0555556
31998 0.0536167
30315 0.0536167
27232 0.0536167
9696 0.0536167
36786 0.0526316
35419 0.0526316
24303 0.0526316
13127 0.0526316
12198 0.0526316
8845 0.0526316
7855 0.0526316
7189 0.0526316
27165 0.0517227
11452 0.0517227
10082 0.0517227
38454 0.0508918
36714 0.0508918
28124 0.0508918
8811 0.0508918
7817 0.0508918
3516 0.0508918
39195 0.05
36222 0.05
35284 0.05
34386 0.05
33970 0.05
31657 0.05
31022 0.05
28465 0.05
27773 0.05
24359 0.05
19727 0.05
19066 0.05
18049 0.05
17566 0.05
15749 0.05
15112 0.05
12342 0.05
10937 0.05
10092 0.05
9906 0.05
1616 0.05
33285 0.047619
27421 0.047619
23935 0.047619
23128 0.047619
19257 0.047619
32380 0.0454545
28780 0.0454545
24442 0.0454545
17676 0.0454545
7304 0.0454545
3584 0.0454545
28186 0.04
25062 0.04
22628 0.04
21968 0.04
17891 0.04
9841 0.04
4424 0.04
3306 0.04
722 0.04
38160 0.037037
33270 0.037037
32872 0.037037
29954 0.037037
28556 0.037037
25000 0.037037
24673 0.037037
24292 0.037037
23005 0.037037
22197 0.037037
22168 0.037037
21340 0.037037
18733 0.037037
18359 0.037037
9977 0.037037
8632 0.037037
3850 0.037037
3547 0.037037
3114 0.037037
2274 0.037037
1258 0.037037
1009 0.037037
40733 0.0333333
27797 0.0333333
25448 0.0333333
19874 0.0333333
13201 0.0333333
8491 0.0333333
1434 0.0333333
38988 0.0322581
38348 0.0322581
37624 0.0322581
34387 0.0322581
31667 0.0322581
27620 0.0322581
27289 0.0322581
21059 0.0322581
20262 0.0322581
20135 0.0322581
10368 0.0322581
6087 0.0322581
621 0.0322581
604 0.0322581
40169 0.027027
39815 0.027027
38919 0.027027
38620 0.027027
37145 0.027027
34948 0.027027
30473 0.027027
28970 0.027027
27609 0.027027
27296 0.027027
26301 0.027027
26081 0.027027
20935 0.027027
18576 0.027027
17476 0.027027
15684 0.027027
15572 0.027027
13802 0.027027
9960 0.027027
9315 0.027027
5135 0.027027
4577 0.027027
2498 0.027027
2059 0.027027
964 0.027027
907 0.027027
38174 0.0243902
35318 0.0243902
34807 0.0243902
33431 0.0243902
32587 0.0243902
29643 0.0243902
26737 0.0243902
19909 0.0243902
17005 0.0243902
14958 0.0243902
13787 0.0243902
13504 0.0243902
8172 0.0243902
5970 0.0243902
2568 0.0243902
2015 0.0243902
1093 0.0243902
36052 0.0238095
33668 0.0238095
30111 0.0238095
28578 0.0238095
27871 0.0238095
26916 0.0238095
24686 0.0238095
17850 0.0238095
15377 0.0238095
14835 0.0238095
14828 0.0238095
14003 0.0238095
13978 0.0238095
7479 0.0238095
6843 0.0238095
6332 0.0238095
4883 0.0238095
198 0.0238095
39141 0.0232558
37260 0.0232558
36833 0.0232558
35705 0.0232558
35549 0.0232558
35025 0.0232558
31772 0.0232558
31322 0.0232558
30656 0.0232558
28930 0.0232558
28533 0.0232558
25494 0.0232558
22669 0.0232558
21960 0.0232558
18882 0.0232558
14880 0.0232558
13962 0.0232558
13404 0.0232558
13318 0.0232558
12455 0.0232558
11241 0.0232558
10454 0.0232558
6601 0.0232558
6594 0.0232558
3578 0.0232558
1595 0.0232558
641 0.0232558
32684 0.0227273
32270 0.0227273
31967 0.0227273
31540 0.0227273
28794 0.0227273
28646 0.0227273
28285 0.0227273
27522 0.0227273
26285 0.0227273
25066 0.0227273
23416 0.0227273
21049 0.0227273
16720 0.0227273
16714 0.0227273
15088 0.0227273
13594 0.0227273
12521 0.0227273
10211 0.0227273
8385 0.0227273
7783 0.0227273
5231 0.0227273
2890 0.0227273
775 0.0227273
38660 0.0208333
36577 0.0208333
35878 0.0208333
24801 0.0208333
23803 0.0208333
23063 0.0208333
17643 0.0208333
5118 0.0208333
544 0.0208333
144 0.0208333
38365 0.0188679
38349 0.0188679
32678 0.0188679
32284 0.0188679
29747 0.0188679
27959 0.0188679
25229 0.0188679
24444 0.0188679
22069 0.0188679
21657 0.0188679
19232 0.0188679
15602 0.0188679
13559 0.0188679
12754 0.0188679
8965 0.0188679
6940 0.0188679
2492 0.0188679
39763 0.00763359
39628 0.00763359
39203 0.00763359
36179 0.00763359
35862 0.00763359
35709 0.00763359
35642 0.00763359
35487 0.00763359
35454 0.00763359
34260 0.00763359
32335 0.00763359
32006 0.00763359
31689 0.00763359
31527 0.00763359
30258 0.00763359
30104 0.00763359
29885 0.00763359
29765 0.00763359
29416 0.00763359
29182 0.00763359
29178 0.00763359
29055 0.00763359
28608 0.00763359
28174 0.00763359
27377 0.00763359
26865 0.00763359
26517 0.00763359
25977 0.00763359
25877 0.00763359
25608 0.00763359
24476 0.00763359
24412 0.00763359
23383 0.00763359
22937 0.00763359
22626 0.00763359
22448 0.00763359
22280 0.00763359
21866 0.00763359
20716 0.00763359
20372 0.00763359
20300 0.00763359
20218 0.00763359
18280 0.00763359
18276 0.00763359
18272 0.00763359
17896 0.00763359
17804 0.00763359
17686 0.00763359
17239 0.00763359
16883 0.00763359
16434 0.00763359
14393 0.00763359
13154 0.00763359
13094 0.00763359
12390 0.00763359
11938 0.00763359
11915 0.00763359
11793 0.00763359
11045 0.00763359
9990 0.00763359
8954 0.00763359
7177 0.00763359
7034 0.00763359
7012 0.00763359
6466 0.00763359
6254 0.00763359
5063 0.00763359
4989 0.00763359
4840 0.00763359
4781 0.00763359
4555 0.00763359
3576 0.00763359
1613 0.00763359
795 0.00763359
552 0.00763359
228 0.00763359
40980 0
40979 0
