36888 1.85067
20225 1.68373
9576 1.39413
4855 1.05471
38354 0.97028
2868 0.945387
17760 0.834066
39696 0.768254
704 0.734466
3113 0.723543
29352 0.630376
38331 0.587834
8049 0.568686
13710 0.508259
1713 0.490339
400 0.486111
32733 0.482522
146 0.464706
21341 0.456718
23843 0.443478
38138 0.422713
4400 0.422713
27882 0.422214
2269 0.395897
8672 0.366667
8339 0.333172
9814 0.329371
34768 0.329193
26061 0.318763
23037 0.301581
21699 0.298101
29345 0.294613
21360 0.294613
13918 0.294613
31208 0.291667
33957 0.281313
11238 0.281313
8450 0.281313
40406 0.270455
24413 0.256696
22329 0.256696
2771 0.251511
19590 0.25
15309 0.240277
22357 0.219755
13676 0.215919
7110 0.215202
36169 0.207998
26632 0.207998
18504 0.207998
9705 0.207998
18328 0.2
6194 0.2
6180 0.2
35764 0.192033
12450 0.192033
9707 0.192033
1421 0.190584
4040 0.185917
2344 0.185917
2089 0.175257
28339 0.172897
495 0.169681
39450 0.163578
25403 0.161995
13253 0.161995
17831 0.157201
39250 0.154424
37476 0.154424
24496 0.154424
27507 0.142857
9061 0.142857
16281 0.138316
4755 0.138316
3498 0.138316
25964 0.136251
5713 0.132679
4463 0.132679
37916 0.129788
19930 0.129471
18078 0.129471
16627 0.129471
28212 0.125
16562 0.124249
20806 0.121925
1146 0.121925
39117 0.118615
28368 0.118615
9167 0.118615
7682 0.118615
35623 0.115079
20246 0.114356
5670 0.114356
37129 0.114068
34084 0.114068
37294 0.111551
20804 0.111551
210 0.111551
32652 0.111111
31482 0.111111
9324 0.111111
4471 0.111111
25216 0.108967
23678 0.108967
19984 0.108967
6476 0.108225
1058 0.108225
33701 0.101856
26820 0.101856
18202 0.101856
39758 0.101389
4010 0.101389
27293 0.0982143
17426 0.0917208
16163 0.0917208
12676 0.0917208
26904 0.0911836
16510 0.0911836
38961 0.0909091
31647 0.0909091
31373 0.0909091
25007 0.0909091
17034 0.0909091
13309 0.0909091
2978 0.0909091
35593 0.0873249
27635 0.0873249
17218 0.0800944
16837 0.0800944
1302 0.0769231
32798 0.0732097
23903 0.0732097
12332 0.0732097
4033 0.0732097
2123 0.0732097
435 0.0732097
32399 0.072073
27855 0.072073
13558 0.072073
10071 0.072073
40812 0.071841
19155 0.071841
14990 0.071841
8895 0.0709927
8164 0.0709927
3239 0.0709927
34746 0.0666667
34039 0.0666667
30274 0.0666667
22398 0.0666667
18847 0.0666667
11676 0.0666667
5290 0.0666667
4250 0.0666667
1264 0.0666667
40395 0.0639469
24547 0.0639469
23406 0.0639469
17380 0.0639469
5847 0.0639469
18566 0.0625
40881 0.0617965
35073 0.0617965
30842 0.0617965
14557 0.0617965
14147 0.0617965
11084 0.0617965
4186 0.0617965
29401 0.0588235
15811 0.0588235
8457 0.0588235
35619 0.0555556
39794 0.0539216
32783 0.0539216
31516 0.0539216
30700 0.0539216
29605 0.0539216
3014 0.0539216
35929 0.0515024
33669 0.0515024
31050 0.0515024
30524 0.0515024
28639 0.0515024
8753 0.0515024
6073 0.0515024
5312 0.0515024
1961 0.0515024
32581 0.0507198
26469 0.0507198
24190 0.0507198
24169 0.0507198
19355 0.0507198
19103 0.0507198
30516 0.047619
20965 0.0454545
11033 0.0454545
37431 0.0441919
34738 0.0441919
34061 0.0441919
29608 0.0441919
28400 0.0441919
27189 0.0441919
26951 0.0441919
22011 0.0441919
8920 0.0441919
6405 0.0441919
4783 0.0441919
3792 0.0441919
29585 0.0434783
19711 0.0434783
18745 0.0434783
9805 0.0434783
1671 0.0434783
36309 0.0384615
35266 0.0384615
26129 0.0384615
11703 0.0384615
1496 0.0384615
39810 0.0371308
38308 0.0371308
33833 0.0371308
31155 0.0371308
29079 0.0371308
25464 0.0371308
20766 0.0371308
10195 0.0371308
7123 0.0371308
40468 0.037037
37764 0.037037
3488 0.037037
35168 0.030303
13456 0.030303
7146 0.030303
6869 0.030303
29502 0.0294118
25230 0.0294118
11428 0.0294118
32438 0.027027
28162 0.027027
20908 0.027027
6084 0.027027
39798 0.0238095
32853 0.0238095
38997 0.0227273
37311 0.0227273
35477 0.0227273
22811 0.0227273
22535 0.0227273
19784 0.0227273
19275 0.0227273
18255 0.0227273
17012 0.0227273
16312 0.0227273
14450 0.0227273
9057 0.0227273
6831 0.0227273
39420 0.0217391
33338 0.0217391
31209 0.0217391
28909 0.0217391
20429 0.0217391
17242 0.0217391
12513 0.0217391
7590 0.0217391
33786 0.0208333
32922 0.0208333
28308 0.0208333
24827 0.0208333
15866 0.0208333
9195 0.0208333
336 0.0208333
39233 0.0147059
35298 0.0147059
34968 0.0147059
34088 0.0147059
24942 0.0147059
21715 0.0147059
16722 0.0147059
15999 0.0147059
9188 0.0147059
8536 0.0147059
4088 0.0147059
2011 0.0147059
172 0.0147059
35867 0.0138889
33925 0.0138889
32005 0.0138889
24564 0.0138889
18482 0.0138889
9843 0.0138889
5133 0.0138889
39655 0.00980392
39152 0.00980392
36979 0.00980392
27047 0.00980392
26839 0.00980392
25391 0.00980392
24220 0.00980392
23159 0.00980392
22748 0.00980392
19938 0.00980392
18346 0.00980392
14728 0.00980392
14536 0.00980392
10733 0.00980392
10460 0.00980392
10014 0.00980392
9352 0.00980392
4812 0.00980392
4231 0.00980392
3893 0.00980392
3271 0.00980392
1798 0.00980392
31 0.00980392
40762 0.00649351
39023 0.00649351
36915 0.00649351
35900 0.00649351
33380 0.00649351
32700 0.00649351
32408 0.00649351
31194 0.00649351
30503 0.00649351
29753 0.00649351
29545 0.00649351
28539 0.00649351
27070 0.00649351
26844 0.00649351
26790 0.00649351
26123 0.00649351
26079 0.00649351
25692 0.00649351
25326 0.00649351
25251 0.00649351
23902 0.00649351
22865 0.00649351
22793 0.00649351
22634 0.00649351
22363 0.00649351
22330 0.00649351
21095 0.00649351
20796 0.00649351
19985 0.00649351
19602 0.00649351
16349 0.00649351
16098 0.00649351
15903 0.00649351
15663 0.00649351
15483 0.00649351
15003 0.00649351
14785 0.00649351
12871 0.00649351
12392 0.00649351
11884 0.00649351
10145 0.00649351
9877 0.00649351
9363 0.00649351
9070 0.00649351
8424 0.00649351
5811 0.00649351
5399 0.00649351
3865 0.00649351
3289 0.00649351
2684 0.00649351
1944 0.00649351
417 0.00649351
40980 0
40979 0
40978 0
40977 0
40976 0
40975 0
40974 0
40973 0
40972 0
40971 0
40970 0
40969 0
40968 0
40967 0
40966 0
40965 0
40964 0
40963 0
40962 0
40961 0
40960 0
40959 0
40958 0
40957 0
40956 0
40955 0
40954 0
40953 0
40952 0
40951 0
40950 0
40949 0
40948 0
40947 0
40946 0
40945 0
40944 0
40943 0
40942 0
40941 0
40940 0
40939 0
40938 0
40937 0
40936 0
40935 0
40934 0
40933 0
40932 0
40931 0
40930 0
40929 0
40928 0
40927 0
40926 0
40925 0
40924 0
40923 0
40922 0
40921 0
40920 0
40919 0
40918 0
40917 0
40916 0
40915 0
40914 0
40913 0
40912 0
40911 0
40910 0
40909 0
40908 0
40907 0
40906 0
40905 0
40904 0
40903 0
40902 0
40901 0
40900 0
40899 0
40898 0
40897 0
40896 0
40895 0
40894 0
40893 0
40892 0
40891 0
40890 0
40889 0
40888 0
40887 0
40886 0
40885 0
40884 0
40883 0
40882 0
40880 0
40879 0
40878 0
40877 0
40876 0
40875 0
40874 0
40873 0
40872 0
40871 0
40870 0
40869 0
40868 0
40867 0
40866 0
40865 0
40864 0
40863 0
40862 0
40861 0
40860 0
40859 0
40858 0
40857 0
40856 0
40855 0
40854 0
40853 0
40852 0
40851 0
40850 0
40849 0
40848 0
40847 0
40846 0
