16652 20.2159
27790 16.7223
18034 15.1355
10404 8.74608
30996 6.52658
26272 6.13391
30874 5.56396
28148 5.55106
19001 5.35504
33501 4.88974
14440 4.45175
24367 4.44868
24815 3.98855
7958 3.7933
17152 3.67428
6700 3.48151
33487 3.4076
18830 2.90578
12115 2.79711
12710 2.67776
29795 2.66885
26509 2.47483
27816 2.33511
19674 2.14771
20465 2.0777
26310 1.95346
26779 1.83627
10096 1.74157
11862 1.6802
31272 1.67579
33760 1.64322
36693 1.5776
5801 1.39158
237 1.38583
30531 1.37822
15544 1.28295
3942 1.27887
19654 1.16324
32323 1.14109
11094 1.11352
5776 1.09778
17042 1.07918
28550 1.07119
3968 1.05715
14257 1.02066
16451 1.01897
4845 1.01599
39904 0.982411
29870 0.919555
1527 0.917287
58 0.908786
4102 0.883418
25788 0.882696
29802 0.867313
1887 0.847234
12085 0.821723
26792 0.819847
29889 0.807074
31301 0.779218
9768 0.763274
26112 0.745671
36835 0.717203
34125 0.708654
3325 0.70232
29684 0.679003
11300 0.677227
3520 0.673333
32621 0.670799
7968 0.647642
22377 0.632783
19266 0.619942
27799 0.616667
40044 0.616418
38051 0.597915
9449 0.596905
27621 0.593659
16161 0.562885
8672 0.554419
35256 0.552795
22855 0.552795
10357 0.547147
28019 0.503267
35874 0.500442
34836 0.475756
16191 0.468898
12174 0.441652
22758 0.437534
8934 0.428571
14367 0.424108
30241 0.419733
6614 0.414708
38237 0.399372
20624 0.388687
37709 0.38747
8122 0.38747
13122 0.387262
12639 0.3849
7611 0.383333
35201 0.35468
15217 0.346657
20616 0.343335
30369 0.342361
27247 0.323907
17448 0.320529
28089 0.317778
19564 0.315343
17231 0.311066
4338 0.310603
35940 0.301808
31202 0.281762
6881 0.2671
21166 0.263706
11659 0.261845
4117 0.258977
12523 0.248806
42 0.24619
5116 0.244498
30877 0.240879
32236 0.23634
10564 0.230909
7963 0.230735
35921 0.227061
471 0.223333
18547 0.222917
10005 0.2191
8203 0.217347
18670 0.214165
32135 0.213633
29338 0.213633
14908 0.213633
33623 0.210044
1485 0.209402
22990 0.20202
19032 0.2
1198 0.194613
27757 0.187892
33932 0.185525
8492 0.180047
30194 0.178852
14952 0.174063
29993 0.171465
23095 0.170048
27656 0.169281
12881 0.168339
36734 0.166667
32885 0.166667
5362 0.166667
40017 0.164493
1969 0.164138
37130 0.162751
36171 0.162751
16397 0.162751
5442 0.162751
27378 0.160428
17199 0.160428
2490 0.15812
2249 0.156699
31348 0.156667
16308 0.156531
40862 0.156513
29906 0.156513
11379 0.156513
19632 0.154762
18458 0.154575
21128 0.154218
3193 0.153916
378 0.143732
31621 0.142857
28277 0.142857
5988 0.142857
4262 0.142857
2694 0.142857
30200 0.134722
36805 0.132855
5033 0.130676
38002 0.125
26287 0.125
24537 0.125
35530 0.111111
34286 0.111111
33977 0.111111
19272 0.107164
14213 0.107164
33805 0.104693
24147 0.102526
9086 0.1
5965 0.1
3572 0.1
39340 0.0937758
21144 0.0912698
38192 0.0909091
36685 0.0909091
35104 0.0909091
27514 0.0909091
27376 0.0909091
26750 0.0909091
24382 0.0909091
22387 0.0909091
18971 0.0909091
18950 0.0909091
15484 0.0909091
15150 0.0909091
14735 0.0909091
12894 0.0909091
10885 0.0909091
10646 0.0909091
10194 0.0909091
6314 0.0909091
3880 0.0909091
1975 0.0909091
39695 0.0876781
7804 0.0876781
38487 0.0833333
35550 0.0833333
32411 0.0833333
29891 0.0833333
28649 0.0833333
28544 0.0833333
27895 0.0833333
21172 0.0833333
19972 0.0833333
11449 0.0833333
4674 0.0833333
2776 0.0833333
23994 0.0829741
10399 0.0829741
40277 0.0821138
23262 0.0803271
10495 0.0803271
26532 0.0785784
20581 0.0785784
31866 0.0769231
15125 0.0769231
14910 0.0769231
4520 0.0769231
5278 0.07592
9932 0.0733474
1617 0.0726361
31959 0.0714286
24492 0.0714286
9537 0.0713599
7795 0.0698448
2881 0.0694444
35670 0.0666979
22228 0.0666667
18328 0.0666667
12386 0.0666667
1427 0.0666667
40547 0.0636937
18704 0.0636937
12841 0.0636937
20318 0.0635135
32398 0.0588235
3055 0.0588235
479 0.0588235
239 0.0588235
17602 0.0564281
5216 0.0555556
1763 0.0555556
20252 0.05
18758 0.05
15686 0.05
31103 0.047619
28258 0.0468901
21647 0.0468901
5165 0.0454545
33540 0.0426313
22030 0.0426313
38574 0.04
32907 0.04
32341 0.04
31347 0.04
15155 0.04
15008 0.04
6284 0.04
1777 0.04
1733 0.04
1371 0.04
16389 0.037037
16304 0.037037
14877 0.037037
7717 0.037037
4100 0.037037
28496 0.0357143
9361 0.0357143
3047 0.0357143
19238 0.0344828
4419 0.0344828
1695 0.0344828
420 0.0344828
32185 0.0333333
27846 0.0333333
27331 0.030303
30867 0.0277778
2430 0.027027
25574 0.0263158
22594 0.025
6262 0.025
32245 0.0243902
2138 0.0243902
20280 0.0217391
25411 0.0212766
35382 0.02
32757 0.02
21797 0.02
21836 0.0172414
34903 0.0166667
14112 0.0166667
36347 0.0153846
37378 0.0151515
36127 0.0151515
21597 0.0151515
39730 0.0144928
34825 0.0144928
33944 0.0144928
32058 0.0144928
24428 0.0144928
23364 0.0144928
22732 0.0144928
20487 0.0144928
20457 0.0144928
17103 0.0144928
5914 0.0144928
36060 0.012987
27605 0.012987
27547 0.012987
19692 0.012987
16107 0.012987
40980 0
40979 0
40978 0
40977 0
40976 0
40975 0
40974 0
40973 0
40972 0
40971 0
40970 0
40969 0
40968 0
40967 0
40966 0
40965 0
40964 0
40963 0
40962 0
40961 0
40960 0
40959 0
40958 0
40957 0
40956 0
40955 0
40954 0
40953 0
40952 0
40951 0
40950 0
40949 0
40948 0
40947 0
40946 0
40945 0
40944 0
40943 0
40942 0
40941 0
40940 0
40939 0
40938 0
40937 0
40936 0
40935 0
40934 0
40933 0
40932 0
40931 0
40930 0
40929 0
40928 0
40927 0
40926 0
40925 0
40924 0
40923 0
40922 0
40921 0
40920 0
40919 0
40918 0
40917 0
40916 0
40915 0
40914 0
40913 0
40912 0
40911 0
40910 0
40909 0
40908 0
40907 0
40906 0
40905 0
40904 0
40903 0
40902 0
40901 0
40900 0
40899 0
40898 0
40897 0
40896 0
40895 0
40894 0
40893 0
40892 0
40891 0
40890 0
40889 0
40888 0
40887 0
40886 0
40885 0
40884 0
40883 0
40882 0
40881 0
40880 0
40879 0
40878 0
40877 0
40876 0
40875 0
40874 0
40873 0
40872 0
40871 0
40870 0
40869 0
40868 0
40867 0
40866 0
40865 0
40864 0
40863 0
40861 0
40860 0
40859 0
40858 0
40857 0
40856 0
40855 0
40854 0
40853 0
40852 0
40851 0
40850 0
40849 0
40848 0
40847 0
40846 0
40845 0
40844 0
40843 0
40842 0
40841 0
40840 0
40839 0
40838 0
40837 0
40836 0
40835 0
40834 0
40833 0
40832 0
40831 0
40830 0
40829 0
40828 0
40827 0
40826 0
40825 0
40824 0
40823 0
40822 0
40821 0
40820 0
40819 0
40818 0
40817 0
40816 0
40815 0
40814 0
40813 0
40812 0
40811 0
40810 0
40809 0
40808 0
