24023 1.11234
23852 0.981385
24783 0.964286
13190 0.590741
21859 0.549242
34390 0.497619
2038 0.412338
40719 0.333333
26673 0.333333
12216 0.333333
27751 0.281385
15211 0.281385
1050 0.281385
38453 0.255952
32453 0.255952
26810 0.255952
40754 0.25
39451 0.25
32759 0.25
27537 0.25
25450 0.25
24555 0.25
17912 0.25
17176 0.25
5567 0.25
35276 0.2
31175 0.2
28593 0.2
28392 0.2
18612 0.2
15514 0.2
10079 0.2
8093 0.2
6696 0.2
4230 0.2
2715 0.2
220 0.2
23597 0.166667
22080 0.166667
37614 0.142857
36014 0.125
34481 0.125
22092 0.125
12394 0.125
7383 0.125
2603 0.125
30687 0.0909091
26653 0.0909091
36364 0.0833333
27128 0.0833333
21999 0.0833333
15594 0.0833333
11495 0.0833333
1879 0.0833333
37243 0.0714286
28136 0.0714286
28087 0.0714286
26605 0.0714286
23190 0.0714286
18423 0.0714286
10197 0.0714286
2730 0.0714286
2058 0.0714286
1825 0.0714286
32228 0.047619
31431 0.047619
29920 0.047619
21741 0.047619
20760 0.047619
11047 0.047619
9911 0.047619
7836 0.047619
5734 0.047619
3387 0.047619
40961 0.00740741
40920 0.00740741
40902 0.00740741
40623 0.00740741
40571 0.00740741
40377 0.00740741
40340 0.00740741
39967 0.00740741
39903 0.00740741
39490 0.00740741
39473 0.00740741
39458 0.00740741
39309 0.00740741
39210 0.00740741
38409 0.00740741
38382 0.00740741
38126 0.00740741
37863 0.00740741
37825 0.00740741
37738 0.00740741
37692 0.00740741
37644 0.00740741
37039 0.00740741
35820 0.00740741
35742 0.00740741
35368 0.00740741
34710 0.00740741
34419 0.00740741
34113 0.00740741
33181 0.00740741
32709 0.00740741
32216 0.00740741
32215 0.00740741
32186 0.00740741
32149 0.00740741
31913 0.00740741
31686 0.00740741
31389 0.00740741
31320 0.00740741
31096 0.00740741
30342 0.00740741
30227 0.00740741
29761 0.00740741
29234 0.00740741
29217 0.00740741
28763 0.00740741
28704 0.00740741
28057 0.00740741
27908 0.00740741
27397 0.00740741
27228 0.00740741
27179 0.00740741
26968 0.00740741
26662 0.00740741
26300 0.00740741
26276 0.00740741
25662 0.00740741
25555 0.00740741
23620 0.00740741
23102 0.00740741
23041 0.00740741
22752 0.00740741
22582 0.00740741
22312 0.00740741
21700 0.00740741
20987 0.00740741
20378 0.00740741
20005 0.00740741
19301 0.00740741
19247 0.00740741
19128 0.00740741
18884 0.00740741
17377 0.00740741
16763 0.00740741
16631 0.00740741
16458 0.00740741
15670 0.00740741
15582 0.00740741
15577 0.00740741
14856 0.00740741
14698 0.00740741
14246 0.00740741
13591 0.00740741
13480 0.00740741
13325 0.00740741
12359 0.00740741
12305 0.00740741
12065 0.00740741
11879 0.00740741
11788 0.00740741
11217 0.00740741
11210 0.00740741
11078 0.00740741
10837 0.00740741
10546 0.00740741
10372 0.00740741
10120 0.00740741
9808 0.00740741
9326 0.00740741
9107 0.00740741
8863 0.00740741
8693 0.00740741
8370 0.00740741
8256 0.00740741
8174 0.00740741
7791 0.00740741
7101 0.00740741
6168 0.00740741
5992 0.00740741
5834 0.00740741
5705 0.00740741
5627 0.00740741
5439 0.00740741
5291 0.00740741
5248 0.00740741
4534 0.00740741
4521 0.00740741
4214 0.00740741
2879 0.00740741
2624 0.00740741
2234 0.00740741
1862 0.00740741
1841 0.00740741
1810 0.00740741
1792 0.00740741
1704 0.00740741
1512 0.00740741
987 0.00740741
869 0.00740741
822 0.00740741
608 0.00740741
211 0.00740741
40980 0
40979 0
40978 0
40977 0
40976 0
40975 0
40974 0
40973 0
40972 0
40971 0
40970 0
40969 0
40968 0
40967 0
40966 0
40965 0
40964 0
40963 0
40962 0
40960 0
40959 0
40958 0
40957 0
40956 0
40955 0
40954 0
40953 0
40952 0
40951 0
40950 0
40949 0
40948 0
40947 0
40946 0
40945 0
40944 0
40943 0
40942 0
40941 0
40940 0
40939 0
40938 0
40937 0
40936 0
40935 0
40934 0
40933 0
40932 0
40931 0
40930 0
40929 0
40928 0
40927 0
40926 0
40925 0
40924 0
40923 0
40922 0
40921 0
40919 0
40918 0
40917 0
40916 0
40915 0
40914 0
40913 0
40912 0
40911 0
40910 0
40909 0
40908 0
40907 0
40906 0
40905 0
40904 0
40903 0
40901 0
40900 0
40899 0
40898 0
40897 0
40896 0
40895 0
40894 0
40893 0
40892 0
40891 0
40890 0
40889 0
40888 0
40887 0
40886 0
40885 0
40884 0
40883 0
40882 0
40881 0
40880 0
40879 0
40878 0
40877 0
40876 0
40875 0
40874 0
40873 0
40872 0
40871 0
40870 0
40869 0
40868 0
40867 0
40866 0
40865 0
40864 0
40863 0
40862 0
40861 0
40860 0
40859 0
40858 0
40857 0
40856 0
40855 0
40854 0
40853 0
40852 0
40851 0
40850 0
40849 0
40848 0
40847 0
40846 0
40845 0
40844 0
40843 0
40842 0
40841 0
40840 0
40839 0
40838 0
40837 0
40836 0
40835 0
40834 0
40833 0
40832 0
40831 0
40830 0
40829 0
40828 0
40827 0
40826 0
40825 0
40824 0
40823 0
40822 0
40821 0
40820 0
40819 0
40818 0
40817 0
40816 0
40815 0
40814 0
40813 0
40812 0
40811 0
40810 0
40809 0
40808 0
40807 0
40806 0
40805 0
40804 0
40803 0
40802 0
40801 0
40800 0
40799 0
40798 0
40797 0
40796 0
40795 0
40794 0
40793 0
40792 0
40791 0
40790 0
40789 0
40788 0
40787 0
40786 0
40785 0
40784 0
40783 0
40782 0
40781 0
40780 0
40779 0
40778 0
40777 0
40776 0
40775 0
40774 0
40773 0
40772 0
40771 0
40770 0
40769 0
40768 0
40767 0
40766 0
40765 0
40764 0
40763 0
40762 0
40761 0
40760 0
40759 0
40758 0
40757 0
40756 0
40755 0
40753 0
40752 0
40751 0
40750 0
40749 0
40748 0
40747 0
40746 0
40745 0
40744 0
40743 0
40742 0
40741 0
40740 0
40739 0
40738 0
40737 0
40736 0
40735 0
40734 0
40733 0
40732 0
40731 0
40730 0
40729 0
40728 0
40727 0
40726 0
40725 0
40724 0
40723 0
40722 0
40721 0
40720 0
40718 0
40717 0
40716 0
40715 0
40714 0
40713 0
40712 0
40711 0
40710 0
40709 0
40708 0
40707 0
40706 0
40705 0
40704 0
40703 0
40702 0
40701 0
40700 0
40699 0
40698 0
40697 0
40696 0
40695 0
40694 0
40693 0
40692 0
40691 0
40690 0
40689 0
40688 0
40687 0
40686 0
40685 0
40684 0
40683 0
40682 0
