31301 46.5859
37711 27.3933
40912 24.8568
13646 18.6033
4192 11.3478
7708 10.047
1318 9.755
6537 8.66346
32885 7.67478
34834 7.42695
5066 7.03941
32760 6.32843
10923 5.80854
27799 5.71419
29407 5.56681
9557 5.54986
3158 4.95005
13757 4.82936
2249 4.61331
52 4.11964
19972 4.08282
10332 4.02969
33483 3.93422
28543 3.90675
16618 3.80319
25349 3.67103
37048 3.54263
17634 3.52216
31195 3.21881
26259 3.21598
38191 3.16832
21121 3.12781
16481 2.86374
25082 2.69376
26093 2.5118
18148 2.39809
40975 2.39298
2885 2.3844
6152 2.30027
32620 2.27193
10953 2.27085
33883 2.25941
30793 2.25255
2378 2.18501
38865 2.15704
25060 2.0601
33834 2.04451
37714 2.02641
6217 1.99167
14820 1.98235
39907 1.97897
30394 1.94069
24125 1.91982
39962 1.88995
33726 1.79778
29997 1.78189
16945 1.77619
10387 1.75373
23813 1.74194
1468 1.72103
8037 1.70255
40017 1.69016
27514 1.66841
33944 1.65062
26750 1.63711
6496 1.60119
18198 1.59806
10100 1.59619
16853 1.58821
36748 1.55394
29972 1.55129
7425 1.48956
21190 1.4655
8672 1.46245
4981 1.43633
7379 1.43194
1975 1.41944
14544 1.40943
30540 1.39292
27340 1.39036
7435 1.38578
3916 1.37405
39565 1.37365
24454 1.36667
18192 1.33889
38254 1.30376
22084 1.30119
38667 1.29663
34825 1.283
25810 1.27869
21703 1.21551
4966 1.20397
10660 1.16731
5691 1.16726
23491 1.13255
33492 1.12663
2869 1.12202
17128 1.12134
29526 1.11587
24962 1.11334
5373 1.11087
34618 1.10483
11216 1.09932
24213 1.0893
23182 1.07073
9665 1.06041
37804 1.05644
3936 1.04286
26435 1.03967
10737 1.03414
1107 1.03316
4406 1.03108
19831 1.02543
18328 1.01349
27003 1.0131
6409 1.00826
5693 0.992781
25655 0.992063
39505 0.990842
6378 0.952778
18950 0.934524
6973 0.931395
24845 0.926544
36734 0.916734
33825 0.916667
3297 0.916667
22944 0.914286
28680 0.902778
27600 0.902387
8819 0.893362
4859 0.871238
13568 0.867143
17083 0.853268
9296 0.834109
30074 0.824648
8988 0.815591
132 0.795764
29269 0.793199
39147 0.776296
2465 0.759295
16180 0.75
9442 0.748423
27892 0.734127
19032 0.73008
919 0.72136
22594 0.718254
15768 0.716156
39319 0.708333
14422 0.701149
6089 0.694538
29219 0.693555
39791 0.682906
34572 0.677109
12243 0.666667
33950 0.654762
32843 0.649524
3740 0.647572
31581 0.647004
22227 0.642857
3567 0.642857
38097 0.620509
21859 0.616667
38012 0.608802
24205 0.606691
6644 0.60119
12217 0.599722
31584 0.598861
7801 0.597222
3327 0.597222
34727 0.584656
6489 0.578211
10047 0.577686
26992 0.575014
12009 0.575
28142 0.569795
34864 0.566667
2852 0.56036
16791 0.560063
12431 0.559163
12096 0.558581
25543 0.552698
5703 0.547619
19887 0.54535
26808 0.526923
25427 0.525909
39882 0.521429
26516 0.521429
37923 0.516667
26384 0.514073
13990 0.513889
22711 0.509983
17160 0.509976
15225 0.509524
36991 0.509165
35917 0.509165
738 0.501707
35469 0.499639
38141 0.498581
3447 0.495775
4489 0.493867
23553 0.488095
15603 0.486695
4405 0.486111
35876 0.482842
19053 0.482258
9393 0.48009
3521 0.477174
3445 0.47549
13704 0.471277
34357 0.464286
26341 0.464286
23317 0.459437
32933 0.457576
212 0.456791
33651 0.455556
8669 0.454877
25365 0.45
7852 0.45
19474 0.439018
24825 0.43254
28320 0.427778
13307 0.425036
5772 0.422619
37940 0.421429
39948 0.419298
11658 0.418301
121 0.415079
20966 0.414286
10073 0.412816
25416 0.411694
35734 0.411111
12620 0.409426
5239 0.405362
38013 0.399058
23452 0.398256
29790 0.395489
21097 0.391667
18315 0.38523
7054 0.38523
23364 0.382796
8027 0.378968
13341 0.375
39112 0.371795
5793 0.370455
14445 0.369048
20377 0.367647
34160 0.365485
5920 0.365079
363 0.365079
36404 0.362823
2633 0.362694
39614 0.35873
12313 0.354093
38229 0.348026
1329 0.345874
32350 0.345
11582 0.343074
12630 0.341266
27434 0.338335
19980 0.338095
36952 0.337302
7691 0.335689
27162 0.334572
10523 0.334524
40165 0.333333
36901 0.333333
36688 0.333333
35985 0.333333
34495 0.333333
33992 0.333333
30569 0.333333
30335 0.333333
28132 0.333333
27951 0.333333
17567 0.333333
17460 0.333333
12709 0.333333
10129 0.333333
8508 0.333333
8186 0.333333
5990 0.333333
5362 0.333333
4932 0.333333
2334 0.333333
25017 0.331746
25279 0.326482
12731 0.325281
40031 0.321289
31595 0.31978
26072 0.319444
38739 0.315476
26334 0.314011
10245 0.314011
40573 0.313312
28444 0.313312
28380 0.307937
37373 0.306818
23193 0.306667
24762 0.303431
8242 0.299145
36054 0.296266
40704 0.295238
3134 0.29243
22402 0.290553
31505 0.28502
30211 0.28502
21889 0.274573
8055 0.273184
15500 0.2723
31216 0.268979
13636 0.26518
19264 0.265152
26892 0.265079
186 0.260913
4881 0.260714
37340 0.260684
10602 0.253571
18846 0.250653
40066 0.25
37661 0.25
35096 0.25
35041 0.25
28562 0.25
26937 0.25
23724 0.25
21011 0.25
20587 0.25
18896 0.25
17135 0.25
15352 0.25
15183 0.25
14857 0.25
14007 0.25
13635 0.25
11249 0.25
9147 0.25
9138 0.25
4022 0.25
3064 0.25
2551 0.25
21860 0.249206
11117 0.249206
10990 0.249206
9807 0.249206
28743 0.248842
14568 0.248352
26923 0.246349
13581 0.243697
13432 0.238645
40254 0.238413
12939 0.238312
22904 0.237955
35490 0.237179
2599 0.237179
16535 0.237121
27674 0.23112
34768 0.22961
31964 0.22961
34604 0.223856
21247 0.222159
18119 0.221795
24782 0.220455
39743 0.218651
12447 0.218651
25235 0.211793
33005 0.211765
4135 0.207792
14732 0.203353
32148 0.20202
39671 0.2
38303 0.2
38293 0.2
31886 0.2
31586 0.2
31555 0.2
30611 0.2
30350 0.2
26415 0.2
25083 0.2
21846 0.2
21641 0.2
17703 0.2
15637 0.2
13654 0.2
13507 0.2
12377 0.2
12204 0.2
11958 0.2
11844 0.2
7488 0.2
7247 0.2
6002 0.2
3856 0.2
854 0.2
29794 0.197241
36625 0.195455
23309 0.190523
22228 0.189899
1663 0.188138
32662 0.186465
9083 0.186236
25223 0.185376
14466 0.184367
32763 0.184247
40458 0.183975
10954 0.183975
10123 0.183975
3552 0.183975
34704 0.183584
2712 0.178811
15589 0.178091
9362 0.17751
6292 0.177505
32814 0.176786
26052 0.176039
35769 0.174262
33267 0.17239
1659 0.17239
30680 0.172378
36105 0.170786
9200 0.168687
11763 0.16746
40494 0.166667
39414 0.166667
35683 0.166667
33574 0.166667
28827 0.166667
25744 0.166667
23843 0.166667
21147 0.166667
20590 0.166667
17121 0.166667
16404 0.166667
14735 0.166667
12288 0.166667
11038 0.166667
9561 0.166667
5331 0.166667
5307 0.166667
2077 0.166667
1210 0.166667
830 0.166667
28719 0.16663
38199 0.162222
7296 0.161988
5816 0.16075
19728 0.160151
22049 0.159834
15592 0.159834
34894 0.159074
8532 0.158855
15161 0.158286
3031 0.154777
21515 0.154193
36446 0.153493
38662 0.151389
19342 0.146078
21416 0.144904
37759 0.142857
37461 0.142857
37426 0.142857
33330 0.142857
31372 0.142857
29976 0.142857
28038 0.142857
25902 0.142857
24625 0.142857
24056 0.142857
23154 0.142857
22474 0.142857
21221 0.142857
20489 0.142857
18828 0.142857
17189 0.142857
15237 0.142857
14621 0.142857
14438 0.142857
14221 0.142857
13643 0.142857
12928 0.142857
12196 0.142857
8159 0.142857
8077 0.142857
4477 0.142857
3096 0.142857
3013 0.142857
2993 0.142857
2838 0.142857
2706 0.142857
2241 0.142857
2006 0.142857
805 0.142857
9183 0.139105
2783 0.136601
19559 0.136208
4968 0.132479
17659 0.132231
2289 0.130812
9332 0.128665
3553 0.128431
