19032 5.527
22656 2.91051
2560 2.84404
24002 2.59823
1026 1.97902
28345 1.80925
8718 1.30695
16789 0.998232
8136 0.917825
8943 0.583325
39277 0.567196
25780 0.530892
20845 0.527096
20347 0.527096
30916 0.495328
30725 0.469615
25155 0.457375
5390 0.409524
38906 0.40873
5869 0.405916
16017 0.403704
13197 0.400614
10556 0.390087
31301 0.387546
2370 0.356877
22148 0.333333
36952 0.333333
26236 0.333333
23291 0.333333
19882 0.333333
15535 0.333333
27239 0.319481
5040 0.319481
18930 0.309524
36180 0.284524
34351 0.284524
37663 0.28254
35740 0.279622
8672 0.279622
35307 0.27037
26807 0.256111
2580 0.256111
12747 0.252777
32888 0.250613
14271 0.248835
11285 0.248835
3329 0.248835
5750 0.245498
7787 0.23566
7250 0.233987
19800 0.230271
13874 0.219444
5401 0.213034
25290 0.205686
35264 0.2
34069 0.2
32885 0.2
32301 0.2
6380 0.2
31619 0.193611
11555 0.193611
2206 0.193611
241 0.189683
26926 0.179304
38391 0.178571
3481 0.178399
35060 0.166667
11182 0.166667
8711 0.155952
33025 0.154062
25245 0.150733
17522 0.150733
9864 0.150733
35313 0.148973
13809 0.148973
28757 0.142951
26407 0.142951
25256 0.142857
36189 0.133333
7236 0.133333
66 0.133333
19626 0.126812
18136 0.126812
15159 0.126812
9591 0.126812
1365 0.126812
13395 0.125
14690 0.122876
6358 0.1214
33456 0.114418
11580 0.114418
25288 0.111905
5648 0.111905
37573 0.111111
29075 0.111111
25359 0.111111
21946 0.111111
7721 0.111111
4217 0.111111
3936 0.111111
32646 0.0910173
36823 0.0909091
34655 0.0909091
22565 0.0909091
15830 0.0909091
7539 0.0909091
4244 0.0909091
31673 0.0869048
22976 0.0869048
20410 0.0869048
22935 0.0837344
10150 0.0837344
36599 0.0769231
28006 0.0769231
20243 0.0769231
19708 0.0769231
17949 0.0769231
3766 0.0769231
432 0.0769231
18984 0.0761905
16968 0.0738017
7691 0.0738017
6815 0.0738017
40967 0.0714286
34340 0.0714286
23603 0.0714286
925 0.0714286
36363 0.0688095
25745 0.0688095
25668 0.0688095
17696 0.0688095
12757 0.0688095
543 0.0688095
40636 0.0669697
31880 0.0669697
20936 0.0669697
40628 0.0666667
31952 0.0666667
31139 0.0666667
26650 0.0666667
24963 0.0666667
17960 0.0666667
17225 0.0666667
13806 0.0666667
7637 0.0666667
4145 0.0666667
685 0.0666667
19924 0.0625
8778 0.0625
27514 0.0603361
17634 0.0603361
6563 0.0603361
12986 0.0555556
11173 0.0555556
9665 0.0555556
5249 0.0555556
29943 0.05
27448 0.05
27151 0.05
22247 0.05
14924 0.05
7475 0.05
2959 0.05
38144 0.047619
36214 0.047619
33387 0.047619
28213 0.047619
27799 0.047619
26197 0.047619
7465 0.047619
6262 0.047619
4482 0.047619
40669 0.0434783
40012 0.0434783
39884 0.0434783
32600 0.0434783
29109 0.0434783
26548 0.0434783
25395 0.0434783
24498 0.0434783
15692 0.0434783
10181 0.0434783
7280 0.0434783
5242 0.0434783
2999 0.0434783
37613 0.0416667
32229 0.037037
22613 0.037037
8465 0.037037
36828 0.0357143
20541 0.0357143
19678 0.0357143
18364 0.0357143
16438 0.0357143
15898 0.0357143
9337 0.0357143
3983 0.0357143
39821 0.030303
32344 0.030303
29580 0.030303
17324 0.030303
10984 0.030303
30038 0.0285714
29999 0.0285714
23696 0.0285714
12714 0.0285714
10847 0.0285714
9767 0.0285714
39932 0.025
25379 0.025
24740 0.025
20169 0.025
15231 0.025
15165 0.025
11712 0.025
9254 0.025
3673 0.025
1594 0.025
499 0.025
39765 0.0238095
37488 0.0238095
36899 0.0238095
35755 0.0238095
34448 0.0238095
31801 0.0238095
29598 0.0238095
28934 0.0238095
24933 0.0238095
20390 0.0238095
20351 0.0238095
15046 0.0238095
8269 0.0238095
886 0.0238095
36388 0.02
34495 0.02
31861 0.02
26998 0.02
22228 0.02
20890 0.02
18180 0.02
17859 0.02
14544 0.02
14052 0.02
12547 0.02
9852 0.02
311 0.02
40806 0.0166667
38322 0.0166667
38125 0.0166667
36271 0.0166667
35511 0.0166667
34361 0.0166667
31399 0.0166667
30305 0.0166667
30128 0.0166667
29793 0.0166667
29369 0.0166667
28248 0.0166667
27820 0.0166667
26498 0.0166667
23640 0.0166667
23228 0.0166667
19164 0.0166667
17868 0.0166667
16070 0.0166667
10447 0.0166667
5632 0.0166667
5185 0.0166667
2475 0.0166667
1466 0.0166667
627 0.0166667
39048 0.0117647
38171 0.0117647
37176 0.0117647
36211 0.0117647
33825 0.0117647
32797 0.0117647
30972 0.0117647
29032 0.0117647
28380 0.0117647
28305 0.0117647
27939 0.0117647
27886 0.0117647
25750 0.0117647
24818 0.0117647
24475 0.0117647
24382 0.0117647
23154 0.0117647
22560 0.0117647
22402 0.0117647
20489 0.0117647
20229 0.0117647
18274 0.0117647
17075 0.0117647
16182 0.0117647
15237 0.0117647
15124 0.0117647
14377 0.0117647
14211 0.0117647
13432 0.0117647
12518 0.0117647
11958 0.0117647
10761 0.0117647
10737 0.0117647
10731 0.0117647
10073 0.0117647
9704 0.0117647
8867 0.0117647
8508 0.0117647
7708 0.0117647
6096 0.0117647
5663 0.0117647
5153 0.0117647
4405 0.0117647
3906 0.0117647
2633 0.0117647
2289 0.0117647
2241 0.0117647
1204 0.0117647
919 0.0117647
363 0.0117647
186 0.0117647
52 0.0117647
40980 0
40979 0
40978 0
40977 0
40976 0
40975 0
40974 0
40973 0
40972 0
40971 0
40970 0
40969 0
40968 0
40966 0
40965 0
40964 0
40963 0
40962 0
40961 0
40960 0
40959 0
40958 0
40957 0
40956 0
40955 0
40954 0
40953 0
40952 0
40951 0
40950 0
40949 0
40948 0
40947 0
40946 0
40945 0
40944 0
40943 0
40942 0
40941 0
40940 0
40939 0
40938 0
40937 0
40936 0
40935 0
40934 0
40933 0
40932 0
40931 0
40930 0
40929 0
40928 0
40927 0
40926 0
40925 0
40924 0
40923 0
40922 0
40921 0
40920 0
40919 0
40918 0
40917 0
40916 0
40915 0
40914 0
40913 0
40912 0
40911 0
40910 0
40909 0
40908 0
40907 0
40906 0
40905 0
40904 0
40903 0
40902 0
40901 0
40900 0
40899 0
40898 0
40897 0
40896 0
40895 0
40894 0
40893 0
40892 0
40891 0
40890 0
40889 0
40888 0
40887 0
40886 0
40885 0
40884 0
40883 0
40882 0
40881 0
40880 0
40879 0
40878 0
40877 0
40876 0
40875 0
40874 0
40873 0
40872 0
40871 0
40870 0
40869 0
40868 0
40867 0
40866 0
40865 0
40864 0
40863 0
40862 0
40861 0
40860 0
40859 0
40858 0
40857 0
40856 0
40855 0
40854 0
40853 0
40852 0
40851 0
40850 0
40849 0
40848 0
40847 0
40846 0
40845 0
40844 0
40843 0
40842 0
40841 0
40840 0
40839 0
40838 0
40837 0
40836 0
40835 0
40834 0
40833 0
40832 0
40831 0
40830 0
40829 0
40828 0
40827 0
40826 0
40825 0
40824 0
40823 0
40822 0
40821 0
40820 0
40819 0
40818 0
40817 0
40816 0
40815 0
40814 0
40813 0
40812 0
40811 0
40810 0
40809 0
40808 0
40807 0
40805 0
40804 0
40803 0
40802 0
