29401 2.4282
23843 1.92386
3436 1.27442
6756 1.16767
39361 0.991103
37444 0.991103
34737 0.824778
17260 0.798841
34150 0.796975
5867 0.789033
4562 0.759811
17915 0.614779
19766 0.590074
3832 0.590074
36471 0.584056
737 0.584056
31159 0.526923
13604 0.470901
39640 0.467853
29695 0.467853
27082 0.467853
18800 0.467853
15067 0.467853
31291 0.417298
40326 0.349116
40000 0.349116
9558 0.349116
9011 0.349116
17645 0.344231
6578 0.306783
4306 0.299216
38758 0.292116
29334 0.292116
13193 0.292116
15151 0.274899
18089 0.273947
4233 0.273947
32403 0.268633
27054 0.266351
17685 0.265363
27666 0.251681
25016 0.246992
6239 0.246799
23668 0.22671
25920 0.222349
17106 0.221413
15956 0.218986
16099 0.21721
40426 0.214139
12915 0.214139
8381 0.201041
40604 0.199695
38241 0.199695
36294 0.199695
35551 0.199695
1442 0.199695
12652 0.196687
11080 0.193079
797 0.192042
21854 0.18868
14364 0.184283
40882 0.179887
1908 0.179887
28814 0.177143
40778 0.173271
16539 0.173216
36072 0.169637
39 0.166667
19392 0.149889
14401 0.149889
34952 0.144853
37806 0.14269
13819 0.14269
15127 0.142007
36858 0.138547
25037 0.138547
4190 0.138547
40716 0.137434
38310 0.137434
29418 0.137434
36853 0.136869
37270 0.136601
6792 0.135983
31897 0.132401
40125 0.12607
1057 0.125102
39389 0.125
15118 0.125
11426 0.125
9272 0.125
38848 0.124424
34238 0.124424
4867 0.124424
33987 0.123873
12040 0.123873
25374 0.12274
36217 0.121536
8452 0.119444
39732 0.11833
9381 0.11833
25885 0.114844
18428 0.114844
36678 0.111823
16706 0.111823
1441 0.111823
17312 0.111701
36804 0.110163
17948 0.110163
18221 0.10809
17032 0.106737
10207 0.106223
11679 0.105302
21853 0.104516
36372 0.1
39947 0.0905153
35346 0.0905153
30676 0.0905153
27989 0.0905153
22711 0.0905153
16076 0.0905153
110 0.0905153
11359 0.08692
7322 0.0863867
18411 0.0841263
39252 0.0836694
34890 0.0836694
6741 0.0836694
19762 0.0833964
11298 0.0833333
11131 0.0819036
36952 0.0809709
35734 0.0809709
35185 0.0809709
27926 0.0809709
21978 0.0809709
16638 0.0806937
13361 0.0806592
28170 0.0768677
10779 0.0762316
18463 0.075712
11715 0.075712
7876 0.075712
3083 0.0755497
21032 0.0755401
13608 0.0746403
29237 0.0737014
38497 0.0713157
36851 0.0713157
36284 0.0713157
22385 0.0713157
9739 0.0713157
12823 0.070842
2885 0.070842
9243 0.0674703
7422 0.0674703
24239 0.067193
26356 0.0668822
38535 0.0666667
37257 0.0666667
20705 0.0666667
26584 0.065368
35236 0.0625
29528 0.0625
14282 0.0625
3017 0.0625
7225 0.0621088
39273 0.0616196
34092 0.0616196
33772 0.0611424
27668 0.0611424
1550 0.0611424
23565 0.0592452
15477 0.0588235
23439 0.0570085
5937 0.0570085
4891 0.0570085
11113 0.0559829
19428 0.0555556
17373 0.0555556
4235 0.0555556
40271 0.04808
25065 0.0461611
20007 0.0461611
17785 0.0461611
16723 0.0461611
30783 0.044756
36661 0.0433065
38015 0.0423814
1098 0.0423814
39294 0.0416667
38524 0.0416667
36443 0.0416667
36113 0.0416667
14080 0.040526
13204 0.040526
37428 0.0404781
37219 0.0404781
35723 0.0404781
27841 0.0404781
21415 0.0404781
14082 0.0404781
5928 0.0404781
25783 0.0397351
39620 0.0396328
3215 0.0396328
16313 0.0384102
11488 0.037037
7638 0.037037
24218 0.0361207
40448 0.0359456
39716 0.0359456
24936 0.0359456
20346 0.0359456
13529 0.0359456
11074 0.0359456
19352 0.0357357
6151 0.0353676
5176 0.0353676
33582 0.0348291
30009 0.0348291
26409 0.0348291
22501 0.0348291
7277 0.0348291
3721 0.0348291
8569 0.034522
8171 0.034522
33800 0.034454
32620 0.034454
8419 0.034454
6381 0.034454
2877 0.034454
20982 0.0339786
2610 0.0339786
39791 0.032739
35525 0.032739
29634 0.032739
26084 0.032739
23174 0.032739
15873 0.032739
15225 0.032739
14768 0.032739
14589 0.032739
5719 0.032739
2069 0.032739
2029 0.032739
38036 0.03125
24560 0.03125
17735 0.03125
16241 0.03125
14570 0.03125
13262 0.03125
4974 0.03125
4060 0.03125
1463 0.03125
21323 0.0310724
818 0.0310724
40052 0.0285714
39980 0.0285714
35386 0.0285714
33475 0.0285714
33313 0.0285714
25200 0.0285714
24404 0.0285714
16330 0.0285714
15623 0.0285714
12603 0.0285714
9638 0.0285714
6725 0.0285714
4936 0.0285714
167 0.0285714
24242 0.0277778
13654 0.0277778
39052 0.0263158
34629 0.0263158
19517 0.0263158
15363 0.0263158
9876 0.0263158
38952 0.025641
34312 0.025641
21394 0.025641
16250 0.025641
37967 0.0243902
31123 0.0243902
18582 0.0243902
17153 0.0243902
4972 0.0243902
3709 0.0243902
3265 0.0243902
663 0.0243902
39028 0.0238095
34625 0.0238095
27732 0.0238095
22874 0.0238095
33819 0.0196078
28381 0.0196078
24678 0.0196078
14676 0.0196078
12110 0.0196078
34155 0.0192308
33798 0.0192308
29486 0.0192308
26804 0.0192308
24128 0.0192308
17664 0.0192308
17553 0.0192308
12618 0.0192308
4857 0.0192308
2267 0.0192308
9281 0.0188679
37347 0.0175439
37098 0.0175439
34958 0.0175439
21283 0.0175439
21262 0.0175439
19177 0.0175439
19032 0.0175439
8939 0.0175439
8441 0.0175439
7150 0.0175439
6682 0.0175439
6363 0.0175439
5352 0.0175439
4604 0.0175439
39578 0.0163934
37691 0.0163934
34758 0.0163934
26504 0.0163934
25893 0.0153846
16231 0.0153846
39936 0.0151515
36134 0.0151515
29492 0.0151515
28216 0.0151515
25583 0.0151515
19582 0.0151515
18405 0.0151515
17158 0.0151515
16390 0.0151515
7565 0.0151515
947 0.0151515
39894 0.0149254
29551 0.0149254
25542 0.0149254
23446 0.0149254
23218 0.0149254
16001 0.0149254
14133 0.0149254
10379 0.0149254
9553 0.0149254
7592 0.0149254
3920 0.0149254
2154 0.0149254
170 0.0149254
30216 0.0144928
25826 0.0144928
22405 0.0144928
20305 0.0144928
16395 0.0144928
16025 0.0144928
15416 0.0144928
6654 0.0144928
27038 0.0136986
15876 0.0136986
29043 0.0135135
27450 0.0135135
20045 0.0135135
19150 0.0135135
15992 0.0135135
6517 0.0135135
30873 0.012987
30102 0.012987
9813 0.012987
38672 0.0126582
32885 0.0126582
29318 0.0126582
27245 0.0126582
21673 0.0126582
20109 0.0126582
19664 0.0126582
19259 0.0126582
15605 0.0126582
12206 0.0126582
10568 0.0126582
9423 0.0126582
9392 0.0126582
8838 0.0126582
40204 0.0116279
38596 0.0116279
33825 0.0116279
33267 0.0116279
31671 0.0116279
30565 0.0116279
30186 0.0116279
29902 0.0116279
24870 0.0116279
21757 0.0116279
15958 0.0116279
14138 0.0116279
12981 0.0116279
11389 0.0116279
10980 0.0116279
3750 0.0116279
550 0.0116279
391 0.0116279
38644 0.0114943
36921 0.0114943
28825 0.0114943
26741 0.0114943
26377 0.0114943
25828 0.0114943
25363 0.0114943
21634 0.0114943
20812 0.0114943
20484 0.0114943
18732 0.0114943
18048 0.0114943
12220 0.0114943
6049 0.0114943
5739 0.0114943
3769 0.0114943
2864 0.0114943
1170 0.0114943
668 0.0114943
49 0.0114943
40691 0.0111111
40110 0.0111111
38962 0.0111111
38583 0.0111111
35564 0.0111111
34332 0.0111111
32785 0.0111111
32652 0.0111111
31482 0.0111111
27298 0.0111111
26832 0.0111111
25638 0.0111111
25179 0.0111111
24318 0.0111111
23459 0.0111111
21592 0.0111111
19028 0.0111111
18692 0.0111111
18658 0.0111111
16625 0.0111111
14772 0.0111111
13669 0.0111111
7365 0.0111111
6924 0.0111111
5370 0.0111111
4471 0.0111111
2591 0.0111111
1084 0.0111111
819 0.0111111
37904 0.0107527
33821 0.0107527
32750 0.0107527
27954 0.0107527
27920 0.0107527
18474 0.0107527
10789 0.0107527
9996 0.0107527
9022 0.0107527
3495 0.0107527
39536 0.01
37502 0.01
37027 0.01
33256 0.01
24400 0.01
22368 0.01
19580 0.01
17277 0.01
13916 0.01
12935 0.01
12569 0.01
3107 0.01
830 0.01
39426 0.00833333
39179 0.00833333
37915 0.00833333
37847 0.00833333
37708 0.00833333
36692 0.00833333
35425 0.00833333
35211 0.00833333
34489 0.00833333
33740 0.00833333
33465 0.00833333
33065 0.00833333
31763 0.00833333
29923 0.00833333
29826 0.00833333
28286 0.00833333
28235 0.00833333
25375 0.00833333
25191 0.00833333
25076 0.00833333
24972 0.00833333
24764 0.00833333
23286 0.00833333
20927 0.00833333
