31301 3.27777
3158 1.54397
17672 1.04857
32760 0.891317
15768 0.826033
37711 0.77197
1097 0.706349
8672 0.695455
37603 0.675492
13538 0.673256
31658 0.611111
24125 0.566667
40912 0.564129
24962 0.552489
6496 0.527778
3013 0.527778
20735 0.464286
25349 0.462121
2838 0.462121
21515 0.42702
33160 0.416667
34825 0.398352
22228 0.383838
34673 0.363636
22594 0.363636
10123 0.349206
37665 0.333333
25416 0.333333
2227 0.333333
5066 0.319444
10923 0.312121
18198 0.306373
13581 0.306373
40576 0.294444
4192 0.27625
33492 0.265235
34768 0.25
29997 0.25
29972 0.25
29962 0.25
28092 0.25
25750 0.25
16945 0.25
8819 0.25
7674 0.25
12697 0.234486
40883 0.2
28377 0.2
26401 0.2
12384 0.2
10277 0.2
34704 0.179293
16660 0.179293
13568 0.170635
7899 0.170635
40665 0.166667
40098 0.166667
39319 0.166667
32843 0.166667
25265 0.166667
24213 0.166667
16835 0.166667
10100 0.166667
2131 0.166667
1329 0.166667
17 0.166667
34834 0.160823
10954 0.160823
3552 0.160823
35718 0.147282
17842 0.147282
4393 0.147282
17659 0.142857
6953 0.142857
28543 0.131589
14820 0.131589
2465 0.131589
16180 0.125
7296 0.125
38667 0.118687
17285 0.118687
13992 0.118687
9557 0.118687
31670 0.111111
27600 0.111111
27514 0.111111
26750 0.111111
25462 0.111111
22507 0.111111
20957 0.111111
19032 0.111111
16618 0.111111
13334 0.111111
11658 0.111111
10332 0.111111
7425 0.111111
3936 0.111111
132 0.111111
39292 0.1
32786 0.1
32277 0.1
15265 0.1
14544 0.1
3382 0.1
2282 0.1
36446 0.0909091
34207 0.0909091
30199 0.0909091
26093 0.0909091
33944 0.0769231
33941 0.0769231
32250 0.0769231
31581 0.0769231
13646 0.0769231
32299 0.0714286
25810 0.0714286
25325 0.0714286
21121 0.0714286
20675 0.0714286
12297 0.0714286
8988 0.0714286
1318 0.0714286
1107 0.0714286
40458 0.0666667
32137 0.0666667
24454 0.0666667
17312 0.0666667
6255 0.0666667
3320 0.0666667
38711 0.0454545
35653 0.0454545
35294 0.0454545
32885 0.0454545
31126 0.0454545
30141 0.0454545
27487 0.0454545
24825 0.0454545
23912 0.0454545
23843 0.0454545
15603 0.0454545
15599 0.0454545
14603 0.0454545
8508 0.0454545
6973 0.0454545
6644 0.0454545
6089 0.0454545
5214 0.0454545
4405 0.0454545
4129 0.0454545
3245 0.0454545
2249 0.0454545
38636 0.0416667
38229 0.0416667
35380 0.0416667
32763 0.0416667
25397 0.0416667
24804 0.0416667
23813 0.0416667
22603 0.0416667
14708 0.0416667
13765 0.0416667
12507 0.0416667
5691 0.0416667
3164 0.0416667
40404 0.0277778
39511 0.0277778
36899 0.0277778
33641 0.0277778
32878 0.0277778
31283 0.0277778
31234 0.0277778
31200 0.0277778
30527 0.0277778
19185 0.0277778
16296 0.0277778
13430 0.0277778
9458 0.0277778
7503 0.0277778
6489 0.0277778
1977 0.0277778
40029 0.0227273
39242 0.0227273
37935 0.0227273
35366 0.0227273
34167 0.0227273
31509 0.0227273
30288 0.0227273
30074 0.0227273
28444 0.0227273
27945 0.0227273
26334 0.0227273
25337 0.0227273
24414 0.0227273
23631 0.0227273
22061 0.0227273
21911 0.0227273
18798 0.0227273
17634 0.0227273
15411 0.0227273
11108 0.0227273
10953 0.0227273
10581 0.0227273
10073 0.0227273
9665 0.0227273
8580 0.0227273
5667 0.0227273
5100 0.0227273
3287 0.0227273
186 0.0227273
40975 0.0147059
39112 0.0147059
38515 0.0147059
38013 0.0147059
37241 0.0147059
36105 0.0147059
36054 0.0147059
35876 0.0147059
35552 0.0147059
35469 0.0147059
34197 0.0147059
33883 0.0147059
33726 0.0147059
32350 0.0147059
31682 0.0147059
31266 0.0147059
31195 0.0147059
28719 0.0147059
28161 0.0147059
27789 0.0147059
27588 0.0147059
26620 0.0147059
26052 0.0147059
25221 0.0147059
25060 0.0147059
22519 0.0147059
20132 0.0147059
19728 0.0147059
19053 0.0147059
18846 0.0147059
18789 0.0147059
15589 0.0147059
15418 0.0147059
15335 0.0147059
12217 0.0147059
11802 0.0147059
11176 0.0147059
9972 0.0147059
8706 0.0147059
8037 0.0147059
7463 0.0147059
6657 0.0147059
6292 0.0147059
4859 0.0147059
4763 0.0147059
3916 0.0147059
3374 0.0147059
3348 0.0147059
1505 0.0147059
854 0.0147059
40980 0
40979 0
40978 0
40977 0
40976 0
40974 0
40973 0
40972 0
40971 0
40970 0
40969 0
40968 0
40967 0
40966 0
40965 0
40964 0
40963 0
40962 0
40961 0
40960 0
40959 0
40958 0
40957 0
40956 0
40955 0
40954 0
40953 0
40952 0
40951 0
40950 0
40949 0
40948 0
40947 0
40946 0
40945 0
40944 0
40943 0
40942 0
40941 0
40940 0
40939 0
40938 0
40937 0
40936 0
40935 0
40934 0
40933 0
40932 0
40931 0
40930 0
40929 0
40928 0
40927 0
40926 0
40925 0
40924 0
40923 0
40922 0
40921 0
40920 0
40919 0
40918 0
40917 0
40916 0
40915 0
40914 0
40913 0
40911 0
40910 0
40909 0
40908 0
40907 0
40906 0
40905 0
40904 0
40903 0
40902 0
40901 0
40900 0
40899 0
40898 0
40897 0
40896 0
40895 0
40894 0
40893 0
40892 0
40891 0
40890 0
40889 0
40888 0
40887 0
40886 0
40885 0
40884 0
40882 0
40881 0
40880 0
40879 0
40878 0
40877 0
40876 0
40875 0
40874 0
40873 0
40872 0
40871 0
40870 0
40869 0
40868 0
40867 0
40866 0
40865 0
40864 0
40863 0
40862 0
40861 0
40860 0
40859 0
40858 0
40857 0
40856 0
40855 0
40854 0
40853 0
40852 0
40851 0
40850 0
40849 0
40848 0
40847 0
40846 0
40845 0
40844 0
40843 0
40842 0
40841 0
40840 0
40839 0
40838 0
40837 0
40836 0
40835 0
40834 0
40833 0
40832 0
40831 0
40830 0
40829 0
40828 0
40827 0
40826 0
40825 0
40824 0
40823 0
40822 0
40821 0
40820 0
40819 0
40818 0
40817 0
40816 0
40815 0
40814 0
40813 0
40812 0
40811 0
40810 0
40809 0
40808 0
40807 0
40806 0
40805 0
40804 0
40803 0
40802 0
40801 0
40800 0
40799 0
40798 0
40797 0
40796 0
40795 0
40794 0
40793 0
40792 0
40791 0
40790 0
40789 0
40788 0
40787 0
40786 0
40785 0
40784 0
40783 0
40782 0
40781 0
40780 0
40779 0
40778 0
40777 0
40776 0
40775 0
40774 0
40773 0
40772 0
40771 0
40770 0
40769 0
40768 0
40767 0
40766 0
40765 0
40764 0
40763 0
40762 0
40761 0
40760 0
40759 0
40758 0
40757 0
40756 0
40755 0
40754 0
40753 0
40752 0
40751 0
40750 0
40749 0
40748 0
40747 0
40746 0
40745 0
40744 0
40743 0
40742 0
40741 0
40740 0
40739 0
40738 0
40737 0
