28704 9.72866
27179 9.72866
1841 8.37314
26968 7.22525
38382 6.37029
14856 5.5842
1810 5.45831
23102 5.2008
20378 5.0717
25555 4.17728
29761 4.10932
37738 4.0649
8370 3.64247
16631 3.61147
29590 3.34584
35820 2.66047
987 2.36696
5291 2.3248
36137 2.31938
37588 2.29239
39403 2.23206
40571 1.89764
19321 1.57962
18427 1.57962
33271 1.42135
4339 1.40211
7469 1.30123
14698 1.2303
13591 1.13292
11245 0.962386
9137 0.962386
22312 0.942749
23472 0.924314
32709 0.903608
18108 0.868223
18193 0.861444
25701 0.780314
7791 0.755671
31599 0.713323
38860 0.685146
653 0.670191
7510 0.536685
15035 0.523783
30603 0.509903
32390 0.508193
40340 0.504593
11207 0.484901
15949 0.468318
28071 0.459849
28138 0.410741
40377 0.382093
1704 0.382093
23856 0.38155
34041 0.37649
23843 0.36188
23624 0.33085
39324 0.323055
8703 0.315668
16411 0.306619
11078 0.305368
6732 0.278367
6108 0.274448
36225 0.271223
33538 0.268917
4980 0.268917
20416 0.266893
18076 0.261608
28057 0.255654
2624 0.241086
7591 0.235342
5091 0.231375
822 0.221119
12475 0.213811
31464 0.206856
29117 0.202782
38409 0.187837
9965 0.185461
31342 0.181548
32216 0.173161
30227 0.172884
23361 0.169234
32215 0.168227
7101 0.168227
8292 0.165979
15582 0.162969
11217 0.162969
4130 0.162157
27069 0.1586
10045 0.1586
37985 0.157299
39967 0.157047
9107 0.157047
608 0.157047
18884 0.151638
35508 0.148049
12896 0.145303
36365 0.140106
1593 0.140106
22752 0.139015
20987 0.139015
14246 0.139015
12305 0.139015
8256 0.139015
211 0.139015
36097 0.132633
10923 0.131265
33567 0.131074
23469 0.128535
28067 0.127381
403 0.12199
25123 0.120783
36578 0.118176
30079 0.118176
37880 0.101006
36384 0.101006
31430 0.101006
666 0.101006
8863 0.100258
27438 0.0950111
25296 0.0940628
10678 0.0940628
39473 0.0912759
25662 0.0912759
15577 0.0912759
9326 0.0912759
4214 0.0912759
2234 0.0912759
12126 0.0904762
39497 0.0837974
22267 0.0837974
17480 0.0837974
26816 0.0833333
14714 0.0819994
33229 0.0808085
28044 0.0808085
23799 0.0808085
14021 0.0808085
11603 0.0808085
35368 0.079766
34419 0.079766
34113 0.079766
23620 0.079766
19247 0.079766
11210 0.079766
10120 0.079766
37644 0.0777031
32149 0.0777031
26300 0.0777031
23041 0.0777031
22582 0.0777031
16458 0.0777031
12359 0.0777031
11788 0.0777031
8693 0.0777031
5248 0.0777031
1792 0.0777031
36343 0.0720766
33723 0.0720766
25154 0.0720766
23497 0.0720766
14453 0.0720766
38543 0.0714286
29960 0.0714286
5614 0.0714018
1308 0.0714018
24064 0.0705238
27502 0.069137
27557 0.0688523
40438 0.0683442
18155 0.0683442
22594 0.0675934
1458 0.0675934
1751 0.0663511
11721 0.0646853
10959 0.0625
4850 0.0605059
34054 0.0571717
34021 0.0571717
23601 0.0571717
2110 0.0571717
39943 0.0567358
19341 0.0539409
2979 0.0539409
40961 0.0533905
39309 0.0533905
37692 0.0533905
37039 0.0533905
33181 0.0533905
29234 0.0533905
27397 0.0533905
15670 0.0533905
13480 0.0533905
40557 0.0533252
4336 0.0533252
34711 0.0512601
31863 0.0512601
29005 0.0512601
26497 0.0512601
18403 0.0512601
10745 0.0512601
7155 0.0512601
38089 0.0506084
34806 0.0506084
34524 0.0506084
32579 0.0506084
25757 0.0506084
23345 0.0506084
16258 0.0506084
15062 0.0506084
11337 0.0506084
7985 0.0506084
30597 0.05
39210 0.0490741
20005 0.0490741
40129 0.0486527
40005 0.0486527
39691 0.0486527
35316 0.0486527
31632 0.0486527
31393 0.0486527
25142 0.0486527
20568 0.0486527
17587 0.0486527
14345 0.0486527
13593 0.0486527
11627 0.0486527
8780 0.0486527
8153 0.0486527
6349 0.0486527
4566 0.0486527
33367 0.047619
29829 0.047619
10515 0.047619
2977 0.047619
34710 0.046246
12065 0.046246
9808 0.046246
8174 0.046246
2865 0.0445193
19032 0.0434783
16789 0.0434783
1026 0.0434783
30166 0.0416667
30376 0.0414252
28615 0.0414252
19706 0.0414252
39858 0.04
37732 0.04
12658 0.04
7693 0.037037
7830 0.0357143
5484 0.0357143
40963 0.03125
38523 0.03125
13311 0.03125
3619 0.03125
40623 0.0308
39458 0.0308
38126 0.0308
37863 0.0308
35742 0.0308
31686 0.0308
31320 0.0308
28763 0.0308
27228 0.0308
19128 0.0308
17377 0.0308
13325 0.0308
11879 0.0308
10837 0.0308
10546 0.0308
10372 0.0308
5992 0.0308
5834 0.0308
5705 0.0308
5627 0.0308
5439 0.0308
4534 0.0308
4521 0.0308
1512 0.0308
869 0.0308
39047 0.030303
30688 0.030303
20613 0.030303
16686 0.030303
12516 0.030303
39444 0.0277095
38473 0.0277095
33004 0.0277095
28300 0.0277095
26920 0.0277095
24908 0.0277095
24306 0.0277095
15757 0.0277095
9681 0.0277095
6587 0.0277095
5534 0.0277095
3555 0.0277095
816 0.0277095
30672 0.0263158
26935 0.0263158
19794 0.0263158
6646 0.0263158
4754 0.0263158
32952 0.025
26881 0.025
10968 0.025
10812 0.025
17416 0.0238095
33610 0.0227273
39380 0.0208333
21117 0.0208333
20062 0.0208333
19274 0.0192308
17505 0.0188679
8429 0.0188679
40643 0.0178571
39808 0.0178571
38872 0.0178571
38371 0.0178571
37516 0.0178571
34796 0.0178571
33295 0.0178571
32869 0.0178571
32050 0.0178571
27442 0.0178571
25610 0.0178571
25424 0.0178571
22965 0.0178571
22302 0.0178571
21992 0.0178571
19795 0.0178571
18918 0.0178571
17430 0.0178571
14999 0.0178571
14786 0.0178571
14100 0.0178571
7662 0.0178571
5219 0.0178571
2508 0.0178571
1580 0.0178571
1194 0.0178571
1173 0.0178571
1168 0.0178571
441 0.0178571
36040 0.0175439
35630 0.0175439
29994 0.0175439
17890 0.0175439
14650 0.0175439
6629 0.0175439
36308 0.0149254
33664 0.0149254
26354 0.0149254
6876 0.0149254
5583 0.0149254
5362 0.0149254
1130 0.0149254
40308 0.0144928
38754 0.0144928
36826 0.0144928
35118 0.0144928
31511 0.0144928
24326 0.0144928
23144 0.0144928
21305 0.0144928
20289 0.0144928
18047 0.0144928
17731 0.0144928
15471 0.0144928
13093 0.0144928
11050 0.0144928
10578 0.0144928
9963 0.0144928
9836 0.0144928
5136 0.0144928
3660 0.0144928
1688 0.0144928
38389 0.0123457
37704 0.0123457
37429 0.0123457
36462 0.0123457
35579 0.0123457
26472 0.0123457
25500 0.0123457
21819 0.0123457
21779 0.0123457
20147 0.0123457
18499 0.0123457
17772 0.0123457
17140 0.0123457
15392 0.0123457
10160 0.0123457
9470 0.0123457
9048 0.0123457
8911 0.0123457
34843 0.0107527
33713 0.0107527
33375 0.0107527
33368 0.0107527
33195 0.0107527
30017 0.0107527
29877 0.0107527
26719 0.0107527
24356 0.0107527
24187 0.0107527
18960 0.0107527
18123 0.0107527
17576 0.0107527
17301 0.0107527
10167 0.0107527
9408 0.0107527
5635 0.0107527
2798 0.0107527
40828 0.00806452
39223 0.00806452
38433 0.00806452
37934 0.00806452
33770 0.00806452
33736 0.00806452
32260 0.00806452
28217 0.00806452
26514 0.00806452
25601 0.00806452
25588 0.00806452
25147 0.00806452
25146 0.00806452
22513 0.00806452
22484 0.00806452
22374 0.00806452
21402 0.00806452
21050 0.00806452
20609 0.00806452
20596 0.00806452
18554 0.00806452
17096 0.00806452
16478 0.00806452
16186 0.00806452
14872 0.00806452
13703 0.00806452
12175 0.00806452
11121 0.00806452
10380 0.00806452
8743 0.00806452
5472 0.00806452
5451 0.00806452
3504 0.00806452
3332 0.00806452
2377 0.00806452
2277 0.00806452
803 0.00806452
40920 0.00740741
40902 0.00740741
39903 0.00740741
39490 0.00740741
37825 0.00740741
32186 0.00740741
31548 0.00740741
31389 0.00740741
31096 0.00740741
30342 0.00740741
29217 0.00740741
27908 0.00740741
26662 0.00740741
26276 0.00740741
21700 0.00740741
19301 0.00740741
16763 0.00740741
13190 0.00740741
6168 0.00740741
2879 0.00740741
1862 0.00740741
40362 0.00729927
38277 0.00729927
37532 0.00729927
36989 0.00729927
36396 0.00729927
35961 0.00729927
35546 0.00729927
35056 0.00729927
33988 0.00729927
33632 0.00729927
31935 0.00729927
31634 0.00729927
31121 0.00729927
30882 0.00729927
27320 0.00729927
27076 0.00729927
26073 0.00729927
25752 0.00729927
22835 0.00729927
22091 0.00729927
21768 0.00729927
21696 0.00729927
21444 0.00729927
21123 0.00729927
20729 0.00729927
20430 0.00729927
19716 0.00729927
19154 0.00729927
