10330 20.9462
9104 10.7503
24096 7.65907
3055 7.58827
8672 6.34375
3855 6.06987
239 5.07875
38505 3.86614
36383 2.45198
6762 2.35228
25573 2.22143
26245 1.74597
2626 1.72203
23253 1.61667
33264 1.59042
33977 1.58036
31758 1.48986
36035 1.42619
21199 1.29524
32334 1.18496
37910 1.08382
16249 1.03571
11330 0.985714
3355 0.94865
27458 0.943347
32902 0.916667
17274 0.789225
38168 0.788492
7980 0.747619
25982 0.733333
26363 0.717857
37754 0.700765
11142 0.678409
31301 0.65
21518 0.619048
7652 0.616667
31927 0.592857
35608 0.587864
23064 0.571429
15197 0.547514
28753 0.49359
23539 0.492857
20786 0.476923
16652 0.466667
7542 0.458333
36171 0.438095
34346 0.41978
24492 0.41978
14013 0.413743
27846 0.410256
4389 0.410256
21585 0.401681
14402 0.401681
2920 0.400433
4435 0.392857
36542 0.383333
4931 0.371429
26972 0.36859
37607 0.358766
34729 0.338095
25584 0.338095
10623 0.334524
35199 0.333333
32933 0.333333
30493 0.333333
26011 0.333333
23997 0.333333
22228 0.333333
18034 0.333333
13220 0.333333
6755 0.333333
6689 0.333333
3936 0.333333
1661 0.333333
24540 0.294935
20912 0.283824
28312 0.271368
27573 0.258824
33940 0.256944
20265 0.253846
38902 0.25
37923 0.25
37523 0.25
36869 0.25
32885 0.25
27210 0.25
26272 0.25
24803 0.25
22772 0.25
18830 0.25
11633 0.25
8608 0.25
5691 0.25
2401 0.25
22594 0.24906
34694 0.21267
22770 0.201681
40802 0.2
38151 0.2
38002 0.2
37130 0.2
36201 0.2
34920 0.2
26750 0.2
25899 0.2
19604 0.2
16717 0.2
16397 0.2
15442 0.2
8928 0.2
3283 0.2
40423 0.166667
10523 0.166667
9091 0.166667
8373 0.166667
6490 0.166667
4386 0.166667
3904 0.166667
3782 0.166667
1975 0.166667
1915 0.166667
39354 0.142857
38579 0.142857
35111 0.142857
31687 0.142857
28550 0.142857
23826 0.142857
21405 0.142857
15603 0.142857
14615 0.142857
5027 0.142857
37807 0.125
36966 0.125
28526 0.125
23426 0.125
14232 0.125
13775 0.125
10661 0.125
10074 0.125
9695 0.125
9221 0.125
3399 0.125
40550 0.111111
33007 0.111111
30598 0.111111
23186 0.111111
19032 0.111111
6897 0.111111
32398 0.1
29090 0.1
16967 0.1
15686 0.1
1763 0.1
36520 0.0909091
27790 0.0909091
12894 0.0909091
10404 0.0909091
9096 0.0909091
28765 0.0833333
25268 0.0833333
8124 0.0833333
5362 0.0833333
3349 0.0833333
971 0.0833333
38817 0.0769231
35631 0.0769231
31879 0.0769231
29430 0.0769231
27410 0.0769231
24328 0.0769231
20821 0.0769231
16628 0.0769231
15155 0.0769231
14612 0.0769231
4247 0.0769231
40978 0.0714286
37924 0.0714286
36436 0.0714286
32814 0.0714286
31959 0.0714286
31904 0.0714286
31736 0.0714286
23353 0.0714286
9442 0.0714286
7111 0.0714286
5323 0.0714286
4205 0.0714286
3939 0.0714286
36818 0.0666667
25006 0.0666667
22185 0.0666667
15479 0.0666667
28544 0.0625
12084 0.0625
6612 0.0625
39916 0.0588235
39848 0.0588235
36277 0.0588235
27717 0.0588235
15272 0.0588235
9138 0.0588235
35734 0.0526316
32620 0.0526316
31329 0.0526316
30417 0.0526316
29551 0.0526316
28509 0.0526316
27926 0.0526316
23439 0.0526316
22711 0.0526316
21393 0.0526316
6979 0.0526316
4123 0.0526316
40980 0
40979 0
40977 0
40976 0
40975 0
40974 0
40973 0
40972 0
40971 0
40970 0
40969 0
40968 0
40967 0
40966 0
40965 0
40964 0
40963 0
40962 0
40961 0
40960 0
40959 0
40958 0
40957 0
40956 0
40955 0
40954 0
40953 0
40952 0
40951 0
40950 0
40949 0
40948 0
40947 0
40946 0
40945 0
40944 0
40943 0
40942 0
40941 0
40940 0
40939 0
40938 0
40937 0
40936 0
40935 0
40934 0
40933 0
40932 0
40931 0
40930 0
40929 0
40928 0
40927 0
40926 0
40925 0
40924 0
40923 0
40922 0
40921 0
40920 0
40919 0
40918 0
40917 0
40916 0
40915 0
40914 0
40913 0
40912 0
40911 0
40910 0
40909 0
40908 0
40907 0
40906 0
40905 0
40904 0
40903 0
40902 0
40901 0
40900 0
40899 0
40898 0
40897 0
40896 0
40895 0
40894 0
40893 0
40892 0
40891 0
40890 0
40889 0
40888 0
40887 0
40886 0
40885 0
40884 0
40883 0
40882 0
40881 0
40880 0
40879 0
40878 0
40877 0
40876 0
40875 0
40874 0
40873 0
40872 0
40871 0
40870 0
40869 0
40868 0
40867 0
40866 0
40865 0
40864 0
40863 0
40862 0
40861 0
40860 0
40859 0
40858 0
40857 0
40856 0
40855 0
40854 0
40853 0
40852 0
40851 0
40850 0
40849 0
40848 0
40847 0
40846 0
40845 0
40844 0
40843 0
40842 0
40841 0
40840 0
40839 0
40838 0
40837 0
40836 0
40835 0
40834 0
40833 0
40832 0
40831 0
40830 0
40829 0
40828 0
40827 0
40826 0
40825 0
40824 0
40823 0
40822 0
40821 0
40820 0
40819 0
40818 0
40817 0
40816 0
40815 0
40814 0
40813 0
40812 0
40811 0
40810 0
40809 0
40808 0
40807 0
40806 0
40805 0
40804 0
40803 0
40801 0
40800 0
40799 0
40798 0
40797 0
40796 0
40795 0
40794 0
40793 0
40792 0
40791 0
40790 0
40789 0
40788 0
40787 0
40786 0
40785 0
40784 0
40783 0
40782 0
40781 0
40780 0
40779 0
40778 0
40777 0
40776 0
40775 0
40774 0
40773 0
40772 0
40771 0
40770 0
40769 0
40768 0
40767 0
40766 0
40765 0
40764 0
40763 0
40762 0
40761 0
40760 0
40759 0
40758 0
40757 0
40756 0
40755 0
40754 0
40753 0
40752 0
40751 0
40750 0
40749 0
40748 0
40747 0
40746 0
40745 0
40744 0
40743 0
40742 0
40741 0
40740 0
40739 0
40738 0
40737 0
40736 0
40735 0
40734 0
40733 0
40732 0
40731 0
40730 0
40729 0
40728 0
40727 0
40726 0
40725 0
40724 0
40723 0
40722 0
40721 0
40720 0
40719 0
40718 0
40717 0
40716 0
40715 0
40714 0
40713 0
40712 0
40711 0
40710 0
40709 0
40708 0
40707 0
40706 0
40705 0
40704 0
40703 0
40702 0
40701 0
40700 0
40699 0
40698 0
40697 0
40696 0
40695 0
40694 0
40693 0
40692 0
