20410 2.51018
25181 2.25485
25780 1.83388
16968 1.74915
2560 1.26859
19032 1.24937
1026 1.03958
6563 0.97642
24002 0.946665
16789 0.859923
15231 0.799339
25668 0.780105
19262 0.585495
31880 0.563426
543 0.533713
8943 0.493292
30916 0.445077
36388 0.436075
11173 0.405556
25155 0.391464
14690 0.365288
22627 0.333601
6315 0.333601
26755 0.298682
17696 0.296724
17989 0.291209
11902 0.288406
17859 0.288312
22976 0.286795
32888 0.274107
15666 0.274107
22191 0.268478
32600 0.263682
38336 0.249918
8027 0.24359
26385 0.215385
2390 0.214907
23696 0.212648
15258 0.203907
28345 0.203807
22014 0.203807
19800 0.203807
27769 0.199537
38906 0.180515
33025 0.165856
36828 0.158234
32283 0.158234
7610 0.157287
12701 0.153472
13809 0.14214
31329 0.125
12748 0.125
9254 0.125
27799 0.120953
39504 0.105031
5087 0.105031
38844 0.1
28757 0.1
23774 0.1
11941 0.1
31059 0.0929891
7658 0.0929891
33185 0.0909091
27963 0.0909091
9665 0.0909091
4257 0.0909091
1642 0.0909091
27239 0.0890792
7858 0.0890792
24740 0.0833333
36809 0.0769231
31241 0.0769231
29803 0.0769231
27923 0.0769231
18287 0.0769231
18040 0.0769231
40413 0.0714286
23052 0.0714286
19739 0.0714286
17782 0.0714286
16987 0.0714286
14035 0.0714286
11835 0.0714286
10300 0.0714286
26305 0.0625
25290 0.0625
25245 0.0625
1394 0.0625
38575 0.0555556
32209 0.0555556
27226 0.0555556
25909 0.0555556
22613 0.0555556
10378 0.0555556
34351 0.047619
33276 0.047619
23724 0.047619
19540 0.047619
17185 0.047619
9767 0.047619
8136 0.047619
4482 0.047619
36389 0.0454545
25308 0.0454545
17301 0.0454545
14815 0.0454545
10480 0.0454545
4278 0.0454545
37663 0.0434783
36189 0.0434783
35303 0.0434783
34129 0.0434783
32651 0.0434783
28248 0.0434783
27448 0.0434783
20309 0.0434783
17720 0.0434783
14052 0.0434783
2580 0.0434783
311 0.0434783
35313 0.04
30038 0.04
22656 0.04
20588 0.04
40124 0.0384615
38391 0.0384615
36313 0.0384615
36297 0.0384615
29193 0.0384615
29030 0.0384615
26786 0.0384615
24239 0.0384615
22530 0.0384615
10505 0.0384615
1355 0.0384615
1346 0.0384615
547 0.0384615
38322 0.037037
35445 0.037037
17522 0.037037
13686 0.037037
7236 0.037037
5632 0.037037
34840 0.03125
10805 0.03125
5869 0.03125
36990 0.030303
31206 0.030303
30567 0.030303
27506 0.030303
26829 0.030303
22935 0.030303
16664 0.030303
15918 0.030303
15830 0.030303
6583 0.030303
36180 0.0217391
33857 0.0217391
33642 0.0217391
29519 0.0217391
27658 0.0217391
26998 0.0217391
21350 0.0217391
20090 0.0217391
19430 0.0217391
17076 0.0217391
16408 0.0217391
16070 0.0217391
15159 0.0217391
9864 0.0217391
9798 0.0217391
454 0.0217391
40980 0
40979 0
40978 0
40977 0
40976 0
40975 0
40974 0
40973 0
40972 0
40971 0
40970 0
40969 0
40968 0
40967 0
40966 0
40965 0
40964 0
40963 0
40962 0
40961 0
40960 0
40959 0
40958 0
40957 0
40956 0
40955 0
40954 0
40953 0
40952 0
40951 0
40950 0
40949 0
40948 0
40947 0
40946 0
40945 0
40944 0
40943 0
40942 0
40941 0
40940 0
40939 0
40938 0
40937 0
40936 0
40935 0
40934 0
40933 0
40932 0
40931 0
40930 0
40929 0
40928 0
40927 0
40926 0
40925 0
40924 0
40923 0
40922 0
40921 0
40920 0
40919 0
40918 0
40917 0
40916 0
40915 0
40914 0
40913 0
40912 0
40911 0
40910 0
40909 0
40908 0
40907 0
40906 0
40905 0
40904 0
40903 0
40902 0
40901 0
40900 0
40899 0
40898 0
40897 0
40896 0
40895 0
40894 0
40893 0
40892 0
40891 0
40890 0
40889 0
40888 0
40887 0
40886 0
40885 0
40884 0
40883 0
40882 0
40881 0
40880 0
40879 0
40878 0
40877 0
40876 0
40875 0
40874 0
40873 0
40872 0
40871 0
40870 0
40869 0
40868 0
40867 0
40866 0
40865 0
40864 0
40863 0
40862 0
40861 0
40860 0
40859 0
40858 0
40857 0
40856 0
40855 0
40854 0
40853 0
40852 0
40851 0
40850 0
40849 0
40848 0
40847 0
40846 0
40845 0
40844 0
40843 0
40842 0
40841 0
40840 0
40839 0
40838 0
40837 0
40836 0
40835 0
40834 0
40833 0
40832 0
40831 0
40830 0
40829 0
40828 0
40827 0
40826 0
40825 0
40824 0
40823 0
40822 0
40821 0
40820 0
40819 0
40818 0
40817 0
40816 0
40815 0
40814 0
40813 0
40812 0
40811 0
40810 0
40809 0
40808 0
40807 0
40806 0
40805 0
40804 0
40803 0
40802 0
40801 0
40800 0
40799 0
40798 0
40797 0
40796 0
40795 0
40794 0
40793 0
40792 0
40791 0
40790 0
40789 0
40788 0
40787 0
40786 0
40785 0
40784 0
40783 0
40782 0
40781 0
40780 0
40779 0
40778 0
40777 0
40776 0
40775 0
40774 0
40773 0
40772 0
40771 0
40770 0
40769 0
40768 0
40767 0
40766 0
40765 0
40764 0
40763 0
40762 0
40761 0
40760 0
40759 0
40758 0
40757 0
40756 0
40755 0
40754 0
40753 0
40752 0
40751 0
40750 0
40749 0
40748 0
40747 0
40746 0
40745 0
40744 0
40743 0
40742 0
40741 0
40740 0
40739 0
40738 0
40737 0
40736 0
40735 0
40734 0
40733 0
40732 0
40731 0
40730 0
40729 0
40728 0
40727 0
40726 0
40725 0
40724 0
40723 0
40722 0
40721 0
40720 0
40719 0
40718 0
40717 0
40716 0
40715 0
40714 0
40713 0
40712 0
40711 0
40710 0
40709 0
40708 0
40707 0
40706 0
40705 0
40704 0
40703 0
40702 0
40701 0
40700 0
40699 0
40698 0
40697 0
40696 0
40695 0
40694 0
40693 0
40692 0
40691 0
40690 0
40689 0
40688 0
40687 0
40686 0
40685 0
40684 0
40683 0
40682 0
40681 0
40680 0
40679 0
40678 0
40677 0
40676 0
40675 0
40674 0
40673 0
40672 0
40671 0
40670 0
40669 0
40668 0
40667 0
40666 0
40665 0
40664 0
40663 0
40662 0
40661 0
40660 0
40659 0
40658 0
40657 0
40656 0
40655 0
40654 0
40653 0
