32404 5.89081
26801 5.61839
26330 3.01292
23650 2.89339
23958 2.68771
5260 2.47849
7078 1.86732
25758 1.76684
29696 1.66451
9809 1.53834
25239 1.4568
29180 1.43322
23880 1.40558
6188 1.40108
20118 1.35297
38213 1.29487
21239 1.28304
5657 1.28175
26823 1.26226
12862 1.24369
70 1.24249
19454 1.20723
35973 1.19841
36107 1.13986
32227 1.13642
33261 1.12701
16993 1.12255
27813 1.1213
6295 1.10478
20798 1.08792
29017 1.0519
297 1.01724
20741 1.00706
19136 0.996018
17944 0.991878
18312 0.986534
1381 0.946071
9356 0.944986
32495 0.943527
31408 0.935109
7650 0.859933
38401 0.841774
3069 0.803267
1350 0.793258
15682 0.792734
39759 0.783284
37202 0.763931
39470 0.745789
30029 0.689619
25493 0.682868
10681 0.666912
20189 0.646886
33034 0.639613
20131 0.639327
29947 0.614379
19599 0.60714
39088 0.5866
3359 0.586142
25841 0.582988
899 0.575382
37753 0.524874
14752 0.504046
16138 0.493764
28911 0.493301
7627 0.492077
17233 0.477778
6521 0.446441
30889 0.440909
28365 0.430971
40537 0.426689
4661 0.426689
17832 0.419835
10687 0.415323
37258 0.41479
11316 0.414121
326 0.401279
20244 0.378638
26221 0.374996
32679 0.371795
37660 0.344528
8590 0.328271
19252 0.31847
24888 0.316605
4237 0.313374
10336 0.311369
9863 0.311369
9956 0.30938
30069 0.301276
11538 0.300441
37481 0.298764
16877 0.297637
15914 0.296078
9042 0.291155
34842 0.285444
5581 0.284951
40744 0.28373
10214 0.26956
27150 0.262521
10801 0.262521
28048 0.261052
13590 0.258677
31064 0.256544
2109 0.251843
35807 0.250632
34117 0.250547
835 0.248146
14019 0.241414
18211 0.238642
17095 0.237013
17508 0.23002
16733 0.227167
35558 0.224801
4193 0.222816
17059 0.217742
9627 0.215756
951 0.215756
17518 0.215403
3087 0.214706
38481 0.213256
36983 0.205232
27088 0.196515
16637 0.195019
31590 0.193866
11963 0.188201
6999 0.187646
4357 0.187646
37045 0.182665
20859 0.18208
10429 0.181807
39816 0.180656
39325 0.178083
40857 0.177206
16623 0.174813
8801 0.174813
28516 0.173134
21555 0.168258
648 0.167677
11395 0.167471
2021 0.164421
903 0.163678
23371 0.162262
13320 0.162262
6282 0.158863
1762 0.157987
13056 0.155686
21458 0.154826
10121 0.154769
2506 0.152084
20820 0.151136
8434 0.14939
6328 0.144261
32649 0.139194
40392 0.137892
40117 0.137826
30033 0.137826
23815 0.133406
13152 0.131613
18657 0.131206
26362 0.127716
21671 0.125409
3533 0.125409
35019 0.125
28895 0.121952
28362 0.118416
1077 0.117922
24636 0.117907
17823 0.117907
29927 0.115599
20793 0.115599
22370 0.114777
23860 0.111111
27249 0.108418
21717 0.108418
16709 0.106648
26434 0.10151
18696 0.0942266
16475 0.0942266
13144 0.0942266
37144 0.0930736
131 0.0916667
21967 0.0871624
19530 0.0871175
29779 0.0861421
4741 0.0861421
37239 0.081558
16174 0.081558
15447 0.081558
14675 0.0775577
2224 0.0775577
12912 0.0774332
16382 0.0773459
9604 0.0769769
2362 0.0762987
17023 0.0755044
1481 0.073676
842 0.0677362
11716 0.0673667
13222 0.0673035
13724 0.0666667
36497 0.0661442
30421 0.0625
1309 0.0583535
1063 0.0577471
25621 0.0575342
15269 0.0569028
5031 0.0569028
1233 0.0568947
35302 0.0563998
39044 0.0536748
14361 0.0526316
25145 0.0502455
7349 0.0502455
17111 0.0497514
12244 0.0463345
11598 0.0463345
23812 0.0434783
11860 0.0434783
25818 0.0429797
24768 0.0429797
21522 0.0420483
3174 0.0420483
4603 0.0409956
2146 0.037037
22332 0.0344828
35233 0.0317536
29089 0.0317536
28548 0.0317536
15333 0.0317536
31109 0.030303
24201 0.030303
16150 0.0277778
26496 0.0263158
3373 0.0263158
20261 0.0243902
7300 0.0243902
6432 0.0243902
4832 0.0243902
40680 0.0232558
1537 0.0227273
37763 0.0188679
19160 0.0188679
9522 0.0188679
37539 0.015873
25674 0.015873
11160 0.015873
39241 0.0147059
35890 0.0147059
33788 0.0147059
32910 0.0147059
30560 0.0147059
20095 0.0147059
11605 0.0147059
23768 0.011236
7956 0.011236
3810 0.011236
21155 0.0104167
20514 0.0104167
8728 0.0104167
1665 0.0104167
40634 0.010101
20499 0.010101
17991 0.010101
3159 0.010101
40980 0
40979 0
40978 0
40977 0
40976 0
40975 0
40974 0
40973 0
40972 0
40971 0
40970 0
40969 0
40968 0
40967 0
40966 0
40965 0
40964 0
40963 0
40962 0
40961 0
40960 0
40959 0
40958 0
40957 0
40956 0
40955 0
40954 0
40953 0
40952 0
40951 0
40950 0
40949 0
40948 0
40947 0
40946 0
40945 0
40944 0
40943 0
40942 0
40941 0
40940 0
40939 0
40938 0
40937 0
40936 0
40935 0
40934 0
40933 0
40932 0
40931 0
40930 0
40929 0
40928 0
40927 0
40926 0
40925 0
40924 0
40923 0
40922 0
40921 0
40920 0
40919 0
40918 0
40917 0
40916 0
40915 0
40914 0
40913 0
40912 0
40911 0
40910 0
40909 0
40908 0
40907 0
40906 0
40905 0
40904 0
40903 0
40902 0
40901 0
40900 0
40899 0
40898 0
40897 0
40896 0
40895 0
40894 0
40893 0
40892 0
40891 0
40890 0
40889 0
40888 0
40887 0
40886 0
40885 0
40884 0
40883 0
40882 0
40881 0
40880 0
40879 0
40878 0
40877 0
40876 0
40875 0
40874 0
40873 0
40872 0
40871 0
40870 0
40869 0
40868 0
40867 0
40866 0
40865 0
40864 0
40863 0
40862 0
40861 0
40860 0
40859 0
40858 0
40856 0
40855 0
40854 0
40853 0
40852 0
40851 0
40850 0
40849 0
40848 0
40847 0
40846 0
40845 0
40844 0
40843 0
40842 0
40841 0
40840 0
40839 0
40838 0
40837 0
40836 0
40835 0
40834 0
40833 0
40832 0
40831 0
40830 0
40829 0
40828 0
40827 0
40826 0
40825 0
40824 0
40823 0
40822 0
40821 0
40820 0
40819 0
40818 0
40817 0
40816 0
40815 0
40814 0
40813 0
40812 0
40811 0
40810 0
40809 0
40808 0
40807 0
40806 0
40805 0
40804 0
40803 0
40802 0
40801 0
40800 0
40799 0
40798 0
40797 0
40796 0
40795 0
40794 0
40793 0
40792 0
40791 0
40790 0
40789 0
40788 0
40787 0
40786 0
40785 0
40784 0
40783 0
40782 0
40781 0
40780 0
40779 0
40778 0
40777 0
40776 0
40775 0
40774 0
40773 0
40772 0
40771 0
40770 0
40769 0
40768 0
40767 0
40766 0
40765 0
40764 0
40763 0
40762 0
40761 0
40760 0
40759 0
40758 0
40757 0
40756 0
40755 0
40754 0
40753 0
40752 0
40751 0
40750 0
40749 0
40748 0
40747 0
40746 0
40745 0
40743 0
40742 0
