31564 0.857021
31589 0.855012
27799 0.826577
28521 0.769366
30035 0.701835
21186 0.571501
6041 0.57105
8427 0.570645
13766 0.540948
20749 0.539426
28855 0.496153
14858 0.491102
40890 0.436391
33452 0.436391
8208 0.404268
11810 0.387834
5209 0.374303
33377 0.370012
4203 0.361101
2236 0.358766
33459 0.342107
2638 0.342107
21010 0.321569
32788 0.311115
32885 0.303114
14158 0.275
4189 0.267737
13916 0.258784
950 0.258784
33633 0.257506
38776 0.256424
31402 0.25
3727 0.246795
29140 0.241909
27166 0.231691
6319 0.231691
7175 0.226494
22530 0.215529
19219 0.2125
22594 0.201368
27486 0.18529
17900 0.18529
5875 0.18529
37832 0.182054
6715 0.178144
32016 0.177076
21785 0.177076
22088 0.173192
23715 0.17246
28749 0.165914
15669 0.16167
3413 0.160491
21115 0.157812
11607 0.157812
27926 0.157278
14138 0.157278
10424 0.151299
40644 0.148998
14934 0.148998
6140 0.148998
432 0.148998
23843 0.145238
20305 0.14305
14587 0.14305
12522 0.14305
4934 0.14305
1049 0.14305
16629 0.142857
5971 0.142857
5366 0.142857
33267 0.137118
16806 0.136412
15416 0.134818
13001 0.13454
7454 0.134351
22469 0.125
7102 0.125
18138 0.122098
2652 0.122098
13117 0.113771
8342 0.113771
3002 0.113771
29270 0.111345
29211 0.111345
35569 0.111111
18520 0.108788
10022 0.108788
27408 0.107983
34542 0.106368
32544 0.106368
29626 0.106368
2027 0.106368
6667 0.103408
24505 0.101193
25505 0.100118
30367 0.1
25689 0.1
9957 0.1
36918 0.0985606
20071 0.0985606
6518 0.0985606
2484 0.0985606
26095 0.0980861
38422 0.0968716
33530 0.0968716
32536 0.0967532
39934 0.0909091
23745 0.0909091
14355 0.0909091
12943 0.0909091
31818 0.0844612
19495 0.0833333
14410 0.0833333
37502 0.0798739
13654 0.0798739
13507 0.0798739
2885 0.0798739
556 0.0798739
35825 0.0786082
8356 0.0786082
32340 0.0769231
36313 0.0676339
34770 0.0671074
29021 0.0671074
24336 0.0671074
7253 0.0671074
785 0.0671074
37120 0.0666667
33498 0.0666667
31457 0.0666667
28396 0.0666667
28042 0.0666667
23898 0.0666667
22318 0.0666667
11266 0.0666667
10196 0.0666667
9653 0.0666667
8242 0.0666667
37305 0.0666132
22456 0.0666132
33252 0.0604233
18963 0.0604233
14936 0.0604233
9901 0.0604233
9503 0.0604233
6166 0.0604233
38608 0.058869
37374 0.058869
34015 0.058869
31947 0.058869
31282 0.0588235
30379 0.0588235
13927 0.0588235
9616 0.0588235
4761 0.0588235
39583 0.0576144
32337 0.0576144
32034 0.0576144
31228 0.0576144
6172 0.0576144
2511 0.0576144
31827 0.0560922
30504 0.0560922
28478 0.0560922
27208 0.0560922
22953 0.0560922
11304 0.0560922
8197 0.0560922
24239 0.0528737
21757 0.0528737
37597 0.0523413
36117 0.0523413
35346 0.0523413
35317 0.0523413
29030 0.0523413
25367 0.0523413
21323 0.0523413
18997 0.0523413
13235 0.0523413
8035 0.0523413
1355 0.0523413
938 0.0523413
34098 0.05
8497 0.05
39951 0.047619
24364 0.047619
21830 0.047619
12451 0.047619
30417 0.0454545
27675 0.0454545
21062 0.0454545
1789 0.0454545
36934 0.0451731
32287 0.0451731
31289 0.0451731
29565 0.0451731
26350 0.0451731
19648 0.0451731
18446 0.0451731
16395 0.0451731
12766 0.0451731
11874 0.0451731
9201 0.0451731
7900 0.0451731
7245 0.0451731
6654 0.0451731
6134 0.0451731
5609 0.0451731
1942 0.0451731
374 0.0451731
36673 0.0419149
36400 0.0419149
33518 0.0419149
32620 0.0419149
29634 0.0419149
24678 0.0419149
22184 0.0419149
12104 0.0419149
7852 0.0419149
5414 0.0419149
3940 0.0419149
1610 0.0419149
29067 0.0406167
25556 0.0384615
24523 0.0384615
10028 0.0384615
30215 0.0322581
28363 0.0322581
2846 0.0322581
547 0.0322581
22744 0.03125
17637 0.03125
17301 0.03125
22605 0.0294118
22368 0.0294118
15586 0.0294118
13388 0.0294118
12171 0.0294118
6906 0.0294118
6386 0.0294118
40618 0.0285714
31943 0.0285714
30325 0.0285714
27863 0.0285714
27796 0.0285714
27704 0.0285714
25334 0.0285714
21703 0.0285714
17033 0.0285714
16787 0.0285714
15054 0.0285714
8367 0.0285714
6830 0.0285714
4025 0.0285714
1 0.0285714
40629 0.0243424
39962 0.0243424
38141 0.0243424
36528 0.0243424
35734 0.0243424
34664 0.0243424
34156 0.0243424
32572 0.0243424
30793 0.0243424
30693 0.0243424
29077 0.0243424
28952 0.0243424
22711 0.0243424
21566 0.0243424
19774 0.0243424
17739 0.0243424
17312 0.0243424
16233 0.0243424
16047 0.0243424
12661 0.0243424
11725 0.0243424
5435 0.0243424
2869 0.0243424
2542 0.0243424
233 0.0243424
39519 0.0227273
35249 0.0227273
29875 0.0227273
29437 0.0227273
26058 0.0227273
25913 0.0227273
25474 0.0227273
22170 0.0227273
15834 0.0227273
12960 0.0227273
8982 0.0227273
7618 0.0227273
7099 0.0227273
6711 0.0227273
6355 0.0227273
5778 0.0227273
3762 0.0227273
2010 0.0227273
40870 0.0208333
37291 0.0208333
35733 0.0208333
35381 0.0208333
34795 0.0208333
34370 0.0208333
33499 0.0208333
32304 0.0208333
29429 0.0208333
29193 0.0208333
26854 0.0208333
25041 0.0208333
23963 0.0208333
20448 0.0208333
16295 0.0208333
12407 0.0208333
11417 0.0208333
10925 0.0208333
6796 0.0208333
6707 0.0208333
4121 0.0208333
3682 0.0208333
349 0.0208333
39472 0.0188679
34439 0.0188679
25823 0.0188679
19167 0.0188679
6807 0.0188679
3852 0.0188679
3030 0.0188679
36166 0.0185185
34005 0.0185185
32144 0.0185185
13337 0.0185185
9180 0.0185185
7167 0.0185185
5293 0.0185185
1238 0.0185185
40655 0.0175439
36643 0.0175439
36544 0.0175439
32917 0.0175439
30883 0.0175439
25213 0.0175439
21733 0.0175439
20933 0.0175439
19553 0.0175439
17917 0.0175439
14162 0.0175439
13867 0.0175439
11410 0.0175439
3877 0.0175439
32930 0.0142857
28381 0.0142857
28094 0.0142857
27253 0.0142857
26574 0.0142857
12985 0.0142857
12525 0.0142857
7498 0.0142857
4444 0.0142857
2324 0.0142857
109 0.0142857
39567 0.0133333
37906 0.0133333
34976 0.0133333
32454 0.0133333
32269 0.0133333
31900 0.0133333
31024 0.0133333
29593 0.0133333
23446 0.0133333
23043 0.0133333
23032 0.0133333
22453 0.0133333
21801 0.0133333
21120 0.0133333
21084 0.0133333
20704 0.0133333
19463 0.0133333
18017 0.0133333
16639 0.0133333
16632 0.0133333
16472 0.0133333
16097 0.0133333
14185 0.0133333
8027 0.0133333
7315 0.0133333
927 0.0133333
271 0.0133333
209 0.0133333
39791 0.0116279
39001 0.0116279
38659 0.0116279
37948 0.0116279
36589 0.0116279
36239 0.0116279
35659 0.0116279
35063 0.0116279
33477 0.0116279
32496 0.0116279
31537 0.0116279
28861 0.0116279
28605 0.0116279
27900 0.0116279
24162 0.0116279
23861 0.0116279
23399 0.0116279
19606 0.0116279
19009 0.0116279
18119 0.0116279
17789 0.0116279
17074 0.0116279
16924 0.0116279
16298 0.0116279
15591 0.0116279
12090 0.0116279
11811 0.0116279
8615 0.0116279
8224 0.0116279
7059 0.0116279
6863 0.0116279
4672 0.0116279
4430 0.0116279
315 0.0116279
40 0.0116279
40572 0.0078125
39387 0.0078125
39177 0.0078125
37389 0.0078125
32036 0.0078125
29556 0.0078125
29473 0.0078125
29285 0.0078125
28740 0.0078125
28273 0.0078125
28239 0.0078125
27145 0.0078125
26393 0.0078125
25851 0.0078125
24206 0.0078125
24137 0.0078125
21813 0.0078125
20230 0.0078125
19867 0.0078125
19379 0.0078125
16327 0.0078125
16250 0.0078125
15167 0.0078125
14669 0.0078125
14545 0.0078125
12911 0.0078125
10169 0.0078125
9358 0.0078125
9197 0.0078125
9196 0.0078125
7536 0.0078125
6992 0.0078125
6959 0.0078125
6579 0.0078125
3815 0.0078125
2786 0.0078125
614 0.0078125
416 0.0078125
40764 0.00490196
39155 0.00490196
39132 0.00490196
38952 0.00490196
38148 0.00490196
38010 0.00490196
37892 0.00490196
36806 0.00490196
36278 0.00490196
36160 0.00490196
35766 0.00490196
35463 0.00490196
35439 0.00490196
34034 0.00490196
33653 0.00490196
33520 0.00490196
33028 0.00490196
32324 0.00490196
32243 0.00490196
32043 0.00490196
31714 0.00490196
31140 0.00490196
31110 0.00490196
30897 0.00490196
30676 0.00490196
30636 0.00490196
30298 0.00490196
29464 0.00490196
29225 0.00490196
29091 0.00490196
28800 0.00490196
28575 0.00490196
27989 0.00490196
27768 0.00490196
27059 0.00490196
26950 0.00490196
26794 0.00490196
26366 0.00490196
