52 5.38214
17634 2.58904
4405 1.18097
7942 1.12813
26088 1.00783
26750 1.00219
27514 0.954309
3447 0.941052
919 0.926065
40661 0.924651
14544 0.890838
27886 0.879092
7374 0.839449
27434 0.782143
26083 0.745152
31301 0.742978
10737 0.66161
7708 0.66016
39743 0.658967
13762 0.588565
34673 0.567888
7892 0.544388
36554 0.541667
19589 0.531671
11233 0.522727
33078 0.506864
363 0.506864
1427 0.478522
29554 0.473103
10880 0.442935
21349 0.408687
6096 0.406313
8186 0.399372
15581 0.392308
10219 0.389683
31147 0.381939
20947 0.375665
33672 0.363329
31265 0.356694
569 0.351413
5693 0.34632
40829 0.337578
26923 0.334378
40205 0.333333
28444 0.331046
13422 0.331046
4794 0.331018
3863 0.32481
35985 0.307097
10131 0.307097
14603 0.299462
32975 0.29455
22583 0.29455
128 0.292157
9019 0.283255
33712 0.269264
13845 0.26725
18865 0.266206
22931 0.264753
34704 0.26064
12518 0.26064
32683 0.25
1566 0.25
39027 0.2471
12411 0.230409
5373 0.227993
40535 0.22132
1177 0.220085
31986 0.219056
16705 0.216667
19380 0.213585
38662 0.213399
22402 0.207785
15829 0.206948
20489 0.206806
25944 0.204607
14114 0.204475
15446 0.190151
29326 0.187
37501 0.183333
9647 0.183161
27713 0.182168
24475 0.171635
29741 0.16811
33630 0.166667
31816 0.166667
24225 0.166667
15599 0.166667
9665 0.166667
7690 0.166667
6487 0.166667
5049 0.166667
11615 0.163136
4943 0.162925
24094 0.156894
15637 0.15273
24756 0.143198
7691 0.143198
12532 0.142857
12288 0.139799
12885 0.138613
25652 0.13634
18209 0.13634
6644 0.13634
901 0.135714
7013 0.133838
3550 0.133838
872 0.133838
39393 0.133681
12384 0.133681
22488 0.132011
19119 0.131702
34592 0.129231
37562 0.125627
34355 0.125627
17531 0.125
16572 0.125
6823 0.124958
2289 0.124958
26436 0.124847
2775 0.122727
22228 0.118586
29032 0.115214
19295 0.115214
10602 0.115214
17238 0.113997
3924 0.113997
8672 0.112239
23014 0.111603
22560 0.111603
10731 0.111603
40294 0.111367
27646 0.111367
9200 0.111367
2241 0.111367
32342 0.111111
12039 0.111111
5920 0.111111
1298 0.111111
26054 0.109781
16077 0.109346
11630 0.107586
16890 0.105132
16404 0.101258
12221 0.101258
6705 0.101258
99 0.101258
15643 0.10009
14920 0.10009
40017 0.1
16791 0.0987621
2943 0.0987621
33062 0.0971295
24649 0.0971295
14172 0.0959914
19047 0.0944129
17127 0.0944129
57 0.0928653
9655 0.0923521
19258 0.0903748
16157 0.0903748
14394 0.0903748
6504 0.0900276
19099 0.0895053
1587 0.0883459
11780 0.0880996
38366 0.0833333
37852 0.0833333
36523 0.0833333
34120 0.0833333
29059 0.0833333
28450 0.0833333
15839 0.0833333
15136 0.0833333
13984 0.0833333
11859 0.0833333
9846 0.0833333
3311 0.0833333
31069 0.0827957
27799 0.0827957
24803 0.081868
23663 0.081868
23366 0.081868
18655 0.081868
12241 0.081868
38289 0.0817629
37087 0.0817629
13079 0.0817629
2016 0.0817629
26892 0.0743277
4538 0.0743277
20129 0.0733583
14746 0.0714286
6584 0.0714286
14377 0.0673003
8867 0.0673003
1895 0.0671995
11443 0.0666667
37940 0.0649567
31061 0.0625
21097 0.0625
15530 0.0625
13540 0.0625
11658 0.0625
6027 0.0625
3245 0.0624494
26607 0.0594954
21495 0.0594954
17585 0.0594954
12572 0.0594954
10844 0.0594954
34973 0.0555556
26235 0.0555556
17657 0.0555556
14630 0.0555556
13132 0.0555556
12080 0.0555556
6055 0.0555556
2160 0.0555556
27401 0.0540301
6815 0.0540301
3158 0.0540301
2838 0.0540301
186 0.0540301
35472 0.0538934
32058 0.0538934
31297 0.0538934
10457 0.0538934
5667 0.0538934
333 0.0538934
38151 0.0526316
24441 0.0526316
22990 0.0526316
20748 0.0526316
25352 0.0523679
21724 0.0523679
21453 0.0523679
2633 0.0523679
40573 0.0498886
29874 0.0498886
26297 0.0498886
36292 0.0491666
25725 0.0491666
19847 0.0491666
19396 0.0491666
19124 0.0491666
30611 0.0488879
27892 0.0488879
27021 0.0488879
18937 0.0488879
12243 0.0488879
9831 0.0488879
19416 0.047619
16895 0.0475364
15095 0.0475364
12419 0.0475364
187 0.0475364
32718 0.0454545
29629 0.0454545
28535 0.0454545
26765 0.0454545
23405 0.0454545
21902 0.0454545
19019 0.0454545
16038 0.0454545
14705 0.0454545
13633 0.0454545
7593 0.0454545
3880 0.0454545
2121 0.0454545
1562 0.0454545
40568 0.0434783
40108 0.0434783
36996 0.0434783
33944 0.0434783
32767 0.0434783
30760 0.0434783
28336 0.0434783
26590 0.0434783
20458 0.0434783
19946 0.0434783
13675 0.0434783
13435 0.0434783
9355 0.0434783
9341 0.0434783
4173 0.0434783
3362 0.0434783
532 0.0434783
25829 0.0416667
9668 0.0416667
5806 0.0416667
5152 0.0416667
39311 0.04
23380 0.04
14438 0.04
11763 0.04
5589 0.04
3064 0.04
2712 0.04
1267 0.04
36623 0.0375189
34394 0.0375189
25399 0.0375189
22054 0.0375189
14834 0.0375189
11601 0.0375189
11492 0.0375189
36211 0.0355256
30972 0.0355256
18274 0.0355256
16182 0.0355256
5663 0.0355256
32593 0.0333333
29509 0.0333333
28038 0.0333333
24030 0.0333333
21736 0.0333333
20858 0.0333333
16652 0.0333333
15603 0.0333333
4878 0.0333333
590 0.0333333
38516 0.0331675
36962 0.0331675
33683 0.0331675
29977 0.0331675
26922 0.0331675
15451 0.0331675
13003 0.0331675
8695 0.0331675
7024 0.0331675
6565 0.0331675
3075 0.0331675
39454 0.0294118
38646 0.0294118
36740 0.0294118
34126 0.0294118
33981 0.0294118
28950 0.0294118
22422 0.0294118
22269 0.0294118
20468 0.0294118
40869 0.0285714
38940 0.0285714
37176 0.0285714
36206 0.0285714
33679 0.0285714
30436 0.0285714
29185 0.0285714
27994 0.0285714
25284 0.0285714
24164 0.0285714
23933 0.0285714
21771 0.0285714
20597 0.0285714
15934 0.0285714
14060 0.0285714
11968 0.0285714
11128 0.0285714
2552 0.0285714
2302 0.0285714
39112 0.0280803
34611 0.0280803
33068 0.0280803
26400 0.0280803
25462 0.0280803
23317 0.0280803
20809 0.0280803
18332 0.0280803
14001 0.0280803
13334 0.0280803
10009 0.0280803
7881 0.0280803
7296 0.0280803
6092 0.0280803
40140 0.0277778
29482 0.0277778
16039 0.0277778
11587 0.0277778
7065 0.0277778
5486 0.0277778
38176 0.025641
32148 0.025641
30286 0.025641
29313 0.025641
26840 0.025641
26159 0.025641
25880 0.025641
25817 0.025641
20684 0.025641
19325 0.025641
17121 0.025641
16833 0.025641
39947 0.025
35346 0.025
31146 0.025
27989 0.025
25750 0.025
21323 0.025
18449 0.025
17277 0.025
17154 0.025
16504 0.025
16222 0.025
15812 0.025
15225 0.025
12569 0.025
11080 0.025
8516 0.025
2877 0.025
2869 0.025
1659 0.025
556 0.025
110 0.025
38283 0.0238095
38259 0.0238095
29257 0.0238095
28245 0.0238095
25445 0.0238095
21147 0.0238095
20418 0.0238095
20169 0.0238095
18754 0.0238095
16018 0.0238095
2249 0.0238095
2227 0.0238095
36986 0.0227273
35359 0.0227273
32713 0.0227273
30856 0.0227273
22125 0.0227273
17622 0.0227273
13881 0.0227273
13115 0.0227273
11622 0.0227273
11462 0.0227273
7894 0.0227273
2640 0.0227273
1102 0.0227273
27935 0.0212766
25001 0.0212766
22502 0.0212766
14511 0.0212766
13462 0.0212766
10483 0.0212766
4747 0.0212766
3493 0.0212766
2783 0.0212766
37103 0.0181818
36073 0.0181818
35005 0.0181818
33331 0.0181818
33189 0.0181818
31023 0.0181818
30167 0.0181818
30127 0.0181818
23655 0.0181818
22606 0.0181818
20437 0.0181818
13757 0.0181818
13646 0.0181818
13541 0.0181818
12431 0.0181818
10322 0.0181818
10036 0.0181818
6656 0.0181818
6209 0.0181818
3600 0.0181818
3401 0.0181818
3363 0.0181818
2237 0.0181818
38562 0.0163934
37647 0.0163934
34768 0.0163934
32296 0.0163934
31964 0.0163934
31856 0.0163934
28158 0.0163934
26601 0.0163934
24731 0.0163934
19583 0.0163934
19041 0.0163934
19012 0.0163934
17114 0.0163934
13007 0.0163934
10472 0.0163934
10402 0.0163934
4970 0.0163934
39695 0.016129
37935 0.016129
36622 0.016129
35734 0.016129
30793 0.016129
28104 0.016129
25846 0.016129
25337 0.016129
24125 0.016129
21670 0.016129
19951 0.016129
19926 0.016129
