40869 3.25883
919 1.8982
14544 1.64802
37176 1.09776
40294 1.0886
31301 1.05179
52 1.04445
17634 0.892658
14535 0.837234
35902 0.817677
2259 0.749499
11462 0.657576
186 0.620312
5846 0.606678
5693 0.59493
19325 0.592857
34495 0.589505
10487 0.552226
32713 0.509383
16214 0.509383
2775 0.509383
15446 0.497227
11615 0.47619
29332 0.459996
4369 0.419282
11836 0.372045
10073 0.372045
13077 0.365079
11116 0.359488
10844 0.359488
10880 0.334492
13432 0.321105
23306 0.320676
20489 0.316468
27425 0.276766
3494 0.276766
36450 0.256566
714 0.256566
21345 0.226736
23249 0.207792
14996 0.207792
27434 0.187355
6823 0.187355
17622 0.178968
11945 0.171181
35602 0.166667
33069 0.166667
8263 0.166667
15094 0.162338
19380 0.155284
21497 0.142857
37940 0.139952
25817 0.139952
24335 0.139952
28380 0.13961
20755 0.13961
10901 0.13961
5920 0.13961
31330 0.139505
13935 0.139505
18295 0.139069
10737 0.139069
7015 0.134524
26607 0.126948
23933 0.126948
12572 0.126948
11443 0.126948
34120 0.126623
5517 0.126623
12518 0.119589
23154 0.111111
21615 0.111111
18198 0.111111
14477 0.111111
4291 0.111111
1176 0.111111
27180 0.104911
261 0.104911
40108 0.104441
6684 0.104441
4082 0.104441
39308 0.1
34598 0.1
34574 0.1
29118 0.1
27886 0.1
27551 0.1
25750 0.1
22633 0.1
21349 0.1
19566 0.1
19474 0.1
18011 0.1
14445 0.1
13418 0.1
12580 0.1
11463 0.1
9019 0.1
3797 0.1
1605 0.1
24621 0.0913826
37508 0.0909091
11622 0.0909091
11196 0.0909091
27514 0.0886705
24013 0.0886705
17854 0.0886705
36746 0.0858396
30167 0.0858396
15637 0.0858396
4084 0.0858396
3600 0.0858396
363 0.0858396
26750 0.0833333
33438 0.0789367
30856 0.0789367
19119 0.0789367
6719 0.0789367
1587 0.0789367
33944 0.0714286
11777 0.0714286
2249 0.0714286
33825 0.0666667
31040 0.0666667
16198 0.0666667
14211 0.0666667
11958 0.0666667
35005 0.0625
33374 0.0625
29962 0.0625
27692 0.0625
17189 0.0625
9415 0.0625
1975 0.0625
35870 0.0588235
34095 0.0588235
31735 0.0588235
799 0.0588235
32862 0.0555556
31861 0.0555556
31041 0.0555556
30014 0.0555556
27646 0.0555556
25725 0.0555556
17656 0.0555556
35985 0.0526316
31894 0.0526316
31451 0.0526316
18274 0.0526316
12630 0.0526316
8597 0.0526316
4785 0.0526316
2295 0.0526316
3473 0.05
13939 0.0454545
3010 0.0454545
36032 0.0416667
33981 0.0416667
30829 0.0416667
28482 0.0416667
27021 0.0416667
26401 0.0416667
23785 0.0416667
22054 0.0416667
21722 0.0416667
17794 0.0416667
15302 0.0416667
13410 0.0416667
6504 0.0416667
4070 0.0416667
1375 0.0416667
38714 0.030303
30159 0.030303
27915 0.030303
24819 0.030303
24684 0.030303
23849 0.030303
21774 0.030303
21097 0.030303
18691 0.030303
4881 0.030303
3369 0.030303
3042 0.030303
40071 0.0263158
39743 0.0263158
39101 0.0263158
28811 0.0263158
27401 0.0263158
25220 0.0263158
24237 0.0263158
23571 0.0263158
14603 0.0263158
13795 0.0263158
12444 0.0263158
10602 0.0263158
3567 0.0263158
3120 0.0263158
2996 0.0263158
38836 0.0181818
38073 0.0181818
36406 0.0181818
35879 0.0181818
34636 0.0181818
34529 0.0181818
33043 0.0181818
27322 0.0181818
26892 0.0181818
26299 0.0181818
22215 0.0181818
21521 0.0181818
20670 0.0181818
20359 0.0181818
16659 0.0181818
14584 0.0181818
13553 0.0181818
13051 0.0181818
8953 0.0181818
8870 0.0181818
7411 0.0181818
6693 0.0181818
2969 0.0181818
2455 0.0181818
707 0.0181818
40704 0.0178571
39577 0.0178571
38668 0.0178571
36986 0.0178571
35359 0.0178571
33679 0.0178571
31313 0.0178571
30926 0.0178571
30760 0.0178571
30436 0.0178571
28710 0.0178571
27713 0.0178571
26923 0.0178571
26083 0.0178571
26054 0.0178571
26015 0.0178571
25837 0.0178571
24796 0.0178571
24441 0.0178571
24227 0.0178571
22125 0.0178571
21495 0.0178571
20597 0.0178571
17885 0.0178571
16685 0.0178571
15953 0.0178571
14558 0.0178571
14007 0.0178571
13531 0.0178571
13115 0.0178571
12905 0.0178571
11859 0.0178571
11498 0.0178571
11233 0.0178571
10851 0.0178571
10057 0.0178571
9995 0.0178571
8800 0.0178571
8024 0.0178571
7894 0.0178571
7690 0.0178571
7374 0.0178571
6982 0.0178571
6744 0.0178571
6002 0.0178571
5175 0.0178571
5012 0.0178571
4943 0.0178571
4432 0.0178571
3591 0.0178571
3112 0.0178571
2943 0.0178571
2640 0.0178571
917 0.0178571
40381 0.015625
37042 0.015625
36903 0.015625
36046 0.015625
35101 0.015625
33544 0.015625
32148 0.015625
30286 0.015625
30144 0.015625
28257 0.015625
25508 0.015625
25273 0.015625
24603 0.015625
24365 0.015625
23317 0.015625
23013 0.015625
20684 0.015625
19124 0.015625
18616 0.015625
17606 0.015625
17272 0.015625
16895 0.015625
15086 0.015625
14574 0.015625
13820 0.015625
11738 0.015625
11153 0.015625
9391 0.015625
3586 0.015625
1803 0.015625
1267 0.015625
1259 0.015625
431 0.015625
40980 0
40979 0
40978 0
40977 0
40976 0
40975 0
40974 0
40973 0
40972 0
40971 0
40970 0
40969 0
40968 0
40967 0
40966 0
40965 0
40964 0
40963 0
40962 0
40961 0
40960 0
40959 0
40958 0
40957 0
40956 0
40955 0
40954 0
40953 0
40952 0
40951 0
40950 0
40949 0
40948 0
40947 0
40946 0
40945 0
40944 0
40943 0
40942 0
40941 0
40940 0
40939 0
40938 0
40937 0
40936 0
40935 0
40934 0
40933 0
40932 0
40931 0
40930 0
40929 0
40928 0
40927 0
40926 0
40925 0
40924 0
40923 0
40922 0
40921 0
40920 0
40919 0
40918 0
40917 0
40916 0
40915 0
40914 0
40913 0
40912 0
40911 0
40910 0
40909 0
40908 0
40907 0
40906 0
40905 0
40904 0
40903 0
40902 0
40901 0
40900 0
40899 0
40898 0
40897 0
40896 0
40895 0
40894 0
40893 0
40892 0
40891 0
40890 0
40889 0
40888 0
40887 0
40886 0
40885 0
40884 0
40883 0
40882 0
40881 0
40880 0
40879 0
40878 0
40877 0
40876 0
40875 0
40874 0
40873 0
40872 0
40871 0
40870 0
40868 0
40867 0
40866 0
40865 0
40864 0
40863 0
40862 0
40861 0
40860 0
40859 0
40858 0
40857 0
40856 0
40855 0
40854 0
40853 0
40852 0
40851 0
40850 0
40849 0
40848 0
40847 0
40846 0
40845 0
40844 0
40843 0
40842 0
40841 0
40840 0
40839 0
40838 0
40837 0
40836 0
40835 0
40834 0
40833 0
40832 0
40831 0
40830 0
40829 0
40828 0
40827 0
40826 0
40825 0
40824 0
40823 0
40822 0
40821 0
40820 0
40819 0
40818 0
40817 0
40816 0
40815 0
40814 0
40813 0
40812 0
40811 0
40810 0
40809 0
40808 0
40807 0
40806 0
40805 0
40804 0
40803 0
40802 0
40801 0
40800 0
40799 0
40798 0
40797 0
40796 0
40795 0
40794 0
40793 0
40792 0
40791 0
40790 0
