18034 3.61968
16652 2.3966
58 2.28705
30996 2.01212
19674 1.58049
1887 1.54778
16734 1.4881
26272 1.48114
15125 1.39762
18830 1.33224
12115 1.30232
26310 1.23073
33501 1.12118
27790 0.982363
28148 0.953772
30531 0.949932
27831 0.885256
10404 0.843939
26779 0.817063
28550 0.670519
33932 0.660786
29795 0.654444
2881 0.610689
1485 0.592857
15217 0.591177
9768 0.591177
8672 0.573333
29802 0.551221
32323 0.501751
15847 0.491667
24815 0.4826
14440 0.416722
40277 0.382035
31306 0.357143
7071 0.35
28019 0.340851
36693 0.335466
12174 0.306277
27816 0.284083
11862 0.284083
39904 0.275
12639 0.26912
9361 0.26859
9086 0.25
4262 0.249542
1198 0.23896
5033 0.237374
31541 0.23634
17231 0.21396
7804 0.21396
35201 0.209957
23262 0.205976
19564 0.205976
10495 0.205976
6314 0.2
35256 0.191037
22855 0.191037
4845 0.191037
1527 0.191037
7968 0.190937
7958 0.181617
28649 0.166667
7966 0.166667
3520 0.166667
26532 0.142857
23896 0.142857
13122 0.142857
10434 0.142857
4520 0.142857
2694 0.139286
24367 0.134199
12085 0.134199
1617 0.134199
34836 0.130111
8203 0.130111
37349 0.125
29467 0.125
11094 0.116812
5801 0.111355
36805 0.111111
31354 0.111111
24825 0.111111
19654 0.108333
36171 0.1
34698 0.1
34125 0.0989744
29684 0.0989744
17042 0.0989744
21647 0.0963203
5776 0.0963203
20465 0.0960956
12710 0.0960956
40862 0.0953704
21166 0.0953704
29889 0.0919631
18547 0.0909091
3500 0.0909091
40785 0.0833333
16191 0.0833333
237 0.0833333
19266 0.0771886
5278 0.0771886
4102 0.0771886
27621 0.0769231
27172 0.0769231
26311 0.0769231
20624 0.0769231
37709 0.0741259
33487 0.0741259
30874 0.0741259
19001 0.0741259
17152 0.0741259
14952 0.0741259
10096 0.0741259
9932 0.0741259
8122 0.0741259
39599 0.0666667
35104 0.0666667
9537 0.05
34286 0.047619
26792 0.047619
26112 0.047619
22377 0.047619
10357 0.047619
9449 0.047619
8705 0.047619
6881 0.047619
26047 0.0454545
15544 0.0454545
10005 0.0454545
5165 0.0454545
38051 0.0434783
33760 0.0434783
31301 0.0434783
1969 0.04
39695 0.037037
29906 0.037037
21144 0.037037
16389 0.037037
11379 0.037037
30194 0.0357143
27757 0.0357143
23657 0.0357143
18458 0.0357143
16308 0.0333333
12523 0.0333333
36835 0.025
33805 0.025
27656 0.025
20616 0.025
11300 0.025
7963 0.025
40044 0.0151515
36060 0.0151515
35940 0.0151515
33540 0.0151515
32135 0.0151515
31202 0.0151515
30241 0.0151515
29338 0.0151515
28258 0.0151515
27547 0.0151515
23095 0.0151515
20581 0.0151515
20318 0.0151515
19692 0.0151515
16451 0.0151515
16107 0.0151515
14213 0.0151515
2138 0.0151515
40980 0
40979 0
40978 0
40977 0
40976 0
40975 0
40974 0
40973 0
40972 0
40971 0
40970 0
40969 0
40968 0
40967 0
40966 0
40965 0
40964 0
40963 0
40962 0
40961 0
40960 0
40959 0
40958 0
40957 0
40956 0
40955 0
40954 0
40953 0
40952 0
40951 0
40950 0
40949 0
40948 0
40947 0
40946 0
40945 0
40944 0
40943 0
40942 0
40941 0
40940 0
40939 0
40938 0
40937 0
40936 0
40935 0
40934 0
40933 0
40932 0
40931 0
40930 0
40929 0
40928 0
40927 0
40926 0
40925 0
40924 0
40923 0
40922 0
40921 0
40920 0
40919 0
40918 0
40917 0
40916 0
40915 0
40914 0
40913 0
40912 0
40911 0
40910 0
40909 0
40908 0
40907 0
40906 0
40905 0
40904 0
40903 0
40902 0
40901 0
40900 0
40899 0
40898 0
40897 0
40896 0
40895 0
40894 0
40893 0
40892 0
40891 0
40890 0
40889 0
40888 0
40887 0
40886 0
40885 0
40884 0
40883 0
40882 0
40881 0
40880 0
40879 0
40878 0
40877 0
40876 0
40875 0
40874 0
40873 0
40872 0
40871 0
40870 0
40869 0
40868 0
40867 0
40866 0
40865 0
40864 0
40863 0
40861 0
40860 0
40859 0
40858 0
40857 0
40856 0
40855 0
40854 0
40853 0
40852 0
40851 0
40850 0
40849 0
40848 0
40847 0
40846 0
40845 0
40844 0
40843 0
40842 0
40841 0
40840 0
40839 0
40838 0
40837 0
40836 0
40835 0
40834 0
40833 0
40832 0
40831 0
40830 0
40829 0
40828 0
40827 0
40826 0
40825 0
40824 0
40823 0
40822 0
40821 0
40820 0
40819 0
40818 0
40817 0
40816 0
40815 0
40814 0
40813 0
40812 0
40811 0
40810 0
40809 0
40808 0
40807 0
40806 0
40805 0
40804 0
40803 0
40802 0
40801 0
40800 0
40799 0
40798 0
40797 0
40796 0
40795 0
40794 0
40793 0
40792 0
40791 0
40790 0
40789 0
40788 0
40787 0
40786 0
40784 0
40783 0
40782 0
40781 0
40780 0
40779 0
40778 0
40777 0
40776 0
40775 0
40774 0
40773 0
40772 0
40771 0
40770 0
40769 0
40768 0
40767 0
40766 0
40765 0
40764 0
40763 0
40762 0
40761 0
40760 0
40759 0
40758 0
40757 0
40756 0
40755 0
40754 0
40753 0
40752 0
40751 0
40750 0
40749 0
40748 0
40747 0
40746 0
40745 0
40744 0
40743 0
40742 0
40741 0
40740 0
40739 0
40738 0
40737 0
40736 0
40735 0
40734 0
40733 0
40732 0
40731 0
40730 0
40729 0
40728 0
40727 0
40726 0
40725 0
40724 0
40723 0
40722 0
40721 0
40720 0
40719 0
40718 0
40717 0
40716 0
40715 0
40714 0
40713 0
40712 0
40711 0
40710 0
40709 0
40708 0
40707 0
40706 0
40705 0
40704 0
40703 0
40702 0
40701 0
40700 0
40699 0
40698 0
40697 0
40696 0
40695 0
40694 0
40693 0
40692 0
40691 0
40690 0
40689 0
40688 0
40687 0
40686 0
40685 0
40684 0
40683 0
40682 0
40681 0
40680 0
40679 0
40678 0
40677 0
40676 0
40675 0
40674 0
40673 0
40672 0
40671 0
40670 0
40669 0
40668 0
40667 0
40666 0
40665 0
40664 0
40663 0
40662 0
40661 0
40660 0
40659 0
40658 0
40657 0
40656 0
40655 0
40654 0
40653 0
40652 0
40651 0
40650 0
40649 0
