34488 216.553
28776 195.238
10211 105.989
33975 78.7655
38449 69.7341
2115 62.6077
3114 61.5924
22950 56.1743
34065 53.9298
11222 51.2321
20262 47.0141
7317 45.9879
13839 42.2896
20698 41.2845
28751 36.1884
1158 34.216
14852 31.5619
14251 30.5942
21015 29.9178
29389 27.2665
23168 26.2421
17937 26.2417
11027 26.2282
7570 25.7458
21608 25.681
34630 24.0054
23798 23.8808
14163 23.3108
40341 22.9111
29986 22.6453
27575 21.9831
24259 21.2238
39153 21.1179
24005 21.0818
14656 20.6203
21059 20.1664
722 18.9751
10904 18.8212
15138 18.6486
21693 18.322
32585 17.89
29879 17.8059
22197 17.6911
2264 17.4956
35950 17.4739
38919 17.1078
1001 16.7216
34964 16.158
3964 14.4945
15684 14.4685
4555 14.2194
23837 14.1584
19526 14.0728
13594 13.0829
9333 12.0216
2059 11.7552
35699 11.5244
4989 11.5243
18142 11.4483
31922 11.2584
34939 10.8513
37266 10.7774
23664 10.6928
8114 10.6926
13392 10.6016
6987 10.5222
7783 10.3123
27851 10.2906
1009 9.91457
21968 9.79647
27287 9.6865
19343 8.93373
29664 8.90141
14866 8.70734
32608 8.66723
26081 8.64943
37377 8.49738
34759 8.44126
38381 8.26124
19211 8.25482
40169 7.73504
7856 7.6992
30844 7.65106
32078 7.57021
5798 7.29709
3595 7.26569
39815 7.09811
19550 6.92911
4261 6.92642
29438 6.86688
22441 6.82932
15088 6.77527
23782 6.76781
24359 6.69662
39415 6.53084
7495 6.33417
8975 6.3198
3584 6.23351
19096 6.19835
37517 6.08063
6940 6.02543
11452 5.95942
22162 5.76226
38454 5.69143
34651 5.5615
16210 5.28853
9841 5.1893
3012 5.09884
13852 5.06824
10717 4.9737
20086 4.95928
16084 4.92361
39763 4.86158
8629 4.84049
22254 4.83002
3306 4.82324
23586 4.71257
9960 4.63338
35487 4.57181
30473 4.56536
32244 4.46793
13687 4.45186
30088 4.36179
4424 4.33105
25696 4.29609
25092 4.27191
12086 4.22102
32150 4.20774
31215 4.18035
38348 4.06822
25819 3.93957
34956 3.93333
31540 3.85688
14105 3.83803
40289 3.81907
13893 3.80349
27767 3.79455
39362 3.79385
13570 3.77496
3063 3.66476
6088 3.66234
11111 3.59354
35090 3.58131
22991 3.55519
12342 3.51922
37905 3.50413
28210 3.45952
22939 3.45503
40030 3.41112
27184 3.36875
15572 3.36742
4786 3.32894
33668 3.30476
21692 3.28302
14563 3.26905
22129 3.09676
12736 3.09308
16714 3.07397
19976 3.06562
34232 3.05623
31574 3.05073
14792 3.02319
33218 3.01592
20255 3
28700 2.97762
35318 2.95952
24548 2.93243
20863 2.85305
35644 2.81847
17010 2.80076
26737 2.78469
3972 2.72063
8965 2.69478
9495 2.68665
15439 2.67329
27794 2.65678
16151 2.65003
40718 2.64216
30623 2.625
17804 2.5953
18808 2.58931
1540 2.57052
8894 2.56324
10249 2.48187
24742 2.47828
8172 2.45544
28694 2.44092
15638 2.42525
3578 2.42448
35716 2.41892
38988 2.41791
13404 2.41138
352 2.40575
2012 2.39876
37538 2.39613
2922 2.37776
14373 2.36625
18436 2.35513
12533 2.35318
10554 2.34789
12805 2.33082
29742 2.30383
28285 2.29942
27638 2.29748
4429 2.2949
12439 2.2873
36248 2.26079
10293 2.25389
19629 2.24045
15119 2.22153
4883 2.20397
13184 2.18955
40407 2.17989
5351 2.175
37872 2.17168
16087 2.1631
23005 2.15557
35284 2.15202
35545 2.14443
15007 2.09756
15250 2.0873
15977 2.06685
5231 2.06534
35399 2.05251
13802 2.03339
28594 2.02955
38737 2.0123
18600 2.00043
20368 1.99722
21704 1.99214
4384 1.96898
319 1.96393
18227 1.95
22280 1.9462
1236 1.94488
36749 1.93611
39874 1.91667
33970 1.91401
38978 1.91115
775 1.89907
39156 1.88703
38365 1.8793
14880 1.85798
20275 1.84782
19851 1.83879
15906 1.81807
16813 1.80733
14103 1.8043
19791 1.80064
32011 1.74585
10092 1.74169
3396 1.74081
40809 1.73645
8420 1.70119
18486 1.7
28267 1.68333
31998 1.67919
40470 1.66331
2848 1.65006
9871 1.63243
29221 1.58991
15488 1.58488
36964 1.58236
25420 1.56442
11311 1.55
20274 1.54574
9464 1.51861
26631 1.51648
13614 1.50952
107 1.50922
40681 1.48899
18882 1.47954
8887 1.47126
36296 1.45397
13875 1.45216
24065 1.45
39976 1.4487
3021 1.43938
37975 1.43045
20016 1.42736
23330 1.425
36318 1.42382
5835 1.40996
40941 1.40651
17245 1.38911
3235 1.38333
2445 1.37738
2136 1.37143
32540 1.3707
4816 1.36859
12703 1.36667
694 1.36029
16666 1.35288
17060 1.35166
25038 1.34311
31463 1.34167
35085 1.3268
28981 1.31078
9369 1.29815
6032 1.27809
34132 1.26786
14051 1.26205
23909 1.25833
35549 1.25311
17050 1.24908
32088 1.24444
17217 1.24286
119 1.24055
39280 1.23571
12691 1.22909
39099 1.22636
32776 1.21667
22471 1.21456
12024 1.194
7313 1.18978
37802 1.18866
28608 1.1822
1113 1.18132
28903 1.17961
36777 1.1671
17966 1.16611
27024 1.16515
20218 1.14415
31967 1.14371
10136 1.13532
35461 1.13501
3263 1.13269
9628 1.11905
604 1.11731
39195 1.10811
30104 1.10446
40940 1.09091
4072 1.06422
9923 1.06264
25494 1.05566
36222 1.05494
38875 1.04821
7303 1.04814
35810 1.04692
11893 1.04286
30496 1.0377
13835 1.03571
6087 1.03042
19135 1.03033
24726 1.02611
3516 1.02223
1140 1.00882
1710 1.00694
972 1.00299
35572 1.00278
32380 1.00043
18734 1
85 0.998252
4728 0.994762
23047 0.9836
33265 0.981552
36374 0.977778
1501 0.971703
23416 0.971702
10132 0.958233
36910 0.946338
18987 0.934524
32268 0.927778
88 0.927582
21570 0.923918
7325 0.920711
30870 0.916667
20826 0.916667
16989 0.916667
9143 0.916667
8876 0.916667
34461 0.907374
21036 0.906566
38280 0.902778
24630 0.90227
12198 0.900962
13504 0.898373
21627 0.886382
14065 0.880831
35863 0.878094
30132 0.872558
31583 0.869751
12705 0.858766
29116 0.85564
28678 0.849242
12804 0.847514
621 0.843548
14906 0.84259
39920 0.833333
37572 0.833333
16225 0.833333
38367 0.820513
28780 0.820409
438 0.816881
7924 0.809524
3296 0.805719
3402 0.79329
2753 0.791667
544 0.791667
27501 0.789394
28794 0.787554
30374 0.783333
9886 0.783333
10683 0.779701
39024 0.778571
35025 0.767507
25660 0.764946
29385 0.762222
39623 0.757576
19440 0.753968
40709 0.75
33705 0.75
33581 0.75
15367 0.75
23951 0.747619
892 0.7468
24893 0.739225
26941 0.733333
17387 0.733021
21859 0.72641
8257 0.726323
36829 0.72619
20846 0.72619
21182 0.724405
4837 0.72304
39130 0.708333
14233 0.708333
3878 0.707576
13086 0.703968
20254 0.703788
32291 0.699578
3836 0.697076
37584 0.690642
33984 0.689957
12503 0.683333
40908 0.67619
18159 0.674242
11076 0.674242
21818 0.670513
36839 0.666667
23153 0.666667
21476 0.666667
15560 0.666667
605 0.666667
17676 0.660256
17051 0.658333
10875 0.658333
36956 0.65497
29888 0.653846
34922 0.65
17765 0.647944
12739 0.642857
22346 0.630985
5348 0.630985
19361 0.6191
11585 0.619048
26489 0.618871
37084 0.616667
3765 0.616667
2613 0.616667
40816 0.613462
8776 0.611111
5566 0.611111
7987 0.611111
23839 0.60119
21650 0.60119
21657 0.6
19002 0.598485
28174 0.598485
39607 0.596861
28787 0.592857
5947 0.592857
5243 0.592857
1342 0.592857
22186 0.592157
40896 0.590909
19066 0.589633
6141 0.588889
35843 0.587302
33431 0.583333
20247 0.583333
12121 0.583333
29178 0.58204
37136 0.581685
15798 0.578666
1779 0.576923
6211 0.57619
9515 0.574242
39964 0.57359
27421 0.567616
9268 0.566667
32872 0.564166
38698 0.559524
20241 0.559524
10082 0.554912
18115 0.551954
35713 0.551764
11646 0.55
33598 0.541667
21321 0.541667
