39558 4.97616
20167 4.83396
35146 3.93316
39379 3.09987
30668 2.75666
3869 1.83963
35756 1.78515
31486 1.70495
16269 1.66795
21178 1.38687
1955 1.31296
3813 1.23733
162 1.21369
28026 1.19862
9521 1.12154
5462 1.05138
935 1.03218
39351 1.00868
33852 0.956169
22117 0.926292
32774 0.903103
17662 0.87247
17194 0.848246
18328 0.835343
23548 0.834023
30469 0.829502
34678 0.82366
19075 0.789614
20294 0.715322
23333 0.708698
32893 0.697699
3993 0.676984
31301 0.672954
27205 0.672065
31218 0.664161
30906 0.656049
19723 0.656049
26610 0.647457
34251 0.631291
18750 0.612663
36813 0.611742
24374 0.597964
8672 0.576923
27156 0.548877
20728 0.535714
15174 0.526473
14791 0.5262
2057 0.500314
25111 0.468247
8905 0.463763
24271 0.463611
28857 0.445501
21398 0.443223
9779 0.438622
3955 0.438622
33478 0.408498
40325 0.405984
28260 0.402401
39800 0.387281
4216 0.378968
28647 0.377778
24453 0.371002
24825 0.353968
30568 0.349733
12560 0.347861
8246 0.333333
36901 0.315758
18524 0.307576
15759 0.306548
20946 0.293651
13650 0.293478
13359 0.28799
39973 0.276557
32979 0.273352
15603 0.273352
13574 0.271645
28529 0.270833
1682 0.261192
1946 0.25049
17376 0.25
29367 0.249206
11655 0.247823
3936 0.246795
17312 0.225962
2885 0.225962
30584 0.220464
36756 0.215278
14799 0.207029
30790 0.202381
12145 0.201149
3237 0.201149
669 0.201149
19198 0.2
7747 0.2
5440 0.2
14639 0.198465
10233 0.194739
31255 0.192055
10923 0.189423
22261 0.188034
37848 0.187892
5726 0.185354
3092 0.185354
9015 0.17664
27671 0.175595
32885 0.166667
27712 0.166667
24900 0.166667
18978 0.166667
16695 0.166667
10523 0.166667
6181 0.166667
5380 0.166667
29459 0.163743
14984 0.163743
22594 0.163004
39841 0.151433
15472 0.150718
36433 0.148111
37924 0.142857
30951 0.142857
7200 0.142857
6608 0.142857
2417 0.142857
9150 0.139588
38742 0.137121
3895 0.137121
28828 0.128947
40394 0.125
33958 0.125
25283 0.125
21034 0.123416
10026 0.121795
26013 0.118452
36815 0.11343
8232 0.11343
40588 0.111111
25521 0.111111
19492 0.111111
16338 0.111111
3390 0.111111
11575 0.109718
5993 0.107948
19022 0.104167
32618 0.101713
30685 0.101713
32052 0.1
19623 0.1
17775 0.1
15400 0.1
11882 0.1
40767 0.0909091
37563 0.0909091
35587 0.0909091
22527 0.0909091
9241 0.0909091
37246 0.0833333
29425 0.0833333
28281 0.0833333
25094 0.0833333
5007 0.0833333
20657 0.0816319
29143 0.0769231
27799 0.0769231
24554 0.0769231
23696 0.0769231
22792 0.0769231
11606 0.0769231
7520 0.0769231
6033 0.0769231
1610 0.0769231
1414 0.0769231
32488 0.0714286
2442 0.0714286
26663 0.0666667
15293 0.0666667
11843 0.0666667
11432 0.0666667
9045 0.0666667
6708 0.0666667
40883 0.0625
37426 0.0625
35193 0.0625
34576 0.0625
28292 0.0625
26639 0.0625
24151 0.0625
23843 0.0625
12327 0.0625
11370 0.0625
7617 0.0625
195 0.0625
33388 0.0588235
29514 0.0588235
28971 0.0588235
20590 0.0588235
1445 0.0588235
39933 0.0526316
23088 0.0526316
20052 0.0526316
16866 0.0526316
13346 0.0526316
8139 0.0526316
2022 0.0526316
22263 0.05
5190 0.05
9973 0.0434783
34588 0.0416667
16337 0.0416667
40738 0.0384615
39951 0.0384615
39791 0.0384615
38952 0.0384615
33267 0.0384615
30793 0.0384615
28590 0.0384615
22711 0.0384615
22598 0.0384615
22388 0.0384615
15225 0.0384615
11113 0.0384615
9278 0.0384615
28156 0.0344828
17280 0.0344828
17015 0.0344828
9499 0.0344828
31001 0.0277778
29001 0.0277778
22359 0.0277778
13664 0.0277778
8001 0.0277778
37711 0.0263158
4966 0.0263158
3073 0.0263158
3026 0.0263158
1401 0.0263158
38890 0.0208333
29708 0.0208333
23943 0.0208333
23694 0.0208333
17721 0.0208333
1423 0.0208333
40980 0
40979 0
40978 0
40977 0
40976 0
40975 0
40974 0
40973 0
40972 0
40971 0
40970 0
40969 0
40968 0
40967 0
40966 0
40965 0
40964 0
40963 0
40962 0
40961 0
40960 0
40959 0
40958 0
40957 0
40956 0
40955 0
40954 0
40953 0
40952 0
40951 0
40950 0
40949 0
40948 0
40947 0
40946 0
40945 0
40944 0
40943 0
40942 0
40941 0
40940 0
40939 0
40938 0
40937 0
40936 0
40935 0
40934 0
40933 0
40932 0
40931 0
40930 0
40929 0
40928 0
40927 0
40926 0
40925 0
40924 0
40923 0
40922 0
40921 0
40920 0
40919 0
40918 0
40917 0
40916 0
40915 0
40914 0
40913 0
40912 0
40911 0
40910 0
40909 0
40908 0
40907 0
40906 0
40905 0
40904 0
40903 0
40902 0
40901 0
40900 0
40899 0
40898 0
40897 0
40896 0
40895 0
40894 0
40893 0
40892 0
40891 0
40890 0
40889 0
40888 0
40887 0
40886 0
40885 0
40884 0
40882 0
40881 0
40880 0
40879 0
40878 0
40877 0
40876 0
40875 0
40874 0
40873 0
40872 0
40871 0
40870 0
40869 0
40868 0
40867 0
40866 0
40865 0
40864 0
40863 0
40862 0
40861 0
40860 0
40859 0
40858 0
40857 0
40856 0
40855 0
40854 0
40853 0
40852 0
40851 0
40850 0
40849 0
40848 0
40847 0
40846 0
40845 0
40844 0
40843 0
40842 0
40841 0
40840 0
40839 0
40838 0
40837 0
40836 0
40835 0
40834 0
40833 0
40832 0
40831 0
40830 0
40829 0
40828 0
40827 0
40826 0
40825 0
40824 0
40823 0
40822 0
40821 0
40820 0
40819 0
40818 0
40817 0
40816 0
40815 0
40814 0
40813 0
40812 0
40811 0
40810 0
40809 0
40808 0
40807 0
40806 0
40805 0
40804 0
40803 0
40802 0
40801 0
40800 0
40799 0
40798 0
40797 0
40796 0
40795 0
40794 0
40793 0
40792 0
40791 0
40790 0
40789 0
40788 0
40787 0
40786 0
40785 0
40784 0
40783 0
40782 0
40781 0
40780 0
40779 0
40778 0
40777 0
40776 0
40775 0
40774 0
40773 0
40772 0
40771 0
40770 0
40769 0
40768 0
40766 0
40765 0
40764 0
40763 0
40762 0
40761 0
40760 0
40759 0
40758 0
40757 0
40756 0
40755 0
40754 0
40753 0
40752 0
40751 0
40750 0
40749 0
40748 0
40747 0
40746 0
40745 0
40744 0
40743 0
40742 0
40741 0
40740 0
40739 0
40737 0
40736 0
40735 0
40734 0
40733 0
40732 0
40731 0
40730 0
40729 0
40728 0
40727 0
40726 0
40725 0
40724 0
40723 0
40722 0
40721 0
40720 0
