8672 17.6084
8117 2.55541
38002 2.3873
36035 2.19628
33704 1.79561
36761 1.32864
37699 1.2377
17069 1.12201
11142 1.00882
6970 0.822655
24581 0.769877
3185 0.712302
10108 0.676623
9493 0.67619
15769 0.666667
14239 0.617063
39287 0.606663
11742 0.585317
23121 0.574495
12000 0.568842
22856 0.568543
21746 0.568543
35590 0.555556
19032 0.52439
37910 0.505556
12792 0.504711
3183 0.453968
4386 0.427778
4674 0.414286
7437 0.409524
24935 0.395819
28567 0.388034
32311 0.357576
13312 0.357576
35696 0.333914
7308 0.333333
6176 0.333333
27475 0.310689
479 0.309524
33757 0.30754
40728 0.302168
2158 0.300433
13368 0.299423
38127 0.291667
27804 0.289322
40423 0.281966
12552 0.268687
37754 0.25
35396 0.25
33977 0.25
31301 0.25
28724 0.25
27846 0.25
27276 0.25
24049 0.25
21347 0.25
19631 0.25
14713 0.247135
28045 0.22641
48 0.224242
40678 0.2
32648 0.2
30633 0.2
24475 0.2
17634 0.2
15603 0.2
9788 0.2
5693 0.2
4961 0.2
40411 0.166667
37212 0.166667
34665 0.166667
32711 0.166667
31421 0.166667
17301 0.166667
4878 0.166667
192 0.166667
27756 0.162485
22963 0.162485
4520 0.162485
36542 0.154642
34946 0.154642
35338 0.142857
33923 0.142857
32357 0.142857
13677 0.142857
13040 0.142857
12329 0.142857
2745 0.142857
303 0.142857
33877 0.136511
21921 0.136511
16832 0.136511
37741 0.111111
36818 0.111111
29737 0.111111
20481 0.111111
19566 0.111111
16196 0.111111
15478 0.111111
15287 0.111111
14869 0.111111
8767 0.111111
7356 0.111111
3109 0.111111
36373 0.1
35237 0.1
18240 0.1
32056 0.0909091
30865 0.0909091
28621 0.0909091
24039 0.0909091
23615 0.0909091
22699 0.0909091
20838 0.0909091
11450 0.0909091
8773 0.0909091
25557 0.0769231
24825 0.0769231
14940 0.0769231
11677 0.0769231
38756 0.0714286
34978 0.0714286
39916 0.0666667
33310 0.0666667
32996 0.0666667
22508 0.0666667
18931 0.0666667
16713 0.0666667
14067 0.0666667
1586 0.0666667
35627 0.0588235
34320 0.0588235
25174 0.0588235
24646 0.0588235
24480 0.0588235
8373 0.0588235
36301 0.0555556
33832 0.0555556
22235 0.0555556
19579 0.0555556
39684 0.0454545
37755 0.0454545
31453 0.0454545
26785 0.0454545
21481 0.0454545
15133 0.0454545
38151 0.0243902
36267 0.0243902
34301 0.0243902
31730 0.0243902
27197 0.0243902
22411 0.0243902
22207 0.0243902
20280 0.0243902
19839 0.0243902
17300 0.0243902
17079 0.0243902
16528 0.0243902
12398 0.0243902
10603 0.0243902
9371 0.0243902
5357 0.0243902
3106 0.0243902
186 0.0243902
52 0.0243902
40980 0
40979 0
40978 0
40977 0
40976 0
40975 0
40974 0
40973 0
40972 0
40971 0
40970 0
40969 0
40968 0
40967 0
40966 0
40965 0
40964 0
40963 0
40962 0
40961 0
40960 0
40959 0
40958 0
40957 0
40956 0
40955 0
40954 0
40953 0
40952 0
40951 0
40950 0
40949 0
40948 0
40947 0
40946 0
40945 0
40944 0
40943 0
40942 0
40941 0
40940 0
40939 0
40938 0
40937 0
40936 0
40935 0
40934 0
40933 0
40932 0
40931 0
40930 0
40929 0
40928 0
40927 0
40926 0
40925 0
40924 0
40923 0
40922 0
40921 0
40920 0
40919 0
40918 0
40917 0
40916 0
40915 0
40914 0
40913 0
40912 0
40911 0
40910 0
40909 0
40908 0
40907 0
40906 0
40905 0
40904 0
40903 0
40902 0
40901 0
40900 0
40899 0
40898 0
40897 0
40896 0
40895 0
40894 0
40893 0
40892 0
40891 0
40890 0
40889 0
40888 0
40887 0
40886 0
40885 0
40884 0
40883 0
40882 0
40881 0
40880 0
40879 0
40878 0
40877 0
40876 0
40875 0
40874 0
40873 0
40872 0
40871 0
40870 0
40869 0
40868 0
40867 0
40866 0
40865 0
40864 0
40863 0
40862 0
40861 0
40860 0
40859 0
40858 0
40857 0
40856 0
40855 0
40854 0
40853 0
40852 0
40851 0
40850 0
40849 0
40848 0
40847 0
40846 0
40845 0
40844 0
40843 0
40842 0
40841 0
40840 0
40839 0
40838 0
40837 0
40836 0
40835 0
40834 0
40833 0
40832 0
40831 0
40830 0
40829 0
40828 0
40827 0
40826 0
40825 0
40824 0
40823 0
40822 0
40821 0
40820 0
40819 0
40818 0
40817 0
40816 0
40815 0
40814 0
40813 0
40812 0
40811 0
40810 0
40809 0
40808 0
40807 0
40806 0
40805 0
40804 0
40803 0
40802 0
40801 0
40800 0
40799 0
40798 0
40797 0
40796 0
40795 0
40794 0
40793 0
40792 0
40791 0
40790 0
40789 0
40788 0
40787 0
40786 0
40785 0
40784 0
40783 0
40782 0
40781 0
40780 0
40779 0
40778 0
40777 0
40776 0
40775 0
40774 0
40773 0
40772 0
40771 0
40770 0
40769 0
40768 0
40767 0
40766 0
40765 0
40764 0
40763 0
40762 0
40761 0
40760 0
40759 0
40758 0
40757 0
40756 0
40755 0
40754 0
40753 0
40752 0
40751 0
40750 0
40749 0
40748 0
40747 0
40746 0
40745 0
40744 0
40743 0
40742 0
40741 0
40740 0
40739 0
40738 0
40737 0
40736 0
40735 0
40734 0
40733 0
40732 0
40731 0
40730 0
40729 0
40727 0
40726 0
40725 0
40724 0
40723 0
40722 0
40721 0
40720 0
40719 0
40718 0
40717 0
40716 0
40715 0
40714 0
40713 0
40712 0
40711 0
40710 0
40709 0
40708 0
40707 0
40706 0
40705 0
40704 0
40703 0
40702 0
40701 0
40700 0
40699 0
40698 0
40697 0
40696 0
40695 0
40694 0
40693 0
40692 0
40691 0
40690 0
40689 0
40688 0
40687 0
40686 0
40685 0
40684 0
40683 0
40682 0
40681 0
40680 0
40679 0
40677 0
40676 0
40675 0
40674 0
40673 0
40672 0
40671 0
40670 0
40669 0
40668 0
40667 0
40666 0
40665 0
40664 0
40663 0
40662 0
40661 0
40660 0
40659 0
40658 0
40657 0
40656 0
40655 0
40654 0
40653 0
40652 0
40651 0
40650 0
40649 0
40648 0
40647 0
40646 0
40645 0
