31301 17.7301
5693 6.11642
18328 3.80353
19788 2.98044
7708 2.91907
10737 2.51598
4405 1.74439
363 1.53964
518 1.53333
17238 1.37764
21983 1.10125
12243 1.02091
11844 0.991667
3112 0.912741
18950 0.869156
40078 0.789583
17634 0.768955
26750 0.754475
11958 0.754475
10923 0.742905
34495 0.732724
15237 0.731399
27799 0.684524
52 0.656485
18937 0.61299
19032 0.573674
6644 0.552976
2633 0.529412
2249 0.526923
34825 0.495455
33944 0.483333
12431 0.466667
10117 0.452381
14857 0.438492
9831 0.437815
8672 0.427158
23014 0.414789
22890 0.40202
2943 0.391716
865 0.3875
18688 0.384524
21641 0.378788
12957 0.378788
5373 0.363258
8446 0.354832
433 0.347727
27886 0.347036
7065 0.343005
17691 0.333333
39131 0.331925
15387 0.330357
22594 0.322917
979 0.302512
27514 0.299553
28722 0.285354
35985 0.275298
22228 0.275298
14201 0.272004
39112 0.25
34470 0.25
18861 0.25
3567 0.25
917 0.25
16701 0.244444
3494 0.237679
15603 0.22619
590 0.22619
29996 0.220982
16853 0.21814
8508 0.211111
1897 0.211111
26088 0.211067
919 0.209427
28917 0.206325
24456 0.20101
37924 0.2
22004 0.2
17442 0.2
10980 0.183135
7691 0.183135
12620 0.180556
17285 0.178283
14132 0.170224
40205 0.166667
40071 0.166667
39616 0.166667
34223 0.166667
31161 0.166667
24819 0.166667
20858 0.166667
20424 0.166667
20407 0.166667
16799 0.166667
15322 0.166667
8607 0.166667
4746 0.166667
4690 0.166667
3801 0.166667
3445 0.156746
31975 0.154924
31561 0.154924
13646 0.154514
3382 0.151515
31682 0.148771
33672 0.14798
28993 0.14798
39743 0.142857
36986 0.142857
29059 0.142857
20395 0.138769
6173 0.134008
28827 0.12963
29997 0.129336
21457 0.125
18616 0.125
15768 0.125
13014 0.125
2792 0.125
1055 0.125
29709 0.12347
3936 0.122917
40573 0.11787
36623 0.11787
28444 0.11787
26892 0.11787
18044 0.116964
18754 0.115943
10073 0.115371
6504 0.113258
3575 0.113258
20009 0.111111
8303 0.111111
5175 0.109524
27434 0.106534
13029 0.106534
8952 0.1
4998 0.1
8027 0.0968013
36734 0.0909091
33347 0.0909091
27951 0.0909091
4646 0.0909091
32994 0.0905844
12009 0.0905844
11019 0.0905844
1525 0.0905844
39308 0.0833333
34396 0.0833333
29972 0.0833333
26015 0.0833333
20497 0.0833333
17841 0.0833333
15263 0.0833333
14705 0.0833333
10602 0.0833333
25837 0.0820076
33825 0.0780423
23813 0.0780423
12812 0.0780423
11741 0.0769231
9668 0.0769231
7729 0.0769231
28380 0.0740666
20979 0.0740666
19589 0.0740666
10277 0.0740666
22402 0.0723205
9442 0.0714286
27410 0.0666667
27021 0.0666667
6096 0.0658701
28147 0.0647321
36899 0.0625
27155 0.0625
16012 0.0625
14249 0.0625
12221 0.0625
29934 0.0588235
16791 0.0588235
10519 0.0588235
9846 0.0588235
6061 0.0588235
39695 0.0555556
39565 0.0555556
39496 0.0555556
38289 0.0555556
33667 0.0555556
33651 0.0555556
32760 0.0555556
32680 0.0555556
27660 0.0555556
26400 0.0555556
22387 0.0555556
22054 0.0555556
21865 0.0555556
18209 0.0555556
17231 0.0555556
10851 0.0555556
8582 0.0555556
6454 0.0555556
3447 0.0555556
39582 0.0543145
28038 0.0543145
26964 0.0543145
22990 0.0543145
13881 0.0543145
10057 0.0543145
6585 0.0543145
2838 0.0543145
37562 0.0526316
33615 0.0526316
31274 0.0526316
26629 0.0526316
24986 0.0526316
7013 0.0526316
6823 0.0526316
1288 0.0526316
25543 0.05
11630 0.05
40829 0.0454545
38158 0.0454545
34917 0.0454545
33189 0.0454545
31974 0.0454545
30856 0.0454545
22897 0.0454545
18804 0.0454545
12498 0.0454545
12176 0.0454545
11859 0.0454545
5564 0.0454545
3363 0.0454545
32885 0.0432344
28305 0.0432344
27425 0.0432344
23785 0.0432344
22557 0.0432344
22227 0.0432344
12346 0.0432344
7894 0.0432344
3245 0.0432344
2387 0.0432344
1177 0.0432344
40381 0.0416667
32342 0.0416667
31930 0.0416667
30760 0.0416667
30402 0.0416667
25445 0.0416667
24825 0.0416667
23570 0.0416667
18896 0.0416667
18567 0.0416667
14777 0.0416667
14746 0.0416667
14076 0.0416667
13845 0.0416667
13788 0.0416667
13334 0.0416667
9599 0.0416667
8962 0.0416667
8274 0.0416667
4543 0.0416667
3648 0.0416667
1975 0.0416667
38515 0.0357143
33981 0.0357143
13209 0.0357143
8579 0.0357143
4928 0.0357143
2842 0.0357143
32440 0.03125
26159 0.03125
24441 0.03125
23374 0.03125
19881 0.03125
19295 0.03125
12444 0.03125
10760 0.03125
2659 0.03125
37087 0.0294118
30746 0.0294118
24213 0.0294118
24133 0.0294118
24013 0.0294118
20966 0.0294118
20343 0.0294118
11108 0.0294118
3010 0.0294118
34187 0.0243902
25750 0.0243902
21275 0.0243902
17127 0.0243902
16823 0.0243902
14544 0.0243902
2982 0.0243902
1391 0.0243902
186 0.0243902
40166 0.0227273
36849 0.0227273
33809 0.0227273
32797 0.0227273
32229 0.0227273
24335 0.0227273
24028 0.0227273
19185 0.0227273
10361 0.0227273
5691 0.0227273
3863 0.0227273
3236 0.0227273
2744 0.0227273
1940 0.0227273
39171 0.0208333
35602 0.0208333
34649 0.0208333
28323 0.0208333
27646 0.0208333
19243 0.0208333
17248 0.0208333
15189 0.0208333
12868 0.0208333
9413 0.0208333
7237 0.0208333
6366 0.0208333
2289 0.0208333
40888 0.0185185
40869 0.0185185
40051 0.0185185
37176 0.0185185
30729 0.0185185
14977 0.0185185
13432 0.0185185
11319 0.0185185
1298 0.0185185
39962 0.0178571
35734 0.0178571
30793 0.0178571
30685 0.0178571
30668 0.0178571
30167 0.0178571
25568 0.0178571
22478 0.0178571
22261 0.0178571
21703 0.0178571
21556 0.0178571
21110 0.0178571
20489 0.0178571
17759 0.0178571
15553 0.0178571
13369 0.0178571
13323 0.0178571
11943 0.0178571
9713 0.0178571
9197 0.0178571
7139 0.0178571
6992 0.0178571
6929 0.0178571
6378 0.0178571
37054 0.015625
35004 0.015625
34768 0.015625
32852 0.015625
26565 0.015625
25017 0.015625
21670 0.015625
18274 0.015625
17999 0.015625
10630 0.015625
9200 0.015625
5663 0.015625
2775 0.015625
1829 0.015625
808 0.015625
40758 0.00909091
40689 0.00909091
37591 0.00909091
36950 0.00909091
35455 0.00909091
35048 0.00909091
33708 0.00909091
33078 0.00909091
32934 0.00909091
32862 0.00909091
32529 0.00909091
31347 0.00909091
30993 0.00909091
30632 0.00909091
28265 0.00909091
28089 0.00909091
27939 0.00909091
26808 0.00909091
26789 0.00909091
26401 0.00909091
26160 0.00909091
25425 0.00909091
24756 0.00909091
22583 0.00909091
22465 0.00909091
21399 0.00909091
19258 0.00909091
18788 0.00909091
18666 0.00909091
16443 0.00909091
15280 0.00909091
14372 0.00909091
13762 0.00909091
11836 0.00909091
11535 0.00909091
10929 0.00909091
10523 0.00909091
9294 0.00909091
9075 0.00909091
8750 0.00909091
7411 0.00909091
7054 0.00909091
6896 0.00909091
6815 0.00909091
6055 0.00909091
5812 0.00909091
5433 0.00909091
5303 0.00909091
4070 0.00909091
4022 0.00909091
3906 0.00909091
3369 0.00909091
2509 0.00909091
1427 0.00909091
1267 0.00909091
57 0.00909091
40980 0
40979 0
40978 0
40977 0
40976 0
40975 0
40974 0
40973 0
40972 0
40971 0
40970 0
40969 0
40968 0
40967 0
40966 0
40965 0
40964 0
40963 0
40962 0
40961 0
40960 0
40959 0
40958 0
40957 0
40956 0
40955 0
40954 0
40953 0
40952 0
40951 0
40950 0
40949 0
40948 0
40947 0
40946 0
40945 0
40944 0
40943 0
40942 0
40941 0
40940 0
40939 0
40938 0
40937 0
40936 0
40935 0
40934 0
40933 0
40932 0
40931 0
40930 0
40929 0
40928 0
40927 0
40926 0
40925 0
40924 0
40923 0
40922 0
40921 0
40920 0
40919 0
40918 0
40917 0
40916 0
40915 0
40914 0
40913 0
40912 0
40911 0
40910 0
