6885 8.64664
3157 6.51599
38994 6.42577
6019 6.0896
1472 5.01639
10132 3.14976
486 3.04697
3733 2.81057
9129 2.37111
857 2.20308
27024 2.20043
1076 2.11161
20203 1.73452
3513 1.61294
17566 1.50794
26833 1.46311
28776 1.40952
9801 1.3631
2503 1.20254
3143 1.19644
19142 1.1462
31566 1.12831
21029 1.11036
2900 1.00322
2240 0.867991
331 0.810498
9439 0.783712
27616 0.777381
34630 0.775224
29192 0.758312
15033 0.753855
18549 0.738472
9960 0.717721
2942 0.668259
16143 0.608197
7923 0.601293
37141 0.579268
13518 0.571349
4409 0.561331
34787 0.557375
35738 0.535256
39770 0.519401
29563 0.502263
11429 0.49337
36896 0.491667
3845 0.480437
14312 0.471349
12703 0.471349
28342 0.462977
19846 0.460325
30855 0.438979
38859 0.436111
30536 0.427187
2952 0.412465
30114 0.386779
1726 0.361346
30489 0.346902
36275 0.333333
35197 0.333333
29879 0.333333
4441 0.333333
14829 0.331078
32825 0.330357
5500 0.311042
40905 0.305106
5938 0.294055
14756 0.291197
21317 0.286275
5955 0.286275
7252 0.286226
362 0.276812
28243 0.276567
3664 0.260793
19056 0.259649
6218 0.258482
24539 0.255679
10063 0.255679
24196 0.252027
23831 0.25
9479 0.25
8566 0.25
2323 0.25
13779 0.244048
31617 0.24184
3019 0.24184
30705 0.241363
22837 0.228215
32706 0.218694
38461 0.212233
16264 0.210852
24291 0.2
2215 0.2
40818 0.189867
38728 0.185714
18277 0.184603
26505 0.183366
39222 0.17714
19676 0.17714
24702 0.166667
6253 0.166667
26227 0.164411
3846 0.159215
34778 0.147428
34488 0.147428
33584 0.145877
37726 0.142857
26999 0.142857
7509 0.142377
14240 0.138655
28594 0.129408
24451 0.125952
40366 0.125
30752 0.125
27436 0.125
21751 0.125
4181 0.125
36581 0.115843
37011 0.111111
33073 0.111111
32424 0.111111
24358 0.111111
21314 0.111111
8092 0.111111
3628 0.111111
37911 0.110863
23841 0.1
37846 0.0909091
13748 0.0909091
14987 0.0835974
8048 0.0835974
19289 0.0833333
23434 0.0769231
18812 0.0769231
12485 0.0769231
20513 0.0696791
10526 0.0696791
9949 0.0696791
9253 0.0696791
2466 0.0696791
24235 0.0666667
7869 0.0666667
2436 0.0666667
32017 0.0625
13426 0.0625
35181 0.0615486
34341 0.0615486
33848 0.0615486
25721 0.0615486
23421 0.0615486
20819 0.0615486
19749 0.0615486
14444 0.0615486
7429 0.0615486
34895 0.0588235
33622 0.0588235
27315 0.0588235
23798 0.0588235
12190 0.0588235
1411 0.0588235
594 0.0588235
4044 0.047619
1438 0.047619
13924 0.0434783
40480 0.0322581
22431 0.0322581
2901 0.0322581
28081 0.027027
20697 0.027027
19331 0.027027
18378 0.027027
17170 0.027027
15071 0.027027
14045 0.027027
5849 0.027027
11688 0.0263158
11396 0.0263158
1875 0.0263158
873 0.0263158
38661 0.0196078
35119 0.0196078
32635 0.0196078
31939 0.0196078
30299 0.0196078
18288 0.0196078
5767 0.0196078
33588 0.015625
31869 0.015625
27188 0.015625
21811 0.015625
19612 0.015625
18477 0.015625
6308 0.015625
478 0.015625
40980 0
40979 0
40978 0
40977 0
40976 0
40975 0
40974 0
40973 0
40972 0
40971 0
40970 0
40969 0
40968 0
40967 0
40966 0
40965 0
40964 0
40963 0
40962 0
40961 0
40960 0
40959 0
40958 0
40957 0
40956 0
40955 0
40954 0
40953 0
40952 0
40951 0
40950 0
40949 0
40948 0
40947 0
40946 0
40945 0
40944 0
40943 0
40942 0
40941 0
40940 0
40939 0
40938 0
40937 0
40936 0
40935 0
40934 0
40933 0
40932 0
40931 0
40930 0
40929 0
40928 0
40927 0
40926 0
40925 0
40924 0
40923 0
40922 0
40921 0
40920 0
40919 0
40918 0
40917 0
40916 0
40915 0
40914 0
40913 0
40912 0
40911 0
40910 0
40909 0
40908 0
40907 0
40906 0
40904 0
40903 0
40902 0
40901 0
40900 0
40899 0
40898 0
40897 0
40896 0
40895 0
40894 0
40893 0
40892 0
40891 0
40890 0
40889 0
40888 0
40887 0
40886 0
40885 0
40884 0
40883 0
40882 0
40881 0
40880 0
40879 0
40878 0
40877 0
40876 0
40875 0
40874 0
40873 0
40872 0
40871 0
40870 0
40869 0
40868 0
40867 0
40866 0
40865 0
40864 0
40863 0
40862 0
40861 0
40860 0
40859 0
40858 0
40857 0
40856 0
40855 0
40854 0
40853 0
40852 0
40851 0
40850 0
40849 0
40848 0
40847 0
40846 0
40845 0
40844 0
40843 0
40842 0
40841 0
40840 0
40839 0
40838 0
40837 0
40836 0
40835 0
40834 0
40833 0
40832 0
40831 0
40830 0
40829 0
40828 0
40827 0
40826 0
40825 0
40824 0
40823 0
40822 0
40821 0
40820 0
40819 0
40817 0
40816 0
40815 0
40814 0
40813 0
40812 0
40811 0
40810 0
40809 0
40808 0
40807 0
40806 0
40805 0
40804 0
40803 0
40802 0
40801 0
40800 0
40799 0
40798 0
40797 0
40796 0
40795 0
40794 0
40793 0
40792 0
40791 0
40790 0
40789 0
40788 0
40787 0
40786 0
40785 0
40784 0
40783 0
40782 0
40781 0
40780 0
40779 0
40778 0
40777 0
40776 0
40775 0
40774 0
40773 0
40772 0
40771 0
40770 0
40769 0
40768 0
40767 0
40766 0
40765 0
40764 0
40763 0
40762 0
40761 0
40760 0
40759 0
40758 0
40757 0
40756 0
40755 0
40754 0
40753 0
40752 0
40751 0
40750 0
40749 0
40748 0
40747 0
40746 0
40745 0
40744 0
40743 0
40742 0
40741 0
40740 0
40739 0
40738 0
40737 0
40736 0
40735 0
40734 0
40733 0
40732 0
40731 0
40730 0
40729 0
40728 0
40727 0
40726 0
40725 0
40724 0
40723 0
40722 0
40721 0
40720 0
40719 0
40718 0
40717 0
40716 0
40715 0
40714 0
40713 0
40712 0
40711 0
40710 0
40709 0
40708 0
40707 0
40706 0
40705 0
40704 0
40703 0
40702 0
40701 0
40700 0
40699 0
40698 0
40697 0
40696 0
40695 0
40694 0
40693 0
40692 0
40691 0
40690 0
40689 0
40688 0
40687 0
40686 0
40685 0
40684 0
40683 0
40682 0
40681 0
40680 0
40679 0
40678 0
40677 0
40676 0
40675 0
40674 0
40673 0
40672 0
