31301 18579.2
8672 9966.02
18328 8279.17
9442 6313.03
17083 5931.68
3936 5669.95
27799 5578.89
23843 5563.02
19032 4803.49
10523 4771.79
22594 3945.92
32933 3107.67
37923 2942.64
1975 2749.64
7054 2669.87
12466 2522.45
26011 2472.55
18788 2379.24
10923 2364.46
25584 2074.76
15592 1904.27
27623 1469.33
543 1434.1
32814 1413.7
808 1323.21
27585 1289.83
2885 1186.16
24825 1180.98
7729 1177.25
37711 1136.41
3096 1101.82
18011 1096.97
36128 1094.59
22049 1065.02
8027 1034.5
18950 1015.84
34768 1015.35
7708 945.663
31946 887.945
36289 851.64
9575 820.192
987 794.544
20250 793.606
23696 773.106
878 749.776
40883 735.626
15603 684.437
33616 680.136
8662 666.564
23724 634.381
15963 631.661
37924 607.558
20167 564.817
6262 536.959
12670 524.573
10125 522.776
32112 504.93
2663 502.691
5693 497.638
17634 489.76
13043 476.448
6591 475.369
31283 469.047
30793 466.263
31915 451.243
19608 443.763
31329 440.308
39384 432.148
27514 403.205
10480 391.772
8934 388.7
32620 378.281
27410 376.9
6347 373.627
17312 369.156
36395 365.743
28203 356.344
10630 345.141
20008 334.297
26750 329.23
13643 321.116
36734 310.33
22711 304.249
5362 304.142
17301 297.916
6528 286.898
5214 282.511
52 276.062
9665 266.824
11053 265.1
5457 258.768
37888 258.192
20943 254.342
30054 253.141
2249 231.514
13432 231.153
13654 230.83
39614 228.88
14544 218.822
595 216.549
39962 213.21
12580 210.483
10915 206.068
22228 203.584
34825 201.578
10737 196.128
39742 196.016
38002 193.108
1471 184.849
37523 182.246
865 180.16
35734 169.279
8638 168.943
830 167.471
13194 166.296
27766 165.567
30589 161.54
8755 160.919
38809 158.746
24239 155.866
29934 153.022
37054 152.802
36645 150.997
39204 150.842
9170 150.307
17399 146.175
36899 145.08
13635 144.927
38535 143.157
9561 139.836
25016 138.934
21341 138.606
21911 133.061
16652 132.272
32155 128.856
29997 128.783
15849 128.146
35520 128.105
29401 126.156
186 123.759
21005 122.02
32202 120.909
18428 119.222
28476 118.924
35766 117.569
33019 117.061
39791 114.126
33267 110.077
28552 105.68
13772 103.896
26152 103.616
33066 103.381
30012 103.341
14483 102.876
18389 102.095
4405 98.9652
36196 98.2138
2869 98.0916
17793 96.3688
30573 95.9019
346 94.8986
4998 94.6624
35157 93.5838
37855 93.1764
1741 93.0814
2840 92.9299
22214 92.6777
13610 92.6517
10073 91.9235
37885 89.6148
8571 88.5566
2451 88.3313
2560 87.83
28089 87.5494
12569 87.5374
36952 87.4209
32255 87.3311
21889 87.0318
32 85.5947
7727 85.1677
9197 84.5114
39593 84.4647
10910 84.1995
6625 83.2926
27926 82.3378
25955 82.3169
21859 81.4342
19566 81.2451
13080 80.7756
14276 80.0873
14138 79.1408
5691 78.2865
20528 77.5731
17738 77.2863
15400 76.1282
25634 75.4809
18787 74.8581
21134 73.7172
36400 73.5902
37048 71.6675
10980 71.2619
33633 70.5876
37275 70.1816
19590 70.0099
35346 69.53
16390 69.0299
36436 68.4018
16791 67.6537
9761 66.489
2838 66.4758
7833 65.9451
10128 65.8313
24414 65.7199
3158 65.61
18315 65.2216
7839 64.1011
3496 64.0084
7778 63.5938
39555 62.3718
23048 62.2432
23621 61.4909
21393 61.1501
27003 61.081
32545 61.022
29424 60.5447
30668 60.1592
19790 60.1502
3364 59.6143
21703 59.4894
15769 58.9233
11453 58.7032
25311 58.6358
26959 58.4585
9511 58.3361
34064 57.8851
40027 57.8073
2647 57.6687
28345 56.8082
20409 56.6901
29200 56.2697
363 56.1691
4520 56.1426
9846 55.7091
37176 55.6423
37027 55.6421
6644 55.3399
27895 55.2974
28038 55.2128
13916 55.1126
37426 54.972
40053 54.118
39900 53.8234
25079 53.7235
13656 53.0786
35253 53.0461
26069 52.9756
19261 52.3743
17870 52.3094
12709 52.0474
34737 51.338
27862 51.0178
11626 50.6916
8647 50.2845
22530 50.1851
764 50.1584
23813 49.9948
1883 49.9083
36940 49.6431
40115 49.5083
6096 49.4221
26675 49.3283
32760 48.6332
11113 48.1432
16806 47.9056
22315 47.6509
13646 47.6441
24341 47.6235
22184 47.0464
3245 46.9043
36353 46.8723
33825 46.8274
34152 46.76
38970 46.6969
19410 46.1201
38231 45.9843
35395 45.6904
36741 45.6693
13856 45.5372
31354 45.3188
39975 45.2152
10953 45.1593
24962 45.1043
5778 44.9499
18034 44.6981
39171 44.6579
13309 44.238
3382 44.1906
6592 44.1093
29737 43.6805
24597 43.5431
32090 43.4706
16817 43.4361
8465 43.4093
4406 43.1378
6983 43.0467
7691 42.9727
919 42.9723
24678 42.9113
34799 42.8997
35063 42.8948
11984 42.8475
21983 42.7339
32177 42.7198
31509 42.2601
39848 42.2405
24335 42.2176
16789 42.1288
36067 41.889
24028 41.4557
22608 40.2051
31806 40.1408
21323 39.883
8156 39.5781
39951 39.4491
29595 39.3479
26892 38.9533
16945 38.884
20273 38.8616
23429 38.8006
8186 38.5895
36528 38.5579
2241 38.5237
24125 38.3902
22405 38.1044
15150 37.8262
27892 37.2385
15637 37.2092
2633 37.1606
25787 37.1088
8687 37.0879
32536 36.7513
19351 36.5611
35317 36.4051
27429 36.3659
6992 36.2476
22402 35.8839
11142 35.8056
40131 35.4524
27149 35.2178
9196 35.0601
37254 35.0306
40840 34.6911
16723 34.1034
34543 33.8828
9553 33.8523
36035 33.6327
4315 33.478
9959 33.4763
12243 33.3579
34485 33.3447
29143 33.1742
10361 33.1223
30191 33.1177
29795 33.1061
7145 32.6182
40017 32.609
13298 32.6024
23014 32.5904
15922 32.5863
32220 32.5238
23684 32.5155
26088 32.2924
30683 32.2648
3554 32.0761
31589 32.0634
27815 32.054
2118 31.9924
38711 31.9774
6870 31.8806
12893 31.8447
33545 31.7458
1659 31.4107
18286 31.3218
18520 31.1907
2484 31.1716
24475 31.113
18593 30.9808
27595 30.9143
11630 30.8622
14603 30.8601
4878 30.8117
11958 30.6743
10761 30.5977
36430 30.47
24454 30.4418
6715 30.4111
12630 30.321
16947 30.1896
26272 29.9259
6798 29.823
4928 29.6884
24652 29.5756
16047 29.4879
15599 29.4682
36503 29.414
12620 29.1579
28094 28.9795
29864 28.9278
23499 28.8969
8846 28.8782
20966 28.8769
26401 28.7674
39972 28.666
11350 28.1456
9732 28.1413
34167 27.9538
20645 27.9288
3252 27.8338
2490 27.8316
7052 27.7793
16812 27.624
13414 27.5508
28010 27.3707
25349 27.36
38638 27.3114
18156 27.2848
19472 27.269
38090 27.146
10100 27.03
39112 27.0263
23588 26.9456
5066 26.8879
21183 26.8446
4645 26.6833
22854 26.6762
37130 26.6635
16634 26.6486
2696 26.5955
1642 26.5748
34168 26.3002
12894 26.013
15225 25.9556
38518 25.8884
30928 25.8816
24894 25.8669
29271 25.7574
15416 25.6805
11044 25.4299
24492 25.4142
27951 25.3591
30996 25.3418
8440 25.2632
33185 25.2614
40573 25.196
17687 25.1928
3782 25.1751
4507 25.084
4031 25.0538
8508 24.9295
36950 24.8988
36683 24.8817
25337 24.6771
3702 24.6324
23898 24.5712
2272 24.5677
28444 24.5603
4674 24.4778
39781 24.4597
9362 24.4344
25983 24.397
10423 24.3417
21641 24.3197
27434 24.1986
25048 24.1551
23876 24.119
12001 24.105
20489 23.9273
5748 23.9187
23154 23.9163
19693 23.8804
33944 23.6554
27265 23.5538
34433 23.5174
38251 23.44
26789 23.4355
35543 23.3956
28193 23.1078
14421 23.0528
37342 23.0189
19965 23.0135
23241 22.922
37779 22.9168
17860 22.8172
16410 22.7892
32857 22.7228
31738 22.6524
22233 22.6249
28132 22.6219
33490 22.6028
32229 22.6005
