29934 5.81103
1079 4.04804
18763 3.39076
8672 2.56389
32885 2.30374
32615 1.43225
34103 1.34318
4767 1.17063
40821 1.16686
38688 0.954293
36260 0.911317
26800 0.877778
31301 0.875964
33629 0.719218
34593 0.639085
27866 0.616667
15185 0.593389
8034 0.567677
29173 0.559524
3127 0.544444
32814 0.516667
3218 0.507674
27471 0.481917
808 0.433333
27546 0.402778
40283 0.400433
83 0.396465
30721 0.350196
11760 0.350196
5946 0.348485
20140 0.343882
36822 0.340909
34668 0.340909
5396 0.337302
1906 0.323413
14735 0.320408
32866 0.299242
3809 0.299242
21775 0.297418
6277 0.294444
3714 0.294444
28456 0.29025
6712 0.275448
3680 0.275448
26723 0.271465
38642 0.25
24525 0.25
32099 0.230556
20405 0.230556
22655 0.219697
26866 0.2
33534 0.166667
23226 0.166667
17642 0.166667
8103 0.166667
14849 0.165909
14042 0.165909
9975 0.165909
14493 0.161364
40265 0.146563
35957 0.146563
24447 0.146563
39834 0.142857
15251 0.142857
6872 0.142857
21707 0.141008
657 0.141008
40231 0.126206
22824 0.126206
13968 0.126206
13690 0.126206
2668 0.126206
40136 0.125
39260 0.125
37392 0.125
34745 0.125
27149 0.125
20460 0.125
15857 0.125
10911 0.125
10365 0.125
2039 0.125
40693 0.111111
37046 0.111111
34162 0.111111
28671 0.111111
27716 0.111111
24200 0.111111
23843 0.111111
20253 0.111111
9128 0.111111
26923 0.1
10272 0.1
7024 0.1
2249 0.1
52 0.1
39437 0.0909091
36245 0.0909091
26308 0.0909091
22573 0.0909091
2518 0.0909091
40654 0.0833333
36452 0.0833333
36161 0.0833333
35143 0.0833333
32141 0.0833333
26007 0.0833333
16144 0.0833333
15023 0.0833333
12831 0.0833333
9577 0.0833333
39928 0.0769231
36439 0.0769231
34308 0.0769231
30763 0.0769231
4549 0.0769231
32674 0.0724178
27381 0.0724178
17953 0.0724178
12380 0.0724178
10629 0.0724178
4863 0.0724178
1674 0.0724178
32094 0.0666667
30169 0.0666667
8378 0.0666667
4312 0.0666667
39875 0.0555556
38359 0.0555556
38328 0.0555556
36099 0.0555556
32863 0.0555556
30208 0.0555556
30058 0.0555556
27529 0.0555556
24708 0.0555556
23364 0.0555556
22732 0.0555556
21737 0.0555556
18859 0.0555556
15676 0.0555556
38791 0.05
38087 0.05
31447 0.05
36348 0.0454545
30470 0.0454545
20807 0.0454545
20364 0.0454545
17289 0.0454545
15899 0.0454545
35667 0.0333333
34205 0.0333333
31107 0.0333333
21413 0.0333333
16671 0.0333333
15330 0.0333333
10134 0.0333333
8964 0.0333333
35704 0.025
27008 0.025
23094 0.025
20483 0.025
19349 0.025
18900 0.025
18104 0.025
15926 0.025
13303 0.025
12756 0.025
12235 0.025
11694 0.025
11100 0.025
4500 0.025
38638 0.0204082
38302 0.0204082
37255 0.0204082
36751 0.0204082
36418 0.0204082
36395 0.0204082
36073 0.0204082
34451 0.0204082
34357 0.0204082
33209 0.0204082
32483 0.0204082
29975 0.0204082
29482 0.0204082
26750 0.0204082
26395 0.0204082
24441 0.0204082
23600 0.0204082
22608 0.0204082
22124 0.0204082
21243 0.0204082
18950 0.0204082
17870 0.0204082
17144 0.0204082
17086 0.0204082
16513 0.0204082
15945 0.0204082
15282 0.0204082
14925 0.0204082
13437 0.0204082
12957 0.0204082
12760 0.0204082
11244 0.0204082
10238 0.0204082
9516 0.0204082
9341 0.0204082
8338 0.0204082
7013 0.0204082
4787 0.0204082
3924 0.0204082
3567 0.0204082
3380 0.0204082
2909 0.0204082
439 0.0204082
40433 0.0140845
37657 0.0140845
37427 0.0140845
36431 0.0140845
36058 0.0140845
33947 0.0140845
33698 0.0140845
33624 0.0140845
33463 0.0140845
30766 0.0140845
30427 0.0140845
28518 0.0140845
28425 0.0140845
27783 0.0140845
27229 0.0140845
27004 0.0140845
23341 0.0140845
22470 0.0140845
21877 0.0140845
20421 0.0140845
19489 0.0140845
18357 0.0140845
17969 0.0140845
17802 0.0140845
17584 0.0140845
16849 0.0140845
15396 0.0140845
14738 0.0140845
12465 0.0140845
11291 0.0140845
10876 0.0140845
10149 0.0140845
7741 0.0140845
6842 0.0140845
4318 0.0140845
1275 0.0140845
40980 0
40979 0
40978 0
40977 0
40976 0
40975 0
40974 0
40973 0
40972 0
40971 0
40970 0
40969 0
40968 0
40967 0
40966 0
40965 0
40964 0
40963 0
40962 0
40961 0
40960 0
40959 0
40958 0
40957 0
40956 0
40955 0
40954 0
40953 0
40952 0
40951 0
40950 0
40949 0
40948 0
40947 0
40946 0
40945 0
40944 0
40943 0
40942 0
40941 0
40940 0
40939 0
40938 0
40937 0
40936 0
40935 0
40934 0
40933 0
40932 0
40931 0
40930 0
40929 0
40928 0
40927 0
40926 0
40925 0
40924 0
40923 0
40922 0
40921 0
40920 0
40919 0
40918 0
40917 0
40916 0
40915 0
40914 0
40913 0
40912 0
40911 0
40910 0
40909 0
40908 0
40907 0
40906 0
40905 0
40904 0
40903 0
40902 0
40901 0
40900 0
40899 0
40898 0
40897 0
40896 0
40895 0
40894 0
40893 0
40892 0
40891 0
40890 0
40889 0
40888 0
40887 0
40886 0
40885 0
40884 0
40883 0
40882 0
40881 0
40880 0
40879 0
40878 0
40877 0
40876 0
40875 0
40874 0
40873 0
40872 0
40871 0
40870 0
40869 0
40868 0
40867 0
40866 0
40865 0
40864 0
40863 0
40862 0
40861 0
40860 0
40859 0
40858 0
40857 0
40856 0
40855 0
40854 0
40853 0
40852 0
40851 0
40850 0
40849 0
40848 0
40847 0
40846 0
40845 0
40844 0
40843 0
40842 0
40841 0
40840 0
40839 0
40838 0
40837 0
40836 0
40835 0
40834 0
40833 0
40832 0
40831 0
40830 0
40829 0
40828 0
40827 0
40826 0
40825 0
40824 0
40823 0
40822 0
40820 0
40819 0
40818 0
40817 0
40816 0
40815 0
40814 0
40813 0
40812 0
40811 0
40810 0
40809 0
40808 0
40807 0
40806 0
40805 0
40804 0
40803 0
40802 0
40801 0
40800 0
40799 0
40798 0
40797 0
40796 0
40795 0
40794 0
40793 0
40792 0
40791 0
40790 0
40789 0
40788 0
40787 0
40786 0
40785 0
40784 0
40783 0
40782 0
40781 0
40780 0
40779 0
40778 0
40777 0
40776 0
40775 0
40774 0
40773 0
40772 0
40771 0
40770 0
40769 0
40768 0
40767 0
40766 0
40765 0
40764 0
40763 0
40762 0
40761 0
40760 0
40759 0
40758 0
40757 0
40756 0
40755 0
40754 0
40753 0
40752 0
40751 0
40750 0
40749 0
40748 0
40747 0
40746 0
40745 0
40744 0
40743 0
40742 0
40741 0
40740 0
40739 0
40738 0
40737 0
40736 0
40735 0
40734 0
40733 0
40732 0
40731 0
