31301 3.71107
7708 0.92552
40568 0.78691
29154 0.72786
5693 0.709831
8186 0.655444
22227 0.561111
10131 0.518698
25543 0.491667
34973 0.482258
28141 0.465721
37176 0.429412
1628 0.418301
22724 0.375115
34673 0.36859
33189 0.362745
3880 0.35101
13762 0.316731
3245 0.282258
12812 0.276832
32885 0.260747
8672 0.260747
26923 0.25
2775 0.25
26361 0.248159
18937 0.23427
39131 0.233939
15603 0.233939
12243 0.22961
7593 0.224169
3112 0.219164
26892 0.216631
13334 0.206609
40615 0.2
26612 0.2
19032 0.2
14603 0.2
11968 0.2
38793 0.172305
28123 0.172305
22311 0.166974
14544 0.166667
4928 0.166667
6823 0.149844
4746 0.149844
38625 0.142857
33347 0.142857
29962 0.142857
25185 0.142857
24825 0.142857
17159 0.142857
16791 0.142857
33390 0.132369
30829 0.132369
12221 0.132369
6827 0.132369
38711 0.125
26072 0.125
11658 0.125
5816 0.125
40661 0.111111
39616 0.111111
36606 0.111111
32053 0.111111
24237 0.111111
20474 0.111111
19449 0.111111
14565 0.111111
3896 0.111111
32935 0.108323
8725 0.108323
39027 0.0971295
35985 0.0971295
32158 0.0971295
24649 0.0971295
52 0.0971295
27886 0.096432
14172 0.096432
13003 0.096432
6644 0.0921483
6504 0.0921483
10964 0.0909091
35472 0.0833333
33240 0.0833333
27021 0.0833333
9442 0.0769231
2249 0.0769231
40663 0.0617314
25462 0.0617314
20068 0.0617314
15505 0.0617314
6092 0.0617314
4794 0.0617314
4405 0.0617314
2838 0.0617314
40883 0.0588235
40573 0.0588235
37665 0.0588235
30345 0.0588235
29059 0.0588235
26789 0.0588235
26159 0.0588235
11462 0.0588235
8508 0.0588235
4943 0.0588235
39311 0.0555556
36202 0.0555556
32261 0.0555556
29310 0.0555556
20634 0.0555556
14311 0.0555556
8011 0.0555556
4787 0.0555556
3447 0.0555556
492 0.0555556
39743 0.0454545
33672 0.0454545
32718 0.0454545
26088 0.0454545
23405 0.0454545
21902 0.0454545
19019 0.0454545
16038 0.0454545
13633 0.0454545
1562 0.0454545
36996 0.0434783
32767 0.0434783
28336 0.0434783
20458 0.0434783
18865 0.0434783
13675 0.0434783
13435 0.0434783
10880 0.0434783
9355 0.0434783
9341 0.0434783
7892 0.0434783
4173 0.0434783
532 0.0434783
33333 0.0374863
28508 0.0374863
27713 0.0374863
18332 0.0374863
17634 0.0374863
15451 0.0374863
10737 0.0374863
5460 0.0374863
3158 0.0374863
3075 0.0374863
29955 0.0322581
26714 0.0322581
24365 0.0322581
15607 0.0322581
12384 0.0322581
12288 0.0322581
12080 0.0322581
6856 0.0322581
4507 0.0322581
1210 0.0322581
36623 0.0294118
34495 0.0294118
25350 0.0294118
24731 0.0294118
22054 0.0294118
21983 0.0294118
17044 0.0294118
14394 0.0294118
11601 0.0294118
10472 0.0294118
8521 0.0294118
5355 0.0294118
3928 0.0294118
3494 0.0294118
3172 0.0294118
3064 0.0294118
2712 0.0294118
1091 0.0294118
99 0.0294118
40969 0.0212766
40381 0.0212766
34768 0.0212766
33651 0.0212766
31606 0.0212766
30611 0.0212766
29997 0.0212766
28722 0.0212766
27514 0.0212766
26750 0.0212766
26401 0.0212766
25971 0.0212766
24803 0.0212766
23933 0.0212766
22606 0.0212766
22533 0.0212766
22166 0.0212766
21181 0.0212766
19373 0.0212766
19295 0.0212766
13541 0.0212766
10980 0.0212766
10118 0.0212766
6886 0.0212766
6656 0.0212766
5088 0.0212766
1718 0.0212766
40374 0.0172414
40316 0.0172414
37678 0.0172414
37399 0.0172414
36625 0.0172414
34877 0.0172414
34396 0.0172414
33659 0.0172414
32843 0.0172414
28760 0.0172414
26647 0.0172414
25047 0.0172414
25032 0.0172414
23579 0.0172414
19605 0.0172414
17507 0.0172414
16833 0.0172414
15643 0.0172414
14630 0.0172414
13881 0.0172414
11957 0.0172414
11460 0.0172414
9655 0.0172414
8937 0.0172414
7894 0.0172414
7723 0.0172414
6487 0.0172414
4049 0.0172414
3924 0.0172414
3458 0.0172414
3101 0.0172414
2160 0.0172414
1159 0.0172414
1102 0.0172414
40869 0.0120482
39454 0.0120482
38808 0.0120482
37797 0.0120482
37619 0.0120482
37221 0.0120482
36811 0.0120482
36740 0.0120482
36045 0.0120482
32136 0.0120482
31921 0.0120482
31411 0.0120482
31297 0.0120482
28319 0.0120482
27929 0.0120482
27679 0.0120482
26307 0.0120482
25118 0.0120482
24556 0.0120482
24335 0.0120482
23877 0.0120482
23498 0.0120482
23154 0.0120482
22560 0.0120482
22228 0.0120482
20129 0.0120482
19589 0.0120482
18730 0.0120482
17725 0.0120482
17406 0.0120482
16953 0.0120482
16346 0.0120482
16061 0.0120482
15934 0.0120482
15322 0.0120482
13631 0.0120482
13422 0.0120482
12346 0.0120482
11492 0.0120482
10852 0.0120482
9831 0.0120482
9430 0.0120482
9105 0.0120482
7675 0.0120482
5667 0.0120482
4408 0.0120482
2982 0.0120482
2779 0.0120482
2509 0.0120482
1940 0.0120482
936 0.0120482
333 0.0120482
263 0.0120482
40478 0.00819672
39669 0.00819672
39649 0.00819672
39171 0.00819672
39112 0.00819672
38516 0.00819672
37987 0.00819672
37562 0.00819672
36991 0.00819672
36962 0.00819672
36876 0.00819672
35537 0.00819672
34704 0.00819672
34611 0.00819672
34529 0.00819672
34355 0.00819672
33683 0.00819672
33068 0.00819672
32975 0.00819672
32862 0.00819672
32238 0.00819672
31417 0.00819672
31207 0.00819672
29977 0.00819672
29554 0.00819672
29326 0.00819672
28147 0.00819672
27431 0.00819672
27401 0.00819672
26922 0.00819672
26607 0.00819672
26555 0.00819672
26400 0.00819672
26224 0.00819672
26083 0.00819672
25944 0.00819672
25681 0.00819672
25352 0.00819672
23849 0.00819672
23317 0.00819672
22583 0.00819672
22488 0.00819672
22402 0.00819672
21816 0.00819672
21724 0.00819672
21495 0.00819672
21453 0.00819672
20809 0.00819672
19474 0.00819672
18616 0.00819672
17767 0.00819672
17585 0.00819672
16895 0.00819672
16614 0.00819672
16523 0.00819672
15095 0.00819672
14001 0.00819672
13845 0.00819672
12572 0.00819672
12518 0.00819672
12481 0.00819672
12419 0.00819672
12149 0.00819672
11615 0.00819672
10844 0.00819672
10009 0.00819672
9487 0.00819672
9019 0.00819672
8695 0.00819672
7942 0.00819672
7881 0.00819672
7726 0.00819672
7452 0.00819672
7296 0.00819672
7024 0.00819672
6815 0.00819672
6565 0.00819672
4538 0.00819672
4375 0.00819672
2633 0.00819672
2289 0.00819672
919 0.00819672
799 0.00819672
569 0.00819672
187 0.00819672
186 0.00819672
40980 0
40979 0
40978 0
40977 0
40976 0
40975 0
40974 0
40973 0
40972 0
40971 0
40970 0
40968 0
40967 0
40966 0
40965 0
40964 0
40963 0
40962 0
40961 0
40960 0
40959 0
40958 0
40957 0
40956 0
40955 0
40954 0
40953 0
40952 0
40951 0
40950 0
40949 0
40948 0
40947 0
40946 0
40945 0
40944 0
40943 0
40942 0
40941 0
40940 0
40939 0
40938 0
40937 0
40936 0
40935 0
40934 0
40933 0
40932 0
40931 0
40930 0
40929 0
40928 0
40927 0
40926 0
40925 0
40924 0
40923 0
40922 0
40921 0
40920 0
40919 0
40918 0
40917 0
40916 0
40915 0
40914 0
40913 0
40912 0
40911 0
40910 0
40909 0
40908 0
40907 0
40906 0
40905 0
40904 0
40903 0
40902 0
40901 0
40900 0
40899 0
40898 0
40897 0
40896 0
40895 0
40894 0
40893 0
40892 0
40891 0
40890 0
40889 0
40888 0
40887 0
40886 0
40885 0
40884 0
40882 0
40881 0
40880 0
40879 0
40878 0
40877 0
40876 0
40875 0
40874 0
40873 0
40872 0
40871 0
40870 0
40868 0
40867 0
40866 0
40865 0
40864 0
40863 0
40862 0
40861 0
40860 0
40859 0
40858 0
40857 0
40856 0
40855 0
