18328 29.4082
23843 11.1888
22594 5.38615
1508 3.99841
25048 3.63099
480 2.81667
19032 2.68571
865 2.45
5279 2.25311
37924 2.16905
9810 2.04563
34749 1.57543
3096 1.56667
23285 1.51551
23499 1.12619
27799 1.01667
7392 0.995635
33633 0.970635
31329 0.969048
8672 0.833333
10480 0.809524
6262 0.802381
109 0.783333
31301 0.7
6195 0.698413
34152 0.697222
987 0.6
17017 0.576923
40883 0.566667
595 0.566667
32733 0.553114
21341 0.540652
37209 0.50744
22337 0.427778
23254 0.416667
37065 0.410714
34653 0.378968
9575 0.37619
34768 0.367857
836 0.358766
31559 0.355556
1798 0.355556
13654 0.353968
2484 0.353968
32885 0.34359
38535 0.333333
28778 0.333333
28500 0.333333
25765 0.333333
22721 0.333333
20167 0.333333
13794 0.333333
13582 0.333333
11081 0.333333
7145 0.333333
1906 0.333333
16704 0.319444
34242 0.25
29908 0.25
27595 0.25
16390 0.25
5687 0.25
5067 0.25
4966 0.25
39886 0.208173
22811 0.208173
9576 0.208173
40136 0.2
37923 0.2
36283 0.2
33696 0.2
33010 0.2
32229 0.2
31664 0.2
31299 0.2
29934 0.2
25885 0.2
25200 0.2
24340 0.2
20962 0.2
20431 0.2
20250 0.2
19016 0.2
17301 0.2
16817 0.2
13194 0.2
12278 0.2
9737 0.2
8831 0.2
3936 0.2
2262 0.2
40882 0.166667
37074 0.166667
36734 0.166667
34476 0.166667
30898 0.166667
28552 0.166667
25150 0.166667
23724 0.166667
22842 0.166667
21005 0.166667
20320 0.166667
18582 0.166667
18542 0.166667
17716 0.166667
13507 0.166667
12915 0.166667
11503 0.166667
8638 0.166667
1610 0.166667
39284 0.163729
37928 0.163729
24508 0.163729
6185 0.163729
2708 0.163729
31550 0.142857
27882 0.142857
23847 0.142857
8759 0.142857
8453 0.142857
8035 0.142857
4525 0.142857
3239 0.142857
1572 0.142857
543 0.142857
232 0.142857
37711 0.125
23016 0.125
16789 0.125
15453 0.125
6294 0.125
5691 0.125
2422 0.125
39925 0.111111
39086 0.111111
37228 0.111111
27344 0.111111
26095 0.111111
20569 0.111111
15764 0.111111
5257 0.111111
35100 0.1
30419 0.1
28010 0.1
26759 0.1
23332 0.1
18745 0.1
18329 0.1
10761 0.1
8311 0.1
766 0.1
40619 0.0909091
37914 0.0909091
2793 0.0909091
17348 0.0833333
13825 0.0833333
12606 0.0833333
36778 0.0769231
34331 0.0769231
32312 0.0769231
19355 0.0769231
18482 0.0769231
2089 0.0769231
36067 0.0666667
28348 0.0666667
20804 0.0666667
18788 0.0666667
17083 0.0666667
7729 0.0666667
5408 0.0666667
40671 0.0555556
25439 0.0555556
24072 0.0555556
22788 0.0555556
15309 0.0555556
8360 0.0555556
5506 0.0555556
3694 0.0555556
37564 0.03125
35867 0.03125
29164 0.03125
27559 0.03125
25975 0.03125
24413 0.03125
23678 0.03125
22169 0.03125
20291 0.03125
19984 0.03125
14093 0.03125
13423 0.03125
11098 0.03125
10509 0.03125
7444 0.03125
4838 0.03125
3897 0.03125
3392 0.03125
1766 0.03125
40980 0
40979 0
40978 0
40977 0
40976 0
40975 0
40974 0
40973 0
40972 0
40971 0
40970 0
40969 0
40968 0
40967 0
40966 0
40965 0
40964 0
40963 0
40962 0
40961 0
40960 0
40959 0
40958 0
40957 0
40956 0
40955 0
40954 0
40953 0
40952 0
40951 0
40950 0
40949 0
40948 0
40947 0
40946 0
40945 0
40944 0
40943 0
40942 0
40941 0
40940 0
40939 0
40938 0
40937 0
40936 0
40935 0
40934 0
40933 0
40932 0
40931 0
40930 0
40929 0
40928 0
40927 0
40926 0
40925 0
40924 0
40923 0
40922 0
40921 0
40920 0
40919 0
40918 0
40917 0
40916 0
40915 0
40914 0
40913 0
40912 0
40911 0
40910 0
40909 0
40908 0
40907 0
40906 0
40905 0
40904 0
40903 0
40902 0
40901 0
40900 0
40899 0
40898 0
40897 0
40896 0
40895 0
40894 0
40893 0
40892 0
40891 0
40890 0
40889 0
40888 0
40887 0
40886 0
40885 0
40884 0
40881 0
40880 0
40879 0
40878 0
40877 0
40876 0
40875 0
40874 0
40873 0
40872 0
40871 0
40870 0
40869 0
40868 0
40867 0
40866 0
40865 0
40864 0
40863 0
40862 0
40861 0
40860 0
40859 0
40858 0
40857 0
40856 0
40855 0
40854 0
40853 0
40852 0
40851 0
40850 0
40849 0
40848 0
40847 0
40846 0
40845 0
40844 0
40843 0
40842 0
40841 0
40840 0
40839 0
40838 0
40837 0
40836 0
40835 0
40834 0
40833 0
40832 0
40831 0
40830 0
40829 0
40828 0
40827 0
40826 0
40825 0
40824 0
40823 0
40822 0
40821 0
40820 0
40819 0
40818 0
40817 0
40816 0
40815 0
40814 0
40813 0
40812 0
40811 0
40810 0
40809 0
40808 0
40807 0
40806 0
40805 0
40804 0
40803 0
40802 0
40801 0
40800 0
40799 0
40798 0
40797 0
40796 0
40795 0
40794 0
40793 0
40792 0
40791 0
40790 0
40789 0
40788 0
40787 0
40786 0
40785 0
40784 0
40783 0
40782 0
40781 0
40780 0
40779 0
40778 0
40777 0
40776 0
40775 0
40774 0
40773 0
40772 0
40771 0
40770 0
40769 0
40768 0
40767 0
40766 0
40765 0
40764 0
40763 0
40762 0
40761 0
40760 0
40759 0
40758 0
40757 0
40756 0
40755 0
40754 0
40753 0
40752 0
40751 0
40750 0
40749 0
40748 0
40747 0
40746 0
40745 0
40744 0
40743 0
40742 0
40741 0
40740 0
40739 0
40738 0
40737 0
40736 0
40735 0
40734 0
40733 0
40732 0
40731 0
40730 0
40729 0
40728 0
40727 0
40726 0
40725 0
40724 0
40723 0
40722 0
40721 0
40720 0
40719 0
40718 0
40717 0
40716 0
40715 0
40714 0
40713 0
40712 0
40711 0
40710 0
40709 0
40708 0
40707 0
40706 0
40705 0
40704 0
40703 0
40702 0
40701 0
40700 0
40699 0
40698 0
40697 0
40696 0
40695 0
40694 0
40693 0
40692 0
40691 0
40690 0
40689 0
40688 0
40687 0
40686 0
40685 0
40684 0
40683 0
40682 0
40681 0
40680 0
40679 0
40678 0
40677 0
40676 0
