29934 4.98464
27381 3.56237
10563 2.82287
18900 2.65796
30721 1.94395
20483 1.83406
657 1.82904
1028 1.65519
32615 1.23016
15023 1.16361
11305 1.13228
13397 1.12395
9263 1.05263
12679 0.9375
21707 0.925
3385 0.914286
8222 0.871429
40821 0.782786
11760 0.780478
10629 0.779894
26800 0.773748
33629 0.771211
33095 0.72619
1674 0.714422
21413 0.7
28456 0.693074
26740 0.67619
563 0.67619
21778 0.6707
3001 0.644444
24447 0.639418
34928 0.587338
24066 0.57619
38642 0.555195
8662 0.554167
20414 0.55
26723 0.521429
4059 0.520833
6649 0.510396
22824 0.510157
5675 0.485714
40654 0.474166
17969 0.474166
21872 0.466667
30280 0.460094
12465 0.443914
32674 0.44267
3613 0.43924
37485 0.425
32885 0.420833
8504 0.420833
17139 0.419185
20376 0.402632
23106 0.385714
16956 0.379167
557 0.355978
27783 0.354412
17807 0.353968
12756 0.352632
1906 0.35
2427 0.334524
37549 0.333333
8934 0.333333
24178 0.315909
11100 0.315132
28425 0.302632
4549 0.301923
15325 0.276923
16849 0.266917
14042 0.25966
19349 0.250812
30874 0.25
26272 0.25
35143 0.236335
12388 0.234769
2702 0.230263
11837 0.229894
8964 0.229167
6842 0.214907
31447 0.207221
18763 0.200251
9975 0.200251
38087 0.2
35779 0.2
31596 0.2
28554 0.2
21558 0.2
4470 0.2
34103 0.182006
20405 0.179412
19291 0.166667
40265 0.148459
37711 0.147756
31301 0.147756
36452 0.142857
30755 0.142857
28703 0.142857
27414 0.142857
19457 0.142857
14332 0.142857
9111 0.142857
8401 0.142857
6030 0.142857
5520 0.142857
36058 0.125
31107 0.125
4767 0.125
11279 0.116449
34675 0.111111
20460 0.111111
17736 0.111111
17057 0.111111
40283 0.1
37587 0.1
35704 0.1
32141 0.1
30690 0.1
30103 0.1
28271 0.1
27149 0.1
26774 0.1
21571 0.1
18724 0.1
13968 0.1
12380 0.1
4381 0.1
39437 0.0956996
30156 0.0956996
8698 0.0956996
3218 0.0956996
2212 0.0956996
27802 0.0909091
12266 0.0909091
23767 0.0833333
10365 0.0833333
36592 0.0769231
25749 0.0769231
34593 0.0714286
17802 0.0714286
15396 0.0714286
13963 0.0714286
13821 0.0714286
23341 0.0666667
7741 0.0666667
4808 0.0666667
38791 0.0625
33698 0.0625
22863 0.0625
8034 0.0625
34668 0.0526316
30058 0.0526316
26007 0.0526316
22573 0.0526316
20140 0.0526316
18382 0.0526316
17584 0.0526316
12235 0.0526316
3680 0.0526316
1079 0.0526316
39428 0.05
32099 0.05
28507 0.05
23395 0.05
21775 0.05
10025 0.05
9128 0.05
5691 0.05
4063 0.05
36822 0.047619
36161 0.047619
19489 0.047619
14849 0.047619
5396 0.047619
2668 0.047619
36898 0.0454545
27229 0.0454545
25333 0.0454545
28485 0.0434783
27906 0.0434783
18104 0.0434783
12420 0.0434783
10876 0.0434783
6974 0.0434783
39757 0.037037
38328 0.037037
27004 0.037037
22470 0.037037
18357 0.037037
13303 0.037037
11291 0.037037
5987 0.037037
4500 0.037037
1275 0.037037
40433 0.0294118
39557 0.0294118
30766 0.0294118
30470 0.0294118
24708 0.0294118
16616 0.0294118
14493 0.0294118
8103 0.0294118
4863 0.0294118
1909 0.0294118
35157 0.0208333
34205 0.0208333
32157 0.0208333
27155 0.0208333
24200 0.0208333
24168 0.0208333
22049 0.0208333
19693 0.0208333
17871 0.0208333
15215 0.0208333
13610 0.0208333
13345 0.0208333
10523 0.0208333
10272 0.0208333
7814 0.0208333
7708 0.0208333
6591 0.0208333
6277 0.0208333
5096 0.0208333
4865 0.0208333
3936 0.0208333
67 0.0208333
40980 0
40979 0
40978 0
40977 0
40976 0
40975 0
40974 0
40973 0
40972 0
40971 0
40970 0
40969 0
40968 0
40967 0
40966 0
40965 0
40964 0
40963 0
40962 0
40961 0
40960 0
40959 0
40958 0
40957 0
40956 0
40955 0
40954 0
40953 0
40952 0
40951 0
40950 0
40949 0
40948 0
40947 0
40946 0
40945 0
40944 0
40943 0
40942 0
40941 0
40940 0
40939 0
40938 0
40937 0
40936 0
40935 0
40934 0
40933 0
40932 0
40931 0
40930 0
40929 0
40928 0
40927 0
40926 0
40925 0
40924 0
40923 0
40922 0
40921 0
40920 0
40919 0
40918 0
40917 0
40916 0
40915 0
40914 0
40913 0
40912 0
40911 0
40910 0
40909 0
40908 0
40907 0
40906 0
40905 0
40904 0
40903 0
40902 0
40901 0
40900 0
40899 0
40898 0
40897 0
40896 0
40895 0
40894 0
40893 0
40892 0
40891 0
40890 0
40889 0
40888 0
40887 0
40886 0
40885 0
40884 0
40883 0
40882 0
40881 0
40880 0
40879 0
40878 0
40877 0
40876 0
40875 0
40874 0
40873 0
40872 0
40871 0
40870 0
40869 0
40868 0
40867 0
40866 0
40865 0
40864 0
40863 0
40862 0
40861 0
40860 0
40859 0
40858 0
40857 0
40856 0
40855 0
40854 0
40853 0
40852 0
40851 0
40850 0
40849 0
40848 0
40847 0
40846 0
40845 0
40844 0
40843 0
40842 0
40841 0
40840 0
40839 0
40838 0
40837 0
40836 0
40835 0
40834 0
40833 0
40832 0
40831 0
40830 0
40829 0
40828 0
40827 0
40826 0
40825 0
40824 0
40823 0
40822 0
40820 0
40819 0
40818 0
40817 0
40816 0
40815 0
40814 0
40813 0
40812 0
40811 0
40810 0
40809 0
40808 0
40807 0
40806 0
40805 0
40804 0
40803 0
40802 0
40801 0
40800 0
40799 0
40798 0
40797 0
40796 0
40795 0
40794 0
40793 0
40792 0
40791 0
40790 0
40789 0
40788 0
40787 0
40786 0
40785 0
40784 0
40783 0
40782 0
40781 0
40780 0
40779 0
40778 0
40777 0
40776 0
40775 0
40774 0
40773 0
40772 0
40771 0
40770 0
40769 0
40768 0
40767 0
40766 0
40765 0
40764 0
40763 0
40762 0
40761 0
40760 0
40759 0
40758 0
40757 0
40756 0
40755 0
40754 0
40753 0
40752 0
40751 0
40750 0
40749 0
40748 0
40747 0
40746 0
40745 0
40744 0
40743 0
40742 0
40741 0
40740 0
40739 0
40738 0
40737 0
40736 0
40735 0
40734 0
40733 0
40732 0
40731 0
40730 0
40729 0
40728 0
40727 0
40726 0
40725 0
40724 0
40723 0
40722 0
40721 0
40720 0
40719 0
40718 0
40717 0
40716 0
40715 0
40714 0
40713 0
40712 0
40711 0
40710 0
40709 0
40708 0
40707 0
40706 0
40705 0
