22594 15.4778
22119 10.9058
28146 5.52768
20271 4.27077
28051 4.00832
13179 3.1739
13485 2.9589
37690 2.58254
39965 2.48775
17574 2.43753
37127 2.14437
39708 1.82454
39459 1.77542
17246 1.53496
4322 1.48649
33485 1.39286
9092 1.39286
4225 1.3786
15144 1.28294
16172 1.27987
24612 1.26543
20669 1.05326
812 1.04829
10712 1.00698
13136 0.981671
9838 0.97619
1957 0.860747
29465 0.85579
1917 0.820076
33049 0.811544
31288 0.781793
26715 0.774242
34342 0.764596
38292 0.703654
32225 0.619048
31301 0.614772
2796 0.60119
30546 0.594246
32640 0.575
10986 0.554279
39613 0.504712
4158 0.491667
28010 0.463651
39676 0.461111
1043 0.457576
27459 0.455357
4454 0.433333
30997 0.416414
40899 0.407057
3992 0.396078
30579 0.368687
27811 0.358766
18107 0.342157
29588 0.34127
69 0.340523
32454 0.333333
19571 0.333333
21183 0.325884
28953 0.324675
27039 0.309524
12791 0.300433
4052 0.296266
38351 0.289322
22029 0.28869
25784 0.286988
17207 0.286988
7762 0.285256
2542 0.272727
5912 0.270833
36324 0.25
31491 0.25
13254 0.25
3096 0.25
8017 0.246739
16567 0.246324
30793 0.240909
27799 0.240909
2885 0.240909
7514 0.238936
20060 0.230072
10906 0.230072
33918 0.229167
40040 0.223388
11104 0.223388
23696 0.211111
26352 0.205072
37580 0.2
23215 0.2
22910 0.2
20167 0.2
27336 0.182821
6651 0.182821
33614 0.166667
21668 0.166667
11453 0.166667
9579 0.166667
1662 0.166667
34228 0.159834
33016 0.150906
35616 0.143961
19433 0.143961
33157 0.143063
32269 0.143063
38541 0.142857
6154 0.142857
2635 0.142857
38531 0.13285
19438 0.13285
34407 0.125
17314 0.125
8672 0.125
179 0.125
26883 0.113651
7803 0.113651
23118 0.111111
11348 0.111111
6415 0.111111
22580 0.1
17921 0.1
38153 0.0909091
16462 0.0909091
15734 0.0909091
14636 0.0909091
9930 0.0909091
9399 0.0909091
6882 0.0909091
6438 0.0909091
4348 0.0909091
1237 0.0909091
830 0.0909091
27317 0.0833333
14653 0.0833333
4705 0.0833333
2869 0.0833333
25663 0.0769231
23085 0.0769231
40616 0.0714286
31784 0.0714286
29355 0.0714286
28938 0.0714286
19210 0.0714286
16800 0.0714286
9561 0.0714286
4208 0.0714286
39962 0.0666667
38141 0.0666667
5214 0.0666667
2384 0.0666667
36141 0.0625
33962 0.0625
8247 0.0625
39572 0.0588235
33439 0.0588235
40846 0.0555556
38265 0.0555556
28552 0.0555556
14525 0.0555556
9730 0.0555556
7625 0.0555556
40248 0.0294118
35262 0.0294118
35110 0.0294118
34242 0.0294118
34180 0.0294118
25339 0.0294118
19365 0.0294118
16597 0.0294118
3590 0.0294118
3125 0.0294118
790 0.0294118
40017 0.0217391
38098 0.0217391
37249 0.0217391
31371 0.0217391
21295 0.0217391
11444 0.0217391
4433 0.0217391
4298 0.0217391
1204 0.0217391
40980 0
40979 0
40978 0
40977 0
40976 0
40975 0
40974 0
40973 0
40972 0
40971 0
40970 0
40969 0
40968 0
40967 0
40966 0
40965 0
40964 0
40963 0
40962 0
40961 0
40960 0
40959 0
40958 0
40957 0
40956 0
40955 0
40954 0
40953 0
40952 0
40951 0
40950 0
40949 0
40948 0
40947 0
40946 0
40945 0
40944 0
40943 0
40942 0
40941 0
40940 0
40939 0
40938 0
40937 0
40936 0
40935 0
40934 0
40933 0
40932 0
40931 0
40930 0
40929 0
40928 0
40927 0
40926 0
40925 0
40924 0
40923 0
40922 0
40921 0
40920 0
40919 0
40918 0
40917 0
40916 0
40915 0
40914 0
40913 0
40912 0
40911 0
40910 0
40909 0
40908 0
40907 0
40906 0
40905 0
40904 0
40903 0
40902 0
40901 0
40900 0
40898 0
40897 0
40896 0
40895 0
40894 0
40893 0
40892 0
40891 0
40890 0
40889 0
40888 0
40887 0
40886 0
40885 0
40884 0
40883 0
40882 0
40881 0
40880 0
40879 0
40878 0
40877 0
40876 0
40875 0
40874 0
40873 0
40872 0
40871 0
40870 0
40869 0
40868 0
40867 0
40866 0
40865 0
40864 0
40863 0
40862 0
40861 0
40860 0
40859 0
40858 0
40857 0
40856 0
40855 0
40854 0
40853 0
40852 0
40851 0
40850 0
40849 0
40848 0
40847 0
40845 0
40844 0
40843 0
40842 0
40841 0
40840 0
40839 0
40838 0
40837 0
40836 0
40835 0
40834 0
40833 0
40832 0
40831 0
40830 0
40829 0
40828 0
40827 0
40826 0
40825 0
40824 0
40823 0
40822 0
40821 0
40820 0
40819 0
40818 0
40817 0
40816 0
40815 0
40814 0
40813 0
40812 0
40811 0
40810 0
40809 0
40808 0
40807 0
40806 0
40805 0
40804 0
40803 0
40802 0
40801 0
40800 0
40799 0
40798 0
40797 0
40796 0
40795 0
40794 0
40793 0
40792 0
40791 0
40790 0
40789 0
40788 0
40787 0
40786 0
40785 0
40784 0
40783 0
40782 0
40781 0
40780 0
40779 0
40778 0
40777 0
40776 0
40775 0
40774 0
40773 0
40772 0
40771 0
40770 0
40769 0
40768 0
40767 0
40766 0
40765 0
40764 0
40763 0
40762 0
40761 0
40760 0
40759 0
40758 0
40757 0
40756 0
40755 0
40754 0
40753 0
40752 0
40751 0
40750 0
40749 0
40748 0
40747 0
40746 0
40745 0
40744 0
40743 0
40742 0
40741 0
40740 0
40739 0
40738 0
40737 0
40736 0
40735 0
40734 0
40733 0
40732 0
40731 0
40730 0
40729 0
40728 0
40727 0
40726 0
40725 0
40724 0
40723 0
40722 0
40721 0
40720 0
40719 0
40718 0
40717 0
40716 0
40715 0
40714 0
40713 0
40712 0
40711 0
40710 0
40709 0
40708 0
40707 0
40706 0
40705 0
40704 0
40703 0
40702 0
40701 0
40700 0
40699 0
40698 0
40697 0
40696 0
40695 0
40694 0
40693 0
40692 0
40691 0
40690 0
40689 0
40688 0
40687 0
40686 0
40685 0
40684 0
40683 0
40682 0
40681 0
40680 0
40679 0
40678 0
40677 0
40676 0
40675 0
40674 0
40673 0
40672 0
40671 0
40670 0
40669 0
40668 0
40667 0
40666 0
40665 0
40664 0
40663 0
40662 0
40661 0
40660 0
40659 0
40658 0
