28345 2.47891
20686 1.69765
25780 1.59965
38906 1.48214
543 1.0157
19032 0.640818
7250 0.608743
23603 0.58662
19800 0.507576
22137 0.506795
8407 0.467544
40413 0.461092
36180 0.436275
23228 0.411825
10510 0.382576
36388 0.366395
7728 0.366395
3936 0.333333
28248 0.322559
24002 0.322559
22656 0.322559
20845 0.322559
20347 0.322559
12809 0.266129
11966 0.266129
20737 0.25
6806 0.25
18137 0.248473
23764 0.240896
12048 0.20815
31806 0.2
2727 0.2
16789 0.198806
15262 0.198806
13252 0.198806
8983 0.18023
4113 0.178527
1002 0.178527
34408 0.170019
31952 0.170019
34340 0.14568
40628 0.142857
32885 0.142857
22613 0.142857
13333 0.142857
8537 0.142857
40806 0.132235
38391 0.132235
22976 0.129707
40533 0.12324
38125 0.12324
26650 0.12324
22148 0.12324
19262 0.12324
14924 0.111111
11173 0.111111
7328 0.111111
1420 0.111111
39586 0.106461
29793 0.106461
23368 0.106461
18930 0.106461
2560 0.106461
33025 0.104775
22979 0.104775
30916 0.104611
32888 0.102689
25245 0.102689
15498 0.102689
29570 0.1
15231 0.1
37994 0.0909091
32315 0.0909091
32646 0.0833333
16493 0.0833333
14354 0.0833333
10984 0.0833333
2738 0.0833333
26696 0.0716846
8136 0.0716846
32209 0.0701826
31880 0.0701826
20410 0.0701826
37765 0.0604263
28213 0.0604263
25668 0.0604263
14262 0.0604263
7658 0.0604263
8943 0.0565359
35676 0.0560196
33387 0.0560196
30567 0.0560196
26926 0.0560196
19678 0.0560196
5869 0.0560196
37002 0.0552836
34800 0.0552836
25776 0.0552836
23706 0.0552836
20745 0.0552836
16028 0.0552836
3867 0.0552836
36189 0.0546037
31399 0.0546037
29369 0.0546037
25288 0.0546037
22681 0.0546037
18364 0.0546037
16438 0.0546037
12747 0.0546037
66 0.0546037
33231 0.0480763
32912 0.0480763
32048 0.0480763
29519 0.0480763
25909 0.0480763
23090 0.0480763
23052 0.0480763
15494 0.0480763
14035 0.0480763
13810 0.0480763
11138 0.0480763
4352 0.0480763
40793 0.047619
35123 0.047619
25155 0.047619
15830 0.047619
15791 0.047619
13207 0.047619
12948 0.047619
9025 0.047619
786 0.047619
40136 0.0457633
31059 0.0457633
28835 0.0457633
20090 0.0457633
38697 0.0434783
31874 0.0434783
28031 0.0434783
20808 0.0434783
16094 0.0434783
35060 0.0416667
29109 0.0416667
23838 0.0416667
18386 0.0416667
16716 0.0416667
3673 0.0416667
39821 0.0333333
37613 0.0333333
36828 0.0333333
17324 0.0333333
16465 0.0333333
8711 0.0333333
5107 0.0333333
39706 0.025641
36389 0.025641
19430 0.025641
15258 0.025641
14025 0.025641
5807 0.025641
4278 0.025641
40636 0.0222222
39672 0.0222222
36809 0.0222222
13874 0.0222222
9337 0.0222222
2831 0.0222222
357 0.0222222
34840 0.0196078
33456 0.0196078
30128 0.0196078
29580 0.0196078
27820 0.0196078
27167 0.0196078
25678 0.0196078
16070 0.0196078
15159 0.0196078
10447 0.0196078
2475 0.0196078
925 0.0196078
40215 0.0188679
38322 0.0188679
32344 0.0188679
27239 0.0188679
23640 0.0188679
22935 0.0188679
22476 0.0188679
20936 0.0188679
20541 0.0188679
18984 0.0188679
15898 0.0188679
6358 0.0188679
627 0.0188679
31407 0.0175439
30038 0.0175439
28997 0.0175439
25745 0.0175439
25181 0.0175439
15656 0.0175439
5809 0.0175439
1026 0.0175439
499 0.0175439
39504 0.0172414
26755 0.0172414
22468 0.0172414
17989 0.0172414
16927 0.0172414
15809 0.0172414
12992 0.0172414
10761 0.0172414
7507 0.0172414
6634 0.0172414
4714 0.0172414
4619 0.0172414
79 0.0172414
40087 0.016129
29102 0.016129
26236 0.016129
24121 0.016129
22639 0.016129
22297 0.016129
21082 0.016129
17796 0.016129
15832 0.016129
15433 0.016129
14815 0.016129
9254 0.016129
5401 0.016129
4021 0.016129
3766 0.016129
2533 0.016129
429 0.016129
39194 0.0147059
35303 0.0147059
34981 0.0147059
34585 0.0147059
26385 0.0147059
22866 0.0147059
22795 0.0147059
22014 0.0147059
17720 0.0147059
17225 0.0147059
16987 0.0147059
15918 0.0147059
13186 0.0147059
12471 0.0147059
10911 0.0147059
8152 0.0147059
7695 0.0147059
4244 0.0147059
39932 0.0135135
37775 0.0135135
35980 0.0135135
34176 0.0135135
29275 0.0135135
28774 0.0135135
22893 0.0135135
20588 0.0135135
17696 0.0135135
17076 0.0135135
16819 0.0135135
15535 0.0135135
14031 0.0135135
13809 0.0135135
12714 0.0135135
12095 0.0135135
11046 0.0135135
10639 0.0135135
9747 0.0135135
6563 0.0135135
5318 0.0135135
3743 0.0135135
953 0.0135135
40980 0
40979 0
40978 0
40977 0
40976 0
40975 0
40974 0
40973 0
40972 0
40971 0
40970 0
40969 0
40968 0
40967 0
40966 0
40965 0
40964 0
40963 0
40962 0
40961 0
40960 0
40959 0
40958 0
40957 0
40956 0
40955 0
40954 0
40953 0
40952 0
40951 0
40950 0
40949 0
40948 0
40947 0
40946 0
40945 0
40944 0
40943 0
40942 0
40941 0
40940 0
40939 0
40938 0
40937 0
40936 0
40935 0
40934 0
40933 0
40932 0
40931 0
40930 0
40929 0
40928 0
40927 0
40926 0
40925 0
40924 0
40923 0
40922 0
40921 0
40920 0
40919 0
40918 0
40917 0
40916 0
40915 0
40914 0
40913 0
40912 0
40911 0
40910 0
40909 0
40908 0
40907 0
40906 0
40905 0
40904 0
40903 0
40902 0
40901 0
40900 0
40899 0
40898 0
40897 0
40896 0
40895 0
40894 0
40893 0
40892 0
40891 0
40890 0
40889 0
40888 0
40887 0
40886 0
40885 0
40884 0
40883 0
40882 0
40881 0
40880 0
40879 0
40878 0
40877 0
40876 0
40875 0
40874 0
40873 0
40872 0
40871 0
40870 0
40869 0
40868 0
40867 0
40866 0
40865 0
40864 0
40863 0
40862 0
40861 0
40860 0
40859 0
40858 0
40857 0
40856 0
40855 0
40854 0
40853 0
40852 0
40851 0
40850 0
40849 0
40848 0
40847 0
40846 0
40845 0
40844 0
40843 0
40842 0
40841 0
40840 0
40839 0
40838 0
40837 0
40836 0
40835 0
40834 0
40833 0
40832 0
40831 0
40830 0
40829 0
40828 0
40827 0
40826 0
40825 0
40824 0
40823 0
40822 0
40821 0
40820 0
40819 0
40818 0
40817 0
40816 0
40815 0
40814 0
40813 0
40812 0
40811 0
40810 0
40809 0
40808 0
40807 0
40805 0
40804 0
40803 0
40802 0
40801 0
40800 0
40799 0
40798 0
40797 0
40796 0
40795 0
40794 0
40792 0
40791 0
40790 0
40789 0
40788 0
40787 0
40786 0
40785 0
40784 0
40783 0
40782 0
40781 0
40780 0
40779 0
40778 0
40777 0
40776 0
40775 0
40774 0
40773 0
40772 0
40771 0
40770 0
40769 0
40768 0
40767 0
40766 0
40765 0
40764 0
40763 0
40762 0
40761 0
40760 0
40759 0
40758 0
40757 0
40756 0
40755 0
40754 0
40753 0
40752 0
