31301 9.11427
34768 4.74833
22228 3.73151
32136 1.4488
31297 1.39469
18328 1.38597
10737 1.1108
28319 0.869503
36763 0.694444
7708 0.66564
32885 0.581516
17634 0.553021
18950 0.519304
32058 0.506094
40017 0.472911
7691 0.438474
19972 0.432379
31964 0.385023
40109 0.375
8516 0.363158
22594 0.355519
19589 0.349278
17725 0.334842
1975 0.333333
27926 0.325
52 0.324111
5693 0.322379
1193 0.312121
24428 0.30597
13646 0.284806
2838 0.250771
3859 0.25
25750 0.244167
33102 0.24314
31146 0.242557
23462 0.237121
26361 0.237048
16791 0.236339
22402 0.230063
2289 0.230063
27514 0.228773
32296 0.216393
26601 0.216393
18788 0.20296
17083 0.20296
11053 0.20296
9442 0.20296
8672 0.20296
8662 0.20296
23290 0.2
40029 0.187404
11944 0.187404
12620 0.17439
27886 0.169171
37778 0.166667
2171 0.166667
31856 0.166393
363 0.165005
28038 0.162121
38808 0.155597
23154 0.155597
18730 0.153715
16652 0.150155
5667 0.147534
12431 0.142857
10073 0.125595
40883 0.125
40143 0.125
28564 0.125
24819 0.125
19338 0.125
17349 0.125
17312 0.125
12709 0.125
10660 0.125
5163 0.125
3553 0.125
2775 0.125
2671 0.125
29997 0.12286
27799 0.120833
1659 0.120833
24335 0.11796
37940 0.113376
19041 0.113376
10472 0.113376
33990 0.111111
32219 0.111111
15891 0.107227
39695 0.103271
8508 0.103271
10980 0.102261
3158 0.101646
39447 0.1
31563 0.1
26710 0.1
23249 0.1
9655 0.1
4787 0.1
2249 0.1
33160 0.0996212
20129 0.0951083
6823 0.0951083
26750 0.0921661
22583 0.0921661
2633 0.0921661
919 0.0917903
31917 0.0833333
25918 0.0833333
22227 0.0833333
14863 0.0833333
10458 0.0833333
8628 0.0833333
8462 0.0833333
4822 0.0833333
41 0.0833333
2204 0.0803161
39661 0.0769231
32857 0.0769231
28110 0.0769231
22049 0.0769231
21861 0.0769231
19511 0.0769231
13916 0.0769231
9689 0.0769231
7054 0.0769231
432 0.0769231
14377 0.0759921
6815 0.0759921
38929 0.0714286
30271 0.0714286
5049 0.0714286
39318 0.0666667
33707 0.0666667
33585 0.0666667
25304 0.0666667
22812 0.0666667
21465 0.0666667
21118 0.0666667
18099 0.0666667
2282 0.060149
1724 0.060149
27434 0.0588235
35472 0.0538934
33078 0.0538934
32158 0.0538934
10457 0.0538934
6096 0.0538934
37797 0.0533876
10269 0.0526316
2077 0.0526316
34704 0.0502825
28444 0.0502825
27352 0.0502825
24475 0.0502825
23014 0.0502825
16890 0.0502825
13432 0.0502825
3447 0.0502825
36106 0.05
34618 0.05
30540 0.05
28719 0.05
24762 0.05
21247 0.05
19728 0.05
13538 0.05
10332 0.05
10117 0.05
7425 0.05
5515 0.05
16915 0.047619
5152 0.047619
40786 0.0454545
39730 0.0454545
39218 0.0454545
38303 0.0454545
35366 0.0454545
35184 0.0454545
32771 0.0454545
31579 0.0454545
31183 0.0454545
26651 0.0454545
24454 0.0454545
22732 0.0454545
22665 0.0454545
21940 0.0454545
21281 0.0454545
19691 0.0454545
18824 0.0454545
14136 0.0454545
10144 0.0454545
8065 0.0454545
5730 0.0454545
5636 0.0454545
4571 0.0454545
3287 0.0454545
485 0.0454545
39165 0.0416667
35985 0.0416667
34355 0.0416667
33672 0.0416667
32863 0.0416667
26506 0.0416667
20468 0.0416667
20457 0.0416667
19925 0.0416667
17184 0.0416667
13845 0.0416667
5800 0.0416667
1971 0.0416667
37876 0.04
36734 0.04
29247 0.04
28275 0.04
25017 0.04
20727 0.04
16012 0.04
8131 0.04
27929 0.0394736
22560 0.0394736
13422 0.0394736
6644 0.0394736
4408 0.0394736
23043 0.0357143
21183 0.0357143
16639 0.0357143
4705 0.0357143
1897 0.0357143
40965 0.0344828
40829 0.0344828
36032 0.0344828
26978 0.0344828
22288 0.0344828
21983 0.0344828
8263 0.0344828
2958 0.0344828
39791 0.0333333
32620 0.0333333
28104 0.0333333
28094 0.0333333
24239 0.0333333
17785 0.0333333
15603 0.0333333
3936 0.0333333
2241 0.0333333
36094 0.0277778
35201 0.0277778
34495 0.0277778
33540 0.0277778
33501 0.0277778
33487 0.0277778
32680 0.0277778
32621 0.0277778
32323 0.0277778
32135 0.0277778
31278 0.0277778
30874 0.0277778
29889 0.0277778
29870 0.0277778
27790 0.0277778
26779 0.0277778
26272 0.0277778
22758 0.0277778
21597 0.0277778
20465 0.0277778
19857 0.0277778
19266 0.0277778
19001 0.0277778
18034 0.0277778
17152 0.0277778
14440 0.0277778
14213 0.0277778
12639 0.0277778
12085 0.0277778
11862 0.0277778
11506 0.0277778
9768 0.0277778
7968 0.0277778
7958 0.0277778
5776 0.0277778
4117 0.0277778
4102 0.0277778
3906 0.0277778
3896 0.0277778
3648 0.0277778
1627 0.0277778
42 0.0277778
39947 0.025
35346 0.025
31069 0.025
27989 0.025
24094 0.025
21323 0.025
18449 0.025
17277 0.025
17154 0.025
16504 0.025
16222 0.025
15812 0.025
15225 0.025
12569 0.025
11080 0.025
2877 0.025
2869 0.025
556 0.025
110 0.025
36625 0.0243902
35235 0.0243902
33483 0.0243902
31682 0.0243902
31505 0.0243902
30533 0.0243902
28827 0.0243902
28743 0.0243902
23452 0.0243902
23309 0.0243902
23211 0.0243902
19342 0.0243902
18295 0.0243902
17659 0.0243902
12837 0.0243902
11658 0.0243902
5175 0.0243902
4489 0.0243902
3844 0.0243902
3692 0.0243902
3382 0.0243902
3112 0.0243902
1204 0.0243902
1097 0.0243902
40915 0.0208333
39102 0.0208333
35369 0.0208333
34834 0.0208333
31946 0.0208333
31894 0.0208333
31354 0.0208333
30074 0.0208333
26334 0.0208333
25349 0.0208333
24962 0.0208333
24825 0.0208333
24106 0.0208333
17127 0.0208333
16660 0.0208333
14841 0.0208333
12615 0.0208333
10105 0.0208333
8861 0.0208333
8580 0.0208333
6585 0.0208333
6365 0.0208333
4628 0.0208333
2766 0.0208333
36991 0.0169492
31061 0.0169492
31043 0.0169492
31023 0.0169492
28543 0.0169492
28033 0.0169492
24518 0.0169492
23366 0.0169492
23317 0.0169492
19373 0.0169492
17307 0.0169492
16838 0.0169492
16618 0.0169492
16404 0.0169492
14565 0.0169492
14359 0.0169492
13757 0.0169492
10322 0.0169492
8538 0.0169492
7586 0.0169492
7024 0.0169492
6427 0.0169492
6027 0.0169492
2712 0.0169492
1628 0.0169492
38562 0.0163934
37647 0.0163934
32975 0.0163934
29554 0.0163934
29326 0.0163934
28158 0.0163934
26088 0.0163934
26083 0.0163934
25352 0.0163934
24756 0.0163934
24731 0.0163934
21724 0.0163934
21453 0.0163934
19583 0.0163934
19012 0.0163934
17114 0.0163934
15829 0.0163934
13007 0.0163934
11615 0.0163934
10402 0.0163934
7942 0.0163934
4970 0.0163934
4794 0.0163934
1427 0.0163934
39975 0.0149254
38625 0.0149254
37254 0.0149254
36622 0.0149254
34673 0.0149254
34168 0.0149254
32789 0.0149254
32760 0.0149254
32509 0.0149254
32277 0.0149254
30023 0.0149254
28974 0.0149254
27646 0.0149254
27585 0.0149254
26765 0.0149254
26675 0.0149254
24125 0.0149254
22854 0.0149254
20870 0.0149254
20008 0.0149254
19758 0.0149254
16835 0.0149254
14692 0.0149254
14544 0.0149254
13643 0.0149254
10523 0.0149254
9704 0.0149254
8156 0.0149254
7729 0.0149254
6768 0.0149254
6378 0.0149254
6347 0.0149254
5100 0.0149254
2488 0.0149254
40706 0.0125
39048 0.0125
36211 0.0125
33327 0.0125
33069 0.0125
30972 0.0125
28305 0.0125
27401 0.0125
25652 0.0125
24382 0.0125
24213 0.0125
21345 0.0125
20947 0.0125
20489 0.0125
20229 0.0125
19099 0.0125
18274 0.0125
18209 0.0125
17075 0.0125
16182 0.0125
13731 0.0125
12518 0.0125
11108 0.0125
10731 0.0125
8867 0.0125
8521 0.0125
8036 0.0125
5933 0.0125
5663 0.0125
5153 0.0125
4405 0.0125
3494 0.0125
1646 0.0125
1027 0.0125
186 0.0125
57 0.0125
40869 0.0120482
39454 0.0120482
38793 0.0120482
37619 0.0120482
37221 0.0120482
36811 0.0120482
36740 0.0120482
36045 0.0120482
33390 0.0120482
33333 0.0120482
33062 0.0120482
31921 0.0120482
31411 0.0120482
30829 0.0120482
29154 0.0120482
28508 0.0120482
28123 0.0120482
27713 0.0120482
27679 0.0120482
26892 0.0120482
26307 0.0120482
25118 0.0120482
24556 0.0120482
23877 0.0120482
23498 0.0120482
18937 0.0120482
