35369 2.98772
31887 2.97295
14166 2.97295
9862 2.94757
35691 2.47474
33362 2.3724
36963 2.36766
39102 2.11892
2295 2.00598
24106 1.91266
37372 1.82349
32494 1.68958
37682 1.67864
12054 1.63604
13482 1.50231
32661 1.45664
24825 1.41659
21141 1.3179
20204 1.3179
17525 1.3179
16043 1.3179
8861 1.3179
7092 1.21601
27745 1.1751
18650 1.16373
31894 1.08171
23555 1.03481
9386 1.02197
4417 1.02197
23609 0.911422
36473 0.859384
2483 0.859384
26087 0.855629
17175 0.855629
9540 0.855629
4922 0.855629
19032 0.843813
31301 0.830057
18932 0.827944
40926 0.759983
6262 0.755592
40752 0.723921
21233 0.648752
32383 0.642445
6136 0.634271
12817 0.614713
37184 0.596736
17770 0.596736
11782 0.5692
37284 0.565013
34193 0.564537
25998 0.560094
33403 0.553231
28455 0.55049
23906 0.545455
15045 0.50667
35176 0.50525
1068 0.498745
15600 0.495785
29103 0.495105
3431 0.49161
11054 0.481785
283 0.480525
7732 0.469952
8027 0.45202
21393 0.415909
35392 0.415799
24915 0.411658
10360 0.411411
17475 0.391926
13043 0.37659
33317 0.368549
23570 0.363098
19106 0.361359
24414 0.359147
1642 0.359147
37128 0.332109
36157 0.324167
23843 0.316399
4587 0.309091
20202 0.305195
15195 0.299365
9700 0.299303
10751 0.288184
40137 0.26838
35835 0.266667
14324 0.264755
33217 0.252994
16034 0.247354
11479 0.246825
24054 0.242457
4724 0.23079
35309 0.219869
11288 0.219869
23746 0.217285
21630 0.213321
35124 0.210648
8239 0.210648
34349 0.207662
40677 0.205556
987 0.190476
17407 0.185742
14442 0.185742
28115 0.182079
40582 0.174711
33415 0.169971
33185 0.169691
27963 0.169691
17715 0.169691
22594 0.169208
9665 0.16251
54 0.161645
11392 0.159352
1978 0.159352
39896 0.159276
4129 0.152583
19650 0.150858
36878 0.147423
35968 0.142857
715 0.142857
1535 0.141865
3357 0.131111
40191 0.127272
4614 0.125
14379 0.124662
1555 0.12435
27472 0.113742
15821 0.111111
32330 0.11037
35273 0.106917
16964 0.106917
1515 0.106917
4138 0.10348
2238 0.103071
24028 0.102548
20350 0.102548
20106 0.102548
17368 0.102548
10361 0.102548
8465 0.102548
1975 0.102548
35163 0.1
33360 0.0979798
14819 0.0979798
5693 0.0979798
34801 0.0965245
28270 0.0942548
40883 0.0909091
27766 0.0909091
23431 0.0909091
20477 0.0909091
3406 0.0909091
11743 0.0892951
31345 0.088968
7786 0.088968
27514 0.0841645
10923 0.0841645
2840 0.0841645
363 0.0841645
13846 0.0761905
18777 0.0757937
39689 0.0756368
17208 0.072764
23982 0.0726817
32721 0.072128
6156 0.0719888
2195 0.0719888
26437 0.0714286
4713 0.0714286
147 0.0700337
22785 0.0693483
14726 0.0693483
37924 0.0666667
29546 0.0666667
3936 0.0666667
7414 0.0625
24048 0.0605742
35385 0.0588235
33963 0.0588235
32558 0.0588235
13895 0.0588235
10761 0.0588235
7183 0.0588235
26870 0.0555742
31354 0.0555556
30212 0.0555556
29042 0.0555556
23724 0.0555556
18058 0.0555556
16203 0.0555556
12128 0.0555556
6644 0.0555556
3466 0.0555556
34605 0.0552832
4988 0.0532023
2962 0.0532023
38830 0.0526316
21531 0.0526316
16288 0.0526316
14504 0.0526316
13434 0.0526316
11177 0.0526316
8922 0.0526316
2222 0.0526316
29143 0.0520468
9799 0.0501705
18328 0.0499254
37237 0.047619
35462 0.047619
34781 0.047619
31080 0.047619
18816 0.047619
7901 0.047619
4847 0.047619
32229 0.0467593
10273 0.046629
40473 0.0454545
39704 0.0454545
36755 0.0454545
35865 0.0454545
28702 0.0454545
26700 0.0454545
19853 0.0454545
19841 0.0454545
8742 0.0454545
4349 0.0454545
585 0.0437905
39768 0.0434783
34120 0.0434783
33069 0.0434783
22056 0.0434783
18274 0.0434783
13432 0.0434783
13265 0.0434783
10737 0.0434783
5517 0.0434783
186 0.0434783
52 0.0434783
14886 0.0428253
2263 0.0428253
36351 0.037037
15910 0.037037
11977 0.037037
39952 0.0357143
13254 0.0357143
12584 0.0357143
3410 0.0357143
24542 0.0344828
4346 0.0344828
36184 0.0333333
26179 0.0333333
23485 0.0333333
11172 0.0333333
8822 0.0333333
8277 0.0333333
738 0.0333333
39970 0.0322581
16843 0.0322581
13564 0.0322581
37556 0.03125
39695 0.0301425
39235 0.0301425
37935 0.0301425
34311 0.0301425
34167 0.0301425
31509 0.0301425
30670 0.0301425
27025 0.0301425
23696 0.0301425
22879 0.0301425
21911 0.0301425
20273 0.0301425
18798 0.0301425
17202 0.0301425
16576 0.0301425
9561 0.0301425
8068 0.0301425
6255 0.0301425
2647 0.0301425
40180 0.0294118
11781 0.0294118
2592 0.0283769
28431 0.025
25921 0.0238095
15615 0.0238095
8672 0.0238095
1351 0.0238095
29806 0.0222222
24759 0.0222222
23895 0.0222222
25605 0.0217391
23733 0.0217391
16741 0.0217391
12565 0.0217391
20167 0.0208333
29162 0.0204082
39301 0.02
30689 0.02
23357 0.02
17936 0.02
12721 0.02
9316 0.02
9194 0.02
34478 0.0188679
34626 0.0181818
33986 0.0181818
22764 0.0181818
22242 0.0181818
18938 0.0181818
18409 0.0181818
7373 0.0181818
7228 0.0181818
40795 0.0166667
28247 0.0166667
22205 0.0166667
17972 0.0166667
12404 0.0166667
11255 0.0166667
10950 0.0166667
412 0.0166667
33078 0.0136986
27886 0.0136986
10073 0.0136986
3447 0.0136986
39406 0.0131579
37628 0.0131579
37010 0.0131579
35848 0.0131579
29432 0.0131579
27194 0.0131579
21496 0.0131579
19834 0.0131579
18503 0.0131579
13478 0.0131579
8637 0.0131579
8438 0.0131579
8286 0.0131579
6701 0.0131579
4804 0.0131579
746 0.0131579
301 0.0131579
26604 0.0117647
22427 0.0117647
22345 0.0117647
21446 0.0117647
15283 0.0117647
3472 0.0117647
40429 0.00925926
38704 0.00925926
36636 0.00925926
36474 0.00925926
36209 0.00925926
35925 0.00925926
35336 0.00925926
35287 0.00925926
35045 0.00925926
34916 0.00925926
33342 0.00925926
32589 0.00925926
30054 0.00925926
29913 0.00925926
26795 0.00925926
26148 0.00925926
26097 0.00925926
25865 0.00925926
25587 0.00925926
25552 0.00925926
25534 0.00925926
25525 0.00925926
23447 0.00925926
22567 0.00925926
21810 0.00925926
21629 0.00925926
21320 0.00925926
20706 0.00925926
19566 0.00925926
19402 0.00925926
19141 0.00925926
18946 0.00925926
16010 0.00925926
15236 0.00925926
13543 0.00925926
13157 0.00925926
12800 0.00925926
12544 0.00925926
10006 0.00925926
8962 0.00925926
8261 0.00925926
7358 0.00925926
6983 0.00925926
5011 0.00925926
4218 0.00925926
38417 0.00909091
38316 0.00909091
38209 0.00909091
35565 0.00909091
35188 0.00909091
32732 0.00909091
28883 0.00909091
27945 0.00909091
25804 0.00909091
24812 0.00909091
23380 0.00909091
22061 0.00909091
19147 0.00909091
17687 0.00909091
15599 0.00909091
15400 0.00909091
14331 0.00909091
13624 0.00909091
13200 0.00909091
12209 0.00909091
10527 0.00909091
9035 0.00909091
5969 0.00909091
3308 0.00909091
39242 0.00735294
39086 0.00735294
37805 0.00735294
37313 0.00735294
36757 0.00735294
36663 0.00735294
36168 0.00735294
36033 0.00735294
34433 0.00735294
33137 0.00735294
32628 0.00735294
30480 0.00735294
29254 0.00735294
26892 0.00735294
26226 0.00735294
25750 0.00735294
25287 0.00735294
24464 0.00735294
22674 0.00735294
22624 0.00735294
16601 0.00735294
16517 0.00735294
16425 0.00735294
15764 0.00735294
15453 0.00735294
14645 0.00735294
13763 0.00735294
13735 0.00735294
13708 0.00735294
13672 0.00735294
13028 0.00735294
12075 0.00735294
11086 0.00735294
10686 0.00735294
10072 0.00735294
9773 0.00735294
8708 0.00735294
8052 0.00735294
7691 0.00735294
7392 0.00735294
5257 0.00735294
5198 0.00735294
5151 0.00735294
5100 0.00735294
4576 0.00735294
4290 0.00735294
3740 0.00735294
3379 0.00735294
2729 0.00735294
2283 0.00735294
1456 0.00735294
1017 0.00735294
939 0.00735294
836 0.00735294
40980 0
40979 0
40978 0
40977 0
40976 0
40975 0
40974 0
40973 0
40972 0
40971 0
40970 0
40969 0
40968 0
40967 0
40966 0
40965 0
40964 0
40963 0
40962 0
40961 0
40960 0
40959 0
40958 0
40957 0
40956 0
40955 0
40954 0
40953 0
40952 0
40951 0
