27514 13.3009
31301 7.86811
7708 7.2017
186 5.02601
17634 5.00791
13432 4.33273
5693 4.11746
37176 3.5206
22228 3.43413
26401 3.36157
6096 3.11123
15237 2.69923
26750 2.3314
10923 2.27684
7691 2.1849
52 1.89787
10073 1.73684
37711 1.67319
26395 1.66634
3567 1.32197
363 1.29654
6002 1.26141
34825 1.2123
8672 1.21051
4405 1.20876
12243 1.15837
18274 1.06793
16853 1.04327
10737 1.03368
39393 1.02143
15523 1.00823
17075 0.988664
8723 0.98125
10731 0.943381
29741 0.938675
10980 0.934744
22890 0.913095
1210 0.899896
8446 0.874206
9028 0.847917
5890 0.834387
2815 0.834387
37759 0.805356
29997 0.784385
28686 0.771732
24819 0.757159
13410 0.714286
32885 0.707741
2249 0.687155
17406 0.682401
33189 0.67334
15603 0.661097
36418 0.654762
10057 0.647712
23154 0.624322
20229 0.624322
8867 0.624322
5663 0.624322
5153 0.624322
3245 0.623389
40661 0.591866
22215 0.573389
13907 0.559524
33347 0.558454
9193 0.551929
18890 0.53584
20966 0.527778
2885 0.52619
3930 0.516667
23696 0.490987
23877 0.486457
8508 0.483008
36903 0.482143
34495 0.472879
18730 0.456589
33078 0.452296
1480 0.447917
21670 0.446535
6644 0.445168
24382 0.441045
20489 0.441045
28380 0.434031
23498 0.433333
23193 0.425321
36406 0.416667
31451 0.407367
25750 0.406415
15829 0.396429
10844 0.392009
3591 0.383776
3434 0.379778
16791 0.376717
27434 0.369821
23452 0.354762
4789 0.35119
40205 0.35
24756 0.341131
24125 0.334483
40544 0.333333
38867 0.333333
17460 0.333333
37087 0.33285
13079 0.33285
33490 0.330128
4408 0.309454
8822 0.306589
21097 0.306487
29629 0.305978
24493 0.305978
9379 0.278571
7024 0.277949
32456 0.271645
18192 0.264607
11582 0.261447
21911 0.252027
1975 0.251044
38506 0.25
36523 0.25
32660 0.25
24825 0.25
20174 0.25
19032 0.25
17822 0.25
18567 0.247876
36128 0.245536
39048 0.243627
6504 0.237542
5667 0.2375
30060 0.232861
2131 0.226316
33043 0.225698
6767 0.225698
25725 0.217563
24013 0.217393
20468 0.211662
11630 0.209821
6173 0.207576
17177 0.205654
3839 0.202674
34274 0.2
33712 0.2
27759 0.2
8608 0.2
3575 0.2
23551 0.194303
9487 0.194303
19243 0.192982
3075 0.192102
18328 0.190625
39454 0.189922
9362 0.189922
5691 0.189922
36032 0.188508
9831 0.188508
26789 0.180823
25445 0.180823
31986 0.180356
3363 0.17334
38316 0.166667
36895 0.166667
34649 0.166667
33944 0.166667
30668 0.166667
19047 0.166667
18754 0.166667
15400 0.166667
12197 0.166667
10277 0.166667
8246 0.166667
6856 0.166667
6454 0.166667
5151 0.166667
38714 0.166171
16685 0.166171
5010 0.166171
40609 0.1654
31130 0.163244
18529 0.163244
17999 0.162037
16710 0.159497
6823 0.159497
3600 0.159497
29746 0.157563
28722 0.152989
13323 0.152989
40829 0.150101
3025 0.147639
11615 0.146739
8186 0.146739
33092 0.146221
39319 0.142857
38692 0.142857
38397 0.142857
35734 0.142857
35602 0.142857
33992 0.142857
32763 0.142857
28245 0.142857
17567 0.142857
8027 0.142857
38684 0.142017
2775 0.141037
26159 0.134473
17854 0.133987
2455 0.133987
33185 0.131194
24414 0.131194
17715 0.131194
9561 0.131194
30972 0.130496
13633 0.129585
11075 0.128124
15352 0.127692
39032 0.125
34242 0.125
31735 0.125
27366 0.125
26054 0.125
14390 0.125
14226 0.125
11462 0.125
3311 0.125
2867 0.125
3936 0.119622
40704 0.117081
36746 0.117081
33679 0.116342
33574 0.116342
32662 0.114813
32904 0.114662
26555 0.114662
12346 0.114662
30611 0.11359
39994 0.111111
38498 0.111111
36414 0.111111
34908 0.111111
33628 0.111111
29709 0.111111
28123 0.111111
26160 0.111111
25722 0.111111
19396 0.111111
19332 0.111111
17515 0.111111
16926 0.111111
15300 0.111111
14201 0.111111
14155 0.111111
12431 0.111111
10901 0.111111
9744 0.111111
5433 0.111111
3100 0.111111
99 0.111111
36554 0.111097
39743 0.108753
31041 0.108753
13646 0.104682
12812 0.104682
10602 0.104682
36292 0.102457
29360 0.102457
22054 0.102457
20670 0.100698
39940 0.1
37637 0.1
32760 0.1
29752 0.1
26400 0.1
25349 0.1
16660 0.1
15149 0.1
13845 0.1
12313 0.1
6693 0.1
4406 0.1
1427 0.1
707 0.1
492 0.1
26088 0.0974264
36623 0.0962461
21983 0.0962461
40869 0.0962212
15637 0.0962212
919 0.0962212
18284 0.0909091
4822 0.0909091
22533 0.0904774
15812 0.0902711
27401 0.0838191
3494 0.0838191
27425 0.0837762
24213 0.0833749
40969 0.0833333
40883 0.0833333
37842 0.0833333
35851 0.0833333
32647 0.0833333
32359 0.0833333
25944 0.0833333
20782 0.0833333
19898 0.0833333
16712 0.0833333
15095 0.0833333
9667 0.0833333
8011 0.0833333
3172 0.0833333
1683 0.0833333
22594 0.0830053
35472 0.0799023
5933 0.0799023
2204 0.0799023
37998 0.0780977
27951 0.0780977
19529 0.0780977
38725 0.0769231
36849 0.0769231
34360 0.0769231
32500 0.0769231
32366 0.0769231
25416 0.0769231
19957 0.0769231
14224 0.0769231
7452 0.0769231
4747 0.0769231
9776 0.0757409
40811 0.075162
33331 0.075162
6309 0.075162
40071 0.0740358
36051 0.0740358
39695 0.0737037
26428 0.0737037
57 0.0732832
10118 0.0715643
4538 0.0715643
38793 0.0714286
34673 0.0714286
30144 0.0714286
28038 0.0714286
26923 0.0714286
24441 0.0714286
23714 0.0714286
22897 0.0714286
22557 0.0714286
21871 0.0714286
21497 0.0714286
14873 0.0714286
7839 0.0714286
6488 0.0714286
2279 0.0714286
32529 0.0701621
25220 0.0701621
12444 0.0701621
11108 0.0687678
27399 0.0666667
25476 0.0666667
23553 0.0666667
18913 0.0666667
18380 0.0666667
10665 0.0666667
11945 0.0642097
10322 0.0637825
38379 0.0625
37524 0.0625
25490 0.0625
18361 0.0625
4928 0.0625
187 0.0606319
4507 0.0593226
22643 0.0588235
20850 0.0588235
18804 0.0588235
25260 0.0555556
6262 0.0555556
32975 0.0541313
22402 0.0541313
27646 0.0535038
14544 0.0535038
2969 0.0535038
35131 0.0534314
29332 0.0534314
27322 0.0534314
18039 0.0534314
14584 0.0534314
14007 0.0534314
13553 0.0534314
9378 0.0534314
26190 0.0526316
16982 0.0526316
6769 0.0526316
21495 0.0520003
15446 0.0520003
2712 0.0520003
31861 0.0506824
27713 0.0506824
23849 0.0506824
4082 0.0506824
37374 0.05
34123 0.05
28094 0.05
27926 0.05
27799 0.05
25479 0.05
24239 0.05
17312 0.05
14138 0.05
13757 0.05
13654 0.05
10210 0.05
2168 0.05
39843 0.0497095
32593 0.0497095
27939 0.0497095
21736 0.0497095
2241 0.0497095
5373 0.0480024
32277 0.047619
28974 0.047619
26897 0.047619
9704 0.047619
5100 0.047619
39616 0.0472611
33672 0.0472611
28377 0.0472611
28141 0.0472611
20474 0.0472611
12176 0.0472611
33804 0.0454545
26415 0.0454545
13990 0.0454545
9332 0.0454545
34704 0.0438636
35985 0.0434783
22227 0.0434783
9538 0.0434783
40746 0.0416667
40109 0.0416667
39171 0.0416667
38794 0.0416667
38711 0.0416667
38667 0.0416667
37048 0.0416667
34768 0.0416667
31409 0.0416667
30494 0.0416667
30288 0.0416667
26675 0.0416667
25629 0.0416667
19926 0.0416667
18011 0.0416667
16553 0.0416667
12502 0.0416667
4794 0.0416667
4493 0.0416667
2744 0.0416667
808 0.0416667
21345 0.0406907
19589 0.0406907
18209 0.0406907
12518 0.0406907
9846 0.04
39414 0.0384615
39027 0.0384615
35096 0.0384615
34611 0.0384615
34451 0.0384615
28508 0.0384615
25350 0.0384615
22783 0.0384615
22589 0.0384615
16278 0.0384615
14651 0.0384615
13295 0.0384615
11601 0.0384615
10009 0.0384615
38151 0.037037
19839 0.037037
17687 0.037037
16705 0.037037
15769 0.037037
9486 0.037037
40181 0.0364875
38662 0.0364875
22502 0.0364875
14466 0.0364875
14048 0.0364875
38259 0.0357143
30037 0.0357143
26436 0.0357143
21722 0.0357143
15136 0.0357143
2160 0.0357143
37860 0.0344828
27585 0.0344828
24454 0.0344828
20008 0.0344828
18788 0.0344828
17083 0.0344828
