30668 7.98932
20167 3.87534
34251 1.87232
12327 1.86862
39379 1.51534
1975 1.38889
36756 1.27759
12560 1.224
8246 1.1036
4216 1.09454
23943 0.858187
30790 0.783333
32893 0.766624
39558 0.710689
32979 0.702892
24374 0.700433
18524 0.606366
26663 0.585547
15174 0.550684
36282 0.538034
32512 0.527778
22117 0.50956
31301 0.483333
11370 0.477778
35146 0.47619
34678 0.475
30906 0.460623
18813 0.446282
28967 0.398413
19032 0.392857
3813 0.376623
32774 0.371429
33006 0.367827
37246 0.344298
28010 0.333333
16316 0.333333
6461 0.333333
3103 0.329555
16789 0.32619
13891 0.319444
36843 0.312761
3869 0.312761
35526 0.309524
13346 0.285354
37711 0.281746
18328 0.281746
3026 0.271368
39351 0.266667
162 0.266667
30469 0.255495
16269 0.255495
16695 0.249573
32618 0.237734
15057 0.233187
6184 0.232143
19723 0.226623
28260 0.219017
23004 0.217893
31315 0.206294
9779 0.206294
5726 0.206294
29093 0.2
36726 0.189943
29514 0.189943
669 0.189943
40928 0.185354
36815 0.185354
33314 0.185354
9015 0.182002
20590 0.176557
29425 0.171919
28156 0.171919
31001 0.166667
30685 0.166667
20728 0.166667
19415 0.166667
18950 0.166667
9045 0.166667
2417 0.166667
33789 0.162777
2517 0.162777
20294 0.161204
38906 0.142857
34825 0.142857
6262 0.142857
1508 0.142857
39866 0.125
27205 0.125
37848 0.119048
28310 0.119048
22906 0.119048
2057 0.119048
855 0.119048
40912 0.111111
29080 0.111111
865 0.111111
195 0.109718
40653 0.1
37397 0.1
13654 0.1
10361 0.1
8465 0.1
3390 0.1
2484 0.1
29609 0.0909091
22261 0.0909091
8232 0.0909091
26281 0.0833333
25668 0.0833333
16968 0.0833333
652 0.0833333
36433 0.0769231
31255 0.0769231
23088 0.0769231
21034 0.0769231
12828 0.0769231
9521 0.0769231
3993 0.0769231
13574 0.0714286
9539 0.0714286
38742 0.0666667
29294 0.0666667
28857 0.0666667
19464 0.0666667
19378 0.0666667
18492 0.0666667
36997 0.0588235
19492 0.0588235
11232 0.0588235
37635 0.0555556
37445 0.0555556
35045 0.0555556
32202 0.0555556
30054 0.0555556
23548 0.0555556
17721 0.0555556
17155 0.0555556
17115 0.0555556
9586 0.0555556
9442 0.0555556
19153 0.0526316
18680 0.0526316
9034 0.0526316
1423 0.0526316
40444 0.0434783
40394 0.0434783
38465 0.0434783
36731 0.0434783
29367 0.0434783
11934 0.0434783
9499 0.0434783
6236 0.0434783
2442 0.0434783
34988 0.0416667
26029 0.0416667
3237 0.0416667
39800 0.0384615
37009 0.0384615
20524 0.0384615
15293 0.0384615
14989 0.0384615
11575 0.0384615
2022 0.0384615
40494 0.0357143
31218 0.0357143
24900 0.0357143
21577 0.0357143
13716 0.0357143
39872 0.0277778
38982 0.0277778
38196 0.0277778
35092 0.0277778
34145 0.0277778
27357 0.0277778
26370 0.0277778
25461 0.0277778
24453 0.0277778
20136 0.0277778
19742 0.0277778
13359 0.0277778
12145 0.0277778
5694 0.0277778
2410 0.0277778
1401 0.0277778
40980 0
40979 0
40978 0
40977 0
40976 0
40975 0
40974 0
40973 0
40972 0
40971 0
40970 0
40969 0
40968 0
40967 0
40966 0
40965 0
40964 0
40963 0
40962 0
40961 0
40960 0
40959 0
40958 0
40957 0
40956 0
40955 0
40954 0
40953 0
40952 0
40951 0
40950 0
40949 0
40948 0
40947 0
40946 0
40945 0
40944 0
40943 0
40942 0
40941 0
40940 0
40939 0
40938 0
40937 0
40936 0
40935 0
40934 0
40933 0
40932 0
40931 0
40930 0
40929 0
40927 0
40926 0
40925 0
40924 0
40923 0
40922 0
40921 0
40920 0
40919 0
40918 0
40917 0
40916 0
40915 0
40914 0
40913 0
40911 0
40910 0
40909 0
40908 0
40907 0
40906 0
40905 0
40904 0
40903 0
40902 0
40901 0
40900 0
40899 0
40898 0
40897 0
40896 0
40895 0
40894 0
40893 0
40892 0
40891 0
40890 0
40889 0
40888 0
40887 0
40886 0
40885 0
40884 0
40883 0
40882 0
40881 0
40880 0
40879 0
40878 0
40877 0
40876 0
40875 0
40874 0
40873 0
40872 0
40871 0
40870 0
40869 0
40868 0
40867 0
40866 0
40865 0
40864 0
40863 0
40862 0
40861 0
40860 0
40859 0
40858 0
40857 0
40856 0
40855 0
40854 0
40853 0
40852 0
40851 0
40850 0
40849 0
40848 0
40847 0
40846 0
40845 0
40844 0
40843 0
40842 0
40841 0
40840 0
40839 0
40838 0
40837 0
40836 0
40835 0
40834 0
40833 0
40832 0
40831 0
40830 0
40829 0
40828 0
40827 0
40826 0
40825 0
40824 0
40823 0
40822 0
40821 0
40820 0
40819 0
40818 0
40817 0
40816 0
40815 0
40814 0
40813 0
40812 0
40811 0
40810 0
40809 0
40808 0
40807 0
40806 0
40805 0
40804 0
40803 0
40802 0
40801 0
40800 0
40799 0
40798 0
40797 0
40796 0
40795 0
40794 0
40793 0
40792 0
40791 0
40790 0
40789 0
40788 0
40787 0
40786 0
40785 0
40784 0
40783 0
40782 0
40781 0
40780 0
40779 0
40778 0
40777 0
40776 0
40775 0
40774 0
40773 0
40772 0
40771 0
40770 0
40769 0
40768 0
40767 0
40766 0
40765 0
40764 0
40763 0
40762 0
40761 0
40760 0
40759 0
40758 0
40757 0
40756 0
40755 0
40754 0
40753 0
40752 0
40751 0
40750 0
40749 0
40748 0
40747 0
40746 0
40745 0
40744 0
40743 0
40742 0
40741 0
40740 0
40739 0
40738 0
40737 0
40736 0
40735 0
40734 0
40733 0
40732 0
40731 0
40730 0
40729 0
40728 0
40727 0
40726 0
40725 0
40724 0
40723 0
40722 0
40721 0
40720 0
40719 0
40718 0
40717 0
40716 0
40715 0
40714 0
40713 0
40712 0
40711 0
40710 0
40709 0
40708 0
40707 0
40706 0
40705 0
40704 0
40703 0
40702 0
40701 0
40700 0
40699 0
40698 0
40697 0
40696 0
40695 0
40694 0
40693 0
40692 0
40691 0
40690 0
40689 0
40688 0
40687 0
40686 0
40685 0
40684 0
40683 0
40682 0
40681 0
40680 0
40679 0
40678 0
40677 0
40676 0
40675 0
40674 0
40673 0
40672 0
40671 0
40670 0
40669 0
40668 0
40667 0
40666 0
40665 0
40664 0
40663 0
