31301 38.0405
29997 8.9653
26750 8.83145
14544 6.40002
52 5.52429
15637 5.49815
40829 5.46908
10737 5.37953
7708 5.10425
27514 4.81008
36032 3.51008
21983 3.38535
26088 3.33798
17634 3.29801
12709 3.24157
2241 3.22442
919 3.20494
22228 3.0692
363 2.99572
13410 2.78702
13646 2.62581
14007 2.58217
3600 2.53976
29962 2.42381
18328 2.3885
13334 2.15297
11630 2.14185
6815 2.13264
21097 2.12033
7691 2.11989
26892 2.04891
20169 2.02465
15320 1.99332
17352 1.93963
8672 1.88716
20886 1.73556
33189 1.69999
24237 1.64079
3648 1.62378
26401 1.59494
29331 1.59387
27951 1.58167
3382 1.56591
25750 1.54534
33078 1.49171
3445 1.48807
13029 1.48491
16710 1.45456
24819 1.40051
27434 1.39939
32885 1.36176
4405 1.35125
30320 1.31594
35048 1.26512
16791 1.22394
36051 1.19406
31986 1.17006
23695 1.16278
8446 1.13471
22402 1.12801
19041 1.12437
13795 1.10126
34773 1.07523
13540 1.06653
34673 1.04608
22594 1.03529
40661 1.02539
15352 1.0178
36746 1.01267
4084 1.00133
24335 0.959422
22227 0.953327
24780 0.94961
606 0.944895
34495 0.942918
24756 0.942887
22435 0.932063
19032 0.9316
28917 0.905644
10602 0.897721
30683 0.880627
27799 0.868413
30760 0.866446
23193 0.864565
5373 0.863879
25445 0.857234
6633 0.855099
39374 0.853777
37940 0.832322
40017 0.828211
8263 0.815756
8027 0.806187
21113 0.806139
18039 0.753806
39515 0.742972
2249 0.741225
3245 0.738562
5693 0.736094
10131 0.735876
13079 0.735837
20966 0.720285
14732 0.716667
28480 0.705409
40869 0.695701
19589 0.680194
3434 0.679083
28305 0.674333
3363 0.666833
16418 0.654857
24189 0.654288
6823 0.651308
12009 0.631428
19199 0.621142
27021 0.61999
29683 0.618053
987 0.615245
33118 0.603308
14603 0.601388
33068 0.600273
29360 0.593338
27886 0.592391
33331 0.592057
2838 0.591809
6644 0.588517
18691 0.588192
23014 0.582652
13541 0.565571
23059 0.55357
30462 0.548747
32975 0.54752
3936 0.542857
6504 0.540727
11859 0.525992
36467 0.520833
5691 0.519474
15136 0.503538
39256 0.500714
11803 0.499751
29301 0.499646
3494 0.488814
37176 0.481179
18754 0.479732
34310 0.469444
5175 0.468628
29651 0.458938
39565 0.458333
13797 0.455978
20167 0.453968
29746 0.453899
11108 0.445184
12510 0.443478
2633 0.436489
26159 0.434732
18056 0.43221
30985 0.428889
10980 0.428058
205 0.425513
40912 0.424282
11615 0.423759
36953 0.412586
26923 0.412566
18937 0.411873
24886 0.40843
24803 0.405556
34973 0.401111
31061 0.399418
31409 0.395363
25652 0.395068
2958 0.391423
38377 0.388748
2204 0.387067
23283 0.386842
3928 0.386842
2659 0.386496
14466 0.38532
5920 0.385005
31888 0.382764
36623 0.382617
37508 0.382576
3418 0.380193
12532 0.377826
3158 0.377778
28444 0.373588
6414 0.370945
36996 0.369116
17086 0.368478
10472 0.366983
1427 0.366291
5205 0.364986
2712 0.361439
23452 0.357268
37396 0.356851
27401 0.355596
18616 0.355573
19258 0.355431
12176 0.350068
32529 0.346992
16018 0.345848
20075 0.345603
33708 0.345558
39393 0.343034
3880 0.336835
38050 0.333333
15237 0.333333
12384 0.333333
10811 0.333333
29032 0.326241
24986 0.324805
16823 0.323084
37797 0.322718
22606 0.321308
7534 0.320976
20418 0.320631
6856 0.319851
4747 0.319048
32806 0.318189
32760 0.315018
21670 0.314063
29629 0.312834
37218 0.3115
15314 0.310145
38289 0.309644
9378 0.307705
30335 0.3066
4851 0.304248
23655 0.302745
18770 0.302413
19972 0.302381
24013 0.300287
37103 0.29988
40573 0.299088
29332 0.298833
25083 0.298611
11937 0.298504
18529 0.291897
31197 0.291336
6258 0.289661
29443 0.289129
14510 0.287879
3567 0.286315
26395 0.285547
11171 0.285113
186 0.281203
11885 0.280407
827 0.280375
34355 0.27961
20458 0.279029
24475 0.276789
40968 0.275909
32828 0.27532
29286 0.27532
34825 0.27512
32939 0.273458
30948 0.273289
13907 0.272367
9718 0.271501
27646 0.268838
16853 0.264266
37998 0.263325
31561 0.259463
21622 0.259463
40706 0.259375
33069 0.259375
7894 0.256944
16895 0.256452
3856 0.25617
39711 0.252977
40093 0.252632
19203 0.251977
4943 0.251794
38692 0.25
37866 0.25
35917 0.25
35032 0.25
30668 0.25
18198 0.25
12217 0.25
6262 0.25
9487 0.24802
18961 0.246851
40022 0.246267
30043 0.245197
16216 0.24504
10073 0.24409
27892 0.241972
9621 0.241702
4646 0.240663
2160 0.238302
10423 0.236694
28380 0.235707
3906 0.235052
20634 0.234286
7928 0.23405
31859 0.23358
9068 0.233151
18332 0.232822
25832 0.23171
11958 0.231481
30611 0.231368
23189 0.228571
39019 0.226937
30037 0.226393
22054 0.225968
20546 0.223759
26555 0.222989
10009 0.221182
2191 0.220861
31735 0.220281
12331 0.220239
17599 0.219885
14307 0.218254
11443 0.218254
8508 0.217554
12659 0.217175
13845 0.216745
4679 0.215148
40479 0.212599
39669 0.212599
16622 0.208796
3321 0.206248
29087 0.204835
16915 0.204835
24270 0.204193
27834 0.203156
40381 0.20288
12243 0.200749
35902 0.2
27209 0.2
26789 0.2
26307 0.2
26260 0.2
24225 0.2
20585 0.2
19687 0.2
15506 0.2
8607 0.2
7522 0.2
22526 0.199003
16890 0.197989
32462 0.195238
21345 0.194753
13935 0.19333
11017 0.193176
25220 0.192752
14565 0.191269
2701 0.191017
34936 0.189546
37637 0.188155
27139 0.187698
21022 0.186667
13332 0.186667
1895 0.185607
39577 0.183862
34357 0.182023
19207 0.180556
37759 0.180476
4507 0.179353
32680 0.178889
19105 0.178373
5703 0.178094
26083 0.17769
5130 0.176109
6096 0.175806
39495 0.174496
2640 0.174162
8238 0.174065
9598 0.173611
18274 0.172389
29977 0.170036
18192 0.169723
12063 0.168917
36045 0.168651
14511 0.167916
8186 0.167465
39861 0.166667
34274 0.166667
29663 0.166667
24125 0.166667
22644 0.166667
21675 0.166667
13477 0.166667
7667 0.166667
5620 0.166667
8076 0.165445
4691 0.165202
10322 0.165024
3297 0.16366
38662 0.162546
14677 0.162343
2854 0.162343
8163 0.161988
33651 0.161685
9831 0.16164
15446 0.161543
1219 0.159483
7086 0.15812
28245 0.157763
17515 0.155382
6693 0.155296
18934 0.153131
33574 0.152916
11647 0.152661
36895 0.152493
35472 0.152007
21961 0.151377
12812 0.151051
39499 0.149951
31921 0.148718
2867 0.148061
4432 0.146825
13432 0.146741
22583 0.146592
35985 0.14596
20474 0.145785
34611 0.14459
6454 0.143585
33712 0.142857
27929 0.142857
24174 0.142857
15603 0.142857
8019 0.142857
2560 0.142857
10730 0.142544
36523 0.142326
16056 0.141923
36567 0.141693
32662 0.140659
35361 0.14
20407 0.136869
34754 0.135789
18209 0.135486
25811 0.13446
18044 0.13446
26400 0.13429
22890 0.13429
14048 0.13424
28441 0.133091
13295 0.132692
13757 0.132026
24979 0.131944
22663 0.131824
9946 0.130822
9077 0.130593
40351 0.127859
8839 0.127788
26978 0.126722
27627 0.126714
25399 0.126679
26922 0.126516
1880 0.12627
2775 0.125992
27192 0.125518
36211 0.125312
777 0.125198
37605 0.125
31796 0.125
24825 0.125
22557 0.125
19747 0.125
18950 0.125
18729 0.125
15116 0.125
13654 0.125
11740 0.125
3323 0.125
2885 0.125
27915 0.124602
23306 0.124602
11942 0.124385
2988 0.123762
11506 0.123578
7307 0.123214
6002 0.123118
16404 0.122899
4552 0.121883
40078 0.121818
39163 0.121585
22514 0.121437
6173 0.118098
17833 0.11779
99 0.11779
10057 0.117652
22533 0.117563
39191 0.117203
2943 0.117203
11968 0.116917
10844 0.115919
23317 0.115856
28812 0.115772
8870 0.115753
9362 0.115086
39601 0.11481
23366 0.114377
14377 0.114377
37987 0.113732
34908 0.113732
19786 0.11327
12444 0.11293
979 0.112923
4970 0.111775
