27799 5.38688
9196 3.87403
13654 2.53459
13916 1.38651
5103 1.35613
23843 0.924984
17033 0.898268
3852 0.896072
4189 0.860855
10696 0.812547
27208 0.787334
13507 0.771146
37546 0.726874
8969 0.724174
35734 0.710418
432 0.686804
12104 0.635139
26181 0.626623
27486 0.613949
21323 0.58571
13658 0.549767
40890 0.53199
22368 0.513929
30417 0.504516
30425 0.491416
2786 0.491416
18753 0.483626
39183 0.458333
8412 0.411095
29140 0.39985
24678 0.398949
16504 0.382588
18138 0.372405
38049 0.351493
27863 0.351261
21186 0.344877
37958 0.341227
34543 0.333333
39671 0.32987
22530 0.309131
23724 0.308187
828 0.283766
8035 0.274346
16298 0.265786
3124 0.253472
1849 0.251681
6172 0.25
18683 0.241103
27466 0.234694
18328 0.231788
11810 0.231203
17318 0.231056
10210 0.228314
15873 0.221512
32337 0.214969
33997 0.21489
33633 0.21489
14138 0.213612
6592 0.213612
15665 0.20887
556 0.20887
3002 0.207792
35028 0.206568
18802 0.206568
3541 0.202933
32437 0.2
30216 0.2
11147 0.2
7158 0.193694
13669 0.192457
6041 0.191964
37924 0.190054
32536 0.178395
26095 0.178395
35766 0.175357
26546 0.166667
7245 0.166667
35185 0.162801
21978 0.162801
28110 0.15974
40389 0.156385
37142 0.156385
12522 0.149186
31090 0.146429
40868 0.142857
25777 0.142857
22594 0.142857
21703 0.142857
20763 0.142857
18437 0.142857
12890 0.142857
10253 0.142857
9503 0.142857
7118 0.142857
32043 0.133833
24137 0.131501
22088 0.131501
28387 0.125
25826 0.125
39574 0.12465
25049 0.12465
23251 0.12465
40525 0.122405
7802 0.118306
35317 0.118074
34439 0.115036
7746 0.112155
31938 0.111111
30275 0.111111
28802 0.111111
29796 0.10251
25079 0.10251
32620 0.0989268
26832 0.0989268
6083 0.0989268
416 0.0968876
36796 0.0950542
2484 0.0950542
40342 0.0909216
21346 0.0909216
8992 0.0909216
6099 0.0909216
5850 0.0909216
34385 0.0909091
33154 0.0909091
28094 0.0909091
28008 0.0909091
25385 0.0909091
21271 0.0909091
20928 0.0909091
8135 0.0909091
34 0.0909091
33569 0.0908627
37305 0.0901826
18963 0.0901826
21861 0.0869075
17312 0.0869075
32324 0.0857184
34433 0.0769231
15416 0.0769231
7921 0.0769231
2840 0.0769231
1390 0.0769231
26084 0.075543
21830 0.075543
14768 0.075543
5719 0.075543
2462 0.075543
36313 0.0714286
32572 0.0714286
12952 0.0714286
25076 0.0666667
19511 0.0666667
8672 0.0666667
38583 0.0619088
37502 0.0619088
36952 0.0619088
35346 0.0619088
33256 0.0619088
32607 0.0619088
25659 0.0619088
24400 0.0619088
17492 0.0619088
16058 0.0619088
12935 0.0619088
11909 0.0619088
11488 0.0619088
2749 0.0619088
40937 0.0588235
39049 0.0555556
39010 0.0555556
36647 0.0555556
34333 0.0555556
29731 0.0555556
29401 0.0555556
18480 0.0555556
17368 0.0555556
2027 0.0555556
25651 0.0540715
40252 0.0526316
40141 0.0526316
39661 0.0526316
38659 0.0526316
37102 0.0526316
32188 0.0526316
30635 0.0526316
30234 0.0526316
26393 0.0526316
16284 0.0526316
11804 0.0526316
11304 0.0526316
10706 0.0526316
8208 0.0526316
6707 0.0526316
5313 0.0526316
3356 0.0526316
2638 0.0526316
785 0.0526316
29586 0.05
27740 0.05
24596 0.05
24505 0.05
21601 0.05
19803 0.05
19313 0.05
18842 0.05
15012 0.05
13513 0.05
7852 0.05
6857 0.05
6807 0.05
4444 0.05
2168 0.05
39951 0.047619
39567 0.047619
38762 0.047619
28088 0.047619
25765 0.047619
24790 0.047619
18248 0.047619
12978 0.047619
9001 0.047619
8769 0.047619
6179 0.047619
4994 0.047619
4112 0.047619
3018 0.047619
2837 0.047619
1003 0.047619
37077 0.0464882
36400 0.0464882
31947 0.0464882
31582 0.0464882
29901 0.0464882
28749 0.0464882
18208 0.0464882
12569 0.0464882
5824 0.0464882
40204 0.0454545
38414 0.0454545
36528 0.0454545
13126 0.0454545
9199 0.0454545
8224 0.0454545
3821 0.0454545
3030 0.0454545
31564 0.0357143
30693 0.0357143
23056 0.0357143
16755 0.0357143
16236 0.0357143
15669 0.0357143
9319 0.0357143
8137 0.0357143
36268 0.0344828
28640 0.0344828
26016 0.0344828
35099 0.03125
34561 0.03125
33028 0.03125
31228 0.03125
30636 0.03125
29640 0.03125
29626 0.03125
27388 0.03125
23354 0.03125
18835 0.03125
16723 0.03125
12541 0.03125
10042 0.03125
6033 0.03125
3713 0.03125
2154 0.03125
36385 0.0294118
35014 0.0294118
29749 0.0294118
24846 0.0294118
19538 0.0294118
19269 0.0294118
18173 0.0294118
16204 0.0294118
5557 0.0294118
10 0.0294118
39603 0.027027
39177 0.027027
37125 0.027027
18850 0.027027
4937 0.027027
35274 0.025
31301 0.025
20250 0.025
15113 0.025
9197 0.025
2885 0.025
612 0.025
39947 0.0238095
37233 0.0238095
36078 0.0238095
32034 0.0238095
31589 0.0238095
30676 0.0238095
27989 0.0238095
25505 0.0238095
22170 0.0238095
21813 0.0238095
11080 0.0238095
7478 0.0238095
1641 0.0238095
110 0.0238095
39791 0.0222222
38422 0.0222222
33530 0.0222222
30793 0.0222222
27926 0.0222222
26312 0.0222222
24794 0.0222222
19695 0.0222222
19461 0.0222222
15276 0.0222222
10453 0.0222222
170 0.0222222
40173 0.0204082
36339 0.0204082
36278 0.0204082
34579 0.0204082
24329 0.0204082
18369 0.0204082
14534 0.0204082
14517 0.0204082
14269 0.0204082
8592 0.0204082
7145 0.0204082
6518 0.0204082
40644 0.0192308
39058 0.0192308
38863 0.0192308
36934 0.0192308
35525 0.0192308
30476 0.0192308
30419 0.0192308
27565 0.0192308
24239 0.0192308
22620 0.0192308
21801 0.0192308
19774 0.0192308
15264 0.0192308
5778 0.0192308
4484 0.0192308
2899 0.0192308
1104 0.0192308
483 0.0192308
40314 0.00684932
39925 0.00684932
39472 0.00684932
39290 0.00684932
38776 0.00684932
38356 0.00684932
37800 0.00684932
37566 0.00684932
34923 0.00684932
34363 0.00684932
34312 0.00684932
34043 0.00684932
33165 0.00684932
31837 0.00684932
31723 0.00684932
31366 0.00684932
29634 0.00684932
29211 0.00684932
29129 0.00684932
27379 0.00684932
26069 0.00684932
25885 0.00684932
25367 0.00684932
24957 0.00684932
24943 0.00684932
24614 0.00684932
23748 0.00684932
23370 0.00684932
23240 0.00684932
23155 0.00684932
22184 0.00684932
21889 0.00684932
21757 0.00684932
21733 0.00684932
19167 0.00684932
18997 0.00684932
18520 0.00684932
18428 0.00684932
17917 0.00684932
17277 0.00684932
16806 0.00684932
15225 0.00684932
14399 0.00684932
13388 0.00684932
12187 0.00684932
11393 0.00684932
10505 0.00684932
9660 0.00684932
9239 0.00684932
8652 0.00684932
8617 0.00684932
7306 0.00684932
7076 0.00684932
6920 0.00684932
6654 0.00684932
6319 0.00684932
4934 0.00684932
4361 0.00684932
4203 0.00684932
4025 0.00684932
3888 0.00684932
3755 0.00684932
3718 0.00684932
3645 0.00684932
1886 0.00684932
1610 0.00684932
1355 0.00684932
1290 0.00684932
830 0.00684932
349 0.00684932
294 0.00684932
40980 0
40979 0
40978 0
40977 0
40976 0
40975 0
40974 0
40973 0
40972 0
40971 0
40970 0
40969 0
40968 0
40967 0
40966 0
40965 0
40964 0
40963 0
40962 0
40961 0
40960 0
40959 0
40958 0
40957 0
40956 0
40955 0
40954 0
40953 0
40952 0
40951 0
40950 0
40949 0
40948 0
40947 0
40946 0
40945 0
40944 0
40943 0
40942 0
40941 0
40940 0
40939 0
40938 0
40936 0
40935 0
40934 0
40933 0
40932 0
40931 0
40930 0
40929 0
40928 0
40927 0
40926 0
40925 0
40924 0
40923 0
40922 0
40921 0
40920 0
40919 0
40918 0
40917 0
40916 0
40915 0
40914 0
40913 0
40912 0
40911 0
40910 0
40909 0
40908 0
40907 0
40906 0
40905 0
40904 0
40903 0
40902 0
