29879 8.62097
4942 7.21785
30463 6.78016
27024 5.64961
11894 4.34501
2184 4.03487
34956 3.91753
37684 3.8994
33023 3.45979
18158 3.43658
36543 2.30501
12583 2.19269
37547 2.05321
20791 1.8979
28536 1.78757
15366 1.73371
6471 1.67965
22632 1.64345
4401 1.51734
16106 1.39359
23606 1.29167
7902 1.15311
17186 1.12619
34137 1.10588
15444 1.0756
22237 1.03387
1601 0.994048
943 0.97619
1529 0.948649
15932 0.937751
34630 0.935714
4014 0.919048
34779 0.885014
5542 0.838492
28776 0.82484
19944 0.823549
23737 0.80119
21514 0.791667
8106 0.75
29002 0.726256
35033 0.712888
35612 0.699603
2287 0.685207
37387 0.642857
25711 0.611455
8007 0.611111
39025 0.608333
1196 0.606349
32268 0.599107
40670 0.592857
37180 0.583333
6455 0.583333
6885 0.547619
34885 0.541667
37600 0.53244
39014 0.529555
14412 0.491667
3864 0.491667
27580 0.485714
12891 0.465278
24345 0.434524
18494 0.426921
22803 0.425
22826 0.42484
7606 0.41978
39701 0.419298
14251 0.414286
15915 0.388034
9435 0.377778
18320 0.37686
34488 0.375
28594 0.375
33188 0.363925
25382 0.35
7712 0.35
8090 0.34478
18928 0.340774
38219 0.333333
36664 0.333333
30368 0.333333
23651 0.333333
22231 0.333333
13310 0.333333
12190 0.333333
10190 0.333333
7688 0.333333
27159 0.316667
32086 0.290074
32443 0.269345
26993 0.269345
35964 0.257576
40258 0.25
34345 0.25
30701 0.25
30041 0.25
27118 0.25
25796 0.25
22566 0.25
22013 0.25
9832 0.25
8945 0.25
6991 0.25
4370 0.25
4120 0.25
1080 0.25
11457 0.244298
39148 0.240909
31966 0.240909
10085 0.236601
8394 0.229701
18450 0.225733
40333 0.225
17427 0.216374
17824 0.2
11564 0.2
8282 0.2
8114 0.2
40517 0.190727
10064 0.186111
33447 0.182884
24799 0.171429
4920 0.171221
40924 0.166667
34482 0.166667
30891 0.166667
28160 0.166667
24418 0.166667
23974 0.166667
23430 0.166667
18634 0.166667
17712 0.166667
14149 0.166667
10859 0.166667
9755 0.166667
9505 0.166667
6376 0.166667
6031 0.166667
3540 0.166667
750 0.166667
30 0.166667
12557 0.164583
3208 0.160965
17666 0.158173
23654 0.157738
22776 0.157738
28256 0.153122
34623 0.142857
33595 0.142857
31145 0.142857
27268 0.142857
24680 0.142857
24005 0.142857
23424 0.142857
7897 0.140476
7421 0.140476
6472 0.140476
21535 0.131983
15051 0.131983
38124 0.127632
11671 0.126441
38874 0.125
38187 0.125
37761 0.125
36178 0.125
35557 0.125
35197 0.125
34506 0.125
31499 0.125
29098 0.125
27798 0.125
22244 0.125
19456 0.125
14370 0.125
14197 0.125
13053 0.125
10481 0.125
7871 0.125
7484 0.125
5902 0.125
4166 0.125
1517 0.125
39874 0.111111
35531 0.111111
23440 0.111111
22503 0.111111
20573 0.111111
20219 0.111111
14301 0.111111
5858 0.111111
5828 0.111111
5505 0.111111
922 0.111111
38733 0.1
31106 0.1
37781 0.0979167
36392 0.0979167
12383 0.0979167
10482 0.0979167
6811 0.0979167
39639 0.0909091
17820 0.0909091
4007 0.0909091
2448 0.0909091
11757 0.0904762
2780 0.0904762
40702 0.0833333
40622 0.0833333
17494 0.0833333
9069 0.0833333
1066 0.0833333
29479 0.0769231
24000 0.0769231
19811 0.0769231
14982 0.0769231
11832 0.0769231
11772 0.0769231
10895 0.0769231
10748 0.0769231
6723 0.0769231
6142 0.0769231
5773 0.0769231
38884 0.0714286
25092 0.0714286
4273 0.0714286
1634 0.0714286
37251 0.0666667
30465 0.0666667
12745 0.0666667
16580 0.0625
36280 0.0588235
32513 0.0588235
7156 0.0588235
3614 0.0588235
40541 0.0526316
40045 0.0526316
39621 0.0526316
39321 0.0526316
38406 0.0526316
31931 0.0526316
25961 0.0526316
22660 0.0526316
21112 0.0526316
18164 0.0526316
14194 0.0526316
11473 0.0526316
3568 0.0526316
2385 0.0526316
484 0.0526316
118 0.0526316
40257 0.05
36941 0.05
33810 0.05
30306 0.05
28014 0.05
26603 0.05
26094 0.05
24127 0.05
16802 0.05
13734 0.05
8188 0.05
2366 0.05
469 0.05
40112 0.0416667
38617 0.0416667
38443 0.0416667
35031 0.0416667
34570 0.0416667
32351 0.0416667
19815 0.0416667
15271 0.0416667
4275 0.0416667
39623 0.03125
39072 0.03125
34654 0.03125
24076 0.03125
8766 0.03125
36181 0.025
27710 0.025
26167 0.025
14642 0.025
11629 0.025
10897 0.025
9629 0.025
5478 0.025
39905 0.0238095
33572 0.0238095
30820 0.0238095
27877 0.0238095
25486 0.0238095
23697 0.0238095
18876 0.0238095
16170 0.0238095
11141 0.0238095
5391 0.0238095
2438 0.0238095
1297 0.0238095
40980 0
40979 0
40978 0
40977 0
40976 0
40975 0
40974 0
40973 0
40972 0
40971 0
40970 0
40969 0
40968 0
40967 0
40966 0
40965 0
40964 0
40963 0
40962 0
40961 0
40960 0
40959 0
40958 0
40957 0
40956 0
40955 0
40954 0
40953 0
40952 0
40951 0
40950 0
40949 0
40948 0
40947 0
40946 0
40945 0
40944 0
40943 0
40942 0
40941 0
40940 0
40939 0
40938 0
40937 0
40936 0
40935 0
40934 0
40933 0
40932 0
40931 0
40930 0
40929 0
40928 0
40927 0
40926 0
40925 0
40923 0
40922 0
40921 0
40920 0
40919 0
40918 0
40917 0
40916 0
40915 0
40914 0
40913 0
40912 0
40911 0
40910 0
40909 0
40908 0
40907 0
40906 0
40905 0
40904 0
40903 0
40902 0
40901 0
40900 0
40899 0
40898 0
40897 0
40896 0
40895 0
40894 0
40893 0
40892 0
40891 0
40890 0
40889 0
40888 0
40887 0
40886 0
40885 0
40884 0
40883 0
40882 0
40881 0
40880 0
40879 0
40878 0
40877 0
40876 0
40875 0
40874 0
40873 0
40872 0
40871 0
40870 0
40869 0
40868 0
40867 0
40866 0
40865 0
40864 0
40863 0
40862 0
40861 0
40860 0
40859 0
40858 0
40857 0
40856 0
40855 0
40854 0
40853 0
40852 0
40851 0
40850 0
40849 0
40848 0
40847 0
40846 0
40845 0
40844 0
40843 0
40842 0
40841 0
40840 0
40839 0
40838 0
40837 0
40836 0
40835 0
40834 0
40833 0
40832 0
40831 0
40830 0
40829 0
40828 0
40827 0
40826 0
40825 0
40824 0
40823 0
40822 0
40821 0
40820 0
40819 0
40818 0
40817 0
40816 0
40815 0
40814 0
40813 0
40812 0
40811 0
40810 0
40809 0
40808 0
40807 0
40806 0
40805 0
40804 0
40803 0
40802 0
40801 0
40800 0
40799 0
40798 0
40797 0
40796 0
40795 0
40794 0
40793 0
40792 0
40791 0
40790 0
40789 0
40788 0
40787 0
40786 0
40785 0
40784 0
40783 0
40782 0
40781 0
40780 0
40779 0
40778 0
40777 0
40776 0
