23696 4.46183
40883 2.78548
980 2.70937
34433 1.60325
38970 1.48221
9561 1.46053
9665 1.00599
1394 0.976888
2885 0.969298
24812 0.721178
40886 0.702381
12197 0.666667
33185 0.619912
17687 0.518675
2209 0.511111
18246 0.496861
31509 0.461956
6964 0.441598
20273 0.435714
2094 0.403697
23843 0.395489
17715 0.392691
30588 0.378571
14430 0.369048
26157 0.362155
39882 0.333333
16576 0.326681
26442 0.31765
25490 0.31765
21911 0.288128
19288 0.288128
30303 0.27115
11697 0.263699
7750 0.253232
28437 0.25
18469 0.25
1864 0.25
27592 0.227443
31028 0.222159
24295 0.214437
6255 0.214437
39962 0.2
35087 0.2
33844 0.2
9155 0.2
7906 0.2
5748 0.2
10581 0.199457
37805 0.188133
1313 0.188133
40310 0.187651
23314 0.187651
15599 0.171461
39247 0.166667
37996 0.166667
29302 0.166667
12613 0.166667
15613 0.16633
939 0.164023
25337 0.160672
27963 0.145833
1642 0.145833
28054 0.142857
10527 0.142857
9466 0.142857
7431 0.142857
27123 0.142157
13247 0.142157
27373 0.137028
24408 0.137028
30302 0.1363
24414 0.128321
19683 0.128321
26573 0.125
35339 0.124641
22527 0.124641
4633 0.124641
15411 0.11972
2288 0.111111
40970 0.108236
9958 0.108236
8716 0.108236
18513 0.102679
15818 0.102679
14425 0.102679
37374 0.1
32620 0.1
28949 0.1
24678 0.1
24239 0.1
19730 0.1
39035 0.0966103
30834 0.0966103
27452 0.0966103
18100 0.0966103
21735 0.0909091
20432 0.0909091
32303 0.0899471
2647 0.0899471
36168 0.0833603
5485 0.0833603
38897 0.0833333
28005 0.0833333
27926 0.0833333
10621 0.0833333
1819 0.0833333
34167 0.0831019
23188 0.0831019
20111 0.0831019
22263 0.0738032
36753 0.068369
13763 0.068369
30638 0.0682044
4530 0.0682044
2604 0.0682044
2320 0.0682044
34802 0.0648536
28471 0.0648536
22852 0.0648536
16918 0.0648536
11923 0.0648536
5440 0.0648536
36057 0.0625
21876 0.0625
22061 0.0588235
4257 0.0588235
2955 0.0588235
40725 0.0526316
37176 0.0526316
36918 0.0526316
36075 0.0526316
35681 0.0526316
34825 0.0526316
33267 0.0526316
31301 0.0526316
30096 0.0526316
28917 0.0526316
27961 0.0526316
26750 0.0526316
25379 0.0526316
24718 0.0526316
23446 0.0526316
22227 0.0526316
20143 0.0526316
18770 0.0526316
17733 0.0526316
17634 0.0526316
17085 0.0526316
15276 0.0526316
13654 0.0526316
13432 0.0526316
12018 0.0526316
10980 0.0526316
6096 0.0526316
5920 0.0526316
4886 0.0526316
2289 0.0526316
2069 0.0526316
29722 0.047619
4738 0.047619
40465 0.0404816
38316 0.0404816
32885 0.0404816
24102 0.0404816
24034 0.0404816
18798 0.0404816
14631 0.0404816
14512 0.0404816
14160 0.0404816
10923 0.0404816
6345 0.0404816
4516 0.0404816
2608 0.0404816
39636 0.0357143
36734 0.0357143
35155 0.0357143
34241 0.0357143
31169 0.0357143
31150 0.0357143
27818 0.0357143
26342 0.0357143
22079 0.0357143
19032 0.0357143
17264 0.0357143
16428 0.0357143
15400 0.0357143
14378 0.0357143
13761 0.0357143
13747 0.0357143
13058 0.0357143
12075 0.0357143
11185 0.0357143
9693 0.0357143
9454 0.0357143
7643 0.0357143
6167 0.0357143
4290 0.0357143
3379 0.0357143
1017 0.0357143
13200 0.0333333
8377 0.0333333
6753 0.0333333
2840 0.0333333
40707 0.03125
23543 0.03125
8000 0.03125
2795 0.03125
40400 0.0243902
39432 0.0243902
38999 0.0243902
35156 0.0243902
34640 0.0243902
32879 0.0243902
32042 0.0243902
29581 0.0243902
28151 0.0243902
26125 0.0243902
25781 0.0243902
19578 0.0243902
16425 0.0243902
10069 0.0243902
9773 0.0243902
8435 0.0243902
5771 0.0243902
40607 0.0232558
37278 0.0232558
37151 0.0232558
32732 0.0232558
22420 0.0232558
19891 0.0232558
19210 0.0232558
17001 0.0232558
8993 0.0232558
7363 0.0232558
4828 0.0232558
4712 0.0232558
900 0.0232558
325 0.0232558
37999 0.0185185
37935 0.0185185
33404 0.0185185
30309 0.0185185
28864 0.0185185
28841 0.0185185
28610 0.0185185
27390 0.0185185
25286 0.0185185
21941 0.0185185
21621 0.0185185
21138 0.0185185
20709 0.0185185
17771 0.0185185
15807 0.0185185
14654 0.0185185
13645 0.0185185
10400 0.0185185
5372 0.0185185
1667 0.0185185
40346 0.0136986
38723 0.0136986
38663 0.0136986
38514 0.0136986
38355 0.0136986
36428 0.0136986
36354 0.0136986
35872 0.0136986
35299 0.0136986
31715 0.0136986
30975 0.0136986
29913 0.0136986
29143 0.0136986
28806 0.0136986
28600 0.0136986
26896 0.0136986
26035 0.0136986
24699 0.0136986
22594 0.0136986
22089 0.0136986
19442 0.0136986
18946 0.0136986
13691 0.0136986
11785 0.0136986
10619 0.0136986
10318 0.0136986
10235 0.0136986
5322 0.0136986
4905 0.0136986
4713 0.0136986
4131 0.0136986
1600 0.0136986
40523 0.00826446
38720 0.00826446
38503 0.00826446
38032 0.00826446
37874 0.00826446
37685 0.00826446
37482 0.00826446
37426 0.00826446
36867 0.00826446
36371 0.00826446
36234 0.00826446
35626 0.00826446
35159 0.00826446
33507 0.00826446
30391 0.00826446
30053 0.00826446
29958 0.00826446
29617 0.00826446
29470 0.00826446
29244 0.00826446
29190 0.00826446
28958 0.00826446
28883 0.00826446
28729 0.00826446
27819 0.00826446
27786 0.00826446
25965 0.00826446
25949 0.00826446
25834 0.00826446
25323 0.00826446
25117 0.00826446
23429 0.00826446
22896 0.00826446
22846 0.00826446
22178 0.00826446
21931 0.00826446
20699 0.00826446
20392 0.00826446
19129 0.00826446
18995 0.00826446
18747 0.00826446
18267 0.00826446
16893 0.00826446
15836 0.00826446
15316 0.00826446
15058 0.00826446
14285 0.00826446
14226 0.00826446
14167 0.00826446
14062 0.00826446
13457 0.00826446
11537 0.00826446
10680 0.00826446
10537 0.00826446
10427 0.00826446
9927 0.00826446
9168 0.00826446
8963 0.00826446
8672 0.00826446
8216 0.00826446
7866 0.00826446
7747 0.00826446
7472 0.00826446
7138 0.00826446
6746 0.00826446
5986 0.00826446
4692 0.00826446
3308 0.00826446
3084 0.00826446
1796 0.00826446
1749 0.00826446
1706 0.00826446
1430 0.00826446
1417 0.00826446
1201 0.00826446
753 0.00826446
13 0.00826446
40980 0
40979 0
40978 0
40977 0
40976 0
40975 0
40974 0
40973 0
40972 0
40971 0
40969 0
40968 0
40967 0
40966 0
40965 0
40964 0
40963 0
40962 0
40961 0
40960 0
40959 0
40958 0
40957 0
40956 0
40955 0
40954 0
40953 0
40952 0
40951 0
40950 0
40949 0
40948 0
40947 0
40946 0
40945 0
40944 0
40943 0
40942 0
40941 0
40940 0
40939 0
40938 0
40937 0
40936 0
40935 0
40934 0
40933 0
40932 0
40931 0
40930 0
40929 0
40928 0
40927 0
40926 0
40925 0
40924 0
40923 0
40922 0
40921 0
40920 0
40919 0
40918 0
40917 0
40916 0
40915 0
40914 0
40913 0
40912 0
40911 0
40910 0
40909 0
40908 0
40907 0
40906 0
40905 0
40904 0
40903 0
40902 0
40901 0
40900 0
40899 0
40898 0
40897 0
40896 0
40895 0
40894 0
40893 0
40892 0
40891 0
40890 0
40889 0
40888 0
40887 0
40885 0
40884 0
40882 0
40881 0
40880 0
40879 0
40878 0
40877 0
40876 0
40875 0
40874 0
40873 0
40872 0
40871 0
40870 0
40869 0
40868 0
40867 0
40866 0
40865 0
40864 0
40863 0
40862 0
40861 0
40860 0
40859 0
40858 0
40857 0
40856 0
40855 0
40854 0
40853 0
40852 0
40851 0
40850 0
40849 0
40848 0
40847 0
40846 0
40845 0
