37973 4.05701
31329 3.89249
19072 2.80373
38763 2.00774
21862 1.25311
5615 0.848485
17037 0.842381
232 0.760145
3936 0.751707
10735 0.66912
40023 0.613612
1757 0.569023
15616 0.566496
32251 0.495671
17493 0.486874
32348 0.466672
24228 0.44359
15148 0.417977
26561 0.415873
34427 0.408333
31562 0.390909
7955 0.389907
20367 0.333333
34174 0.332576
17446 0.329371
14109 0.307576
5158 0.287068
33297 0.284608
31301 0.284608
27595 0.284608
18950 0.284608
23992 0.283333
39184 0.271795
25242 0.262924
21467 0.249524
21245 0.213095
26837 0.206782
19179 0.206782
8276 0.206782
8160 0.206782
37484 0.2
28991 0.2
996 0.2
16490 0.198413
3027 0.198413
8665 0.197576
28321 0.179762
21393 0.178211
32630 0.173449
30398 0.173449
1061 0.173449
34830 0.166667
33298 0.166667
19324 0.166667
18905 0.166667
3228 0.166667
15300 0.160401
35529 0.142857
38193 0.111111
37865 0.104335
27799 0.104335
22711 0.104335
9197 0.104335
6665 0.104335
39092 0.1
34559 0.1
32731 0.1
28773 0.1
13027 0.1
12558 0.1
12210 0.1
5665 0.1
36511 0.0975397
40863 0.0909091
31769 0.0909091
20488 0.0909091
20047 0.0909091
19995 0.0909091
15403 0.0909091
8946 0.0909091
3731 0.0909091
33494 0.0769231
30792 0.0769231
25028 0.0769231
2554 0.0769231
37711 0.0714286
29855 0.0714286
29775 0.0714286
29242 0.0714286
22867 0.0714286
21762 0.0714286
21723 0.0714286
1572 0.0714286
30916 0.0666667
27538 0.0666667
19244 0.0666667
19032 0.0666667
16789 0.0666667
14655 0.0666667
12980 0.0666667
9562 0.0666667
2091 0.0666667
27234 0.05
2359 0.05
2354 0.05
34119 0.0434783
29665 0.0434783
29150 0.0434783
28380 0.0434783
21199 0.0434783
5630 0.0434783
31055 0.0416667
29576 0.0416667
11596 0.0416667
7041 0.0416667
26019 0.04
23332 0.04
18328 0.04
15378 0.04
13432 0.04
5693 0.04
186 0.04
40814 0.0384615
37027 0.0384615
34418 0.0384615
32098 0.0384615
25335 0.0384615
24678 0.0384615
16076 0.0384615
14943 0.0384615
2743 0.0384615
2484 0.0384615
1610 0.0384615
1486 0.0384615
40073 0.015873
39962 0.015873
39942 0.015873
37921 0.015873
36528 0.015873
35866 0.015873
35786 0.015873
35063 0.015873
33267 0.015873
31710 0.015873
31058 0.015873
28952 0.015873
28424 0.015873
26615 0.015873
25750 0.015873
24239 0.015873
23519 0.015873
21703 0.015873
18529 0.015873
16996 0.015873
16406 0.015873
15567 0.015873
14851 0.015873
13460 0.015873
12492 0.015873
10737 0.015873
10169 0.015873
9457 0.015873
7534 0.015873
2885 0.015873
2542 0.015873
2318 0.015873
40980 0
40979 0
40978 0
40977 0
40976 0
40975 0
40974 0
40973 0
40972 0
40971 0
40970 0
40969 0
40968 0
40967 0
40966 0
40965 0
40964 0
40963 0
40962 0
40961 0
40960 0
40959 0
40958 0
40957 0
40956 0
40955 0
40954 0
40953 0
40952 0
40951 0
40950 0
40949 0
40948 0
40947 0
40946 0
40945 0
40944 0
40943 0
40942 0
40941 0
40940 0
40939 0
40938 0
40937 0
40936 0
40935 0
40934 0
40933 0
40932 0
40931 0
40930 0
40929 0
40928 0
40927 0
40926 0
40925 0
40924 0
40923 0
40922 0
40921 0
40920 0
40919 0
40918 0
40917 0
40916 0
40915 0
40914 0
40913 0
40912 0
40911 0
40910 0
40909 0
40908 0
40907 0
40906 0
40905 0
40904 0
40903 0
40902 0
40901 0
40900 0
40899 0
40898 0
40897 0
40896 0
40895 0
40894 0
40893 0
40892 0
40891 0
40890 0
40889 0
40888 0
40887 0
40886 0
40885 0
40884 0
40883 0
40882 0
40881 0
40880 0
40879 0
40878 0
40877 0
40876 0
40875 0
40874 0
40873 0
40872 0
40871 0
40870 0
40869 0
40868 0
40867 0
40866 0
40865 0
40864 0
40862 0
40861 0
40860 0
40859 0
40858 0
40857 0
40856 0
40855 0
40854 0
40853 0
40852 0
40851 0
40850 0
40849 0
40848 0
40847 0
40846 0
40845 0
40844 0
40843 0
40842 0
40841 0
40840 0
40839 0
40838 0
40837 0
40836 0
40835 0
40834 0
40833 0
40832 0
40831 0
40830 0
40829 0
40828 0
40827 0
40826 0
40825 0
40824 0
40823 0
40822 0
40821 0
40820 0
40819 0
40818 0
40817 0
40816 0
40815 0
40813 0
40812 0
40811 0
40810 0
40809 0
40808 0
40807 0
40806 0
40805 0
40804 0
40803 0
40802 0
40801 0
40800 0
40799 0
40798 0
40797 0
40796 0
40795 0
40794 0
40793 0
40792 0
40791 0
40790 0
40789 0
40788 0
40787 0
40786 0
40785 0
40784 0
40783 0
40782 0
40781 0
40780 0
40779 0
40778 0
40777 0
40776 0
40775 0
40774 0
40773 0
40772 0
40771 0
40770 0
40769 0
40768 0
40767 0
40766 0
40765 0
40764 0
40763 0
40762 0
40761 0
40760 0
40759 0
40758 0
40757 0
40756 0
40755 0
40754 0
40753 0
40752 0
40751 0
40750 0
40749 0
40748 0
40747 0
40746 0
40745 0
40744 0
40743 0
40742 0
40741 0
40740 0
40739 0
40738 0
40737 0
40736 0
40735 0
40734 0
40733 0
40732 0
40731 0
40730 0
40729 0
40728 0
40727 0
40726 0
40725 0
40724 0
40723 0
40722 0
40721 0
40720 0
40719 0
40718 0
40717 0
40716 0
40715 0
40714 0
40713 0
40712 0
40711 0
40710 0
40709 0
40708 0
40707 0
40706 0
40705 0
40704 0
40703 0
40702 0
40701 0
40700 0
40699 0
40698 0
40697 0
40696 0
40695 0
40694 0
40693 0
40692 0
40691 0
40690 0
40689 0
40688 0
40687 0
40686 0
40685 0
40684 0
40683 0
40682 0
40681 0
40680 0
40679 0
40678 0
40677 0
40676 0
40675 0
40674 0
40673 0
40672 0
40671 0
40670 0
40669 0
40668 0
40667 0
40666 0
40665 0
40664 0
40663 0
40662 0
40661 0
40660 0
40659 0
40658 0
40657 0
40656 0
40655 0
40654 0
40653 0
40652 0
40651 0
40650 0
40649 0
40648 0
40647 0
40646 0
40645 0
