18328 19.0824
6195 5.00841
25048 4.38907
32176 1.94084
14661 1.94084
35945 1.77592
31301 1.43982
1621 1.37758
865 1.11538
16068 1.00393
23285 0.926033
38214 0.91967
34869 0.919048
17716 0.8375
282 0.828735
9762 0.793829
38842 0.679365
19302 0.662998
21308 0.659012
17513 0.616002
14645 0.56262
15764 0.543734
24903 0.533498
4907 0.533333
9549 0.516667
5817 0.513743
23682 0.490132
19032 0.479167
11792 0.479167
20878 0.452381
23847 0.441071
40303 0.43511
20520 0.415812
22572 0.412998
23016 0.401633
1943 0.401633
9810 0.387241
36079 0.375226
29878 0.348718
34487 0.333929
9951 0.32702
39332 0.307576
34426 0.295833
12608 0.2875
15301 0.284722
25682 0.280952
38088 0.26563
15453 0.26563
6294 0.260401
16370 0.253655
33037 0.250102
11475 0.250102
8672 0.25
39962 0.249733
30793 0.249733
23717 0.249733
26176 0.240666
25860 0.240666
30237 0.233489
40974 0.226496
18906 0.226496
8479 0.220464
9282 0.208453
13825 0.207576
12629 0.207576
32222 0.205044
14717 0.200084
16704 0.2
28302 0.18799
26468 0.18799
35931 0.166667
26763 0.166667
19401 0.166667
11072 0.166667
25625 0.154808
22804 0.154808
2659 0.154808
5915 0.143669
26170 0.142857
16315 0.142857
14311 0.142857
11897 0.142857
1735 0.142857
549 0.142857
20425 0.135599
16601 0.134211
9697 0.134211
836 0.134211
34271 0.125
23254 0.125
22877 0.125
13557 0.125
8455 0.124603
40081 0.111111
36993 0.111111
31550 0.111111
12023 0.111111
36575 0.1
33230 0.1
23628 0.1
18077 0.1
9741 0.1
2885 0.1
40598 0.0963317
26006 0.0963317
23101 0.0963317
37729 0.0909091
36239 0.0909091
25186 0.0909091
18342 0.0909091
17312 0.0909091
29325 0.0769231
23331 0.0769231
8066 0.0769231
3096 0.0769231
40059 0.0666667
23259 0.0666667
22727 0.0666667
21730 0.0666667
16544 0.0666667
27891 0.0625
26759 0.0625
21575 0.0625
13327 0.0625
8648 0.0625
1975 0.0625
38952 0.0588235
35063 0.0588235
27799 0.0588235
22711 0.0588235
12766 0.0588235
2869 0.0588235
39795 0.0555556
23476 0.0555556
22198 0.0555556
10087 0.0555556
28992 0.0526316
25143 0.0526316
5550 0.0526316
5637 0.05
3581 0.05
35892 0.0357143
34765 0.0357143
31308 0.0357143
28035 0.0357143
27509 0.0357143
20701 0.0357143
18542 0.0357143
15331 0.0357143
13445 0.0357143
10465 0.0357143
6283 0.0357143
4525 0.0357143
960 0.0357143
445 0.0357143
28634 0.0333333
27212 0.0333333
25435 0.0333333
40724 0.0175439
39876 0.0175439
39243 0.0175439
39086 0.0175439
37914 0.0175439
37313 0.0175439
37256 0.0175439
34749 0.0175439
34653 0.0175439
30898 0.0175439
29714 0.0175439
24733 0.0175439
21607 0.0175439
21205 0.0175439
19125 0.0175439
18394 0.0175439
12606 0.0175439
8708 0.0175439
7427 0.0175439
7392 0.0175439
5257 0.0175439
2422 0.0175439
2283 0.0175439
1611 0.0175439
408 0.0175439
40211 0.0153846
38985 0.0153846
38546 0.0153846
37935 0.0153846
37924 0.0153846
37523 0.0153846
36919 0.0153846
35597 0.0153846
35219 0.0153846
34001 0.0153846
33606 0.0153846
33290 0.0153846
31826 0.0153846
31586 0.0153846
29934 0.0153846
29599 0.0153846
27933 0.0153846
24414 0.0153846
24056 0.0153846
23696 0.0153846
23582 0.0153846
20979 0.0153846
20913 0.0153846
20527 0.0153846
19894 0.0153846
19034 0.0153846
18950 0.0153846
18332 0.0153846
17687 0.0153846
17331 0.0153846
16428 0.0153846
15034 0.0153846
14566 0.0153846
12728 0.0153846
11248 0.0153846
11118 0.0153846
9791 0.0153846
8622 0.0153846
8027 0.0153846
7672 0.0153846
7017 0.0153846
6504 0.0153846
6160 0.0153846
5645 0.0153846
5361 0.0153846
5279 0.0153846
2452 0.0153846
1794 0.0153846
720 0.0153846
581 0.0153846
40980 0
40979 0
40978 0
40977 0
40976 0
40975 0
40973 0
40972 0
40971 0
40970 0
40969 0
40968 0
40967 0
40966 0
40965 0
40964 0
40963 0
40962 0
40961 0
40960 0
40959 0
40958 0
40957 0
40956 0
40955 0
40954 0
40953 0
40952 0
40951 0
40950 0
40949 0
40948 0
40947 0
40946 0
40945 0
40944 0
40943 0
40942 0
40941 0
40940 0
40939 0
40938 0
40937 0
40936 0
40935 0
40934 0
40933 0
40932 0
40931 0
40930 0
40929 0
40928 0
40927 0
40926 0
40925 0
40924 0
40923 0
40922 0
40921 0
40920 0
40919 0
40918 0
40917 0
40916 0
40915 0
40914 0
40913 0
40912 0
40911 0
40910 0
40909 0
40908 0
40907 0
40906 0
40905 0
40904 0
40903 0
40902 0
40901 0
40900 0
40899 0
40898 0
40897 0
40896 0
40895 0
40894 0
40893 0
40892 0
40891 0
40890 0
40889 0
40888 0
40887 0
40886 0
40885 0
40884 0
40883 0
40882 0
40881 0
40880 0
40879 0
40878 0
40877 0
40876 0
40875 0
40874 0
40873 0
40872 0
40871 0
40870 0
40869 0
40868 0
40867 0
40866 0
40865 0
40864 0
40863 0
40862 0
40861 0
40860 0
40859 0
40858 0
40857 0
40856 0
40855 0
40854 0
40853 0
40852 0
40851 0
40850 0
40849 0
40848 0
40847 0
40846 0
40845 0
40844 0
40843 0
40842 0
40841 0
40840 0
40839 0
40838 0
40837 0
40836 0
40835 0
40834 0
40833 0
40832 0
40831 0
40830 0
40829 0
40828 0
40827 0
40826 0
40825 0
40824 0
40823 0
40822 0
40821 0
40820 0
40819 0
40818 0
40817 0
40816 0
40815 0
40814 0
40813 0
40812 0
40811 0
40810 0
40809 0
40808 0
40807 0
40806 0
40805 0
40804 0
40803 0
40802 0
40801 0
40800 0
40799 0
40798 0
40797 0
40796 0
40795 0
40794 0
40793 0
40792 0
40791 0
40790 0
40789 0
40788 0
40787 0
40786 0
40785 0
40784 0
40783 0
40782 0
40781 0
40780 0
40779 0
40778 0
40777 0
40776 0
40775 0
40774 0
40773 0
40772 0
40771 0
40770 0
40769 0
40768 0
40767 0
40766 0
40765 0
40764 0
40763 0
40762 0
40761 0
40760 0
40759 0
40758 0
40757 0
40756 0
40755 0
40754 0
40753 0
40752 0
40751 0
40750 0
40749 0
40748 0
40747 0
40746 0
40745 0
40744 0
40743 0
40742 0
40741 0
40740 0
40739 0
40738 0
40737 0
40736 0
40735 0
40734 0
40733 0
40732 0
40731 0
40730 0
40729 0
40728 0
40727 0
40726 0
40725 0
40723 0
40722 0
40721 0
40720 0
40719 0
40718 0
40717 0
40716 0
40715 0
40714 0
40713 0
40712 0
