22811 2.41181
21341 2.06551
37928 1.35485
38866 1.28869
39284 1.21797
5341 1.17315
32312 1.06511
4607 1.00999
3392 0.921212
15668 0.869867
15309 0.867262
32733 0.823135
26844 0.721324
17951 0.683333
6185 0.678083
1713 0.671045
19735 0.636622
32783 0.632377
18328 0.628874
3122 0.607479
9869 0.603706
27701 0.549242
15368 0.548581
37564 0.544192
10509 0.525174
1798 0.521645
10031 0.517198
33957 0.509936
12332 0.497045
3239 0.494648
23678 0.446612
704 0.418702
36888 0.418498
24413 0.418498
16455 0.363743
20804 0.358704
11830 0.333333
37762 0.32702
27259 0.320489
9877 0.318987
34084 0.313312
33701 0.3125
4485 0.293498
5662 0.28869
6456 0.285256
17009 0.281319
10856 0.279894
17559 0.270803
35800 0.264484
7058 0.257214
8656 0.251316
38961 0.25
14237 0.25
35991 0.240571
11091 0.240571
24948 0.238699
13350 0.235517
16929 0.234049
26820 0.230812
12218 0.225276
6098 0.204608
35986 0.204545
20291 0.204545
35867 0.2
27882 0.198459
18745 0.198459
4755 0.198459
5275 0.193765
40671 0.184878
2868 0.183332
39758 0.17723
22330 0.17723
23903 0.174208
16281 0.169182
30594 0.167763
3506 0.167763
25995 0.167755
9576 0.167755
4795 0.166408
30988 0.154657
22363 0.154657
3792 0.153529
31008 0.148897
14480 0.148897
10891 0.148897
31559 0.142857
22788 0.142857
13438 0.142857
13194 0.142857
8895 0.142857
5925 0.142857
9167 0.138387
16876 0.138278
22329 0.131646
16627 0.131646
2771 0.131646
27559 0.125
14450 0.125
35477 0.119119
33235 0.119119
29344 0.119119
32798 0.117249
31194 0.115371
19711 0.115371
12676 0.115371
38354 0.111111
34746 0.111111
32885 0.111111
8164 0.111111
27047 0.10895
8586 0.10895
26645 0.103621
21067 0.103621
14785 0.103621
38535 0.1
34621 0.1
26370 0.1
24446 0.1
23843 0.1
12450 0.1
11118 0.1
865 0.1
34738 0.0933557
31516 0.0909091
26597 0.0909091
7934 0.0909091
4391 0.0909091
1702 0.0909091
1229 0.0909091
31155 0.0907034
15866 0.0907034
14536 0.0907034
2089 0.0907034
12871 0.0849359
4400 0.0849359
39696 0.0833333
16201 0.0833333
13904 0.0833333
8790 0.0833333
39810 0.0797159
26839 0.0797159
22433 0.0797159
19103 0.0797159
15663 0.0797159
9705 0.0797159
30524 0.0775063
8920 0.0775063
8424 0.0775063
29990 0.0769231
10461 0.0763767
6084 0.0737745
3865 0.0737745
15527 0.0666667
16098 0.0625
38718 0.0596223
29216 0.0596223
22909 0.0596223
17504 0.0596223
26872 0.0588235
5847 0.0588235
36778 0.0526316
35431 0.0526316
34152 0.0526316
30905 0.0526316
29345 0.0526316
29127 0.0526316
25079 0.0526316
21715 0.0526316
18566 0.0526316
16510 0.0526316
15360 0.0526316
14417 0.0526316
14050 0.0526316
11007 0.0526316
9441 0.0526316
6440 0.0526316
5943 0.0526316
24169 0.0523891
22357 0.0523891
18078 0.0523891
13710 0.0523891
8450 0.0523891
8049 0.0523891
7823 0.0523891
7682 0.0523891
3014 0.0523891
495 0.0523891
37916 0.0454545
31209 0.0454545
19938 0.0454545
18202 0.0454545
40904 0.0384615
38313 0.0384615
36530 0.0384615
32719 0.0384615
31586 0.0384615
29567 0.0384615
29164 0.0384615
28162 0.0384615
24564 0.0384615
22169 0.0384615
18083 0.0384615
14147 0.0384615
13253 0.0384615
11098 0.0384615
11084 0.0384615
7110 0.0384615
4010 0.0384615
3072 0.0384615
2269 0.0384615
27625 0.037037
25963 0.037037
19226 0.037037
14962 0.037037
13134 0.037037
5068 0.037037
323 0.037037
27447 0.0357143
26632 0.0357143
25964 0.0357143
15725 0.0357143
37315 0.0333333
17426 0.0333333
9814 0.0333333
5670 0.0333333
34088 0.030303
32691 0.030303
30295 0.030303
26910 0.030303
16888 0.030303
8360 0.030303
7333 0.030303
29738 0.0263158
28308 0.0263158
24426 0.0263158
18355 0.0263158
13181 0.0263158
8792 0.0263158
7115 0.0263158
6444 0.0263158
39803 0.025641
37431 0.025641
34247 0.025641
34122 0.025641
27362 0.025641
20463 0.025641
7146 0.025641
5290 0.025641
1766 0.025641
39117 0.0232558
39023 0.0232558
38706 0.0232558
36552 0.0232558
36376 0.0232558
32700 0.0232558
29545 0.0232558
28398 0.0232558
28187 0.0232558
26247 0.0232558
25456 0.0232558
25326 0.0232558
19985 0.0232558
19602 0.0232558
18717 0.0232558
15903 0.0232558
9079 0.0232558
7372 0.0232558
6028 0.0232558
5811 0.0232558
5399 0.0232558
589 0.0232558
35746 0.0208333
32005 0.0208333
26951 0.0208333
25403 0.0208333
19984 0.0208333
10145 0.0208333
10071 0.0208333
8536 0.0208333
6745 0.0208333
40812 0.0196078
38331 0.0196078
37468 0.0196078
32064 0.0196078
29585 0.0196078
23159 0.0196078
21095 0.0196078
20246 0.0196078
18346 0.0196078
16351 0.0196078
14728 0.0196078
14659 0.0196078
13858 0.0196078
13223 0.0196078
9349 0.0196078
9114 0.0196078
8346 0.0196078
4812 0.0196078
4231 0.0196078
1146 0.0196078
38652 0.0178571
38472 0.0178571
36633 0.0178571
35819 0.0178571
35329 0.0178571
33925 0.0178571
31892 0.0178571
24508 0.0178571
21106 0.0178571
20766 0.0178571
19930 0.0178571
19275 0.0178571
19051 0.0178571
18313 0.0178571
16722 0.0178571
13558 0.0178571
12778 0.0178571
12737 0.0178571
11289 0.0178571
7797 0.0178571
7134 0.0178571
6869 0.0178571
6073 0.0178571
5611 0.0178571
39450 0.0136986
36155 0.0136986
35859 0.0136986
34689 0.0136986
34343 0.0136986
32929 0.0136986
31775 0.0136986
28368 0.0136986
25975 0.0136986
24190 0.0136986
22634 0.0136986
22366 0.0136986
22262 0.0136986
18662 0.0136986
17242 0.0136986
16856 0.0136986
16837 0.0136986
15328 0.0136986
7123 0.0136986
5133 0.0136986
4040 0.0136986
2970 0.0136986
1520 0.0136986
40980 0
40979 0
40978 0
40977 0
40976 0
40975 0
40974 0
40973 0
40972 0
40971 0
40970 0
40969 0
40968 0
40967 0
40966 0
40965 0
40964 0
40963 0
40962 0
40961 0
40960 0
40959 0
40958 0
40957 0
40956 0
40955 0
40954 0
40953 0
40952 0
40951 0
40950 0
40949 0
40948 0
40947 0
40946 0
40945 0
40944 0
40943 0
40942 0
40941 0
40940 0
40939 0
40938 0
40937 0
40936 0
40935 0
40934 0
40933 0
40932 0
40931 0
40930 0
40929 0
40928 0
40927 0
40926 0
40925 0
40924 0
40923 0
40922 0
40921 0
40920 0
40919 0
40918 0
40917 0
40916 0
40915 0
40914 0
40913 0
40912 0
40911 0
40910 0
40909 0
40908 0
40907 0
40906 0
40905 0
40903 0
40902 0
40901 0
40900 0
40899 0
40898 0
40897 0
40896 0
40895 0
40894 0
40893 0
40892 0
40891 0
40890 0
40889 0
40888 0
40887 0
40886 0
40885 0
40884 0
40883 0
40882 0
40881 0
40880 0
40879 0
40878 0
40877 0
40876 0
40875 0
40874 0
40873 0
40872 0
40871 0
40870 0
40869 0
40868 0
40867 0
40866 0
40865 0
40864 0
40863 0
40862 0
40861 0
40860 0
40859 0
40858 0
40857 0
40856 0
40855 0
40854 0
40853 0
40852 0
40851 0
40850 0
40849 0
40848 0
40847 0
40846 0
40845 0
40844 0
40843 0
40842 0
40841 0
40840 0
40839 0
40838 0
40837 0
40836 0
40835 0
40834 0
40833 0
40832 0
40831 0
40830 0
40829 0
40828 0
40827 0
