2885 8.39846
27799 3.93001
32620 1.9632
12569 1.81843
15225 1.79174
2869 1.62986
13654 1.51159
35734 1.38745
35317 1.33738
39791 1.29525
31132 1.23877
31537 1.12421
24678 1.10567
6140 1.08739
22711 1.01204
36952 0.94359
30793 0.938486
14138 0.92892
35974 0.915487
7145 0.866307
16947 0.808217
12766 0.696905
9553 0.693223
36400 0.66951
1659 0.658333
24239 0.638958
830 0.575
543 0.55
1641 0.532119
17312 0.521664
31301 0.516667
15354 0.513333
6924 0.500299
20789 0.5
8969 0.497733
15416 0.494634
27033 0.493661
27926 0.492277
2484 0.489067
16047 0.486775
36285 0.478264
12893 0.473771
38863 0.458903
40204 0.450043
20065 0.412037
23843 0.406566
5293 0.391667
15297 0.388448
18520 0.383115
40764 0.346543
23628 0.342544
1 0.338721
39962 0.338138
27865 0.333452
432 0.327798
31947 0.311188
26181 0.295058
5778 0.295058
11876 0.287561
35717 0.287199
29640 0.274546
37233 0.2672
22184 0.2672
21000 0.2672
4761 0.253655
27691 0.250604
20007 0.250604
37340 0.25
26803 0.25
25527 0.25
9680 0.25
556 0.246002
37374 0.233175
30234 0.233175
4551 0.225
36313 0.215812
16943 0.20196
37342 0.2
23432 0.2
15603 0.2
33477 0.19684
23439 0.196066
15255 0.195941
33267 0.194467
7051 0.193889
7937 0.193781
29073 0.190278
8828 0.183974
17583 0.183584
30209 0.183258
36918 0.182047
35346 0.180008
21757 0.180008
36673 0.169575
39951 0.166667
5693 0.166667
8224 0.163063
12945 0.161481
11077 0.16036
4548 0.157336
32552 0.134211
21801 0.130337
17785 0.127589
1784 0.127589
35463 0.127498
38148 0.125
33545 0.125
28952 0.125
24414 0.125
18866 0.125
16723 0.125
23072 0.124345
550 0.120945
6654 0.118384
22997 0.11789
16059 0.111111
3124 0.111111
2542 0.111111
35766 0.109852
33518 0.106087
10684 0.106087
9309 0.106087
24596 0.103149
18435 0.101327
36968 0.100818
36909 0.100818
23643 0.100818
565 0.100818
37426 0.1
33712 0.1
23380 0.1
20250 0.1
17634 0.1
16283 0.1
15637 0.1
9197 0.1
8672 0.1
2659 0.1
16298 0.0936088
28407 0.0909091
7852 0.0909091
9244 0.0888319
1462 0.0862376
27168 0.084535
21348 0.084535
8592 0.084535
14943 0.0837377
6041 0.0833333
6863 0.077809
28094 0.0769231
21703 0.0769231
18834 0.0769231
9784 0.0769231
5241 0.0769231
23665 0.0744408
14894 0.0744408
8035 0.0744408
14672 0.0724602
11393 0.0724602
18531 0.0714286
13433 0.0714286
16233 0.0703117
8652 0.0703117
1610 0.0703117
24269 0.0700269
20071 0.0700269
15993 0.0700269
13916 0.0700269
6840 0.0700269
4340 0.0700269
36528 0.0684252
17035 0.0684252
22405 0.0666667
28294 0.0649167
11080 0.0633365
17137 0.0588235
15665 0.0588235
12185 0.0588235
8412 0.0588235
30057 0.0555556
14840 0.0555556
12844 0.0555556
8237 0.0555556
5875 0.0555556
23251 0.0527028
22530 0.0527028
19277 0.0527028
6830 0.0527028
18963 0.0526316
6336 0.0526316
34116 0.047619
33142 0.047619
23468 0.047619
18561 0.047619
17786 0.047619
12933 0.047619
12377 0.047619
9357 0.047619
4872 0.047619
448 0.047619
16619 0.0460079
34561 0.0454545
34114 0.0454545
26832 0.0454545
224 0.0454545
38856 0.0416667
37496 0.0416667
36457 0.0416667
35194 0.0416667
26182 0.0416667
23032 0.0416667
19032 0.0416667
18329 0.0416667
15669 0.0416667
11488 0.0416667
3002 0.0416667
2781 0.0416667
1760 0.0416667
866 0.0416667
39155 0.0402299
37502 0.0402299
37344 0.0402299
32868 0.0402299
32572 0.0402299
29634 0.0402299
29516 0.0402299
22679 0.0402299
16001 0.0402299
8615 0.0402299
5435 0.0402299
24063 0.0384615
8990 0.0384615
7921 0.0384615
37027 0.037037
36661 0.037037
34911 0.037037
34385 0.037037
32732 0.037037
26137 0.037037
21282 0.037037
19624 0.037037
18331 0.037037
15412 0.037037
7298 0.037037
3068 0.037037
39637 0.0357143
38141 0.0357143
29901 0.0357143
23399 0.0357143
22047 0.0357143
19570 0.0357143
17658 0.0357143
7594 0.0357143
38952 0.0345672
32536 0.0345672
32362 0.0345672
29923 0.0345672
16673 0.0345672
13948 0.0345672
10719 0.0345672
10484 0.0345672
2168 0.0345672
315 0.0345672
23134 0.0333333
12104 0.0333333
3887 0.0333333
1965 0.0333333
40009 0.0316052
39831 0.0316052
38801 0.0316052
38185 0.0316052
37023 0.0316052
35836 0.0316052
35439 0.0316052
35082 0.0316052
33227 0.0316052
33147 0.0316052
31184 0.0316052
29687 0.0316052
25667 0.0316052
25484 0.0316052
24506 0.0316052
23944 0.0316052
23137 0.0316052
20977 0.0316052
19695 0.0316052
19684 0.0316052
14316 0.0316052
13882 0.0316052
10283 0.0316052
5610 0.0316052
40342 0.0294118
39183 0.0294118
31314 0.0294118
29851 0.0294118
23446 0.0294118
13120 0.0294118
1599 0.0294118
612 0.0294118
40564 0.0278735
34784 0.0278735
33898 0.0278735
32043 0.0278735
31140 0.0278735
30977 0.0278735
29030 0.0278735
29020 0.0278735
28655 0.0278735
27989 0.0278735
23218 0.0278735
20099 0.0278735
19576 0.0278735
17412 0.0278735
16085 0.0278735
12788 0.0278735
9527 0.0278735
6391 0.0278735
6083 0.0278735
6033 0.0278735
5688 0.0278735
5414 0.0278735
3305 0.0278735
938 0.0278735
40228 0.027027
30379 0.027027
28901 0.027027
26928 0.027027
22072 0.027027
19712 0.027027
19580 0.027027
17381 0.027027
13670 0.027027
6859 0.027027
1918 0.027027
170 0.027027
11725 0.025641
7076 0.025641
7059 0.025641
5840 0.025641
2813 0.025641
2416 0.025641
233 0.025641
40849 0.0181818
40842 0.0181818
34977 0.0181818
34507 0.0181818
30762 0.0181818
29206 0.0181818
26786 0.0181818
25184 0.0181818
22673 0.0181818
17533 0.0181818
15276 0.0181818
12228 0.0181818
11240 0.0181818
40597 0.0175439
36239 0.0175439
36112 0.0175439
35637 0.0175439
34664 0.0175439
34169 0.0175439
29875 0.0175439
29256 0.0175439
27127 0.0175439
26448 0.0175439
17789 0.0175439
15913 0.0175439
12289 0.0175439
6319 0.0175439
6067 0.0175439
4672 0.0175439
2439 0.0175439
40525 0.0172414
37070 0.0172414
36948 0.0172414
36703 0.0172414
35185 0.0172414
31450 0.0172414
30476 0.0172414
30419 0.0172414
28547 0.0172414
27863 0.0172414
27796 0.0172414
27388 0.0172414
27208 0.0172414
27166 0.0172414
24407 0.0172414
21978 0.0172414
18765 0.0172414
14934 0.0172414
14569 0.0172414
11857 0.0172414
11389 0.0172414
10601 0.0172414
6412 0.0172414
3852 0.0172414
39787 0.0144928
26151 0.0144928
24420 0.0144928
17527 0.0144928
40602 0.0133333
40106 0.0133333
37421 0.0133333
33435 0.0133333
30815 0.0133333
28966 0.0133333
23163 0.0133333
22598 0.0133333
20287 0.0133333
20153 0.0133333
19256 0.0133333
18629 0.0133333
17104 0.0133333
16687 0.0133333
13026 0.0133333
12321 0.0133333
11113 0.0133333
10975 0.0133333
10951 0.0133333
5872 0.0133333
5103 0.0133333
3713 0.0133333
2546 0.0133333
1268 0.0133333
1228 0.0133333
40383 0.0106383
40165 0.0106383
37948 0.0106383
37546 0.0106383
34544 0.0106383
33706 0.0106383
31495 0.0106383
31367 0.0106383
31118 0.0106383
26794 0.0106383
26095 0.0106383
25449 0.0106383
24279 0.0106383
21323 0.0106383
21053 0.0106383
19899 0.0106383
18912 0.0106383
14769 0.0106383
14658 0.0106383
13560 0.0106383
12238 0.0106383
8278 0.0106383
8264 0.0106383
7807 0.0106383
6541 0.0106383
4085 0.0106383
3762 0.0106383
3676 0.0106383
838 0.0106383
40644 0.00763359
39947 0.00763359
38772 0.00763359
38414 0.00763359
37077 0.00763359
35904 0.00763359
33028 0.00763359
32535 0.00763359
30676 0.00763359
29225 0.00763359
27900 0.00763359
24505 0.00763359
19551 0.00763359
18810 0.00763359
18119 0.00763359
17631 0.00763359
17277 0.00763359
16603 0.00763359
14966 0.00763359
11922 0.00763359
11626 0.00763359
11331 0.00763359
7511 0.00763359
6801 0.00763359
4038 0.00763359
3940 0.00763359
1519 0.00763359
39642 0.00574713
38262 0.00574713
37882 0.00574713
37597 0.00574713
35062 0.00574713
34835 0.00574713
33067 0.00574713
31858 0.00574713
31151 0.00574713
30636 0.00574713
30050 0.00574713
29586 0.00574713
29439 0.00574713
29091 0.00574713
28635 0.00574713
28575 0.00574713
27349 0.00574713
26971 0.00574713
26843 0.00574713
