39963 13.2356
36696 6.56842
31329 6.10194
17753 4.45957
12593 2.99274
35350 2.71018
20324 2.71018
24824 2.43135
4874 2.42147
20003 2.36447
27943 2.34673
17192 2.20217
2767 2.025
3228 1.85556
28818 1.85111
910 1.84703
3997 1.81825
9288 1.72255
23530 1.66786
7961 1.66372
37484 1.58196
10011 1.43596
4654 1.29686
14079 1.26902
37569 1.11214
15164 1.07505
39238 0.993968
10940 0.971067
1757 0.966387
18678 0.936111
26270 0.925531
2380 0.914468
25242 0.909256
28775 0.895508
4286 0.868717
29825 0.853865
12980 0.789151
35529 0.772033
24253 0.759379
40500 0.747546
13460 0.723148
543 0.719031
1721 0.718505
27799 0.707512
3165 0.702074
34040 0.694346
7221 0.694346
103 0.663915
2484 0.660831
29187 0.650294
16291 0.595335
14771 0.595335
1400 0.568302
18838 0.556025
40028 0.511908
36049 0.505414
21467 0.504371
430 0.482454
18761 0.46762
29784 0.428472
4405 0.407563
24776 0.372985
30792 0.353516
9561 0.333333
8672 0.333333
6969 0.333333
1075 0.333333
24170 0.331909
4834 0.331909
728 0.331909
39962 0.331071
33297 0.331071
2885 0.331071
35582 0.318426
6000 0.277778
27595 0.263743
37995 0.257576
17243 0.257576
9712 0.257576
7955 0.257576
5421 0.257576
32801 0.25
25335 0.25
19072 0.25
13450 0.25
10902 0.25
3131 0.25
2560 0.25
11648 0.229371
40884 0.227994
8160 0.220861
30916 0.2
19920 0.187657
11708 0.187657
12748 0.183824
28552 0.166667
22594 0.166667
8027 0.166667
23843 0.156863
21703 0.156863
17597 0.156863
17312 0.156109
39791 0.150452
35734 0.150452
32620 0.150452
29852 0.150452
18119 0.150452
19032 0.143713
34174 0.142857
28435 0.142857
26401 0.142857
20730 0.142857
15844 0.142857
15403 0.142857
2943 0.142857
681 0.138941
32641 0.125
31097 0.125
30054 0.125
30040 0.125
29576 0.125
17115 0.125
1975 0.125
848 0.125
19858 0.121544
37973 0.111111
20106 0.111111
17368 0.111111
15416 0.111111
13635 0.111111
10361 0.111111
8465 0.111111
6654 0.111111
3239 0.111111
33782 0.104208
8480 0.1
34459 0.0909091
23696 0.0909091
12042 0.0909091
10405 0.0909091
232 0.0909091
40814 0.0833333
24787 0.0833333
24162 0.0833333
20356 0.0833333
18003 0.0825409
35063 0.0769231
10867 0.0714286
24889 0.0666667
20956 0.0666667
11870 0.0666667
38798 0.0588235
34369 0.0588235
30676 0.0588235
25016 0.0588235
24228 0.0588235
24002 0.0588235
16406 0.0588235
15854 0.0588235
12357 0.0588235
2542 0.0588235
34768 0.0526316
29354 0.0526316
19995 0.0526316
18328 0.0526316
6492 0.0416667
35866 0.0384615
24894 0.0384615
20250 0.0384615
19771 0.0384615
17401 0.0384615
17277 0.0384615
6992 0.0384615
39942 0.037037
39724 0.037037
32731 0.037037
31152 0.037037
30892 0.037037
29013 0.037037
23519 0.037037
18573 0.037037
16996 0.037037
15991 0.037037
12558 0.037037
12210 0.037037
8276 0.037037
39947 0.0294118
35346 0.0294118
27989 0.0294118
11080 0.0294118
110 0.0294118
39951 0.0238095
24239 0.0238095
22711 0.0238095
22184 0.0238095
15148 0.0238095
14138 0.0238095
27555 0.0232558
11004 0.0232558
40888 0.0147059
39371 0.0147059
37689 0.0147059
37661 0.0147059
36952 0.0147059
36734 0.0147059
35043 0.0147059
34911 0.0147059
34611 0.0147059
34355 0.0147059
31301 0.0147059
31147 0.0147059
29997 0.0147059
29709 0.0147059
29408 0.0147059
29158 0.0147059
29154 0.0147059
28404 0.0147059
26750 0.0147059
26400 0.0147059
25284 0.0147059
24803 0.0147059
23675 0.0147059
22930 0.0147059
22778 0.0147059
22405 0.0147059
21735 0.0147059
21160 0.0147059
20385 0.0147059
20065 0.0147059
18248 0.0147059
17288 0.0147059
14603 0.0147059
13845 0.0147059
13236 0.0147059
13115 0.0147059
13090 0.0147059
12498 0.0147059
10010 0.0147059
9831 0.0147059
9197 0.0147059
6770 0.0147059
6477 0.0147059
6309 0.0147059
1752 0.0147059
1480 0.0147059
1462 0.0147059
1323 0.0147059
830 0.0147059
40980 0
40979 0
40978 0
40977 0
40976 0
40975 0
40974 0
40973 0
40972 0
40971 0
40970 0
40969 0
40968 0
40967 0
40966 0
40965 0
40964 0
40963 0
40962 0
40961 0
40960 0
40959 0
40958 0
40957 0
40956 0
40955 0
40954 0
40953 0
40952 0
40951 0
40950 0
40949 0
40948 0
40947 0
40946 0
40945 0
40944 0
40943 0
40942 0
40941 0
40940 0
40939 0
40938 0
40937 0
40936 0
40935 0
40934 0
40933 0
40932 0
40931 0
40930 0
40929 0
40928 0
40927 0
40926 0
40925 0
40924 0
40923 0
40922 0
40921 0
40920 0
40919 0
40918 0
40917 0
40916 0
40915 0
40914 0
40913 0
40912 0
40911 0
40910 0
40909 0
40908 0
40907 0
40906 0
40905 0
40904 0
40903 0
40902 0
40901 0
40900 0
40899 0
40898 0
40897 0
40896 0
40895 0
40894 0
40893 0
40892 0
40891 0
40890 0
40889 0
40887 0
40886 0
40885 0
40883 0
40882 0
40881 0
40880 0
40879 0
40878 0
40877 0
40876 0
40875 0
40874 0
40873 0
40872 0
40871 0
40870 0
40869 0
40868 0
40867 0
40866 0
40865 0
40864 0
40863 0
40862 0
40861 0
40860 0
40859 0
40858 0
40857 0
40856 0
40855 0
40854 0
40853 0
40852 0
40851 0
40850 0
40849 0
40848 0
40847 0
40846 0
40845 0
40844 0
40843 0
40842 0
40841 0
40840 0
40839 0
40838 0
40837 0
40836 0
40835 0
40834 0
40833 0
40832 0
40831 0
40830 0
40829 0
40828 0
40827 0
40826 0
40825 0
40824 0
40823 0
40822 0
40821 0
40820 0
40819 0
40818 0
40817 0
40816 0
40815 0
40813 0
40812 0
40811 0
40810 0
40809 0
40808 0
40807 0
40806 0
40805 0
40804 0
40803 0
40802 0
40801 0
40800 0
40799 0
40798 0
40797 0
40796 0
40795 0
40794 0
40793 0
40792 0
40791 0
40790 0
40789 0
40788 0
40787 0
40786 0
40785 0
40784 0
40783 0
40782 0
40781 0
40780 0
40779 0
40778 0
40777 0
40776 0
40775 0
40774 0
40773 0
40772 0
40771 0
40770 0
40769 0
40768 0
40767 0
40766 0
40765 0
40764 0
40763 0
40762 0
40761 0
40760 0
40759 0
40758 0
40757 0
40756 0
40755 0
40754 0
40753 0
40752 0
40751 0
40750 0
40749 0
40748 0
40747 0
40746 0
40745 0
40744 0
40743 0
40742 0
40741 0
40740 0
40739 0
40738 0
40737 0
40736 0
40735 0
40734 0
40733 0
40732 0
40731 0
40730 0
40729 0
40728 0
40727 0
40726 0
