72 15.8214
17131 12.0706
29401 11.8117
16090 10.7286
25583 9.99772
18428 8.99714
5067 8.95905
23843 8.30748
40882 7.45122
29376 7.28616
39383 6.77686
19820 5.8461
10689 5.75348
20250 5.07801
1643 4.54878
13309 4.53814
16390 4.36943
23928 4.23568
38627 4.03188
36672 3.7437
14543 3.65801
34737 3.63785
3200 3.583
5783 3.56646
14822 3.47217
16868 3.35476
3300 3.22801
27779 3.04567
29373 2.87323
17169 2.86291
28572 2.78082
7929 2.75426
12527 2.66544
10594 2.56942
40420 2.53826
18088 2.36894
37776 2.36144
37720 2.34702
24670 2.34499
10061 2.02291
17295 1.95504
12020 1.75007
23552 1.73688
6399 1.69602
1659 1.68654
23024 1.66398
19733 1.61504
8970 1.61371
37328 1.6083
8707 1.4984
21606 1.47335
7811 1.39845
11412 1.31979
1094 1.27619
24423 1.24488
21712 1.23764
4036 1.22166
3138 1.17085
15172 1.16976
40190 1.16627
35297 1.16581
14398 1.15772
39395 1.11421
31153 1.08993
1514 1.06783
21689 1.05467
32870 1.04696
4998 1.02909
28922 1.02088
27135 1.01856
29871 0.989229
5787 0.983824
26627 0.979118
25016 0.978888
14227 0.971952
19404 0.965079
19032 0.929502
23796 0.887618
22355 0.883135
23696 0.875769
25353 0.866667
1773 0.860803
7846 0.860538
6112 0.858261
37703 0.838889
3111 0.824362
18834 0.799937
4870 0.79747
37506 0.788472
15372 0.769192
29908 0.756746
28500 0.753968
40578 0.75
24754 0.74072
10703 0.734007
8507 0.715909
4478 0.694444
14096 0.683169
39296 0.674242
40796 0.665909
12749 0.65627
2675 0.654284
33596 0.651467
12694 0.651323
4617 0.631746
28375 0.625
27912 0.611111
40363 0.6
21061 0.6
26153 0.596868
25524 0.593961
33960 0.591601
37325 0.587302
4123 0.587302
36139 0.583333
14926 0.57193
10210 0.569444
19826 0.560859
20180 0.559402
39729 0.55
27245 0.545364
23795 0.541667
2885 0.528095
19607 0.517557
7316 0.513528
409 0.508158
12208 0.500117
12278 0.499442
8533 0.49359
19385 0.489418
1874 0.486111
26136 0.481835
20345 0.481566
13246 0.47619
22594 0.475641
7145 0.472222
32631 0.471819
20875 0.463985
32854 0.460542
38535 0.458494
16030 0.453968
2674 0.452531
19097 0.446413
4994 0.444444
8817 0.43656
23415 0.434576
6351 0.433333
34312 0.42549
40033 0.425
830 0.422557
9320 0.41847
39028 0.409524
30724 0.408333
3050 0.408333
25509 0.396825
27198 0.382576
19781 0.382576
33233 0.377946
40472 0.376623
32445 0.37619
3409 0.37619
30384 0.375
16683 0.374242
3920 0.369138
26122 0.367379
35697 0.347222
16449 0.344444
8412 0.334499
13194 0.333333
25140 0.333333
24802 0.333333
16817 0.333333
225 0.333333
28394 0.325397
24715 0.321429
902 0.321429
27195 0.306818
12733 0.305556
34127 0.301587
5821 0.298611
30370 0.294444
28106 0.291667
6592 0.291667
14203 0.286447
20158 0.283333
9553 0.28228
15225 0.274854
20159 0.274242
24758 0.274242
19246 0.268687
2560 0.268687
4472 0.26859
7402 0.265873
35675 0.265152
10184 0.260714
15295 0.256194
38330 0.25
37888 0.25
36647 0.25
36400 0.25
31301 0.25
30163 0.25
23582 0.25
22409 0.25
12013 0.25
11660 0.25
2679 0.25
14208 0.25
5905 0.246561
37223 0.245493
10251 0.242063
6547 0.241883
19581 0.241414
1108 0.238138
39951 0.237734
24239 0.237734
10555 0.236111
34841 0.235931
18887 0.235747
40402 0.235119
40474 0.232384
15803 0.232384
40833 0.223214
21889 0.219538
1112 0.216399
39249 0.215132
22501 0.21396
25922 0.208333
7476 0.207492
1232 0.205556
17210 0.205288
14801 0.202413
31285 0.201054
40915 0.2
37137 0.2
35451 0.2
34116 0.2
31951 0.2
26069 0.2
25765 0.2
25728 0.2
24283 0.2
22184 0.2
9818 0.2
5904 0.2
1847 0.2
14534 0.194444
27238 0.192157
38485 0.188095
16231 0.188095
20353 0.187037
30377 0.18061
17592 0.18061
9442 0.176703
18854 0.173893
40014 0.166667
39873 0.166667
33633 0.166667
30419 0.166667
26579 0.166667
26402 0.166667
16298 0.166667
14579 0.166667
11667 0.166667
7742 0.166667
4975 0.166667
3507 0.166667
2794 0.166667
878 0.165812
30209 0.164881
25535 0.164502
12589 0.163391
25317 0.161813
37134 0.156335
22499 0.154973
1008 0.154973
28350 0.146075
7125 0.146075
36509 0.14521
38812 0.142857
34516 0.142857
34161 0.142857
33163 0.142857
31985 0.142857
29113 0.142857
26521 0.142857
25219 0.142857
24821 0.142857
23720 0.142857
19901 0.142857
19140 0.142857
17828 0.142857
14931 0.142857
8588 0.142857
5484 0.142857
3936 0.142857
37027 0.141491
25019 0.139171
24663 0.137446
6235 0.13732
17711 0.131328
14138 0.129464
13654 0.129464
35715 0.125
34392 0.125
34384 0.125
33670 0.125
30826 0.125
30754 0.125
28234 0.125
26523 0.125
26203 0.125
23252 0.125
21703 0.125
18582 0.125
15709 0.125
15042 0.125
4471 0.125
4467 0.125
23196 0.12246
233 0.119335
33510 0.11933
16250 0.118649
35296 0.111111
33956 0.111111
33401 0.111111
32329 0.111111
31047 0.111111
28034 0.111111
27686 0.111111
25952 0.111111
24406 0.111111
22405 0.111111
21470 0.111111
19880 0.111111
16789 0.111111
15055 0.111111
14823 0.111111
13072 0.111111
12714 0.111111
9249 0.111111
7714 0.111111
6271 0.111111
4912 0.111111
645 0.111111
37542 0.1
33559 0.1
24302 0.1
21898 0.1
18314 0.1
17301 0.1
16933 0.1
9243 0.1
8182 0.1
7932 0.1
2985 0.1
23898 0.0915952
40149 0.0909091
31256 0.0909091
29826 0.0909091
25685 0.0909091
24785 0.0909091
24242 0.0909091
22388 0.0909091
21833 0.0909091
16745 0.0909091
12855 0.0909091
12638 0.0909091
9885 0.0909091
8735 0.0909091
8672 0.0909091
5124 0.0909091
4018 0.0909091
30561 0.0907304
40147 0.0833333
40006 0.0833333
39908 0.0833333
37342 0.0833333
37293 0.0833333
32707 0.0833333
32599 0.0833333
29551 0.0833333
26346 0.0833333
25597 0.0833333
16123 0.0833333
15954 0.0833333
14807 0.0833333
13043 0.0833333
12652 0.0833333
11726 0.0833333
11113 0.0833333
6552 0.0833333
6021 0.0833333
3223 0.0833333
40856 0.0769231
33952 0.0769231
32764 0.0769231
32060 0.0769231
31450 0.0769231
27732 0.0769231
15721 0.0769231
7852 0.0769231
6062 0.0769231
3783 0.0769231
39791 0.0728932
35063 0.0728932
17154 0.0728932
38082 0.0714286
38048 0.0714286
31283 0.0714286
19293 0.0714286
18803 0.0714286
14371 0.0714286
11411 0.0714286
6624 0.0714286
6239 0.0714286
6174 0.0714286
38281 0.0666667
28791 0.0666667
26172 0.0666667
16571 0.0666667
12681 0.0666667
6125 0.0666667
4404 0.0666667
1975 0.0666667
39995 0.0625
38956 0.0625
37523 0.0625
22104 0.0625
22098 0.0625
20776 0.0625
19643 0.0625
12451 0.0625
8498 0.0625
6010 0.0625
3541 0.0625
862 0.0625
744 0.0625
40198 0.0588235
25885 0.0588235
35132 0.0555556
28137 0.0555556
23172 0.0555556
20397 0.0555556
16558 0.0555556
32950 0.0526316
23489 0.0526316
22393 0.0526316
15634 0.0526316
12611 0.0526316
7536 0.0526316
27926 0.047619
15567 0.047619
3922 0.047619
32199 0.0454545
22381 0.0454545
4689 0.0454545
38820 0.0416667
35505 0.0416667
35349 0.0416667
21634 0.0416667
11214 0.0416667
5179 0.0416667
4569 0.0416667
39336 0.037037
38225 0.037037
37758 0.037037
35360 0.037037
35179 0.037037
33135 0.037037
33081 0.037037
28216 0.037037
19586 0.037037
16534 0.037037
16112 0.037037
12427 0.037037
11497 0.037037
9334 0.037037
7947 0.037037
6738 0.037037
4991 0.037037
3074 0.037037
1885 0.037037
1129 0.037037
73 0.037037
34385 0.0357143
18520 0.0357143
6924 0.0357143
30191 0.0333333
18806 0.0333333
2840 0.0333333
36341 0.0322581
32885 0.0322581
32668 0.0322581
31458 0.0322581
27333 0.0322581
16095 0.0322581
9596 0.0322581
3852 0.03125
39962 0.030303
