31301 17.2468
18332 8.34082
581 4.8662
7907 4.80627
21113 3.66064
37924 1.59022
18328 1.2767
8027 1.16661
17634 0.935714
32885 0.809524
18529 0.763528
31130 0.689776
27354 0.667381
32 0.616667
15603 0.611111
19729 0.547912
8186 0.533333
23696 0.432051
919 0.42619
40017 0.408333
543 0.40202
29997 0.35049
28305 0.349733
2838 0.333333
1975 0.325
10923 0.316399
36899 0.312792
15034 0.301099
11814 0.284314
7788 0.284314
29934 0.283242
18625 0.278943
21341 0.268478
19318 0.268478
22478 0.25
15352 0.25
32939 0.245671
16827 0.245159
24414 0.237607
2659 0.237607
29175 0.213413
40589 0.2
34768 0.2
33189 0.2
32176 0.175641
14661 0.175641
9791 0.175641
25337 0.166667
13646 0.166667
9665 0.166667
2337 0.166667
363 0.166667
30668 0.142857
21229 0.142857
21005 0.142857
16782 0.142857
34904 0.125
15026 0.125
37156 0.111111
18027 0.111111
16970 0.111111
23843 0.1
13990 0.1
13635 0.1
13397 0.1
9494 0.1
39791 0.0909091
35185 0.0909091
27799 0.0909091
26750 0.0909091
26088 0.0909091
22594 0.0909091
21978 0.0909091
14645 0.0909091
6195 0.0909091
4998 0.0909091
25750 0.0833333
19032 0.0833333
17301 0.0833333
14544 0.0833333
13254 0.0833333
18339 0.0769231
12399 0.0769231
40829 0.0714286
8672 0.0714286
7691 0.0714286
5214 0.0714286
34267 0.0588235
34183 0.0588235
29716 0.0588235
28197 0.0588235
25271 0.0588235
24825 0.0588235
23202 0.0588235
15391 0.0588235
4507 0.0588235
3232 0.0588235
2400 0.0588235
36862 0.0434783
29831 0.0434783
28010 0.0434783
24780 0.0434783
22339 0.0434783
21225 0.0434783
18551 0.0434783
6869 0.0434783
53 0.0434783
40974 0.0153846
40211 0.0153846
38985 0.0153846
38546 0.0153846
37935 0.0153846
37523 0.0153846
36919 0.0153846
35597 0.0153846
35219 0.0153846
33802 0.0153846
33606 0.0153846
33290 0.0153846
31826 0.0153846
31586 0.0153846
29878 0.0153846
29599 0.0153846
27933 0.0153846
25625 0.0153846
24056 0.0153846
23582 0.0153846
23016 0.0153846
22804 0.0153846
20979 0.0153846
20913 0.0153846
20527 0.0153846
19894 0.0153846
19034 0.0153846
18950 0.0153846
18906 0.0153846
17687 0.0153846
17331 0.0153846
16428 0.0153846
14566 0.0153846
12728 0.0153846
11248 0.0153846
11118 0.0153846
8622 0.0153846
7672 0.0153846
7017 0.0153846
6504 0.0153846
6160 0.0153846
5645 0.0153846
5361 0.0153846
5279 0.0153846
2452 0.0153846
1943 0.0153846
1794 0.0153846
865 0.0153846
720 0.0153846
40980 0
40979 0
40978 0
40977 0
40976 0
40975 0
40973 0
40972 0
40971 0
40970 0
40969 0
40968 0
40967 0
40966 0
40965 0
40964 0
40963 0
40962 0
40961 0
40960 0
40959 0
40958 0
40957 0
40956 0
40955 0
40954 0
40953 0
40952 0
40951 0
40950 0
40949 0
40948 0
40947 0
40946 0
40945 0
40944 0
40943 0
40942 0
40941 0
40940 0
40939 0
40938 0
40937 0
40936 0
40935 0
40934 0
40933 0
40932 0
40931 0
40930 0
40929 0
40928 0
40927 0
40926 0
40925 0
40924 0
40923 0
40922 0
40921 0
40920 0
40919 0
40918 0
40917 0
40916 0
40915 0
40914 0
40913 0
40912 0
40911 0
40910 0
40909 0
40908 0
40907 0
40906 0
40905 0
40904 0
40903 0
40902 0
40901 0
40900 0
40899 0
40898 0
40897 0
40896 0
40895 0
40894 0
40893 0
40892 0
40891 0
40890 0
40889 0
40888 0
40887 0
40886 0
40885 0
40884 0
40883 0
40882 0
40881 0
40880 0
40879 0
40878 0
40877 0
40876 0
40875 0
40874 0
40873 0
40872 0
40871 0
40870 0
40869 0
40868 0
40867 0
40866 0
40865 0
40864 0
40863 0
40862 0
40861 0
40860 0
40859 0
40858 0
40857 0
40856 0
40855 0
40854 0
40853 0
40852 0
40851 0
40850 0
40849 0
40848 0
40847 0
40846 0
40845 0
40844 0
40843 0
40842 0
40841 0
40840 0
40839 0
40838 0
40837 0
40836 0
40835 0
40834 0
40833 0
40832 0
40831 0
40830 0
40828 0
40827 0
40826 0
40825 0
40824 0
40823 0
40822 0
40821 0
40820 0
40819 0
40818 0
40817 0
40816 0
40815 0
40814 0
40813 0
40812 0
40811 0
40810 0
40809 0
40808 0
40807 0
40806 0
40805 0
40804 0
40803 0
40802 0
40801 0
40800 0
40799 0
40798 0
40797 0
40796 0
40795 0
40794 0
40793 0
40792 0
40791 0
40790 0
40789 0
40788 0
40787 0
40786 0
40785 0
40784 0
40783 0
40782 0
40781 0
40780 0
40779 0
40778 0
40777 0
40776 0
40775 0
40774 0
40773 0
40772 0
40771 0
40770 0
40769 0
40768 0
40767 0
40766 0
40765 0
40764 0
40763 0
40762 0
40761 0
40760 0
40759 0
40758 0
40757 0
40756 0
40755 0
40754 0
40753 0
40752 0
40751 0
40750 0
40749 0
40748 0
40747 0
40746 0
40745 0
40744 0
40743 0
40742 0
40741 0
40740 0
40739 0
40738 0
40737 0
40736 0
40735 0
40734 0
40733 0
40732 0
40731 0
40730 0
40729 0
40728 0
40727 0
40726 0
40725 0
40724 0
40723 0
40722 0
40721 0
40720 0
40719 0
40718 0
40717 0
40716 0
40715 0
40714 0
40713 0
40712 0
40711 0
40710 0
40709 0
40708 0
40707 0
40706 0
40705 0
40704 0
40703 0
40702 0
40701 0
40700 0
40699 0
40698 0
40697 0
40696 0
40695 0
40694 0
40693 0
40692 0
40691 0
40690 0
40689 0
40688 0
40687 0
40686 0
40685 0
40684 0
40683 0
40682 0
40681 0
40680 0
40679 0
40678 0
40677 0
40676 0
40675 0
40674 0
40673 0
40672 0
40671 0
40670 0
40669 0
40668 0
40667 0
40666 0
40665 0
40664 0
40663 0
40662 0
40661 0
40660 0
40659 0
40658 0
40657 0
40656 0
40655 0
40654 0
40653 0
40652 0
40651 0
40650 0
40649 0
40648 0
40647 0
40646 0
40645 0
40644 0
40643 0
40642 0
40641 0
40640 0
40639 0
40638 0
40637 0
40636 0
40635 0
