13654 2.47662
14138 2.20625
830 1.93887
17312 1.83897
2781 1.44337
27799 1.31775
35525 1.26305
30847 1.18855
23468 1.18855
13916 1.07185
17137 1.00203
11789 0.942535
18842 0.938501
26181 0.915157
1659 0.898767
11626 0.884499
10210 0.81834
4872 0.791437
14934 0.778927
39172 0.769508
12525 0.674388
9553 0.674388
21323 0.65924
35734 0.622804
29640 0.611839
39960 0.611598
34116 0.611598
27395 0.611598
15225 0.57755
35317 0.56884
19253 0.550493
35346 0.487017
27926 0.474691
24678 0.473066
30793 0.458222
35706 0.448124
7001 0.444879
3852 0.435006
36400 0.430229
2885 0.41314
28094 0.39989
22405 0.398154
12569 0.39071
12110 0.386999
37882 0.36343
15665 0.336033
17393 0.33521
23898 0.32977
32620 0.329652
3002 0.327518
5821 0.325355
33267 0.320647
35766 0.320531
16715 0.320531
3645 0.316056
448 0.315278
36313 0.308158
8035 0.29963
20007 0.288269
19379 0.288088
11243 0.285288
34999 0.269029
697 0.262227
5481 0.257893
5778 0.253988
3124 0.253172
33452 0.249506
31582 0.246882
34043 0.241401
23089 0.240678
24239 0.239905
16298 0.239905
10601 0.230982
40204 0.218915
428 0.214739
28655 0.213535
35082 0.212821
26069 0.212353
22184 0.206886
18520 0.206886
1610 0.206886
35265 0.203265
32688 0.201763
37672 0.197544
8969 0.197056
2877 0.196424
39791 0.195257
5824 0.186254
40342 0.185633
8672 0.182078
37340 0.177268
4994 0.174126
8412 0.171871
26323 0.170899
8309 0.166778
22743 0.159274
22960 0.159156
3068 0.157391
25659 0.157151
33545 0.155633
31301 0.155343
6041 0.151202
4539 0.151202
31947 0.150796
26832 0.150757
21757 0.149942
13759 0.149445
39177 0.146959
34998 0.146959
1966 0.145829
9197 0.144345
32043 0.14238
8688 0.141912
6807 0.141315
8828 0.137977
4467 0.136607
38345 0.134122
38952 0.131608
27947 0.129766
14672 0.126262
25371 0.125738
9196 0.121169
13513 0.120491
170 0.118908
6140 0.118371
37342 0.118327
432 0.118327
34911 0.117848
18845 0.117305
35185 0.115038
11488 0.115038
26512 0.113975
29586 0.113744
28110 0.111455
36540 0.110481
39245 0.110043
39661 0.109649
27740 0.107071
5875 0.107071
27388 0.104805
3541 0.102683
14589 0.100224
34558 0.1
29551 0.1
23370 0.0996736
2786 0.0987974
32552 0.0986737
18834 0.0986737
2262 0.0986737
27863 0.0980861
8237 0.0980861
3030 0.0980861
31631 0.0966921
2168 0.0965476
33765 0.0962812
40668 0.093552
30209 0.093552
24116 0.093552
11052 0.0929101
19277 0.0909091
27033 0.090721
37496 0.0896686
33458 0.0885348
29237 0.0885348
6592 0.0876335
4900 0.0863902
938 0.0863902
16283 0.0856009
29030 0.0852859
30425 0.0833333
20099 0.0833333
23442 0.0824711
16097 0.0821895
22905 0.080701
11536 0.0792156
35029 0.0786465
31111 0.0786465
22711 0.0786465
25360 0.0785568
39642 0.0775978
16076 0.0775978
31675 0.0746194
30652 0.0746194
24224 0.0743902
35086 0.0729507
30545 0.0729507
35193 0.0715594
7852 0.0714286
5293 0.0713944
4852 0.0713944
21343 0.0703502
18356 0.0690208
4361 0.0690208
17492 0.0654521
34662 0.0654446
1975 0.0648067
18531 0.0632532
7274 0.0632532
17412 0.0631034
17068 0.0627439
22403 0.0625714
11804 0.0625
11559 0.0625
5708 0.0625
3095 0.0623846
33028 0.0610183
15416 0.0610183
2069 0.0610183
8135 0.0608445
26541 0.0604164
8913 0.0594554
15562 0.0590203
36661 0.0588235
25651 0.0588235
24505 0.0588235
19695 0.0588235
10696 0.0588235
37027 0.058497
3507 0.0581567
15016 0.0576776
6300 0.0575578
25505 0.0555556
21101 0.0555556
8224 0.0555556
71 0.0555556
39947 0.0546252
32607 0.0546252
27989 0.0546252
26084 0.0546252
22368 0.0546252
21978 0.0546252
16058 0.0546252
15873 0.0546252
14768 0.0546252
11080 0.0546252
5719 0.0546252
110 0.0546252
20177 0.0546079
12360 0.0546079
21703 0.0544167
38118 0.0536163
23843 0.0531622
12377 0.0531622
14842 0.0526316
543 0.0525875
26477 0.0500357
15913 0.05
11101 0.05
10925 0.05
9784 0.05
9680 0.05
7807 0.05
7286 0.05
4189 0.05
80 0.05
34315 0.0496582
18329 0.0496582
4484 0.0496582
22313 0.0488274
24368 0.047619
21861 0.047619
36952 0.047255
30676 0.047255
17277 0.047255
5423 0.047255
2869 0.047255
40890 0.0454545
37948 0.0454545
33562 0.0454545
32243 0.0454545
22530 0.0454545
6979 0.0454545
828 0.0454545
37641 0.0450497
2484 0.0450497
40649 0.0416667
31132 0.0416667
14848 0.0416667
11890 0.0416667
36160 0.0411185
31140 0.0411185
15467 0.0411185
39507 0.04
32536 0.04
25826 0.04
13933 0.04
10453 0.04
9583 0.04
6906 0.04
2837 0.04
39951 0.0393767
37374 0.0393767
22914 0.0393767
17590 0.0393767
4112 0.0393767
37689 0.0384615
34034 0.0384615
33308 0.0384615
28862 0.0384615
16504 0.0384615
3936 0.0384615
1487 0.0384615
40228 0.037037
32838 0.037037
22745 0.037037
20078 0.037037
18964 0.037037
13669 0.037037
9592 0.037037
9239 0.037037
8342 0.037037
7412 0.037037
90 0.037037
37711 0.0357143
29923 0.0357143
13658 0.0357143
13507 0.0357143
36528 0.0322581
34123 0.0322581
25614 0.0322581
25076 0.0322581
7592 0.0322581
6252 0.0322581
4548 0.0322581
17921 0.030303
31553 0.0277778
13628 0.0277778
40861 0.027027
40764 0.027027
40597 0.027027
39155 0.027027
33706 0.027027
33477 0.027027
31551 0.027027
30216 0.027027
30054 0.027027
28749 0.027027
28560 0.027027
27486 0.027027
26971 0.027027
25869 0.027027
24041 0.027027
21217 0.027027
21079 0.027027
19566 0.027027
17637 0.027027
17441 0.027027
16047 0.027027
15354 0.027027
13388 0.027027
9283 0.027027
8384 0.027027
8367 0.027027
7753 0.027027
7624 0.027027
6801 0.027027
4772 0.027027
4761 0.027027
1355 0.027027
38907 0.0263158
37750 0.0263158
37555 0.0263158
37426 0.0263158
33633 0.0263158
33108 0.0263158
31333 0.0263158
31318 0.0263158
30876 0.0263158
29875 0.0263158
28611 0.0263158
27796 0.0263158
27776 0.0263158
26095 0.0263158
21189 0.0263158
19884 0.0263158
19511 0.0263158
19284 0.0263158
17267 0.0263158
16424 0.0263158
15975 0.0263158
15255 0.0263158
15054 0.0263158
15029 0.0263158
13339 0.0263158
13126 0.0263158
12893 0.0263158
11909 0.0263158
9199 0.0263158
6859 0.0263158
5044 0.0263158
4444 0.0263158
3821 0.0263158
3356 0.0263158
3229 0.0263158
2618 0.0263158
2249 0.0263158
1965 0.0263158
1133 0.0263158
631 0.0263158
416 0.0263158
129 0.0263158
33617 0.025641
30476 0.025641
20960 0.025641
40171 0.025
33457 0.0243902
31056 0.0238095
22390 0.0238095
39183 0.0232558
36909 0.0232558
34439 0.0232558
29477 0.0232558
25765 0.0232558
18248 0.0232558
15297 0.0232558
7096 0.0232558
4296 0.0232558
27565 0.0217391
19967 0.0217391
15012 0.0217391
13655 0.0217391
7142 0.0217391
33377 0.0212766
32930 0.0212766
28912 0.0212766
27349 0.0212766
26337 0.0212766
25791 0.0212766
24400 0.0212766
24126 0.0212766
23218 0.0212766
11339 0.0212766
6319 0.0212766
5431 0.0212766
5162 0.0212766
4455 0.0212766
36673 0.0208333
29634 0.0208333
15476 0.0208333
31260 0.0204082
23886 0.0204082
16399 0.0204082
10923 0.0204082
8027 0.0204082
7306 0.0204082
33653 0.0196078
26366 0.0196078
24596 0.0196078
22072 0.0196078
14133 0.0196078
12989 0.0196078
12766 0.0196078
39076 0.0175439
38262 0.0175439
28880 0.0175439
22551 0.0175439
21801 0.0175439
18756 0.0175439
13491 0.0175439
27695 0.0172414
11718 0.0172414
7025 0.0172414
31613 0.015873
26410 0.015873
10034 0.015873
3940 0.015873
1760 0.015873
200 0.015873
38583 0.0151515
37502 0.0151515
33142 0.0151515
27208 0.0151515
13433 0.0151515
13337 0.0151515
12935 0.0151515
12933 0.0151515
5479 0.0151515
2749 0.0151515
35194 0.0149254
30419 0.0149254
29851 0.0149254
24611 0.0149254
21338 0.0149254
12321 0.0149254
5727 0.0149254
2463 0.0149254
25673 0.0144928
23446 0.0144928
20042 0.0144928
4796 0.0144928
39400 0.0138889
32223 0.0138889
30379 0.0138889
29102 0.0138889
27190 0.0138889
19712 0.0138889
10480 0.0138889
1346 0.0138889
538 0.0138889
306 0.0138889
