8672 45.0683
38063 12.6881
35767 8.51388
33007 6.8217
25074 4.54467
21518 3.88494
23843 2.69206
36035 2.52058
34694 2.42385
27846 2.2809
16628 2.10882
26272 2.04875
17634 1.76846
38902 1.76769
21199 1.55041
4520 1.53187
38151 1.52934
3936 1.51345
13775 1.48834
4878 1.47814
37910 1.39121
15769 1.36297
16397 1.33175
15881 1.32602
20926 1.28542
18034 1.27343
5693 1.25501
3939 1.10307
34665 1.09643
26972 1.09444
37754 1.0873
3782 1.06591
11142 1.06167
29795 1.03278
29737 0.974573
6176 0.939226
11192 0.895971
16652 0.872375
548 0.851582
2735 0.794551
14440 0.768927
13674 0.746825
3520 0.726175
17083 0.711335
31272 0.703516
11133 0.7
24492 0.69478
18328 0.67619
23239 0.664286
12894 0.658333
6612 0.651149
35157 0.645159
36128 0.626812
13959 0.592857
9689 0.581402
37534 0.575692
36818 0.561408
27790 0.555022
32996 0.554899
16178 0.551786
26245 0.550251
18501 0.55
30531 0.540909
36734 0.534483
25006 0.521429
11677 0.502789
35943 0.5
9665 0.495233
40417 0.483333
4389 0.483333
10737 0.453134
39695 0.435568
29993 0.435568
22387 0.435568
17231 0.435568
16389 0.435568
4814 0.435527
34216 0.43254
14002 0.429167
24594 0.425277
10404 0.418199
16196 0.417857
24376 0.414286
20280 0.410145
363 0.401149
14421 0.399102
8027 0.394444
26779 0.388596
9442 0.3875
15492 0.383333
20748 0.377778
34167 0.37734
17715 0.37734
33977 0.369326
28550 0.356565
28753 0.353968
7567 0.347222
28567 0.342857
40263 0.333333
36067 0.333333
32814 0.333333
9221 0.333333
18788 0.332392
10523 0.332392
6347 0.332392
2859 0.332392
21236 0.321429
12824 0.311111
29085 0.308466
13040 0.305357
31687 0.305195
14748 0.302778
27717 0.297619
25054 0.280761
9208 0.263095
2246 0.263095
6970 0.259483
3355 0.254589
31927 0.251812
39848 0.25
38579 0.25
35201 0.25
32072 0.25
27031 0.25
23826 0.25
20481 0.25
18950 0.25
18922 0.25
11791 0.25
7980 0.25
2158 0.25
1271 0.25
35166 0.247076
12085 0.24537
13486 0.244048
31348 0.236503
26488 0.236503
15155 0.236503
31301 0.236111
23380 0.236111
19579 0.232435
4674 0.231512
21481 0.230952
26363 0.22406
28020 0.220076
4338 0.219538
7966 0.214286
1435 0.214286
26310 0.214165
19001 0.214165
10357 0.214165
25300 0.207175
38002 0.205515
39682 0.2
35812 0.2
30054 0.2
27804 0.2
23064 0.2
18890 0.2
13210 0.2
13157 0.2
8373 0.2
8261 0.2
4931 0.2
31509 0.190038
14430 0.190038
10923 0.190038
2647 0.190038
17188 0.189245
7804 0.189245
39102 0.188462
35691 0.188462
32494 0.188462
28132 0.188462
24825 0.188462
11054 0.188462
15478 0.185689
4386 0.182901
39985 0.178023
31191 0.178023
27585 0.16759
1741 0.16759
39533 0.166667
37504 0.166667
34286 0.166667
28526 0.166667
27799 0.166667
27556 0.166667
23437 0.166667
19793 0.166667
13168 0.166667
11330 0.166667
10623 0.166667
6 0.166667
12466 0.164802
29743 0.16388
19609 0.16388
17300 0.16388
36201 0.163853
32398 0.163853
23730 0.163853
479 0.163853
31730 0.15861
26287 0.14939
9633 0.14939
6870 0.14939
40057 0.142857
38178 0.142857
37661 0.142857
37130 0.142857
36171 0.142857
34359 0.142857
26818 0.142857
24655 0.142857
23781 0.142857
20330 0.142857
19573 0.142857
18344 0.142857
16789 0.142857
12526 0.142857
5442 0.142857
13211 0.134662
23752 0.13402
29032 0.133689
7691 0.133689
6061 0.133689
2289 0.133689
36917 0.127976
28510 0.127976
27197 0.127976
23615 0.127976
23567 0.127976
22411 0.127976
6663 0.127976
2860 0.127976
2453 0.127976
553 0.127976
22963 0.12558
40550 0.125
39384 0.125
8923 0.125
7054 0.125
6768 0.125
6057 0.125
37827 0.120159
34064 0.120159
30442 0.120159
29379 0.120159
23048 0.120159
20008 0.120159
6625 0.120159
7968 0.114353
3193 0.114353
39778 0.111111
37227 0.111111
27573 0.111111
26957 0.111111
10330 0.111111
6909 0.111111
6540 0.111111
4024 0.111111
3176 0.111111
35631 0.1
24027 0.1
11332 0.1
9497 0.1
8851 0.1
8198 0.1
1586 0.1
1335 0.1
28148 0.0987544
26792 0.0987544
24367 0.0987544
18830 0.0987544
16191 0.0987544
39971 0.0909091
38307 0.0909091
35679 0.0909091
33760 0.0909091
32948 0.0909091
32879 0.0909091
29403 0.0909091
26112 0.0909091
25268 0.0909091
24678 0.0909091
11862 0.0909091
11016 0.0909091
10159 0.0909091
8675 0.0909091
7850 0.0909091
4127 0.0909091
1891 0.0909091
36520 0.0833333
34737 0.0833333
33170 0.0833333
29401 0.0833333
25573 0.0833333
25511 0.0833333
23431 0.0833333
22594 0.0833333
20211 0.0833333
13309 0.0833333
13043 0.0833333
12730 0.0833333
12416 0.0833333
11709 0.0833333
8162 0.0833333
54 0.0833333
38786 0.0769231
38203 0.0769231
37706 0.0769231
32857 0.0769231
28866 0.0769231
27422 0.0769231
16521 0.0769231
15085 0.0769231
14277 0.0769231
12100 0.0769231
9371 0.0769231
6322 0.0769231
38252 0.0714286
30909 0.0714286
27514 0.0714286
21405 0.0714286
14913 0.0714286
10944 0.0714286
9409 0.0714286
8971 0.0714286
6637 0.0714286
5027 0.0714286
4961 0.0714286
4659 0.0714286
1527 0.0714286
572 0.0714286
40883 0.0666667
31894 0.0666667
20224 0.0666667
19350 0.0666667
14067 0.0666667
5748 0.0666667
4785 0.0666667
35332 0.0625
34263 0.0625
33687 0.0625
32933 0.0625
28852 0.0625
26083 0.0625
26011 0.0625
25584 0.0625
24039 0.0625
21908 0.0625
18899 0.0625
15847 0.0625
15686 0.0625
15592 0.0625
10055 0.0625
9086 0.0625
4405 0.0625
2063 0.0625
1559 0.0625
5 0.0625
40488 0.0588235
40277 0.0588235
27895 0.0588235
20624 0.0588235
17066 0.0588235
10248 0.0588235
2490 0.0588235
26220 0.0555556
27104 0.0526316
23458 0.0526316
17550 0.0526316
7094 0.0526316
5671 0.0526316
1547 0.0526316
40678 0.047619
36267 0.047619
36010 0.047619
33303 0.047619
29136 0.047619
26940 0.047619
24480 0.047619
24049 0.047619
23721 0.047619
16161 0.047619
15019 0.047619
8984 0.047619
3833 0.047619
37212 0.0434783
36060 0.0434783
32885 0.0434783
32765 0.0434783
31138 0.0434783
30874 0.0434783
29759 0.0434783
28061 0.0434783
26201 0.0434783
25945 0.0434783
22207 0.0434783
20943 0.0434783
20581 0.0434783
20528 0.0434783
17152 0.0434783
14827 0.0434783
13080 0.0434783
7958 0.0434783
4301 0.0434783
3691 0.0434783
2913 0.0434783
1485 0.0434783
39061 0.0384615
37372 0.0384615
37184 0.0384615
36963 0.0384615
36473 0.0384615
33362 0.0384615
32661 0.0384615
31887 0.0384615
22259 0.0384615
17770 0.0384615
17175 0.0384615
17103 0.0384615
14166 0.0384615
12054 0.0384615
11659 0.0384615
10751 0.0384615
9540 0.0384615
6731 0.0384615
2483 0.0384615
31202 0.037037
29889 0.037037
29684 0.037037
17684 0.037037
14213 0.037037
12639 0.037037
35138 0.0344828
34495 0.0344828
34311 0.0344828
33185 0.0344828
31995 0.0344828
31907 0.0344828
30663 0.0344828
29467 0.0344828
28089 0.0344828
28011 0.0344828
27963 0.0344828
27886 0.0344828
26183 0.0344828
24414 0.0344828
23154 0.0344828
23091 0.0344828
22699 0.0344828
22270 0.0344828
21911 0.0344828
21582 0.0344828
21579 0.0344828
21172 0.0344828
20489 0.0344828
20128 0.0344828
19932 0.0344828
19407 0.0344828
15237 0.0344828
15179 0.0344828
13523 0.0344828
13208 0.0344828
10962 0.0344828
10073 0.0344828
9561 0.0344828
6096 0.0344828
4046 0.0344828
3106 0.0344828
2757 0.0344828
2401 0.0344828
1922 0.0344828
1664 0.0344828
1642 0.0344828
1251 0.0344828
919 0.0344828
52 0.0344828
39947 0.0277778
38711 0.0277778
35346 0.0277778
35020 0.0277778
33825 0.0277778
31817 0.0277778
30676 0.0277778
27989 0.0277778
27926 0.0277778
27094 0.0277778
26044 0.0277778
16915 0.0277778
15610 0.0277778
11080 0.0277778
7707 0.0277778
6815 0.0277778
5723 0.0277778
3739 0.0277778
2633 0.0277778
1610 0.0277778
1091 0.0277778
