31329 42.3014
1757 12.8702
3228 8.30029
37973 8.14422
19324 7.30067
15148 6.26248
27595 6.04542
11592 5.16254
19072 5.05932
22594 4.75878
1045 4.425
37484 4.40021
15403 3.92006
9712 3.80483
33297 3.79086
18328 3.73325
40023 3.73307
23992 3.24516
1061 3.04548
5615 2.99159
30792 2.97834
23332 2.91627
36126 2.73339
18950 2.55873
27234 2.46567
2359 2.44734
24228 2.37125
18905 2.12557
32885 2.10952
31562 2.00558
32755 1.94654
12980 1.94286
22867 1.9338
543 1.83932
22668 1.77202
34174 1.77121
31301 1.74921
4906 1.71727
14344 1.67711
36511 1.66367
15616 1.62352
20906 1.62193
5158 1.5872
35529 1.58457
11870 1.57413
31769 1.5153
21862 1.50695
8672 1.43114
13615 1.42603
232 1.41839
3028 1.38313
35556 1.33932
20367 1.33509
21245 1.32036
12748 1.30552
20996 1.26216
3936 1.25591
20250 1.2305
28359 1.15764
7955 1.10626
22864 1.10049
23696 1.08889
27799 1.04276
15991 1.04091
38390 1.03367
31761 1.02409
28321 1.00653
1532 1.00425
33911 0.975336
20488 0.966828
25242 0.935496
39963 0.928833
35662 0.920635
33298 0.915873
2343 0.90873
18032 0.882535
23753 0.873315
26549 0.838716
24824 0.829194
17895 0.817288
23639 0.787784
20047 0.768903
26303 0.75
16406 0.747152
35814 0.746825
18843 0.740475
28602 0.733436
16490 0.722611
17037 0.714719
39959 0.711403
38763 0.711369
5421 0.70776
14938 0.7
17243 0.694444
14851 0.688881
5786 0.687923
13194 0.675397
1075 0.663125
5894 0.655602
6262 0.65
25241 0.645713
32630 0.642857
996 0.642857
24894 0.638889
2091 0.619562
38163 0.616667
878 0.616667
8160 0.601689
18330 0.600414
36886 0.595383
10512 0.593362
7212 0.593362
9457 0.587302
33494 0.563611
559 0.554869
35012 0.552716
35582 0.546679
31097 0.544444
39282 0.53869
19095 0.534778
37923 0.533333
27061 0.527778
14173 0.524935
16153 0.523145
29576 0.522569
16789 0.505476
26615 0.504592
1572 0.503364
15378 0.494652
38798 0.493478
25209 0.483604
17301 0.47619
6041 0.466949
39760 0.460145
21467 0.449835
3027 0.448207
26126 0.444444
24825 0.44359
8946 0.441667
21723 0.438095
33036 0.433333
29223 0.424296
34369 0.412786
16589 0.411905
31066 0.409524
338 0.408333
848 0.404105
8276 0.398814
4716 0.395833
25335 0.391667
24458 0.383333
36784 0.377778
10815 0.372307
32154 0.371429
13974 0.366703
14109 0.364884
39901 0.359806
13805 0.358333
2086 0.357143
38141 0.353968
29122 0.350351
34418 0.347864
32251 0.347759
26319 0.344298
35866 0.341667
10753 0.340909
36177 0.337302
33863 0.333333
23628 0.333333
24727 0.327531
2929 0.327531
14300 0.325397
19032 0.317857
39942 0.313116
18325 0.305128
17493 0.303211
24838 0.302663
20730 0.3
26757 0.297447
28474 0.293968
24353 0.2908
30398 0.289893
27129 0.287841
36881 0.286053
40814 0.28254
32278 0.279762
19995 0.278226
15334 0.275359
6766 0.273576
30916 0.272619
26837 0.268536
17925 0.266667
31213 0.264286
22711 0.255719
2885 0.255719
34146 0.25
29599 0.25
26731 0.25
21068 0.25
20757 0.25
19194 0.25
15894 0.25
7938 0.25
2318 0.2485
10011 0.244444
37995 0.240523
1048 0.235472
2045 0.233333
36716 0.231092
27079 0.221795
5693 0.218254
40863 0.212037
13460 0.20903
34768 0.208333
6665 0.204064
39975 0.2
34559 0.2
30012 0.2
27087 0.2
8027 0.2
965 0.2
17446 0.192853
24239 0.191036
9197 0.191036
31643 0.190909
12492 0.187634
17351 0.185635
31057 0.178889
14469 0.178283
29899 0.177317
28269 0.167873
40883 0.166667
24889 0.166667
17083 0.166667
16108 0.166667
15150 0.166667
11004 0.166667
9170 0.166667
9161 0.166667
8798 0.166667
4129 0.166667
7227 0.165675
37921 0.15084
34044 0.142857
27063 0.142857
24681 0.142857
23786 0.142857
1659 0.142857
15854 0.139676
15674 0.139676
20956 0.139611
26365 0.138346
19753 0.138346
29665 0.136676
2373 0.125231
21703 0.125
18563 0.125
10735 0.125
19179 0.119841
32696 0.118806
14655 0.117789
10008 0.117789
35734 0.111111
28991 0.111111
28384 0.111111
23499 0.111111
21823 0.111111
21471 0.111111
21450 0.111111
20356 0.111111
8737 0.111111
5362 0.111111
40073 0.108115
31055 0.101275
32620 0.1
27926 0.1
27822 0.1
25780 0.1
11551 0.1
3471 0.1
27538 0.098873
16996 0.0960784
29242 0.0921652
35253 0.0909091
20496 0.0909091
32348 0.0893939
29775 0.0893939
26465 0.0893939
6845 0.0893939
38879 0.0833333
29392 0.0833333
24037 0.0833333
15940 0.0833333
13043 0.0833333
10582 0.0833333
10107 0.0833333
2354 0.0784314
39593 0.0714286
28104 0.0714286
27514 0.0714286
25750 0.0714286
25668 0.0714286
17634 0.0714286
17177 0.0714286
16012 0.0714286
10510 0.0714286
8263 0.0714286
8131 0.0714286
7691 0.0714286
6627 0.0707512
2028 0.0707512
36696 0.0666667
12338 0.0666667
9405 0.0666667
8619 0.0666667
5321 0.0666667
23724 0.0625
13635 0.0625
13027 0.0625
7053 0.0625
4411 0.0625
3997 0.0588235
37924 0.0555556
21762 0.0555556
9665 0.0555556
37865 0.0532237
33242 0.0532237
31710 0.0532237
489 0.0526316
35786 0.05
28941 0.05
28314 0.05
19999 0.05
16968 0.05
5665 0.05
2554 0.05
32098 0.047619
5267 0.047619
2814 0.047619
29510 0.0416667
19800 0.0416667
11596 0.0416667
8480 0.0416667
7041 0.0416667
28345 0.04
14690 0.04
2560 0.04
5758 0.0384615
32641 0.037037
30793 0.0357143
8665 0.0357143
36298 0.0344828
40697 0.0294118
14077 0.0294118
12357 0.0294118
4703 0.0294118
3131 0.0294118
1429 0.0294118
32180 0.0243902
28925 0.0243902
18279 0.0243902
10957 0.0243902
38096 0.0227273
35109 0.0227273
24234 0.0227273
20738 0.0227273
9406 0.0227273
1424 0.0227273
39962 0.0196078
31058 0.0196078
28952 0.0196078
16402 0.0196078
16096 0.0196078
14138 0.0196078
2542 0.0196078
37027 0.0169492
34532 0.0169492
32722 0.0169492
24678 0.0169492
24224 0.0169492
13654 0.0169492
7124 0.0169492
2484 0.0169492
1486 0.0169492
23519 0.0166667
18809 0.0166667
12042 0.0166667
2356 0.0166667
40980 0
40979 0
40978 0
40977 0
40976 0
40975 0
40974 0
40973 0
40972 0
40971 0
40970 0
40969 0
40968 0
40967 0
40966 0
40965 0
40964 0
40963 0
40962 0
40961 0
40960 0
40959 0
40958 0
40957 0
40956 0
40955 0
40954 0
40953 0
40952 0
40951 0
40950 0
40949 0
40948 0
40947 0
40946 0
40945 0
40944 0
40943 0
40942 0
40941 0
40940 0
40939 0
40938 0
40937 0
40936 0
40935 0
40934 0
40933 0
40932 0
40931 0
40930 0
40929 0
40928 0
40927 0
40926 0
40925 0
40924 0
40923 0
40922 0
40921 0
40920 0
40919 0
40918 0
40917 0
40916 0
40915 0
40914 0
40913 0
40912 0
40911 0
40910 0
40909 0
40908 0
40907 0
40906 0
40905 0
40904 0
40903 0
40902 0
40901 0
40900 0
40899 0
40898 0
40897 0
40896 0
40895 0
40894 0
40893 0
40892 0
40891 0
40890 0
40889 0
40888 0
40887 0
40886 0
40885 0
40884 0
40882 0
40881 0
40880 0
40879 0
40878 0
40877 0
40876 0
40875 0
40874 0
40873 0
40872 0
40871 0
40870 0
40869 0
40868 0
