28776 56642.3
33975 31167.7
9960 7979.21
34630 5681.04
7570 5147.79
31922 4015.05
34956 3920.35
28594 3583.19
29879 3567.22
23837 3407.9
38449 2808.68
1158 2665.19
20262 2581.87
14163 2553.56
10211 2428.94
14251 2376.9
20846 2309.5
36222 2307.02
2922 1959.71
35950 1859.65
3114 1764.23
24005 1760.67
5798 1670.74
4555 1661.75
15684 1635.36
12703 1546.9
21015 1429.95
17566 1269.8
23168 1252.62
7495 1249.97
22254 1236.1
9333 1216.51
13839 1024.07
2115 941.572
13392 885.686
29986 824.891
35699 821.793
16210 792.993
7783 779.217
34065 769.68
22950 769.349
14656 755.355
23798 740.321
34964 731.634
3396 722.194
19629 654.858
39153 646.699
28608 632.021
32585 628.75
10904 625.443
22197 584.86
14866 580.707
21693 577.813
1009 565.014
29438 564.987
18227 542.716
27024 539.192
40019 532.49
28751 526.594
20698 524.356
21859 508.277
3964 499.774
40289 499.241
35487 497.281
37377 496.44
11027 496.3
37266 481.56
39156 474.53
3012 463.796
39763 462.342
29389 457.599
28700 452.507
15250 445.746
7317 438.462
7856 437.26
9464 425.788
14829 413.805
11222 408.042
24259 404.564
9841 402.788
27767 402.432
3515 394.381
4989 392.799
24127 388.183
25092 384.539
36296 382.276
21608 381.769
27287 368.598
11698 366.221
14373 364.968
11452 363.318
14105 359.416
30473 358.825
13594 355.355
19096 355.028
3578 354.642
8114 351.759
18142 348.912
35810 348.809
23782 348.661
39976 346.511
2106 344.367
8776 339.216
9886 335.925
14852 331.702
7974 322.913
13687 320.146
34939 317.412
3836 314.891
8965 313.128
17937 311.054
13277 307.858
2264 301.856
19526 301.762
31540 297.556
4261 296.801
21059 295.456
3595 293.251
38454 290.945
32270 285.959
19211 283.229
37684 279.199
10249 278.824
3516 264.11
3306 263.153
3584 261
31215 260.529
24359 252.793
35197 251.193
40341 248.46
6940 247.939
144 243.512
18590 241.745
150 238.078
35545 234.461
32540 228.783
12533 226.661
15572 224.931
22280 224.868
3063 223.057
17245 222.711
22441 207.936
16654 202.131
2391 198.3
7325 198.187
34399 197.629
24548 197.005
26081 196.655
26124 195.182
22939 189.025
13493 188.008
20275 187.546
27184 187.164
22162 185.054
19281 181.784
10717 179.49
39341 179.214
28694 177.816
4816 177.039
35025 175.585
17987 173.793
37517 173.499
16336 168.237
32150 167.142
6063 164.452
5835 163.041
4577 161.005
27851 157.82
39815 157.558
40169 157.326
12198 156.576
4786 155.499
26737 154.069
9628 153.044
17804 151.229
32078 150.897
31301 150.888
11456 150.877
31967 150.553
16084 150.422
20255 149.304
38348 148.301
6087 148.153
38381 146.886
19343 146.064
32608 144.481
15138 143.196
20274 140.848
10920 139.671
17670 139.266
24726 138.614
722 138.029
33581 136.798
15119 136.738
27484 136.182
32244 134.059
4424 133.252
22129 131.566
30844 129.947
39623 129.87
27609 128.615
25972 128.223
38875 128.067
16609 127.998
11311 127.938
34317 127.485
1616 126.605
3263 126.542
35863 126.353
26631 125.293
35644 124.531
5231 122.722
26451 122.554
27558 122.454
16087 121.53
775 120.733
19440 119.598
4384 118.882
11295 118.843
12432 118.721
35318 117.666
33664 116.671
16714 116.135
24630 115.665
12365 115.263
38919 115.257
13949 115.172
5181 114.459
33265 113.663
12242 112.314
34651 111.886
32776 111.808
27159 111.045
24993 110.911
18115 110.658
22039 109.326
19135 108.284
21036 107.434
26025 105.536
40941 105.534
10132 104.546
29178 103.316
22471 103.166
15977 102.963
27296 102.47
19032 102.452
13426 101.232
23664 101.075
23047 100.907
38474 99.3723
28021 99.3369
24742 99.2525
24088 99.2232
14051 97.3573
26653 96.188
9728 96.0349
7799 94.1948
15488 93.8165
15439 93.0417
5201 92.8295
32011 92.5939
9721 91.5279
18229 90.0456
12736 89.9738
13318 89.5144
88 89.0389
35489 88.8138
27575 88.7752
14563 88.756
24418 88.0886
27735 87.5187
25696 87.0403
9561 86.2596
39529 85.9895
3296 85.5404
1272 85.4624
6733 85.2302
11938 84.9828
18486 84.7656
18226 84.6923
28849 84.1903
40883 83.6602
27501 82.9377
8257 82.6676
438 81.8748
10293 81.8207
13865 81.5613
21968 81.4048
21952 80.806
18901 79.5841
28267 79.1444
19860 78.1456
4199 78.09
10082 77.5426
12804 77.4737
36498 75.987
19791 75.9459
29662 75.7627
352 75.6519
38174 75.4378
15007 75.4071
34696 75.0043
20016 74.7084
16666 74.622
21692 74.2648
13404 74.2378
19550 73.8663
12120 73.8218
30088 73.3036
24465 72.6848
27794 72.5119
12342 72.4122
36318 72.0571
10106 71.6918
16910 71.2361
5849 71.1478
29531 71.0097
383 70.9606
23606 70.8813
17008 70.6984
25470 70.3762
36493 69.975
18436 69.5446
694 69.052
22701 68.8328
20086 68.5345
107 67.8079
18615 67.1692
2136 66.8795
22635 66.2899
9953 66.2214
19769 66.0438
35549 65.9921
13641 65.7318
33970 65.6639
27006 65.4379
28981 65.1387
19588 65.1295
6987 64.8405
15560 64.4276
17387 64.3371
10092 64.1767
5308 64.1645
23586 63.7506
39937 63.5687
6039 63.2882
26343 63.2234
892 62.9662
27568 62.8641
1501 62.8393
21374 62.5195
12805 62.3228
35965 62.0346
14880 61.996
34395 61.4696
35090 61.4093
37802 61.0579
31574 60.8219
34759 60.8066
36248 60.5675
29664 60.4143
26489 60.4103
40685 60.2152
1184 60.132
6594 59.9009
32499 59.8973
2015 59.8138
23005 59.4212
31764 59.1677
30564 59.0413
22545 58.5699
7368 58.539
16151 58.5184
21619 58.4164
39544 58.377
16225 58.3358
40408 58.2344
5947 57.9854
38205 57.5888
2159 57.4062
37975 57.3547
16549 57.2872
10889 57.1252
21035 56.7232
19356 56.6701
25217 56.0954
3094 56.0528
16545 55.8002
28533 55.7163
21818 55.4558
31772 55.3366
36910 55.179
25062 54.8513
38365 54.4342
13584 53.6515
7265 53.5801
5156 53.2558
9832 53.2132
18677 53.166
35284 53.0335
35652 52.6452
22237 52.6325
15660 52.5252
30306 52.4163
19496 52.411
35405 52.1675
28081 51.9928
4630 51.8675
23153 51.6686
24355 51.654
14640 51.5464
40896 51.5324
40681 51.4878
22968 50.7828
36964 50.6098
15638 50.4917
19976 50.485
36829 50.2645
23265 50.1821
26038 50.1195
5970 50.0674
19892 50.018
25161 49.993
8672 49.8411
24469 49.56
21241 49.4023
1609 49.3572
9143 49.2206
21702 49.2033
31998 49.2013
28678 48.925
710 48.729
28977 48.7257
28646 48.5863
20744 48.448
943 48.2527
26495 47.8964
22160 47.8924
12086 47.8276
18322 47.7963
27315 47.7937
9078 47.7418
8202 47.5
29742 47.4294
2848 47.3946
16813 47.3549
1067 47.2365
27418 47.2235
17634 47.0707
13852 46.6239
5438 46.5095
29532 46.4681
25861 46.3663
33586 46.2045
419 46.0876
10454 45.2518
9515 45.2196
2059 45.0161
14648 44.7099
17101 44.6857
1470 44.3997
10899 44.3469
28285 44.2162
40733 43.9221
3402 43.8817
15088 43.6176
36543 43.4485
40718 43.3986
9942 43.3962
26708 43.3642
9665 43.2828
6088 43.2474
38280 42.8988
2948 42.6489
3765 42.5966
23648 42.5827
37727 42.43
19731 42.2098
39964 42.1371
16920 42.0151
8051 41.7343
35461 41.6001
16727 41.3971
23416 41.1846
8975 41.1639
40470 41.1225
25163 41.0114
21321 40.9115
604 40.8008
18733 40.7982
13313 40.7751
11762 40.6671
12457 40.6408
31997 40.4578
35399 40.4437
9495 40.3713
15906 40.3372
18882 40.2675
18923 40.1698
5019 40.1213
