27799 16.2021
13654 9.74703
21889 5.19058
16806 4.58644
32973 4.06667
15012 3.85349
17312 3.39049
14138 3.36295
31589 3.08592
23843 2.95717
26786 2.92137
32620 2.72697
18520 2.41938
35825 2.3177
36400 1.81173
12569 1.79838
6807 1.71617
2885 1.59278
39661 1.54284
4189 1.49716
34561 1.3797
8592 1.37222
10210 1.32535
3852 1.29043
33633 1.25259
19774 1.24656
12522 1.24625
35766 1.17978
13916 1.16025
14757 1.15833
22530 1.12957
18329 1.04424
39671 1.04286
33377 1.03873
21813 1.00536
432 0.997778
6592 0.97619
2484 0.971999
35203 0.943195
16395 0.938535
40204 0.931443
15225 0.917157
22088 0.906382
39245 0.900505
34835 0.89359
28988 0.876923
30216 0.861616
18138 0.84549
28094 0.832272
8672 0.779336
25826 0.766363
16394 0.75
5778 0.745518
21186 0.735354
10511 0.72619
40890 0.707935
4866 0.695123
20093 0.666667
24957 0.65
37496 0.642857
35317 0.639127
30425 0.623449
27926 0.619574
32572 0.616667
26546 0.590909
2786 0.58767
27388 0.584581
36268 0.575
20928 0.558333
543 0.55
21703 0.544444
24678 0.535354
4484 0.533333
20490 0.528822
16947 0.527778
37924 0.527778
550 0.527704
37800 0.527525
25900 0.517157
10923 0.516667
36796 0.494949
33836 0.486111
30897 0.486111
7132 0.485431
19712 0.483333
31564 0.47549
29030 0.472222
27190 0.472222
9196 0.467857
8035 0.467558
32324 0.466667
5824 0.466667
18303 0.461111
3002 0.446429
7145 0.445489
5693 0.44359
3936 0.44359
3107 0.44
21757 0.435148
33617 0.428571
9626 0.427489
26398 0.415999
2877 0.415584
28407 0.414286
16001 0.411111
17277 0.407121
33267 0.406818
5974 0.405556
31301 0.402446
35793 0.392857
32930 0.392516
40414 0.391667
7245 0.388034
16076 0.382308
37948 0.381923
19967 0.381319
22711 0.381318
29923 0.37098
27663 0.368498
37305 0.367145
9616 0.359524
26058 0.34127
6041 0.336601
34123 0.333333
30419 0.333333
25568 0.333333
24894 0.333333
23677 0.333333
19517 0.333333
19242 0.333333
18369 0.333333
17441 0.333333
16868 0.333333
13018 0.333333
12681 0.333333
34 0.333333
31723 0.327706
2570 0.323232
2027 0.322222
37958 0.321429
25016 0.316667
9957 0.309524
38772 0.303968
7412 0.303896
27166 0.303379
885 0.299242
22170 0.293783
21830 0.293498
19511 0.293313
23432 0.292857
30429 0.289394
20286 0.2875
22099 0.284848
30417 0.284722
18963 0.279343
27565 0.261111
29602 0.254293
37421 0.25
31938 0.25
31470 0.25
29946 0.25
26832 0.25
25765 0.25
19079 0.25
14287 0.25
11559 0.25
7498 0.25
4551 0.25
4025 0.25
2286 0.25
6300 0.242857
21861 0.240943
7253 0.234286
35346 0.229011
30793 0.22702
11540 0.22601
25065 0.221861
30676 0.216667
17917 0.211334
15416 0.211334
2869 0.211037
31457 0.206557
24523 0.206557
22469 0.206557
785 0.206557
25095 0.200505
18753 0.200505
6518 0.200505
40525 0.2
40389 0.2
35014 0.2
33894 0.2
33477 0.2
26794 0.2
18328 0.2
15665 0.2
9907 0.2
8220 0.2
8088 0.2
5763 0.2
4479 0.2
1531 0.2
24239 0.197619
33256 0.194762
32552 0.19
24870 0.19
8412 0.19
19277 0.1825
40861 0.17735
38956 0.17735
24596 0.17735
19653 0.17735
13433 0.17735
29140 0.175641
6654 0.171364
15276 0.170945
35734 0.169997
30883 0.169935
21785 0.169935
19379 0.168182
14569 0.167914
38346 0.167249
37441 0.166667
28177 0.166667
27714 0.166667
25651 0.166667
21341 0.166667
7059 0.166667
1373 0.166667
16327 0.161388
8497 0.158056
29237 0.146324
14503 0.146032
39822 0.142857
34116 0.142857
25304 0.142857
23056 0.142857
15695 0.142857
12104 0.142857
7691 0.142857
4848 0.142857
2262 0.142857
4486 0.142647
39910 0.142308
30693 0.134379
9901 0.134379
37027 0.134182
23439 0.134182
16298 0.134182
33108 0.133313
1610 0.131667
13755 0.130682
22405 0.127005
19580 0.127005
21912 0.125556
6172 0.125556
40474 0.125
40124 0.125
35099 0.125
32886 0.125
32108 0.125
31378 0.125
29901 0.125
29077 0.125
27134 0.125
25885 0.125
23696 0.125
23370 0.125
20177 0.125
20007 0.125
14980 0.125
8992 0.125
8224 0.125
6099 0.125
5748 0.125
5741 0.125
5473 0.125
4953 0.125
3356 0.125
612 0.125
259 0.125
233 0.125
36313 0.12246
18248 0.12246
4058 0.12246
3940 0.12246
37077 0.111111
36528 0.111111
33898 0.111111
31947 0.111111
31352 0.111111
30652 0.111111
28635 0.111111
16424 0.111111
15383 0.111111
11789 0.111111
10480 0.111111
4112 0.111111
1857 0.111111
36732 0.107192
27721 0.107192
22249 0.107192
21272 0.102092
15167 0.102092
11810 0.102092
7454 0.102092
6579 0.102092
34768 0.1
32437 0.1
31891 0.1
28198 0.1
23468 0.1
22594 0.1
21005 0.1
18845 0.1
14658 0.1
12041 0.1
3888 0.1
3535 0.1
35894 0.0909091
27825 0.0909091
25614 0.0909091
23134 0.0909091
18428 0.0909091
17605 0.0909091
16962 0.0909091
14894 0.0909091
9026 0.0909091
4028 0.0909091
2168 0.0909091
1760 0.0909091
24400 0.0904545
12935 0.0904545
37566 0.0833333
29627 0.0833333
16642 0.0833333
14589 0.0833333
13507 0.0833333
12110 0.0833333
509 0.0833333
109 0.0833333
40845 0.0769231
37233 0.0769231
34923 0.0769231
33435 0.0769231
26803 0.0769231
26512 0.0769231
18561 0.0769231
17219 0.0769231
11409 0.0769231
4554 0.0769231
2813 0.0769231
1133 0.0769231
38856 0.0714286
37750 0.0714286
20763 0.0714286
20448 0.0714286
14072 0.0714286
7766 0.0714286
4647 0.0714286
3140 0.0714286
40431 0.0694505
30504 0.0694505
28855 0.0694505
28521 0.0694505
19867 0.0694505
13766 0.0694505
10879 0.0694505
40946 0.0666667
40553 0.0666667
39962 0.0666667
33779 0.0666667
33653 0.0666667
32374 0.0666667
29819 0.0666667
26146 0.0666667
21911 0.0666667
21801 0.0666667
17401 0.0666667
7047 0.0666667
6707 0.0666667
6279 0.0666667
6166 0.0666667
2069 0.0666667
39177 0.0625
38271 0.0625
24137 0.0625
21904 0.0625
19593 0.0625
16497 0.0625
208 0.0625
40342 0.0588235
34770 0.0588235
31732 0.0588235
31282 0.0588235
31140 0.0588235
28381 0.0588235
26069 0.0588235
26010 0.0588235
24242 0.0588235
24019 0.0588235
20531 0.0588235
16127 0.0588235
15054 0.0588235
14380 0.0588235
8717 0.0588235
8617 0.0588235
8197 0.0588235
8070 0.0588235
6539 0.0588235
5937 0.0588235
3413 0.0588235
37374 0.0555556
32016 0.0555556
27486 0.0555556
22404 0.0555556
18834 0.0555556
8208 0.0555556
575 0.0555556
350 0.0555556
40597 0.0526316
28110 0.0526316
37342 0.05
37228 0.05
36215 0.05
32544 0.05
30815 0.05
29922 0.05
26095 0.05
25689 0.05
25659 0.05
23354 0.05
23240 0.05
22072 0.05
21932 0.05
20569 0.05
18555 0.05
17137 0.05
16801 0.05
14797 0.05
14158 0.05
11264 0.05
10501 0.05
8487 0.05
8177 0.05
2731 0.05
328 0.05
39791 0.047619
32326 0.047619
29634 0.047619
19950 0.047619
15956 0.047619
14546 0.047619
37878 0.0454545
32043 0.0454545
22368 0.0454545
16934 0.0454545
16283 0.0454545
16233 0.0454545
14943 0.0454545
12541 0.0454545
7076 0.0454545
4719 0.0454545
3911 0.0454545
3877 0.0454545
37546 0.04
36661 0.04
34764 0.04
29851 0.04
27776 0.04
26137 0.04
22184 0.04
21323 0.04
16504 0.04
7312 0.04
3854 0.04
1791 0.04
38567 0.0384615
35029 0.0384615
29640 0.0384615
27740 0.0384615
13337 0.0384615
13081 0.0384615
12289 0.0384615
8828 0.0384615
911 0.0384615
39627 0.03125
39085 0.03125
38969 0.03125
38535 0.03125
37819 0.03125
37064 0.03125
36725 0.03125
36001 0.03125
34537 0.03125
34438 0.03125
29897 0.03125
28552 0.03125
25507 0.03125
25202 0.03125
