26011 202.015
17083 104.783
36289 91.8624
37923 89.049
32885 80.3374
8755 47.8267
39742 46.9936
32933 42.1078
7054 39.7563
8638 37.7983
10125 34.8948
12670 33.6308
32814 32.1656
7729 31.9596
25584 29.141
15849 28.9847
9442 28.2974
10523 26.9594
11044 25.2221
6347 25.0608
12466 24.3944
15592 19.6709
18788 17.381
36645 16.3639
8662 15.4064
9575 12.9469
27585 12.8071
2663 12.5599
12580 11.7812
6625 9.86253
22049 9.85348
13643 9.29565
1975 9.23953
23843 8.91536
11053 8.89725
9170 8.87689
28203 8.78456
20008 8.71021
22315 8.2831
40053 8.02876
39384 7.93544
27265 7.89386
32112 7.79803
37855 7.67583
31915 7.49382
808 7.18969
13656 6.86688
39614 6.50275
6798 6.46954
17793 6.46834
18011 6.14809
8672 5.98581
18286 5.97424
15963 5.8093
31301 4.9871
5457 4.74824
25996 4.73477
32155 4.63568
35543 4.61496
18315 4.28206
23621 4.2793
33326 3.97572
38194 3.95017
34799 3.90906
11516 3.78975
6591 3.60606
10630 3.60048
5406 3.42442
3496 3.39653
20250 3.35952
27479 3.35936
36196 3.33414
14722 3.2526
18328 3.18483
5167 3.17912
33686 3.12416
16652 3.1194
6446 2.9671
9311 2.88996
13856 2.78725
26959 2.77073
39204 2.6922
10128 2.6875
24036 2.57283
6528 2.52768
11350 2.49057
8571 2.48421
19410 2.47933
10915 2.35049
3096 2.33621
27799 2.26818
543 2.2464
29200 2.17884
32177 2.11883
38809 2.0526
30282 2.03278
13610 2.03262
11866 2.00197
31946 1.88402
32545 1.82696
34064 1.82215
932 1.81406
2893 1.80942
23702 1.78354
26272 1.76237
25277 1.70864
8156 1.69274
39675 1.68447
18787 1.682
33616 1.65198
1741 1.6291
29424 1.61858
7496 1.61606
40647 1.60811
30573 1.60444
22854 1.5963
33019 1.55384
764 1.54505
16781 1.50719
16933 1.50079
11142 1.4906
13043 1.48645
26675 1.47574
24239 1.45435
21889 1.44967
12001 1.43523
14608 1.38756
9732 1.36912
3858 1.3639
36937 1.35425
13008 1.3373
36503 1.32572
37054 1.31063
19351 1.24302
7833 1.20803
10923 1.20774
30442 1.20755
8687 1.16955
37176 1.16946
36683 1.14525
39537 1.12811
37254 1.12105
23048 1.1072
18219 1.08056
36436 1.07502
1761 1.06716
52 1.05119
29402 1.03179
3364 1.02317
24367 1.02038
33267 1.01836
3936 1.01049
36938 0.997781
13080 0.978953
34168 0.96841
3144 0.950794
8027 0.943452
23534 0.940335
23014 0.934252
23160 0.926648
17634 0.923471
5362 0.916667
830 0.912182
21376 0.887139
27623 0.876475
21199 0.87619
39962 0.875928
30793 0.875928
2885 0.875928
8454 0.874998
33501 0.871963
13414 0.868558
4520 0.859911
14107 0.858497
19261 0.853229
35346 0.835546
18483 0.816634
19566 0.814078
5917 0.814032
18034 0.813185
16817 0.811447
13432 0.798903
10317 0.78972
2560 0.786447
15369 0.786305
4645 0.785484
6123 0.784468
13635 0.783333
34737 0.780327
24815 0.780253
20465 0.780253
27790 0.775372
36128 0.762721
21529 0.752457
7708 0.746665
36067 0.741209
14440 0.733092
34700 0.729693
38656 0.728367
29864 0.714951
30312 0.71126
15076 0.707143
16047 0.698283
186 0.69152
19608 0.689226
19032 0.689103
13298 0.686287
8869 0.68545
38256 0.683608
26310 0.678236
25787 0.671587
32255 0.655757
34788 0.655716
17738 0.647891
23436 0.645199
38211 0.636813
27217 0.633494
28530 0.628282
13157 0.625558
33066 0.624726
32133 0.622124
18642 0.621663
8934 0.60976
37910 0.606077
27429 0.602552
17312 0.597517
22214 0.585848
35971 0.570929
26892 0.565085
15847 0.559524
5693 0.557384
9461 0.552941
40573 0.540842
39972 0.540768
31409 0.535485
9362 0.535485
6754 0.534133
9665 0.533333
1560 0.528479
20024 0.52773
7161 0.526964
3566 0.517262
36950 0.514184
15236 0.511728
5871 0.508461
23636 0.505793
7283 0.505191
32574 0.502141
17777 0.49638
38085 0.495506
40115 0.49408
15814 0.49401
19696 0.485714
8647 0.483276
29194 0.481817
40713 0.475216
20126 0.472068
20943 0.470796
24597 0.46993
12225 0.466667
9488 0.458782
20740 0.457576
6424 0.454545
21965 0.452576
24341 0.442083
30874 0.440873
15416 0.432508
23439 0.430814
29595 0.428091
39900 0.42697
27927 0.42619
2272 0.42619
22633 0.42273
14421 0.421816
35520 0.420678
18587 0.419345
37632 0.418035
31829 0.416667
27514 0.415174
2802 0.414286
12038 0.408648
8122 0.405018
26450 0.400955
6263 0.397408
12106 0.392039
35766 0.391949
33633 0.391949
29934 0.388034
36430 0.38786
12876 0.386261
23499 0.382576
35395 0.379202
38357 0.378968
1026 0.376923
21212 0.376812
15892 0.372619
34485 0.371656
34703 0.367832
11699 0.362465
38003 0.362359
38616 0.362354
654 0.360522
14519 0.353968
2859 0.353571
20823 0.350877
11323 0.35049
37885 0.35037
1883 0.350229
2451 0.34989
22594 0.349374
5658 0.342723
3782 0.342157
6768 0.338745
32323 0.337421
4845 0.337421
20019 0.336601
36996 0.336275
2490 0.333333
36940 0.331313
23588 0.330081
23353 0.327381
21985 0.323592
3420 0.322751
10737 0.320175
8565 0.320109
23628 0.315986
8338 0.314482
18156 0.312261
39781 0.312077
32442 0.311667
29077 0.310981
18830 0.310256
15603 0.309524
1471 0.309524
2838 0.308824
37888 0.308333
40354 0.306319
28606 0.299242
4998 0.297447
28685 0.296646
17154 0.295674
15079 0.295123
11454 0.295123
36029 0.292252
24475 0.291912
25573 0.291667
14483 0.288489
21097 0.285485
10910 0.279762
8508 0.279412
10096 0.278604
29589 0.277947
24162 0.277947
18249 0.275564
14949 0.27381
29795 0.27381
25717 0.272619
25634 0.270377
35317 0.269906
14549 0.269017
12265 0.26841
37353 0.26635
30023 0.262685
20297 0.262409
7968 0.261111
17152 0.258929
36402 0.254878
35157 0.25186
22083 0.251027
36734 0.25
31329 0.25
30668 0.25
28544 0.25
27945 0.25
27863 0.25
27750 0.25
27432 0.25
26314 0.25
20167 0.25
18772 0.25
14512 0.25
9858 0.25
9196 0.25
2867 0.25
15922 0.246899
25654 0.246348
31730 0.245401
15225 0.244709
28345 0.24359
27815 0.240758
6813 0.236503
36035 0.233824
7778 0.233066
22711 0.231776
33824 0.231774
19797 0.231774
5173 0.231578
21136 0.229818
22233 0.229124
2346 0.227994
10423 0.225877
9553 0.225877
5691 0.225877
38902 0.224242
27926 0.224145
39640 0.22197
17260 0.22197
6756 0.22197
10404 0.21859
18432 0.215406
110 0.21435
30996 0.210145
39112 0.208824
32031 0.205556
5896 0.202381
28500 0.201054
22486 0.200913
24536 0.20084
40640 0.2
29448 0.2
29258 0.2
28089 0.2
26069 0.2
22721 0.2
22598 0.2
21323 0.2
20373 0.2
20322 0.2
20315 0.2
14537 0.2
11536 0.2
8466 0.2
40027 0.198503
28193 0.197352
22228 0.197239
15665 0.195861
36353 0.195238
30054 0.193444
8261 0.193444
39904 0.191642
16250 0.191155
7921 0.191155
26846 0.188824
878 0.187611
11379 0.1875
18085 0.186508
32364 0.186081
7420 0.183333
233 0.182541
1021 0.180898
31296 0.179423
21551 0.179304
12639 0.173333
24380 0.172149
17870 0.172145
5126 0.171679
26100 0.169841
26555 0.16934
6823 0.16934
35256 0.168943
30650 0.167222
39831 0.166667
39352 0.166667
37924 0.166667
37759 0.166667
37731 0.166667
36515 0.166667
28610 0.166667
28587 0.166667
27003 0.166667
25525 0.166667
24325 0.166667
20892 0.166667
19972 0.166667
18899 0.166667
17403 0.166667
16390 0.166667
13645 0.166667
12788 0.166667
7411 0.166667
6318 0.166667
5523 0.166667
3554 0.166667
3494 0.166667
987 0.166667
3939 0.164907
40386 0.163369
40017 0.162977
3702 0.162165
8465 0.162068
20847 0.160714
31360 0.158361
5952 0.157486
32766 0.156046
37480 0.155978
16397 0.153623
14276 0.151445
4657 0.149259
17298 0.148109
25966 0.147558
