2885 14.347
30793 5.53245
6992 2.90373
4896 2.28688
27799 2.05498
22711 1.73464
28424 1.52756
39962 1.32269
23628 1.2905
830 1.23314
17312 1.15149
5937 1.14235
33174 1.00453
233 0.980747
16233 0.941808
9197 0.924218
32620 0.90365
36375 0.871473
27649 0.767831
12177 0.762774
24162 0.761483
36239 0.735652
21703 0.730992
35346 0.710575
35063 0.70816
36528 0.640454
12893 0.633945
2542 0.617755
14138 0.615096
15225 0.613756
15826 0.58554
27926 0.579016
38583 0.569664
37672 0.56782
32243 0.56622
38952 0.523734
14164 0.511674
16947 0.483637
29285 0.456797
26803 0.448673
34156 0.43674
12766 0.413895
2869 0.411527
15354 0.405792
14399 0.39271
11113 0.386275
31681 0.38196
35734 0.378365
28952 0.362923
16047 0.362923
28740 0.351501
10169 0.351501
29077 0.350844
20007 0.333711
6501 0.319344
1659 0.319344
26375 0.280303
33728 0.251984
12569 0.248615
37340 0.246246
38141 0.235866
18834 0.232077
22368 0.230747
39894 0.229814
18119 0.22509
1791 0.22509
19391 0.222044
37729 0.218347
5003 0.215487
31943 0.212285
31140 0.196723
39791 0.190563
4548 0.184501
21259 0.177901
7059 0.177901
32885 0.175677
17277 0.169428
19684 0.166667
17267 0.166667
20792 0.16525
13617 0.165083
15416 0.164374
2069 0.164374
13563 0.163151
2597 0.160576
38010 0.16001
35439 0.16001
24239 0.16001
23439 0.16001
556 0.16001
6937 0.159341
16766 0.14391
267 0.142857
7889 0.136889
4826 0.136889
24505 0.13536
34702 0.13417
18866 0.13417
1598 0.13399
18555 0.130195
29237 0.125
24696 0.125
11975 0.125
3750 0.1196
23898 0.117202
19551 0.116415
6863 0.116415
33545 0.11475
25360 0.111111
24957 0.111111
15542 0.110023
28651 0.101268
18520 0.0988207
35637 0.0909091
7074 0.0909091
39947 0.0899402
30676 0.0899402
27989 0.0899402
16283 0.0899402
11080 0.0899402
5840 0.0899402
110 0.0899402
30715 0.0867253
10791 0.0867253
17789 0.0850065
6220 0.0850065
35566 0.084057
11488 0.084057
33267 0.0833333
32040 0.0833333
28094 0.0833333
10784 0.0831431
22650 0.0815715
2129 0.0815715
9304 0.0814614
36313 0.0780183
13937 0.0765637
4825 0.0765637
23448 0.075383
15853 0.075383
10511 0.075383
8264 0.075383
38148 0.0745453
37233 0.0745453
36952 0.0745453
35185 0.0745453
29464 0.0745453
26084 0.0745453
21978 0.0745453
21757 0.0745453
21302 0.0745453
17785 0.0745453
16076 0.0745453
15873 0.0745453
12014 0.0745453
11725 0.0745453
7937 0.0745453
5719 0.0745453
938 0.0745453
33225 0.0714286
18963 0.0714286
4852 0.0706511
35803 0.0650322
23786 0.0650322
18997 0.056319
28049 0.0555416
26195 0.0555416
12090 0.0555416
9010 0.0555416
5316 0.0555416
391 0.0555416
313 0.0555416
24678 0.055264
13362 0.055264
4761 0.055264
38532 0.0526316
25334 0.0526316
22326 0.0526316
22239 0.0526316
21102 0.0526316
11197 0.0526316
8581 0.0526316
1975 0.0526316
1950 0.0526316
12393 0.0506014
11389 0.0506014
2813 0.0506014
21114 0.05
39111 0.047619
38014 0.047619
37923 0.047619
12641 0.047619
9553 0.047619
3068 0.047619
20789 0.0454545
1924 0.0454545
22405 0.0454218
11469 0.0434783
35317 0.0429885
6654 0.0429885
26137 0.0429842
13654 0.0429842
11626 0.0429842
37757 0.0416667
29174 0.0416667
18693 0.0416667
13749 0.0416667
6345 0.0416667
39298 0.04
34123 0.04
31085 0.04
17708 0.04
17142 0.04
25799 0.0357143
23776 0.0357143
18033 0.0357143
40898 0.0326037
29473 0.0326037
27900 0.0326037
17401 0.0326037
1966 0.0326037
15567 0.0322581
10991 0.0322581
22083 0.0305016
17445 0.0305016
8296 0.0305016
38960 0.030303
37342 0.030303
33155 0.030303
24420 0.030303
23432 0.030303
20486 0.030303
19220 0.030303
14534 0.030303
9803 0.030303
6715 0.030303
5623 0.030303
37948 0.0302819
28325 0.0302819
26562 0.0302819
17154 0.0302819
11324 0.0302819
3251 0.0302819
1246 0.0302819
27965 0.0277778
16117 0.0277778
16025 0.0277778
1355 0.0277778
37518 0.027027
20977 0.027027
19311 0.027027
8242 0.027027
4238 0.027027
987 0.027027
40314 0.0227273
40049 0.0227273
22145 0.0227273
19743 0.0227273
18510 0.0227273
10386 0.0227273
1568 0.0227273
30795 0.0217391
22930 0.0217391
16504 0.0217391
15412 0.0217391
14589 0.0217391
8913 0.0217391
3561 0.0217391
3266 0.0217391
2877 0.0217391
30354 0.02
28631 0.02
6592 0.02
4479 0.02
26476 0.0196078
23843 0.0196078
8859 0.0196078
40204 0.017696
39181 0.017696
38726 0.017696
37898 0.017696
35809 0.017696
35082 0.017696
34664 0.017696
34544 0.017696
29852 0.017696
29551 0.017696
29225 0.017696
28575 0.017696
27127 0.017696
22248 0.017696
21566 0.017696
18282 0.017696
17739 0.017696
17437 0.017696
14318 0.017696
11066 0.017696
8836 0.017696
7076 0.017696
5861 0.017696
5293 0.017696
4718 0.017696
3966 0.017696
2310 0.017696
40096 0.0172414
26928 0.0172414
5423 0.0172414
37158 0.0136986
30977 0.0136986
27395 0.0136986
26541 0.0136986
26467 0.0136986
23689 0.0136986
19377 0.0136986
18788 0.0136986
16738 0.0136986
12970 0.0136986
12105 0.0136986
10872 0.0136986
9442 0.0136986
5790 0.0136986
4076 0.0136986
1519 0.0136986
39687 0.0131579
39642 0.0131579
38162 0.0131579
35463 0.0131579
27623 0.0131579
8936 0.0131579
3936 0.0131579
2187 0.0131579
468 0.0131579
39992 0.010989
39951 0.010989
39831 0.010989
37344 0.010989
35923 0.010989
33942 0.010989
33562 0.010989
33227 0.010989
29589 0.010989
28619 0.010989
28259 0.010989
27863 0.010989
25900 0.010989
25667 0.010989
22517 0.010989
18365 0.010989
16250 0.010989
14658 0.010989
13026 0.010989
10283 0.010989
9247 0.010989
7921 0.010989
7782 0.010989
6260 0.010989
39890 0.00613497
38517 0.00613497
36968 0.00613497
35424 0.00613497
35065 0.00613497
34999 0.00613497
33458 0.00613497
32496 0.00613497
28106 0.00613497
26971 0.00613497
26864 0.00613497
26151 0.00613497
25659 0.00613497
25614 0.00613497
23322 0.00613497
23034 0.00613497
21187 0.00613497
18016 0.00613497
16619 0.00613497
16298 0.00613497
16040 0.00613497
15554 0.00613497
13771 0.00613497
13513 0.00613497
9309 0.00613497
8134 0.00613497
7592 0.00613497
6979 0.00613497
5414 0.00613497
4987 0.00613497
1137 0.00613497
40422 0.00581395
39637 0.00581395
37023 0.00581395
36400 0.00581395
34645 0.00581395
33247 0.00581395
32535 0.00581395
32368 0.00581395
30922 0.00581395
30750 0.00581395
30698 0.00581395
29750 0.00581395
28349 0.00581395
27133 0.00581395
27092 0.00581395
27032 0.00581395
24269 0.00581395
21000 0.00581395
19967 0.00581395
19746 0.00581395
18331 0.00581395
18160 0.00581395
18090 0.00581395
16784 0.00581395
16011 0.00581395
16001 0.00581395
15214 0.00581395
13995 0.00581395
12788 0.00581395
12372 0.00581395
11876 0.00581395
9821 0.00581395
8991 0.00581395
8652 0.00581395
8593 0.00581395
7616 0.00581395
7344 0.00581395
6460 0.00581395
4444 0.00581395
4083 0.00581395
3695 0.00581395
3189 0.00581395
2936 0.00581395
2627 0.00581395
2416 0.00581395
2037 0.00581395
1494 0.00581395
852 0.00581395
570 0.00581395
40618 0.00574713
40398 0.00574713
37931 0.00574713
37389 0.00574713
36468 0.00574713
34056 0.00574713
33028 0.00574713
31537 0.00574713
31184 0.00574713
31058 0.00574713
28861 0.00574713
28800 0.00574713
28547 0.00574713
26210 0.00574713
25617 0.00574713
24822 0.00574713
22184 0.00574713
22047 0.00574713
21043 0.00574713
18452 0.00574713
18435 0.00574713
17523 0.00574713
17521 0.00574713
16744 0.00574713
15039 0.00574713
14894 0.00574713
14768 0.00574713
14546 0.00574713
13140 0.00574713
10376 0.00574713
8615 0.00574713
8351 0.00574713
7594 0.00574713
6394 0.00574713
6261 0.00574713
6140 0.00574713
5852 0.00574713
5548 0.00574713
5480 0.00574713
4900 0.00574713
2439 0.00574713
1610 0.00574713
1326 0.00574713
40980 0
40979 0
40978 0
40977 0
40976 0
40975 0
40974 0
40973 0
40972 0
40971 0
40970 0
40969 0
40968 0
40967 0
40966 0
40965 0
40964 0
40963 0
40962 0
40961 0
40960 0
