31301 2.84853
3158 1.70377
23309 0.600993
5100 0.59913
3142 0.588265
5693 0.580159
19032 0.527027
32350 0.47934
16618 0.47934
18198 0.461491
32277 0.450467
6242 0.450467
1318 0.426829
738 0.41804
32299 0.388216
11019 0.388216
10954 0.388216
3552 0.388216
18148 0.371302
3164 0.371302
37711 0.368659
23813 0.368659
22671 0.340523
9296 0.334483
15161 0.333333
26384 0.3171
18328 0.315132
25279 0.3125
5744 0.291667
3445 0.261379
38667 0.253968
24825 0.25
16853 0.25
40458 0.246739
35294 0.243176
35876 0.226984
35380 0.225
35358 0.225
32131 0.211034
2465 0.187086
24604 0.181789
1655 0.166667
30074 0.147348
21573 0.147348
10737 0.147348
27406 0.145411
24804 0.145411
20175 0.145411
17842 0.145411
35718 0.144444
28543 0.144444
32571 0.142857
25265 0.142857
25223 0.142857
12062 0.142857
3662 0.142857
26874 0.138932
26052 0.138932
19053 0.138932
25427 0.105564
13151 0.105564
1444 0.105564
19728 0.1054
15768 0.1054
6152 0.1054
27514 0.102839
38680 0.1
32137 0.1
21911 0.0984556
15411 0.0984556
9665 0.0984556
1994 0.0909091
38636 0.0869743
28142 0.0869743
17634 0.0869743
34207 0.0856337
21013 0.0856337
20556 0.0856337
28562 0.0833333
13307 0.0833333
38229 0.0797675
28358 0.0797675
26620 0.0797675
34883 0.0733163
33685 0.0733163
31799 0.0733163
11658 0.0733163
10953 0.0733163
8280 0.0733163
5066 0.0733163
34825 0.0714286
36039 0.0666667
35401 0.0666667
14445 0.0666667
8054 0.0666667
2935 0.0666667
38054 0.0625
15500 0.0625
10332 0.0625
7425 0.0625
6365 0.0625
5239 0.0625
39695 0.0526316
32959 0.0526316
24756 0.0526316
20959 0.0526316
12620 0.0526316
9704 0.0526316
8068 0.0526316
1341 0.0526316
37629 0.0521049
32763 0.0521049
27487 0.0521049
26334 0.0521049
16670 0.0521049
14175 0.0521049
11231 0.0521049
8580 0.0521049
8037 0.0521049
351 0.0521049
36622 0.0454545
17999 0.0454545
5735 0.0454545
52 0.0454545
40573 0.0357143
39242 0.0357143
38621 0.0357143
37935 0.0357143
34167 0.0357143
32994 0.0357143
32934 0.0357143
32879 0.0357143
32556 0.0357143
31509 0.0357143
31051 0.0357143
28841 0.0357143
28105 0.0357143
27945 0.0357143
26982 0.0357143
25337 0.0357143
24793 0.0357143
24414 0.0357143
24295 0.0357143
24223 0.0357143
23696 0.0357143
23631 0.0357143
22945 0.0357143
22061 0.0357143
20843 0.0357143
18798 0.0357143
17687 0.0357143
14512 0.0357143
10923 0.0357143
10581 0.0357143
10318 0.0357143
9561 0.0357143
7439 0.0357143
4819 0.0357143
3740 0.0357143
29919 0.0344828
29785 0.0344828
29511 0.0344828
28837 0.0344828
27600 0.0344828
25266 0.0344828
24925 0.0344828
16635 0.0344828
9529 0.0344828
3327 0.0344828
2792 0.0344828
37176 0.0294118
34197 0.0294118
29758 0.0294118
28523 0.0294118
28255 0.0294118
27674 0.0294118
27425 0.0294118
25837 0.0294118
24454 0.0294118
22502 0.0294118
19972 0.0294118
19264 0.0294118
16061 0.0294118
10901 0.0294118
8522 0.0294118
6061 0.0294118
4932 0.0294118
3494 0.0294118
1979 0.0294118
38515 0.0285714
37603 0.0285714
36054 0.0285714
34095 0.0285714
33492 0.0285714
31126 0.0285714
15589 0.0285714
14820 0.0285714
14708 0.0285714
9972 0.0285714
7463 0.0285714
6292 0.0285714
6262 0.0285714
4192 0.0285714
34834 0.027027
32250 0.027027
22893 0.027027
22795 0.027027
22594 0.027027
14095 0.027027
10761 0.027027
39292 0.0217391
33160 0.0217391
31584 0.0217391
30199 0.0217391
28766 0.0217391
22726 0.0217391
20953 0.0217391
16945 0.0217391
13536 0.0217391
11944 0.0217391
9978 0.0217391
1724 0.0217391
584 0.0217391
40975 0.015873
38739 0.015873
38013 0.015873
34727 0.015873
33883 0.015873
31581 0.015873
31195 0.015873
25060 0.015873
21515 0.015873
21121 0.015873
19309 0.015873
18846 0.015873
12096 0.015873
10123 0.015873
9947 0.015873
9557 0.015873
9393 0.015873
6973 0.015873
6089 0.015873
5079 0.015873
4859 0.015873
3916 0.015873
3772 0.015873
1107 0.015873
40029 0.0144928
39197 0.0144928
33941 0.0144928
29663 0.0144928
27886 0.0144928
26088 0.0144928
22519 0.0144928
20424 0.0144928
13765 0.0144928
13538 0.0144928
12217 0.0144928
10423 0.0144928
10073 0.0144928
8935 0.0144928
7708 0.0144928
7343 0.0144928
5691 0.0144928
4489 0.0144928
854 0.0144928
186 0.0144928
40980 0
40979 0
40978 0
40977 0
40976 0
40974 0
40973 0
40972 0
40971 0
40970 0
40969 0
40968 0
40967 0
40966 0
40965 0
40964 0
40963 0
40962 0
40961 0
40960 0
40959 0
40958 0
40957 0
40956 0
40955 0
40954 0
40953 0
40952 0
40951 0
40950 0
40949 0
40948 0
40947 0
40946 0
40945 0
40944 0
40943 0
40942 0
40941 0
40940 0
40939 0
40938 0
40937 0
40936 0
40935 0
40934 0
40933 0
40932 0
40931 0
40930 0
40929 0
40928 0
40927 0
40926 0
40925 0
40924 0
40923 0
40922 0
40921 0
40920 0
40919 0
40918 0
40917 0
40916 0
40915 0
40914 0
40913 0
40912 0
40911 0
40910 0
40909 0
40908 0
40907 0
40906 0
40905 0
40904 0
40903 0
40902 0
40901 0
40900 0
40899 0
40898 0
40897 0
40896 0
40895 0
40894 0
40893 0
40892 0
40891 0
40890 0
40889 0
40888 0
40887 0
40886 0
40885 0
40884 0
40883 0
40882 0
40881 0
40880 0
40879 0
40878 0
40877 0
40876 0
40875 0
40874 0
40873 0
40872 0
40871 0
40870 0
40869 0
40868 0
40867 0
40866 0
40865 0
40864 0
40863 0
40862 0
40861 0
40860 0
40859 0
40858 0
40857 0
40856 0
40855 0
40854 0
40853 0
40852 0
40851 0
40850 0
40849 0
40848 0
40847 0
40846 0
40845 0
40844 0
40843 0
40842 0
40841 0
40840 0
40839 0
40838 0
40837 0
40836 0
40835 0
40834 0
40833 0
40832 0
40831 0
40830 0
40829 0
40828 0
40827 0
40826 0
40825 0
40824 0
40823 0
40822 0
40821 0
40820 0
40819 0
40818 0
40817 0
40816 0
40815 0
40814 0
40813 0
40812 0
40811 0
40810 0
40809 0
40808 0
40807 0
40806 0
40805 0
40804 0
40803 0
40802 0
40801 0
40800 0
40799 0
40798 0
40797 0
40796 0
40795 0
40794 0
40793 0
40792 0
40791 0
40790 0
40789 0
40788 0
40787 0
40786 0
40785 0
40784 0
40783 0
40782 0
40781 0
40780 0
40779 0
40778 0
40777 0
40776 0
40775 0
40774 0
40773 0
40772 0
40771 0
40770 0
40769 0
40768 0
40767 0
40766 0
40765 0
40764 0
40763 0
40762 0
40761 0
40760 0
40759 0
40758 0
40757 0
40756 0
40755 0
40754 0
40753 0
40752 0
40751 0
40750 0
40749 0
40748 0
40747 0
