13646 1.55368
6973 1.34224
31301 1.2201
1318 1.12526
26750 1.0404
28142 0.956533
31216 0.881137
40912 0.832344
16618 0.832
17634 0.794989
29407 0.763876
39505 0.700939
18198 0.65139
26992 0.644339
34618 0.62921
9557 0.609465
21515 0.607274
38865 0.590654
31670 0.584656
36748 0.568823
15768 0.523157
30074 0.479392
31581 0.477639
10332 0.474921
26435 0.47118
25810 0.466212
16791 0.451178
13568 0.45048
28543 0.446392
6152 0.434788
33667 0.433333
4859 0.417368
35524 0.394827
33492 0.380835
32763 0.366379
5066 0.354996
35718 0.351093
212 0.349434
27514 0.349296
23491 0.349283
3158 0.347711
2465 0.338758
33883 0.337284
6409 0.333637
13538 0.332257
363 0.327381
38191 0.310256
16945 0.310256
10737 0.297295
4192 0.291855
26334 0.289364
12096 0.289364
8037 0.289364
12009 0.288312
3374 0.285414
29269 0.283422
19972 0.283422
8672 0.282312
27600 0.27739
16481 0.27179
27340 0.260321
32500 0.257738
7708 0.256788
37711 0.255014
22502 0.250696
7691 0.250526
25416 0.25
8508 0.245671
25427 0.237172
23317 0.235377
35769 0.232899
10073 0.229326
14603 0.224959
5239 0.224524
2792 0.211371
8706 0.20798
6537 0.204657
8580 0.203202
25060 0.201457
17128 0.197045
10245 0.197045
31682 0.193486
34834 0.193469
38667 0.190685
18148 0.190685
9393 0.178148
7190 0.176403
26384 0.174697
35354 0.174667
9290 0.174667
4584 0.174667
24804 0.164225
21121 0.162306
10923 0.161962
37048 0.161905
22726 0.155104
13581 0.152381
12447 0.152381
12620 0.152275
39292 0.151051
5691 0.149931
5788 0.149375
52 0.148075
23813 0.147008
4393 0.147008
186 0.145537
25265 0.145051
4408 0.142857
5693 0.140712
9332 0.139286
34825 0.136601
24962 0.126658
22402 0.126658
34704 0.125741
34357 0.125
38012 0.123424
33834 0.123424
14732 0.123424
10387 0.123424
132 0.117023
39374 0.116562
27892 0.116526
33944 0.116082
6292 0.116082
40031 0.116043
22228 0.115296
4489 0.115296
7463 0.108081
29794 0.108052
21190 0.108052
7435 0.108052
12672 0.107219
31195 0.106115
36102 0.104806
29997 0.104806
19185 0.104806
13757 0.104806
10660 0.104806
36106 0.100698
37220 0.1
13845 0.1
4157 0.1
9321 0.0993985
1107 0.0976551
27844 0.0958103
10423 0.0947038
7296 0.0947038
26923 0.094223
10980 0.094223
5373 0.094223
13432 0.0934529
27406 0.0916306
17842 0.0916306
39345 0.0909091
5735 0.0909091
8280 0.090801
36734 0.090155
23108 0.090155
14882 0.090155
30024 0.0833333
27252 0.0833333
24454 0.0833333
10344 0.0833333
7699 0.0833333
2131 0.0833333
28444 0.0830503
31126 0.082496
9972 0.082496
29785 0.0769231
15735 0.0769231
40573 0.0757955
27003 0.0757955
22583 0.0757955
24762 0.0748189
10117 0.0748189
2289 0.0748189
15589 0.0714286
10009 0.0714286
39608 0.0666667
27535 0.0666667
22084 0.0666667
14568 0.0666667
13461 0.0665151
10953 0.0661248
17160 0.0598769
15500 0.0598769
1724 0.0598769
35876 0.0593718
19342 0.0588235
15603 0.0588235
13341 0.0588235
34095 0.0542238
27674 0.0542238
7343 0.0542238
38013 0.052886
20175 0.052886
19728 0.052886
35469 0.0526316
28719 0.052381
22594 0.052381
16660 0.052381
39147 0.0503039
38254 0.0503039
26259 0.0503039
25279 0.0503039
25235 0.0503039
25082 0.0503039
19887 0.0503039
7379 0.0503039
6496 0.0503039
13307 0.05
10236 0.05
1663 0.05
1655 0.0490335
12217 0.0488776
9487 0.0488776
2505 0.0488776
2378 0.0488776
40704 0.047619
38668 0.047619
32529 0.047619
23193 0.047619
20850 0.047619
14544 0.047619
3434 0.047619
34160 0.0461199
30199 0.0461199
21247 0.0461199
17659 0.0461199
11944 0.0461199
7425 0.0461199
36625 0.0454545
33389 0.0454545
32885 0.0454545
32843 0.0454545
31734 0.0454545
31595 0.0454545
12939 0.0454545
9183 0.0454545
8189 0.0454545
4135 0.0454545
3031 0.0454545
1895 0.0454545
379 0.0454545
3844 0.0434783
20993 0.0416667
20142 0.0416667
1999 0.0416667
23366 0.0384615
6365 0.0384615
38229 0.0380272
32299 0.0380272
28358 0.0380272
19309 0.0380272
18846 0.0380272
10954 0.0380272
10123 0.0380272
3916 0.0380272
3552 0.0380272
3164 0.0380272
40029 0.0365767
27789 0.0365767
23912 0.0365767
14820 0.0365767
37176 0.0357143
34120 0.0357143
32902 0.0357143
27322 0.0357143
26083 0.0357143
25837 0.0357143
23742 0.0357143
19173 0.0357143
18209 0.0357143
14615 0.0357143
12518 0.0357143
10057 0.0357143
9378 0.0357143
4881 0.0357143
3494 0.0357143
919 0.0357143
187 0.0357143
57 0.0357143
40802 0.0344828
40737 0.0344828
34773 0.0344828
34032 0.0344828
28257 0.0344828
24796 0.0344828
24475 0.0344828
23013 0.0344828
17656 0.0344828
17272 0.0344828
16659 0.0344828
14873 0.0344828
13014 0.0344828
12634 0.0344828
11859 0.0344828
6823 0.0344828
4432 0.0344828
4375 0.0344828
2943 0.0344828
2031 0.0344828
35380 0.030303
29758 0.030303
17672 0.030303
13765 0.030303
13334 0.030303
39112 0.0294118
38636 0.0294118
25220 0.0294118
23849 0.0294118
11085 0.0294118
9718 0.0294118
5205 0.0294118
4730 0.0294118
3418 0.0294118
30684 0.0285714
26059 0.0285714
12313 0.0285714
9019 0.0285714
37637 0.027027
30916 0.027027
28213 0.027027
27886 0.027027
26088 0.027027
25780 0.027027
25462 0.027027
25361 0.027027
22603 0.027027
19416 0.027027
19053 0.027027
11790 0.027027
1492 0.027027
36913 0.0263158
32944 0.0263158
32826 0.0263158
30950 0.0263158
29511 0.0263158
29381 0.0263158
28155 0.0263158
24925 0.0263158
20631 0.0263158
19453 0.0263158
18633 0.0263158
17136 0.0263158
14463 0.0263158
13509 0.0263158
11445 0.0263158
9978 0.0263158
8810 0.0263158
8249 0.0263158
7696 0.0263158
7247 0.0263158
5375 0.0263158
2819 0.0263158
799 0.0243902
31735 0.0232558
30286 0.0232558
27434 0.0232558
25273 0.0232558
23452 0.0232558
18295 0.0232558
14565 0.0232558
14466 0.0232558
12444 0.0232558
8538 0.0232558
5175 0.0232558
3112 0.0232558
2712 0.0232558
1803 0.0232558
32760 0.0222222
19032 0.0222222
10070 0.0222222
9600 0.0222222
9506 0.0222222
38050 0.0212766
26040 0.0212766
12731 0.0212766
10047 0.0212766
39754 0.016129
38145 0.016129
23364 0.016129
15161 0.016129
14531 0.016129
3740 0.016129
1800 0.016129
40975 0.015873
39102 0.015873
38739 0.015873
37629 0.015873
36991 0.015873
35917 0.015873
35462 0.015873
35369 0.015873
35294 0.015873
34667 0.015873
33483 0.015873
32350 0.015873
31505 0.015873
31023 0.015873
30533 0.015873
30211 0.015873
29972 0.015873
28743 0.015873
27487 0.015873
26620 0.015873
24825 0.015873
23211 0.015873
16670 0.015873
14175 0.015873
11231 0.015873
11019 0.015873
9947 0.015873
6089 0.015873
5079 0.015873
3772 0.015873
351 0.015873
40776 0.0142857
40224 0.0142857
39381 0.0142857
38515 0.0142857
37665 0.0142857
30972 0.0142857
29924 0.0142857
27401 0.0142857
26052 0.0142857
25543 0.0142857
25476 0.0142857
23309 0.0142857
20966 0.0142857
19589 0.0142857
19124 0.0142857
14708 0.0142857
13588 0.0142857
11658 0.0142857
10890 0.0142857
7374 0.0142857
3930 0.0142857
2958 0.0142857
1587 0.0142857
40017 0.0117647
39807 0.0117647
37797 0.0117647
36446 0.0117647
33005 0.0117647
30540 0.0117647
29934 0.0117647
29219 0.0117647
25325 0.0117647
25223 0.0117647
22904 0.0117647
17331 0.0117647
16983 0.0117647
14720 0.0117647
13378 0.0117647
11216 0.0117647
7024 0.0117647
6671 0.0117647
3553 0.0117647
1204 0.0117647
40458 0.0116279
34207 0.0116279
33160 0.0116279
31584 0.0116279
13704 0.0116279
10127 0.0116279
9296 0.0116279
8055 0.0116279
7899 0.0116279
3749 0.0116279
738 0.0116279
39197 0.0105263
37935 0.0105263
37603 0.0105263
35366 0.0105263
34883 0.0105263
33941 0.0105263
33726 0.0105263
32131 0.0105263
31509 0.0105263
30172 0.0105263
21911 0.0105263
21573 0.0105263
16061 0.0105263
15676 0.0105263
14095 0.0105263
12297 0.0105263
11176 0.0105263
9665 0.0105263
8244 0.0105263
7898 0.0105263
3445 0.0105263
3287 0.0105263
2249 0.0105263
1444 0.0105263
40980 0
40979 0
40978 0
40977 0
40976 0
