24825 4.01707
9862 3.54069
33362 2.16649
36963 2.0992
10751 2.03734
39102 2.013
10360 1.81441
35691 1.67819
11054 1.6302
31887 1.48075
27728 1.35426
15821 1.16607
37372 1.16191
32494 1.14877
17770 1.14877
2483 1.14877
31894 1.11363
14166 1.1014
25998 1.07705
32383 0.791801
18328 0.752511
12054 0.743595
24106 0.734938
11479 0.696429
36473 0.668455
9540 0.668455
37184 0.655313
17175 0.655313
8861 0.655313
31301 0.6041
35273 0.465916
36157 0.40202
1068 0.371052
34605 0.364402
38429 0.35789
34768 0.336111
37682 0.333476
32661 0.333476
26087 0.333476
21141 0.333476
20204 0.333476
18650 0.333476
17525 0.333476
16043 0.333476
9386 0.333476
4922 0.333476
4417 0.333476
23883 0.331765
7373 0.331765
18777 0.325
4129 0.293306
19106 0.284343
9913 0.284314
1975 0.278409
17208 0.252782
38933 0.25
34333 0.25
14442 0.2493
21630 0.222222
33934 0.210851
585 0.203824
23570 0.200965
13482 0.200965
28718 0.2
4138 0.196156
39301 0.193306
14819 0.192914
4988 0.167816
28253 0.166667
3377 0.166667
22764 0.16036
20167 0.154762
13043 0.154762
10361 0.154762
8465 0.154762
23609 0.153818
32153 0.14549
28132 0.14549
17031 0.14549
2295 0.144031
21528 0.142857
33525 0.14183
10923 0.137605
37977 0.125
31611 0.125
31354 0.125
23724 0.125
13846 0.125
54 0.125
40926 0.113816
14379 0.110038
36878 0.104197
33217 0.1
27799 0.1
1385 0.1
243 0.1
33304 0.0965245
11782 0.0944673
34349 0.0935737
33403 0.092646
37556 0.0909091
36608 0.0909091
23014 0.0909091
19566 0.0909091
21233 0.0887495
40890 0.0833333
40653 0.0714286
37924 0.0714286
35176 0.0714286
22012 0.0714286
2263 0.0714286
22594 0.0677527
23485 0.0666667
11275 0.0666667
24048 0.0634174
17407 0.0634174
15283 0.0634174
7786 0.0632035
30951 0.0625
24474 0.0625
20202 0.0625
13365 0.0625
10060 0.0625
3410 0.0625
2417 0.0625
1576 0.0625
39086 0.0606958
37313 0.0606958
16601 0.0606958
15453 0.0606958
14645 0.0606958
8708 0.0606958
7392 0.0606958
5257 0.0606958
2592 0.0606958
2283 0.0606958
836 0.0606958
33986 0.0588235
22242 0.0588235
19460 0.0588235
8277 0.0588235
4587 0.0588235
283 0.0588235
35309 0.0555556
30689 0.0555556
29103 0.0555556
26604 0.0555556
11288 0.0555556
27745 0.0546396
19032 0.0526316
16964 0.0344828
7228 0.0344828
1515 0.0344828
40582 0.0301425
39695 0.0301425
39235 0.0301425
37935 0.0301425
35369 0.0301425
34311 0.0301425
34167 0.0301425
31509 0.0301425
30670 0.0301425
27025 0.0301425
24414 0.0301425
23696 0.0301425
23555 0.0301425
22879 0.0301425
22785 0.0301425
21911 0.0301425
20273 0.0301425
18798 0.0301425
17202 0.0301425
16576 0.0301425
14726 0.0301425
9665 0.0301425
9561 0.0301425
8068 0.0301425
6255 0.0301425
2647 0.0301425
1642 0.0301425
3632 0.0285714
3472 0.027027
2962 0.027027
34749 0.0263158
34737 0.0263158
34653 0.0263158
30898 0.0263158
29401 0.0263158
26006 0.0263158
25048 0.0263158
23285 0.0263158
16370 0.0263158
6294 0.0263158
2422 0.0263158
8672 0.0238095
6136 0.0238095
1535 0.0238095
987 0.0238095
25605 0.0217391
23746 0.0217391
23733 0.0217391
16741 0.0217391
12565 0.0217391
9799 0.0217391
37284 0.0208333
32229 0.0208333
24028 0.0208333
20350 0.0208333
20106 0.0208333
17368 0.0208333
1555 0.0208333
17475 0.02
39422 0.0196078
38415 0.0196078
37478 0.0196078
28348 0.0196078
27678 0.0196078
26890 0.0196078
14004 0.0196078
13463 0.0196078
8940 0.0196078
8476 0.0196078
33078 0.0136986
27886 0.0136986
10073 0.0136986
3447 0.0136986
40137 0.00909091
38417 0.00909091
38316 0.00909091
38209 0.00909091
37128 0.00909091
35835 0.00909091
35565 0.00909091
35188 0.00909091
33360 0.00909091
32732 0.00909091
31345 0.00909091
28883 0.00909091
28455 0.00909091
27945 0.00909091
25804 0.00909091
24812 0.00909091
23380 0.00909091
22061 0.00909091
19147 0.00909091
17687 0.00909091
15599 0.00909091
15400 0.00909091
15045 0.00909091
14331 0.00909091
13624 0.00909091
13200 0.00909091
12209 0.00909091
10527 0.00909091
9035 0.00909091
5969 0.00909091
5693 0.00909091
3308 0.00909091
39896 0.00735294
39242 0.00735294
37805 0.00735294
36757 0.00735294
36663 0.00735294
36168 0.00735294
36033 0.00735294
34433 0.00735294
33185 0.00735294
33137 0.00735294
32628 0.00735294
30480 0.00735294
29254 0.00735294
27963 0.00735294
27514 0.00735294
26892 0.00735294
26226 0.00735294
25750 0.00735294
25287 0.00735294
24464 0.00735294
22674 0.00735294
22624 0.00735294
17715 0.00735294
16517 0.00735294
16425 0.00735294
15764 0.00735294
13763 0.00735294
13735 0.00735294
13708 0.00735294
13672 0.00735294
13028 0.00735294
12075 0.00735294
11086 0.00735294
10686 0.00735294
10273 0.00735294
10072 0.00735294
9773 0.00735294
8052 0.00735294
7691 0.00735294
5198 0.00735294
5151 0.00735294
5100 0.00735294
4724 0.00735294
4576 0.00735294
4290 0.00735294
3740 0.00735294
3379 0.00735294
2840 0.00735294
2729 0.00735294
1456 0.00735294
1017 0.00735294
939 0.00735294
363 0.00735294
40980 0
40979 0
40978 0
40977 0
40976 0
40975 0
40974 0
40973 0
40972 0
40971 0
40970 0
40969 0
40968 0
40967 0
40966 0
40965 0
40964 0
40963 0
40962 0
40961 0
40960 0
40959 0
40958 0
40957 0
40956 0
40955 0
40954 0
40953 0
40952 0
40951 0
40950 0
40949 0
40948 0
40947 0
40946 0
40945 0
40944 0
40943 0
40942 0
40941 0
40940 0
40939 0
40938 0
40937 0
40936 0
40935 0
40934 0
40933 0
40932 0
40931 0
40930 0
40929 0
40928 0
40927 0
40925 0
40924 0
40923 0
40922 0
40921 0
40920 0
40919 0
40918 0
40917 0
40916 0
40915 0
40914 0
40913 0
40912 0
40911 0
40910 0
40909 0
40908 0
40907 0
40906 0
40905 0
40904 0
40903 0
40902 0
40901 0
40900 0
40899 0
40898 0
40897 0
40896 0
40895 0
40894 0
40893 0
40892 0
40891 0
40889 0
40888 0
40887 0
40886 0
40885 0
40884 0
40883 0
40882 0
40881 0
40880 0
40879 0
40878 0
40877 0
40876 0
40875 0
40874 0
40873 0
40872 0
40871 0
40870 0
40869 0
40868 0
40867 0
40866 0
40865 0
40864 0
40863 0
40862 0
40861 0
40860 0
40859 0
40858 0
40857 0
40856 0
40855 0
40854 0
40853 0
40852 0
40851 0
40850 0
40849 0
40848 0
40847 0
40846 0
40845 0
40844 0
40843 0
40842 0
40841 0
40840 0
40839 0
40838 0
40837 0
40836 0
40835 0
40834 0
40833 0
40832 0
40831 0
40830 0
40829 0
40828 0
40827 0
40826 0
40825 0
40824 0
40823 0
40822 0
40821 0
40820 0
40819 0
40818 0
40817 0
40816 0
40815 0
40814 0
40813 0
40812 0
40811 0
40810 0
40809 0
40808 0
40807 0
40806 0
40805 0
40804 0
40803 0
40802 0
40801 0
40800 0
40799 0
40798 0
40797 0
40796 0
40795 0
40794 0
40793 0
40792 0
40791 0
40790 0
