31301 11.6339
16061 1.7254
16945 1.575
37711 1.51905
24962 1.2873
3158 1.21581
8669 0.990079
29219 0.866667
35469 0.752976
11658 0.747222
3924 0.729167
34673 0.72619
39565 0.725336
1820 0.7
24454 0.694444
18198 0.683333
4406 0.67619
2249 0.666667
10732 0.660119
433 0.561111
22084 0.559524
10953 0.559524
9183 0.559524
8672 0.547619
28543 0.477778
12502 0.477778
18950 0.477778
5693 0.455357
25349 0.436111
22228 0.43254
37048 0.333333
36393 0.333333
28038 0.333333
26384 0.333333
23885 0.333333
12107 0.333333
9083 0.333333
32885 0.330891
32571 0.322222
39948 0.321429
16835 0.321429
33483 0.315018
14544 0.315018
28743 0.310119
32760 0.271368
34244 0.269841
37857 0.25
29154 0.25
24825 0.25
20411 0.25
18148 0.25
16978 0.25
15603 0.25
13757 0.25
11861 0.25
10117 0.25
8189 0.25
2867 0.25
39907 0.2
38811 0.2
37797 0.2
31234 0.2
26369 0.2
25543 0.2
24698 0.2
23224 0.2
19032 0.2
18332 0.2
18328 0.2
7727 0.2
7139 0.2
3382 0.2
37603 0.166667
25427 0.166667
22474 0.166667
12085 0.166667
6292 0.166667
4993 0.166667
36625 0.142857
32933 0.142857
28352 0.142857
19185 0.142857
18387 0.142857
12672 0.142857
12620 0.142857
8508 0.142857
373 0.142857
26750 0.125
25445 0.125
22890 0.125
18913 0.125
40883 0.111111
31581 0.111111
28917 0.111111
27799 0.111111
27003 0.111111
24845 0.111111
22713 0.111111
22001 0.111111
21703 0.111111
21556 0.111111
20165 0.111111
19548 0.111111
16180 0.111111
14247 0.111111
12217 0.111111
11887 0.111111
11195 0.111111
7729 0.111111
5661 0.111111
2885 0.111111
2672 0.111111
1940 0.111111
1022 0.111111
37804 0.1
34954 0.1
34894 0.1
28680 0.1
40051 0.0833333
7009 0.0833333
32843 0.0769231
24125 0.0769231
9442 0.0769231
6378 0.0769231
37619 0.0714286
31638 0.0714286
13811 0.0714286
10737 0.0714286
6644 0.0714286
40568 0.0625
35320 0.0625
35235 0.0625
31921 0.0625
31411 0.0625
30839 0.0625
29880 0.0625
28827 0.0625
27646 0.0625
20870 0.0625
19605 0.0625
19342 0.0625
14288 0.0625
12837 0.0625
8054 0.0625
3692 0.0625
1724 0.0625
490 0.0625
38293 0.047619
33490 0.047619
32195 0.047619
29059 0.047619
25118 0.047619
23201 0.047619
20155 0.047619
18937 0.047619
18754 0.047619
13820 0.047619
7708 0.047619
462 0.047619
40980 0
40979 0
40978 0
40977 0
40976 0
40975 0
40974 0
40973 0
40972 0
40971 0
40970 0
40969 0
40968 0
40967 0
40966 0
40965 0
40964 0
40963 0
40962 0
40961 0
40960 0
40959 0
40958 0
40957 0
40956 0
40955 0
40954 0
40953 0
40952 0
40951 0
40950 0
40949 0
40948 0
40947 0
40946 0
40945 0
40944 0
40943 0
40942 0
40941 0
40940 0
40939 0
40938 0
40937 0
40936 0
40935 0
40934 0
40933 0
40932 0
40931 0
40930 0
40929 0
40928 0
40927 0
40926 0
40925 0
40924 0
40923 0
40922 0
40921 0
40920 0
40919 0
40918 0
40917 0
40916 0
40915 0
40914 0
40913 0
40912 0
40911 0
40910 0
40909 0
40908 0
40907 0
40906 0
40905 0
40904 0
40903 0
40902 0
40901 0
40900 0
40899 0
40898 0
40897 0
40896 0
40895 0
40894 0
40893 0
40892 0
40891 0
40890 0
40889 0
40888 0
40887 0
40886 0
40885 0
40884 0
40882 0
40881 0
40880 0
40879 0
40878 0
40877 0
40876 0
40875 0
40874 0
40873 0
40872 0
40871 0
40870 0
40869 0
40868 0
40867 0
40866 0
40865 0
40864 0
40863 0
40862 0
40861 0
40860 0
40859 0
40858 0
40857 0
40856 0
40855 0
40854 0
40853 0
40852 0
40851 0
40850 0
40849 0
40848 0
40847 0
40846 0
40845 0
40844 0
40843 0
40842 0
40841 0
40840 0
40839 0
40838 0
40837 0
40836 0
40835 0
40834 0
40833 0
40832 0
40831 0
40830 0
40829 0
40828 0
40827 0
40826 0
40825 0
40824 0
40823 0
40822 0
40821 0
40820 0
40819 0
40818 0
40817 0
40816 0
40815 0
40814 0
40813 0
40812 0
40811 0
40810 0
40809 0
40808 0
40807 0
40806 0
40805 0
40804 0
40803 0
40802 0
40801 0
40800 0
40799 0
40798 0
40797 0
40796 0
40795 0
40794 0
40793 0
40792 0
40791 0
40790 0
40789 0
40788 0
40787 0
40786 0
40785 0
40784 0
40783 0
40782 0
40781 0
40780 0
40779 0
40778 0
40777 0
40776 0
40775 0
40774 0
40773 0
40772 0
40771 0
40770 0
40769 0
40768 0
40767 0
40766 0
40765 0
40764 0
40763 0
40762 0
40761 0
40760 0
40759 0
40758 0
40757 0
40756 0
40755 0
40754 0
40753 0
40752 0
40751 0
40750 0
40749 0
40748 0
40747 0
40746 0
40745 0
40744 0
40743 0
40742 0
40741 0
40740 0
40739 0
40738 0
40737 0
40736 0
40735 0
40734 0
40733 0
40732 0
40731 0
40730 0
40729 0
40728 0
40727 0
40726 0
40725 0
40724 0
40723 0
40722 0
40721 0
40720 0
40719 0
40718 0
40717 0
40716 0
40715 0
40714 0
40713 0
40712 0
40711 0
40710 0
40709 0
40708 0
40707 0
40706 0
40705 0
40704 0
40703 0
40702 0
40701 0
40700 0
40699 0
40698 0
40697 0
40696 0
40695 0
40694 0
40693 0
40692 0
40691 0
40690 0
40689 0
40688 0
40687 0
40686 0
40685 0
40684 0
40683 0
40682 0
40681 0
40680 0
40679 0
40678 0
40677 0
40676 0
40675 0
40674 0
40673 0
40672 0
40671 0
40670 0
40669 0
40668 0
40667 0
40666 0
40665 0
40664 0
40663 0
40662 0
40661 0
40660 0
40659 0
40658 0
40657 0
40656 0
40655 0
40654 0
40653 0
40652 0
40651 0
40650 0
40649 0
40648 0
40647 0
40646 0
40645 0
40644 0
40643 0
40642 0
40641 0
40640 0
40639 0
