26719 3.83191
38775 2.28258
17301 2.15361
18960 1.88857
30017 1.65529
12883 1.50714
24010 0.874242
11637 0.791667
14193 0.738095
24356 0.676662
31003 0.654062
40552 0.652814
11514 0.647619
33375 0.621957
12396 0.616667
32063 0.607143
4110 0.47619
59 0.466667
18123 0.460753
9152 0.352381
7905 0.352381
33713 0.344086
34758 0.333333
25422 0.299242
9985 0.292857
3621 0.292857
24713 0.280952
13202 0.280952
35671 0.267157
29163 0.266667
29469 0.254762
10094 0.254762
13654 0.25
34827 0.224242
32803 0.221429
23608 0.221429
31591 0.2
23843 0.2
22988 0.2
22594 0.2
20335 0.2
16700 0.2
15846 0.2
1348 0.2
29831 0.166667
22339 0.166667
39036 0.125
29324 0.125
13697 0.125
7644 0.125
29631 0.1
15592 0.1
2975 0.0909091
33274 0.0833333
27177 0.0833333
25046 0.0833333
21225 0.0833333
18551 0.0833333
16834 0.0833333
13316 0.0833333
4089 0.0833333
11499 0.0714286
39167 0.0666667
13566 0.0666667
9350 0.0666667
8310 0.0666667
38128 0.0588235
31915 0.0588235
25966 0.0588235
25277 0.0588235
21927 0.0588235
18011 0.0588235
12766 0.0588235
12645 0.0588235
10807 0.0588235
8681 0.0588235
40571 0.0107527
40557 0.0107527
39943 0.0107527
39403 0.0107527
39324 0.0107527
38860 0.0107527
38382 0.0107527
37588 0.0107527
36578 0.0107527
36225 0.0107527
36137 0.0107527
36097 0.0107527
35820 0.0107527
35508 0.0107527
34711 0.0107527
33538 0.0107527
33368 0.0107527
33271 0.0107527
33195 0.0107527
31913 0.0107527
31863 0.0107527
31599 0.0107527
30603 0.0107527
30079 0.0107527
29877 0.0107527
29761 0.0107527
29590 0.0107527
29005 0.0107527
28704 0.0107527
28071 0.0107527
27179 0.0107527
27069 0.0107527
26968 0.0107527
26497 0.0107527
25555 0.0107527
24187 0.0107527
23856 0.0107527
23624 0.0107527
23472 0.0107527
23361 0.0107527
23102 0.0107527
22312 0.0107527
20378 0.0107527
19321 0.0107527
18427 0.0107527
18403 0.0107527
18193 0.0107527
18108 0.0107527
18076 0.0107527
17576 0.0107527
16411 0.0107527
15035 0.0107527
14856 0.0107527
14698 0.0107527
13591 0.0107527
12896 0.0107527
12475 0.0107527
11245 0.0107527
11207 0.0107527
10745 0.0107527
10167 0.0107527
10045 0.0107527
9408 0.0107527
9137 0.0107527
8370 0.0107527
8292 0.0107527
7791 0.0107527
7591 0.0107527
7469 0.0107527
7155 0.0107527
6732 0.0107527
5635 0.0107527
5291 0.0107527
5091 0.0107527
4980 0.0107527
4339 0.0107527
4336 0.0107527
2798 0.0107527
1841 0.0107527
1810 0.0107527
1751 0.0107527
987 0.0107527
653 0.0107527
40980 0
40979 0
40978 0
40977 0
40976 0
40975 0
40974 0
40973 0
40972 0
40971 0
40970 0
40969 0
40968 0
40967 0
40966 0
40965 0
40964 0
40963 0
40962 0
40961 0
40960 0
40959 0
40958 0
40957 0
40956 0
40955 0
40954 0
40953 0
40952 0
40951 0
40950 0
40949 0
40948 0
40947 0
40946 0
40945 0
40944 0
40943 0
40942 0
40941 0
40940 0
40939 0
40938 0
40937 0
40936 0
40935 0
40934 0
40933 0
40932 0
40931 0
40930 0
40929 0
40928 0
40927 0
40926 0
40925 0
40924 0
40923 0
40922 0
40921 0
40920 0
40919 0
40918 0
40917 0
40916 0
40915 0
40914 0
40913 0
40912 0
40911 0
40910 0
40909 0
40908 0
40907 0
40906 0
40905 0
40904 0
40903 0
40902 0
40901 0
40900 0
40899 0
40898 0
40897 0
40896 0
40895 0
40894 0
40893 0
40892 0
40891 0
40890 0
40889 0
40888 0
40887 0
40886 0
40885 0
40884 0
40883 0
40882 0
40881 0
40880 0
40879 0
40878 0
40877 0
40876 0
40875 0
40874 0
40873 0
40872 0
40871 0
40870 0
40869 0
40868 0
40867 0
40866 0
40865 0
40864 0
40863 0
40862 0
40861 0
40860 0
40859 0
40858 0
40857 0
40856 0
40855 0
40854 0
40853 0
40852 0
40851 0
40850 0
40849 0
40848 0
40847 0
40846 0
40845 0
40844 0
40843 0
40842 0
40841 0
40840 0
40839 0
40838 0
40837 0
40836 0
40835 0
40834 0
40833 0
40832 0
40831 0
40830 0
40829 0
40828 0
40827 0
40826 0
40825 0
40824 0
40823 0
40822 0
40821 0
40820 0
40819 0
40818 0
40817 0
40816 0
40815 0
40814 0
40813 0
40812 0
40811 0
40810 0
40809 0
40808 0
40807 0
40806 0
40805 0
40804 0
40803 0
40802 0
40801 0
40800 0
40799 0
40798 0
40797 0
40796 0
40795 0
40794 0
40793 0
40792 0
40791 0
40790 0
40789 0
40788 0
40787 0
40786 0
40785 0
40784 0
40783 0
40782 0
40781 0
40780 0
40779 0
40778 0
40777 0
40776 0
40775 0
40774 0
40773 0
40772 0
40771 0
40770 0
40769 0
40768 0
40767 0
40766 0
40765 0
40764 0
40763 0
40762 0
40761 0
40760 0
40759 0
40758 0
40757 0
40756 0
40755 0
40754 0
40753 0
40752 0
40751 0
40750 0
40749 0
40748 0
40747 0
40746 0
40745 0
40744 0
40743 0
40742 0
40741 0
40740 0
40739 0
40738 0
40737 0
40736 0
40735 0
40734 0
40733 0
40732 0
40731 0
40730 0
40729 0
40728 0
40727 0
40726 0
40725 0
40724 0
40723 0
40722 0
40721 0
40720 0
40719 0
40718 0
40717 0
40716 0
40715 0
40714 0
40713 0
40712 0
40711 0
40710 0
40709 0
40708 0
40707 0
40706 0
40705 0
40704 0
40703 0
40702 0
40701 0
40700 0
40699 0
40698 0
40697 0
40696 0
40695 0
40694 0
40693 0
40692 0
40691 0
40690 0
40689 0
40688 0
40687 0
40686 0
40685 0
40684 0
40683 0
40682 0
40681 0
40680 0
40679 0
40678 0
40677 0
40676 0
40675 0
40674 0
40673 0
40672 0
40671 0
40670 0
40669 0
40668 0
40667 0
40666 0
40665 0
40664 0
40663 0
40662 0
40661 0
40660 0
40659 0
40658 0
40657 0
40656 0
40655 0
40654 0
40653 0
40652 0
40651 0
40650 0
40649 0
40648 0
40647 0
40646 0
40645 0
40644 0
40643 0
40642 0
40641 0
40640 0
