13980 69.0154
32202 36.4913
32073 24.0317
14699 14.6012
26834 14.0422
35149 11.5431
21750 10.6671
14833 9.81718
658 8.98879
20101 8.59864
17411 8.41406
29278 5.40234
36449 5.14741
9657 4.65
6880 4.50404
14334 4.44649
38140 4.40549
26525 4.37457
2664 3.98294
30808 3.91964
11366 3.75801
36302 3.58377
15877 3.48485
27018 3.19132
7446 3.16613
5161 3.09658
36765 3.01387
19504 2.99477
22324 2.86656
10032 2.83079
24084 2.80516
8768 2.7938
28188 2.72468
2301 2.63734
25159 2.51448
10342 2.50466
7870 2.45474
7936 2.44903
5387 2.44285
29342 2.39726
941 2.3958
40361 2.37421
17979 2.352
14501 2.33571
34368 2.32886
17046 2.23931
29277 2.17656
35244 2.17174
22848 2.14145
39835 2.10603
32428 2.09402
27233 2.04897
34298 1.9763
36233 1.97178
12954 1.91501
35527 1.91147
19480 1.88856
28822 1.83277
27250 1.81448
33414 1.80238
25815 1.73457
29472 1.67599
8651 1.65635
12325 1.62154
19872 1.61675
18603 1.60498
10489 1.58999
6237 1.58613
25754 1.58333
25805 1.56728
13146 1.56067
6387 1.50037
21290 1.42051
11123 1.41107
27329 1.36475
8802 1.36475
26483 1.34286
2726 1.33238
33933 1.2979
18135 1.27897
37483 1.27421
22631 1.25718
35254 1.2553
22540 1.22698
8512 1.21627
14929 1.1149
29808 1.11273
28428 1.10286
9602 1.10278
2073 1.06212
38043 1.04331
32451 1.00916
32890 1.00298
9561 0.992857
17073 0.989
30895 0.906344
20434 0.829798
10614 0.828391
7020 0.811724
5314 0.747691
39695 0.708333
15870 0.69359
17468 0.689286
33339 0.673785
23339 0.639767
16254 0.616667
19883 0.616468
3936 0.590909
30959 0.574838
31301 0.540909
28501 0.539965
39847 0.516667
20810 0.4921
22879 0.442857
20273 0.442857
30360 0.438034
13722 0.420635
31144 0.409252
30056 0.401582
9665 0.4
21922 0.392857
27099 0.378571
16731 0.37182
34849 0.353968
10513 0.353968
4004 0.35119
34135 0.333333
4111 0.333333
9103 0.297619
878 0.25202
31254 0.25
23724 0.25
21130 0.25
20167 0.25
17687 0.25
39124 0.221368
30778 0.210317
23603 0.2
1859 0.2
9933 0.194132
40153 0.166667
24825 0.166667
20438 0.166667
31509 0.142857
11299 0.142857
2885 0.142857
34543 0.125
17634 0.111111
52 0.111111
37231 0.101713
34433 0.1
23696 0.1
18863 0.1
18861 0.1
17715 0.1
9476 0.1
2840 0.1
1642 0.1
2919 0.0909091
35182 0.0842523
13860 0.0842523
3623 0.0833333
38906 0.05
34167 0.05
22935 0.05
20106 0.05
19032 0.05
17696 0.05
16968 0.05
16789 0.05
15231 0.05
13043 0.05
8465 0.05
4145 0.05
38923 0.0285714
38704 0.0285714
33921 0.0285714
32919 0.0285714
30478 0.0285714
30054 0.0285714
29428 0.0285714
26795 0.0285714
25587 0.0285714
25552 0.0285714
23069 0.0285714
21320 0.0285714
20723 0.0285714
20706 0.0285714
19566 0.0285714
19402 0.0285714
18328 0.0285714
15236 0.0285714
12800 0.0285714
12544 0.0285714
12299 0.0285714
10444 0.0285714
6983 0.0285714
6170 0.0285714
1975 0.0285714
40980 0
40979 0
40978 0
40977 0
40976 0
40975 0
40974 0
40973 0
40972 0
40971 0
40970 0
40969 0
40968 0
40967 0
40966 0
40965 0
40964 0
40963 0
40962 0
40961 0
40960 0
40959 0
40958 0
40957 0
40956 0
40955 0
40954 0
40953 0
40952 0
40951 0
40950 0
40949 0
40948 0
40947 0
40946 0
40945 0
40944 0
40943 0
40942 0
40941 0
40940 0
40939 0
40938 0
40937 0
40936 0
40935 0
40934 0
40933 0
40932 0
40931 0
40930 0
40929 0
40928 0
40927 0
40926 0
40925 0
40924 0
40923 0
40922 0
40921 0
40920 0
40919 0
40918 0
40917 0
40916 0
40915 0
40914 0
40913 0
40912 0
40911 0
40910 0
40909 0
40908 0
40907 0
40906 0
40905 0
40904 0
40903 0
40902 0
40901 0
40900 0
40899 0
40898 0
40897 0
40896 0
40895 0
40894 0
40893 0
40892 0
40891 0
40890 0
40889 0
40888 0
40887 0
40886 0
40885 0
40884 0
40883 0
40882 0
40881 0
40880 0
40879 0
40878 0
40877 0
40876 0
40875 0
40874 0
40873 0
40872 0
40871 0
40870 0
40869 0
40868 0
40867 0
40866 0
40865 0
40864 0
40863 0
40862 0
40861 0
40860 0
40859 0
40858 0
40857 0
40856 0
40855 0
40854 0
40853 0
40852 0
40851 0
40850 0
40849 0
40848 0
40847 0
40846 0
40845 0
40844 0
40843 0
40842 0
40841 0
40840 0
40839 0
40838 0
40837 0
40836 0
40835 0
40834 0
40833 0
40832 0
40831 0
40830 0
40829 0
40828 0
40827 0
40826 0
40825 0
40824 0
40823 0
40822 0
40821 0
40820 0
40819 0
40818 0
40817 0
40816 0
40815 0
40814 0
40813 0
40812 0
40811 0
40810 0
40809 0
40808 0
40807 0
40806 0
40805 0
40804 0
40803 0
40802 0
40801 0
40800 0
40799 0
40798 0
40797 0
40796 0
40795 0
40794 0
40793 0
40792 0
40791 0
40790 0
40789 0
40788 0
40787 0
40786 0
40785 0
40784 0
40783 0
40782 0
40781 0
40780 0
40779 0
40778 0
40777 0
40776 0
40775 0
40774 0
40773 0
40772 0
40771 0
40770 0
40769 0
40768 0
40767 0
40766 0
40765 0
40764 0
40763 0
40762 0
40761 0
40760 0
40759 0
40758 0
40757 0
40756 0
40755 0
40754 0
40753 0
40752 0
40751 0
40750 0
40749 0
40748 0
40747 0
40746 0
40745 0
40744 0
40743 0
40742 0
40741 0
40740 0
40739 0
40738 0
40737 0
40736 0
40735 0
40734 0
40733 0
40732 0
40731 0
40730 0
40729 0
40728 0
40727 0
40726 0
40725 0
40724 0
40723 0
40722 0
40721 0
40720 0
40719 0
40718 0
40717 0
40716 0
40715 0
40714 0
40713 0
40712 0
40711 0
40710 0
40709 0
40708 0
40707 0
40706 0
40705 0
40704 0
40703 0
40702 0
40701 0
40700 0
40699 0
40698 0
40697 0
40696 0
40695 0
40694 0
40693 0
40692 0
40691 0
40690 0
40689 0
40688 0
40687 0
40686 0
40685 0
40684 0
40683 0
40682 0
40681 0
40680 0
