21323 154.481
13654 114.838
27799 99.0876
16504 72.6022
2877 67.0502
18844 60.0489
23843 49.6361
13916 34.03
33633 33.5343
35766 31.1601
20928 28.0595
9903 28.0168
24239 23.2153
37496 22.1697
16806 21.3692
35346 21.0752
17312 20.5889
18520 20.0496
35734 19.6566
2885 18.3535
24591 18.3106
40890 18.0353
26476 17.3171
16076 15.3886
9196 15.3522
26786 14.9427
5778 14.6605
22530 14.314
15665 13.5358
34034 12.6996
24678 12.5364
6041 11.7192
37027 11.6296
14138 11.386
432 11.3659
18428 11.335
19277 11.2783
5802 11.1754
4994 10.9251
36313 10.7842
21889 10.024
3852 10.0049
39183 9.79555
16298 9.77336
6068 9.45536
12569 9.34649
33175 9.26425
23286 9.09218
8412 8.70468
24972 8.68656
37342 8.54015
24849 8.53728
6592 8.33501
8419 8.32402
38535 8.2389
13382 8.12611
17142 7.87149
32885 7.68706
21703 7.54947
10210 7.5463
27863 7.41902
8035 7.32364
30186 7.26922
15958 7.15541
31352 7.05145
29923 6.79164
11810 6.78855
27989 6.42564
3068 6.34378
24596 6.19826
30209 6.1827
830 6.158
23462 6.13438
24902 5.93351
39791 5.88537
26095 5.73176
36400 5.67521
26069 5.622
3940 5.61916
22184 5.59041
36787 5.58613
7921 5.56306
5719 5.48818
31763 5.39677
6793 5.39579
40342 5.39057
15669 5.33415
37915 5.31821
18914 5.28987
15416 5.24572
15873 5.23024
17120 5.21718
39177 5.21107
33267 5.0951
25885 5.06719
35317 5.00397
28094 5.00238
27926 4.99748
38583 4.96042
3541 4.9548
19774 4.92108
36952 4.88636
9199 4.83226
21978 4.80863
3936 4.7156
15225 4.66782
18329 4.58223
23206 4.55654
16395 4.49229
2786 4.43882
22170 4.43278
22368 4.43228
18328 4.39489
37847 4.34892
22711 4.34492
11113 4.25776
4539 4.20422
12535 4.16381
12451 4.12969
10480 4.11062
11393 4.10713
32688 4.0312
35185 4.00809
6859 3.93511
20250 3.93175
6906 3.90869
29634 3.86188
19191 3.79979
32620 3.72374
6654 3.72293
26084 3.5972
31589 3.57562
2781 3.54885
14768 3.52831
18138 3.51823
40525 3.50605
13309 3.50535
3002 3.48738
39671 3.47254
35211 3.4696
29401 3.44115
8969 3.39608
14006 3.36139
30417 3.35315
6707 3.28822
25076 3.25372
8672 3.25074
39661 3.24563
34768 3.19654
36273 3.18672
35953 3.08083
2484 3.07859
34815 3.05189
19327 2.95962
6715 2.94592
27349 2.8828
40882 2.86985
7852 2.85599
40788 2.8548
32536 2.85471
550 2.84767
30216 2.8409
26323 2.83828
29875 2.81508
6140 2.792
32043 2.79082
2168 2.78586
6172 2.76395
27166 2.76199
12935 2.73382
20649 2.66197
32016 2.66092
39947 2.64914
30676 2.64914
11080 2.64914
110 2.64914
885 2.6487
29946 2.58016
23886 2.54831
7145 2.54235
17381 2.51247
2393 2.51172
7807 2.51029
37888 2.4967
16250 2.49378
33452 2.49186
21861 2.47411
31575 2.46514
2863 2.46289
8237 2.43392
16390 2.36892
19967 2.3568
25826 2.34578
37546 2.31773
19253 2.31457
7152 2.31169
28988 2.29737
9665 2.29642
13507 2.29453
6111 2.29402
31582 2.26685
36796 2.26503
11768 2.25463
30793 2.21448
9283 2.18483
5875 2.17976
30929 2.1693
5169 2.16856
3356 2.16613
23872 2.14902
22501 2.13916
24041 2.12433
21186 2.10634
24400 2.10073
40845 2.08586
24957 2.08376
15276 2.06822
26312 2.0521
9180 2.04625
4934 2.04018
35463 2.03364
22960 2.02273
35525 2.0034
26928 1.99912
9592 1.9962
21757 1.99493
14934 1.98533
22594 1.97778
2027 1.97321
32572 1.9574
28855 1.94835
33752 1.90899
19884 1.90703
34312 1.88355
33518 1.8807
9583 1.83282
33163 1.82847
1332 1.82203
21903 1.81998
29084 1.81578
26058 1.81244
13337 1.80438
30425 1.79787
33545 1.78571
18683 1.78354
4293 1.77466
16817 1.77206
29140 1.7592
20007 1.73751
612 1.722
32324 1.71978
39245 1.70406
2235 1.68534
4189 1.67649
11488 1.65323
26832 1.64536
30136 1.64017
14604 1.63758
15493 1.63512
33465 1.62945
19461 1.62403
2631 1.60029
25065 1.59875
11410 1.59766
34439 1.58895
40282 1.57754
12952 1.57497
2869 1.57392
13234 1.57152
4023 1.57024
4900 1.56257
36692 1.54362
33256 1.53696
6518 1.53066
16723 1.51986
27190 1.51924
33377 1.50277
18872 1.49534
29787 1.49319
34043 1.48968
1659 1.48827
18834 1.48697
22088 1.47011
17412 1.45877
39951 1.44242
18517 1.42894
18356 1.42468
31947 1.39892
1355 1.39542
22218 1.39226
31564 1.38781
11399 1.3858
25016 1.36833
32327 1.36825
19712 1.36029
7557 1.35554
38856 1.35078
30897 1.33765
37708 1.33553
22787 1.32901
38659 1.32836
27208 1.31668
39383 1.3143
25814 1.3134
21830 1.31252
11789 1.30959
14943 1.29536
25651 1.29512
38049 1.28849
33108 1.28793
1942 1.28671
34116 1.27592
18891 1.27454
23370 1.27291
36918 1.2698
30955 1.26882
7639 1.2677
29626 1.2665
32474 1.26505
34911 1.26403
10536 1.25388
25831 1.24205
12922 1.23283
23582 1.23226
28448 1.21843
19419 1.21658
4058 1.21634
18711 1.21271
12781 1.2004
36673 1.19678
15678 1.19456
19580 1.17979
16233 1.1786
5209 1.17256
12522 1.17246
18997 1.17195
31228 1.16972
14223 1.1691
37070 1.16407
32886 1.16083
416 1.15711
16001 1.15641
18173 1.15401
3030 1.1438
20763 1.14317
7286 1.14018
34123 1.13898
5821 1.1302
7774 1.12559
26769 1.12361
20326 1.11671
17917 1.11665
21712 1.11195
31723 1.1028
17826 1.10029
8617 1.09829
21217 1.09684
1228 1.08674
8497 1.07853
5714 1.07578
19313 1.07442
30693 1.07227
14546 1.07219
38215 1.06931
2286 1.06591
6319 1.0517
37750 1.04839
6105 1.04609
37494 1.04276
9553 1.02943
8854 1.02906
1965 1.02424
17277 1.00754
17583 1.00656
26181 1.00005
23494 0.999788
10923 0.988444
16236 0.986087
16745 0.981276
17301 0.969066
31140 0.963171
39925 0.963096
19653 0.961352
19783 0.95602
8208 0.955962
14569 0.955357
13513 0.954545
37502 0.954409
19820 0.951623
33693 0.944801
1281 0.94359
37800 0.94051
1975 0.939719
28177 0.937465
38952 0.9371
17294 0.933763
34325 0.932741
28110 0.932468
14489 0.928271
30325 0.928043
27134 0.927472
8177 0.918858
17441 0.916667
9197 0.913796
32930 0.913019
15467 0.912852
2846 0.909703
28862 0.908718
8592 0.90861
3535 0.906986
6924 0.901556
39962 0.901028
12525 0.900503
595 0.898232
37895 0.889448
8242 0.885852
6252 0.883586
27612 0.881944
25176 0.871868
28635 0.865366
40389 0.849634
20704 0.846465
15630 0.837669
39158 0.835732
5241 0.835353
36160 0.8334
17068 0.829291
20152 0.829151
16501 0.824425
31318 0.82389
556 0.821847
34737 0.821541
38863 0.820594
29640 0.814212
21772 0.805629
39472 0.805042
10706 0.798327
23439 0.795237
34489 0.794299
31938 0.788982
29909 0.784412
4551 0.780552
22749 0.775408
6830 0.775216
28995 0.7723
207 0.771733
2424 0.769152
33653 0.765623
24288 0.762085
18369 0.758623
27033 0.756568
11920 0.753069
34923 0.752062
14858 0.748438
17943 0.738802
18435 0.735684
1760 0.734141
19511 0.728944
16283 0.728928
38346 0.728697
7618 0.728157
25533 0.726807
20933 0.722599
13658 0.722157
18710 0.721566
39826 0.720337
14842 0.720244
29441 0.719502
38864 0.718093
40644 0.718091
1830 0.716912
1131 0.714821
7099 0.713596
24506 0.710588
15744 0.710496
29300 0.70861
16059 0.705315
39172 0.705025
11804 0.698388
938 0.697118
4054 0.694012
37711 0.690876
18561 0.689744
10737 0.686667
35966 0.685716
37881 0.678582
33227 0.678312
29030 0.678169
4998 0.677632
22122 0.675881
213 0.674242
36615 0.67408
20315 0.670672
3877 0.670489
12016 0.670175
11559 0.666667
1610 0.666085
21448 0.664148
35425 0.663115
34098 0.661096
