23696 2.45555
34167 1.75242
2840 1.69012
9665 1.61255
20273 1.307
10923 1.12143
22263 1.05115
1017 1.04051
38970 1.02067
12988 1
1313 0.907499
19198 0.774646
37935 0.646957
23543 0.616667
37426 0.615591
21911 0.608073
38253 0.6
2565 0.566667
22831 0.555556
24414 0.548811
24812 0.544444
15599 0.516667
33675 0.395594
31509 0.38347
27799 0.352152
25337 0.350038
17396 0.333333
12209 0.333333
7055 0.333333
2647 0.313984
34311 0.304805
32732 0.288451
23750 0.253268
40883 0.25
30655 0.25
24988 0.25
7458 0.25
31242 0.2
26035 0.2
22420 0.2
18246 0.2
5576 0.2
37882 0.181798
35734 0.181798
7129 0.173011
743 0.173011
27075 0.166667
24017 0.166667
23724 0.166667
13645 0.166667
5383 0.166667
21323 0.166187
26183 0.161467
22879 0.161467
9561 0.161467
33507 0.159285
2209 0.159285
1394 0.157979
36313 0.151556
35766 0.151556
34768 0.142857
25286 0.142857
23545 0.142857
10850 0.142857
3937 0.142857
3746 0.142857
613 0.142857
18361 0.141406
15400 0.128176
27373 0.111111
18527 0.111111
15579 0.111111
6964 0.111111
23323 0.1
14430 0.1
1642 0.1
40890 0.0714286
34385 0.0714286
32536 0.0714286
24586 0.0714286
23846 0.0714286
23843 0.0714286
19311 0.0714286
17202 0.0714286
14138 0.0714286
12681 0.0714286
8251 0.0714286
6830 0.0714286
39383 0.0666667
37342 0.0666667
37027 0.0666667
36400 0.0666667
26476 0.0666667
25831 0.0666667
23302 0.0666667
22544 0.0666667
17312 0.0666667
16576 0.0666667
12641 0.0666667
12569 0.0666667
10210 0.0666667
9466 0.0666667
6753 0.0666667
6679 0.0666667
5362 0.0666667
4994 0.0666667
3713 0.0666667
2621 0.0666667
39125 0.0625
36165 0.0625
35346 0.0625
31891 0.0625
25826 0.0625
21889 0.0625
18138 0.0625
11410 0.0625
7145 0.0625
2877 0.0625
22079 0.0588235
20145 0.0588235
15818 0.0588235
15457 0.0588235
11351 0.0588235
9455 0.0588235
2604 0.0588235
40189 0.0555556
31960 0.0555556
24509 0.0555556
19210 0.0555556
5485 0.0555556
37546 0.0526316
35065 0.0526316
30897 0.0526316
29640 0.0526316
28094 0.0526316
27926 0.0526316
22530 0.0526316
19277 0.0526316
14293 0.0526316
8828 0.0526316
1760 0.0526316
1462 0.0526316
31554 0.047619
29063 0.047619
28758 0.047619
21075 0.047619
6509 0.047619
4257 0.047619
2399 0.047619
34553 0.0344828
33462 0.0344828
28883 0.0344828
18585 0.0344828
17687 0.0344828
17011 0.0344828
3344 0.0344828
2217 0.0344828
1660 0.0344828
38155 0.0322581
37412 0.0322581
36918 0.0322581
36300 0.0322581
31947 0.0322581
30209 0.0322581
29486 0.0322581
29350 0.0322581
26058 0.0322581
19653 0.0322581
19313 0.0322581
16008 0.0322581
14322 0.0322581
13654 0.0322581
9199 0.0322581
6715 0.0322581
6592 0.0322581
6447 0.0322581
4058 0.0322581
3940 0.0322581
39717 0.027027
38683 0.027027
35861 0.027027
35159 0.027027
34776 0.027027
32855 0.027027
30416 0.027027
29302 0.027027
28280 0.027027
25603 0.027027
11739 0.027027
10947 0.027027
10581 0.027027
7620 0.027027
6730 0.027027
4583 0.027027
2284 0.027027
40980 0
40979 0
40978 0
40977 0
40976 0
40975 0
40974 0
40973 0
40972 0
40971 0
40970 0
40969 0
40968 0
40967 0
40966 0
40965 0
40964 0
40963 0
40962 0
40961 0
40960 0
40959 0
40958 0
40957 0
40956 0
40955 0
40954 0
40953 0
40952 0
40951 0
40950 0
40949 0
40948 0
40947 0
40946 0
40945 0
40944 0
40943 0
40942 0
40941 0
40940 0
40939 0
40938 0
40937 0
40936 0
40935 0
40934 0
40933 0
40932 0
40931 0
40930 0
40929 0
40928 0
40927 0
40926 0
40925 0
40924 0
40923 0
40922 0
40921 0
40920 0
40919 0
40918 0
40917 0
40916 0
40915 0
40914 0
40913 0
40912 0
40911 0
40910 0
40909 0
40908 0
40907 0
40906 0
40905 0
40904 0
40903 0
40902 0
40901 0
40900 0
40899 0
40898 0
40897 0
40896 0
40895 0
40894 0
40893 0
40892 0
40891 0
40889 0
40888 0
40887 0
40886 0
40885 0
40884 0
40882 0
40881 0
40880 0
40879 0
40878 0
40877 0
40876 0
40875 0
40874 0
40873 0
40872 0
40871 0
40870 0
40869 0
40868 0
40867 0
40866 0
40865 0
40864 0
40863 0
40862 0
40861 0
40860 0
40859 0
40858 0
40857 0
40856 0
40855 0
40854 0
40853 0
40852 0
40851 0
40850 0
40849 0
40848 0
40847 0
40846 0
40845 0
40844 0
40843 0
40842 0
40841 0
40840 0
40839 0
40838 0
40837 0
40836 0
40835 0
40834 0
40833 0
40832 0
40831 0
40830 0
40829 0
40828 0
40827 0
40826 0
40825 0
40824 0
40823 0
40822 0
40821 0
40820 0
40819 0
40818 0
40817 0
40816 0
40815 0
40814 0
40813 0
40812 0
40811 0
40810 0
40809 0
40808 0
40807 0
40806 0
40805 0
40804 0
40803 0
40802 0
40801 0
40800 0
40799 0
40798 0
40797 0
40796 0
40795 0
40794 0
40793 0
40792 0
40791 0
40790 0
40789 0
40788 0
40787 0
40786 0
40785 0
40784 0
40783 0
40782 0
40781 0
40780 0
40779 0
40778 0
40777 0
40776 0
40775 0
40774 0
40773 0
40772 0
40771 0
40770 0
40769 0
40768 0
40767 0
40766 0
40765 0
40764 0
40763 0
40762 0
40761 0
40760 0
40759 0
40758 0
40757 0
40756 0
40755 0
40754 0
40753 0
40752 0
40751 0
40750 0
40749 0
40748 0
40747 0
40746 0
40745 0
40744 0
40743 0
40742 0
40741 0
40740 0
40739 0
40738 0
40737 0
40736 0
40735 0
40734 0
40733 0
40732 0
40731 0
40730 0
40729 0
40728 0
40727 0
40726 0
40725 0
40724 0
40723 0
40722 0
40721 0
40720 0
40719 0
40718 0
40717 0
40716 0
40715 0
40714 0
40713 0
40712 0
40711 0
40710 0
40709 0
40708 0
40707 0
40706 0
40705 0
40704 0
40703 0
40702 0
40701 0
40700 0
40699 0
40698 0
40697 0
40696 0
40695 0
40694 0
40693 0
40692 0
40691 0
40690 0
40689 0
40688 0
40687 0
40686 0
40685 0
40684 0
40683 0
40682 0
40681 0
40680 0
40679 0
40678 0
40677 0
40676 0
40675 0
40674 0
