3239 16.3134
8164 9.07914
21341 8.43504
38354 7.85064
39696 5.57765
22811 4.38258
2269 2.36892
22788 2.2
12450 2.13382
23791 2.01667
8895 1.78333
32733 1.75341
36169 1.7
17951 1.63912
31231 1.61667
9167 1.57402
15309 1.5544
23843 1.54504
37928 1.34583
2203 1.31111
38652 1.25097
14417 1.24919
21715 1.10841
34084 1.01647
1798 1.00694
38866 1.00417
2075 1
11091 0.969298
18202 0.867857
2708 0.833333
20804 0.826874
39284 0.809722
16562 0.792929
11703 0.783333
23666 0.778003
37916 0.770635
35800 0.750528
22695 0.733333
19984 0.710913
30145 0.708333
35322 0.7
13194 0.7
33880 0.694444
18328 0.65943
33925 0.658333
16817 0.654762
30503 0.625
10648 0.613889
2967 0.613889
704 0.613889
39886 0.611111
31892 0.603608
32783 0.595833
32719 0.566667
27882 0.566667
31155 0.561111
1702 0.55
8453 0.542857
22395 0.541667
3694 0.533333
36888 0.527778
11289 0.52381
16273 0.511111
22330 0.505556
25212 0.503968
37253 0.491667
4971 0.483766
34758 0.477778
35764 0.47619
30594 0.475303
16390 0.466667
19735 0.458333
2997 0.453968
12737 0.451923
17760 0.442857
3122 0.436111
25975 0.434524
5506 0.434524
22865 0.42381
7110 0.42381
26904 0.422222
23908 0.409524
30498 0.408559
30375 0.403704
35329 0.402976
17559 0.4
7058 0.3875
35465 0.382576
9021 0.377778
24508 0.357143
39595 0.340278
38852 0.333333
32567 0.333333
27293 0.333333
25995 0.333333
25127 0.333333
24948 0.333333
24166 0.333333
19568 0.333333
13010 0.333333
6741 0.333333
4351 0.333333
1972 0.333333
400 0.333333
22189 0.330891
27559 0.324675
35431 0.320489
21045 0.316667
2868 0.313131
37315 0.3125
24942 0.308333
9441 0.3066
29767 0.299242
20975 0.299242
4506 0.299242
34768 0.287037
35991 0.277632
19711 0.27381
12966 0.272024
10705 0.26452
36633 0.253409
19051 0.253409
7797 0.253409
38331 0.25
32438 0.25
29352 0.25
25964 0.25
22721 0.25
20796 0.25
19226 0.25
17292 0.25
17241 0.25
16874 0.25
15811 0.25
15641 0.25
15368 0.25
15151 0.25
14450 0.25
13134 0.25
11428 0.25
9869 0.25
9318 0.25
5341 0.25
4855 0.25
1985 0.25
39 0.25
16455 0.208187
15360 0.208187
39067 0.206349
17831 0.201389
40167 0.2
37209 0.2
36921 0.2
36504 0.2
34172 0.2
34171 0.2
33132 0.2
30899 0.2
30516 0.2
28500 0.2
27628 0.2
25905 0.2
25216 0.2
22859 0.2
22169 0.2
20429 0.2
20291 0.2
20246 0.2
17898 0.2
16281 0.2
16019 0.2
14536 0.2
13150 0.2
8486 0.2
7470 0.2
6444 0.2
6098 0.2
5068 0.2
5023 0.2
4838 0.2
3488 0.2
1597 0.2
25403 0.197421
13253 0.197421
29345 0.189669
18313 0.175132
17017 0.175132
33871 0.167763
39116 0.166667
38835 0.166667
36149 0.166667
34866 0.166667
34366 0.166667
31647 0.166667
31082 0.166667
29605 0.166667
28190 0.166667
27981 0.166667
27635 0.166667
27259 0.166667
23901 0.166667
21378 0.166667
19273 0.166667
19103 0.166667
17504 0.166667
15640 0.166667
15375 0.166667
14093 0.166667
9121 0.166667
6194 0.166667
2970 0.166667
1689 0.166667
926 0.166667
377 0.166667
39655 0.146032
11084 0.146032
32626 0.142857
31361 0.142857
31317 0.142857
27447 0.142857
27049 0.142857
25251 0.142857
21360 0.142857
20260 0.142857
18916 0.142857
17579 0.142857
16201 0.142857
15041 0.142857
13181 0.142857
10001 0.142857
9729 0.142857
6299 0.142857
3072 0.142857
40395 0.125
38718 0.125
35859 0.125
33957 0.125
33589 0.125
33380 0.125
32897 0.125
29980 0.125
27507 0.125
26129 0.125
25604 0.125
19521 0.125
18745 0.125
18566 0.125
17218 0.125
14950 0.125
11007 0.125
10853 0.125
5961 0.125
5943 0.125
4368 0.125
4231 0.125
3640 0.125
210 0.125
38961 0.11967
20482 0.11967
3014 0.11967
2344 0.11967
172 0.11967
146 0.11967
39813 0.111111
39006 0.111111
38593 0.111111
36657 0.111111
24379 0.111111
24220 0.111111
22992 0.111111
21655 0.111111
21063 0.111111
20027 0.111111
19896 0.111111
18175 0.111111
16432 0.111111
16163 0.111111
13904 0.111111
11884 0.111111
9070 0.111111
4250 0.111111
2123 0.111111
34354 0.1
31973 0.1
13423 0.1
9576 0.1
35266 0.0909091
31559 0.0909091
13683 0.0909091
13438 0.0909091
11342 0.0909091
10350 0.0909091
6207 0.0909091
6180 0.0909091
3033 0.0909091
1241 0.0909091
21363 0.0833333
34746 0.0769231
34331 0.0769231
33564 0.0769231
31016 0.0769231
30274 0.0769231
27361 0.0769231
27109 0.0769231
22372 0.0769231
17911 0.0769231
15135 0.0769231
13348 0.0769231
12320 0.0769231
8355 0.0769231
1229 0.0769231
39117 0.0714286
35819 0.0714286
33283 0.0714286
32700 0.0714286
30133 0.0714286
29567 0.0714286
28187 0.0714286
25326 0.0714286
22594 0.0714286
19985 0.0714286
19602 0.0714286
15527 0.0714286
14785 0.0714286
21037 0.0666667
20353 0.0666667
16916 0.0666667
15777 0.0666667
15725 0.0666667
10397 0.0666667
4471 0.0666667
2675 0.0666667
39868 0.0625
32312 0.0625
26872 0.0625
17426 0.0625
12676 0.0625
1812 0.0625
28830 0.0588235
8753 0.0588235
6883 0.0588235
15564 0.0555556
15026 0.0555556
11272 0.0555556
36778 0.0526316
34152 0.0526316
30905 0.0526316
29127 0.0526316
27047 0.0526316
25079 0.0526316
16510 0.0526316
14050 0.0526316
8586 0.0526316
6440 0.0526316
4607 0.0526316
1713 0.0526316
38138 0.037037
35246 0.037037
33842 0.037037
9814 0.037037
6869 0.037037
4597 0.037037
4418 0.037037
3862 0.037037
38894 0.0238095
38313 0.0238095
38308 0.0238095
33338 0.0238095
28909 0.0238095
24496 0.0238095
22793 0.0238095
14147 0.0238095
12871 0.0238095
12778 0.0238095
12027 0.0238095
10145 0.0238095
9843 0.0238095
7823 0.0238095
4010 0.0238095
417 0.0238095
40980 0
40979 0
40978 0
40977 0
40976 0
40975 0
40974 0
40973 0
40972 0
40971 0
40970 0
40969 0
40968 0
40967 0
40966 0
40965 0
40964 0
40963 0
40962 0
40961 0
40960 0
40959 0
40958 0
40957 0
40956 0
40955 0
40954 0
40953 0
40952 0
40951 0
40950 0
40949 0
40948 0
40947 0
40946 0
40945 0
40944 0
40943 0
40942 0
40941 0
40940 0
40939 0
40938 0
40937 0
40936 0
40935 0
40934 0
40933 0
40932 0
40931 0
40930 0
40929 0
40928 0
40927 0
40926 0
40925 0
40924 0
40923 0
40922 0
40921 0
40920 0
40919 0
40918 0
40917 0
40916 0
40915 0
40914 0
40913 0
40912 0
40911 0
40910 0
40909 0
40908 0
40907 0
40906 0
40905 0
40904 0
40903 0
40902 0
40901 0
40900 0
40899 0
40898 0
40897 0
40896 0
40895 0
40894 0
40893 0
40892 0
40891 0
40890 0
40889 0
40888 0
40887 0
40886 0
40885 0
40884 0
40883 0
40882 0
40881 0
40880 0
40879 0
40878 0
40877 0
40876 0
40875 0
40874 0
40873 0
40872 0
40871 0
40870 0
40869 0
40868 0
40867 0
40866 0
40865 0
40864 0
40863 0
40862 0
40861 0
