7774 2.28333
9348 1.59091
37778 1.48377
39424 1.25
4219 1.01151
35346 0.930556
19419 0.916667
22962 0.865446
28988 0.833333
28220 0.783333
18894 0.674242
23439 0.642857
13654 0.630952
29634 0.616667
15151 0.6
39791 0.52619
36952 0.508333
25765 0.497619
36728 0.483766
29401 0.466667
2230 0.380556
32198 0.333333
27863 0.333333
21505 0.296429
18489 0.296429
4681 0.296429
16076 0.289286
39383 0.25
37492 0.25
36313 0.25
30412 0.25
24963 0.25
18428 0.25
17509 0.25
14963 0.25
10210 0.25
39037 0.2
34758 0.2
20250 0.2
3721 0.2
2675 0.2
26832 0.166667
20188 0.166667
19059 0.166667
9411 0.166667
39947 0.147222
35185 0.147222
30676 0.147222
27989 0.147222
26084 0.147222
21978 0.147222
11080 0.147222
110 0.147222
22711 0.142857
18792 0.142857
12923 0.142857
11113 0.142857
10480 0.142857
6924 0.142857
38040 0.1
34890 0.1
34768 0.1
32839 0.1
27677 0.1
26460 0.1
16099 0.1
15389 0.1
14082 0.1
10789 0.1
37491 0.0909091
34053 0.0909091
29953 0.0909091
20444 0.0909091
19630 0.0909091
36326 0.0714286
16386 0.0714286
15332 0.0714286
13993 0.0714286
13287 0.0714286
8678 0.0714286
1728 0.0714286
1289 0.0714286
8969 0.0555556
2885 0.0555556
2786 0.0555556
1849 0.0555556
35525 0.05
24239 0.05
17312 0.05
15225 0.05
2069 0.05
830 0.05
36918 0.047619
34439 0.047619
30209 0.047619
29157 0.047619
27799 0.047619
26476 0.047619
26417 0.047619
25651 0.047619
24790 0.047619
20071 0.047619
19600 0.047619
9196 0.047619
6140 0.047619
4994 0.047619
612 0.047619
32536 0.0416667
27926 0.0416667
25659 0.0416667
24400 0.0416667
18520 0.0416667
17492 0.0416667
15873 0.0416667
14768 0.0416667
13916 0.0416667
12569 0.0416667
11488 0.0416667
5719 0.0416667
39627 0.0384615
39085 0.0384615
37819 0.0384615
37064 0.0384615
36725 0.0384615
34537 0.0384615
34438 0.0384615
28928 0.0384615
26567 0.0384615
25507 0.0384615
25202 0.0384615
23120 0.0384615
23110 0.0384615
23003 0.0384615
17810 0.0384615
15869 0.0384615
13370 0.0384615
11591 0.0384615
10234 0.0384615
9287 0.0384615
4695 0.0384615
4412 0.0384615
1218 0.0384615
40980 0
40979 0
40978 0
40977 0
40976 0
40975 0
40974 0
40973 0
40972 0
40971 0
40970 0
40969 0
40968 0
40967 0
40966 0
40965 0
40964 0
40963 0
40962 0
40961 0
40960 0
40959 0
40958 0
40957 0
40956 0
40955 0
40954 0
40953 0
40952 0
40951 0
40950 0
40949 0
40948 0
40947 0
40946 0
40945 0
40944 0
40943 0
40942 0
40941 0
40940 0
40939 0
40938 0
40937 0
40936 0
40935 0
40934 0
40933 0
40932 0
40931 0
40930 0
40929 0
40928 0
40927 0
40926 0
40925 0
40924 0
40923 0
40922 0
40921 0
40920 0
40919 0
40918 0
40917 0
40916 0
40915 0
40914 0
40913 0
40912 0
40911 0
40910 0
40909 0
40908 0
40907 0
40906 0
40905 0
40904 0
40903 0
40902 0
40901 0
40900 0
40899 0
40898 0
40897 0
40896 0
40895 0
40894 0
40893 0
40892 0
40891 0
40890 0
40889 0
40888 0
40887 0
40886 0
40885 0
40884 0
40883 0
40882 0
40881 0
40880 0
40879 0
40878 0
40877 0
40876 0
40875 0
40874 0
40873 0
40872 0
40871 0
40870 0
40869 0
40868 0
40867 0
40866 0
40865 0
40864 0
40863 0
40862 0
40861 0
40860 0
40859 0
40858 0
40857 0
40856 0
40855 0
40854 0
40853 0
40852 0
40851 0
40850 0
40849 0
40848 0
40847 0
40846 0
40845 0
40844 0
40843 0
40842 0
40841 0
40840 0
40839 0
40838 0
40837 0
40836 0
40835 0
40834 0
40833 0
40832 0
40831 0
40830 0
40829 0
40828 0
40827 0
40826 0
40825 0
40824 0
40823 0
40822 0
40821 0
40820 0
40819 0
40818 0
40817 0
40816 0
40815 0
40814 0
40813 0
40812 0
40811 0
40810 0
40809 0
40808 0
40807 0
40806 0
40805 0
40804 0
40803 0
40802 0
40801 0
40800 0
40799 0
40798 0
40797 0
40796 0
40795 0
40794 0
40793 0
40792 0
40791 0
40790 0
40789 0
40788 0
40787 0
40786 0
40785 0
40784 0
40783 0
40782 0
40781 0
40780 0
40779 0
40778 0
40777 0
40776 0
40775 0
40774 0
40773 0
40772 0
40771 0
40770 0
40769 0
40768 0
40767 0
40766 0
40765 0
40764 0
40763 0
40762 0
40761 0
40760 0
40759 0
40758 0
40757 0
40756 0
40755 0
40754 0
40753 0
40752 0
40751 0
40750 0
40749 0
40748 0
40747 0
40746 0
40745 0
40744 0
40743 0
40742 0
40741 0
40740 0
40739 0
40738 0
40737 0
40736 0
40735 0
40734 0
40733 0
40732 0
40731 0
40730 0
40729 0
40728 0
40727 0
40726 0
40725 0
40724 0
40723 0
40722 0
40721 0
40720 0
40719 0
40718 0
40717 0
40716 0
40715 0
40714 0
40713 0
40712 0
40711 0
40710 0
40709 0
40708 0
40707 0
40706 0
40705 0
40704 0
40703 0
40702 0
40701 0
40700 0
40699 0
40698 0
40697 0
40696 0
40695 0
40694 0
40693 0
40692 0
40691 0
40690 0
40689 0
40688 0
40687 0
40686 0
40685 0
40684 0
40683 0
40682 0
40681 0
40680 0
40679 0
40678 0
40677 0
40676 0
40675 0
40674 0
40673 0
40672 0
40671 0
40670 0
40669 0
40668 0
40667 0
40666 0
40665 0
40664 0
40663 0
40662 0
40661 0
40660 0
40659 0
40658 0
40657 0
40656 0
40655 0
40654 0
40653 0
40652 0
40651 0
40650 0
40649 0
40648 0
40647 0
40646 0
40645 0
40644 0
40643 0
40642 0
40641 0
40640 0
40639 0
40638 0
40637 0
40636 0
40635 0
40634 0
40633 0
40632 0
40631 0
40630 0
40629 0
40628 0
40627 0
40626 0
40625 0
40624 0
40623 0
