32615 2.91367
11760 2.27157
29934 2.10974
26800 1.73723
40821 1.64127
30721 1.48312
28507 1.20355
20405 1.06688
11100 0.939927
33463 0.87648
28456 0.863314
32754 0.783333
39428 0.748513
26308 0.72619
40654 0.696761
32674 0.696042
14042 0.676452
1906 0.601038
33629 0.535021
36058 0.529193
33698 0.525596
1674 0.519074
21707 0.502381
5675 0.501837
21775 0.498785
38642 0.485965
24066 0.476812
11279 0.469885
30169 0.457576
15926 0.455711
10629 0.439133
21778 0.435537
3218 0.404762
12266 0.400433
26723 0.39989
22933 0.380176
28425 0.369048
2427 0.366883
31596 0.353968
5520 0.348214
9263 0.345455
32141 0.306818
36822 0.306178
20483 0.295482
18104 0.287068
30657 0.270735
4500 0.270735
21996 0.268541
27906 0.25722
27381 0.254661
557 0.254661
34103 0.251812
25033 0.25
2518 0.25
18763 0.245421
20292 0.245238
12756 0.242857
6853 0.238967
3315 0.236335
36431 0.224026
11291 0.224026
40283 0.217532
22655 0.209957
18357 0.203546
16245 0.2
40265 0.185714
23341 0.185714
1894 0.185354
27529 0.182118
8397 0.182118
25189 0.179255
18187 0.179255
10134 0.171256
17057 0.166667
6974 0.155978
36592 0.149457
34675 0.149457
16144 0.14384
37587 0.142857
21571 0.142857
15330 0.142857
9111 0.142857
1028 0.142857
24447 0.130952
10025 0.130952
22863 0.126407
13653 0.126407
4318 0.126407
23767 0.125
19291 0.125
16930 0.125
7502 0.113492
21877 0.111355
28889 0.111111
24708 0.107764
18382 0.107764
657 0.107764
31447 0.101242
17969 0.101242
6842 0.101242
6649 0.101242
6596 0.1
36675 0.0909091
12831 0.0909091
8672 0.0909091
3714 0.0909091
2569 0.0909091
36898 0.0857143
15899 0.0857143
12388 0.0857143
38688 0.0833333
3294 0.0833333
1079 0.0833333
27008 0.0769231
22824 0.0769231
11694 0.0769231
4863 0.0769231
2212 0.0714286
38791 0.0677045
37427 0.0677045
27471 0.0677045
23094 0.0677045
18900 0.0677045
17802 0.0677045
9975 0.0677045
6712 0.0677045
4059 0.0677045
38963 0.0666667
34308 0.0666667
30280 0.0625
17736 0.0625
17499 0.0625
11305 0.0625
39416 0.0526316
35826 0.0526316
34162 0.0526316
10518 0.0526316
4865 0.0526316
38908 0.05
37485 0.05
35704 0.05
32099 0.05
30054 0.05
27783 0.05
25983 0.05
20706 0.05
20373 0.05
19566 0.05
12679 0.05
11837 0.05
8501 0.05
5381 0.05
5191 0.05
4808 0.05
2702 0.05
1975 0.05
36099 0.0454545
33624 0.0454545
17953 0.0454545
30690 0.0434783
28485 0.0434783
27747 0.0434783
23106 0.0434783
18724 0.0434783
15023 0.0434783
12420 0.0434783
10876 0.0434783
8610 0.0434783
39757 0.0357143
36439 0.0357143
33947 0.0357143
30427 0.0357143
29173 0.0357143
28512 0.0357143
28427 0.0357143
27141 0.0357143
27004 0.0357143
21705 0.0357143
20364 0.0357143
19489 0.0357143
18641 0.0357143
17289 0.0357143
13303 0.0357143
12461 0.0357143
10149 0.0357143
8964 0.0357143
5396 0.0357143
4767 0.0357143
3519 0.0357143
2668 0.0357143
39260 0.0277778
31310 0.0277778
24178 0.0277778
16882 0.0277778
21958 0.025641
20376 0.025641
20140 0.025641
16849 0.025641
14738 0.025641
7741 0.025641
40231 0.0142857
27229 0.0142857
25548 0.0142857
23227 0.0142857
20421 0.0142857
19349 0.0142857
14849 0.0142857
14493 0.0142857
12719 0.0142857
12235 0.0142857
9982 0.0142857
8698 0.0142857
40980 0
40979 0
40978 0
40977 0
40976 0
40975 0
40974 0
40973 0
40972 0
40971 0
40970 0
40969 0
40968 0
40967 0
40966 0
40965 0
40964 0
40963 0
40962 0
40961 0
40960 0
40959 0
40958 0
40957 0
40956 0
40955 0
40954 0
40953 0
40952 0
40951 0
40950 0
40949 0
40948 0
40947 0
40946 0
40945 0
40944 0
40943 0
40942 0
40941 0
40940 0
40939 0
40938 0
40937 0
40936 0
40935 0
40934 0
40933 0
40932 0
40931 0
40930 0
40929 0
40928 0
40927 0
40926 0
40925 0
40924 0
40923 0
40922 0
40921 0
40920 0
40919 0
40918 0
40917 0
40916 0
40915 0
40914 0
40913 0
40912 0
40911 0
40910 0
40909 0
40908 0
40907 0
40906 0
40905 0
40904 0
40903 0
40902 0
40901 0
40900 0
40899 0
40898 0
40897 0
40896 0
40895 0
40894 0
40893 0
40892 0
40891 0
40890 0
40889 0
40888 0
40887 0
40886 0
40885 0
40884 0
40883 0
40882 0
40881 0
40880 0
40879 0
40878 0
40877 0
40876 0
40875 0
40874 0
40873 0
40872 0
40871 0
40870 0
40869 0
40868 0
40867 0
40866 0
40865 0
40864 0
40863 0
40862 0
40861 0
40860 0
40859 0
40858 0
40857 0
40856 0
40855 0
40854 0
40853 0
40852 0
40851 0
40850 0
40849 0
40848 0
40847 0
40846 0
40845 0
40844 0
40843 0
40842 0
40841 0
40840 0
40839 0
40838 0
40837 0
40836 0
40835 0
40834 0
40833 0
40832 0
40831 0
40830 0
40829 0
40828 0
40827 0
40826 0
40825 0
40824 0
40823 0
40822 0
40820 0
40819 0
40818 0
40817 0
40816 0
40815 0
40814 0
40813 0
40812 0
40811 0
40810 0
40809 0
40808 0
40807 0
40806 0
40805 0
40804 0
40803 0
40802 0
40801 0
40800 0
40799 0
40798 0
40797 0
40796 0
40795 0
40794 0
40793 0
40792 0
40791 0
40790 0
40789 0
40788 0
40787 0
40786 0
40785 0
40784 0
40783 0
40782 0
40781 0
40780 0
40779 0
40778 0
40777 0
40776 0
40775 0
40774 0
40773 0
40772 0
40771 0
40770 0
40769 0
40768 0
40767 0
40766 0
40765 0
40764 0
40763 0
40762 0
40761 0
40760 0
40759 0
40758 0
40757 0
40756 0
40755 0
40754 0
40753 0
40752 0
40751 0
40750 0
40749 0
40748 0
40747 0
40746 0
40745 0
40744 0
40743 0
40742 0
40741 0
40740 0
40739 0
40738 0
40737 0
40736 0
40735 0
40734 0
40733 0
40732 0
40731 0
40730 0
40729 0
40728 0
40727 0
40726 0
40725 0
40724 0
40723 0
40722 0
40721 0
40720 0
40719 0
40718 0
40717 0
40716 0
40715 0
40714 0
40713 0
40712 0
40711 0
40710 0
40709 0
40708 0
40707 0
40706 0
40705 0
40704 0
40703 0
40702 0
40701 0
40700 0
40699 0
40698 0
40697 0
40696 0
40695 0
40694 0
40693 0
40692 0
