36963 2.96542
24825 1.76763
35691 1.72029
23609 1.45224
2295 1.11631
37372 0.938337
35369 0.80847
12054 0.80814
11392 0.749266
25998 0.715278
31887 0.692311
35124 0.653339
9862 0.632618
39102 0.630738
13846 0.630738
32494 0.572832
2483 0.572832
33304 0.50525
32661 0.49251
14166 0.465228
9540 0.377888
23982 0.367116
8239 0.359749
17770 0.348103
10751 0.348103
6136 0.340269
24054 0.310657
33362 0.293204
23555 0.290923
1978 0.290923
35392 0.27012
33317 0.27012
37184 0.260521
23746 0.240587
39689 0.231468
11782 0.222876
40752 0.219139
37682 0.219139
21141 0.219139
20204 0.219139
17525 0.219139
16043 0.219139
8861 0.219139
36157 0.213181
1535 0.212233
24915 0.210648
31894 0.210197
20100 0.2
35462 0.196887
12817 0.195594
24106 0.193306
4988 0.193306
19650 0.193211
23570 0.185218
15615 0.182633
11743 0.180578
33217 0.172159
18786 0.166667
15361 0.166667
15045 0.161406
25605 0.158187
21233 0.156642
18932 0.152778
11054 0.146919
33403 0.14375
32383 0.14375
10360 0.142857
39896 0.133333
32721 0.132399
22510 0.132399
13043 0.129167
15600 0.124556
35865 0.123888
30689 0.123888
12721 0.123888
9700 0.123638
7092 0.123638
9386 0.122578
4417 0.122578
2238 0.111111
19032 0.107691
24048 0.105978
4868 0.105978
36473 0.0979167
31080 0.0909091
7414 0.0909091
5310 0.0909091
3870 0.0909091
17475 0.0828373
1068 0.0828373
26087 0.0761905
18650 0.0761905
17175 0.0761905
4922 0.0761905
34801 0.0714286
20202 0.0714286
29546 0.0666667
25854 0.0666667
23485 0.0666667
11479 0.0666667
4847 0.0625
54 0.0625
40926 0.0588235
35273 0.0588235
23733 0.0588235
19841 0.0588235
18816 0.0588235
18777 0.0588235
17407 0.0588235
15821 0.0588235
283 0.0588235
9922 0.0526316
8460 0.0526316
8369 0.0526316
34193 0.05
21630 0.05
21666 0.0434783
1119 0.0434783
11977 0.037037
3431 0.037037
32330 0.0344828
24542 0.0344828
15195 0.0344828
14324 0.0344828
4346 0.0344828
2962 0.0344828
40191 0.03125
28455 0.03125
26604 0.03125
19106 0.03125
15283 0.03125
14379 0.03125
11288 0.03125
7732 0.03125
3472 0.03125
33415 0.0277778
27626 0.0277778
27472 0.0277778
19117 0.0277778
12128 0.0277778
9316 0.0277778
40582 0.0238095
26870 0.0238095
25921 0.0238095
40795 0.0166667
32229 0.0166667
29143 0.0166667
28247 0.0166667
27745 0.0166667
24028 0.0166667
22205 0.0166667
20350 0.0166667
20106 0.0166667
17972 0.0166667
17368 0.0166667
13482 0.0166667
12404 0.0166667
11255 0.0166667
10950 0.0166667
10361 0.0166667
9799 0.0166667
8465 0.0166667
1975 0.0166667
1555 0.0166667
412 0.0166667
40980 0
40979 0
40978 0
40977 0
40976 0
40975 0
40974 0
40973 0
40972 0
40971 0
40970 0
40969 0
40968 0
40967 0
40966 0
40965 0
40964 0
40963 0
40962 0
40961 0
40960 0
40959 0
40958 0
40957 0
40956 0
40955 0
40954 0
40953 0
40952 0
40951 0
40950 0
40949 0
40948 0
40947 0
40946 0
40945 0
40944 0
40943 0
40942 0
40941 0
40940 0
40939 0
40938 0
40937 0
40936 0
40935 0
40934 0
40933 0
40932 0
40931 0
40930 0
40929 0
40928 0
40927 0
40925 0
40924 0
40923 0
40922 0
40921 0
40920 0
40919 0
40918 0
40917 0
40916 0
40915 0
40914 0
40913 0
40912 0
40911 0
40910 0
40909 0
40908 0
40907 0
40906 0
40905 0
40904 0
40903 0
40902 0
40901 0
40900 0
40899 0
40898 0
40897 0
40896 0
40895 0
40894 0
40893 0
40892 0
40891 0
40890 0
40889 0
40888 0
40887 0
40886 0
40885 0
40884 0
40883 0
40882 0
40881 0
40880 0
40879 0
40878 0
40877 0
40876 0
40875 0
40874 0
40873 0
40872 0
40871 0
40870 0
40869 0
40868 0
40867 0
40866 0
40865 0
40864 0
40863 0
40862 0
40861 0
40860 0
40859 0
40858 0
40857 0
40856 0
40855 0
40854 0
40853 0
40852 0
40851 0
40850 0
40849 0
40848 0
40847 0
40846 0
40845 0
40844 0
40843 0
40842 0
40841 0
40840 0
40839 0
40838 0
40837 0
40836 0
40835 0
40834 0
40833 0
40832 0
40831 0
40830 0
40829 0
40828 0
40827 0
40826 0
40825 0
40824 0
40823 0
40822 0
40821 0
40820 0
40819 0
40818 0
40817 0
40816 0
40815 0
40814 0
40813 0
40812 0
40811 0
40810 0
40809 0
40808 0
40807 0
40806 0
40805 0
40804 0
40803 0
40802 0
40801 0
40800 0
40799 0
40798 0
40797 0
40796 0
40794 0
40793 0
40792 0
40791 0
40790 0
40789 0
40788 0
40787 0
40786 0
40785 0
40784 0
40783 0
40782 0
40781 0
40780 0
40779 0
40778 0
40777 0
40776 0
40775 0
40774 0
40773 0
40772 0
40771 0
40770 0
40769 0
40768 0
40767 0
40766 0
40765 0
40764 0
40763 0
40762 0
40761 0
40760 0
40759 0
40758 0
40757 0
40756 0
40755 0
40754 0
40753 0
40751 0
40750 0
40749 0
40748 0
40747 0
40746 0
40745 0
40744 0
40743 0
40742 0
40741 0
40740 0
40739 0
40738 0
40737 0
40736 0
40735 0
40734 0
40733 0
40732 0
40731 0
40730 0
40729 0
40728 0
40727 0
40726 0
40725 0
40724 0
40723 0
40722 0
40721 0
40720 0
40719 0
40718 0
40717 0
40716 0
40715 0
40714 0
40713 0
40712 0
40711 0
40710 0
40709 0
40708 0
40707 0
40706 0
40705 0
40704 0
40703 0
40702 0
40701 0
40700 0
40699 0
40698 0
40697 0
40696 0
40695 0
40694 0
40693 0
40692 0
40691 0
40690 0
40689 0
40688 0
40687 0
40686 0
40685 0
40684 0
40683 0
40682 0
40681 0
40680 0
40679 0
40678 0
40677 0
40676 0
40675 0
40674 0
40673 0
40672 0
40671 0
40670 0
40669 0
40668 0
40667 0
40666 0
40665 0
40664 0
40663 0
40662 0
40661 0
40660 0
40659 0
40658 0
40657 0
40656 0
40655 0
40654 0
40653 0
40652 0
40651 0
40650 0
40649 0
40648 0
40647 0
40646 0
40645 0
40644 0
40643 0
