21978 436.63
26084 234.004
27799 169.609
15873 159.286
5719 151.22
14768 147.838
27926 143.955
24239 139.658
17312 88.7227
13654 77.0546
35734 73.9461
35346 70.7541
2885 63.0789
22711 62.2852
36952 59.1671
32620 55.3408
39791 54.9863
38583 54.5468
11080 53.4635
27989 49.3362
39947 47.6729
110 47.6729
30676 46.4124
12569 39.3294
2869 37.7489
23843 37.4464
15225 33.2607
830 30.8613
24678 30.2154
35525 26.8821
2069 26.5094
15416 26.0104
30793 23.1793
21757 23.1524
5937 23.0282
8672 22.944
21323 22.6594
13916 21.1517
11488 20.391
20007 19.3916
31301 19.1467
31947 17.4955
37502 17.4706
22368 17.231
21889 17.099
14138 16.9417
22184 16.797
35766 16.7624
35317 16.0725
556 15.1614
18328 14.9246
16723 13.7873
432 13.5776
23439 13.0178
2786 12.5334
25659 12.1919
14589 12.0743
9553 11.8058
1659 11.7628
40342 11.6643
19032 11.4734
17785 10.9945
9196 10.9137
3852 10.8098
24400 10.491
6654 10.4356
22405 10.3364
16298 10.239
8412 10.2367
29634 10.0817
36400 10.0422
37027 10.0261
33256 9.93824
16504 9.89119
26832 9.87673
29237 9.84816
17277 9.61144
33028 9.28997
22594 9.18508
6140 8.97785
3936 8.86705
18428 8.46181
938 8.37688
33267 8.26881
30209 8.03167
20928 7.86653
2484 7.83656
32043 7.8044
10210 7.7789
16001 7.70017
27208 7.64562
34768 7.63013
16395 7.60855
18997 7.60041
36673 7.51704
1355 7.46113
8035 7.36578
12935 7.27387
40890 7.11443
1610 6.64559
39177 6.61544
11909 6.5335
28094 6.38965
16047 6.25168
14546 6.22668
22530 6.13238
16076 6.03388
17492 5.9688
26786 5.87778
37750 5.80558
10923 5.77946
26095 5.72334
18520 5.72085
37233 5.69989
19517 5.53284
7921 5.50403
12766 5.46144
2877 5.43486
3068 5.34543
39671 5.326
36313 5.28548
6518 5.19052
8224 5.15955
29640 4.98628
39962 4.96041
9197 4.8359
13669 4.73295
6592 4.62419
33545 4.5939
2749 4.59098
32607 4.56854
8242 4.52474
29077 4.48628
3940 4.45184
7145 4.39932
21703 4.27612
40525 4.2374
29551 4.18731
33633 4.15658
39894 4.13206
28106 4.11242
350 4.00809
5693 3.88479
34043 3.87614
15665 3.86414
39951 3.85901
18329 3.85267
26476 3.83526
3755 3.80466
38952 3.7642
8969 3.76411
6336 3.73715
6924 3.73692
16806 3.68708
37342 3.63559
29030 3.60259
1966 3.6011
39472 3.55476
8592 3.51338
27514 3.47388
29225 3.46318
9823 3.39473
11626 3.38547
31582 3.38067
612 3.38005
37711 3.30314
35463 3.29771
25885 3.29311
8237 3.28277
22170 3.27812
27033 3.2752
26069 3.26185
40204 3.2435
11789 3.23069
34312 3.21958
32536 3.1958
37496 3.18537
17035 3.13218
21801 3.12368
16058 3.09256
26541 3.01297
40883 3.01169
36918 3.00576
6041 2.99499
4998 2.98703
31140 2.9595
18119 2.93723
2585 2.89876
32930 2.89433
38535 2.88249
16283 2.877
19967 2.85288
19379 2.84435
23432 2.81669
17631 2.76357
23174 2.74353
23370 2.72123
4934 2.71323
24591 2.69661
20250 2.69571
18138 2.67877
30417 2.67613
3002 2.66284
25367 2.64423
35014 2.63413
3356 2.62973
40173 2.59682
17634 2.59603
21000 2.59579
32243 2.58736
35439 2.54575
12104 2.50747
29875 2.49718
31260 2.4843
3541 2.45725
34999 2.43602
32838 2.43104
40165 2.40517
1 2.40017
19391 2.38924
26137 2.36346
9309 2.35616
18963 2.33337
33458 2.30937
23089 2.29995
11113 2.2888
23446 2.26578
32885 2.21182
38141 2.20689
23696 2.20598
3030 2.19777
4994 2.19211
5875 2.18525
30419 2.16764
17583 2.15606
1975 2.15519
6979 2.14476
14672 2.14407
3750 2.1398
17521 2.13767
34923 2.1287
26366 2.1067
31390 2.09927
5293 2.04315
31318 2.04039
17393 2.04013
25065 2.01748
13507 2.01158
35029 1.9895
37374 1.97312
35974 1.95855
12922 1.92728
36796 1.92355
10601 1.89924
34385 1.88641
34561 1.87302
6992 1.86091
16250 1.8529
27863 1.84216
29140 1.83722
27168 1.83584
7051 1.82982
9423 1.81792
6715 1.81784
13140 1.81389
16745 1.79113
14399 1.78852
37888 1.78514
31352 1.7578
36528 1.75264
38762 1.72869
6049 1.72492
38856 1.70224
24825 1.70118
5821 1.69035
35282 1.68572
52 1.68467
34664 1.67883
11393 1.66836
6859 1.65579
23898 1.65542
7852 1.64772
23724 1.64566
10 1.64269
18834 1.63555
27166 1.61549
7536 1.61131
23748 1.60915
37672 1.60852
12893 1.60045
17154 1.58896
9665 1.57317
3645 1.57203
17301 1.56956
16233 1.56558
170 1.56557
7592 1.5556
30425 1.54984
550 1.53792
26803 1.53227
23218 1.52424
28010 1.51675
7691 1.50716
14534 1.50526
24063 1.5036
11718 1.5035
37305 1.49953
37597 1.49367
24505 1.49281
20489 1.48384
4189 1.46259
12522 1.45789
19461 1.45214
21186 1.44207
30847 1.43886
36661 1.43401
37729 1.43327
12393 1.42977
10073 1.42176
32562 1.41251
543 1.39759
40241 1.37415
25568 1.35447
39155 1.34781
34737 1.34558
12090 1.34337
36712 1.33637
37340 1.33616
31837 1.33258
31537 1.33213
5676 1.33188
17033 1.32971
19167 1.32149
29901 1.31907
25765 1.31445
29923 1.29765
37882 1.29462
30234 1.29287
12525 1.28463
39925 1.28298
29997 1.27834
18844 1.27813
29401 1.27352
14858 1.2562
21782 1.25413
31564 1.24958
28651 1.24832
4484 1.24742
24943 1.23873
16787 1.22948
3561 1.22855
10480 1.20496
25048 1.20182
23285 1.20182
4761 1.1983
27190 1.19564
10505 1.19554
36239 1.1853
24651 1.18015
28381 1.1733
5778 1.17272
3291 1.16983
12605 1.169
37931 1.16743
36968 1.16297
1760 1.15388
7074 1.15347
18950 1.15254
468 1.14366
6319 1.13587
4112 1.13571
3887 1.13214
37176 1.1318
18732 1.12425
33518 1.12405
40764 1.11376
17373 1.11294
39245 1.11288
26181 1.10522
15276 1.10001
16913 1.09933
8027 1.0971
12989 1.09405
885 1.08656
23251 1.07577
12110 1.07187
33452 1.06489
16390 1.05817
22218 1.05706
24335 1.0467
34740 1.04621
18683 1.04582
38118 1.04333
7937 1.04065
18173 1.03838
1791 1.03786
10366 1.03726
37898 1.03203
14133 1.03077
40314 1.02943
16817 1.0223
18452 1.01793
40618 1.01645
3124 1.01333
29464 1.01319
233 1.01226
14943 1.00762
17068 1.00504
31964 1.00346
7708 0.986781
33825 0.986555
11389 0.983629
18356 0.980471
416 0.979207
2781 0.971371
13337 0.967466
6830 0.961857
35706 0.958833
25651 0.958832
19576 0.955464
828 0.953944
14894 0.953823
8652 0.953421
12630 0.953219
11453 0.953189
2269 0.950104
20071 0.947927
34123 0.945059
6096 0.939718
21341 0.935389
37924 0.934016
39172 0.932052
17137 0.931484
31366 0.931438
10980 0.930876
27161 0.93085
9239 0.924118
35601 0.921023
22122 0.921023
19695 0.920558
18435 0.908555
13421 0.908364
15297 0.905939
6347 0.903308
15603 0.903157
39290 0.898784
25079 0.891691
27349 0.891561
1228 0.885305
27565 0.878812
391 0.878621
17083 0.878279
19580 0.870006
11804 0.869693
36457 0.86679
9006 0.866147
25016 0.860782
11331 0.860365
13618 0.855141
36285 0.85195
18999 0.851948
2241 0.850467
28952 0.850315
24596 0.847533
4825 0.842114
21903 0.841169
12491 0.840483
28110 0.83693
4872 0.835863
6083 0.835328
4852 0.830834
2209 0.830051
27379 0.829284
19253 0.825817
36806 0.825072
6391 0.823254
2837 0.822716
31589 0.820672
23582 0.820529
23206 0.8182
13432 0.817176
19277 0.815703
565 0.81156
7076 0.810927
24957 0.810038
22388 0.803218
27388 0.803047
6145 0.802898
17142 0.800458
24414 0.800308
24870 0.794913
34911 0.78743
19555 0.787326
9615 0.787326
1598 0.786807
19943 0.783546
16924 0.779431
23628 0.778887
25433 0.777235
16703 0.77576
