715 15.6308
24825 6.8395
29480 3.92474
7725 3.8867
17407 3.679
2295 3.51425
35462 3.13886
2592 3.13853
27977 3.10657
8742 2.89014
39102 2.8865
19032 2.65251
32558 2.42995
25998 2.24972
38830 2.24825
16777 2.10314
16135 2.07143
1975 2.05932
283 1.99239
32330 1.9598
23906 1.94962
33362 1.91619
36963 1.743
34367 1.52843
40926 1.50898
28132 1.47304
23485 1.46587
27883 1.45969
17511 1.34954
19841 1.34646
23609 1.28167
7335 1.2227
28702 1.21591
18177 1.1571
23570 1.14237
17936 1.11667
19106 1.01331
19460 1.00952
2222 0.975672
27803 0.970455
19777 0.926386
9922 0.915018
21141 0.91158
35691 0.906034
13265 0.906016
15821 0.904762
35968 0.897457
14331 0.864402
21446 0.852356
37556 0.833333
11054 0.830252
40473 0.815909
14532 0.77874
4129 0.769883
2483 0.768254
17609 0.761854
34781 0.75
8672 0.747619
29809 0.732479
21490 0.72549
37237 0.708333
17433 0.687801
17525 0.66158
11977 0.625
27409 0.600898
14504 0.599771
31354 0.576496
10341 0.576496
28453 0.540909
1541 0.529798
15950 0.527827
20167 0.526923
36878 0.52619
37372 0.522143
21793 0.517857
34768 0.515873
25605 0.509524
3129 0.5
31725 0.491667
878 0.466667
243 0.458824
35775 0.457576
396 0.457576
35163 0.451681
17208 0.450145
2962 0.45
32605 0.444216
18777 0.42848
23555 0.422843
25983 0.415909
13964 0.415909
5095 0.414286
21233 0.401923
29630 0.400433
24021 0.391667
4847 0.391667
37284 0.378788
24048 0.376272
17175 0.376272
14166 0.376272
11423 0.373388
9862 0.368687
4346 0.358954
34916 0.333333
18328 0.333333
12101 0.333333
3951 0.333333
36755 0.322894
2100 0.316792
8524 0.312121
7376 0.312121
11392 0.305556
7373 0.305128
10273 0.296429
37682 0.278247
20204 0.278247
16043 0.278247
9386 0.278247
8861 0.278247
4417 0.278247
16885 0.272228
1068 0.264286
7786 0.26203
36157 0.257576
2729 0.25202
35369 0.25
27799 0.25
26611 0.25
18786 0.25
24054 0.24881
23660 0.240278
7901 0.239261
33986 0.233066
22199 0.233066
30689 0.20119
28089 0.2
27113 0.2
25733 0.2
23843 0.2
23475 0.2
17390 0.2
15422 0.2
14553 0.2
12569 0.2
6162 0.2
1769 0.2
15600 0.192288
38609 0.189484
35309 0.179842
10751 0.179842
54 0.179842
2105 0.176984
32885 0.166667
26679 0.166667
18932 0.166667
7837 0.166667
114 0.166667
25437 0.16105
37184 0.159048
36473 0.159048
9540 0.159048
31887 0.157225
12054 0.157225
19447 0.143478
37341 0.142857
21435 0.142857
16769 0.142857
11177 0.142857
26087 0.137771
18650 0.137771
4922 0.137771
31625 0.125
29915 0.125
27728 0.125
26217 0.125
24877 0.125
24542 0.125
12716 0.125
10923 0.125
6774 0.125
1771 0.125
20373 0.121554
13946 0.121554
28270 0.119048
30054 0.111111
25820 0.111111
19402 0.111111
12800 0.111111
8261 0.111111
6983 0.111111
39768 0.100125
22056 0.100125
33912 0.1
31301 0.1
14265 0.1
2840 0.1
39952 0.0909091
29721 0.0909091
24915 0.0909091
20202 0.0909091
3789 0.0909091
3377 0.0909091
37924 0.0833333
23486 0.0833333
13043 0.0833333
10361 0.0833333
8465 0.0833333
39970 0.0769231
35379 0.0769231
33697 0.0769231
31255 0.0769231
23883 0.0769231
11833 0.0769231
11612 0.0769231
7242 0.0769231
6470 0.0769231
3472 0.0769231
40883 0.0714286
40328 0.0714286
39921 0.0714286
39855 0.0714286
31876 0.0714286
31283 0.0714286
28013 0.0714286
24002 0.0714286
21102 0.0714286
11097 0.0714286
10761 0.0714286
8027 0.0714286
6262 0.0714286
347 0.0714286
35124 0.0666667
23746 0.0666667
8501 0.0666667
27916 0.0625
8922 0.0625
5415 0.0625
19330 0.0588235
18938 0.0588235
10409 0.0588235
8968 0.0588235
4587 0.0588235
40677 0.0555556
40192 0.0555556
33899 0.0555556
31894 0.0555556
31345 0.0555556
26700 0.0555556
21531 0.0555556
6748 0.0555556
29058 0.05
16843 0.05
14379 0.05
40191 0.047619
32661 0.047619
32494 0.047619
17770 0.047619
10360 0.047619
29763 0.0454545
23750 0.0454545
23357 0.0454545
33217 0.0434783
21630 0.0434783
4724 0.0434783
33403 0.04
29757 0.04
26604 0.04
33655 0.0384615
11479 0.0384615
8369 0.0384615
2195 0.0384615
29196 0.0285714
26890 0.0285714
25126 0.0285714
22345 0.0285714
17924 0.0285714
11782 0.0263158
8290 0.0263158
8260 0.0263158
140 0.0263158
40752 0.0238095
35392 0.0238095
14324 0.0238095
2238 0.0238095
40980 0
40979 0
40978 0
40977 0
40976 0
40975 0
40974 0
40973 0
40972 0
40971 0
40970 0
40969 0
40968 0
40967 0
40966 0
40965 0
40964 0
40963 0
40962 0
40961 0
40960 0
40959 0
40958 0
40957 0
40956 0
40955 0
40954 0
40953 0
40952 0
40951 0
40950 0
40949 0
40948 0
40947 0
40946 0
40945 0
40944 0
40943 0
40942 0
40941 0
40940 0
40939 0
40938 0
40937 0
40936 0
40935 0
40934 0
40933 0
40932 0
40931 0
40930 0
40929 0
40928 0
40927 0
40925 0
40924 0
40923 0
40922 0
40921 0
40920 0
40919 0
40918 0
40917 0
40916 0
40915 0
40914 0
40913 0
40912 0
40911 0
40910 0
40909 0
40908 0
40907 0
40906 0
40905 0
40904 0
40903 0
40902 0
40901 0
40900 0
40899 0
40898 0
40897 0
40896 0
40895 0
40894 0
40893 0
40892 0
40891 0
40890 0
40889 0
40888 0
40887 0
40886 0
40885 0
40884 0
40882 0
40881 0
40880 0
40879 0
40878 0
40877 0
40876 0
40875 0
40874 0
40873 0
40872 0
40871 0
40870 0
40869 0
40868 0
40867 0
40866 0
40865 0
40864 0
40863 0
40862 0
40861 0
40860 0
40859 0
40858 0
40857 0
40856 0
40855 0
40854 0
40853 0
40852 0
40851 0
40850 0
40849 0
40848 0
40847 0
40846 0
40845 0
40844 0
40843 0
40842 0
40841 0
40840 0
40839 0
40838 0
40837 0
40836 0
40835 0
40834 0
40833 0
40832 0
40831 0
40830 0
40829 0
40828 0
40827 0
40826 0
40825 0
40824 0
40823 0
40822 0
40821 0
40820 0
40819 0
40818 0
40817 0
40816 0
40815 0
40814 0
40813 0
40812 0
40811 0
40810 0
40809 0
40808 0
40807 0
40806 0
40805 0
40804 0
40803 0
40802 0
40801 0
40800 0
40799 0
40798 0
40797 0
40796 0
40795 0
40794 0
40793 0
40792 0
40791 0
40790 0
40789 0
40788 0
40787 0
40786 0
40785 0
40784 0
40783 0
40782 0
40781 0
40780 0
40779 0
40778 0
40777 0
40776 0
40775 0
40774 0
40773 0
40772 0
40771 0
40770 0
40769 0
40768 0
40767 0
40766 0
40765 0
40764 0
40763 0
