13654 6.93447
36313 5.35681
27799 5.29665
33452 4.63349
6041 4.1021
14858 3.81343
24902 2.28889
6592 2.04557
18356 1.90394
3002 1.842
27663 1.83298
22530 1.78958
40890 1.7228
12522 1.67308
34015 1.43106
33518 1.3469
12541 1.33427
2885 1.21541
6172 1.21504
22088 1.21132
40525 1.18607
27926 1.16791
3356 1.13961
5778 1.12588
23354 1.10064
22170 1.08329
29140 1.06882
17312 1.04342
18017 1.01006
19517 0.909524
3940 0.906739
32016 0.905459
11810 0.898128
27863 0.891322
19277 0.881704
35203 0.875805
35766 0.872883
2027 0.865239
24239 0.84508
13916 0.838061
27166 0.830072
4058 0.8237
30425 0.814835
36400 0.797419
14943 0.760752
16806 0.753414
34770 0.753288
35706 0.746795
21785 0.714826
1410 0.698676
8412 0.674242
30897 0.640869
15434 0.633977
26786 0.621302
33267 0.619449
35317 0.619293
18138 0.606463
10210 0.584123
32620 0.559248
26058 0.551185
33633 0.549873
4984 0.540644
3852 0.528931
6914 0.522511
4848 0.521429
24400 0.519498
8224 0.507586
21186 0.501574
28855 0.492857
29634 0.491955
38049 0.484926
2484 0.483179
6319 0.470222
109 0.466949
19774 0.46142
25659 0.45973
36438 0.455357
31537 0.448295
18520 0.421962
31136 0.416492
16122 0.415909
26448 0.407258
15056 0.406058
21534 0.398413
15054 0.397816
4189 0.394524
15669 0.381319
32819 0.371429
29875 0.370655
26794 0.369999
30379 0.36503
10424 0.364976
6518 0.364599
22711 0.362325
29256 0.361045
27740 0.340153
6667 0.336033
11789 0.335571
21092 0.333333
81 0.333333
5209 0.328133
18208 0.327381
24385 0.323256
5840 0.322024
33256 0.321674
35825 0.30989
10253 0.308177
32788 0.304048
23843 0.298975
8197 0.298701
6067 0.293014
39826 0.292455
13628 0.291667
31564 0.290869
31228 0.281074
23240 0.274707
23585 0.270882
29270 0.268617
3068 0.260266
9660 0.252946
39791 0.252053
39286 0.25
39245 0.25
37815 0.25
32688 0.25
31582 0.25
30703 0.25
27901 0.25
21051 0.25
20286 0.25
2101 0.25
1230 0.25
21062 0.249475
4761 0.24906
22184 0.249004
35346 0.246495
27840 0.241363
21323 0.238956
38776 0.237525
31140 0.236582
37374 0.235267
13669 0.235084
4934 0.234512
8237 0.228687
23455 0.225392
37085 0.225304
28880 0.217632
38856 0.216667
20704 0.212704
35734 0.211396
32885 0.208937
20448 0.208333
14797 0.208333
6083 0.202987
32611 0.20119
35239 0.2
30262 0.2
18555 0.2
5362 0.2
5214 0.2
16745 0.191161
16298 0.189365
13507 0.188527
23566 0.187532
37502 0.183534
16560 0.181981
38118 0.181434
24790 0.180977
18340 0.1798
16076 0.177523
34579 0.17664
24678 0.176188
21813 0.176054
13513 0.175283
9000 0.173993
34923 0.171795
40414 0.168963
6140 0.168625
39661 0.166667
35014 0.166667
26803 0.166667
18834 0.166667
11607 0.166667
5455 0.166667
8828 0.163437
20928 0.163417
32607 0.16334
16058 0.16334
11909 0.16334
2749 0.16334
39947 0.163177
30676 0.163177
27989 0.163177
11080 0.163177
10196 0.162993
27486 0.162777
25362 0.162081
21912 0.161629
18964 0.158025
40389 0.156151
37102 0.156151
17900 0.156151
4539 0.156093
30275 0.155844
14538 0.155844
22318 0.155759
17583 0.155202
28094 0.154306
14138 0.154146
17317 0.15049
16603 0.145429
7145 0.144058
30234 0.142857
26546 0.142857
25833 0.142857
20763 0.142857
15467 0.142857
13803 0.142857
9661 0.142857
8758 0.142857
3167 0.142857
2951 0.142857
1923 0.142857
406 0.142857
3326 0.138875
612 0.138477
29073 0.137989
10453 0.137421
32552 0.136854
23715 0.135543
7099 0.134475
8592 0.133694
6979 0.133694
30417 0.133455
6906 0.13278
16283 0.131063
22368 0.130179
23888 0.129792
15562 0.129543
12569 0.127206
37546 0.125952
315 0.125952
38078 0.125
36160 0.125
34339 0.125
32304 0.125
32274 0.125
13309 0.125
26476 0.124614
15012 0.122718
27253 0.121396
1789 0.121396
33227 0.121028
36673 0.119979
21703 0.114337
6166 0.114189
5875 0.114189
22075 0.113997
39671 0.111111
37441 0.111111
36952 0.111111
30186 0.111111
9026 0.111111
3310 0.111111
830 0.111111
37305 0.107253
34169 0.106123
12289 0.106123
31663 0.105819
14934 0.105554
1610 0.105554
6711 0.102888
34378 0.102757
7921 0.102757
11331 0.100762
26398 0.100314
39172 0.1
36641 0.1
25693 0.1
22405 0.1
19250 0.1
12698 0.1
7498 0.1
7454 0.1
1109 0.1
934 0.1
30693 0.0991715
80 0.0991715
32930 0.098889
21889 0.0979853
29193 0.0971918
40764 0.0955951
22404 0.0955951
12449 0.0951064
17105 0.0933557
21757 0.0932326
15416 0.0932326
30367 0.0931389
32043 0.0928428
37340 0.0909091
9553 0.0909091
7229 0.0877451
11804 0.0856322
9616 0.0850119
4444 0.0847833
34116 0.0833333
31818 0.0833333
23446 0.0833333
5674 0.0833333
3384 0.0833333
306 0.0832196
8208 0.0828283
16629 0.0826468
15665 0.0821581
9196 0.0821581
27168 0.0820548
40476 0.0814215
36540 0.0814215
14587 0.0804182
8342 0.0804182
1049 0.0804182
40144 0.0769231
29819 0.0769231
21064 0.0769231
3541 0.0769231
37672 0.0760081
1966 0.0760081
8035 0.0748422
14951 0.0742174
4025 0.0742174
28407 0.0740401
28340 0.0727251
24261 0.0727251
36948 0.0721941
16395 0.0721941
11874 0.0721941
40629 0.0714286
39472 0.0714286
32224 0.0714286
30296 0.0714286
29745 0.0714286
21010 0.0714286
19463 0.0714286
14790 0.0714286
13235 0.0714286
12893 0.0714286
11469 0.0714286
11052 0.0714286
8982 0.0714286
7076 0.0714286
6707 0.0714286
1238 0.0714286
23886 0.0694118
2218 0.0694118
20305 0.0688151
8419 0.0688151
38583 0.0670771
27208 0.0670771
12935 0.0670771
11488 0.0670771
36712 0.0666667
32856 0.0666667
30419 0.0666667
18517 0.0666667
16399 0.0666667
11266 0.0666667
7306 0.0666667
2652 0.0666667
26095 0.0655303
3413 0.0655303
40644 0.0631154
5414 0.0631154
13117 0.0630276
35733 0.0625
35183 0.0625
34616 0.0625
19592 0.0625
12451 0.0625
11167 0.0625
4028 0.0625
1131 0.062465
32536 0.0621909
37980 0.0604863
33999 0.0604863
29817 0.0604863
18561 0.0604863
2751 0.0604863
509 0.0604863
39641 0.0599668
29439 0.0599668
16787 0.0599668
40383 0.0599573
16001 0.0599573
9309 0.0599573
7245 0.0599573
30073 0.0596196
8309 0.0596196
432 0.0594383
16723 0.0588235
2752 0.0588235
29923 0.0584129
17412 0.0584129
27876 0.0555556
37077 0.0526316
35439 0.0526316
34157 0.0526316
31352 0.0526316
30325 0.0526316
29909 0.0526316
25537 0.0526316
15493 0.0526316
12535 0.0526316
2376 0.0526316
1281 0.0526316
31110 0.0518317
3105 0.0518317
838 0.0518317
38608 0.0488801
31589 0.0488801
27675 0.0488801
13337 0.0488801
10022 0.0488801
17083 0.047619
1614 0.0469128
24137 0.0456062
416 0.0456062
40159 0.0454545
29626 0.0454545
21119 0.0454545
20569 0.0454545
39925 0.0437714
19284 0.0437714
16097 0.0434783
39383 0.0416667
25826 0.0416667
20250 0.0416667
19967 0.0416667
37496 0.0414825
29902 0.0414825
15642 0.0414825
34123 0.0402379
32708 0.04
32381 0.04
29901 0.04
20093 0.04
6033 0.04
885 0.04
763 0.04
40165 0.0394501
33377 0.0394501
30793 0.0394501
26950 0.0394501
24162 0.0394501
22456 0.0394501
16621 0.0394501
16047 0.0394501
2542 0.0394501
19606 0.0384872
12922 0.0384872
12443 0.0384872
40342 0.0384615
39177 0.0384615
37027 0.0384615
30385 0.0384615
29237 0.0384615
27176 0.0384615
25568 0.0384615
25360 0.0384615
24891 0.0384615
21772 0.0384615
18329 0.0384615
17701 0.0384615
17100 0.0384615
17062 0.0384615
8969 0.0384615
8672 0.0384615
5824 0.0384615
3888 0.0384615
2585 0.0384615
512 0.0384615
23370 0.037037
22313 0.037037
13172 0.037037
35175 0.0364659
349 0.0357143
33119 0.0344828
26854 0.0344828
22183 0.0344828
12012 0.0344828
5763 0.0344828
5313 0.0344828
39001 0.0327863
24126 0.0327863
22997 0.0327863
21431 0.0327863
16557 0.0327863
14546 0.0327863
13670 0.0327863
1355 0.0327863
40585 0.0322581
