28520 10.1062
14156 7.21728
6080 4.1671
39739 2.81027
24465 2.54255
24940 2.34364
13376 1.8745
33750 1.73602
16531 1.70163
22274 1.48543
19317 1.45703
35084 1.43752
37395 1.41301
7739 1.33031
26535 1.29795
37173 1.20621
37281 1.11222
2782 1.03908
33766 0.969739
29290 0.922907
18268 0.922907
35783 0.920262
20208 0.880198
22005 0.863386
35397 0.850096
11702 0.83324
32609 0.699003
38854 0.679638
8030 0.679638
40133 0.627088
4416 0.612621
38755 0.596915
34601 0.585532
34943 0.538325
13259 0.538325
27587 0.521736
17709 0.504908
18602 0.473997
21511 0.460616
12319 0.451559
38635 0.425115
12534 0.388898
2539 0.360256
40176 0.355947
1352 0.349663
22796 0.340909
21868 0.332927
38591 0.314622
25934 0.2866
3333 0.280303
36551 0.274995
28131 0.274636
40873 0.274376
19143 0.274376
4051 0.273148
7562 0.271368
28299 0.265479
15146 0.26496
4527 0.258372
36814 0.258203
11130 0.256519
13229 0.248167
35403 0.242936
28204 0.239165
19658 0.2
36885 0.192298
8405 0.192298
30814 0.191399
19228 0.187892
12867 0.187892
39981 0.183512
37620 0.183512
35434 0.183512
30658 0.183512
33909 0.175799
18445 0.174919
4939 0.166667
27973 0.148443
9785 0.145408
9052 0.142857
29134 0.134711
15701 0.134711
12598 0.134711
10590 0.134711
24657 0.125
19462 0.125
28189 0.124151
40813 0.112434
38876 0.112434
34597 0.111111
30378 0.111111
27201 0.111111
16646 0.101101
30063 0.0989967
27041 0.0989967
14707 0.0989967
11356 0.0989967
31053 0.0971805
23924 0.0951178
17424 0.0951178
12252 0.0951178
33717 0.0909091
28268 0.0909091
5911 0.0909091
17840 0.0905959
8752 0.0903389
5941 0.0903389
20036 0.0877482
2198 0.0877482
249 0.0877482
36411 0.0829693
34681 0.0829693
28846 0.0829693
19537 0.0829693
2223 0.0829693
32068 0.0769231
19902 0.0769231
6615 0.0769231
35486 0.070691
34070 0.070691
22616 0.070691
18106 0.070691
14868 0.070691
9401 0.070691
2650 0.0625
37698 0.0526316
29475 0.0526316
26606 0.0526316
29050 0.037037
25726 0.037037
24417 0.037037
22032 0.037037
21857 0.037037
20217 0.0322581
37170 0.030303
32563 0.030303
27519 0.030303
23870 0.030303
17469 0.030303
14527 0.030303
11068 0.030303
9118 0.030303
8333 0.030303
20162 0.0277778
5051 0.0277778
40507 0.027027
38431 0.027027
34289 0.027027
26536 0.027027
19466 0.027027
17008 0.027027
13512 0.027027
40083 0.0232558
32656 0.0232558
26827 0.0232558
21706 0.0232558
17410 0.0232558
14750 0.0232558
35383 0.0204082
34236 0.0204082
30349 0.0204082
28902 0.0204082
28422 0.0204082
26359 0.0204082
22417 0.0204082
15986 0.0204082
13783 0.0204082
9989 0.0204082
9451 0.0204082
40980 0
40979 0
40978 0
40977 0
40976 0
40975 0
40974 0
40973 0
40972 0
40971 0
40970 0
40969 0
40968 0
40967 0
40966 0
40965 0
40964 0
40963 0
40962 0
40961 0
40960 0
40959 0
40958 0
40957 0
40956 0
40955 0
40954 0
40953 0
40952 0
40951 0
40950 0
40949 0
40948 0
40947 0
40946 0
40945 0
40944 0
40943 0
40942 0
40941 0
40940 0
40939 0
40938 0
40937 0
40936 0
40935 0
40934 0
40933 0
40932 0
40931 0
40930 0
40929 0
40928 0
40927 0
40926 0
40925 0
40924 0
40923 0
40922 0
40921 0
40920 0
40919 0
40918 0
40917 0
40916 0
40915 0
40914 0
40913 0
40912 0
40911 0
40910 0
40909 0
40908 0
40907 0
40906 0
40905 0
40904 0
40903 0
40902 0
40901 0
40900 0
40899 0
40898 0
40897 0
40896 0
40895 0
40894 0
40893 0
40892 0
40891 0
40890 0
40889 0
40888 0
40887 0
40886 0
40885 0
40884 0
40883 0
40882 0
40881 0
40880 0
40879 0
40878 0
40877 0
40876 0
40875 0
40874 0
40872 0
40871 0
40870 0
40869 0
40868 0
40867 0
40866 0
40865 0
40864 0
40863 0
40862 0
40861 0
40860 0
40859 0
40858 0
40857 0
40856 0
40855 0
40854 0
40853 0
40852 0
40851 0
40850 0
40849 0
40848 0
40847 0
40846 0
40845 0
40844 0
40843 0
40842 0
40841 0
40840 0
40839 0
40838 0
40837 0
40836 0
40835 0
40834 0
40833 0
40832 0
40831 0
40830 0
40829 0
40828 0
40827 0
40826 0
40825 0
40824 0
40823 0
40822 0
40821 0
40820 0
40819 0
40818 0
40817 0
40816 0
40815 0
40814 0
40812 0
40811 0
40810 0
40809 0
40808 0
40807 0
40806 0
40805 0
40804 0
40803 0
40802 0
40801 0
40800 0
40799 0
40798 0
40797 0
40796 0
40795 0
40794 0
40793 0
40792 0
40791 0
40790 0
40789 0
40788 0
40787 0
40786 0
40785 0
40784 0
40783 0
40782 0
40781 0
40780 0
40779 0
40778 0
40777 0
40776 0
40775 0
40774 0
40773 0
40772 0
40771 0
40770 0
40769 0
40768 0
40767 0
40766 0
40765 0
40764 0
40763 0
40762 0
40761 0
40760 0
40759 0
40758 0
40757 0
40756 0
40755 0
40754 0
40753 0
40752 0
40751 0
40750 0
40749 0
40748 0
40747 0
40746 0
40745 0
40744 0
40743 0
40742 0
40741 0
40740 0
40739 0
40738 0
40737 0
40736 0
40735 0
40734 0
40733 0
40732 0
40731 0
40730 0
40729 0
40728 0
40727 0
40726 0
40725 0
40724 0
40723 0
40722 0
40721 0
40720 0
40719 0
40718 0
40717 0
40716 0
40715 0
40714 0
40713 0
40712 0
40711 0
40710 0
40709 0
40708 0
40707 0
40706 0
40705 0
40704 0
40703 0
40702 0
40701 0
40700 0
40699 0
40698 0
40697 0
40696 0
40695 0
40694 0
40693 0
40692 0
40691 0
40690 0
40689 0
40688 0
40687 0
40686 0
40685 0
40684 0
40683 0
40682 0
40681 0
40680 0
40679 0
40678 0
40677 0
40676 0
40675 0
40674 0
40673 0
40672 0
40671 0
40670 0
40669 0
40668 0
40667 0
40666 0
40665 0
40664 0
40663 0
40662 0
40661 0
40660 0
40659 0
40658 0
40657 0
40656 0
40655 0
40654 0
40653 0
40652 0
40651 0
40650 0
40649 0
40648 0
