26069 8.11979
28988 3.72341
35941 3.12044
36250 2.44064
23843 2.21429
19032 1.64286
8672 1.61667
8487 1.60017
29401 1.52692
36800 1.46978
6041 1.46695
30449 1.36085
2286 1.34997
25016 1.31905
19304 1.31664
33457 1.15981
7198 1.11445
23155 1.10731
19419 1.09821
5197 1.04656
28334 0.941667
40344 0.866667
21626 0.839286
27714 0.833333
20250 0.833333
39749 0.784524
109 0.783333
21027 0.759692
10480 0.72619
12187 0.716306
25137 0.714286
27799 0.7
2918 0.687673
24952 0.683616
37888 0.67619
2049 0.653175
20315 0.59997
4998 0.592857
3902 0.590909
10656 0.586911
26730 0.559524
13309 0.542857
40296 0.516949
37882 0.516949
17312 0.516949
12681 0.516949
28500 0.503968
10823 0.5
36682 0.466667
3011 0.461875
40340 0.392857
39309 0.392857
38150 0.372619
18428 0.371429
8680 0.355556
3609 0.347619
28110 0.333333
15461 0.333333
13587 0.333333
2786 0.333333
2216 0.333333
38071 0.287037
22825 0.272222
40414 0.259806
37800 0.259806
35014 0.259806
20490 0.259806
7229 0.259806
40271 0.25
37955 0.25
37018 0.25
34240 0.25
24423 0.25
22501 0.25
19967 0.25
19543 0.25
19472 0.25
18021 0.25
15047 0.25
14886 0.25
6580 0.25
5693 0.25
3030 0.25
2885 0.25
213 0.25
3693 0.249639
38535 0.233929
8617 0.219481
37673 0.2
37181 0.2
32885 0.2
27486 0.2
25583 0.2
16390 0.2
11371 0.2
9107 0.2
6125 0.2
4771 0.2
4472 0.2
5129 0.190446
36379 0.183502
29339 0.183502
22928 0.183502
8072 0.183502
36395 0.166667
35336 0.166667
32229 0.166667
30097 0.166667
29432 0.166667
26598 0.166667
25304 0.166667
15779 0.166667
8465 0.166667
7780 0.166667
36455 0.142857
35118 0.142857
33982 0.142857
33163 0.142857
32030 0.142857
30352 0.142857
29544 0.142857
21402 0.142857
5075 0.142857
3920 0.142857
23504 0.111111
38803 0.1
34268 0.1
22487 0.1
21950 0.1
21875 0.1
21448 0.1
9196 0.1
5038 0.1
3954 0.1
999 0.1
989 0.1
31225 0.0909091
24155 0.0909091
40149 0.0769231
39791 0.0769231
25780 0.0769231
25668 0.0769231
25155 0.0769231
24740 0.0769231
24002 0.0769231
20008 0.0769231
17828 0.0769231
17083 0.0769231
16968 0.0769231
16789 0.0769231
14398 0.0769231
13916 0.0769231
9320 0.0769231
7316 0.0769231
5443 0.0769231
4036 0.0769231
32506 0.0625
30764 0.0625
25317 0.0625
23205 0.0625
16231 0.0625
38971 0.0555556
36965 0.0555556
19156 0.0555556
39497 0.05
30342 0.05
26300 0.05
23041 0.05
22582 0.05
21412 0.05
19128 0.05
15670 0.05
10972 0.05
5534 0.05
35817 0.047619
18595 0.047619
18530 0.047619
11008 0.047619
4579 0.047619
40847 0.037037
27791 0.037037
6789 0.037037
3960 0.037037
2809 0.037037
40113 0.0285714
36147 0.0285714
35792 0.0285714
35601 0.0285714
35404 0.0285714
34312 0.0285714
31366 0.0285714
28551 0.0285714
27379 0.0285714
26399 0.0285714
25885 0.0285714
25056 0.0285714
22537 0.0285714
22122 0.0285714
20010 0.0285714
19555 0.0285714
18732 0.0285714
14583 0.0285714
12956 0.0285714
12282 0.0285714
9615 0.0285714
9423 0.0285714
8717 0.0285714
6049 0.0285714
3317 0.0285714
2669 0.0285714
651 0.0285714
37496 0.0169492
36797 0.0169492
36425 0.0169492
35183 0.0169492
34561 0.0169492
33266 0.0169492
32552 0.0169492
30136 0.0169492
29796 0.0169492
29140 0.0169492
28880 0.0169492
27901 0.0169492
27536 0.0169492
26786 0.0169492
25568 0.0169492
23748 0.0169492
23454 0.0169492
22959 0.0169492
19079 0.0169492
18598 0.0169492
16127 0.0169492
15562 0.0169492
15467 0.0169492
14943 0.0169492
12907 0.0169492
12708 0.0169492
11408 0.0169492
10767 0.0169492
10285 0.0169492
10229 0.0169492
7587 0.0169492
6779 0.0169492
6592 0.0169492
6298 0.0169492
5470 0.0169492
5103 0.0169492
4872 0.0169492
4283 0.0169492
3821 0.0169492
2426 0.0169492
2262 0.0169492
1965 0.0169492
509 0.0169492
391 0.0169492
80 0.0169492
40980 0
40979 0
40978 0
40977 0
40976 0
40975 0
40974 0
40973 0
40972 0
40971 0
40970 0
40969 0
40968 0
40967 0
40966 0
40965 0
40964 0
40963 0
40962 0
40961 0
40960 0
40959 0
40958 0
40957 0
40956 0
40955 0
40954 0
40953 0
40952 0
40951 0
40950 0
40949 0
40948 0
40947 0
40946 0
40945 0
40944 0
40943 0
40942 0
40941 0
40940 0
40939 0
40938 0
40937 0
40936 0
40935 0
40934 0
40933 0
40932 0
40931 0
40930 0
40929 0
40928 0
40927 0
40926 0
40925 0
40924 0
40923 0
40922 0
40921 0
40920 0
40919 0
40918 0
40917 0
40916 0
40915 0
40914 0
40913 0
40912 0
40911 0
40910 0
40909 0
40908 0
40907 0
40906 0
40905 0
40904 0
40903 0
40902 0
40901 0
40900 0
40899 0
40898 0
40897 0
40896 0
40895 0
40894 0
40893 0
40892 0
40891 0
40890 0
40889 0
40888 0
40887 0
40886 0
40885 0
40884 0
40883 0
40882 0
40881 0
40880 0
40879 0
40878 0
40877 0
40876 0
40875 0
40874 0
40873 0
40872 0
40871 0
40870 0
40869 0
40868 0
40867 0
40866 0
40865 0
40864 0
40863 0
40862 0
40861 0
40860 0
40859 0
40858 0
40857 0
40856 0
40855 0
40854 0
40853 0
40852 0
40851 0
40850 0
40849 0
40848 0
40846 0
40845 0
40844 0
40843 0
40842 0
40841 0
40840 0
40839 0
40838 0
40837 0
40836 0
40835 0
40834 0
40833 0
40832 0
40831 0
40830 0
40829 0
40828 0
40827 0
40826 0
40825 0
40824 0
40823 0
40822 0
40821 0
40820 0
40819 0
40818 0
40817 0
40816 0
40815 0
40814 0
40813 0
40812 0
40811 0
40810 0
40809 0
40808 0
40807 0
40806 0
40805 0
40804 0
40803 0
40802 0
40801 0
40800 0
40799 0
40798 0
40797 0
40796 0
40795 0
40794 0
40793 0
40792 0
40791 0
40790 0
40789 0
40788 0
40787 0
40786 0
40785 0
40784 0
40783 0
40782 0
40781 0
40780 0
40779 0
40778 0
40777 0
40776 0
40775 0
40774 0
40773 0
40772 0
40771 0
40770 0
40769 0
40768 0
40767 0
40766 0
40765 0
40764 0
40763 0
40762 0
40761 0
40760 0
40759 0
40758 0
40757 0
40756 0
40755 0
40754 0
40753 0
40752 0
40751 0
40750 0
40749 0
40748 0
40747 0
40746 0
40745 0
40744 0
40743 0
40742 0
40741 0
40740 0
40739 0
40738 0
40737 0
40736 0
