24028 217.079
10361 202.436
8465 187.024
2263 136.993
13043 133.336
14886 103.686
17368 93.1896
20350 81.9688
20106 78.546
33342 74.2213
29162 62.9219
29143 57.4813
32229 52.8261
40166 52.5626
8027 43.2075
15171 36.4836
23843 35.21
7546 33.2114
5405 30.165
37924 25.888
19032 25.6015
8637 25.4897
38201 18.6604
29913 16.7792
33033 15.286
24759 14.3743
18503 13.9743
16010 12.8906
9665 12.551
22594 12.155
5353 11.7321
11484 10.225
16034 10.0002
8962 9.90433
5102 9.82494
8672 9.34363
20320 9.27388
22567 9.16482
23696 9.0638
31301 8.93645
37010 8.31481
25483 8.18976
12758 7.55346
19171 7.51705
18419 7.01687
21596 6.98879
5128 6.95575
2973 6.71987
23895 6.70253
1975 6.29022
12283 6.24478
24501 6.22666
11906 6.05538
27799 5.4954
13024 5.48997
543 5.40162
2840 5.38302
878 5.17781
24825 5.13125
10923 5.09398
34768 5.08496
32885 4.77517
22205 4.72095
27308 4.67935
10950 4.67213
18467 4.61728
24287 4.60325
18328 4.48614
32541 4.40238
9561 4.35672
18946 4.08834
34433 4.04039
13254 3.97751
8149 3.97485
18727 3.84665
38826 3.7675
6701 3.75961
26148 3.67007
23724 3.64306
40659 3.41185
12623 3.35443
24414 3.31097
16219 3.28807
17687 3.26503
38323 3.19749
29432 3.1942
31894 3.1623
24969 3.14718
39102 3.09755
25315 3.07857
35170 3.02917
8250 2.97464
10619 2.949
5741 2.94003
37876 2.66472
40429 2.66215
5693 2.64655
33185 2.61903
27963 2.61903
17715 2.61903
1366 2.57144
37651 2.54126
32 2.53333
11999 2.48665
37523 2.48207
28275 2.35569
5748 2.34823
15651 2.32641
39015 2.28881
35766 2.2388
7708 2.21618
31509 2.18365
21911 2.17265
30054 2.14221
987 2.13797
1642 2.12582
34650 2.06296
40795 2.05384
4591 2.02216
8082 2.00194
25337 1.992
26734 1.99173
32589 1.94277
28345 1.92923
2560 1.90384
20727 1.85895
2647 1.76124
15400 1.73113
13478 1.67979
36480 1.66625
2335 1.64917
3096 1.64444
6262 1.62146
20547 1.56272
32468 1.53502
12742 1.53214
2413 1.49701
35253 1.49167
19834 1.45919
12308 1.4329
33597 1.42976
28519 1.42907
6079 1.40813
534 1.4074
35691 1.37348
20273 1.36348
13432 1.3435
186 1.3435
16826 1.31328
37515 1.29458
37711 1.29061
30517 1.25874
31283 1.25784
3936 1.25554
9497 1.23482
16789 1.22558
11553 1.21071
13194 1.20464
27194 1.20413
27766 1.18771
37374 1.1803
14102 1.169
9003 1.16429
25192 1.15536
37935 1.14518
39406 1.11762
15603 1.07208
35346 1.06288
432 1.06241
21629 1.04521
40883 1.03951
12802 1.02866
24678 1.0176
34612 1.01343
39791 1.00891
743 1.0084
2769 1.00666
8261 1.00475
35726 1.00235
16878 0.999715
26069 0.998957
29599 0.983804
4998 0.983333
6050 0.981752
919 0.970524
31688 0.957331
12296 0.953968
8077 0.950433
9862 0.949371
52 0.94915
8762 0.925245
36313 0.920636
8113 0.916667
26662 0.901111
24239 0.898157
25155 0.893832
39593 0.8921
15548 0.891667
23582 0.891504
1818 0.888637
33888 0.886523
31329 0.875433
38970 0.869869
28989 0.857576
19566 0.856493
24159 0.833333
11453 0.833333
25016 0.83219
14430 0.825397
30499 0.825165
34904 0.819608
35848 0.818911
29571 0.814286
17083 0.814065
17175 0.813332
14166 0.813332
12054 0.813332
36648 0.806151
4288 0.797641
36474 0.794329
16429 0.769481
19900 0.753781
33362 0.752333
30798 0.75
27685 0.74359
13654 0.739138
4579 0.729167
23347 0.72732
36621 0.725071
21678 0.705751
1968 0.705515
12692 0.704978
19543 0.700239
27462 0.7
33050 0.696688
19127 0.681897
22079 0.671465
21183 0.668687
29174 0.668127
27961 0.660256
2249 0.646368
1392 0.64392
12426 0.643478
40017 0.642157
10100 0.636905
5214 0.633333
2661 0.633009
37628 0.632561
5362 0.628574
16968 0.62822
20250 0.627888
15139 0.625
12569 0.619454
36734 0.616667
9196 0.614946
24493 0.612943
33937 0.607143
33580 0.604845
27886 0.60234
24106 0.602022
33040 0.601274
30858 0.596333
12624 0.586276
12630 0.582163
27623 0.573485
10400 0.570715
15179 0.565349
20742 0.560655
40103 0.558824
18258 0.555744
9326 0.544762
5992 0.544762
17312 0.540917
11080 0.540917
110 0.540917
2592 0.538623
32888 0.537037
31059 0.534805
6622 0.528529
9107 0.526923
35925 0.525924
21810 0.525924
13157 0.525924
4129 0.516835
2478 0.5125
40419 0.509246
21496 0.507553
13916 0.503639
37372 0.503233
37184 0.503233
36963 0.503233
36473 0.503233
32661 0.503233
9540 0.503233
32494 0.50054
24002 0.498573
34789 0.497076
17264 0.49359
29032 0.489487
29806 0.48253
1893 0.478994
34167 0.478753
19800 0.473456
40340 0.466606
10480 0.465909
32373 0.46533
12404 0.460553
2234 0.457143
6065 0.456667
31354 0.45609
12925 0.455357
6757 0.447819
4698 0.447619
14993 0.445489
37194 0.44
8861 0.437834
6483 0.435094
31887 0.434837
746 0.427962
21075 0.427686
26455 0.423611
37397 0.421197
35273 0.42037
17748 0.419298
11796 0.414134
12369 0.414008
2885 0.41169
16917 0.408333
29547 0.407576
11758 0.405778
15904 0.405415
1346 0.404484
40926 0.4
25668 0.395295
14690 0.395295
15357 0.392857
15570 0.391667
27595 0.391667
26305 0.391346
17431 0.390476
32303 0.388312
22711 0.388296
34535 0.384311
40136 0.380159
4257 0.378841
15236 0.378318
9916 0.376923
37176 0.373717
28779 0.371573
4804 0.371273
16752 0.366667
31034 0.358974
27676 0.358974
11810 0.356589
15031 0.355556
20978 0.35351
37973 0.349524
34321 0.349524
7173 0.34881
20489 0.348715
24046 0.346431
22391 0.346431
6071 0.346151
25780 0.346066
9081 0.34359
25490 0.340132
30581 0.338346
38062 0.337037
7054 0.333766
38621 0.333333
38410 0.333333
37478 0.333333
36218 0.333333
32273 0.333333
30742 0.333333
30351 0.333333
30126 0.333333
28500 0.333333
23202 0.333333
19835 0.333333
18609 0.333333
15154 0.333333
9676 0.333333
5918 0.333333
1016 0.333333
7183 0.329167
10246 0.328444
30866 0.325586
31498 0.321673
16919 0.319048
38921 0.317778
301 0.316923
32760 0.314461
2604 0.314286
3823 0.310909
37048 0.309524
5096 0.309524
35245 0.307857
17211 0.303419
18645 0.300846
21467 0.297576
23530 0.296919
39661 0.296895
1704 0.296703
19436 0.295622
27514 0.295327
27434 0.293498
10736 0.292951
13305 0.290909
164 0.283146
2241 0.276696
4547 0.274404
2633 0.273491
2289 0.273491
34311 0.271945
22879 0.271945
14143 0.268498
26214 0.260747
11782 0.259685
6563 0.25265
39947 0.251032
39679 0.25
38779 0.25
36430 0.25
35646 0.25
32179 0.25
30712 0.25
26798 0.25
15490 0.25
15311 0.25
15065 0.25
13569 0.25
13097 0.25
12865 0.25
7101 0.25
7006 0.25
6516 0.25
5207 0.25
392 0.25
2898 0.249542
16753 0.24906
18963 0.248779
35317 0.246495
37682 0.244361
26087 0.244361
21141 0.244361
20204 0.244361
18650 0.244361
17525 0.244361
16043 0.244361
9386 0.244361
4922 0.244361
4417 0.244361
22684 0.244048
31568 0.243602
14325 0.240909
26095 0.2409
7613 0.239899
17202 0.237427
17770 0.235849
11054 0.235849
10751 0.235849
2483 0.235849
11546 0.235256
23570 0.232644
28036 0.23254
10805 0.232485
1026 0.231542
10505 0.230964
6592 0.230296
25053 0.229701
25616 0.225733
14765 0.225733
28798 0.225641
28202 0.223232
8399 0.222857
12626 0.221861
31806 0.220513
8892 0.219894
16817 0.219735
18274 0.219219
17634 0.219219
27926 0.217379
34459 0.215812
29016 0.215385
40152 0.214907
24746 0.211938
9547 0.211938
19513 0.21039
18361 0.210145
4713 0.209957
3671 0.209957
14138 0.209109
38386 0.208974
25525 0.208219
39193 0.20803
29237 0.207457
31728 0.204185
38384 0.203741
36057 0.2025
