15067 6.88516
9037 3.8917
23843 2.32348
32403 2.27963
7638 1.8015
27082 1.79586
37702 1.48078
40604 1.22411
4891 1.16197
16706 1.14058
797 1.10478
17260 1.0611
17685 0.920389
12823 0.845571
30590 0.845449
5867 0.841209
23659 0.81435
1441 0.803015
39361 0.787175
20401 0.751002
17645 0.726018
13411 0.726018
737 0.683044
27677 0.676681
22615 0.65221
27054 0.646365
17286 0.627042
3832 0.607274
38979 0.59049
31671 0.583431
40694 0.564113
18800 0.5625
12915 0.56093
39640 0.552028
37967 0.54951
37444 0.514289
36477 0.483306
2990 0.466667
20964 0.462228
327 0.444762
6756 0.442338
13309 0.432796
16539 0.431841
25566 0.419173
21485 0.405303
29695 0.404194
25542 0.395502
29401 0.395455
23696 0.391667
30612 0.38753
359 0.381575
20982 0.379894
17470 0.36575
11293 0.354137
14676 0.352632
33938 0.349524
2591 0.343137
9381 0.339286
38530 0.333333
14583 0.333333
36678 0.326063
36007 0.300605
21145 0.300248
22711 0.298086
36588 0.287719
12267 0.286725
15020 0.283894
28928 0.283509
13370 0.283509
9876 0.283509
9287 0.283509
1218 0.283509
36471 0.282576
8595 0.272158
17915 0.264181
8381 0.259869
11501 0.254979
15160 0.254293
12652 0.253968
36295 0.252632
25200 0.25
19428 0.25
18029 0.25
4760 0.25
2267 0.25
17664 0.247024
34150 0.244444
27928 0.243868
27443 0.243868
18582 0.235427
12981 0.233154
19392 0.231826
40716 0.225251
16638 0.222235
20610 0.219798
4562 0.210256
25091 0.20119
16699 0.20119
36217 0.200748
1997 0.2
18037 0.19657
13214 0.19657
39732 0.192887
15118 0.192887
14401 0.192887
27450 0.18538
28500 0.177322
6275 0.173714
34309 0.172944
34312 0.166667
25885 0.166667
18428 0.166667
946 0.166667
49 0.166667
40326 0.157738
10779 0.155637
348 0.147639
18411 0.14724
40434 0.144877
38245 0.144877
19150 0.144877
34435 0.142857
34155 0.142857
34027 0.142857
29866 0.142857
26856 0.142857
16494 0.142857
5317 0.142857
5176 0.142684
4168 0.142684
35346 0.141246
30676 0.141246
11080 0.141246
16390 0.140931
859 0.139181
22923 0.12522
22440 0.12522
39692 0.125
38535 0.125
21283 0.125
16313 0.125
15992 0.125
15127 0.125
14570 0.125
5271 0.125
3455 0.125
11932 0.124462
12953 0.124232
31897 0.124073
14082 0.124073
39389 0.119381
36858 0.118083
28814 0.114622
25312 0.114622
24128 0.114622
13819 0.114622
15469 0.111111
13595 0.111111
8452 0.111111
4861 0.106487
34758 0.1
18048 0.1
33841 0.0930728
7876 0.0930728
23007 0.0876285
4233 0.086841
31291 0.0851902
6517 0.0851902
40426 0.0833333
31664 0.0833333
5067 0.0833333
25893 0.0827652
4748 0.0827652
3495 0.0813652
6239 0.0769231
40094 0.0753953
2029 0.0753953
31339 0.0724394
17454 0.0724394
11715 0.0724394
21854 0.0714286
14891 0.0714286
39294 0.0704015
38596 0.0704015
37949 0.0704015
21415 0.0704015
5818 0.0704015
27528 0.0694976
18221 0.0694976
17106 0.067768
19766 0.0666667
9665 0.0666667
20682 0.0663952
39578 0.0625
27273 0.0625
8171 0.0625
6741 0.0625
39052 0.0588235
36947 0.0588235
30453 0.0588235
27926 0.0588235
24432 0.0588235
15151 0.0588235
15105 0.0588235
12292 0.0588235
9473 0.0588235
6034 0.0588235
4857 0.0588235
40271 0.0570261
18826 0.0570261
18089 0.0570261
4306 0.0570261
33885 0.0526316
27970 0.0526316
24562 0.0526316
18520 0.0526316
15191 0.0526316
8652 0.0526316
4998 0.0526316
40778 0.0482797
26460 0.0482797
36750 0.047619
9597 0.047619
1908 0.047619
1705 0.047619
39627 0.0467663
39085 0.0467663
38969 0.0467663
37819 0.0467663
37462 0.0467663
37064 0.0467663
36725 0.0467663
34537 0.0467663
34438 0.0467663
25507 0.0467663
25202 0.0467663
24457 0.0467663
23120 0.0467663
23110 0.0467663
23003 0.0467663
22327 0.0467663
21776 0.0467663
17810 0.0467663
15869 0.0467663
14053 0.0467663
11591 0.0467663
10234 0.0467663
4618 0.0467663
4412 0.0467663
1799 0.0467663
35551 0.0458429
39947 0.0454545
34737 0.0454545
27989 0.0454545
11488 0.0454545
110 0.0454545
38644 0.04
38015 0.04
36113 0.037037
32524 0.037037
27323 0.037037
39536 0.0333333
23581 0.0333333
40000 0.0322581
6424 0.0322581
40960 0.03125
14403 0.03125
5721 0.03125
34254 0.030303
29618 0.030303
19524 0.030303
9558 0.030303
8838 0.030303
7422 0.030303
31227 0.0285714
10143 0.0285714
3603 0.0285714
40318 0.0263158
38524 0.0263158
33987 0.0263158
30565 0.0263158
7077 0.0263158
286 0.0263158
22066 0.025
12618 0.025
10473 0.025
25136 0.0222222
31683 0.0208333
17131 0.0208333
9636 0.0208333
39620 0.0196078
36804 0.0196078
26241 0.0196078
8939 0.0196078
7225 0.0196078
6682 0.0196078
34479 0.0188679
24678 0.0188679
22184 0.0188679
19572 0.0188679
18463 0.0188679
15987 0.0188679
12603 0.0188679
10266 0.0188679
7203 0.0188679
4060 0.0188679
2484 0.0188679
39423 0.0181818
34629 0.0181818
30799 0.0181818
29410 0.0181818
25039 0.0181818
16590 0.0181818
8853 0.0181818
6792 0.0181818
4403 0.0181818
3083 0.0181818
34952 0.0178571
17553 0.0178571
13608 0.0178571
8744 0.0178571
40590 0.016129
38082 0.016129
35808 0.016129
30264 0.016129
29633 0.016129
25353 0.016129
21041 0.016129
16301 0.016129
14543 0.016129
7145 0.016129
2674 0.016129
1514 0.016129
37701 0.00980392
34958 0.00980392
34190 0.00980392
32833 0.00980392
28100 0.00980392
22546 0.00980392
19762 0.00980392
17952 0.00980392
17619 0.00980392
13903 0.00980392
13880 0.00980392
13361 0.00980392
6725 0.00980392
5831 0.00980392
1098 0.00980392
40980 0
40979 0
40978 0
40977 0
40976 0
40975 0
40974 0
40973 0
40972 0
40971 0
40970 0
40969 0
40968 0
40967 0
40966 0
40965 0
40964 0
40963 0
40962 0
40961 0
40959 0
40958 0
40957 0
40956 0
40955 0
40954 0
40953 0
40952 0
40951 0
40950 0
40949 0
40948 0
40947 0
40946 0
40945 0
40944 0
40943 0
40942 0
40941 0
40940 0
40939 0
40938 0
40937 0
40936 0
40935 0
40934 0
40933 0
40932 0
40931 0
40930 0
40929 0
40928 0
40927 0
40926 0
40925 0
40924 0
40923 0
40922 0
40921 0
40920 0
40919 0
40918 0
40917 0
40916 0
40915 0
40914 0
40913 0
40912 0
40911 0
40910 0
40909 0
40908 0
40907 0
40906 0
40905 0
40904 0
40903 0
40902 0
40901 0
40900 0
40899 0
40898 0
40897 0
40896 0
40895 0
40894 0
40893 0
40892 0
40891 0
40890 0
40889 0
40888 0
40887 0
40886 0
40885 0
40884 0
40883 0
40882 0
40881 0
40880 0
40879 0
40878 0
40877 0
40876 0
40875 0
40874 0
40873 0
40872 0
40871 0
40870 0
40869 0
40868 0
40867 0
40866 0
40865 0
40864 0
40863 0
40862 0
40861 0
40860 0
40859 0
40858 0
40857 0
40856 0
40855 0
40854 0
40853 0
40852 0
40851 0
40850 0
40849 0
40848 0
40847 0
40846 0
40845 0
40844 0
40843 0
40842 0
40841 0
40840 0
40839 0
40838 0
40837 0
40836 0
40835 0
40834 0
40833 0
40832 0
40831 0
40830 0
40829 0
40828 0
