28776 5.49824
33975 3.79665
2948 3.36944
5835 2.9951
13392 2.78677
35950 2.70952
34488 2.41213
23837 2.16944
26451 2.14444
13687 2.13581
21015 1.79369
6087 1.77169
2264 1.5004
21693 1.42817
1158 1.2626
8629 1.19444
7570 1.18452
17566 1.16667
36318 1.06905
17479 0.866667
13839 0.833333
22479 0.80803
26631 0.783333
14251 0.762655
14105 0.745498
18142 0.72619
892 0.708333
3114 0.7
23265 0.658333
11569 0.654762
37517 0.65
419 0.644444
20262 0.628038
18733 0.624034
9960 0.616667
34109 0.611111
14373 0.611111
3405 0.569444
17113 0.566667
20698 0.561111
3012 0.540909
31215 0.533333
29664 0.521429
5411 0.508824
36222 0.5
34964 0.492857
2922 0.486111
3396 0.45
21702 0.441667
22151 0.433824
7583 0.433824
34630 0.42549
32011 0.42549
35699 0.416667
18227 0.411111
38454 0.40202
30224 0.391667
35863 0.37619
16225 0.349206
34194 0.344444
13089 0.336601
35399 0.333333
29415 0.333333
27006 0.333333
22350 0.333333
16530 0.333333
13893 0.333333
10904 0.333333
3063 0.333333
14163 0.297447
34696 0.287338
17987 0.287338
34065 0.25
32608 0.25
30064 0.25
28658 0.25
23384 0.25
23272 0.25
19769 0.25
19418 0.25
19343 0.25
16084 0.25
14065 0.25
10249 0.25
3679 0.25
3515 0.25
1285 0.25
1184 0.25
3578 0.245498
29879 0.226018
38160 0.2
36884 0.2
36248 0.2
25696 0.2
23047 0.2
15573 0.2
15138 0.2
14656 0.2
14051 0.2
12785 0.2
12079 0.2
8959 0.2
8472 0.2
1258 0.2
722 0.2
22197 0.196919
36910 0.166667
36863 0.166667
35644 0.166667
26466 0.166667
24005 0.166667
22662 0.166667
7105 0.166667
3584 0.166667
2012 0.166667
38950 0.142857
32244 0.142857
29939 0.142857
27184 0.142857
22471 0.142857
19211 0.142857
18359 0.142857
11076 0.142857
10888 0.142857
8114 0.142857
4740 0.142857
2925 0.142857
33265 0.125
27501 0.125
25092 0.125
24163 0.125
21370 0.125
20866 0.125
14829 0.125
8887 0.125
35545 0.111111
25373 0.111111
21807 0.111111
20274 0.111111
19281 0.111111
4199 0.111111
35549 0.1
10717 0.1
37383 0.0909091
24726 0.0909091
22669 0.0909091
11027 0.0909091
36179 0.0833333
16813 0.0833333
4424 0.0833333
35909 0.0714286
31552 0.0714286
29438 0.0714286
24742 0.0714286
6039 0.0714286
4989 0.0714286
2115 0.0714286
37112 0.0666667
35362 0.0666667
34956 0.0666667
33968 0.0666667
33581 0.0666667
9546 0.0666667
5566 0.0666667
370 0.0666667
352 0.0666667
28678 0.0588235
26916 0.0588235
25796 0.0588235
21074 0.0588235
13594 0.0588235
31922 0.0434783
27767 0.0434783
26660 0.0434783
17686 0.0434783
16210 0.0434783
12242 0.0434783
4555 0.0434783
40980 0
40979 0
40978 0
40977 0
40976 0
40975 0
40974 0
40973 0
40972 0
40971 0
40970 0
40969 0
40968 0
40967 0
40966 0
40965 0
40964 0
40963 0
40962 0
40961 0
40960 0
40959 0
40958 0
40957 0
40956 0
40955 0
40954 0
40953 0
40952 0
40951 0
40950 0
40949 0
40948 0
40947 0
40946 0
40945 0
40944 0
40943 0
40942 0
40941 0
40940 0
40939 0
40938 0
40937 0
40936 0
40935 0
40934 0
40933 0
40932 0
40931 0
40930 0
40929 0
40928 0
40927 0
40926 0
40925 0
40924 0
40923 0
40922 0
40921 0
40920 0
40919 0
40918 0
40917 0
40916 0
40915 0
40914 0
40913 0
40912 0
40911 0
40910 0
40909 0
40908 0
40907 0
40906 0
40905 0
40904 0
40903 0
40902 0
40901 0
40900 0
40899 0
40898 0
40897 0
40896 0
40895 0
40894 0
40893 0
40892 0
40891 0
40890 0
40889 0
40888 0
40887 0
40886 0
40885 0
40884 0
40883 0
40882 0
40881 0
40880 0
40879 0
40878 0
40877 0
40876 0
40875 0
40874 0
40873 0
40872 0
40871 0
40870 0
40869 0
40868 0
40867 0
40866 0
40865 0
40864 0
40863 0
40862 0
40861 0
40860 0
40859 0
40858 0
40857 0
40856 0
40855 0
40854 0
40853 0
40852 0
40851 0
40850 0
40849 0
40848 0
40847 0
40846 0
40845 0
40844 0
40843 0
40842 0
40841 0
40840 0
40839 0
40838 0
40837 0
40836 0
40835 0
40834 0
40833 0
40832 0
40831 0
40830 0
40829 0
40828 0
40827 0
40826 0
40825 0
40824 0
40823 0
40822 0
40821 0
40820 0
40819 0
40818 0
40817 0
40816 0
40815 0
40814 0
40813 0
40812 0
40811 0
40810 0
40809 0
40808 0
40807 0
40806 0
40805 0
40804 0
40803 0
40802 0
40801 0
40800 0
40799 0
40798 0
40797 0
40796 0
40795 0
40794 0
40793 0
40792 0
40791 0
40790 0
40789 0
40788 0
40787 0
40786 0
40785 0
40784 0
40783 0
40782 0
40781 0
40780 0
40779 0
40778 0
40777 0
40776 0
40775 0
40774 0
40773 0
40772 0
40771 0
40770 0
40769 0
40768 0
40767 0
40766 0
40765 0
40764 0
40763 0
40762 0
40761 0
40760 0
40759 0
40758 0
40757 0
40756 0
40755 0
40754 0
40753 0
40752 0
40751 0
40750 0
40749 0
40748 0
40747 0
40746 0
40745 0
40744 0
40743 0
40742 0
40741 0
40740 0
40739 0
40738 0
40737 0
40736 0
40735 0
40734 0
40733 0
40732 0
40731 0
40730 0
40729 0
40728 0
40727 0
40726 0
40725 0
40724 0
40723 0
40722 0
40721 0
40720 0
40719 0
40718 0
40717 0
40716 0
40715 0
40714 0
40713 0
40712 0
40711 0
40710 0
40709 0
40708 0
40707 0
40706 0
40705 0
40704 0
40703 0
40702 0
40701 0
40700 0
40699 0
40698 0
40697 0
40696 0
40695 0
40694 0
40693 0
40692 0
40691 0
40690 0
40689 0
40688 0
40687 0
40686 0
40685 0
40684 0
40683 0
40682 0
40681 0
40680 0
40679 0
40678 0
40677 0
40676 0
40675 0
40674 0
40673 0
40672 0
40671 0
40670 0
40669 0
40668 0
40667 0
40666 0
40665 0
40664 0
40663 0
40662 0
40661 0
40660 0
40659 0
