31301 30.1642
4405 7.30614
26750 7.21853
7708 6.24536
8186 5.56178
27514 4.13934
17634 2.30412
13907 2.03968
26789 1.81454
33825 1.66009
26144 1.54885
31606 1.48927
35734 1.42649
1975 1.2694
16710 1.26242
7691 1.26113
830 1.20256
9831 1.17832
52 1.17499
10073 1.15266
26088 1.08031
6096 1.04286
29997 1.02595
28380 0.985464
2885 0.966084
27799 0.959101
26206 0.953881
39743 0.938475
7883 0.929064
6823 0.921953
29154 0.880387
5693 0.861613
8027 0.815966
6504 0.79599
36996 0.769312
14565 0.754752
37998 0.753483
37923 0.729637
39112 0.724424
29032 0.718545
23655 0.718545
23059 0.701708
25725 0.67084
14544 0.660608
33189 0.660256
2249 0.638466
38662 0.636707
3856 0.625
24619 0.621068
14603 0.599994
33712 0.599975
27892 0.582132
20333 0.581817
9668 0.555556
27003 0.545226
32620 0.541729
1312 0.527778
33341 0.508824
32885 0.50854
22890 0.50212
10923 0.498035
5620 0.496795
31986 0.491815
22583 0.491299
22422 0.489798
31930 0.486989
30335 0.485714
2712 0.476159
25462 0.469581
26552 0.462121
363 0.456782
12518 0.456368
11626 0.453968
13762 0.442857
29746 0.44182
8672 0.424279
24475 0.421429
33490 0.420635
1628 0.420603
6616 0.419298
27759 0.404594
19032 0.387854
11937 0.375804
13079 0.372222
40535 0.354978
16791 0.350279
40047 0.349733
186 0.348975
19951 0.347046
12709 0.339796
35778 0.338966
22488 0.338462
22288 0.336818
21249 0.336818
13925 0.335859
15603 0.333914
32876 0.333333
31265 0.333333
21275 0.333333
16907 0.333333
14705 0.333333
7881 0.333333
5821 0.333333
36086 0.330075
29360 0.328876
25763 0.326606
13334 0.324711
29629 0.322222
9655 0.320099
34963 0.316667
20007 0.316239
19295 0.315992
13541 0.312792
34396 0.311693
13646 0.311196
18274 0.311111
7684 0.310207
25991 0.306534
2838 0.306534
3648 0.304907
10880 0.297672
30793 0.297033
21147 0.297033
10009 0.29646
40903 0.288483
3880 0.288191
4432 0.285535
34611 0.278618
10737 0.27518
2943 0.272283
31030 0.270362
3936 0.269298
27926 0.266393
2387 0.266024
40017 0.261653
30320 0.260844
16551 0.25974
14221 0.251736
24825 0.25
23663 0.25
23193 0.25
22606 0.25
20854 0.25
8839 0.25
4408 0.25
3363 0.25
22502 0.248607
40829 0.248233
40573 0.2468
13466 0.245489
25811 0.244444
12243 0.242992
26401 0.24166
40108 0.24109
39495 0.236982
30760 0.236874
18842 0.233333
10760 0.230357
21457 0.221404
2673 0.221161
11958 0.218486
7723 0.217647
18937 0.214922
20880 0.206667
10602 0.206294
26555 0.203937
2227 0.20336
28245 0.201408
12620 0.201408
33118 0.2
30527 0.2
28122 0.2
26159 0.2
23813 0.2
23724 0.2
21881 0.2
18998 0.2
15095 0.2
12670 0.2
8571 0.2
5812 0.2
21097 0.198165
17406 0.198165
21983 0.197848
24004 0.196429
26978 0.194596
9487 0.192641
40615 0.192222
128 0.186104
9553 0.18556
26400 0.183856
22514 0.183066
36832 0.180147
37176 0.178001
34768 0.177871
5691 0.177713
35048 0.177472
22990 0.177399
3434 0.176736
2867 0.173955
32537 0.16972
15237 0.169185
9372 0.168056
18616 0.167247
39393 0.166667
21871 0.166667
17702 0.166667
8131 0.166667
7139 0.166667
2501 0.166667
1468 0.166667
814 0.166667
919 0.16515
27434 0.161795
19298 0.156687
14007 0.15159
31734 0.15024
25413 0.149727
6347 0.149727
37661 0.148872
33545 0.148872
27951 0.145833
21884 0.145833
3924 0.145166
37935 0.142857
35158 0.142857
25337 0.142857
24189 0.142857
21816 0.142857
18804 0.142857
12080 0.142857
6002 0.142857
4084 0.142857
17312 0.141884
13654 0.141884
26892 0.139327
21686 0.137716
8274 0.137716
12009 0.136923
7296 0.136923
34877 0.136601
39191 0.132262
23317 0.132262
33944 0.130344
36051 0.129657
1333 0.127534
39791 0.125
34663 0.125
3567 0.125
29059 0.124348
36292 0.123737
36554 0.12072
28859 0.120541
34673 0.116153
34355 0.116153
29257 0.116153
517 0.116153
34120 0.111111
33981 0.111111
28811 0.111111
25613 0.111111
21497 0.111111
20966 0.111111
19566 0.111111
17767 0.111111
14138 0.111111
12510 0.111111
6033 0.111111
1267 0.111111
39515 0.107887
11945 0.107887
31426 0.107509
7024 0.107509
30037 0.106487
36730 0.104752
3863 0.104752
17272 0.101023
12868 0.100105
37396 0.1
14041 0.1
40869 0.0951098
17083 0.0943155
7054 0.0943155
26923 0.0915529
40174 0.0909091
31561 0.0909091
29880 0.0909091
18328 0.0909091
16604 0.0909091
7032 0.0909091
5989 0.0909091
3064 0.0909091
11630 0.0897013
10980 0.0897013
40479 0.0833333
34032 0.0833333
31200 0.0833333
26874 0.0833333
26083 0.0833333
17203 0.0833333
12444 0.0833333
20407 0.080205
12885 0.080205
35464 0.0796375
29962 0.0796375
14311 0.0796375
22465 0.0774225
1427 0.0774225
606 0.0774225
15209 0.0769231
5175 0.0769231
13432 0.0755266
9023 0.0755266
39940 0.0742786
16157 0.0742786
9019 0.0742786
218 0.0738068
34825 0.0735975
5863 0.0735975
35752 0.0714286
33860 0.0714286
29683 0.0714286
25948 0.0714286
25864 0.0714286
25445 0.0714286
22594 0.0714286
19173 0.0714286
17999 0.0714286
17515 0.0714286
16890 0.0714286
16717 0.0714286
16310 0.0714286
16182 0.0714286
13581 0.0714286
10057 0.0714286
9599 0.0714286
3600 0.0714286
3282 0.0714286
2958 0.0714286
9002 0.0712732
8868 0.0712732
36623 0.0700406
39546 0.0666667
37342 0.0666667
34999 0.0666667
29640 0.0666667
17393 0.0666667
10219 0.0666667
938 0.0666667
33483 0.0625
32021 0.0625
19047 0.0625
15945 0.0625
15614 0.0625
15183 0.0625
13842 0.0625
13194 0.0625
8755 0.0625
8525 0.0625
40609 0.0588235
39960 0.0588235
39454 0.0588235
39414 0.0588235
33267 0.0588235
30425 0.0588235
27192 0.0588235
23714 0.0588235
22557 0.0588235
21703 0.0588235
20634 0.0588235
18393 0.0588235
17090 0.0588235
16853 0.0588235
14588 0.0588235
13643 0.0588235
10519 0.0588235
9430 0.0588235
6656 0.0588235
1659 0.0588235
32797 0.0559643
22228 0.0559643
19243 0.0559643
4070 0.0559643
33672 0.0555556
32618 0.0555556
30685 0.0555556
26613 0.0555556
26395 0.0555556
22261 0.0555556
20736 0.0555556
18913 0.0555556
16294 0.0555556
8056 0.0555556
3362 0.0555556
9197 0.0534432
39616 0.0526316
29709 0.0526316
27660 0.0526316
26295 0.0526316
15352 0.0526316
12466 0.0526316
11706 0.0526316
29996 0.05
25101 0.05
24013 0.05
23380 0.05
20684 0.05
19618 0.05
19589 0.05
15335 0.05
10472 0.05
4785 0.05
4581 0.05
2289 0.05
30668 0.047619
26959 0.047619
24335 0.047619
20167 0.047619
15302 0.047619
12327 0.047619
6209 0.047619
3869 0.047619
99 0.047619
35954 0.0454545
31069 0.0454545
23925 0.0454545
21722 0.0454545
20068 0.0454545
6173 0.0454545
5532 0.0454545
3382 0.0454545
2007 0.0454545
40205 0.04
40078 0.04
26808 0.04
22435 0.04
15637 0.04
14630 0.04
3297 0.04
2548 0.04
36912 0.0384615
29149 0.0384615
28722 0.0384615
27982 0.0384615
27886 0.0384615
27401 0.0384615
19972 0.0384615
19847 0.0384615
18100 0.0384615
11936 0.0384615
9445 0.0384615
6945 0.0384615
31921 0.0357143
27844 0.0357143
25837 0.0357143
34529 0.0333333
34495 0.0333333
29651 0.0333333
4851 0.0333333
2775 0.0333333
40737 0.0322581
39836 0.0322581
37940 0.0322581
32261 0.0322581
31409 0.0322581
25416 0.0322581
24237 0.0322581
18209 0.0322581
12384 0.0322581
12221 0.0322581
11108 0.0322581
11013 0.0322581
10423 0.0322581
9362 0.0322581
8589 0.0322581
3928 0.0322581
2016 0.0322581
1318 0.0322581
22282 0.030303
9442 0.030303
6705 0.030303
25352 0.0277778
16071 0.0277778
9654 0.0277778
3358 0.0277778
2884 0.0277778
31411 0.0243902
20974 0.0243902
18950 0.0243902
13043 0.0243902
1375 0.0243902
38289 0.0232558
36606 0.0232558
34592 0.0232558
28582 0.0232558
24094 0.0232558
23219 0.0232558
19528 0.0232558
13845 0.0232558
8582 0.0232558
