34768 1.37897
16618 0.985454
7708 0.9324
9557 0.741466
31301 0.687955
26384 0.625388
40912 0.602577
19151 0.479167
18148 0.479167
32885 0.459524
32571 0.429167
28038 0.333333
16652 0.333333
14383 0.327778
37711 0.303968
30074 0.296221
12620 0.289542
3158 0.287041
13646 0.279622
37176 0.25
30668 0.25
20273 0.25
11462 0.25
8672 0.25
23813 0.233987
32823 0.2
17285 0.2
11082 0.2
2488 0.2
32814 0.166667
17842 0.166667
6217 0.166667
5693 0.166667
4406 0.166667
38229 0.155978
21573 0.155978
10953 0.155978
40573 0.142857
37603 0.142857
36195 0.142857
27799 0.142857
22711 0.142857
19032 0.142857
8941 0.142857
1964 0.142857
29219 0.130354
25427 0.130354
23912 0.130354
17659 0.130354
14820 0.130354
10245 0.130354
34834 0.128431
31670 0.128431
4192 0.128431
28319 0.125
22228 0.125
10660 0.125
333 0.125
37048 0.111111
31964 0.111111
31234 0.111111
24251 0.111111
22594 0.111111
8532 0.111111
5691 0.111111
3445 0.111111
3382 0.111111
25223 0.107875
10737 0.107875
8280 0.107875
5066 0.107875
6953 0.0769231
33483 0.0666667
25349 0.0666667
13757 0.0666667
8464 0.0666667
1318 0.0666667
34197 0.0625
29785 0.0625
27600 0.0625
24454 0.0625
19264 0.0625
31735 0.0526316
25265 0.0526316
23309 0.0526316
20175 0.0526316
19972 0.0526316
19185 0.0526316
12683 0.0526316
11658 0.0526316
10105 0.0526316
39565 0.05
18044 0.05
12851 0.05
10923 0.05
9442 0.05
9083 0.05
2378 0.05
40104 0.0434783
34883 0.0434783
34207 0.0434783
29019 0.0434783
28358 0.0434783
27674 0.0434783
16061 0.0434783
15161 0.0434783
9296 0.0434783
5373 0.0434783
3164 0.0434783
2792 0.0434783
33941 0.0416667
33492 0.0416667
31595 0.0416667
28092 0.0416667
26435 0.0416667
13344 0.0416667
12217 0.0416667
8244 0.0416667
8189 0.0416667
8055 0.0416667
7899 0.0416667
6973 0.0416667
6292 0.0416667
2505 0.0416667
40031 0.0117647
40029 0.0117647
40017 0.0117647
39807 0.0117647
38865 0.0117647
37797 0.0117647
36446 0.0117647
36106 0.0117647
35524 0.0117647
34727 0.0117647
34618 0.0117647
34160 0.0117647
33005 0.0117647
31682 0.0117647
30540 0.0117647
30199 0.0117647
29934 0.0117647
29794 0.0117647
29407 0.0117647
28142 0.0117647
27789 0.0117647
26992 0.0117647
26334 0.0117647
25325 0.0117647
24962 0.0117647
24762 0.0117647
22904 0.0117647
22402 0.0117647
21247 0.0117647
21190 0.0117647
21121 0.0117647
17331 0.0117647
17128 0.0117647
16983 0.0117647
15768 0.0117647
14720 0.0117647
13568 0.0117647
13378 0.0117647
12672 0.0117647
12096 0.0117647
11944 0.0117647
11216 0.0117647
10332 0.0117647
10117 0.0117647
10073 0.0117647
9393 0.0117647
9321 0.0117647
8580 0.0117647
8037 0.0117647
7691 0.0117647
7435 0.0117647
7425 0.0117647
7024 0.0117647
6671 0.0117647
6152 0.0117647
4859 0.0117647
4393 0.0117647
2289 0.0117647
1204 0.0117647
132 0.0117647
52 0.0117647
40980 0
40979 0
40978 0
40977 0
40976 0
40975 0
40974 0
40973 0
40972 0
40971 0
40970 0
40969 0
40968 0
40967 0
40966 0
40965 0
40964 0
40963 0
40962 0
40961 0
40960 0
40959 0
40958 0
40957 0
40956 0
40955 0
40954 0
40953 0
40952 0
40951 0
40950 0
40949 0
40948 0
40947 0
40946 0
40945 0
40944 0
40943 0
40942 0
40941 0
40940 0
40939 0
40938 0
40937 0
40936 0
40935 0
40934 0
40933 0
40932 0
40931 0
40930 0
40929 0
40928 0
40927 0
40926 0
40925 0
40924 0
40923 0
40922 0
40921 0
40920 0
40919 0
40918 0
40917 0
40916 0
40915 0
40914 0
40913 0
40911 0
40910 0
40909 0
40908 0
40907 0
40906 0
40905 0
40904 0
40903 0
40902 0
40901 0
40900 0
40899 0
40898 0
40897 0
40896 0
40895 0
40894 0
40893 0
40892 0
40891 0
40890 0
40889 0
40888 0
40887 0
40886 0
40885 0
40884 0
40883 0
40882 0
40881 0
40880 0
40879 0
40878 0
40877 0
40876 0
40875 0
40874 0
40873 0
40872 0
40871 0
40870 0
40869 0
40868 0
40867 0
40866 0
40865 0
40864 0
40863 0
40862 0
40861 0
40860 0
40859 0
40858 0
40857 0
40856 0
40855 0
40854 0
40853 0
40852 0
40851 0
40850 0
40849 0
40848 0
40847 0
40846 0
40845 0
40844 0
40843 0
40842 0
40841 0
40840 0
40839 0
40838 0
40837 0
40836 0
40835 0
40834 0
40833 0
40832 0
40831 0
40830 0
40829 0
40828 0
40827 0
40826 0
40825 0
40824 0
40823 0
40822 0
40821 0
40820 0
40819 0
40818 0
40817 0
40816 0
40815 0
40814 0
40813 0
40812 0
40811 0
40810 0
40809 0
40808 0
40807 0
40806 0
40805 0
40804 0
40803 0
40802 0
40801 0
40800 0
40799 0
40798 0
40797 0
40796 0
40795 0
40794 0
40793 0
40792 0
40791 0
40790 0
40789 0
40788 0
40787 0
40786 0
40785 0
40784 0
40783 0
40782 0
40781 0
40780 0
40779 0
40778 0
40777 0
40776 0
40775 0
40774 0
40773 0
40772 0
40771 0
40770 0
40769 0
40768 0
40767 0
40766 0
40765 0
40764 0
40763 0
40762 0
40761 0
40760 0
40759 0
40758 0
40757 0
40756 0
40755 0
40754 0
40753 0
40752 0
40751 0
40750 0
40749 0
40748 0
40747 0
40746 0
40745 0
40744 0
40743 0
40742 0
40741 0
40740 0
40739 0
40738 0
40737 0
40736 0
40735 0
40734 0
40733 0
40732 0
40731 0
40730 0
40729 0
40728 0
40727 0
40726 0
40725 0
40724 0
40723 0
40722 0
40721 0
40720 0
40719 0
40718 0
40717 0
40716 0
40715 0
40714 0
40713 0
40712 0
40711 0
40710 0
40709 0
40708 0
40707 0
40706 0
40705 0
40704 0
40703 0
40702 0
40701 0
40700 0
40699 0
40698 0
40697 0
40696 0
40695 0
40694 0
40693 0
40692 0
40691 0
40690 0
40689 0
40688 0
40687 0
40686 0
40685 0
40684 0
40683 0
40682 0
40681 0
40680 0
40679 0
40678 0
40677 0
40676 0
40675 0
40674 0
40673 0
40672 0
40671 0
40670 0
40669 0
40668 0
40667 0
40666 0
40665 0
