18328 92.5674
31301 44.9417
19032 39.7362
3936 37.2007
543 35.311
23843 29.9871
27799 24.4987
32885 24.2086
6262 22.1893
8672 22.1637
22594 19.0183
24825 15.0414
1975 12.8112
9561 11.9098
23696 11.4092
31329 11.3649
10923 9.19328
27766 7.18056
37711 6.30871
8027 6.06244
20250 5.99246
31283 5.87976
36734 5.6472
37924 5.48976
30793 5.22073
2885 5.13247
3096 4.767
34454 4.275
23724 4.25159
13194 3.80119
7708 3.11921
21911 2.91162
3370 2.70833
9665 2.19931
865 2.11786
22711 2.06732
13639 1.83333
8832 1.83333
18950 1.73119
31509 1.71512
27410 1.70655
20167 1.70054
22228 1.64336
35253 1.49359
27595 1.4935
5362 1.47619
25016 1.37619
13635 1.34286
15603 1.33115
16951 1.31111
32 1.26944
34768 1.20758
29934 1.20238
21568 1.19444
30792 1.19167
27065 1.14444
26011 1.11667
2869 1.04639
22184 1.03571
9916 1.02222
13432 1.01444
32933 1.01111
29997 1.01026
10480 0.979304
13043 0.974838
17399 0.960207
36289 0.936111
27667 0.916667
37523 0.907082
25584 0.894444
25780 0.874526
16968 0.874526
21005 0.866667
36395 0.845238
19288 0.783333
13654 0.782973
7052 0.777381
34825 0.764683
8311 0.75
30622 0.733333
4192 0.729701
23898 0.72619
11113 0.72619
17859 0.724804
29737 0.714286
30012 0.7
31806 0.690426
29143 0.660256
11333 0.642857
52 0.630707
28718 0.625
15599 0.616667
6291 0.616667
11758 0.611111
2483 0.608692
28345 0.60043
6336 0.6
18034 0.595238
22242 0.592857
26503 0.583333
11031 0.575
11810 0.561111
1549 0.561111
35469 0.55
40883 0.533333
32814 0.527778
39102 0.523573
29102 0.513889
33633 0.507576
39791 0.5071
35063 0.5071
31894 0.502632
8662 0.5
7778 0.5
31581 0.491667
26370 0.491667
14943 0.486111
35346 0.47619
25337 0.469298
39921 0.467857
11658 0.467857
9846 0.464286
39962 0.458651
16298 0.448413
29597 0.446429
13192 0.444444
12580 0.444444
6983 0.444444
36005 0.438406
17634 0.438131
33342 0.436111
29913 0.436111
26152 0.434524
16789 0.423482
6563 0.423482
37876 0.422727
28275 0.422727
23353 0.420635
10523 0.420635
37923 0.416667
595 0.408333
34663 0.404762
5066 0.396825
40082 0.391667
17312 0.3875
20496 0.385714
2249 0.385714
29162 0.383838
18937 0.382857
18520 0.38254
1610 0.38254
20273 0.38074
7852 0.378968
14690 0.373333
18788 0.372024
5214 0.372024
21703 0.365
3852 0.357143
7250 0.355072
14543 0.35
17368 0.347727
32620 0.347222
10423 0.34359
5691 0.34359
17083 0.337302
3445 0.336111
3158 0.333766
2560 0.333617
40525 0.333333
34677 0.333333
30725 0.333333
24759 0.333333
21467 0.333333
21341 0.333333
14537 0.333333
13309 0.333333
9764 0.333333
2241 0.323925
12466 0.319444
3858 0.319444
25048 0.3171
4512 0.311742
1346 0.311742
878 0.30202
32760 0.300115
5693 0.297619
5293 0.297576
36528 0.293651
35490 0.292832
3447 0.285354
14661 0.280556
12620 0.262338
9197 0.251984
40136 0.25
39848 0.25
37376 0.25
35734 0.25
35607 0.25
33119 0.25
28010 0.25
22263 0.25
21712 0.25
20223 0.25
15400 0.25
15237 0.25
14718 0.25
14062 0.25
13541 0.25
12970 0.25
12748 0.25
8804 0.25
5615 0.25
38002 0.24504
1471 0.239261
12766 0.233333
15567 0.231685
21393 0.22619
186 0.214798
35825 0.2
35147 0.2
33765 0.2
32732 0.2
30897 0.2
30517 0.2
30425 0.2
29901 0.2
28347 0.2
26989 0.2
26794 0.2
26305 0.2
26058 0.2
25795 0.2
24845 0.2
24229 0.2
22656 0.2
22405 0.2
18563 0.2
18011 0.2
17440 0.2
17264 0.2
16294 0.2
14502 0.2
14210 0.2
14076 0.2
11549 0.2
10761 0.2
10128 0.2
9983 0.2
7475 0.2
6191 0.2
5901 0.2
3336 0.2
3186 0.2
2867 0.2
1851 0.2
980 0.2
432 0.2
20808 0.194444
35691 0.175359
32661 0.175359
32494 0.175359
17770 0.175359
12054 0.175359
39881 0.166667
35766 0.166667
35061 0.166667
33616 0.166667
32857 0.166667
32098 0.166667
28089 0.166667
28013 0.166667
27453 0.166667
27239 0.166667
26069 0.166667
24681 0.166667
23271 0.166667
21889 0.166667
20007 0.166667
17860 0.166667
17301 0.166667
15991 0.166667
15644 0.166667
14138 0.166667
12670 0.166667
12522 0.166667
6829 0.166667
6633 0.166667
5406 0.166667
5279 0.166667
5238 0.166667
5145 0.166667
3496 0.166667
2118 0.166667
346 0.166667
39695 0.164203
24239 0.162222
233 0.162222
34637 0.142857
31450 0.142857
31354 0.142857
30676 0.142857
29634 0.142857
29434 0.142857
28715 0.142857
28552 0.142857
27623 0.142857
24667 0.142857
23628 0.142857
23016 0.142857
19926 0.142857
18749 0.142857
18718 0.142857
15276 0.142857
14964 0.142857
12085 0.142857
11843 0.142857
11080 0.142857
9269 0.142857
8969 0.142857
8136 0.142857
6823 0.142857
6644 0.142857
5914 0.142857
5457 0.142857
1965 0.142857
34433 0.12902
33185 0.12902
27963 0.12902
17715 0.12902
1642 0.12902
27514 0.126414
40906 0.125
40710 0.125
39742 0.125
39371 0.125
38429 0.125
38330 0.125
37922 0.125
37048 0.125
35834 0.125
35336 0.125
34218 0.125
33886 0.125
31801 0.125
29077 0.125
28161 0.125
21418 0.125
18956 0.125
18189 0.125
15542 0.125
15331 0.125
14931 0.125
14886 0.125
14339 0.125
13757 0.125
13080 0.125
12893 0.125
11626 0.125
11516 0.125
11453 0.125
11118 0.125
10439 0.125
10361 0.125
10008 0.125
9575 0.125
9557 0.125
8865 0.125
7054 0.125
6554 0.125
3210 0.125
556 0.125
22879 0.120484
40689 0.111111
40342 0.111111
37910 0.111111
37275 0.111111
36313 0.111111
31949 0.111111
29629 0.111111
26148 0.111111
25846 0.111111
24028 0.111111
22808 0.111111
22683 0.111111
21859 0.111111
20106 0.111111
17202 0.111111
17008 0.111111
16967 0.111111
16371 0.111111
16012 0.111111
15183 0.111111
11274 0.111111
10405 0.111111
9761 0.111111
1735 0.111111
33331 0.1
26750 0.1
24780 0.1
24698 0.1
22771 0.1
17934 0.1
15637 0.1
13410 0.1
6061 0.1
4913 0.1
4690 0.1
4477 0.1
2659 0.1
2422 0.1
35307 0.0909091
34244 0.0909091
33826 0.0909091
33825 0.0909091
32797 0.0909091
30589 0.0909091
28586 0.0909091
27003 0.0909091
19566 0.0909091
17762 0.0909091
12223 0.0909091
11958 0.0909091
7937 0.0909091
7716 0.0909091
5661 0.0909091
4619 0.0909091
2599 0.0909091
2484 0.0909091
1069 0.0909091
40782 0.0833333
38923 0.0833333
37176 0.0833333
36189 0.0833333
35706 0.0833333
35051 0.0833333
34737 0.0833333
34152 0.0833333
33078 0.0833333
29401 0.0833333
28031 0.0833333
26272 0.0833333
23684 0.0833333
23285 0.0833333
20723 0.0833333
18136 0.0833333
16947 0.0833333
16652 0.0833333
15830 0.0833333
15764 0.0833333
14440 0.0833333
13643 0.0833333
12094 0.0833333
12009 0.0833333
10722 0.0833333
9591 0.0833333
6380 0.0833333
3633 0.0833333
2370 0.0833333
38906 0.0825725
36388 0.0825725
33895 0.0825725
32888 0.0825725
25668 0.0825725
25155 0.0825725
24002 0.0825725
17696 0.0825725
15231 0.0825725
5869 0.0825725
1026 0.0825725
36899 0.0769231
35358 0.0769231
34543 0.0769231
33483 0.0769231
29035 0.0769231
26179 0.0769231
24812 0.0769231
23380 0.0769231
21221 0.0769231
18198 0.0769231
13200 0.0769231
6992 0.0769231
40829 0.0714286
36239 0.0714286
33189 0.0714286
28480 0.0714286
27951 0.0714286
27790 0.0714286
26181 0.0714286
24815 0.0714286
24367 0.0714286
16047 0.0714286
15300 0.0714286
12176 0.0714286
6592 0.0714286
5620 0.0714286
3856 0.0714286
3600 0.0714286
2542 0.0714286
9924 0.0666667
6501 0.0666667
