22405 1.74633
17312 1.54243
17393 1.49091
33267 1.32873
35734 1.20003
830 1.16556
33545 1.12619
27799 1.04464
2885 0.968587
6592 0.892098
37342 0.810847
11626 0.7671
7536 0.741249
12569 0.723392
13654 0.688948
37546 0.613478
18356 0.5671
37233 0.544163
37882 0.496054
30793 0.486984
7145 0.451269
37374 0.378571
16076 0.369884
39791 0.358974
697 0.345238
30847 0.328704
19712 0.328704
2484 0.328704
15225 0.322698
23696 0.298703
9553 0.272946
18329 0.233974
36918 0.228022
6830 0.228022
22530 0.206921
4761 0.206921
1975 0.206921
1965 0.201269
35839 0.2
3409 0.2
34561 0.177946
35346 0.166667
8035 0.166667
630 0.166667
39951 0.162338
38952 0.162338
10601 0.162338
5821 0.162338
1659 0.158881
31537 0.151306
22711 0.151306
22184 0.151306
23439 0.146075
11113 0.146075
35629 0.142857
35082 0.142857
27863 0.142857
16500 0.142857
16283 0.142857
306 0.142857
2781 0.137288
39661 0.134656
36400 0.125
3887 0.125
3107 0.125
12525 0.112741
31582 0.110531
27926 0.110531
38856 0.100287
15255 0.100287
31947 0.0983923
20177 0.0983923
40883 0.0963221
32620 0.0963221
23843 0.0963221
29901 0.0909091
27740 0.0909091
22456 0.0909091
20007 0.0909091
34835 0.0833333
26084 0.0833333
1966 0.0833333
40525 0.0526316
37750 0.0526316
34043 0.0526316
21889 0.0526316
18328 0.0526316
14138 0.0526316
6011 0.0526316
39177 0.05
26095 0.05
15665 0.05
12522 0.05
5778 0.05
2585 0.05
25065 0.047619
19517 0.047619
19253 0.047619
13916 0.047619
5892 0.047619
5085 0.047619
1410 0.047619
40342 0.037037
40165 0.037037
39962 0.037037
36806 0.037037
35766 0.037037
34116 0.037037
32688 0.037037
29634 0.037037
25659 0.037037
21186 0.037037
20250 0.037037
16395 0.037037
13120 0.037037
11909 0.037037
8224 0.037037
4934 0.037037
4551 0.037037
550 0.037037
432 0.037037
10 0.037037
37027 0.0357143
35193 0.0357143
29640 0.0357143
26832 0.0357143
22388 0.0357143
15751 0.0357143
12539 0.0357143
10581 0.0357143
9561 0.0357143
7624 0.0357143
4872 0.0357143
4112 0.0357143
38535 0.0322581
35185 0.0322581
32930 0.0322581
24678 0.0322581
24239 0.0322581
22594 0.0322581
21757 0.0322581
19032 0.0322581
18798 0.0322581
8672 0.0322581
6924 0.0322581
40363 0.027027
38970 0.027027
38812 0.027027
38627 0.027027
35285 0.027027
35267 0.027027
32885 0.027027
32854 0.027027
29376 0.027027
29237 0.027027
28826 0.027027
27166 0.027027
26342 0.027027
25922 0.027027
24754 0.027027
24505 0.027027
24414 0.027027
24302 0.027027
23928 0.027027
21782 0.027027
21545 0.027027
19880 0.027027
19820 0.027027
19364 0.027027
18963 0.027027
18428 0.027027
17131 0.027027
16868 0.027027
16090 0.027027
14822 0.027027
14546 0.027027
14398 0.027027
14096 0.027027
11412 0.027027
10430 0.027027
8716 0.027027
7807 0.027027
7753 0.027027
7721 0.027027
5067 0.027027
1643 0.027027
38956 0.025641
36661 0.025641
31352 0.025641
27033 0.025641
25111 0.025641
23432 0.025641
22261 0.025641
20294 0.025641
20167 0.025641
18520 0.025641
15174 0.025641
14672 0.025641
14490 0.025641
12377 0.025641
8412 0.025641
8237 0.025641
6083 0.025641
6033 0.025641
1610 0.025641
1462 0.025641
40980 0
40979 0
40978 0
40977 0
40976 0
40975 0
40974 0
40973 0
40972 0
40971 0
40970 0
40969 0
40968 0
40967 0
40966 0
40965 0
40964 0
40963 0
40962 0
40961 0
40960 0
40959 0
40958 0
40957 0
40956 0
40955 0
40954 0
40953 0
40952 0
40951 0
40950 0
40949 0
40948 0
40947 0
40946 0
40945 0
40944 0
40943 0
40942 0
40941 0
40940 0
40939 0
40938 0
40937 0
40936 0
40935 0
40934 0
40933 0
40932 0
40931 0
40930 0
40929 0
40928 0
40927 0
40926 0
40925 0
40924 0
40923 0
40922 0
40921 0
40920 0
40919 0
40918 0
40917 0
40916 0
40915 0
40914 0
40913 0
40912 0
40911 0
40910 0
40909 0
40908 0
40907 0
40906 0
40905 0
40904 0
40903 0
40902 0
40901 0
40900 0
40899 0
40898 0
40897 0
40896 0
40895 0
40894 0
40893 0
40892 0
40891 0
40890 0
40889 0
40888 0
40887 0
40886 0
40885 0
40884 0
40882 0
40881 0
40880 0
40879 0
40878 0
40877 0
40876 0
40875 0
40874 0
40873 0
40872 0
40871 0
40870 0
40869 0
40868 0
40867 0
40866 0
40865 0
40864 0
40863 0
40862 0
40861 0
40860 0
40859 0
40858 0
40857 0
40856 0
40855 0
40854 0
40853 0
40852 0
40851 0
40850 0
40849 0
40848 0
40847 0
40846 0
40845 0
40844 0
40843 0
40842 0
40841 0
40840 0
40839 0
40838 0
40837 0
40836 0
40835 0
40834 0
40833 0
40832 0
40831 0
40830 0
40829 0
40828 0
40827 0
40826 0
40825 0
40824 0
40823 0
40822 0
40821 0
40820 0
40819 0
40818 0
40817 0
40816 0
40815 0
40814 0
40813 0
40812 0
40811 0
40810 0
40809 0
40808 0
40807 0
40806 0
40805 0
40804 0
40803 0
40802 0
40801 0
40800 0
40799 0
40798 0
40797 0
40796 0
40795 0
40794 0
40793 0
40792 0
40791 0
40790 0
40789 0
40788 0
40787 0
40786 0
40785 0
40784 0
40783 0
40782 0
40781 0
40780 0
40779 0
40778 0
40777 0
40776 0
40775 0
40774 0
40773 0
40772 0
40771 0
40770 0
40769 0
40768 0
40767 0
40766 0
40765 0
40764 0
40763 0
40762 0
40761 0
40760 0
40759 0
40758 0
40757 0
40756 0
40755 0
40754 0
40753 0
40752 0
40751 0
40750 0
40749 0
40748 0
40747 0
40746 0
40745 0
40744 0
40743 0
40742 0
40741 0
40740 0
40739 0
40738 0
40737 0
40736 0
40735 0
40734 0
40733 0
40732 0
40731 0
40730 0
40729 0
40728 0
40727 0
40726 0
40725 0
40724 0
40723 0
40722 0
40721 0
40720 0
40719 0
40718 0
40717 0
40716 0
40715 0
40714 0
40713 0
40712 0
40711 0
40710 0
40709 0
40708 0
40707 0
40706 0
40705 0
40704 0
40703 0
40702 0
40701 0
40700 0
40699 0
40698 0
40697 0
40696 0
40695 0
40694 0
40693 0
40692 0
40691 0
40690 0
40689 0
40688 0
40687 0
40686 0
