2885 234.009
27799 96.4447
30793 79.0292
39791 67.6233
39962 62.194
32620 47.0777
35734 39.0002
36952 37.1208
35063 37.0305
16947 30.6517
830 26.8799
9197 25.3498
17312 22.3622
24239 20.9592
2869 18.6368
2542 17.7945
21703 16.0241
22405 15.3735
15225 13.4418
16233 13.3706
31301 13.2703
29077 12.8544
23898 12.7417
33545 11.8933
21889 11.4746
22711 11.052
27926 10.8626
39181 10.3966
37340 9.29391
556 9.25354
233 9.20556
14138 8.76089
17154 7.90273
34664 7.73184
4852 7.67375
23432 7.14057
13654 6.72107
1659 6.35574
20007 5.87444
8672 5.8059
36239 5.77287
9924 5.73943
6992 5.70346
12911 5.46388
23843 5.21707
19032 5.20011
11626 5.11576
24678 5.0681
28424 4.90141
33267 4.69345
19624 4.688
32243 4.61283
16047 4.59367
38141 4.55321
18834 4.5424
4761 4.37651
7937 4.31081
37342 4.2006
6501 3.99473
22184 3.94316
7889 3.92691
28952 3.91702
12090 3.91649
32885 3.86875
15567 3.73729
3835 3.72256
23350 3.4059
37546 3.40548
35346 3.20123
38952 3.03132
21000 2.90235
7076 2.86382
29030 2.85372
23628 2.83703
34156 2.78952
36528 2.74062
10169 2.67438
28575 2.66196
21903 2.65835
24505 2.62138
18520 2.60181
8237 2.59317
6336 2.52468
38772 2.33339
31537 2.30365
17074 2.29802
37518 2.29603
10791 2.2357
18866 2.19487
11080 2.15808
17267 2.14726
30731 2.10073
13563 2.09911
17437 2.06392
35317 2.05832
9304 2.04619
22594 1.9925
23399 1.94204
4038 1.93319
18119 1.92745
5293 1.91908
31240 1.89595
2786 1.84892
12989 1.80028
23439 1.7954
28390 1.77081
17301 1.69724
28094 1.65944
987 1.65137
39951 1.62548
5778 1.60462
32309 1.59621
24162 1.56696
1610 1.55089
26803 1.5286
37027 1.5178
17583 1.48877
21566 1.46234
14399 1.41491
18328 1.41373
37729 1.40125
30715 1.39466
17401 1.3854
7059 1.36842
27843 1.36302
3852 1.36023
34116 1.35877
37233 1.34885
27127 1.33504
27649 1.33037
16283 1.28946
30209 1.27371
6592 1.2696
28740 1.22043
35029 1.2044
15354 1.20294
1791 1.19148
26195 1.18569
16723 1.17256
30676 1.1678
12661 1.16137
391 1.15826
3936 1.14798
40667 1.1153
16298 1.10654
18248 1.09443
26864 1.06293
26137 0.995106
31582 0.9894
20966 0.986742
40204 0.97846
35082 0.942478
17739 0.92454
22301 0.920861
19684 0.917778
12766 0.907979
7051 0.897173
34123 0.897065
1494 0.88778
14534 0.856632
27989 0.849392
11997 0.837248
8412 0.836577
35439 0.816551
38010 0.816336
26210 0.808056
27073 0.807767
11113 0.805488
21757 0.802982
35766 0.802555
12569 0.801456
12893 0.786362
26467 0.781291
30425 0.769023
37924 0.766184
40165 0.751113
24812 0.75
8652 0.73974
12245 0.732771
34702 0.7102
37672 0.702378
4479 0.702103
11876 0.701032
3713 0.698491
18557 0.696566
16744 0.689747
40422 0.686601
5003 0.659786
5423 0.648684
29464 0.647216
39111 0.644913
8351 0.642558
16001 0.640676
12908 0.636575
31923 0.618114
2069 0.618062
7708 0.615423
35525 0.613281
32838 0.608594
8969 0.601258
3266 0.599436
11324 0.598511
4982 0.597862
3030 0.594306
31283 0.590909
34999 0.587925
4548 0.587295
33458 0.583469
9665 0.57619
9309 0.571785
8587 0.567832
28605 0.565878
19570 0.560516
17393 0.558609
32496 0.554473
13916 0.553506
39687 0.549206
30422 0.547013
25799 0.545693
15665 0.545472
2310 0.535479
39894 0.534286
13297 0.526923
4872 0.525
10872 0.518186
31681 0.511111
6140 0.510065
3985 0.506647
26541 0.505762
37158 0.505711
8836 0.501744
19377 0.501331
23446 0.499652
5479 0.499242
5362 0.494023
612 0.487199
29997 0.483333
23218 0.479414
17985 0.478907
30897 0.472712
18435 0.472624
17412 0.471984
29473 0.470942
20977 0.470306
15400 0.466667
26084 0.46542
21302 0.464291
14894 0.461571
28861 0.457114
34768 0.452381
33174 0.451021
37942 0.449821
39947 0.44172
110 0.44172
36400 0.440012
15542 0.437933
3695 0.430962
6475 0.428095
22918 0.42619
29285 0.422603
22598 0.421885
40883 0.420635
11725 0.417816
6654 0.413015
24414 0.4
10480 0.395861
5561 0.393968
27092 0.393005
5548 0.390487
31140 0.388398
28611 0.386976
2813 0.382269
35185 0.377307
23322 0.371243
6255 0.368687
30683 0.363399
24368 0.353968
17277 0.346548
33854 0.334499
25568 0.334344
39637 0.333584
37054 0.333333
35424 0.32848
34663 0.327653
6937 0.32702
20250 0.326991
16779 0.323299
8296 0.321816
2621 0.31978
36918 0.316814
21341 0.316399
33028 0.314
37374 0.313034
29875 0.312635
3718 0.311742
2781 0.306523
4896 0.306178
13628 0.305789
5937 0.304474
2017 0.3
27900 0.296399
26562 0.294446
33728 0.294444
14544 0.292157
29901 0.290779
31329 0.28869
16076 0.287361
31806 0.286398
470 0.282861
3541 0.282764
15416 0.282114
30545 0.280721
6033 0.279596
29401 0.278604
29589 0.271538
14471 0.270754
16745 0.269444
33562 0.263413
16250 0.262754
25617 0.261518
12922 0.25785
12709 0.257576
10966 0.256937
38001 0.25
36160 0.25
27149 0.25
21911 0.25
20846 0.25
34464 0.249827
15276 0.245285
7852 0.243326
30562 0.241667
21978 0.241549
13948 0.239704
27945 0.238034
7592 0.234018
15637 0.231685
15554 0.231559
5821 0.230332
4825 0.230155
14672 0.228824
10210 0.225
11844 0.22406
28349 0.223611
543 0.221429
4998 0.221001
24269 0.220382
33633 0.214215
39890 0.213346
40314 0.21131
19253 0.211081
34043 0.210756
8577 0.210556
5891 0.209197
25339 0.208134
5790 0.207687
19517 0.207558
32987 0.206534
852 0.203955
24438 0.202381
35193 0.2
29174 0.2
6105 0.2
4994 0.2
31058 0.196656
26095 0.194096
5480 0.192953
19695 0.189571
29237 0.189256
17634 0.187019
432 0.186601
16924 0.186457
5827 0.184647
8242 0.184603
37496 0.183217
23089 0.182883
36375 0.181319
5840 0.180875
36468 0.177714
17921 0.17484
30419 0.174405
14546 0.171601
16059 0.170673
20569 0.168411
38081 0.166667
31354 0.166667
30876 0.166667
27990 0.166667
27496 0.166667
19938 0.166667
19038 0.166667
13507 0.166667
8485 0.166667
7146 0.166667
1519 0.163965
11066 0.163323
2187 0.1625
39383 0.162159
18421 0.156532
15214 0.155817
3911 0.153442
32555 0.15098
11675 0.150298
20928 0.149697
16181 0.1493
18788 0.14504
28800 0.144314
37923 0.14359
14135 0.143168
37888 0.142857
31589 0.142857
31012 0.142857
29962 0.142857
23696 0.142857
22228 0.142857
18558 0.142857
17519 0.142857
11630 0.142857
10216 0.142857
8105 0.142857
2129 0.14214
21183 0.139952
28325 0.139759
35065 0.138928
29225 0.138723
15467 0.137222
7145 0.136667
34544 0.13552
28049 0.132962
31943 0.132938
23786 0.132277
1975 0.132078
20178 0.131803
33596 0.13125
20038 0.128889
37689 0.128676
30216 0.127893
11789 0.127749
37389 0.125063
37754 0.125
36542 0.125
19203 0.125
18845 0.125
16628 0.125
15868 0.125
13120 0.125
10910 0.125
10865 0.125
8660 0.125
8162 0.125
6906 0.125
2840 0.125
20704 0.124431
17711 0.123558
3356 0.12324
4076 0.122569
14658 0.12199
39642 0.120725
33477 0.11963
16504 0.115825
16639 0.115825
576 0.114866
224 0.114524
14769 0.114225
23296 0.113961
4987 0.113488
19597 0.112923
11488 0.112613
36313 0.112411
639 0.111722
40282 0.111111
39960 0.111111
39337 0.111111
39037 0.111111
31028 0.111111
25820 0.111111
24825 0.111111
19233 0.111111
11339 0.111111
10923 0.111111
35724 0.110269
9247 0.109964
3189 0.109048
2416 0.109048
32040 0.108083
19973 0.107786
5316 0.105998
26088 0.105978
10737 0.105978
1865 0.105891
2936 0.103797
11240 0.103748
35523 0.102597
23448 0.10241
9442 0.102399
1966 0.101094
26569 0.100256
37426 0.1
35637 0.1
34311 0.1
