31301 8.32506
7708 2.25833
5693 2.05294
26401 1.97083
6173 1.13333
23843 1.13101
4405 1.0006
8508 0.866667
39743 0.854167
6096 0.833333
23154 0.783333
22402 0.783333
17634 0.731014
10117 0.7
4070 0.642857
22054 0.604762
2885 0.534483
37176 0.469608
363 0.464286
5066 0.4625
9846 0.455357
15559 0.433333
6823 0.429167
17238 0.419608
14705 0.419608
1375 0.419608
32518 0.333333
25868 0.333333
5620 0.333333
36952 0.25
34825 0.25
34274 0.25
32885 0.25
31930 0.25
29629 0.25
29154 0.25
28444 0.25
27799 0.25
26892 0.25
16403 0.25
15676 0.25
14544 0.25
14249 0.25
7675 0.25
919 0.25
186 0.25
99 0.25
26750 0.238095
37507 0.2
36051 0.2
28482 0.2
21889 0.2
15416 0.2
13654 0.2
11133 0.2
6140 0.2
5010 0.2
34451 0.166667
30793 0.166667
28377 0.166667
23380 0.166667
22711 0.166667
18643 0.166667
15603 0.166667
13581 0.166667
12243 0.166667
11626 0.166667
9654 0.166667
5175 0.166667
1468 0.166667
38068 0.142857
30345 0.142857
22663 0.142857
14603 0.142857
4082 0.142857
28380 0.131014
25016 0.131014
19392 0.131014
9019 0.131014
4306 0.131014
797 0.131014
35464 0.125
35048 0.125
21641 0.125
20634 0.125
18616 0.125
15446 0.125
13007 0.125
8027 0.125
3936 0.125
901 0.125
37143 0.1
16791 0.1
11244 0.1
37219 0.0769231
32403 0.0769231
33981 0.0714286
32843 0.0714286
30829 0.0714286
27951 0.0714286
27858 0.0714286
27401 0.0714286
12431 0.0714286
4851 0.0714286
35005 0.0625
33490 0.0625
32500 0.0625
29868 0.0625
22783 0.0625
12709 0.0625
9831 0.0625
7723 0.0625
39515 0.0416667
38050 0.0416667
36746 0.0416667
29997 0.0416667
27627 0.0416667
27434 0.0416667
27021 0.0416667
24335 0.0416667
21497 0.0416667
21022 0.0416667
13332 0.0416667
12444 0.0416667
11630 0.0416667
10602 0.0416667
4084 0.0416667
3567 0.0416667
2775 0.0416667
2479 0.0416667
39962 0.0344828
39716 0.0344828
39640 0.0344828
35063 0.0344828
34952 0.0344828
29285 0.0344828
28500 0.0344828
27926 0.0344828
24591 0.0344828
20789 0.0344828
16047 0.0344828
13309 0.0344828
12661 0.0344828
9597 0.0344828
7125 0.0344828
6756 0.0344828
4233 0.0344828
40716 0.0196078
39085 0.0196078
39028 0.0196078
38644 0.0196078
37949 0.0196078
37819 0.0196078
37064 0.0196078
36804 0.0196078
36725 0.0196078
36444 0.0196078
34758 0.0196078
33821 0.0196078
31735 0.0196078
30621 0.0196078
29401 0.0196078
27155 0.0196078
25425 0.0196078
23120 0.0196078
22509 0.0196078
21415 0.0196078
18221 0.0196078
15956 0.0196078
15869 0.0196078
14676 0.0196078
11715 0.0196078
10234 0.0196078
9473 0.0196078
8829 0.0196078
8452 0.0196078
7203 0.0196078
4695 0.0196078
4412 0.0196078
4060 0.0196078
3603 0.0196078
737 0.0196078
40980 0
40979 0
40978 0
40977 0
40976 0
40975 0
40974 0
40973 0
40972 0
40971 0
40970 0
40969 0
40968 0
40967 0
40966 0
40965 0
40964 0
40963 0
40962 0
40961 0
40960 0
40959 0
40958 0
40957 0
40956 0
40955 0
40954 0
40953 0
40952 0
40951 0
40950 0
40949 0
40948 0
40947 0
40946 0
40945 0
40944 0
40943 0
40942 0
40941 0
40940 0
40939 0
40938 0
40937 0
40936 0
40935 0
40934 0
40933 0
40932 0
40931 0
40930 0
40929 0
40928 0
40927 0
40926 0
40925 0
40924 0
40923 0
40922 0
40921 0
40920 0
40919 0
40918 0
40917 0
40916 0
40915 0
40914 0
40913 0
40912 0
40911 0
40910 0
40909 0
40908 0
40907 0
40906 0
40905 0
40904 0
40903 0
40902 0
40901 0
40900 0
40899 0
40898 0
40897 0
40896 0
40895 0
40894 0
40893 0
40892 0
40891 0
40890 0
40889 0
40888 0
40887 0
40886 0
40885 0
40884 0
40883 0
40882 0
40881 0
40880 0
40879 0
40878 0
40877 0
40876 0
40875 0
40874 0
40873 0
40872 0
40871 0
40870 0
40869 0
40868 0
40867 0
40866 0
40865 0
40864 0
40863 0
40862 0
40861 0
40860 0
40859 0
40858 0
40857 0
40856 0
40855 0
40854 0
40853 0
40852 0
40851 0
40850 0
40849 0
40848 0
40847 0
40846 0
40845 0
40844 0
40843 0
40842 0
40841 0
40840 0
40839 0
40838 0
40837 0
40836 0
40835 0
40834 0
40833 0
40832 0
40831 0
40830 0
40829 0
40828 0
40827 0
40826 0
40825 0
40824 0
40823 0
40822 0
40821 0
40820 0
40819 0
40818 0
40817 0
40816 0
40815 0
40814 0
40813 0
40812 0
40811 0
40810 0
40809 0
40808 0
40807 0
40806 0
40805 0
40804 0
40803 0
40802 0
40801 0
40800 0
40799 0
40798 0
40797 0
40796 0
40795 0
40794 0
40793 0
40792 0
40791 0
40790 0
40789 0
40788 0
40787 0
40786 0
40785 0
40784 0
40783 0
40782 0
40781 0
40780 0
40779 0
40778 0
40777 0
40776 0
40775 0
40774 0
40773 0
40772 0
40771 0
40770 0
40769 0
40768 0
40767 0
40766 0
40765 0
40764 0
40763 0
40762 0
40761 0
40760 0
40759 0
40758 0
40757 0
40756 0
40755 0
40754 0
40753 0
40752 0
40751 0
40750 0
40749 0
40748 0
40747 0
40746 0
40745 0
40744 0
40743 0
40742 0
40741 0
40740 0
40739 0
40738 0
40737 0
40736 0
40735 0
40734 0
40733 0
40732 0
40731 0
40730 0
40729 0
40728 0
40727 0
40726 0
40725 0
40724 0
40723 0
40722 0
40721 0
40720 0
40719 0
40718 0
40717 0
40715 0
40714 0
40713 0
40712 0
40711 0
40710 0
40709 0
40708 0
40707 0
40706 0
40705 0
40704 0
40703 0
40702 0
40701 0
40700 0
40699 0
40698 0
40697 0
40696 0
40695 0
40694 0
40693 0
40692 0
40691 0
40690 0
40689 0
40688 0
40687 0
40686 0
40685 0
40684 0
40683 0
40682 0
40681 0
40680 0
40679 0
40678 0
40677 0
40676 0
40675 0
40674 0
40673 0
40672 0
40671 0
40670 0
40669 0
40668 0
40667 0
40666 0
40665 0
40664 0
40663 0
40662 0
