14069 2.82179
26383 2.38499
11390 1.77767
11758 1.65837
6262 1.65827
37238 1.64996
6554 1.2081
8281 1.20339
15982 1.13649
28778 0.895635
33521 0.723173
26815 0.723095
4732 0.723095
15196 0.578927
40841 0.555331
22171 0.555331
35552 0.535714
14548 0.53276
28962 0.502632
30410 0.501447
12199 0.467244
34102 0.456252
16140 0.456252
4227 0.410714
497 0.365
30554 0.356461
26701 0.346093
35841 0.341114
4141 0.326442
1737 0.326442
16192 0.320635
39688 0.31511
36524 0.302282
25171 0.302282
12087 0.302282
39261 0.296966
10816 0.296966
19334 0.291861
5277 0.291574
9421 0.280244
15213 0.276111
13192 0.275
26022 0.274988
20157 0.268249
13484 0.268034
15970 0.256184
12692 0.242831
33086 0.241667
8230 0.238636
33781 0.237515
31349 0.237515
40587 0.235767
28297 0.230505
22053 0.230505
15365 0.223759
5893 0.223759
39502 0.214151
7067 0.214151
18242 0.18511
17654 0.18511
29248 0.183336
25468 0.183336
30118 0.182908
3800 0.182908
16612 0.167572
28240 0.159298
7784 0.156222
35154 0.1458
8908 0.1458
38110 0.145556
25478 0.13
37464 0.128927
10571 0.128406
8140 0.128406
23843 0.125
40184 0.121551
39160 0.121551
3978 0.121551
2429 0.121551
37783 0.12
14375 0.12
4622 0.12
4518 0.12
18742 0.118462
6418 0.115964
9229 0.106373
8740 0.106373
26141 0.101111
7056 0.101111
22862 0.1
18328 0.1
6440 0.1
3467 0.0995169
24305 0.0909091
35884 0.0905051
40449 0.0881859
23562 0.0881859
39591 0.0844664
1182 0.0833333
35570 0.0831354
16195 0.0831354
37992 0.0806088
22767 0.0806088
18203 0.0806088
16747 0.0806088
3354 0.0806088
1269 0.0806088
33185 0.0666667
29890 0.0666667
29213 0.0666667
28486 0.0666667
27963 0.0666667
23763 0.0666667
23631 0.0666667
21638 0.0666667
17715 0.0666667
14430 0.0666667
13861 0.0666667
9561 0.0666667
4257 0.0666667
4242 0.0666667
2898 0.0666667
11618 0.0625
9890 0.0588235
36441 0.0555556
19991 0.0555556
11140 0.0555556
22799 0.05
17359 0.05
17251 0.05
40421 0.04
40090 0.04
34472 0.04
32637 0.04
30510 0.04
29530 0.04
29346 0.04
27588 0.04
27251 0.04
20702 0.04
19042 0.04
11162 0.04
10961 0.04
9139 0.04
2931 0.04
36935 0.0384615
28206 0.0384615
40218 0.0344828
38149 0.0344828
33250 0.0344828
32961 0.0344828
32085 0.0344828
30552 0.0344828
16374 0.0344828
9395 0.0344828
7734 0.0344828
40806 0.0333333
38906 0.0333333
32651 0.0333333
19800 0.0333333
17696 0.0333333
16968 0.0333333
16789 0.0333333
8407 0.0333333
6563 0.0333333
36386 0.0277778
1549 0.0277778
36519 0.0227273
30801 0.0227273
18363 0.0227273
17774 0.0227273
12646 0.0227273
11438 0.0227273
2578 0.0227273
35307 0.0217391
29892 0.0217391
23761 0.0217391
21430 0.0217391
19961 0.0217391
15409 0.0217391
5887 0.0217391
39909 0.0204082
36536 0.0204082
34792 0.0204082
33398 0.0204082
11838 0.0204082
7950 0.0204082
5101 0.0204082
893 0.0204082
40980 0
40979 0
40978 0
40977 0
40976 0
40975 0
40974 0
40973 0
40972 0
40971 0
40970 0
40969 0
40968 0
40967 0
40966 0
40965 0
40964 0
40963 0
40962 0
40961 0
40960 0
40959 0
40958 0
40957 0
40956 0
40955 0
40954 0
40953 0
40952 0
40951 0
40950 0
40949 0
40948 0
40947 0
40946 0
40945 0
40944 0
40943 0
40942 0
40941 0
40940 0
40939 0
40938 0
40937 0
40936 0
40935 0
40934 0
40933 0
40932 0
40931 0
40930 0
40929 0
40928 0
40927 0
40926 0
40925 0
40924 0
40923 0
40922 0
40921 0
40920 0
40919 0
40918 0
40917 0
40916 0
40915 0
40914 0
40913 0
40912 0
40911 0
40910 0
40909 0
40908 0
40907 0
40906 0
40905 0
40904 0
40903 0
40902 0
40901 0
40900 0
40899 0
40898 0
40897 0
40896 0
40895 0
40894 0
40893 0
40892 0
40891 0
40890 0
40889 0
40888 0
40887 0
40886 0
40885 0
40884 0
40883 0
40882 0
40881 0
40880 0
40879 0
40878 0
40877 0
40876 0
40875 0
40874 0
40873 0
40872 0
40871 0
40870 0
40869 0
40868 0
40867 0
40866 0
40865 0
40864 0
40863 0
40862 0
40861 0
40860 0
40859 0
40858 0
40857 0
40856 0
40855 0
40854 0
40853 0
40852 0
40851 0
40850 0
40849 0
40848 0
40847 0
40846 0
40845 0
40844 0
40843 0
40842 0
40840 0
40839 0
40838 0
40837 0
40836 0
40835 0
40834 0
40833 0
40832 0
40831 0
40830 0
40829 0
40828 0
40827 0
40826 0
40825 0
40824 0
40823 0
40822 0
40821 0
40820 0
40819 0
40818 0
40817 0
40816 0
40815 0
40814 0
40813 0
40812 0
40811 0
40810 0
40809 0
40808 0
40807 0
40805 0
40804 0
40803 0
40802 0
40801 0
40800 0
40799 0
40798 0
40797 0
40796 0
40795 0
40794 0
40793 0
40792 0
40791 0
40790 0
40789 0
40788 0
40787 0
40786 0
40785 0
40784 0
40783 0
40782 0
40781 0
40780 0
40779 0
40778 0
40777 0
40776 0
40775 0
40774 0
40773 0
40772 0
40771 0
40770 0
40769 0
40768 0
40767 0
40766 0
40765 0
40764 0
40763 0
40762 0
40761 0
40760 0
40759 0
40758 0
40757 0
40756 0
40755 0
40754 0
40753 0
40752 0
40751 0
40750 0
40749 0
40748 0
40747 0
40746 0
40745 0
40744 0
40743 0
40742 0
40741 0
40740 0
40739 0
40738 0
40737 0
40736 0
40735 0
40734 0
40733 0
40732 0
40731 0
40730 0
40729 0
40728 0
40727 0
40726 0
40725 0
40724 0
40723 0
40722 0
40721 0
40720 0
40719 0
40718 0
40717 0
40716 0
40715 0
40714 0
40713 0
40712 0
40711 0
40710 0
40709 0
40708 0
40707 0
40706 0
40705 0
40704 0
40703 0
40702 0
40701 0
40700 0
40699 0
40698 0
40697 0
40696 0
40695 0
40694 0
40693 0
40692 0
40691 0
40690 0
40689 0
40688 0
40687 0
40686 0
40685 0
40684 0
40683 0
40682 0
40681 0
40680 0
40679 0
40678 0
40677 0
40676 0
40675 0
40674 0
40673 0
40672 0
40671 0
40670 0
40669 0
40668 0
