27799 61.2518
13654 25.1914
35766 17.3266
14138 14.7104
36313 12.2907
5778 11.0971
36400 9.73775
17312 8.87991
40525 8.20522
24239 8.0719
2885 7.74764
35317 6.65391
30793 6.3402
26181 6.0875
23843 5.61181
27926 5.57981
37027 4.96341
1332 4.54231
7852 4.30344
35734 4.10039
36278 3.71355
14534 3.58537
39661 3.366
6592 3.3421
40342 3.30865
432 3.20493
37342 3.18421
9553 3.11426
37882 3.03986
27740 2.95551
12569 2.95185
22530 2.94677
19032 2.9262
22184 2.89077
7145 2.87604
13628 2.82503
39155 2.7995
4189 2.79701
24596 2.74517
34579 2.69124
37546 2.61863
22405 2.61619
20093 2.59935
1410 2.49499
34561 2.49374
31947 2.45021
24678 2.35166
11804 2.22689
8412 2.18397
40204 2.15142
28855 2.15
3852 2.06153
16298 2.03655
25568 2.02664
37374 1.99466
18340 1.96228
21186 1.88329
8592 1.88033
16806 1.75216
16745 1.74491
13507 1.72203
34123 1.71429
5824 1.68848
12893 1.68645
13916 1.66396
4112 1.61144
27663 1.57559
21323 1.57536
29586 1.55515
25065 1.51633
39641 1.5051
7099 1.50007
18834 1.47631
30209 1.46869
18248 1.46276
27863 1.45484
6033 1.4473
26323 1.43
19253 1.42365
18520 1.3997
11810 1.36238
19517 1.36228
830 1.35125
15467 1.3442
18328 1.33958
19712 1.33767
30419 1.33308
18329 1.33226
2869 1.31905
26541 1.27954
8672 1.27504
21703 1.26052
38262 1.25569
3887 1.24921
37881 1.2327
38346 1.20916
26786 1.19728
3541 1.18477
8035 1.18207
30425 1.17921
19277 1.15307
34116 1.14882
35825 1.13813
28094 1.1352
1462 1.13333
1965 1.11393
22594 1.11353
1610 1.11058
21785 1.10602
2262 1.07558
33633 1.05369
32708 1.04705
10923 1.04643
31301 1.04083
32324 1.03104
38863 1.02977
22960 1.02909
3291 1.02836
34439 1.02113
4544 1.01579
37070 1.01011
27752 0.981966
32536 0.972736
3002 0.971296
3356 0.958584
2542 0.933622
885 0.931105
19511 0.929952
21801 0.921779
37496 0.910861
27190 0.895164
34043 0.894487
30216 0.890054
17154 0.888537
33391 0.885153
35706 0.87507
21889 0.87416
28110 0.868465
7478 0.866667
37340 0.864907
29634 0.859051
9196 0.851134
18356 0.847228
32886 0.833333
483 0.829365
35203 0.828569
3940 0.814058
26095 0.808507
7807 0.80171
8224 0.794684
28756 0.783624
11410 0.778351
12451 0.777415
11393 0.773148
15665 0.765528
27033 0.755266
32620 0.753968
3535 0.74611
38952 0.743407
33108 0.729856
25826 0.72619
16097 0.716975
19774 0.714608
37077 0.712302
17033 0.71023
15264 0.709004
1951 0.705128
10253 0.703259
5470 0.698558
16723 0.698094
9616 0.694912
16283 0.688075
550 0.686517
22088 0.684524
3124 0.683868
35315 0.68303
7306 0.677778
3068 0.671429
30847 0.664076
26058 0.658333
13513 0.65231
39791 0.646484
35346 0.645049
11113 0.637302
36918 0.628721
35014 0.619087
11474 0.618559
10210 0.616071
8969 0.613938
4994 0.606791
11718 0.606723
20704 0.60533
31260 0.601441
36160 0.594396
18963 0.592857
27349 0.573476
5455 0.571429
4467 0.569079
30476 0.55989
1808 0.551286
30897 0.548835
15054 0.542735
20167 0.540909
12816 0.540909
11863 0.528938
2786 0.526764
39400 0.521011
21348 0.514532
32016 0.51056
17120 0.509387
36643 0.5
2752 0.493987
21978 0.49222
40165 0.482258
4848 0.477399
15012 0.470945
15075 0.470612
31582 0.468208
38049 0.462035
40890 0.461229
31390 0.459524
15476 0.456183
23432 0.453782
19653 0.451681
11789 0.450206
28617 0.438462
23696 0.438346
39925 0.438095
1659 0.437588
129 0.436029
39951 0.43596
7047 0.434181
31558 0.433766
33267 0.42077
20007 0.420635
18138 0.416667
6099 0.415909
26546 0.414874
35538 0.414286
23089 0.411887
7498 0.410256
14980 0.405128
7623 0.405128
30883 0.404887
40764 0.401681
31564 0.401347
12377 0.396705
23342 0.395338
5103 0.390164
33452 0.38395
14585 0.383333
34965 0.380952
30275 0.378245
9148 0.377564
8519 0.373019
34835 0.372619
29768 0.372112
33545 0.370464
2618 0.370103
26084 0.367857
36027 0.367331
25765 0.366667
15416 0.363095
17943 0.362604
10991 0.362155
6199 0.362155
1390 0.361111
7536 0.360624
26476 0.358939
8237 0.358765
12449 0.35873
35086 0.356566
20569 0.354806
2621 0.354269
14569 0.352381
22997 0.349206
30417 0.347222
23240 0.34644
18119 0.345238
2484 0.339584
15489 0.338095
20177 0.337547
11626 0.33532
2652 0.334053
2027 0.334053
20250 0.333333
30762 0.333333
29923 0.333333
17921 0.333333
13972 0.333333
13635 0.333333
9201 0.333333
3221 0.333333
1049 0.333333
35063 0.331926
16047 0.331926
25360 0.331746
18555 0.32632
6300 0.321888
15225 0.320415
5293 0.319298
22711 0.318037
9309 0.316667
3718 0.31655
21118 0.315018
16655 0.312792
3413 0.311429
10570 0.309524
15276 0.308909
27840 0.307868
29140 0.306319
36255 0.305357
14734 0.303571
12522 0.301923
11331 0.301034
22745 0.3
17444 0.299145
26410 0.295265
20840 0.294935
26854 0.293498
21861 0.293158
38907 0.292593
3326 0.29
39177 0.289834
6336 0.289683
25505 0.287599
37711 0.285714
19461 0.285312
556 0.284524
23724 0.284422
11101 0.284314
5821 0.28373
37800 0.282258
18231 0.277778
21189 0.27619
4484 0.275475
2781 0.274266
37024 0.271668
11243 0.270455
20326 0.269925
22170 0.269449
21830 0.268347
328 0.266667
30234 0.265812
14672 0.262329
6041 0.260747
38535 0.260714
33518 0.260714
18842 0.258333
38956 0.258253
23446 0.25767
2426 0.253902
5603 0.253642
36661 0.251874
32043 0.250704
40596 0.25
37672 0.25
36562 0.25
35300 0.25
32247 0.25
31810 0.25
31247 0.25
29626 0.25
20564 0.25
18899 0.25
18435 0.25
16817 0.25
16629 0.25
15632 0.25
10124 0.25
9527 0.25
7312 0.25
7152 0.25
2951 0.25
6067 0.248148
35271 0.244444
26794 0.241667
39777 0.241363
30262 0.239165
18116 0.23285
4296 0.228636
37815 0.228352
17590 0.228066
12185 0.227604
22781 0.221154
31723 0.215018
23566 0.210317
26623 0.210207
1821 0.20609
6401 0.204278
23468 0.202564
38592 0.2
37642 0.2
35220 0.2
34662 0.2
32234 0.2
30589 0.2
29030 0.2
23455 0.2
22587 0.2
21000 0.2
19825 0.2
17083 0.2
16947 0.2
15212 0.2
6979 0.2
3936 0.2
19284 0.196919
28424 0.195455
6906 0.195076
24126 0.19359
20762 0.193473
306 0.191506
30318 0.188346
6298 0.187261
25755 0.187042
3107 0.187042
80 0.185287
31553 0.184367
34770 0.182884
14943 0.181046
4896 0.180952
1760 0.176972
11811 0.172078
4551 0.171221
32688 0.170455
39769 0.166667
37961 0.166667
37750 0.166667
29875 0.166667
25504 0.166667
23399 0.166667
19867 0.166667
16497 0.166667
16260 0.166667
8197 0.166667
7142 0.166667
6859 0.166667
2877 0.166667
2813 0.166667
2638 0.166667
14490 0.165856
29455 0.161388
34768 0.161351
31314 0.160819
4292 0.159834
5085 0.158655
2221 0.157326
33052 0.15368
7538 0.152841
19926 0.152597
36673 0.152229
27704 0.152121
35629 0.151991
20099 0.151529
8326 0.15049
5519 0.149601
34702 0.148925
21903 0.148109
25651 0.147493
8027 0.145353
32930 0.14348
38500 0.142857
38104 0.142857
37991 0.142857
36528 0.142857
34977 0.142857
32461 0.142857
29551 0.142857
27886 0.142857
26398 0.142857
25479 0.142857
22388 0.142857
20020 0.142857
16233 0.142857
15669 0.142857
14164 0.142857
12907 0.142857
11733 0.142857
7649 0.142857
2462 0.142857
1599 0.142857
374 0.142857
21534 0.140842
1131 0.137619
32552 0.134822
1963 0.134017
15562 0.132732
33653 0.132367
13120 0.132143
25362 0.131997
8828 0.130343
39172 0.130284
22304 0.130175
2069 0.128788
16399 0.127747
233 0.127713
34363 0.127185
1886 0.127185
9760 0.126623
