22594 45.0267
1957 7.40583
10986 6.16527
31301 5.33138
27811 4.91904
21183 4.90712
23696 4.73554
12791 4.23932
4322 3.80449
26352 3.75918
5214 3.67099
4298 3.34872
19032 3.07714
16639 2.88383
5258 2.86808
30997 2.59887
6415 2.51569
13485 2.44184
31371 2.17945
7514 2.11631
2885 2.05569
23843 2.03221
25339 1.89272
40579 1.88486
40248 1.8004
6132 1.68633
8231 1.52774
34407 1.46019
27799 1.45586
8672 1.44806
21185 1.41667
23043 1.41366
16599 1.3381
24569 1.32143
401 1.31065
5362 1.24136
9671 1.20799
1043 1.17262
18656 1.13611
20669 1.13401
7516 1.12681
10712 1.12496
40899 1.11733
22119 1.02796
13191 0.995635
28010 0.955357
29233 0.953788
11801 0.913361
2149 0.888034
15599 0.886335
37230 0.880159
32885 0.868347
5666 0.866667
52 0.856984
33016 0.840599
40915 0.837122
2316 0.833333
20233 0.830556
28146 0.798682
10923 0.785007
23118 0.766667
24618 0.722222
11444 0.694444
34228 0.687736
2335 0.6296
17963 0.612745
40288 0.611111
39459 0.610411
6481 0.560606
4901 0.555556
9775 0.553297
14138 0.52482
6438 0.521429
37834 0.5125
17634 0.502572
38265 0.502419
15734 0.500631
28938 0.5
22068 0.495455
19365 0.491695
35833 0.488095
790 0.486111
39791 0.482143
9520 0.477778
38098 0.477027
16919 0.475
32515 0.472222
39613 0.464158
17574 0.456889
37780 0.455556
22711 0.451256
11320 0.45
27459 0.448175
19438 0.443478
40017 0.436111
179 0.430556
6255 0.430419
29619 0.427778
987 0.422222
11453 0.420635
13179 0.418316
25731 0.409483
17312 0.3875
6655 0.3875
37924 0.377778
28624 0.362637
19861 0.361147
14595 0.358333
40011 0.353002
27711 0.352778
26661 0.347222
35835 0.333333
34617 0.333333
34014 0.333333
27500 0.333333
11360 0.333333
10778 0.333333
10076 0.333333
9485 0.330952
25780 0.329193
16789 0.329193
8731 0.329193
9656 0.320321
4052 0.312261
17858 0.30754
32454 0.303444
9838 0.302607
4454 0.299517
16172 0.282067
18950 0.27316
13043 0.272024
8465 0.272024
22128 0.269884
39667 0.266667
7315 0.26452
5940 0.261905
20271 0.259245
10906 0.253557
39708 0.25119
40825 0.25
31925 0.25
30579 0.25
29465 0.25
9384 0.25
9039 0.25
7852 0.25
3936 0.25
2817 0.25
27317 0.248835
3211 0.248835
10088 0.247135
36952 0.247024
1659 0.247024
28238 0.243056
35734 0.23781
32620 0.23781
24239 0.23781
9561 0.236335
3590 0.234769
37249 0.229581
11028 0.229167
27564 0.22619
4433 0.221471
34311 0.213265
2647 0.213265
34342 0.210369
27586 0.206744
23215 0.201269
39832 0.2
31058 0.2
30546 0.2
25016 0.2
19323 0.2
18183 0.2
15400 0.2
15144 0.2
14398 0.2
13457 0.2
8027 0.2
2829 0.2
38292 0.19789
16817 0.192262
3214 0.189365
18328 0.184967
27888 0.184878
37127 0.182367
16567 0.181789
39572 0.179315
39938 0.166667
39435 0.166667
35525 0.166667
35432 0.166667
30964 0.166667
26069 0.166667
25518 0.166667
21739 0.166667
21140 0.166667
19624 0.166667
18438 0.166667
16947 0.166667
12983 0.166667
7348 0.166667
5833 0.166667
4998 0.166667
363 0.159715
17273 0.154011
37662 0.142857
31894 0.142857
31697 0.142857
22029 0.142857
19763 0.142857
15828 0.142857
9725 0.142857
9579 0.142857
8840 0.142857
4225 0.142857
4111 0.142857
16869 0.139148
27505 0.133362
7135 0.133362
16597 0.130952
39951 0.125
39724 0.125
38141 0.125
37711 0.125
37523 0.125
31329 0.125
28891 0.125
26144 0.125
25561 0.125
17207 0.125
17074 0.125
15323 0.125
4595 0.125
4348 0.125
3992 0.125
32225 0.118124
21295 0.118124
21202 0.118124
7762 0.118124
2384 0.118124
23439 0.116487
22184 0.116487
26883 0.113651
7803 0.113651
28552 0.111777
26715 0.111777
32197 0.111111
31835 0.111111
27169 0.111111
23193 0.111111
6262 0.111111
4959 0.111111
1975 0.111111
600 0.111111
595 0.111111
35616 0.108696
20060 0.108696
30793 0.106443
27926 0.100065
34768 0.1
31203 0.1
30832 0.1
25022 0.1
10737 0.1
10537 0.1
6651 0.1
3158 0.1
596 0.1
23724 0.0919118
35803 0.0909091
35063 0.0909091
33350 0.0909091
4443 0.0909091
39771 0.0833333
14525 0.0833333
5931 0.0833333
4705 0.0833333
591 0.0833333
32367 0.0769231
28099 0.0769231
17862 0.0769231
9930 0.0769231
38351 0.0757932
20648 0.0757932
13136 0.0757932
8756 0.0757932
8017 0.0757932
38785 0.0714286
36557 0.0714286
31311 0.0714286
24683 0.0714286
24013 0.0714286
18676 0.0714286
18616 0.0714286
16853 0.0714286
16705 0.0714286
13309 0.0714286
12630 0.0714286
11075 0.0714286
10117 0.0714286
9378 0.0714286
7125 0.0714286
6956 0.0714286
6421 0.0714286
5693 0.0714286
5620 0.0714286
4785 0.0714286
40204 0.0666667
35448 0.0666667
33962 0.0666667
33213 0.0666667
29143 0.0666667
25653 0.0666667
24831 0.0666667
23582 0.0666667
21018 0.0666667
20320 0.0666667
19834 0.0666667
19714 0.0666667
16462 0.0666667
15665 0.0666667
12381 0.0666667
9730 0.0666667
5821 0.0666667
4288 0.0666667
33989 0.0625
33342 0.0625
33224 0.0625
28870 0.0625
24028 0.0625
20978 0.0625
20350 0.0625
20106 0.0625
17368 0.0625
10361 0.0625
4675 0.0625
812 0.0625
33256 0.0588235
33063 0.0588235
32933 0.0588235
22057 0.0588235
21978 0.0588235
21939 0.0588235
8466 0.0588235
8156 0.0588235
6528 0.0588235
1616 0.0588235
34242 0.0555556
8211 0.0555556
8071 0.0555556
37935 0.05
36401 0.05
31509 0.05
24414 0.05
20273 0.05
9665 0.05
1642 0.05
39676 0.047619
28953 0.047619
530 0.047619
37767 0.0454545
14803 0.0454545
1662 0.0454545
40846 0.0434783
37732 0.0434783
35768 0.0434783
35534 0.0434783
34433 0.0434783
31286 0.0434783
29489 0.0434783
27976 0.0434783
24825 0.0434783
24612 0.0434783
16791 0.0434783
15336 0.0434783
14818 0.0434783
13496 0.0434783
9429 0.0434783
9176 0.0434783
7949 0.0434783
6358 0.0434783
5912 0.0434783
5664 0.0434783
4724 0.0434783
4158 0.0434783
4129 0.0434783
3182 0.0434783
2840 0.0434783
939 0.0434783
590 0.0434783
17150 0.0416667
4208 0.0416667
3541 0.0416667
36867 0.0344828
22910 0.0344828
17599 0.0344828
3210 0.0344828
36554 0.030303
32593 0.030303
32518 0.030303
32277 0.030303
28444 0.030303
27895 0.030303
27401 0.030303
23014 0.030303
22228 0.030303
20489 0.030303
19951 0.030303
15603 0.030303
14603 0.030303
14544 0.030303
14044 0.030303
13432 0.030303
10073 0.030303
9689 0.030303
4405 0.030303
1402 0.030303
186 0.030303
128 0.030303
33267 0.0294118
31288 0.0294118
29589 0.0294118
28094 0.0294118
27336 0.0294118
24599 0.0294118
24505 0.0294118
23154 0.0294118
18209 0.0294118
17154 0.0294118
16076 0.0294118
9010 0.0294118
8587 0.0294118
2557 0.0294118
69 0.0294118
40595 0.027027
39514 0.027027
39483 0.027027
33918 0.027027
33875 0.027027
33439 0.027027
33157 0.027027
32269 0.027027
29484 0.027027
28051 0.027027
24074 0.027027
8757 0.027027
7625 0.027027
3873 0.027027
2635 0.027027
39965 0.0217391
38531 0.0217391
19433 0.0217391
18107 0.0217391
17314 0.0217391
8247 0.0217391
39947 0.0208333
39472 0.0208333
39290 0.0208333
38794 0.0208333
35346 0.0208333
31837 0.0208333
30676 0.0208333
27989 0.0208333
25367 0.0208333
24943 0.0208333
19167 0.0208333
18997 0.0208333
18963 0.0208333
15225 0.0208333
11080 0.0208333
10505 0.0208333
3755 0.0208333
2869 0.0208333
1355 0.0208333
664 0.0208333
110 0.0208333
35317 0.0204082
33028 0.0204082
33007 0.0204082
32043 0.0204082
29640 0.0204082
29225 0.0204082
28621 0.0204082
26832 0.0204082
24678 0.0204082
21859 0.0204082
21757 0.0204082
18248 0.0204082
15416 0.0204082
13775 0.0204082
13654 0.0204082
12654 0.0204082
12569 0.0204082
11677 0.0204082
11450 0.0204082
11401 0.0204082
11047 0.0204082
7836 0.0204082
5881 0.0204082
