21341 2.97348
15309 1.45758
39696 1.1012
27882 0.974542
9576 0.929371
22788 0.733333
704 0.676623
22811 0.654762
30916 0.615397
38354 0.603938
8164 0.59362
36888 0.589627
23678 0.488462
37928 0.488095
8339 0.438462
23843 0.433333
8895 0.363462
2269 0.348352
37564 0.333333
37431 0.333333
24446 0.333333
22398 0.333333
19735 0.333333
15368 0.333333
9318 0.333333
17760 0.306818
8531 0.293968
2560 0.293968
1026 0.293968
24413 0.29359
2089 0.29359
19430 0.29
6207 0.264286
33235 0.25
25995 0.25
20291 0.25
16929 0.25
16837 0.25
5068 0.25
5023 0.25
35764 0.23489
39655 0.212338
33636 0.212338
19155 0.212338
35431 0.2
34039 0.2
24426 0.2
21095 0.2
20806 0.2
13223 0.2
10461 0.2
2868 0.179371
35991 0.166667
35477 0.166667
23083 0.166667
19711 0.166667
25216 0.157509
11703 0.157509
3239 0.157509
17017 0.142857
35060 0.125
31509 0.125
29401 0.125
28997 0.125
28345 0.125
19032 0.125
8943 0.125
7444 0.111111
26632 0.0909091
21033 0.0909091
13413 0.0909091
9705 0.0909091
8672 0.0909091
34689 0.0769231
32783 0.0769231
27047 0.0769231
24220 0.0769231
13423 0.0769231
7372 0.0769231
37764 0.0714286
33387 0.0714286
21360 0.0714286
19938 0.0714286
14450 0.0714286
11875 0.0714286
4855 0.0714286
2967 0.0714286
39886 0.0666667
29164 0.0666667
22594 0.0666667
22511 0.0666667
22169 0.0666667
13635 0.0666667
13350 0.0666667
13134 0.0666667
566 0.0666667
38308 0.05
25127 0.05
19355 0.05
6084 0.05
1798 0.05
495 0.05
377 0.05
32438 0.047619
31647 0.047619
31559 0.047619
31208 0.047619
24378 0.047619
20804 0.047619
19103 0.047619
13710 0.047619
12332 0.047619
1766 0.047619
36389 0.04
35352 0.04
33857 0.04
32888 0.04
27226 0.04
25780 0.04
25309 0.04
25155 0.04
24740 0.04
22656 0.04
22014 0.04
20845 0.04
20347 0.04
15918 0.04
13810 0.04
12966 0.04
6566 0.04
6563 0.04
35266 0.0384615
32733 0.0384615
31524 0.0384615
29352 0.0384615
26129 0.0384615
26061 0.0384615
19984 0.0384615
12450 0.0384615
9814 0.0384615
9707 0.0384615
1496 0.0384615
40980 0
40979 0
40978 0
40977 0
40976 0
40975 0
40974 0
40973 0
40972 0
40971 0
40970 0
40969 0
40968 0
40967 0
40966 0
40965 0
40964 0
40963 0
40962 0
40961 0
40960 0
40959 0
40958 0
40957 0
40956 0
40955 0
40954 0
40953 0
40952 0
40951 0
40950 0
40949 0
40948 0
40947 0
40946 0
40945 0
40944 0
40943 0
40942 0
40941 0
40940 0
40939 0
40938 0
40937 0
40936 0
40935 0
40934 0
40933 0
40932 0
40931 0
40930 0
40929 0
40928 0
40927 0
40926 0
40925 0
40924 0
40923 0
40922 0
40921 0
40920 0
40919 0
40918 0
40917 0
40916 0
40915 0
40914 0
40913 0
40912 0
40911 0
40910 0
40909 0
40908 0
40907 0
40906 0
40905 0
40904 0
40903 0
40902 0
40901 0
40900 0
40899 0
40898 0
40897 0
40896 0
40895 0
40894 0
40893 0
40892 0
40891 0
40890 0
40889 0
40888 0
40887 0
40886 0
40885 0
40884 0
40883 0
40882 0
40881 0
40880 0
40879 0
40878 0
40877 0
40876 0
40875 0
40874 0
40873 0
40872 0
40871 0
40870 0
40869 0
40868 0
40867 0
40866 0
40865 0
40864 0
40863 0
40862 0
40861 0
40860 0
40859 0
40858 0
40857 0
40856 0
40855 0
40854 0
40853 0
40852 0
40851 0
40850 0
40849 0
40848 0
40847 0
40846 0
40845 0
40844 0
40843 0
40842 0
40841 0
40840 0
40839 0
40838 0
40837 0
40836 0
40835 0
40834 0
40833 0
40832 0
40831 0
40830 0
40829 0
40828 0
40827 0
40826 0
40825 0
40824 0
40823 0
40822 0
40821 0
40820 0
40819 0
40818 0
40817 0
40816 0
40815 0
40814 0
40813 0
40812 0
40811 0
40810 0
40809 0
40808 0
40807 0
40806 0
40805 0
40804 0
40803 0
40802 0
40801 0
40800 0
40799 0
40798 0
40797 0
40796 0
40795 0
40794 0
40793 0
40792 0
40791 0
40790 0
40789 0
40788 0
40787 0
40786 0
40785 0
40784 0
40783 0
40782 0
40781 0
40780 0
40779 0
40778 0
40777 0
40776 0
40775 0
40774 0
40773 0
40772 0
40771 0
40770 0
40769 0
40768 0
40767 0
40766 0
40765 0
40764 0
40763 0
40762 0
40761 0
40760 0
40759 0
40758 0
40757 0
40756 0
40755 0
40754 0
40753 0
40752 0
40751 0
40750 0
40749 0
40748 0
40747 0
40746 0
40745 0
40744 0
40743 0
40742 0
40741 0
40740 0
40739 0
40738 0
40737 0
40736 0
40735 0
40734 0
40733 0
40732 0
40731 0
40730 0
40729 0
40728 0
40727 0
40726 0
40725 0
40724 0
40723 0
40722 0
40721 0
40720 0
40719 0
40718 0
40717 0
40716 0
40715 0
40714 0
40713 0
40712 0
40711 0
40710 0
40709 0
40708 0
40707 0
40706 0
40705 0
40704 0
40703 0
40702 0
40701 0
40700 0
40699 0
40698 0
40697 0
40696 0
40695 0
40694 0
40693 0
40692 0
40691 0
40690 0
40689 0
40688 0
40687 0
40686 0
40685 0
40684 0
40683 0
40682 0
40681 0
40680 0
40679 0
40678 0
40677 0
40676 0
40675 0
40674 0
40673 0
40672 0
40671 0
40670 0
40669 0
40668 0
40667 0
40666 0
40665 0
40664 0
40663 0
40662 0
40661 0
40660 0
40659 0
40658 0
40657 0
40656 0
40655 0
40654 0
40653 0
40652 0
40651 0
40650 0
40649 0
40648 0
40647 0
40646 0
40645 0
40644 0
40643 0
40642 0
40641 0
40640 0
40639 0
40638 0
40637 0
40636 0
40635 0
40634 0
40633 0
40632 0
40631 0
40630 0
40629 0
40628 0
40627 0
40626 0
40625 0
40624 0
40623 0
