31301 6.45321
7708 3.91485
15603 2.5715
40573 2.07628
16871 1.6855
26892 1.65402
32885 1.43934
28444 1.06676
17719 1.01641
21508 1.00395
15373 0.888138
5134 0.888138
23014 0.835331
37210 0.770317
14620 0.666667
20466 0.659964
17323 0.659964
11355 0.659964
30122 0.608147
27514 0.597712
16945 0.590909
1523 0.577283
38980 0.545469
37797 0.54
2249 0.527778
34073 0.518831
1898 0.518831
13432 0.456875
27795 0.454347
39225 0.404589
17039 0.402778
15592 0.398148
22228 0.367857
12270 0.357143
4735 0.357143
3936 0.351111
8186 0.338936
20008 0.333333
18328 0.333333
17221 0.333333
8608 0.333333
5066 0.333333
22637 0.312741
10953 0.312741
9846 0.306246
765 0.299517
1919 0.289596
9413 0.25785
39374 0.25
33893 0.25
29934 0.25
27003 0.25
22557 0.25
12860 0.25
1820 0.25
13881 0.223759
8175 0.215747
39171 0.202037
28130 0.193409
32000 0.170617
17485 0.170617
3440 0.170617
2944 0.170617
37504 0.166667
36623 0.166667
32518 0.166667
24962 0.166667
24454 0.166667
19295 0.166667
7186 0.166667
4377 0.166667
3152 0.166667
30696 0.156126
20424 0.156126
8902 0.156126
7343 0.156126
40221 0.153597
37633 0.153597
33173 0.153597
17821 0.153597
38638 0.142857
33209 0.142857
30159 0.142857
21497 0.142857
20858 0.142857
6823 0.142857
6648 0.142857
34187 0.125
24991 0.125
6585 0.125
4545 0.125
28644 0.111111
24656 0.111111
12058 0.111111
4928 0.111111
9710 0.109358
40017 0.1
34495 0.0909091
30996 0.0909091
28148 0.0909091
27790 0.0909091
26272 0.0909091
19674 0.0909091
18034 0.0909091
14609 0.0909091
12085 0.0909091
9378 0.0909091
4845 0.0909091
39165 0.0881879
31006 0.0881879
26555 0.0881879
25631 0.0881879
20959 0.0881879
2838 0.0881879
1055 0.0881879
25032 0.0666667
18518 0.0666667
26739 0.0625
12213 0.0625
9140 0.0625
40336 0.047619
39390 0.047619
29503 0.047619
22344 0.047619
21002 0.047619
18098 0.047619
36792 0.0434783
27552 0.0434783
26540 0.0434783
26530 0.0434783
19929 0.0434783
17818 0.0434783
17389 0.0434783
6573 0.0434783
37221 0.04
35020 0.04
31817 0.04
31503 0.04
27094 0.04
26044 0.04
18140 0.04
15610 0.04
7707 0.04
5723 0.04
3739 0.04
32933 0.037037
26011 0.037037
14544 0.037037
9601 0.037037
7972 0.037037
7054 0.037037
4684 0.037037
52 0.037037
39994 0.0294118
37957 0.0294118
37175 0.0294118
31454 0.0294118
30548 0.0294118
27120 0.0294118
21022 0.0294118
20768 0.0294118
16925 0.0294118
11251 0.0294118
11012 0.0294118
10929 0.0294118
10882 0.0294118
10445 0.0294118
8508 0.0294118
1979 0.0294118
38615 0.027027
33548 0.027027
32915 0.027027
32669 0.027027
29646 0.027027
25434 0.027027
17547 0.027027
15795 0.027027
14348 0.027027
13269 0.027027
10123 0.027027
9655 0.027027
6548 0.027027
4406 0.027027
2532 0.027027
2297 0.027027
32546 0.0217391
27844 0.0217391
24382 0.0217391
23211 0.0217391
23154 0.0217391
22583 0.0217391
20229 0.0217391
18665 0.0217391
18274 0.0217391
17634 0.0217391
17075 0.0217391
16751 0.0217391
13341 0.0217391
10731 0.0217391
8867 0.0217391
8008 0.0217391
6096 0.0217391
5663 0.0217391
5153 0.0217391
40980 0
40979 0
40978 0
40977 0
40976 0
40975 0
40974 0
40973 0
40972 0
40971 0
40970 0
40969 0
40968 0
40967 0
40966 0
40965 0
40964 0
40963 0
40962 0
40961 0
40960 0
40959 0
40958 0
40957 0
40956 0
40955 0
40954 0
40953 0
40952 0
40951 0
40950 0
40949 0
40948 0
40947 0
40946 0
40945 0
40944 0
40943 0
40942 0
40941 0
40940 0
40939 0
40938 0
40937 0
40936 0
40935 0
40934 0
40933 0
40932 0
40931 0
40930 0
40929 0
40928 0
40927 0
40926 0
40925 0
40924 0
40923 0
40922 0
40921 0
40920 0
40919 0
40918 0
40917 0
40916 0
40915 0
40914 0
40913 0
40912 0
40911 0
40910 0
40909 0
40908 0
40907 0
40906 0
40905 0
40904 0
40903 0
40902 0
40901 0
40900 0
40899 0
40898 0
40897 0
40896 0
40895 0
40894 0
40893 0
40892 0
40891 0
40890 0
40889 0
40888 0
40887 0
40886 0
40885 0
40884 0
40883 0
40882 0
40881 0
40880 0
40879 0
40878 0
40877 0
40876 0
40875 0
40874 0
40873 0
40872 0
40871 0
40870 0
40869 0
40868 0
40867 0
40866 0
40865 0
40864 0
40863 0
40862 0
40861 0
40860 0
40859 0
40858 0
40857 0
40856 0
40855 0
40854 0
40853 0
40852 0
40851 0
40850 0
40849 0
40848 0
40847 0
40846 0
40845 0
40844 0
40843 0
40842 0
40841 0
40840 0
40839 0
40838 0
40837 0
40836 0
40835 0
40834 0
40833 0
40832 0
40831 0
40830 0
40829 0
40828 0
40827 0
40826 0
40825 0
40824 0
40823 0
40822 0
40821 0
40820 0
40819 0
40818 0
40817 0
40816 0
40815 0
40814 0
40813 0
40812 0
40811 0
40810 0
40809 0
40808 0
40807 0
40806 0
40805 0
40804 0
40803 0
40802 0
40801 0
40800 0
40799 0
40798 0
40797 0
40796 0
40795 0
40794 0
40793 0
40792 0
40791 0
40790 0
40789 0
40788 0
40787 0
40786 0
40785 0
40784 0
40783 0
40782 0
40781 0
40780 0
40779 0
40778 0
40777 0
40776 0
40775 0
40774 0
40773 0
40772 0
40771 0
40770 0
40769 0
40768 0
40767 0
40766 0
40765 0
40764 0
40763 0
40762 0
40761 0
40760 0
40759 0
40758 0
40757 0
40756 0
40755 0
40754 0
40753 0
40752 0
40751 0
40750 0
40749 0
40748 0
40747 0
40746 0
40745 0
40744 0
40743 0
40742 0
40741 0
40740 0
40739 0
40738 0
40737 0
40736 0
40735 0
40734 0
40733 0
40732 0
40731 0
40730 0
40729 0
40728 0
40727 0
40726 0
40725 0
40724 0
40723 0
40722 0
40721 0
40720 0
40719 0
40718 0
40717 0
40716 0
40715 0
40714 0
40713 0
40712 0
40711 0
40710 0
40709 0
40708 0
40707 0
40706 0
40705 0
40704 0
40703 0
40702 0
40701 0
40700 0
40699 0
40698 0
40697 0
40696 0
40695 0
40694 0
40693 0
40692 0
40691 0
40690 0
40689 0
40688 0
40687 0
40686 0
40685 0
