28776 4.04558
11938 1.62848
34488 1.13571
5798 1.02653
21015 0.811597
35863 0.682051
29438 0.535623
14251 0.535623
20262 0.462121
11698 0.459524
20275 0.432051
12736 0.394589
23798 0.384848
27235 0.378788
14163 0.371104
24005 0.368198
9921 0.362013
27287 0.357143
26489 0.344697
13594 0.333333
23199 0.311597
3012 0.311597
36179 0.268939
11452 0.268939
30496 0.25
22196 0.238528
12198 0.238528
37872 0.201515
35950 0.2
34630 0.2
26451 0.2
26124 0.2
21552 0.2
16813 0.2
16336 0.2
10249 0.2
4177 0.2
18227 0.185623
11027 0.185623
4555 0.182051
13154 0.17803
26737 0.166667
21059 0.166667
20240 0.166667
18534 0.166667
8975 0.166667
5842 0.166667
2613 0.166667
35489 0.165385
40418 0.142857
39976 0.142857
34065 0.142857
29986 0.142857
12703 0.142857
7642 0.142857
4964 0.142857
144 0.142857
15439 0.111255
36498 0.110623
13392 0.110623
38449 0.104437
37377 0.104437
38919 0.1
21702 0.1
4491 0.1
36776 0.0909091
27851 0.0909091
26865 0.0909091
21608 0.0909091
18142 0.0909091
15119 0.0909091
13086 0.0909091
6088 0.0909091
2925 0.0909091
228 0.0909091
18615 0.0833333
13614 0.0833333
40341 0.0666667
35487 0.0666667
32006 0.0666667
31899 0.0666667
20868 0.0666667
20698 0.0666667
17686 0.0666667
12533 0.0666667
10907 0.0666667
1009 0.0666667
39763 0.047619
35843 0.047619
33975 0.047619
25494 0.047619
21968 0.047619
19096 0.047619
15638 0.047619
14656 0.047619
4989 0.047619
33524 0.0454545
28984 0.0454545
23265 0.0454545
21693 0.0454545
10211 0.0454545
38454 0.0449301
34260 0.0449301
33082 0.0449301
29182 0.0449301
27767 0.0449301
25405 0.0449301
24869 0.0449301
22375 0.0449301
22129 0.0449301
20210 0.0449301
17987 0.0449301
17804 0.0449301
15250 0.0449301
9333 0.0449301
4879 0.0449301
3263 0.0449301
1613 0.0449301
1158 0.0449301
438 0.0449301
40289 0.0181818
37222 0.0181818
36077 0.0181818
28694 0.0181818
26495 0.0181818
23005 0.0181818
22701 0.0181818
21036 0.0181818
19036 0.0181818
16720 0.0181818
15906 0.0181818
13902 0.0181818
12521 0.0181818
11433 0.0181818
8561 0.0181818
8214 0.0181818
6594 0.0181818
3088 0.0181818
352 0.0181818
319 0.0181818
40441 0.0153846
39628 0.0153846
38174 0.0153846
37802 0.0153846
33970 0.0153846
29765 0.0153846
29055 0.0153846
28556 0.0153846
27184 0.0153846
24726 0.0153846
24412 0.0153846
22254 0.0153846
21677 0.0153846
19976 0.0153846
18726 0.0153846
14563 0.0153846
14202 0.0153846
13787 0.0153846
13277 0.0153846
11311 0.0153846
10717 0.0153846
9464 0.0153846
7570 0.0153846
7012 0.0153846
6466 0.0153846
4781 0.0153846
3396 0.0153846
35862 0.0113636
34651 0.0113636
34006 0.0113636
33964 0.0113636
33431 0.0113636
31567 0.0113636
31215 0.0113636
30315 0.0113636
30104 0.0113636
29822 0.0113636
29416 0.0113636
29178 0.0113636
28272 0.0113636
27232 0.0113636
25338 0.0113636
24630 0.0113636
22722 0.0113636
22626 0.0113636
21704 0.0113636
21657 0.0113636
20372 0.0113636
20274 0.0113636
20269 0.0113636
20218 0.0113636
19281 0.0113636
18280 0.0113636
18276 0.0113636
16116 0.0113636
14885 0.0113636
14393 0.0113636
14179 0.0113636
14105 0.0113636
13841 0.0113636
13404 0.0113636
12390 0.0113636
11045 0.0113636
10454 0.0113636
10082 0.0113636
9398 0.0113636
8811 0.0113636
7817 0.0113636
7034 0.0113636
6392 0.0113636
5760 0.0113636
5118 0.0113636
3964 0.0113636
3516 0.0113636
2495 0.0113636
727 0.0113636
40980 0
40979 0
40978 0
40977 0
40976 0
40975 0
40974 0
40973 0
40972 0
40971 0
40970 0
40969 0
40968 0
40967 0
40966 0
40965 0
40964 0
40963 0
40962 0
40961 0
40960 0
40959 0
40958 0
40957 0
40956 0
40955 0
40954 0
40953 0
40952 0
40951 0
40950 0
40949 0
40948 0
40947 0
40946 0
40945 0
40944 0
40943 0
40942 0
40941 0
40940 0
40939 0
40938 0
40937 0
40936 0
40935 0
40934 0
40933 0
40932 0
40931 0
40930 0
40929 0
40928 0
40927 0
40926 0
40925 0
40924 0
40923 0
40922 0
40921 0
40920 0
40919 0
40918 0
40917 0
40916 0
40915 0
40914 0
40913 0
40912 0
40911 0
40910 0
40909 0
40908 0
40907 0
40906 0
40905 0
40904 0
40903 0
40902 0
40901 0
40900 0
40899 0
40898 0
40897 0
40896 0
40895 0
40894 0
40893 0
40892 0
40891 0
40890 0
40889 0
40888 0
40887 0
40886 0
40885 0
40884 0
40883 0
40882 0
40881 0
40880 0
40879 0
40878 0
40877 0
40876 0
40875 0
40874 0
40873 0
40872 0
40871 0
40870 0
40869 0
40868 0
40867 0
40866 0
40865 0
40864 0
40863 0
40862 0
40861 0
40860 0
40859 0
40858 0
40857 0
40856 0
40855 0
40854 0
40853 0
40852 0
40851 0
40850 0
40849 0
40848 0
40847 0
40846 0
40845 0
40844 0
40843 0
40842 0
40841 0
40840 0
40839 0
40838 0
40837 0
40836 0
40835 0
40834 0
40833 0
40832 0
40831 0
40830 0
40829 0
40828 0
40827 0
40826 0
40825 0
40824 0
40823 0
40822 0
40821 0
40820 0
40819 0
40818 0
40817 0
40816 0
40815 0
40814 0
40813 0
40812 0
40811 0
40810 0
40809 0
40808 0
40807 0
40806 0
40805 0
40804 0
40803 0
40802 0
40801 0
40800 0
40799 0
40798 0
40797 0
40796 0
40795 0
40794 0
40793 0
40792 0
40791 0
40790 0
40789 0
40788 0
40787 0
40786 0
40785 0
40784 0
40783 0
40782 0
40781 0
40780 0
40779 0
40778 0
40777 0
40776 0
40775 0
40774 0
40773 0
40772 0
40771 0
40770 0
40769 0
40768 0
40767 0
40766 0
40765 0
40764 0
40763 0
40762 0
40761 0
40760 0
40759 0
40758 0
40757 0
40756 0
40755 0
40754 0
40753 0
40752 0
40751 0
40750 0
40749 0
40748 0
40747 0
40746 0
40745 0
40744 0
40743 0
40742 0
40741 0
40740 0
40739 0
40738 0
40737 0
40736 0
40735 0
40734 0
40733 0
40732 0
40731 0
40730 0
40729 0
40728 0
40727 0
40726 0
40725 0
40724 0
40723 0
40722 0
40721 0
40720 0
40719 0
40718 0
40717 0
40716 0
40715 0
40714 0
40713 0
40712 0
40711 0
40710 0
40709 0
40708 0
40707 0
40706 0
40705 0
40704 0
40703 0
40702 0
40701 0
40700 0
40699 0
40698 0
40697 0
