7708 4.70042
31301 3.56689
29997 1.5315
26750 1.40016
2249 0.978487
32885 0.940441
34825 0.683333
14565 0.665639
2869 0.644444
39515 0.524021
27799 0.510069
2885 0.510069
830 0.510069
26088 0.5
19032 0.476923
28380 0.472609
27926 0.472222
27431 0.424242
34768 0.423611
27514 0.407857
16216 0.366667
27434 0.358824
13043 0.340278
8027 0.340278
28123 0.333333
30320 0.32549
9442 0.255303
7076 0.25
39791 0.244444
30793 0.244444
21686 0.240385
29962 0.226736
14311 0.192548
21983 0.168765
6823 0.168765
17144 0.166667
11249 0.166667
10602 0.166667
1091 0.166667
15637 0.142857
14201 0.125
12431 0.125
8118 0.125
878 0.125
14007 0.121181
37176 0.115025
13432 0.115025
9023 0.115025
186 0.115025
40829 0.11291
39112 0.11291
26555 0.11291
12524 0.11291
9831 0.11291
2850 0.11291
2712 0.11291
2160 0.11291
35917 0.111111
35063 0.111111
31283 0.111111
20320 0.111111
13757 0.111111
10660 0.111111
9998 0.111111
8672 0.111111
4968 0.111111
37998 0.104752
21457 0.104752
4405 0.104752
3863 0.104752
3538 0.104752
31921 0.1
18804 0.1
18788 0.1
13646 0.1
12444 0.1
11859 0.1
29880 0.0909091
9251 0.0909091
25379 0.0833333
24335 0.0833333
17634 0.0833333
9654 0.0769231
26923 0.0625
52 0.0625
19657 0.0588235
13541 0.0588235
7828 0.0588235
7723 0.0588235
3648 0.0588235
32814 0.0384615
29059 0.0384615
26111 0.0384615
12176 0.0384615
10923 0.0384615
8446 0.0384615
3382 0.0384615
1288 0.0384615
39495 0.030303
25725 0.030303
22282 0.030303
17272 0.030303
17083 0.030303
16710 0.030303
14544 0.030303
9487 0.030303
7054 0.030303
6705 0.030303
6504 0.030303
40001 0.0222222
39962 0.0222222
35734 0.0222222
33825 0.0222222
33545 0.0222222
32797 0.0222222
32620 0.0222222
22711 0.0222222
22405 0.0222222
21703 0.0222222
19243 0.0222222
18890 0.0222222
17312 0.0222222
15237 0.0222222
15124 0.0222222
14211 0.0222222
14135 0.0222222
13297 0.0222222
12928 0.0222222
12911 0.0222222
11958 0.0222222
11196 0.0222222
10737 0.0222222
6654 0.0222222
5693 0.0222222
5373 0.0222222
3025 0.0222222
38184 0.015625
37923 0.015625
36996 0.015625
35464 0.015625
35048 0.015625
32015 0.015625
31986 0.015625
26011 0.015625
25991 0.015625
22654 0.015625
22526 0.015625
21097 0.015625
20007 0.015625
19666 0.015625
19298 0.015625
19041 0.015625
18834 0.015625
17406 0.015625
14857 0.015625
14221 0.015625
12893 0.015625
12709 0.015625
11945 0.015625
11687 0.015625
11113 0.015625
9553 0.015625
8186 0.015625
7883 0.015625
5511 0.015625
3880 0.015625
3434 0.015625
2838 0.015625
1975 0.015625
1628 0.015625
218 0.015625
40980 0
40979 0
40978 0
40977 0
40976 0
40975 0
40974 0
40973 0
40972 0
40971 0
40970 0
40969 0
40968 0
40967 0
40966 0
40965 0
40964 0
40963 0
40962 0
40961 0
40960 0
40959 0
40958 0
40957 0
40956 0
40955 0
40954 0
40953 0
40952 0
40951 0
40950 0
40949 0
40948 0
40947 0
40946 0
40945 0
40944 0
40943 0
40942 0
40941 0
40940 0
40939 0
40938 0
40937 0
40936 0
40935 0
40934 0
40933 0
40932 0
40931 0
40930 0
40929 0
40928 0
40927 0
40926 0
40925 0
40924 0
40923 0
40922 0
40921 0
40920 0
40919 0
40918 0
40917 0
40916 0
40915 0
40914 0
40913 0
40912 0
40911 0
40910 0
40909 0
40908 0
40907 0
40906 0
40905 0
40904 0
40903 0
40902 0
40901 0
40900 0
40899 0
40898 0
40897 0
40896 0
40895 0
40894 0
40893 0
40892 0
40891 0
40890 0
40889 0
40888 0
40887 0
40886 0
40885 0
40884 0
40883 0
40882 0
40881 0
40880 0
40879 0
40878 0
40877 0
40876 0
40875 0
40874 0
40873 0
40872 0
40871 0
40870 0
40869 0
40868 0
40867 0
40866 0
40865 0
40864 0
40863 0
40862 0
40861 0
40860 0
40859 0
40858 0
40857 0
40856 0
40855 0
40854 0
40853 0
40852 0
40851 0
40850 0
40849 0
40848 0
40847 0
40846 0
40845 0
40844 0
40843 0
40842 0
40841 0
40840 0
40839 0
40838 0
40837 0
40836 0
40835 0
40834 0
40833 0
40832 0
40831 0
40830 0
40828 0
40827 0
40826 0
40825 0
40824 0
40823 0
40822 0
40821 0
40820 0
40819 0
40818 0
40817 0
40816 0
40815 0
40814 0
40813 0
40812 0
40811 0
40810 0
40809 0
40808 0
40807 0
40806 0
40805 0
40804 0
40803 0
40802 0
40801 0
40800 0
40799 0
40798 0
40797 0
40796 0
40795 0
40794 0
40793 0
40792 0
40791 0
40790 0
40789 0
40788 0
40787 0
40786 0
40785 0
40784 0
40783 0
40782 0
40781 0
40780 0
40779 0
40778 0
40777 0
40776 0
40775 0
40774 0
40773 0
40772 0
40771 0
40770 0
40769 0
40768 0
40767 0
40766 0
40765 0
40764 0
40763 0
40762 0
40761 0
40760 0
40759 0
40758 0
40757 0
40756 0
40755 0
40754 0
40753 0
40752 0
40751 0
40750 0
40749 0
40748 0
40747 0
40746 0
40745 0
40744 0
40743 0
40742 0
40741 0
40740 0
40739 0
40738 0
40737 0
40736 0
40735 0
40734 0
40733 0
40732 0
40731 0
40730 0
40729 0
40728 0
40727 0
40726 0
40725 0
40724 0
40723 0
40722 0
40721 0
40720 0
40719 0
40718 0
40717 0
40716 0
40715 0
40714 0
40713 0
40712 0
40711 0
40710 0
40709 0
40708 0
40707 0
40706 0
40705 0
40704 0
40703 0
40702 0
40701 0
40700 0
40699 0
40698 0
40697 0
40696 0
40695 0
40694 0
40693 0
40692 0
40691 0
40690 0
40689 0
40688 0
40687 0
40686 0
40685 0
40684 0
40683 0
40682 0
40681 0
40680 0
40679 0
40678 0
40677 0
40676 0
40675 0
40674 0
40673 0
40672 0
40671 0
40670 0
40669 0
40668 0
40667 0
40666 0
40665 0
40664 0
40663 0
40662 0
40661 0
40660 0
40659 0
40658 0
40657 0
40656 0
40655 0
40654 0
40653 0
40652 0
40651 0
