27799 5.80996
30897 2.48361
7807 2.17526
33706 1.68042
8828 1.52066
21323 1.51206
30847 1.30035
13654 1.16281
26323 1.06478
35766 1.01701
14672 0.935115
16806 0.903541
33477 0.900147
13916 0.889516
26476 0.841207
12569 0.830036
27926 0.789329
40649 0.760775
40890 0.752812
15225 0.741692
14934 0.702302
30793 0.692922
14138 0.691611
17312 0.620783
36400 0.611418
38468 0.57616
14546 0.564298
12449 0.555556
20093 0.516874
35317 0.505418
830 0.483665
23843 0.465592
38864 0.443588
34768 0.433766
4539 0.433766
11804 0.430556
4058 0.412431
21010 0.408482
35223 0.401681
20490 0.398413
2885 0.394972
33377 0.392678
4872 0.374338
24239 0.362875
39960 0.349154
19032 0.336601
35825 0.333333
35813 0.333333
26854 0.333333
21782 0.328789
37374 0.31994
36313 0.31994
33267 0.308173
4486 0.307304
25474 0.307292
16943 0.305167
7536 0.295333
26095 0.293314
12377 0.287604
35346 0.282254
36673 0.277791
556 0.277791
32043 0.271523
15715 0.25885
10210 0.252193
22530 0.251502
21801 0.25
30216 0.24598
7274 0.236874
25659 0.23197
2069 0.228687
18555 0.219479
8237 0.219479
40138 0.218835
33545 0.207292
35065 0.2
34663 0.2
8758 0.2
129 0.2
4296 0.197522
13337 0.19573
5778 0.192459
11243 0.186728
32620 0.181584
39661 0.180928
37546 0.17719
18329 0.173908
3887 0.17381
26928 0.173333
26429 0.173333
27395 0.172864
23446 0.17072
18842 0.169358
34116 0.1685
31589 0.168204
16395 0.167651
7312 0.167356
28434 0.166667
25016 0.166667
22088 0.166667
11113 0.166667
9665 0.166667
4023 0.166667
2122 0.165358
6864 0.164817
11536 0.162391
22313 0.159534
22368 0.158992
16117 0.158992
16745 0.155314
8035 0.152563
5821 0.150314
31140 0.150207
2294 0.149306
36952 0.144379
6654 0.142997
2877 0.142997
24126 0.142857
17317 0.142857
7047 0.142857
16298 0.133556
17785 0.131706
37342 0.129574
2262 0.126706
18520 0.125671
17154 0.125671
15276 0.125154
31723 0.125
9907 0.125
7719 0.125
6172 0.125
2751 0.125
16629 0.123229
25076 0.121181
35265 0.115756
21889 0.115084
39172 0.111488
32688 0.111488
9994 0.111111
3356 0.106101
30665 0.104516
19391 0.104516
39925 0.104286
2221 0.104286
19576 0.104088
38952 0.101751
35082 0.101751
24063 0.1
21338 0.1
13628 0.1
4444 0.1
9309 0.0996299
32607 0.0991978
26084 0.0991978
24678 0.0949857
24400 0.0949857
21217 0.0949857
17277 0.0949857
39583 0.0909091
32034 0.0909091
20286 0.0909091
15665 0.0909091
14569 0.0909091
11559 0.0909091
8437 0.0909091
8224 0.0909091
5292 0.0909091
1410 0.0909091
24596 0.0881293
29270 0.0833333
24728 0.0833333
12952 0.0833333
11768 0.0833333
2520 0.0833333
35734 0.0819223
23218 0.0819223
36661 0.0804298
11863 0.0804298
31495 0.0799024
19899 0.0799024
14943 0.0799024
16076 0.0782954
3940 0.0782954
32536 0.0773113
21757 0.0773113
29640 0.0751877
27033 0.0751877
23468 0.0751877
13081 0.0751877
4467 0.0751877
29145 0.0666999
40476 0.0666667
22083 0.0666667
7937 0.0666667
7852 0.0666667
1228 0.0666386
37597 0.0649171
34835 0.0649171
12289 0.0649171
25791 0.0645235
31553 0.0625
28294 0.0607461
24269 0.0607461
14316 0.0607461
13560 0.0607461
39791 0.0605413
10601 0.0605413
5937 0.0605413
21189 0.0604312
18248 0.0604312
5689 0.0604312
28094 0.0600358
21978 0.0600358
38535 0.0588235
30693 0.0588235
29256 0.0588235
19277 0.0588235
18963 0.0588235
18561 0.0588235
16563 0.0588235
13669 0.0588235
36630 0.0555556
15493 0.0555556
12118 0.0555556
8272 0.0555556
7229 0.0555556
6205 0.0555556
4189 0.0555556
23439 0.0548566
22711 0.0548566
20099 0.0548566
10453 0.0548566
38762 0.0526316
32611 0.0526316
31947 0.0526316
29787 0.0526316
25651 0.0526316
22960 0.0526316
13234 0.0526316
3018 0.0526316
155 0.0526316
40204 0.0517528
36773 0.0517528
35062 0.0517528
8592 0.0517528
28407 0.05
26398 0.05
24368 0.05
13670 0.05
13513 0.05
9484 0.05
6033 0.05
4994 0.05
1973 0.05
2168 0.0476868
39596 0.047619
31151 0.047619
28106 0.047619
19284 0.047619
17250 0.047619
3475 0.0473481
22170 0.0462137
10424 0.0462137
35414 0.0454545
15476 0.0454545
12844 0.0454545
11393 0.0454545
9357 0.0454545
5872 0.0454545
5423 0.0454545
5103 0.0454545
3984 0.0454545
34911 0.0453332
33142 0.0453332
24907 0.0453332
18845 0.0453332
18124 0.0453332
12933 0.0453332
5479 0.0453332
37847 0.0408102
32324 0.0408102
30425 0.0408102
23886 0.0408102
2837 0.0408102
32525 0.0384615
7096 0.0384615
4719 0.0384615
37421 0.0344828
25184 0.0344828
24003 0.0344828
22598 0.0344828
20823 0.0344828
16619 0.0344828
6763 0.0344828
4396 0.0344828
32824 0.0322581
27190 0.0322581
23898 0.0322581
22405 0.0322581
4892 0.0322581
2781 0.0322581
39155 0.0320341
15826 0.0320341
12641 0.0320341
3750 0.0320341
2869 0.0320341
37216 0.0310118
33108 0.0310118
33052 0.0310118
28110 0.0310118
24751 0.0310118
21861 0.0310118
19511 0.0310118
16759 0.0310118
12016 0.0310118
11805 0.0310118
9001 0.0310118
8771 0.0310118
3068 0.0310118
40764 0.0310036
29923 0.0310036
29073 0.0310036
24506 0.0310036
4085 0.0310036
2484 0.0310036
39831 0.0299045
37948 0.0299045
37023 0.0299045
14658 0.0299045
13948 0.0299045
10283 0.0299045
6924 0.0299045
315 0.0299045
39947 0.0285842
37502 0.0285842
37494 0.0285842
33028 0.0285842
30676 0.0285842
29634 0.0285842
29225 0.0285842
27989 0.0285842
27168 0.0285842
22184 0.0285842
16778 0.0285842
15416 0.0285842
14036 0.0285842
11080 0.0285842
6140 0.0285842
1610 0.0285842
938 0.0285842
432 0.0285842
40696 0.0266821
37931 0.0266821
32930 0.0266821
31675 0.0266821
30652 0.0266821
19379 0.0266821
16058 0.0266821
13433 0.0266821
13124 0.0266821
11718 0.0266821
5719 0.0266821
4468 0.0266821
4455 0.0266821
3852 0.0266821
911 0.0266821
36339 0.0243902
28912 0.0243902
25371 0.0243902
17811 0.0243902
14231 0.0243902
11955 0.0243902
1659 0.0243902
38863 0.0238095
36138 0.0238095
34123 0.0238095
27863 0.0238095
27349 0.0238095
24923 0.0238095
22218 0.0238095
20835 0.0238095
12352 0.0238095
11470 0.0238095
8212 0.0238095
4982 0.0238095
170 0.0238095
33175 0.0224128
31858 0.0224128
30636 0.0224128
29875 0.0224128
24972 0.0224128
24790 0.0224128
23732 0.0224128
21703 0.0224128
16504 0.0224128
16424 0.0224128
16025 0.0224128
15029 0.0224128
12922 0.0224128
12766 0.0224128
7145 0.0224128
6859 0.0224128
6518 0.0224128
1326 0.0224128
38271 0.0217391
35193 0.0217391
30112 0.0217391
28198 0.0217391
24137 0.0217391
12541 0.0217391
10668 0.0217391
8497 0.0217391
7921 0.0217391
2731 0.0217391
697 0.0217391
34923 0.0212766
34561 0.0212766
33633 0.0212766
32374 0.0212766
31396 0.0212766
29851 0.0212766
29300 0.0212766
23527 0.0212766
21772 0.0212766
19079 0.0212766
15075 0.0212766
12910 0.0212766
8353 0.0212766
7306 0.0212766
6592 0.0212766
4551 0.0212766
3371 0.0212766
1396 0.0212766
39400 0.0185185
39177 0.0185185
37496 0.0185185
34385 0.0185185
34066 0.0185185
33015 0.0185185
28802 0.0185185
21448 0.0185185
20450 0.0185185
18116 0.0185185
13491 0.0185185
13120 0.0185185
12451 0.0185185
11909 0.0185185
9180 0.0185185
8416 0.0185185
6138 0.0185185
5085 0.0185185
4054 0.0185185
200 0.0185185
38659 0.015625
38414 0.015625
34844 0.015625
29565 0.015625
26971 0.015625
25375 0.015625
23715 0.015625
22997 0.015625
13733 0.015625
7900 0.015625
5852 0.015625
5209 0.015625
828 0.015625
306 0.015625
208 0.015625
39436 0.0136986
34977 0.0136986
34507 0.0136986
33682 0.0136986
30762 0.0136986
29206 0.0136986
22751 0.0136986
22673 0.0136986
19167 0.0136986
19038 0.0136986
17492 0.0136986
16687 0.0136986
15990 0.0136986
15519 0.0136986
12360 0.0136986
11491 0.0136986
9760 0.0136986
8969 0.0136986
2618 0.0136986
1830 0.0136986
448 0.0136986
40618 0.0126582
37070 0.0126582
23689 0.0126582
18997 0.0126582
17035 0.0126582
11714 0.0126582
11626 0.0126582
8016 0.0126582
1966 0.0126582
1355 0.0126582
40383 0.0106383
