38177 4.51152
8532 2.43849
31301 1.7869
24962 1.51658
4406 1.39478
10953 1.14362
28543 1.0605
16550 0.952381
16110 0.73228
15603 0.65
25476 0.642857
33950 0.625689
13307 0.625
32582 0.556294
28804 0.535714
37048 0.522989
5066 0.466667
32763 0.416667
31409 0.401228
10423 0.401228
9362 0.401228
5691 0.401228
3158 0.392857
2838 0.371795
4489 0.333333
2249 0.333333
14040 0.328462
27340 0.305128
1318 0.305128
39907 0.2875
2693 0.278968
11117 0.277632
9807 0.277632
21121 0.25
4932 0.25
7190 0.243819
32885 0.240132
2744 0.226496
37711 0.207857
13602 0.207857
37857 0.2025
38638 0.2
33943 0.2
33769 0.2
27514 0.2
17634 0.2
14466 0.2
11082 0.2
10737 0.2
9274 0.2
24504 0.192832
26259 0.188462
2685 0.188462
40294 0.166667
39319 0.166667
32967 0.166667
32735 0.166667
30043 0.166667
21983 0.166667
20418 0.166667
20377 0.166667
18274 0.166667
14544 0.166667
8580 0.166667
7708 0.166667
5693 0.166667
1975 0.166667
36623 0.142857
34364 0.142857
28904 0.142857
26840 0.142857
26288 0.142857
24454 0.142857
7894 0.142857
5517 0.142857
2982 0.142857
23309 0.125
13765 0.125
12217 0.125
12502 0.122285
38667 0.111111
27077 0.111111
19309 0.111111
18328 0.111111
31990 0.1
31670 0.1
12136 0.1
9557 0.1
8037 0.1
13432 0.0909091
21615 0.0769231
36619 0.0625
18387 0.0625
4859 0.0625
3031 0.0625
36467 0.0588235
35048 0.0588235
34357 0.0588235
26750 0.0588235
23337 0.0588235
19032 0.0588235
3494 0.0588235
1427 0.0588235
36535 0.0526316
31915 0.0526316
30020 0.0526316
18317 0.0526316
18315 0.0526316
17847 0.0526316
15592 0.0526316
12062 0.0526316
8499 0.0526316
5511 0.0526316
40939 0.04
38246 0.04
37381 0.04
37107 0.04
35811 0.04
29814 0.04
24558 0.04
21013 0.04
15707 0.04
11038 0.04
9083 0.04
7801 0.04
6686 0.04
40912 0.0384615
39147 0.0384615
38012 0.0384615
34834 0.0384615
33834 0.0384615
32143 0.0384615
30157 0.0384615
29973 0.0384615
28038 0.0384615
27674 0.0384615
26283 0.0384615
25416 0.0384615
25279 0.0384615
25060 0.0384615
23797 0.0384615
19887 0.0384615
16561 0.0384615
16217 0.0384615
13568 0.0384615
11582 0.0384615
11216 0.0384615
11013 0.0384615
10830 0.0384615
9393 0.0384615
6496 0.0384615
6489 0.0384615
6320 0.0384615
6152 0.0384615
35920 0.025
35732 0.025
30338 0.025
29526 0.025
28320 0.025
28284 0.025
27962 0.025
26614 0.025
26435 0.025
24782 0.025
23687 0.025
18633 0.025
17844 0.025
16535 0.025
12887 0.025
10990 0.025
4493 0.025
3577 0.025
2527 0.025
40980 0
40979 0
40978 0
40977 0
40976 0
40975 0
40974 0
40973 0
40972 0
40971 0
40970 0
40969 0
40968 0
40967 0
40966 0
40965 0
40964 0
40963 0
40962 0
40961 0
40960 0
40959 0
40958 0
40957 0
40956 0
40955 0
40954 0
40953 0
40952 0
40951 0
40950 0
40949 0
40948 0
40947 0
40946 0
40945 0
40944 0
40943 0
40942 0
40941 0
40940 0
40938 0
40937 0
40936 0
40935 0
40934 0
40933 0
40932 0
40931 0
40930 0
40929 0
40928 0
40927 0
40926 0
40925 0
40924 0
40923 0
40922 0
40921 0
40920 0
40919 0
40918 0
40917 0
40916 0
40915 0
40914 0
40913 0
40911 0
40910 0
40909 0
40908 0
40907 0
40906 0
40905 0
40904 0
40903 0
40902 0
40901 0
40900 0
40899 0
40898 0
40897 0
40896 0
40895 0
40894 0
40893 0
40892 0
40891 0
40890 0
40889 0
40888 0
40887 0
40886 0
40885 0
40884 0
40883 0
40882 0
40881 0
40880 0
40879 0
40878 0
40877 0
40876 0
40875 0
40874 0
40873 0
40872 0
40871 0
40870 0
40869 0
40868 0
40867 0
40866 0
40865 0
40864 0
40863 0
40862 0
40861 0
40860 0
40859 0
40858 0
40857 0
40856 0
40855 0
40854 0
40853 0
40852 0
40851 0
40850 0
40849 0
40848 0
40847 0
40846 0
40845 0
40844 0
40843 0
40842 0
40841 0
40840 0
40839 0
40838 0
40837 0
40836 0
40835 0
40834 0
40833 0
40832 0
40831 0
40830 0
40829 0
40828 0
40827 0
40826 0
40825 0
40824 0
40823 0
40822 0
40821 0
40820 0
40819 0
40818 0
40817 0
40816 0
40815 0
40814 0
40813 0
40812 0
40811 0
40810 0
40809 0
40808 0
40807 0
40806 0
40805 0
40804 0
40803 0
40802 0
40801 0
40800 0
40799 0
40798 0
40797 0
40796 0
40795 0
40794 0
40793 0
40792 0
40791 0
40790 0
40789 0
40788 0
40787 0
40786 0
40785 0
40784 0
40783 0
40782 0
40781 0
40780 0
40779 0
40778 0
40777 0
40776 0
40775 0
40774 0
40773 0
40772 0
40771 0
40770 0
40769 0
40768 0
40767 0
40766 0
40765 0
40764 0
40763 0
40762 0
40761 0
40760 0
40759 0
40758 0
40757 0
40756 0
40755 0
40754 0
40753 0
40752 0
40751 0
40750 0
40749 0
40748 0
40747 0
40746 0
40745 0
40744 0
40743 0
40742 0
40741 0
40740 0
40739 0
40738 0
40737 0
40736 0
40735 0
40734 0
40733 0
40732 0
40731 0
40730 0
40729 0
40728 0
40727 0
40726 0
40725 0
40724 0
40723 0
40722 0
40721 0
40720 0
40719 0
40718 0
40717 0
40716 0
40715 0
40714 0
40713 0
40712 0
40711 0
40710 0
40709 0
40708 0
40707 0
40706 0
40705 0
40704 0
40703 0
40702 0
40701 0
40700 0
40699 0
40698 0
40697 0
40696 0
40695 0
40694 0
40693 0
40692 0
40691 0
40690 0
40689 0
40688 0
40687 0
40686 0
40685 0
40684 0
40683 0
40682 0
40681 0
40680 0
40679 0
40678 0
40677 0
40676 0
40675 0
40674 0
40673 0
40672 0
40671 0
40670 0
40669 0
40668 0
40667 0
40666 0
40665 0
40664 0
40663 0
40662 0
40661 0
40660 0
40659 0
40658 0
40657 0
40656 0
40655 0
40654 0
40653 0
40652 0
