29879 34.7889
34956 21.7841
27024 19.3676
37684 9.102
28536 4.72214
31106 4.56501
4942 4.37331
17101 4.21413
33023 3.87187
30463 3.8496
5542 3.66703
15936 3.64921
28776 3.54081
30368 3.44936
39874 3.22032
26408 3.10955
22237 2.96838
36543 2.95
11832 2.54642
26889 2.42063
28237 2.18016
33975 1.75
8766 1.69747
24345 1.67619
6575 1.61071
17566 1.58333
11757 1.57692
10884 1.56667
38219 1.53333
34488 1.53333
40482 1.51667
31919 1.5
6568 1.46674
35197 1.41035
30768 1.40833
18164 1.4
4401 1.38645
23606 1.3848
15932 1.33843
34630 1.33452
37393 1.33095
19918 1.30952
25711 1.27056
32268 1.24015
12043 1.2297
1529 1.18452
37761 1.17227
29662 1.10952
30105 1.09081
2385 1.08258
6811 1.05065
15205 1.03775
29479 1.0249
8722 1
19456 0.975433
18158 0.929167
750 0.916667
11590 0.902778
15915 0.881991
32436 0.877778
38432 0.871784
21693 0.866667
14023 0.866667
4105 0.84537
22244 0.844246
28040 0.833333
24839 0.833333
38325 0.833013
18634 0.819048
38733 0.809524
7023 0.798352
22254 0.783333
18008 0.783333
2737 0.773425
24001 0.766667
9286 0.75
10438 0.75
19398 0.747222
8551 0.741738
28252 0.72619
27304 0.7
12242 0.7
10945 0.7
9960 0.7
40670 0.694444
9832 0.694444
15366 0.693372
38206 0.691468
34779 0.689815
15051 0.685707
37547 0.682969
21642 0.679762
14761 0.671429
28976 0.666667
18450 0.646861
19231 0.642857
16900 0.642857
25519 0.642157
14163 0.638889
11894 0.634816
943 0.633333
36382 0.625
30193 0.625
2477 0.624206
37423 0.619048
14412 0.616667
6455 0.6
7902 0.598333
34641 0.590909
13331 0.584551
24005 0.576923
21015 0.576923
17824 0.57619
12843 0.554167
38617 0.553584
16354 0.55
31065 0.541667
14197 0.540909
2184 0.540324
18779 0.537037
7718 0.535714
39014 0.521429
31612 0.520833
6472 0.516667
34724 0.5
21514 0.483333
28256 0.470596
40722 0.453968
29189 0.453968
24418 0.451923
14457 0.433333
16892 0.43254
17494 0.427778
13726 0.42734
12583 0.42554
6733 0.41978
35612 0.416667
7028 0.41369
29748 0.401681
37283 0.399488
40702 0.391667
19475 0.377778
18079 0.35
12559 0.35
18320 0.349524
9435 0.344444
27754 0.339286
24204 0.338528
10172 0.334499
37251 0.333333
37139 0.333333
35950 0.333333
32486 0.333333
30389 0.333333
30065 0.333333
28594 0.333333
22826 0.333333
22204 0.333333
22151 0.333333
21377 0.333333
20846 0.333333
19886 0.333333
16864 0.333333
12557 0.333333
12117 0.333333
11452 0.333333
10413 0.333333
9763 0.333333
9178 0.333333
5903 0.333333
3114 0.333333
16106 0.329004
11564 0.326923
36729 0.320513
32086 0.314815
40622 0.314286
38868 0.314286
40333 0.310689
1601 0.306818
18928 0.3
33354 0.279412
23630 0.274802
9524 0.274802
24565 0.270803
39905 0.268438
11141 0.268438
26406 0.263095
40867 0.25
40729 0.25
39656 0.25
38950 0.25
38017 0.25
36525 0.25
36275 0.25
36015 0.25
35031 0.25
33428 0.25
29006 0.25
28658 0.25
24873 0.25
24127 0.25
23848 0.25
21631 0.25
19994 0.25
18993 0.25
17357 0.25
17117 0.25
15190 0.25
14656 0.25
10899 0.25
10795 0.25
10754 0.25
9841 0.25
8209 0.25
7171 0.25
6482 0.25
5025 0.25
4329 0.25
1570 0.25
1158 0.25
151 0.25
38124 0.2493
27268 0.247024
18494 0.246983
1956 0.244444
33705 0.240614
36244 0.2
35699 0.2
33335 0.2
33219 0.2
33039 0.2
29002 0.2
25675 0.2
24088 0.2
22566 0.2
22197 0.2
21417 0.2
20924 0.2
20173 0.2
18876 0.2
17027 0.2
11473 0.2
10540 0.2
6376 0.2
3043 0.2
974 0.2
118 0.2
24000 0.175
13982 0.175
24638 0.174542
38884 0.166667
36318 0.166667
35367 0.166667
32638 0.166667
30076 0.166667
27798 0.166667
26665 0.166667
26427 0.166667
24119 0.166667
21303 0.166667
17167 0.166667
17113 0.166667
15831 0.166667
14251 0.166667
9628 0.166667
9120 0.166667
6039 0.166667
5835 0.166667
4920 0.166667
3540 0.166667
3480 0.166667
365 0.166667
21535 0.155556
33188 0.146764
1297 0.143372
40541 0.142857
40515 0.142857
30925 0.142857
28741 0.142857
27084 0.142857
24792 0.142857
23440 0.142857
22281 0.142857
18778 0.142857
18300 0.142857
14200 0.142857
10198 0.142857
7224 0.142857
7137 0.142857
5016 0.142857
2623 0.142857
2587 0.142857
20284 0.1375
40045 0.125
39979 0.125
39203 0.125
29532 0.125
29046 0.125
23798 0.125
23416 0.125
23237 0.125
18227 0.125
18214 0.125
17937 0.125
11754 0.125
8874 0.125
6987 0.125
3306 0.125
3296 0.125
3038 0.125
2115 0.125
922 0.125
37781 0.124483
34570 0.124483
27710 0.124483
15401 0.120238
8950 0.120238
30130 0.116694
23430 0.116694
40664 0.111111
39823 0.111111
35545 0.111111
34839 0.111111
31998 0.111111
30820 0.111111
21419 0.111111
20032 0.111111
18142 0.111111
15250 0.111111
13893 0.111111
7108 0.111111
2698 0.111111
35714 0.1
34506 0.1
27118 0.1
26993 0.1
25931 0.1
23245 0.1
17666 0.1
15939 0.1
15919 0.1
15730 0.1
10351 0.1
35964 0.0972222
40517 0.0909091
27877 0.0909091
40356 0.0833333
38781 0.0833333
38677 0.0833333
38466 0.0833333
32519 0.0833333
22810 0.0833333
19754 0.0833333
13791 0.0833333
6512 0.0833333
2396 0.0833333
35883 0.0803161
18672 0.0803161
39544 0.0769231
38443 0.0769231
35935 0.0769231
34442 0.0769231
34399 0.0769231
29262 0.0769231
28840 0.0769231
25066 0.0769231
24494 0.0769231
23654 0.0769231
23066 0.0769231
11027 0.0769231
6907 0.0769231
2789 0.0769231
2499 0.0769231
959 0.0769231
28043 0.0724673
16170 0.0724673
9679 0.0724673
2780 0.0724673
23424 0.0714286
15128 0.0714286
13310 0.0714286
9261 0.0714286
3208 0.0714286
37604 0.0666667
36009 0.0666667
35557 0.0666667
30041 0.0666667
28224 0.0666667
27202 0.0666667
25935 0.0666667
15650 0.0666667
15114 0.0666667
6723 0.0666667
4294 0.0666667
33128 0.0588235
32380 0.0588235
28894 0.0588235
28700 0.0588235
28338 0.0588235
23595 0.0588235
23580 0.0588235
22471 0.0588235
22013 0.0588235
17676 0.0588235
15437 0.0588235
14571 0.0588235
13687 0.0588235
13544 0.0588235
10408 0.0588235
4124 0.0588235
3584 0.0588235
38449 0.0555556
37737 0.0555556
37161 0.0555556
32585 0.0555556
31967 0.0555556
30088 0.0555556
28751 0.0555556
28317 0.0555556
27575 0.0555556
27287 0.0555556
20698 0.0555556
37623 0.05
36392 0.05
30592 0.05
15444 0.05
14982 0.05
10482 0.05
37280 0.047619
31337 0.047619
30528 0.047619
23651 0.047619
16689 0.047619
11220 0.047619
37600 0.04
21226 0.04
12383 0.04
5478 0.04
23157 0.037037
11174 0.037037
11070 0.037037
7999 0.037037
7156 0.037037
2713 0.037037
40112 0.0344828
34136 0.0344828
30196 0.0344828
27476 0.0344828
24236 0.0344828
24173 0.0344828
20626 0.0344828
36098 0.0294118
34885 0.0294118
32351 0.0294118
31544 0.0294118
23263 0.0294118
17186 0.0294118
14706 0.0294118
13625 0.0294118
11671 0.0294118
7375 0.0294118
34137 0.025
30465 0.025
9703 0.025
7388 0.025
5596 0.025
3894 0.025
469 0.025
30 0.025
39321 0.0222222
31961 0.0222222
30077 0.0222222
25486 0.0222222
22632 0.0222222
20105 0.0222222
19556 0.0222222
18431 0.0222222
11772 0.0222222
7484 0.0222222
6471 0.0222222
5391 0.0222222
5140 0.0222222
2507 0.0222222
1196 0.0222222
484 0.0222222
34783 0.0208333
32561 0.0208333
26603 0.0208333
26204 0.0208333
25859 0.0208333
17308 0.0208333
16363 0.0208333
4460 0.0208333
4364 0.0208333
2448 0.0208333
40980 0
40979 0
40978 0
40977 0
40976 0
