8672 7.92486
33977 6.22702
36612 3.23065
11133 2.72259
4000 2.58984
15628 2.31742
1661 2.06746
24139 1.94862
27846 1.55952
16306 1.31111
19869 1.27778
16249 1.1317
27410 1.10329
3355 1.04434
2246 1.03422
37607 1.02424
26272 1.01772
12100 0.916667
21518 0.895928
11901 0.827537
7652 0.819877
36520 0.816329
7980 0.791667
16652 0.784066
19049 0.775
16628 0.75
16397 0.75
24367 0.72381
34575 0.713251
13040 0.70968
31341 0.7
1547 0.7
3096 0.694444
22823 0.677537
2430 0.658333
27104 0.65
26245 0.644444
28089 0.616667
24492 0.605218
4002 0.58468
2626 0.582599
6538 0.507576
30996 0.507461
24898 0.506944
31301 0.5
38505 0.490909
2913 0.486111
32711 0.461628
2525 0.461628
21896 0.451051
10923 0.414286
12084 0.39196
29632 0.378968
13674 0.378968
10395 0.378968
32334 0.367857
3055 0.367857
239 0.367857
37754 0.333333
30149 0.333333
26519 0.333333
25899 0.333333
23353 0.333333
14336 0.333333
11192 0.333333
7054 0.333333
2469 0.333333
38764 0.322739
13873 0.297342
33170 0.278295
40017 0.25
39035 0.25
35735 0.25
34299 0.25
33616 0.25
26302 0.25
24105 0.25
15881 0.25
7094 0.25
2608 0.25
38727 0.227537
40321 0.2
37322 0.2
35943 0.2
34677 0.2
32466 0.2
25573 0.2
15781 0.2
13211 0.2
12670 0.2
8506 0.2
2920 0.2
1982 0.2
8767 0.173966
8576 0.173966
6612 0.171884
38970 0.166667
37910 0.166667
29889 0.166667
24815 0.166667
12152 0.166667
1251 0.166667
980 0.166667
659 0.166667
15769 0.155218
4435 0.155218
3748 0.155218
36542 0.142857
17274 0.142857
10525 0.142857
1975 0.142857
12 0.142857
34216 0.140795
28526 0.140795
4674 0.140795
35590 0.125
31879 0.125
30141 0.125
18233 0.125
14232 0.125
12346 0.125
10074 0.125
9221 0.125
6762 0.125
6731 0.125
3192 0.125
31509 0.121747
25337 0.121747
20926 0.121747
20273 0.121747
14440 0.121747
10404 0.121747
9665 0.121747
34202 0.111111
28020 0.111111
5255 0.111111
2747 0.111111
37923 0.1
37585 0.1
37240 0.1
31736 0.1
26310 0.1
26102 0.1
26011 0.1
4108 0.1
346 0.1
25268 0.0909091
10623 0.0909091
971 0.0909091
40423 0.0833333
21104 0.0769231
4386 0.0769231
20506 0.0714286
31927 0.0666667
39848 0.0625
21911 0.0625
14940 0.0625
4520 0.0625
1896 0.0625
33501 0.047619
27790 0.047619
23672 0.047619
12115 0.047619
9371 0.047619
40932 0.0116279
36201 0.0116279
35188 0.0116279
34578 0.0116279
32879 0.0116279
32596 0.0116279
32389 0.0116279
32046 0.0116279
31957 0.0116279
31945 0.0116279
29795 0.0116279
28600 0.0116279
27475 0.0116279
27444 0.0116279
25879 0.0116279
24376 0.0116279
23932 0.0116279
22879 0.0116279
20838 0.0116279
19926 0.0116279
18704 0.0116279
18034 0.0116279
17956 0.0116279
17264 0.0116279
17069 0.0116279
16521 0.0116279
15599 0.0116279
15217 0.0116279
12865 0.0116279
12710 0.0116279
12639 0.0116279
11600 0.0116279
10154 0.0116279
9561 0.0116279
6689 0.0116279
5574 0.0116279
5357 0.0116279
1842 0.0116279
1372 0.0116279
1313 0.0116279
40980 0
40979 0
40978 0
40977 0
40976 0
40975 0
40974 0
40973 0
40972 0
40971 0
40970 0
40969 0
40968 0
40967 0
40966 0
40965 0
40964 0
40963 0
40962 0
40961 0
40960 0
40959 0
40958 0
40957 0
40956 0
40955 0
40954 0
40953 0
40952 0
40951 0
40950 0
40949 0
40948 0
40947 0
40946 0
40945 0
40944 0
40943 0
40942 0
40941 0
40940 0
40939 0
40938 0
40937 0
40936 0
40935 0
40934 0
40933 0
40931 0
40930 0
40929 0
40928 0
40927 0
40926 0
40925 0
40924 0
40923 0
40922 0
40921 0
40920 0
40919 0
40918 0
40917 0
40916 0
40915 0
40914 0
40913 0
40912 0
40911 0
40910 0
40909 0
40908 0
40907 0
40906 0
40905 0
40904 0
40903 0
40902 0
40901 0
40900 0
40899 0
40898 0
40897 0
40896 0
40895 0
40894 0
40893 0
40892 0
40891 0
40890 0
40889 0
40888 0
40887 0
40886 0
40885 0
40884 0
40883 0
40882 0
40881 0
40880 0
40879 0
40878 0
40877 0
40876 0
40875 0
40874 0
40873 0
40872 0
40871 0
40870 0
40869 0
40868 0
40867 0
40866 0
40865 0
40864 0
40863 0
40862 0
40861 0
40860 0
40859 0
40858 0
40857 0
40856 0
40855 0
40854 0
40853 0
40852 0
40851 0
40850 0
40849 0
40848 0
40847 0
40846 0
40845 0
40844 0
40843 0
40842 0
40841 0
40840 0
40839 0
40838 0
40837 0
40836 0
40835 0
40834 0
40833 0
40832 0
40831 0
40830 0
40829 0
40828 0
40827 0
40826 0
40825 0
40824 0
40823 0
40822 0
40821 0
40820 0
40819 0
40818 0
40817 0
40816 0
40815 0
40814 0
40813 0
40812 0
40811 0
40810 0
40809 0
40808 0
40807 0
40806 0
40805 0
40804 0
40803 0
40802 0
40801 0
40800 0
40799 0
40798 0
40797 0
40796 0
40795 0
40794 0
40793 0
40792 0
40791 0
40790 0
40789 0
40788 0
40787 0
40786 0
40785 0
40784 0
40783 0
40782 0
40781 0
40780 0
40779 0
40778 0
40777 0
40776 0
40775 0
40774 0
40773 0
40772 0
40771 0
40770 0
40769 0
40768 0
40767 0
40766 0
40765 0
40764 0
40763 0
40762 0
40761 0
40760 0
40759 0
40758 0
40757 0
40756 0
40755 0
40754 0
40753 0
40752 0
40751 0
40750 0
40749 0
40748 0
40747 0
40746 0
40745 0
40744 0
40743 0
40742 0
40741 0
40740 0
40739 0
40738 0
40737 0
40736 0
40735 0
40734 0
40733 0
40732 0
40731 0
40730 0
40729 0
40728 0
40727 0
40726 0
40725 0
40724 0
40723 0
40722 0
40721 0
40720 0
40719 0
40718 0
40717 0
40716 0
40715 0
40714 0
40713 0
40712 0
40711 0
40710 0
40709 0
40708 0
40707 0
40706 0
40705 0
40704 0
40703 0
40702 0
40701 0
40700 0
40699 0
40698 0
40697 0
40696 0
40695 0
40694 0
40693 0
40692 0
40691 0
40690 0
40689 0
40688 0
40687 0
40686 0
40685 0
40684 0
