29934 10.0219
40821 3.05891
32615 2.81321
26800 1.86083
17736 1.52804
34675 1.47997
32577 1.00311
11760 0.854718
12420 0.785186
6974 0.765564
30280 0.701852
13397 0.701852
17499 0.680649
28425 0.59984
28427 0.575
10563 0.574728
1906 0.559524
23692 0.540564
34103 0.53767
38642 0.466667
23515 0.442049
8964 0.442049
18900 0.411829
24066 0.375
6596 0.353968
18763 0.333333
12679 0.333333
32674 0.326923
31107 0.313034
10134 0.304718
2590 0.259483
39557 0.25
36592 0.25
20405 0.25
10923 0.25
8042 0.25
5214 0.25
969 0.25
10365 0.248538
27381 0.242157
12266 0.242157
32141 0.235747
23379 0.235747
15325 0.21267
1674 0.21267
35779 0.209649
27149 0.2
24168 0.2
22710 0.2
22655 0.2
19457 0.2
18169 0.2
17548 0.2
4448 0.2
3076 0.2
1975 0.2
31301 0.197917
17634 0.197917
11100 0.180162
24178 0.170229
657 0.166997
30755 0.166667
13963 0.166667
557 0.15213
30690 0.143963
36675 0.142857
28507 0.142857
15907 0.142857
14214 0.142857
13821 0.142857
9153 0.142857
6277 0.142857
31447 0.125
28456 0.125
23106 0.111111
33866 0.1
26740 0.1
5328 0.1
37924 0.0920485
27529 0.0920485
23227 0.0920485
12388 0.0920485
8397 0.0920485
4104 0.0920485
34495 0.0833333
28680 0.0833333
18104 0.0833333
17057 0.0833333
15603 0.0833333
11305 0.0833333
10117 0.0833333
8672 0.0833333
5693 0.0833333
33629 0.0769231
26723 0.0769231
15023 0.0769231
10185 0.0769231
5675 0.0769231
1902 0.0769231
1028 0.0769231
31310 0.0588235
30721 0.0588235
27906 0.0588235
27546 0.0588235
21571 0.0588235
19291 0.0588235
18357 0.0588235
10629 0.0588235
6842 0.0588235
40397 0.0344828
39834 0.0344828
20483 0.0344828
3936 0.0344828
40017 0.03125
27716 0.03125
22824 0.03125
3096 0.03125
34904 0.0263158
27866 0.0263158
20460 0.0263158
18366 0.0263158
15926 0.0263158
11837 0.0263158
9909 0.0263158
4260 0.0263158
3505 0.0263158
3385 0.0263158
581 0.0263158
40980 0
40979 0
40978 0
40977 0
40976 0
40975 0
40974 0
40973 0
40972 0
40971 0
40970 0
40969 0
40968 0
40967 0
40966 0
40965 0
40964 0
40963 0
40962 0
40961 0
40960 0
40959 0
40958 0
40957 0
40956 0
40955 0
40954 0
40953 0
40952 0
40951 0
40950 0
40949 0
40948 0
40947 0
40946 0
40945 0
40944 0
40943 0
40942 0
40941 0
40940 0
40939 0
40938 0
40937 0
40936 0
40935 0
40934 0
40933 0
40932 0
40931 0
40930 0
40929 0
40928 0
40927 0
40926 0
40925 0
40924 0
40923 0
40922 0
40921 0
40920 0
40919 0
40918 0
40917 0
40916 0
40915 0
40914 0
40913 0
40912 0
40911 0
40910 0
40909 0
40908 0
40907 0
40906 0
40905 0
40904 0
40903 0
40902 0
40901 0
40900 0
40899 0
40898 0
40897 0
40896 0
40895 0
40894 0
40893 0
40892 0
40891 0
40890 0
40889 0
40888 0
40887 0
40886 0
40885 0
40884 0
40883 0
40882 0
40881 0
40880 0
40879 0
40878 0
40877 0
40876 0
40875 0
40874 0
40873 0
40872 0
40871 0
40870 0
40869 0
40868 0
40867 0
40866 0
40865 0
40864 0
40863 0
40862 0
40861 0
40860 0
40859 0
40858 0
40857 0
40856 0
40855 0
40854 0
40853 0
40852 0
40851 0
40850 0
40849 0
40848 0
40847 0
40846 0
40845 0
40844 0
40843 0
40842 0
40841 0
40840 0
40839 0
40838 0
40837 0
40836 0
40835 0
40834 0
40833 0
40832 0
40831 0
40830 0
40829 0
40828 0
40827 0
40826 0
40825 0
40824 0
40823 0
40822 0
40820 0
40819 0
40818 0
40817 0
40816 0
40815 0
40814 0
40813 0
40812 0
40811 0
40810 0
40809 0
40808 0
40807 0
40806 0
40805 0
40804 0
40803 0
40802 0
40801 0
40800 0
40799 0
40798 0
40797 0
40796 0
40795 0
40794 0
40793 0
40792 0
40791 0
40790 0
40789 0
40788 0
40787 0
40786 0
40785 0
40784 0
40783 0
40782 0
40781 0
40780 0
40779 0
40778 0
40777 0
40776 0
40775 0
40774 0
40773 0
40772 0
40771 0
40770 0
40769 0
40768 0
40767 0
40766 0
40765 0
40764 0
40763 0
40762 0
40761 0
40760 0
40759 0
40758 0
40757 0
40756 0
40755 0
40754 0
40753 0
40752 0
40751 0
40750 0
40749 0
40748 0
40747 0
40746 0
40745 0
40744 0
40743 0
40742 0
40741 0
40740 0
40739 0
40738 0
40737 0
40736 0
40735 0
40734 0
40733 0
40732 0
40731 0
40730 0
40729 0
40728 0
40727 0
40726 0
40725 0
40724 0
40723 0
40722 0
40721 0
40720 0
40719 0
40718 0
40717 0
40716 0
40715 0
40714 0
40713 0
40712 0
40711 0
40710 0
40709 0
40708 0
40707 0
40706 0
40705 0
40704 0
40703 0
40702 0
40701 0
40700 0
40699 0
40698 0
40697 0
40696 0
40695 0
40694 0
40693 0
40692 0
40691 0
40690 0
40689 0
40688 0
40687 0
40686 0
40685 0
40684 0
40683 0
40682 0
40681 0
40680 0
40679 0
40678 0
40677 0
40676 0
40675 0
40674 0
40673 0
40672 0
40671 0
40670 0
40669 0
40668 0
40667 0
40666 0
40665 0
40664 0
40663 0
40662 0
40661 0
40660 0
40659 0
40658 0
40657 0
40656 0
40655 0
40654 0
40653 0
40652 0
40651 0
40650 0
40649 0
40648 0
40647 0
40646 0
40645 0
40644 0
40643 0
40642 0
40641 0
40640 0
40639 0
40638 0
40637 0
40636 0
40635 0
40634 0
40633 0
40632 0
40631 0
40630 0
40629 0
40628 0
40627 0
40626 0
40625 0
40624 0
40623 0
40622 0
40621 0
40620 0
40619 0
40618 0
40617 0
40616 0
40615 0
40614 0
40613 0
40612 0
40611 0
40610 0
40609 0
40608 0
