26801 2.20605
25758 1.70669
6188 1.43319
25841 1.37261
70 1.33859
23958 1.26452
39470 1.25312
36497 1.22135
29947 1.06905
7078 1.03881
17095 1.03315
10121 1.01967
37144 0.942857
34842 0.905533
35890 0.808824
39816 0.79146
32227 0.75663
18312 0.750125
835 0.700251
20189 0.672294
9042 0.66676
23880 0.666667
21555 0.621825
11963 0.567102
6521 0.5671
21458 0.473401
17823 0.442857
32404 0.425681
23815 0.404155
4685 0.396825
8728 0.376812
35807 0.361236
8801 0.352201
15947 0.333333
326 0.333333
13320 0.330071
29017 0.32619
31408 0.301988
16382 0.301988
11716 0.301988
19454 0.296221
35233 0.294569
27150 0.294569
37258 0.287068
35973 0.28355
14308 0.274621
297 0.266917
36107 0.25
22332 0.25
21967 0.242857
20261 0.242857
26362 0.234264
4237 0.234264
29927 0.233009
27088 0.233009
14752 0.227778
37239 0.222347
29180 0.222347
23768 0.213256
20499 0.210256
16877 0.207359
32495 0.202427
15447 0.202427
14361 0.2
26330 0.190296
19599 0.182665
3205 0.182665
40857 0.167857
32679 0.167857
30069 0.166667
18696 0.166667
16623 0.166667
11262 0.166667
25493 0.165082
10681 0.151529
39241 0.146324
33788 0.146324
28516 0.146324
899 0.143654
1233 0.142857
1665 0.140727
3533 0.133777
3174 0.131046
37202 0.125
16138 0.124846
38481 0.122691
4357 0.122691
39759 0.115269
37481 0.115269
31590 0.115269
26221 0.115269
23371 0.115269
17832 0.115269
15269 0.115269
5260 0.115269
648 0.111111
17111 0.104714
7956 0.104714
37539 0.1
14019 0.1
9356 0.1
1537 0.1
30311 0.0769231
20514 0.0769231
29696 0.0714286
16993 0.0714286
14675 0.0714286
2224 0.0714286
6295 0.0684988
2506 0.0684988
24349 0.0625
39044 0.0605346
36983 0.0605346
17023 0.0605346
12912 0.0605346
4603 0.0605346
131 0.0605346
20118 0.0588235
16709 0.0588235
37753 0.0526316
32910 0.0526316
38401 0.0513805
33261 0.0513805
30033 0.0513805
29779 0.0513805
28911 0.0513805
26823 0.0513805
23650 0.0513805
18211 0.0513805
16174 0.0513805
12244 0.0513805
3359 0.0513805
2021 0.0513805
37660 0.0501248
30029 0.0501248
20793 0.0501248
17518 0.0501248
16733 0.0501248
13222 0.0501248
4741 0.0501248
21522 0.05
17991 0.05
35522 0.0454545
24491 0.0454545
20770 0.0454545
18475 0.0454545
18074 0.0454545
15745 0.0454545
13724 0.0454545
11336 0.0454545
1837 0.0454545
26434 0.0434783
11307 0.0434783
842 0.0434783
35558 0.025
21717 0.025
1031 0.025
40634 0.0222222
31109 0.0222222
16637 0.0222222
24636 0.0212766
19252 0.0212766
10687 0.0212766
1063 0.0212766
39088 0.0188679
26496 0.0188679
24768 0.0188679
20820 0.0188679
19530 0.0188679
10336 0.0188679
9604 0.0188679
2362 0.0188679
40537 0.0166667
39325 0.0166667
38213 0.0166667
30560 0.0166667
28362 0.0166667
21155 0.0166667
20095 0.0166667
18657 0.0166667
17508 0.0166667
11605 0.0166667
9627 0.0166667
4661 0.0166667
951 0.0166667
40117 0.011236
34117 0.011236
29089 0.011236
28548 0.011236
28365 0.011236
25239 0.011236
21239 0.011236
17944 0.011236
15682 0.011236
15333 0.011236
13590 0.011236
12862 0.011236
11598 0.011236
11538 0.011236
11316 0.011236
10801 0.011236
10429 0.011236
9956 0.011236
9809 0.011236
7650 0.011236
7627 0.011236
6999 0.011236
5031 0.011236
3810 0.011236
3069 0.011236
2109 0.011236
1309 0.011236
40980 0
40979 0
40978 0
40977 0
40976 0
40975 0
40974 0
40973 0
40972 0
40971 0
40970 0
40969 0
40968 0
40967 0
40966 0
40965 0
40964 0
40963 0
40962 0
40961 0
40960 0
40959 0
40958 0
40957 0
40956 0
40955 0
40954 0
40953 0
40952 0
40951 0
40950 0
40949 0
40948 0
40947 0
40946 0
40945 0
40944 0
40943 0
40942 0
40941 0
40940 0
40939 0
40938 0
40937 0
40936 0
40935 0
40934 0
40933 0
40932 0
40931 0
40930 0
40929 0
40928 0
40927 0
40926 0
40925 0
40924 0
40923 0
40922 0
40921 0
40920 0
40919 0
40918 0
40917 0
40916 0
40915 0
40914 0
40913 0
40912 0
40911 0
40910 0
40909 0
40908 0
40907 0
40906 0
40905 0
40904 0
40903 0
40902 0
40901 0
40900 0
40899 0
40898 0
40897 0
40896 0
40895 0
40894 0
40893 0
40892 0
40891 0
40890 0
40889 0
40888 0
40887 0
40886 0
40885 0
40884 0
40883 0
40882 0
40881 0
40880 0
40879 0
40878 0
40877 0
40876 0
40875 0
40874 0
40873 0
40872 0
40871 0
40870 0
40869 0
40868 0
40867 0
40866 0
40865 0
40864 0
40863 0
40862 0
40861 0
40860 0
40859 0
40858 0
40856 0
40855 0
40854 0
40853 0
40852 0
40851 0
40850 0
40849 0
40848 0
40847 0
40846 0
40845 0
40844 0
40843 0
40842 0
40841 0
40840 0
40839 0
40838 0
40837 0
40836 0
40835 0
40834 0
40833 0
40832 0
40831 0
40830 0
40829 0
40828 0
40827 0
40826 0
40825 0
40824 0
40823 0
40822 0
40821 0
40820 0
40819 0
40818 0
40817 0
40816 0
40815 0
40814 0
40813 0
40812 0
40811 0
40810 0
40809 0
40808 0
40807 0
40806 0
40805 0
40804 0
40803 0
40802 0
40801 0
40800 0
40799 0
40798 0
40797 0
40796 0
40795 0
40794 0
40793 0
40792 0
40791 0
40790 0
40789 0
40788 0
40787 0
40786 0
40785 0
40784 0
40783 0
40782 0
40781 0
40780 0
40779 0
40778 0
40777 0
40776 0
40775 0
40774 0
40773 0
40772 0
40771 0
40770 0
40769 0
40768 0
40767 0
40766 0
40765 0
40764 0
40763 0
40762 0
40761 0
40760 0
40759 0
40758 0
40757 0
40756 0
40755 0
40754 0
40753 0
40752 0
40751 0
40750 0
40749 0
40748 0
40747 0
40746 0
40745 0
40744 0
40743 0
40742 0
40741 0
40740 0
40739 0
40738 0
40737 0
40736 0
40735 0
40734 0
40733 0
40732 0
40731 0
40730 0
40729 0
40728 0
40727 0
40726 0
40725 0
40724 0
40723 0
40722 0
40721 0
40720 0
40719 0
40718 0
40717 0
40716 0
40715 0
40714 0
40713 0
40712 0
40711 0
40710 0
40709 0
40708 0
40707 0
40706 0
40705 0
40704 0
40703 0
40702 0
40701 0
40700 0
40699 0
40698 0
40697 0
40696 0
40695 0
40694 0
40693 0
40692 0
