36888 12.9343
704 11.8834
21341 8.89472
12450 8.77817
38354 6.16469
17760 5.85583
26632 4.92856
2269 4.34076
146 3.47469
26129 3.2351
3239 3.19646
19984 3.06117
29352 2.79869
31209 2.75726
37764 2.66328
17951 2.37811
15309 2.35632
21715 2.25207
2771 2.2341
740 2.2278
1264 2.19405
2868 2.18409
172 2.12148
32733 2.05008
28162 1.96033
29127 1.89636
7797 1.87735
9021 1.82434
495 1.81782
39696 1.80678
6185 1.78401
2344 1.71749
19355 1.69933
27507 1.67331
31155 1.66581
2089 1.64783
27882 1.63547
30516 1.56546
37476 1.55648
4755 1.52769
3488 1.51473
31516 1.47936
11428 1.40397
13918 1.38081
18202 1.38001
24413 1.35369
16281 1.33057
37294 1.32779
31559 1.29963
21360 1.26999
27293 1.26409
3014 1.26121
30498 1.21985
39758 1.19195
24827 1.19122
26113 1.17467
1146 1.16198
39655 1.13003
16390 1.05192
9441 1.03576
34084 1.02926
39794 1.02474
13676 1.01489
31647 1.0125
13253 0.971978
26820 0.930989
9167 0.925218
28717 0.916667
23843 0.901795
16837 0.855316
27635 0.851173
2978 0.821981
32783 0.817915
37487 0.815394
28830 0.813443
9705 0.782876
18566 0.767857
18346 0.753064
31373 0.748562
6476 0.737642
30375 0.737152
4855 0.719666
11875 0.708819
16627 0.708226
11703 0.700103
30905 0.699496
8895 0.693435
16455 0.684005
22594 0.683333
25964 0.662618
31973 0.656159
24496 0.642494
27447 0.633279
21699 0.628476
29345 0.613611
30145 0.605186
9814 0.590281
10071 0.580556
22330 0.571429
7146 0.569033
1713 0.558267
38138 0.550868
2260 0.55
5611 0.547262
35800 0.546103
26951 0.535146
3862 0.535104
37153 0.533333
24169 0.524115
19103 0.522169
16562 0.520914
7110 0.520234
29873 0.505964
6405 0.500907
20225 0.496171
39450 0.48954
2967 0.485543
36633 0.484483
9707 0.466352
25127 0.464032
35168 0.46206
9576 0.457288
33701 0.442982
15026 0.435886
26904 0.435714
20804 0.435457
6869 0.430134
40406 0.425679
6883 0.416014
13438 0.412338
40812 0.40621
20429 0.404622
6207 0.40372
23037 0.401469
18745 0.39102
23678 0.384133
27799 0.382857
33636 0.380319
39798 0.37619
16351 0.375
22748 0.373289
39501 0.360256
35329 0.359524
11771 0.347222
40468 0.346561
12332 0.33584
35465 0.333333
15843 0.333333
11758 0.333333
5214 0.333333
20246 0.330646
30544 0.330342
17034 0.328506
26061 0.325786
32005 0.325397
21033 0.322917
14450 0.322917
13181 0.316239
22329 0.302184
17017 0.29816
5713 0.298086
1302 0.298086
35246 0.296823
30651 0.293262
7140 0.2931
24190 0.292499
23666 0.286775
27047 0.280116
13244 0.278203
34226 0.277475
9877 0.277412
33132 0.268478
20806 0.26666
39284 0.263462
1229 0.260714
23995 0.257964
31010 0.257065
7840 0.25511
35470 0.25
34746 0.25
30988 0.25
30846 0.25
28190 0.25
26919 0.25
24825 0.25
24028 0.25
18582 0.25
15564 0.25
14459 0.25
12320 0.25
11246 0.25
10853 0.25
3785 0.25
543 0.25
10733 0.243182
14417 0.240365
3640 0.236633
35639 0.236406
26872 0.236406
33833 0.235165
26691 0.232955
39250 0.232126
1058 0.232126
20482 0.224341
435 0.221739
18638 0.218254
33925 0.217721
37431 0.213882
9057 0.213131
8164 0.212378
18959 0.207143
928 0.203988
25052 0.201121
21710 0.201049
6745 0.200595
37664 0.2
31329 0.2
23791 0.2
23332 0.2
20250 0.2
17241 0.2
14369 0.2
13794 0.2
12871 0.2
9349 0.2
6194 0.2
5068 0.2
27861 0.199733
29605 0.199184
19634 0.197917
1798 0.19515
32798 0.192535
11084 0.192059
28639 0.191667
24277 0.191667
27855 0.19
39810 0.187627
32897 0.182102
4418 0.182066
14050 0.181353
3498 0.179412
14990 0.17756
4400 0.175132
19711 0.174854
5847 0.174431
16510 0.173372
9188 0.170945
5312 0.170229
14093 0.169643
29054 0.166667
19896 0.166667
17242 0.166667
2777 0.166667
4231 0.162745
30519 0.159957
39595 0.155556
12966 0.154884
24942 0.149614
38308 0.145799
3051 0.145799
22398 0.144939
19032 0.144488
18482 0.14359
39886 0.142857
39159 0.142857
35746 0.142857
30437 0.142857
28200 0.142857
23868 0.142857
14625 0.142857
4812 0.142857
2164 0.142857
35764 0.142157
25230 0.133115
28339 0.131768
32064 0.128949
6084 0.128949
2011 0.128517
4463 0.128233
37928 0.127295
32922 0.126564
22828 0.125
13635 0.125
2708 0.125
8753 0.124601
19428 0.123882
22859 0.122829
1702 0.122829
25403 0.119139
15041 0.118462
33283 0.117869
29608 0.117464
31524 0.114068
23406 0.113989
38894 0.113427
11272 0.113427
40671 0.112166
35623 0.111111
33338 0.111111
27559 0.109211
22811 0.106964
10460 0.106262
6180 0.104328
25007 0.104211
17426 0.103535
13710 0.102838
7590 0.102561
1961 0.101823
24547 0.101792
31 0.101421
35477 0.1005
26098 0.1005
20389 0.1005
33926 0.1
32724 0.1
20492 0.1
20463 0.1
19568 0.1
16432 0.1
13260 0.1
13010 0.1
10509 0.1
7831 0.1
6444 0.1
377 0.1
34866 0.0984233
7311 0.0984233
25251 0.0971528
4597 0.0971528
7123 0.0963852
25216 0.0957276
1766 0.0957276
3271 0.0954351
38299 0.0946933
33235 0.0946933
15866 0.0928347
9195 0.0928347
17292 0.0914736
6683 0.0912005
39422 0.0909091
38939 0.0909091
28212 0.0909091
25604 0.0909091
18313 0.0909091
16916 0.0909091
9843 0.0909091
8112 0.0909091
32438 0.0895355
35266 0.0869776
24220 0.0853558
29567 0.0833333
15318 0.0833333
13309 0.0833333
8453 0.0833333
22357 0.0820763
210 0.0820763
35298 0.0769231
34768 0.0769231
14659 0.0769231
6988 0.0769231
2675 0.0769231
2273 0.0769231
1812 0.0769231
620 0.0769231
24564 0.0714286
20097 0.0714286
18504 0.0714286
12249 0.0714286
6824 0.0714286
1421 0.0714286
34039 0.0711709
28308 0.0711709
38961 0.0708104
26839 0.0682131
10195 0.0682131
39801 0.0666667
34088 0.0666667
26844 0.0666667
20027 0.0666667
15999 0.0666667
13194 0.0666667
11309 0.0666667
5913 0.0666667
4783 0.0666667
33842 0.0625
31050 0.0625
22363 0.0625
17380 0.0625
9114 0.0625
1020 0.0625
30899 0.0588235
30710 0.0588235
4706 0.0588235
39116 0.0555556
38718 0.0555556
21745 0.0555556
12676 0.0555556
35867 0.0526316
33957 0.0526316
14536 0.0526316
38472 0.05
10350 0.05
38871 0.047619
35593 0.047619
34354 0.047619
33473 0.047619
28182 0.047619
25258 0.047619
24508 0.047619
24379 0.047619
14557 0.047619
14075 0.047619
9805 0.047619
8049 0.047619
4186 0.047619
2684 0.047619
1689 0.047619
39233 0.0454545
38732 0.0434783
28909 0.0434783
27665 0.0434783
27090 0.0434783
26910 0.0434783
25212 0.0434783
24948 0.0434783
22277 0.0434783
21363 0.0434783
5506 0.0434783
2075 0.0434783
1520 0.0434783
24195 0.04
18558 0.04
10960 0.04
32312 0.0384615
18916 0.0384615
17022 0.0384615
13278 0.0384615
10480 0.0384615
8789 0.0384615
7682 0.0384615
566 0.0384615
36357 0.037037
26469 0.037037
19930 0.037037
19155 0.037037
18078 0.037037
9352 0.037037
38483 0.0357143
38134 0.0357143
30068 0.0357143
29585 0.0357143
29394 0.0357143
22110 0.0357143
18175 0.0357143
15375 0.0357143
13904 0.0357143
10705 0.0357143
5022 0.0357143
3694 0.0357143
202 0.0357143
39089 0.0344828
28413 0.0344828
19275 0.0344828
17418 0.0344828
16722 0.0344828
15132 0.0344828
14147 0.0344828
11238 0.0344828
8536 0.0344828
6073 0.0344828
5670 0.0344828
4010 0.0344828
14492 0.0333333
27189 0.0322581
36699 0.03125
22788 0.03125
13013 0.03125
2139 0.03125
34737 0.030303
34239 0.030303
32161 0.030303
18255 0.030303
13991 0.030303
9772 0.030303
5023 0.030303
3033 0.030303
152 0.030303
38331 0.0294118
36979 0.0294118
30700 0.0294118
29834 0.0294118
29502 0.0294118
23159 0.0294118
23083 0.0294118
19938 0.0294118
14728 0.0294118
13423 0.0294118
7470 0.0294118
3893 0.0294118
3113 0.0294118
