23582 76.0914
37523 73.5884
33352 18.0056
862 13.8906
23843 10.8111
13618 9.86102
22800 9.49352
6160 9.2451
22594 6.68276
9211 5.82519
27799 5.59048
958 5.40464
34768 5.37619
24239 4.53187
21532 4.52662
13635 4.35071
23724 4.34051
15518 4.04448
3936 4.00952
18328 3.83492
21770 3.59918
37245 3.5061
31301 3.45238
19032 3.21905
13654 3.12097
38550 2.97524
14138 2.81905
19943 2.81257
5679 2.73409
11542 2.62619
9233 2.55257
11504 2.53883
10528 2.51429
39702 2.50476
21137 2.29286
6041 2.13571
40890 2.11071
19516 2.05311
35939 1.93167
7672 1.90996
25843 1.80635
5350 1.80544
7068 1.7469
36400 1.67976
10287 1.63639
27933 1.62811
21889 1.61786
36796 1.61667
6262 1.54716
27978 1.50584
39877 1.40317
3096 1.34286
32319 1.32734
16752 1.30913
10923 1.26667
33815 1.24206
23910 1.24205
27926 1.1736
20523 1.16199
1791 1.16014
40915 1.15667
23165 1.0869
21132 1.0522
39791 1.05211
11453 1.04
2953 1
33116 0.99246
8562 0.974603
37937 0.955556
19761 0.940909
2869 0.933766
17312 0.904168
2885 0.904168
23825 0.900256
16639 0.888462
8672 0.866667
40204 0.859524
21341 0.809524
35628 0.80697
27255 0.80697
17921 0.783333
13043 0.783333
20315 0.75
17634 0.72619
16901 0.717816
20167 0.714286
25527 0.675047
32885 0.666667
27714 0.642857
4998 0.642857
1410 0.642857
1975 0.625
38438 0.611111
12273 0.609127
31947 0.604762
5395 0.60119
17583 0.592857
31442 0.591342
35011 0.583333
24591 0.583333
27478 0.575
40109 0.559524
25016 0.559524
14465 0.559524
30793 0.54478
39962 0.544669
23499 0.542857
35766 0.541667
23854 0.539627
12569 0.513889
27514 0.509524
24134 0.491667
2484 0.488095
33290 0.486111
34737 0.47619
29401 0.47619
2964 0.472222
15355 0.466667
32620 0.465666
26775 0.464261
31963 0.461111
24671 0.461111
30980 0.457022
35734 0.447076
34242 0.425
15529 0.397208
21323 0.396078
24753 0.389683
16887 0.388889
18520 0.388889
6140 0.388034
7381 0.386447
33206 0.371721
16440 0.358766
1396 0.357143
26464 0.355556
29391 0.353571
18904 0.353002
11876 0.342857
5645 0.338095
39411 0.333333
37924 0.333333
37711 0.333333
35253 0.333333
31283 0.333333
29875 0.333333
22530 0.333333
18435 0.333333
18428 0.333333
13575 0.333333
6199 0.333333
2604 0.333333
32 0.333333
12328 0.326923
8592 0.321429
34975 0.320238
39554 0.319481
18894 0.315126
26134 0.307479
24678 0.306335
30202 0.288451
38076 0.286988
22405 0.272222
7889 0.258333
4946 0.258333
36899 0.255556
31029 0.255556
25687 0.255556
662 0.254371
35346 0.251634
40443 0.25
39532 0.25
38863 0.25
34275 0.25
29946 0.25
28651 0.25
24825 0.25
18844 0.25
18842 0.25
18099 0.25
14853 0.25
14260 0.25
11182 0.25
10480 0.25
9665 0.25
9442 0.25
9137 0.25
8412 0.25
7572 0.25
7430 0.25
6793 0.25
4881 0.25
1313 0.25
186 0.25
35063 0.243478
6992 0.243478
36952 0.233333
17154 0.233333
22184 0.230409
34658 0.215909
13508 0.200256
7 0.200256
39393 0.2
39043 0.2
37888 0.2
37027 0.2
36779 0.2
34825 0.2
32698 0.2
32572 0.2
32271 0.2
32202 0.2
31964 0.2
31537 0.2
27865 0.2
26946 0.2
26546 0.2
26445 0.2
25614 0.2
22041 0.2
21005 0.2
19340 0.2
19328 0.2
17273 0.2
16817 0.2
16250 0.2
15255 0.2
14015 0.2
13382 0.2
10147 0.2
9389 0.2
7895 0.2
7076 0.2
5821 0.2
4923 0.2
2786 0.2
994 0.2
13109 0.191943
5982 0.191943
4676 0.191943
8432 0.173352
37374 0.166667
37158 0.166667
34268 0.166667
33664 0.166667
30847 0.166667
30377 0.166667
28246 0.166667
27190 0.166667
26069 0.166667
25868 0.166667
25304 0.166667
22382 0.166667
20563 0.166667
18609 0.166667
18329 0.166667
17943 0.166667
14903 0.166667
14879 0.166667
13196 0.166667
12949 0.166667
12203 0.166667
4991 0.166667
4876 0.166667
2458 0.166667
987 0.166667
878 0.166667
550 0.166667
830 0.158187
40662 0.142857
39028 0.142857
38577 0.142857
36313 0.142857
33585 0.142857
30356 0.142857
29297 0.142857
28988 0.142857
28778 0.142857
28334 0.142857
26088 0.142857
24790 0.142857
22402 0.142857
22228 0.142857
21009 0.142857
20417 0.142857
17945 0.142857
17860 0.142857
16833 0.142857
16394 0.142857
16233 0.142857
15868 0.142857
14789 0.142857
11758 0.142857
11113 0.142857
10283 0.142857
7807 0.142857
6382 0.142857
5730 0.142857
4982 0.142857
3798 0.142857
1659 0.142857
1125 0.142857
468 0.142857
350 0.142857
52 0.142857
35825 0.125
34116 0.125
31586 0.125
30387 0.125
21348 0.125
16947 0.125
6323 0.125
2686 0.125
40393 0.111111
39371 0.111111
38810 0.111111
33666 0.111111
33529 0.111111
30505 0.111111
29634 0.111111
26609 0.111111
19821 0.111111
18879 0.111111
14546 0.111111
13879 0.111111
13097 0.111111
11881 0.111111
10257 0.111111
9121 0.111111
7568 0.111111
5878 0.111111
865 0.111111
29501 0.103889
19098 0.103054
36862 0.102356
29831 0.102356
24613 0.102356
22339 0.102356
21225 0.102356
18551 0.102356
53 0.102356
31580 0.1
29077 0.1
17359 0.1
31800 0.0909091
27168 0.0909091
26832 0.0909091
21757 0.0909091
15416 0.0909091
13355 0.0909091
2574 0.0909091
28819 0.0833333
8570 0.0833333
39951 0.0769231
35778 0.0769231
35265 0.0769231
26750 0.0769231
26206 0.0769231
25763 0.0769231
22388 0.0769231
20333 0.0769231
16195 0.0769231
14548 0.0769231
12692 0.0769231
9822 0.0769231
8186 0.0769231
5937 0.0769231
5655 0.0769231
4405 0.0769231
3880 0.0769231
2712 0.0769231
432 0.0769231
35684 0.0757937
31854 0.0757937
24843 0.0757937
21304 0.0757937
12728 0.0757937
11248 0.0757937
34561 0.0714286
34114 0.0714286
32552 0.0714286
28094 0.0714286
27033 0.0714286
19870 0.0714286
4551 0.0714286
4112 0.0714286
3887 0.0714286
1965 0.0714286
428 0.0714286
34965 0.0666667
33267 0.0666667
35317 0.0555556
18248 0.0555556
13916 0.0555556
10210 0.0555556
36673 0.0526316
35947 0.0526316
30735 0.0526316
30209 0.0526316
1610 0.0526316
39383 0.05
34123 0.05
25073 0.05
24596 0.05
23898 0.05
16390 0.05
16298 0.05
6592 0.05
3356 0.05
35587 0.047619
32222 0.047619
31771 0.047619
28281 0.047619
25301 0.047619
25283 0.047619
22065 0.047619
21040 0.047619
18978 0.047619
18524 0.047619
18238 0.047619
15764 0.047619
6181 0.047619
3869 0.047619
3237 0.047619
37778 0.0434783
34664 0.0434783
28599 0.0434783
26202 0.0434783
22875 0.0434783
22139 0.0434783
19391 0.0434783
12766 0.0434783
12393 0.0434783
6863 0.0434783
38985 0.0416667
39856 0.04
38007 0.04
37662 0.04
36892 0.04
36852 0.04
30117 0.04
28552 0.04
26060 0.04
25014 0.04
23061 0.04
16379 0.04
10004 0.04
6651 0.04
5833 0.04
4648 0.04
4236 0.04
3805 0.04
2995 0.04
33375 0.0384615
33121 0.0384615
25579 0.0384615
25455 0.0384615
23517 0.0384615
23043 0.0384615
8601 0.0384615
5141 0.0384615
401 0.0384615
40747 0.0333333
38570 0.0333333
35803 0.0333333
28681 0.0333333
25160 0.0333333
18442 0.0333333
14243 0.0333333
14161 0.0333333
12772 0.0333333
9197 0.0333333
39947 0.0294118
31914 0.0294118
31318 0.0294118
30676 0.0294118
27989 0.0294118
22711 0.0294118
21782 0.0294118
16504 0.0294118
16395 0.0294118
12830 0.0294118
11080 0.0294118
6654 0.0294118
110 0.0294118
14327 0.0285714
2452 0.0285714
39429 0.025
33603 0.025
31471 0.025
14303 0.025
9108 0.025
35533 0.0222222
34812 0.0222222
27874 0.0222222
17809 0.0222222
13386 0.0222222
10374 0.0222222
7653 0.0222222
2216 0.0222222
