13043 5.75294
15651 3.35091
8465 2.84609
26455 2.12191
8027 1.82803
7320 1.18847
1353 1.1375
12758 0.95
20320 0.930159
29143 0.910437
8168 0.902778
26187 0.891342
2128 0.886742
10361 0.829257
5102 0.749679
27799 0.745058
28998 0.7
22594 0.697751
13221 0.682713
18986 0.606144
9081 0.561223
37924 0.533333
32229 0.516228
30858 0.485714
40032 0.472222
33690 0.44359
33033 0.433268
29432 0.433268
24028 0.433268
20350 0.433268
20106 0.433268
15400 0.42619
39015 0.422222
39050 0.41978
4259 0.411725
24916 0.400433
16878 0.382857
12802 0.353409
36395 0.333333
7864 0.333333
14886 0.333009
31413 0.313312
39606 0.307263
16131 0.299423
13254 0.299423
9003 0.293968
5214 0.292857
11701 0.291667
27481 0.278409
23722 0.278409
10227 0.271645
2478 0.25
40103 0.247475
21919 0.247475
4875 0.247475
37877 0.234444
38527 0.227201
30866 0.224303
8637 0.224303
7838 0.224303
18467 0.223748
12381 0.205711
4288 0.205711
38535 0.2
2335 0.2
18946 0.195791
2263 0.194979
36480 0.176364
8399 0.176364
24746 0.166667
22454 0.166667
15991 0.166667
12742 0.166667
11868 0.166667
9547 0.166667
9214 0.166667
6269 0.166667
1532 0.166667
595 0.166667
40795 0.162378
40166 0.162378
13478 0.15377
35423 0.142857
34566 0.142857
24208 0.142857
19835 0.142857
17312 0.142857
15490 0.142857
8206 0.142857
6590 0.142857
28439 0.14109
26734 0.14109
13305 0.14109
2661 0.14109
746 0.14109
27643 0.138095
28519 0.13697
26116 0.13697
6757 0.13697
40179 0.13127
27152 0.13127
18328 0.125
11453 0.125
8672 0.125
35848 0.119878
17309 0.119878
16016 0.111111
15034 0.111111
14329 0.111111
12818 0.111111
3671 0.111111
29913 0.1
29679 0.1
19171 0.1
4804 0.1
39406 0.0916192
37628 0.0916192
37117 0.0916192
34650 0.0916192
29162 0.0916192
19436 0.0916192
11906 0.0916192
10987 0.0916192
6483 0.0916192
4563 0.0916192
34321 0.0909091
29558 0.0909091
16318 0.0909091
8517 0.0909091
3281 0.0909091
40152 0.0848852
36281 0.0848852
30036 0.0848852
18767 0.0848852
10246 0.0848852
5613 0.0848852
1370 0.0848852
23843 0.0833333
2885 0.0833333
26638 0.0769231
19127 0.0769231
16009 0.0769231
10965 0.0769231
30934 0.0625
24244 0.0625
14429 0.0625
23956 0.0555556
15465 0.0555556
4895 0.0555556
35726 0.0454545
34612 0.0454545
34279 0.0454545
32273 0.0454545
32061 0.0454545
27766 0.0454545
21892 0.0454545
19945 0.0454545
18503 0.0454545
17368 0.0454545
14806 0.0454545
11796 0.0454545
11253 0.0454545
2080 0.0454545
1818 0.0454545
38386 0.04
35205 0.04
32439 0.04
32079 0.04
31873 0.04
20592 0.04
16917 0.04
1736 0.04
40429 0.037037
26722 0.0357143
21629 0.0357143
35484 0.030303
29174 0.030303
28293 0.030303
19513 0.030303
18201 0.030303
15179 0.030303
2973 0.030303
35165 0.0188679
28552 0.0188679
21678 0.0188679
12283 0.0188679
10950 0.0188679
8596 0.0188679
40980 0
40979 0
40978 0
40977 0
40976 0
40975 0
40974 0
40973 0
40972 0
40971 0
40970 0
40969 0
40968 0
40967 0
40966 0
40965 0
40964 0
40963 0
40962 0
40961 0
40960 0
40959 0
40958 0
40957 0
40956 0
40955 0
40954 0
40953 0
40952 0
40951 0
40950 0
40949 0
40948 0
40947 0
40946 0
40945 0
40944 0
40943 0
40942 0
40941 0
40940 0
40939 0
40938 0
40937 0
40936 0
40935 0
40934 0
40933 0
40932 0
40931 0
40930 0
40929 0
40928 0
40927 0
40926 0
40925 0
40924 0
40923 0
40922 0
40921 0
40920 0
40919 0
40918 0
40917 0
40916 0
40915 0
40914 0
40913 0
40912 0
40911 0
40910 0
40909 0
40908 0
40907 0
40906 0
40905 0
40904 0
40903 0
40902 0
40901 0
40900 0
40899 0
40898 0
40897 0
40896 0
40895 0
40894 0
40893 0
40892 0
40891 0
40890 0
40889 0
40888 0
40887 0
40886 0
40885 0
40884 0
40883 0
40882 0
40881 0
40880 0
40879 0
40878 0
40877 0
40876 0
40875 0
40874 0
40873 0
40872 0
40871 0
40870 0
40869 0
40868 0
40867 0
40866 0
40865 0
40864 0
40863 0
40862 0
40861 0
40860 0
40859 0
40858 0
40857 0
40856 0
40855 0
40854 0
40853 0
40852 0
40851 0
40850 0
40849 0
40848 0
40847 0
40846 0
40845 0
40844 0
40843 0
40842 0
40841 0
40840 0
40839 0
40838 0
40837 0
40836 0
40835 0
40834 0
40833 0
40832 0
40831 0
40830 0
40829 0
40828 0
40827 0
40826 0
40825 0
40824 0
40823 0
40822 0
40821 0
40820 0
40819 0
40818 0
40817 0
40816 0
40815 0
40814 0
40813 0
40812 0
40811 0
40810 0
40809 0
40808 0
40807 0
40806 0
40805 0
40804 0
40803 0
40802 0
40801 0
40800 0
40799 0
40798 0
40797 0
40796 0
40794 0
40793 0
40792 0
40791 0
40790 0
40789 0
40788 0
40787 0
40786 0
40785 0
40784 0
40783 0
40782 0
40781 0
40780 0
40779 0
40778 0
40777 0
40776 0
40775 0
40774 0
40773 0
40772 0
40771 0
40770 0
40769 0
40768 0
40767 0
40766 0
40765 0
40764 0
40763 0
40762 0
40761 0
40760 0
40759 0
40758 0
40757 0
40756 0
40755 0
40754 0
40753 0
40752 0
40751 0
40750 0
40749 0
40748 0
40747 0
40746 0
40745 0
40744 0
40743 0
40742 0
40741 0
40740 0
40739 0
40738 0
40737 0
40736 0
40735 0
40734 0
40733 0
40732 0
40731 0
40730 0
40729 0
40728 0
40727 0
40726 0
40725 0
40724 0
40723 0
40722 0
40721 0
40720 0
40719 0
40718 0
40717 0
40716 0
40715 0
40714 0
40713 0
40712 0
40711 0
40710 0
40709 0
40708 0
40707 0
40706 0
40705 0
40704 0
40703 0
40702 0
40701 0
40700 0
40699 0
40698 0
40697 0
40696 0
40695 0
40694 0
40693 0
40692 0
40691 0
40690 0
40689 0
40688 0
40687 0
40686 0
40685 0
40684 0
40683 0
40682 0
40681 0
40680 0
40679 0
40678 0
40677 0
40676 0
40675 0
40674 0
40673 0
40672 0
40671 0
40670 0
40669 0
40668 0
