8672 59.3947
4878 21.61
4520 9.10832
16652 8.42663
36734 7.65788
31301 6.53889
27410 5.90704
26272 5.12396
11142 4.9045
13211 4.42743
38151 4.36265
30996 3.75845
31927 3.6131
37910 3.46433
19032 3.31073
31879 3.08616
30141 3.06647
25584 3
19839 2.9273
479 2.8787
10923 2.82452
18830 2.47173
10404 2.47173
22594 2.44167
6314 2.41543
38902 2.27399
14440 2.22144
3936 2.18595
8851 2.12681
31348 1.99965
38002 1.90565
12824 1.88889
18034 1.78741
34847 1.728
30854 1.72619
25054 1.71037
27475 1.68823
4814 1.61844
2430 1.48333
26287 1.47491
17231 1.41879
35785 1.4
7054 1.36026
17301 1.34608
8027 1.28333
35696 1.25278
34346 1.24583
29372 1.22857
27846 1.22222
4386 1.19545
2859 1.18333
6176 1.103
39695 1.09952
35138 1.07424
36035 1.0724
21746 1.02989
27799 1.02109
22377 1.00418
14941 1
17300 0.991184
28011 0.969167
11192 0.916667
2665 0.910689
6870 0.872024
32933 0.866667
31945 0.866667
24815 0.81787
21172 0.797024
14593 0.791667
27790 0.790479
33977 0.783333
24825 0.770067
13775 0.769877
33829 0.765476
23721 0.764113
23801 0.760833
2435 0.75
5540 0.75
33007 0.732627
52 0.72601
15712 0.714907
39604 0.714866
13048 0.713554
2158 0.703704
23843 0.7
22690 0.7
18328 0.7
3600 0.7
40728 0.694444
9561 0.676544
27926 0.676129
19350 0.670067
11133 0.666667
36818 0.660544
3355 0.652036
7980 0.65
17403 0.645833
11677 0.638492
15595 0.6275
7968 0.62488
34299 0.619048
11314 0.616667
29720 0.611204
16055 0.611204
40423 0.611111
13366 0.608835
1485 0.583835
25280 0.577424
20559 0.566667
26779 0.566499
39287 0.530515
37471 0.519231
1882 0.516667
12115 0.514719
6262 0.5
29136 0.493437
15400 0.49
18327 0.485808
34665 0.466667
26017 0.466667
28089 0.45974
24367 0.456128
30874 0.439192
24492 0.438312
19793 0.436335
20479 0.434174
32648 0.433824
22402 0.421604
26245 0.419935
34167 0.415909
22758 0.395238
9138 0.393478
22879 0.382576
939 0.382576
33877 0.380952
32620 0.36859
35735 0.3625
15155 0.353911
543 0.344538
24732 0.340909
22778 0.333333
21579 0.333333
39682 0.333333
39343 0.333333
37240 0.333333
37130 0.333333
35631 0.333333
34263 0.333333
33430 0.333333
33078 0.333333
32885 0.333333
29934 0.333333
29707 0.333333
29430 0.333333
28656 0.333333
27422 0.333333
26163 0.333333
23582 0.333333
23014 0.333333
22392 0.333333
21347 0.333333
20540 0.333333
20167 0.333333
19801 0.333333
19566 0.333333
18886 0.333333
17083 0.333333
10523 0.333333
10395 0.333333
9442 0.333333
9014 0.333333
7729 0.333333
7611 0.333333
7094 0.333333
6909 0.333333
4341 0.333333
4111 0.333333
2401 0.333333
1547 0.333333
1435 0.333333
878 0.333333
40435 0.326923
31894 0.325544
14940 0.315591
40092 0.312261
25557 0.303704
13674 0.297447
35903 0.291667
12894 0.291667
15603 0.288889
24505 0.273352
35794 0.273109
3193 0.27289
14952 0.272024
32323 0.257576
40416 0.254062
40017 0.25
39684 0.25
39304 0.25
37924 0.25
37706 0.25
37406 0.25
36289 0.25
32857 0.25
32202 0.25
31789 0.25
31219 0.25
28309 0.25
27144 0.25
27062 0.25
26957 0.25
26222 0.25
26220 0.25
26011 0.25
24049 0.25
23353 0.25
21491 0.25
21199 0.25
13656 0.25
12300 0.25
11300 0.25
8335 0.25
7290 0.25
5748 0.25
4127 0.25
4041 0.25
26112 0.248333
22699 0.24537
39585 0.242857
9622 0.236601
3791 0.234499
12349 0.231746
7525 0.229721
40657 0.220455
1887 0.217723
22711 0.21267
2885 0.21267
36963 0.210897
33362 0.210897
4785 0.205566
2747 0.205566
27816 0.201149
39157 0.2
37711 0.2
36769 0.2
36542 0.2
35462 0.2
34768 0.2
33760 0.2
32760 0.2
31780 0.2
28632 0.2
27031 0.2
25477 0.2
24812 0.2
21151 0.2
21128 0.2
20966 0.2
20778 0.2
20205 0.2
16249 0.2
15592 0.2
15544 0.2
14913 0.2
14402 0.2
13043 0.2
8186 0.2
7708 0.2
5988 0.2
3491 0.2
3447 0.2
29632 0.196887
39947 0.191749
35346 0.191749
30676 0.191749
27989 0.191749
11080 0.191749
110 0.191749
3325 0.188895
19001 0.184483
40327 0.166667
37556 0.166667
36558 0.166667
35185 0.166667
32441 0.166667
31508 0.166667
29997 0.166667
28357 0.166667
26395 0.166667
23724 0.166667
21978 0.166667
20943 0.166667
19812 0.166667
18848 0.166667
17881 0.166667
17069 0.166667
16522 0.166667
15769 0.166667
14949 0.166667
14713 0.166667
11947 0.166667
8971 0.166667
4405 0.166667
4046 0.166667
3833 0.166667
2920 0.166667
1006 0.166667
39904 0.146604
16191 0.146078
40469 0.142857
40263 0.142857
39863 0.142857
39306 0.142857
38949 0.142857
38638 0.142857
38063 0.142857
31380 0.142857
29680 0.142857
27963 0.142857
26201 0.142857
25899 0.142857
25074 0.142857
16853 0.142857
3185 0.142857
2560 0.142857
19579 0.133694
38487 0.125
34870 0.125
34433 0.125
23091 0.125
19674 0.125
19654 0.125
16578 0.125
15976 0.125
13261 0.125
11349 0.125
10005 0.125
9689 0.125
8585 0.125
8198 0.125
2209 0.125
1697 0.125
42 0.125
34301 0.122182
15133 0.122182
20581 0.11596
37755 0.112172
31730 0.112172
22207 0.112172
36612 0.111111
32765 0.111111
31907 0.111111
31068 0.111111
30142 0.111111
28169 0.111111
25845 0.111111
24335 0.111111
20506 0.111111
18270 0.111111
17687 0.111111
16528 0.111111
16161 0.111111
14002 0.111111
12656 0.111111
9665 0.111111
8865 0.111111
5045 0.111111
4382 0.111111
4001 0.111111
2647 0.111111
1559 0.111111
363 0.111111
186 0.111111
29743 0.109179
38998 0.1
35248 0.1
34677 0.1
30809 0.1
26622 0.1
12730 0.1
12510 0.1
3112 0.1
39102 0.0938768
35691 0.0938768
32494 0.0938768
14067 0.0938768
11054 0.0938768
8373 0.0938768
5693 0.0938768
34490 0.0909091
21911 0.0909091
19198 0.0909091
17264 0.0909091
15416 0.0909091
4287 0.0909091
1313 0.0909091
369 0.0909091
27804 0.0833333
17866 0.0833333
17695 0.0833333
10935 0.0833333
10135 0.0833333
39791 0.0769231
36952 0.0769231
35734 0.0769231
33267 0.0769231
30793 0.0769231
29077 0.0769231
26084 0.0769231
23108 0.0769231
17312 0.0769231
9285 0.0769231
8242 0.0769231
2869 0.0769231
877 0.0769231
401 0.0769231
39533 0.0714286
29904 0.0714286
29759 0.0714286
22184 0.0714286
20973 0.0714286
10359 0.0714286
31138 0.0666667
29889 0.0666667
29613 0.0666667
28318 0.0666667
26034 0.0666667
25573 0.0666667
19842 0.0666667
14277 0.0666667
13954 0.0666667
7977 0.0666667
7612 0.0666667
6293 0.0666667
3994 0.0666667
3482 0.0666667
2857 0.0666667
35670 0.0625
33547 0.0625
31230 0.0625
27788 0.0625
27757 0.0625
18965 0.0625
16739 0.0625
4395 0.0625
1251 0.0625
971 0.0625
39962 0.0588235
33623 0.0588235
29870 0.0588235
26792 0.0588235
21888 0.0588235
20624 0.0588235
12085 0.0588235
8122 0.0588235
33709 0.05
35627 0.047619
29795 0.0454545
28148 0.0454545
26310 0.0454545
14213 0.0454545
10357 0.0454545
6970 0.0454545
919 0.0454545
36060 0.0434783
35767 0.0434783
34406 0.0434783
34216 0.0434783
33310 0.0434783
30746 0.0434783
26940 0.0434783
25945 0.0434783
24112 0.0434783
19609 0.0434783
19360 0.0434783
17152 0.0434783
16640 0.0434783
15881 0.0434783
12152 0.0434783
11964 0.0434783
10521 0.0434783
7958 0.0434783
4674 0.0434783
1661 0.0434783
35590 0.0416667
34946 0.0416667
34320 0.0416667
17550 0.0416667
13368 0.0416667
39916 0.04
39234 0.04
38711 0.04
32229 0.04
32207 0.04
31509 0.04
30903 0.04
29993 0.04
24414 0.04
24028 0.04
22387 0.04
