31301 18.1822
17634 8.11361
26750 4.70152
14615 4.31583
23539 3.63812
25413 3.53641
7708 3.15721
32902 2.56783
15643 2.3435
14544 2.2235
8672 2.03837
919 1.62516
21771 1.62405
10009 1.62373
28630 1.62302
774 1.60806
31849 1.53292
18655 1.48302
4405 1.47194
28450 1.37063
11465 1.3186
19173 1.2193
27514 1.19348
40294 1.18333
5693 1.14149
3260 1.13529
13646 1.13461
40364 1.07917
23402 1.07645
5863 1.05952
39354 1.03571
9795 0.96962
8955 0.963492
22890 0.940079
12885 0.936555
31662 0.919408
32975 0.919048
4536 0.867381
4943 0.804278
13256 0.783333
20998 0.779816
7691 0.768189
11075 0.736226
33860 0.729167
23059 0.722222
36051 0.702401
34768 0.7
12431 0.7
3880 0.7
26401 0.680745
34920 0.67619
13795 0.660288
39616 0.639922
16982 0.636833
8589 0.628696
26054 0.62507
25902 0.616667
18614 0.616667
16310 0.616667
8508 0.604443
4050 0.592857
32921 0.592157
23987 0.571753
33664 0.566667
52 0.562055
1427 0.55216
3648 0.540909
20407 0.527778
26088 0.522689
40661 0.507202
10760 0.488095
10131 0.476447
6823 0.46978
128 0.446429
29997 0.438959
3600 0.438959
31930 0.42619
7880 0.42549
32021 0.422222
36623 0.398491
3075 0.392857
27915 0.383403
12243 0.375
33944 0.373333
19032 0.368491
39582 0.36036
10219 0.348214
29741 0.345833
37529 0.344298
36810 0.333333
17075 0.333333
2786 0.333333
22990 0.333332
34495 0.323424
14394 0.312888
5355 0.310036
40078 0.305556
4970 0.305556
12176 0.299107
14920 0.294884
39191 0.291737
21097 0.291737
18890 0.286335
2633 0.26955
18934 0.268369
37940 0.265979
5373 0.258403
28319 0.25
16404 0.25
16120 0.25
2536 0.25
36208 0.247619
40534 0.241973
363 0.241973
31986 0.238009
10602 0.238009
3863 0.238009
34673 0.233333
7284 0.228788
12271 0.216667
14172 0.215385
23714 0.207576
2249 0.20202
38037 0.2
33078 0.2
27799 0.2
27600 0.2
24825 0.2
23967 0.2
23498 0.2
22518 0.2
22166 0.2
18770 0.2
18332 0.2
18209 0.2
17341 0.2
16488 0.2
11706 0.2
11373 0.2
10880 0.2
4820 0.2
4375 0.2
3447 0.2
14311 0.194788
22583 0.192055
28033 0.176984
27994 0.17286
38662 0.166667
35752 0.166667
29629 0.166667
24783 0.166667
23658 0.166667
18721 0.166667
13907 0.166667
5723 0.166667
7928 0.165916
5728 0.165916
24803 0.160839
11460 0.158173
29032 0.157051
22422 0.154701
23742 0.151569
27512 0.147292
28508 0.145629
24700 0.145629
2007 0.145629
40022 0.142857
33650 0.142857
28875 0.142857
28382 0.142857
13990 0.142857
13757 0.142857
12502 0.142857
7996 0.142857
3938 0.142857
3856 0.142857
3742 0.142857
27886 0.134298
40888 0.125
32683 0.125
31426 0.125
29651 0.125
29474 0.125
28917 0.125
13935 0.125
11956 0.125
10641 0.125
5347 0.125
4851 0.125
4811 0.125
2712 0.117215
29746 0.111111
28722 0.111111
11608 0.111111
10929 0.111111
8650 0.111111
37637 0.106022
3363 0.102632
2867 0.102632
40883 0.1
40487 0.1
39731 0.1
37176 0.1
33825 0.1
15237 0.1
26159 0.0964881
19295 0.0964881
14565 0.0964881
12490 0.0964881
11615 0.0964881
38832 0.0909091
30632 0.0909091
29970 0.0909091
27951 0.0909091
27163 0.0909091
22465 0.0909091
21457 0.0909091
20979 0.0909091
15280 0.0909091
13881 0.0909091
12149 0.0909091
9362 0.0909091
8274 0.0909091
5879 0.0909091
1683 0.0909091
1267 0.0909091
9002 0.0906614
7024 0.0906614
39112 0.0833333
37163 0.0833333
36991 0.0833333
36734 0.0833333
33341 0.0833333
31505 0.0833333
27762 0.0833333
27624 0.0833333
24335 0.0833333
22502 0.0833333
16791 0.0833333
13633 0.0833333
12709 0.0833333
11179 0.0833333
10315 0.0833333
9831 0.0833333
1259 0.0833333
34120 0.0769231
32713 0.0769231
26361 0.0769231
15446 0.0769231
9019 0.0769231
29360 0.0714286
16710 0.0714286
12574 0.0714286
40615 0.0674311
30043 0.0674311
27892 0.0674311
18804 0.0674311
15095 0.0666667
13762 0.0666667
34963 0.0639589
30320 0.0639589
18328 0.0639589
15515 0.0639589
11859 0.0639589
10737 0.0639589
21849 0.0625
13598 0.0588235
8186 0.0588235
6886 0.0588235
4173 0.0588235
25817 0.0586862
13871 0.0586862
8118 0.0586862
7916 0.0586862
3042 0.0586862
2850 0.0586862
35917 0.0555556
35050 0.0555556
30494 0.0555556
30211 0.0555556
23571 0.0555556
21698 0.0555556
15607 0.0555556
8076 0.0555556
4794 0.0555556
4538 0.0555556
34611 0.0526316
27844 0.0526316
26923 0.0526316
12518 0.0526316
7065 0.0526316
2289 0.0526316
30014 0.05
29326 0.05
27322 0.05
25476 0.05
9378 0.05
7894 0.05
6644 0.05
4029 0.05
26083 0.047619
20229 0.047619
18274 0.047619
10423 0.047619
10073 0.047619
6096 0.047619
5691 0.047619
3494 0.047619
29554 0.0454545
27646 0.0454545
25880 0.0454545
7942 0.0454545
37048 0.0434783
36748 0.0434783
35602 0.0434783
32843 0.0434783
29269 0.0434783
27003 0.0434783
19972 0.0434783
13432 0.0434783
5066 0.0434783
40573 0.0416667
33672 0.0416667
24962 0.0416667
24475 0.0416667
13014 0.0416667
7749 0.0416667
3936 0.0416667
35400 0.04
22557 0.04
21983 0.04
613 0.04
38133 0.0384615
32261 0.0384615
8324 0.0384615
3473 0.0384615
40174 0.0333333
39495 0.0333333
29286 0.0333333
24890 0.0333333
23600 0.0333333
18449 0.0333333
11937 0.0333333
10665 0.0333333
4274 0.0333333
1312 0.0333333
1102 0.0333333
31021 0.0322581
11945 0.0322581
952 0.0322581
32356 0.03125
31223 0.03125
30037 0.03125
29443 0.03125
28380 0.03125
23933 0.03125
18616 0.03125
17086 0.03125
15984 0.03125
13334 0.03125
10443 0.03125
1848 0.03125
32 0.03125
35361 0.0277778
33189 0.0277778
32529 0.0277778
24886 0.0277778
11630 0.0277778
38158 0.027027
29313 0.027027
26539 0.027027
26436 0.027027
26160 0.027027
25725 0.027027
20684 0.027027
19380 0.027027
17121 0.027027
16705 0.027027
13187 0.027027
12419 0.027027
12411 0.027027
9647 0.027027
7374 0.027027
6584 0.027027
2581 0.027027
979 0.027027
569 0.027027
40968 0.0232558
40704 0.0232558
39291 0.0232558
27713 0.0232558
23366 0.0232558
20127 0.0232558
14779 0.0232558
2241 0.0232558
1803 0.0232558
187 0.0232558
57 0.0232558
40829 0.0222222
36746 0.0222222
33331 0.0222222
33167 0.0222222
29972 0.0222222
27627 0.0222222
27434 0.0222222
24237 0.0222222
19199 0.0222222
17293 0.0222222
14603 0.0222222
13640 0.0222222
12444 0.0222222
6692 0.0222222
1970 0.0222222
503 0.0222222
40706 0.00840336
39163 0.00840336
39019 0.00840336
38317 0.00840336
37545 0.00840336
37396 0.00840336
37345 0.00840336
36199 0.00840336
35472 0.00840336
35145 0.00840336
34357 0.00840336
33708 0.00840336
33383 0.00840336
33345 0.00840336
33118 0.00840336
33069 0.00840336
32852 0.00840336
32576 0.00840336
30683 0.00840336
30462 0.00840336
29210 0.00840336
29015 0.00840336
28812 0.00840336
27132 0.00840336
26978 0.00840336
25379 0.00840336
25352 0.00840336
25220 0.00840336
25017 0.00840336
24684 0.00840336
23849 0.00840336
23306 0.00840336
22526 0.00840336
22341 0.00840336
21961 0.00840336
21774 0.00840336
21641 0.00840336
19589 0.00840336
19041 0.00840336
18691 0.00840336
18336 0.00840336
18056 0.00840336
17599 0.00840336
17515 0.00840336
16717 0.00840336
16622 0.00840336
16418 0.00840336
16294 0.00840336
15637 0.00840336
15633 0.00840336
14466 0.00840336
14249 0.00840336
14228 0.00840336
13541 0.00840336
11885 0.00840336
11803 0.00840336
11622 0.00840336
11506 0.00840336
11017 0.00840336
10980 0.00840336
10472 0.00840336
9946 0.00840336
9718 0.00840336
9621 0.00840336
9593 0.00840336
9487 0.00840336
9068 0.00840336
8839 0.00840336
8263 0.00840336
7534 0.00840336
7452 0.00840336
6815 0.00840336
5303 0.00840336
5205 0.00840336
4762 0.00840336
2958 0.00840336
2943 0.00840336
2640 0.00840336
1681 0.00840336
1477 0.00840336
40980 0
40979 0
40978 0
40977 0
40976 0
40975 0
