27799 1496.99
13654 737.198
17312 620.37
2885 614.625
24239 543.652
35766 515.507
36400 407.137
830 388.41
18834 383.502
14138 329.747
35734 281.767
16298 246.323
34116 210.271
12569 208.742
18520 202.53
26476 194.742
27926 183.327
39791 178.937
5778 174.677
33267 170.427
30847 168.069
11626 165.167
30793 157.259
22711 153.832
15225 149.425
16806 136.751
6592 133.926
26181 130.037
37027 129.032
33633 128.29
7145 126.517
13916 126.444
27190 121.575
8224 118.11
27863 109.554
2484 104.866
24596 104.355
36952 103.724
36313 103.3
432 102.245
4872 99.979
14672 99.1577
14534 96.6117
16745 95.8368
10210 94.089
21889 92.1911
12525 91.4417
37496 91.3499
39951 91.1841
32620 89.033
31301 88.1959
26786 84.134
1659 82.747
19032 82.2476
8412 77.9422
21703 77.1473
18329 75.584
22405 74.5859
23843 73.7608
16723 73.3241
40525 71.103
40342 70.5455
7852 69.8547
39962 65.507
17393 64.0418
9553 62.2892
28094 61.5397
34999 61.1699
37374 60.0212
35317 59.1168
24902 56.9047
21323 56.2488
13507 56.018
35525 55.9092
31553 55.5203
17154 54.9939
34561 54.4231
3887 54.1988
5821 53.6693
29901 52.3702
3002 52.1618
4112 51.9544
7076 51.4651
2869 50.8286
22530 49.6507
25765 49.0293
4296 48.6904
20007 48.4719
36918 48.001
4994 47.1062
18842 45.4433
2786 45.1967
3356 44.8301
30425 44.6084
8237 42.9843
38468 42.9613
38863 42.4512
1760 42.4498
23432 42.3532
39960 42.1473
31582 42.1234
25360 41.3947
9196 41.1719
31947 40.9789
6033 40.7446
8672 40.3907
3940 39.7709
37882 37.8027
11113 37.6341
34123 37.4391
35346 36.78
13628 36.5317
37546 36.1939
20928 35.3745
8035 35.106
16076 34.6279
2781 34.4875
34911 34.3657
37340 34.1189
33545 34.0199
34768 33.3389
27349 33.1043
30419 32.8845
3852 32.0793
13337 32.0532
15012 31.9205
33452 31.8405
39661 31.7687
4761 31.4628
37795 31.2589
39172 31.2
35063 31.111
3541 30.7798
28110 30.7601
30897 30.6922
24678 30.5847
19967 30.4699
20569 30.4607
7536 30.4372
15665 30.2112
12451 29.4176
23468 29.2277
32536 29.1825
14934 28.9871
32930 28.2437
30209 28.0776
16283 28.0123
26323 27.8612
16097 27.7851
19277 27.6267
32688 27.1659
15264 26.5796
37750 25.6783
35706 25.6292
39671 25.5705
6924 24.995
1965 24.3738
26546 24.3075
12766 24.3053
3821 23.8915
20286 23.4091
24957 23.3774
25651 23.2056
28424 23.102
7807 22.7106
2262 22.7058
3018 22.6605
6041 22.4811
38952 22.406
4189 22.3158
25065 22.025
18356 22.012
5875 21.6867
23446 21.6867
22184 21.5117
26095 21.004
18561 20.7621
4484 20.3453
5824 19.8616
5293 19.8408
15476 19.8193
7274 19.7753
25826 19.6917
17137 19.6078
11393 19.3623
39925 18.955
32885 18.8759
17943 18.7719
15276 18.765
40890 18.7209
6518 18.5951
19517 18.5119
24907 18.4549
6992 18.1695
27395 18.1343
34565 18.0937
1610 17.692
23898 17.6334
26541 17.5314
23218 17.5058
8828 17.4621
35203 17.4562
38346 17.2818
29551 17.2264
12449 17.1268
170 17.1095
20704 17.0084
29634 16.9747
40204 16.968
1 16.7116
31589 16.618
4539 16.479
35265 16.3899
15467 16.2759
17033 16.1615
25568 16.0801
21861 15.9963
3068 15.9522
37077 15.9388
9197 15.7215
391 15.1785
36673 14.9178
29875 14.9115
38856 14.8671
39183 14.8373
11410 14.8201
36160 14.756
35029 14.6781
6298 14.5691
16001 14.4299
18328 14.3156
22594 14.2624
38864 14.1975
2899 14.0196
34043 13.9497
36528 13.8948
38956 13.8028
22088 13.7443
28407 13.7369
19580 13.7121
6140 13.5188
19712 13.4519
23370 13.3896
18435 13.3621
33653 13.3439
5103 13.1766
14858 13.1117
11559 13.0079
23886 12.9784
11789 12.9305
15416 12.9137
19511 12.9001
8969 12.7965
21903 12.736
21801 12.5683
39383 12.5514
38608 12.5277
37070 12.4726
1462 12.3646
40314 12.3559
29030 12.3351
5519 12.2847
15562 12.1957
13759 11.9274
32043 11.9249
27033 11.8693
32324 11.7953
25362 11.5611
10923 11.5607
11243 11.5396
39177 11.5141
29923 11.4632
33108 11.4344
8592 11.386
21932 11.3464
29140 11.1569
2069 11.1435
21601 11.0447
37881 11.0283
36796 10.9901
24591 10.8446
19253 10.7714
556 10.7315
129 10.6765
23206 10.6331
1975 10.534
14943 10.3897
16395 10.3154
7592 10.2865
17985 10.2141
16504 10.1576
19191 9.93495
1410 9.7549
21978 9.74655
20093 9.68852
416 9.57358
6979 9.52254
31564 9.46117
5660 9.36207
17068 9.34924
233 9.31295
22313 9.28435
3911 9.2313
6300 9.10174
27740 9.10114
11810 9.05053
21348 8.99953
33391 8.94712
4551 8.94651
37502 8.91312
3877 8.85243
38583 8.83589
20177 8.77129
7132 8.73886
6336 8.72437
350 8.54015
12377 8.52712
31390 8.51755
34702 8.50071
16059 8.47513
16181 8.46637
16047 8.4159
19379 8.39056
697 8.38669
3936 8.37866
10016 8.32186
37233 8.30411
33052 8.21371
24368 8.1987
27840 8.19116
2951 8.10491
31260 8.07025
11804 7.99317
32708 7.95279
885 7.91305
6319 7.90914
18369 7.90207
12641 7.8995
17583 7.8636
2877 7.84616
19774 7.84428
31352 7.83961
28651 7.8111
34770 7.78974
40165 7.78503
30234 7.7826
28952 7.643
4023 7.58639
4848 7.54012
7306 7.51643
29640 7.47797
30216 7.44623
18293 7.41653
18844 7.36367
20099 7.34455
36661 7.2443
14133 7.24319
4796 7.23547
21000 7.1823
3718 7.15227
10253 7.15187
2027 7.14962
30417 7.11226
26832 7.10372
11101 7.05213
22960 7.00785
21186 6.87166
612 6.85988
550 6.74115
34663 6.66999
12185 6.60718
32544 6.60176
5423 6.4831
21757 6.46961
5217 6.4538
37924 6.45099
29401 6.42228
10 6.34508
16947 6.33915
7921 6.3379
9907 6.33455
2542 6.32619
7312 6.27627
5974 6.2282
13658 6.20388
37948 6.16071
1332 6.12719
39400 6.08175
11718 6.07635
18558 6.05286
25479 6.03424
16299 6.02032
21772 6.00209
29768 5.98742
25076 5.98033
2752 5.92937
12110 5.92364
10536 5.92025
7099 5.90309
7047 5.85291
6715 5.84336
18845 5.83492
37426 5.8278
7766 5.76976
12893 5.75991
9180 5.7553
12522 5.71128
18531 5.70877
35014 5.7063
16250 5.69999
24505 5.68677
4054 5.66976
36540 5.61451
428 5.61067
26477 5.5982
11052 5.55103
18138 5.53995
26928 5.4692
2168 5.42276
9001 5.4185
16222 5.38851
6707 5.38357
576 5.36846
3535 5.35133
27613 5.2644
23696 5.22818
25614 5.17392
29237 5.13603
13120 5.13303
4900 5.11683
24126 5.10972
15669 5.07371
31938 5.06775
9239 5.05704
28756 5.04064
40883 5.01484
33377 4.99143
32886 4.98936
11909 4.95037
38118 4.91881
6859 4.91396
35463 4.8654
28617 4.86219
22368 4.85578
28106 4.83216
29851 4.83212
16025 4.82503
19527 4.8199
8419 4.77753
306 4.74639
30186 4.71723
22218 4.68552
4361 4.66237
28390 4.6477
24224 4.63751
9994 4.61176
19653 4.60721
860 4.59727
29077 4.56735
22170 4.52601
21785 4.51917
26448 4.51466
26084 4.4834
18683 4.46688
8497 4.45189
1830 4.44326
28880 4.43599
8850 4.4344
30876 4.37506
6820 4.34557
27073 4.33661
35193 4.30707
9199 4.30701
30275 4.28634
37554 4.28517
31140 4.27982
23439 4.26528
1230 4.25736
17590 4.24803
35803 4.2006
23399 4.1931
13513 4.14039
24972 4.12098
17120 4.1157
35211 4.11551
19079 4.10922
9442 4.10169
31450 4.08319
33256 4.07974
4852 4.06737
10480 4.06451
12989 4.05843
39231 4.03163
16233 4.02272
36278 4.01282
33142 3.99856
2863 3.99286
26137 3.9707
33477 3.96257
328 3.96205
