18361 23.712
33185 16.0676
17715 15.8437
9561 15.5171
7121 14.2767
34433 10.9311
26442 8.62918
1313 8.42043
9665 7.69133
1642 7.59942
27963 7.55268
22079 7.0309
10923 6.52033
15400 5.82798
2898 5.67606
27452 5.52051
2647 5.35543
5748 5.17513
4257 4.29511
36300 4.24963
25490 4.09711
31509 4.08537
2840 3.39502
38683 3.31908
32628 3.29434
23696 3.0686
17687 2.92765
34640 2.91185
38379 2.80245
21911 2.72319
22879 2.71527
40102 2.70891
10110 2.60719
4583 2.38052
36168 2.36564
24414 2.20119
8689 2.19222
2051 2.16077
4290 2.15365
939 2.0909
31301 1.95889
38155 1.95073
27121 1.94973
35035 1.86451
15457 1.75572
6928 1.70547
37805 1.65939
13761 1.64314
36033 1.60682
34265 1.54498
15599 1.45882
21274 1.44934
19288 1.44334
29497 1.43553
40883 1.42852
37513 1.41644
32480 1.32873
16425 1.29379
38315 1.27983
40369 1.27816
7794 1.27171
18308 1.27133
5740 1.23093
695 1.20999
38999 1.19724
20273 1.17467
22614 1.15485
29302 1.13389
6967 1.0812
11351 1.07812
28361 1.06334
8000 1.05757
10686 1.03607
26125 1.02194
37935 1.01185
9469 1.00938
28028 0.957511
26921 0.938027
28151 0.926315
1345 0.918361
14430 0.902778
2320 0.88239
16836 0.861858
2288 0.854827
4819 0.838744
24812 0.833626
13763 0.826448
26183 0.797582
11328 0.797281
32879 0.786904
40970 0.747519
3379 0.746886
9693 0.739406
36561 0.727361
34459 0.69478
37956 0.67619
15835 0.67588
10581 0.668052
8435 0.663979
19198 0.637533
5766 0.616448
19578 0.59273
10682 0.586529
2604 0.577208
22594 0.573206
5507 0.569259
501 0.559524
27369 0.559172
35188 0.552485
35087 0.547837
29786 0.531915
22833 0.531915
6262 0.527778
18324 0.513888
12775 0.505805
19233 0.504762
34167 0.485633
36883 0.476355
955 0.46905
5358 0.455923
40453 0.452684
29281 0.452684
25337 0.450194
37426 0.449728
10425 0.44894
2885 0.442857
24793 0.442464
6255 0.436973
38970 0.4288
1975 0.426441
1017 0.425524
14378 0.422601
1083 0.417337
24214 0.413822
733 0.412964
24140 0.410708
8672 0.410631
2249 0.401681
19210 0.393969
5485 0.393479
34462 0.392857
30550 0.381869
9454 0.376512
29581 0.366087
11739 0.36564
17440 0.362311
33699 0.35874
7129 0.357468
21075 0.357082
16576 0.35522
21211 0.335153
743 0.334526
17669 0.333955
13667 0.333955
27602 0.332731
22263 0.331864
24160 0.331436
9497 0.31995
24351 0.290896
16148 0.290896
15216 0.283955
14631 0.279609
16791 0.279093
7439 0.278737
27075 0.276707
30495 0.273418
37868 0.271022
28864 0.259524
3308 0.253931
28883 0.253619
31125 0.252433
22527 0.252378
36345 0.250868
9035 0.244939
8403 0.241176
22209 0.240385
16428 0.240243
32885 0.238095
14226 0.233187
38873 0.23198
17264 0.229155
20432 0.227564
29170 0.219578
7433 0.219193
8731 0.217803
40428 0.210687
35339 0.207513
2315 0.202869
2209 0.201305
39035 0.2
30793 0.2
34311 0.194764
16800 0.19381
40400 0.192176
22061 0.186849
2772 0.186825
32214 0.185773
7708 0.184295
23805 0.183777
39947 0.180628
35346 0.180628
11080 0.180628
110 0.180628
4180 0.17708
22036 0.176274
28280 0.172977
27373 0.172149
26371 0.171679
10361 0.170786
27123 0.168167
32837 0.166667
32620 0.166667
18103 0.166667
6033 0.166667
3937 0.166667
32732 0.165725
5198 0.165018
17748 0.159805
5691 0.159664
20145 0.159187
27514 0.156396
33507 0.156082
25286 0.152632
3746 0.149313
2955 0.147378
6894 0.146595
9958 0.146592
20699 0.144164
22228 0.143063
37658 0.142857
35567 0.142857
35376 0.142857
24017 0.142857
10980 0.142857
7951 0.142857
30416 0.140836
20942 0.140444
19347 0.140444
18318 0.140444
13672 0.140444
35835 0.138806
2762 0.136813
25804 0.134813
34188 0.132875
37577 0.13223
31652 0.130862
30129 0.130594
7691 0.129683
15417 0.129567
5273 0.12697
19926 0.125
40686 0.124592
28758 0.123684
22966 0.122749
32229 0.122149
29401 0.122149
25182 0.120783
27819 0.120305
4304 0.120305
2560 0.116698
14654 0.115279
16076 0.115064
30048 0.114613
8377 0.114613
6478 0.114211
28682 0.111111
22684 0.111111
2608 0.111111
17853 0.111049
29143 0.108323
18410 0.108251
34776 0.106613
10947 0.106613
38486 0.105282
31150 0.105019
30819 0.104188
36753 0.104017
11283 0.101837
24718 0.101713
36895 0.1
23429 0.1
18070 0.1
12811 0.1
3930 0.1
52 0.1
32888 0.0976763
30916 0.0976763
17696 0.0976763
16968 0.0976763
23323 0.0953219
39242 0.0952686
10296 0.0941525
15134 0.0935182
36644 0.092796
34825 0.0909091
10081 0.0909091
4017 0.0909091
2118 0.0909091
543 0.0909091
1394 0.0905166
5255 0.0901645
30480 0.0901459
29137 0.0901459
16517 0.0901459
5151 0.0901459
17634 0.0892383
36354 0.0868421
5149 0.0845174
21509 0.0837284
23750 0.0833333
11125 0.0833333
1005 0.0833333
10971 0.0822665
40286 0.0816239
40346 0.0809257
37659 0.0809257
16974 0.0809257
36757 0.0803548
9773 0.0796187
38316 0.0795173
8297 0.0795173
23726 0.0769231
21102 0.0769231
12988 0.0769231
11185 0.0769231
13058 0.0757638
3125 0.0755634
16789 0.0755445
5309 0.0745726
23631 0.0738482
27390 0.0732026
32711 0.0714286
32303 0.0714286
28433 0.0714286
20234 0.0714286
20184 0.0714286
19566 0.0714286
18011 0.0714286
13432 0.0714286
13157 0.0714286
7501 0.0714286
6183 0.0714286
5458 0.0714286
40189 0.0704588
29913 0.0703568
7906 0.067754
1819 0.067754
30676 0.0676471
27989 0.0676471
11488 0.0676471
10708 0.067553
39528 0.0675038
38032 0.0666667
24667 0.0666667
16893 0.0666667
15018 0.0666667
13065 0.0666667
4828 0.0653336
38897 0.0629431
19914 0.06279
33327 0.0625
20727 0.0625
37711 0.0588235
37048 0.0588235
29814 0.0588235
5641 0.0588235
24509 0.0580938
38583 0.0570167
37502 0.0570167
15873 0.0570167
13654 0.0570167
15579 0.056738
21393 0.0555556
3142 0.0555556
210 0.0555556
13735 0.0551438
24464 0.0546796
22674 0.0546796
10072 0.0546796
4576 0.0546796
18798 0.0541397
34035 0.0531245
29522 0.0531245
20941 0.0531245
38284 0.0526316
34922 0.0526316
31554 0.0526316
30823 0.0526316
30054 0.0526316
27025 0.0526316
22420 0.0526316
20706 0.0526316
19468 0.0526316
11570 0.0526316
11164 0.0526316
7299 0.0526316
2217 0.0526316
8032 0.0519667
29063 0.0512289
38094 0.0502771
36057 0.0502771
28806 0.0502771
7750 0.0502771
5372 0.0502771
14425 0.0500894
35861 0.05
32855 0.05
30834 0.05
22494 0.05
14198 0.05
4530 0.05
2399 0.05
1667 0.05
25781 0.0484701
8692 0.0484467
33675 0.0478204
40460 0.047619
35739 0.047619
28600 0.047619
28454 0.047619
22831 0.047619
12865 0.047619
21824 0.0465272
39636 0.0454545
18513 0.0454545
31991 0.0437644
27592 0.0434783
20845 0.0434783
19262 0.0434783
15231 0.0434783
11086 0.0429896
8875 0.0427092
5693 0.0417318
34241 0.0416667
13247 0.0416667
38514 0.04102
39898 0.039622
30586 0.039622
31093 0.0384615
12324 0.0384615
6964 0.0384615
30302 0.0380635
5771 0.0374566
33462 0.0374527
3406 0.0374527
20116 0.0372561
39234 0.037037
18328 0.037037
17075 0.037037
35159 0.0349869
13078 0.0349869
13519 0.0344828
38989 0.0333333
34737 0.0333333
30347 0.0333333
26088 0.0333333
26069 0.0333333
23593 0.0333333
22711 0.0333333
13410 0.0333333
8723 0.0333333
5141 0.0333333
4693 0.0333333
3184 0.0333333
401 0.0333333
40166 0.0322581
29162 0.0322581
27818 0.0322581
24028 0.0322581
20350 0.0322581
17368 0.0322581
14886 0.0322581
8465 0.0322581
2263 0.0322581
34165 0.03125
20043 0.03125
19967 0.03125
18739 0.03125
16331 0.03125
15665 0.03125
14138 0.03125
11331 0.03125
7312 0.03125
4692 0.03125
2877 0.03125
38621 0.030303
37682 0.0294118
35369 0.0294118
28270 0.0294118
27951 0.0294118
27945 0.0294118
26892 0.0294118
26087 0.0294118
25998 0.0294118
21141 0.0294118
20204 0.0294118
19106 0.0294118
18650 0.0294118
17525 0.0294118
17031 0.0294118
