26801 3.684
39470 2.35378
7078 2.22101
32404 1.91615
32910 1.55533
26330 1.5443
29696 1.48922
70 1.42866
19454 1.37804
37258 1.12365
32227 1.06129
21967 1.05736
36983 1.05489
23958 0.958425
20244 0.891982
12912 0.853912
25758 0.791531
37144 0.78247
18657 0.72377
40857 0.716162
3159 0.67173
18696 0.640827
38213 0.614946
21155 0.606392
17023 0.594672
39759 0.523655
25841 0.523655
951 0.523655
35558 0.514607
4661 0.511349
28548 0.508157
28362 0.504631
6521 0.500224
29947 0.490444
21555 0.490444
20741 0.487435
29180 0.473684
20261 0.470603
4237 0.467857
20131 0.450519
8801 0.446564
10214 0.443475
5657 0.440181
38948 0.436111
1350 0.427778
22370 0.408766
3174 0.405184
11716 0.405127
21717 0.398814
4685 0.393518
31590 0.375774
9863 0.365282
14019 0.365079
3087 0.364524
10687 0.351874
36107 0.336454
29017 0.336454
1077 0.336454
10681 0.328968
20514 0.321034
20118 0.321034
37481 0.31167
37753 0.30853
28048 0.30853
25674 0.303154
5260 0.291437
11963 0.290584
17059 0.288506
131 0.288286
23371 0.282426
30560 0.281083
10121 0.272315
17508 0.270948
23768 0.261905
12244 0.251131
14752 0.247222
3069 0.244807
40537 0.241728
2146 0.233838
32495 0.233806
7627 0.232855
16733 0.221774
37660 0.22175
26221 0.22175
4741 0.22175
4603 0.22175
13222 0.220292
28516 0.215069
27088 0.215069
25145 0.210036
23812 0.205686
16993 0.200047
16623 0.198873
13320 0.195579
34842 0.193872
21522 0.182052
15914 0.182052
19252 0.175446
20095 0.174037
11605 0.174037
39176 0.161616
11160 0.158101
32679 0.158046
27372 0.155817
23880 0.155817
10531 0.155817
2835 0.155817
29779 0.149206
23650 0.149206
7956 0.142857
39325 0.141134
1031 0.141134
31109 0.139619
18312 0.13637
35233 0.134186
39044 0.133043
17832 0.133043
33788 0.129327
31408 0.129327
14361 0.129327
2506 0.129327
903 0.127359
10801 0.120399
20499 0.119251
20793 0.118099
30069 0.11285
40117 0.111111
28911 0.105679
35890 0.105188
35807 0.105188
6188 0.105188
10336 0.105167
9356 0.105167
37045 0.1
26823 0.0973345
23815 0.0971105
9627 0.0971105
6295 0.0971105
17095 0.0929418
29089 0.0878882
19136 0.0878882
11538 0.0878882
8728 0.0878882
648 0.0878882
20859 0.087822
40949 0.0769231
40038 0.0769231
39166 0.0769231
25793 0.0769231
10429 0.0769231
5213 0.0769231
1063 0.0769231
16637 0.0751405
39816 0.0712653
21671 0.0705436
2109 0.0705436
24888 0.0666667
24768 0.0666667
40392 0.0665947
37239 0.0665947
25818 0.0665947
24636 0.0665947
4357 0.0665947
39241 0.0665208
11860 0.0650259
26434 0.0638402
20820 0.0638402
16150 0.0638402
22332 0.0627415
40769 0.0625
35522 0.0625
32514 0.0625
2342 0.0625
839 0.0625
148 0.0625
31064 0.0623846
1381 0.0623846
16382 0.0616858
26362 0.0588235
16138 0.0581204
4193 0.0581204
40634 0.0570285
29927 0.0570285
6328 0.0570285
835 0.0570285
23214 0.0555926
25239 0.0555556
24201 0.0555556
33261 0.048775
13144 0.048775
899 0.048775
36497 0.0428862
30029 0.0428862
19160 0.0428862
17518 0.0428862
15447 0.0428862
9042 0.0428862
1665 0.0428862
27813 0.0406977
21239 0.0406977
19599 0.0406977
16877 0.0406977
7650 0.0406977
3359 0.0406977
1233 0.0406977
38481 0.025641
26496 0.025641
25493 0.025641
27249 0.0243902
9604 0.0232558
842 0.0232558
30033 0.0227273
35973 0.0222222
16709 0.0222222
38401 0.0178571
5581 0.0178571
15269 0.0172414
20189 0.0169492
37833 0.0163934
34934 0.0163934
33601 0.0163934
31883 0.0163934
28592 0.0163934
26745 0.0163934
24976 0.0163934
23690 0.0163934
21740 0.0163934
20475 0.0163934
18774 0.0163934
18266 0.0163934
15724 0.0163934
14580 0.0163934
13947 0.0163934
13724 0.0163934
12161 0.0163934
10747 0.0163934
9545 0.0163934
9496 0.0163934
8107 0.0163934
6855 0.0163934
6432 0.0163934
6304 0.0163934
5524 0.0163934
4832 0.0163934
3275 0.0163934
2213 0.0163934
1837 0.0163934
636 0.0163934
24 0.0163934
11395 0.016129
39088 0.015873
3205 0.015873
297 0.015873
37763 0.00869565
30421 0.00869565
28895 0.00869565
28365 0.00869565
27150 0.00869565
25621 0.00869565
17991 0.00869565
17823 0.00869565
16174 0.00869565
15546 0.00869565
14675 0.00869565
13590 0.00869565
13152 0.00869565
11316 0.00869565
9522 0.00869565
7349 0.00869565
6999 0.00869565
1762 0.00869565
1481 0.00869565
40980 0
40979 0
40978 0
40977 0
40976 0
40975 0
40974 0
40973 0
40972 0
40971 0
40970 0
40969 0
40968 0
40967 0
40966 0
40965 0
40964 0
40963 0
40962 0
40961 0
40960 0
40959 0
40958 0
40957 0
40956 0
40955 0
40954 0
40953 0
40952 0
40951 0
40950 0
40948 0
40947 0
40946 0
40945 0
40944 0
40943 0
40942 0
40941 0
40940 0
40939 0
40938 0
40937 0
40936 0
40935 0
40934 0
40933 0
40932 0
40931 0
40930 0
40929 0
40928 0
40927 0
40926 0
40925 0
40924 0
40923 0
40922 0
40921 0
40920 0
40919 0
40918 0
40917 0
40916 0
40915 0
40914 0
40913 0
40912 0
40911 0
40910 0
40909 0
40908 0
40907 0
40906 0
40905 0
40904 0
40903 0
40902 0
40901 0
40900 0
40899 0
40898 0
40897 0
40896 0
40895 0
40894 0
40893 0
40892 0
40891 0
40890 0
40889 0
40888 0
40887 0
40886 0
40885 0
40884 0
40883 0
40882 0
40881 0
40880 0
40879 0
40878 0
40877 0
40876 0
40875 0
40874 0
40873 0
40872 0
40871 0
40870 0
40869 0
40868 0
40867 0
40866 0
40865 0
40864 0
40863 0
40862 0
40861 0
40860 0
40859 0
40858 0
40856 0
40855 0
40854 0
40853 0
40852 0
40851 0
40850 0
40849 0
40848 0
40847 0
40846 0
40845 0
40844 0
40843 0
40842 0
40841 0
40840 0
40839 0
40838 0
40837 0
40836 0
40835 0
40834 0
40833 0
40832 0
40831 0
40830 0
40829 0
40828 0
40827 0
40826 0
40825 0
40824 0
40823 0
40822 0
40821 0
40820 0
40819 0
40818 0
40817 0
40816 0
40815 0
40814 0
40813 0
40812 0
40811 0
40810 0
40809 0
40808 0
40807 0
40806 0
40805 0
40804 0
40803 0
40802 0
40801 0
40800 0
40799 0
40798 0
40797 0
40796 0
40795 0
40794 0
40793 0
40792 0
40791 0
40790 0
40789 0
40788 0
40787 0
40786 0
40785 0
40784 0
40783 0
40782 0
40781 0
40780 0
40779 0
40778 0
40777 0
40776 0
40775 0
40774 0
40773 0
40772 0
40771 0
40770 0
40768 0
40767 0
40766 0
40765 0
40764 0
40763 0
40762 0
40761 0
40760 0
40759 0
40758 0
40757 0
40756 0
40755 0
40754 0
40753 0
40752 0
40751 0
40750 0
