28776 10.0282
34488 1.92543
15684 1.7172
15250 1.03589
3964 0.970076
38449 0.928968
29438 0.628943
37517 0.619048
35950 0.6
35487 0.590909
34630 0.583537
1041 0.5125
35549 0.5
144 0.491667
7570 0.490909
9464 0.477778
18590 0.466667
7325 0.457576
23798 0.45493
28694 0.429167
39976 0.400433
17183 0.395833
1158 0.387704
3114 0.382576
17051 0.333333
15138 0.333333
7407 0.333333
4786 0.333333
4199 0.333333
23153 0.314286
24259 0.305357
20275 0.298611
30564 0.263462
15660 0.263095
8420 0.263095
5231 0.263095
38988 0.25
35699 0.25
29675 0.25
28596 0.25
27287 0.25
12428 0.25
10211 0.25
60 0.25
40289 0.247985
2613 0.211111
38174 0.20989
20262 0.20989
26092 0.201166
3516 0.201166
40345 0.2
37489 0.2
34939 0.2
31922 0.2
29389 0.2
22181 0.2
22107 0.2
22102 0.2
15488 0.2
14957 0.2
8548 0.2
8184 0.2
6411 0.2
2922 0.2
40313 0.166667
35318 0.166667
33265 0.166667
31998 0.166667
11854 0.166667
10377 0.166667
4630 0.166667
3263 0.166667
38919 0.142857
26489 0.142857
24953 0.142857
24005 0.142857
23168 0.142857
14105 0.142857
11698 0.142857
9841 0.142857
9495 0.142857
1342 0.142857
775 0.142857
33668 0.134295
31106 0.125
28981 0.125
26708 0.125
26124 0.125
25953 0.125
25764 0.125
24359 0.125
23554 0.125
18615 0.125
9284 0.125
7495 0.125
6647 0.125
4555 0.125
4261 0.125
33733 0.111111
27575 0.111111
14000 0.111111
8172 0.111111
694 0.111111
40516 0.1
39721 0.1
37771 0.1
37377 0.1
34232 0.1
34065 0.1
34063 0.1
33968 0.1
33434 0.1
30137 0.1
29568 0.1
27854 0.1
27638 0.1
26451 0.1
26009 0.1
25738 0.1
23837 0.1
20278 0.1
19343 0.1
15977 0.1
14163 0.1
11166 0.1
10607 0.1
6536 0.1
3195 0.1
40681 0.0909091
33975 0.0909091
33500 0.0909091
29177 0.0909091
21015 0.0909091
15906 0.0909091
13404 0.0909091
5132 0.0909091
5048 0.0909091
5019 0.0909091
39518 0.0769231
34260 0.0769231
16593 0.0769231
14251 0.0769231
13614 0.0769231
34132 0.0714286
13787 0.0714286
11664 0.0714286
8114 0.0714286
127 0.0714286
38454 0.0666667
28785 0.0666667
23005 0.0666667
21426 0.0666667
13184 0.0666667
34902 0.0625
34281 0.0625
29986 0.0625
27220 0.0625
27046 0.0625
22471 0.0625
21255 0.0625
16348 0.0625
16151 0.0625
15749 0.0625
14852 0.0625
14103 0.0625
9333 0.0625
39626 0.0384615
34284 0.0384615
30088 0.0384615
29182 0.0384615
22881 0.0384615
22129 0.0384615
21321 0.0384615
21036 0.0384615
21014 0.0384615
19036 0.0384615
17804 0.0384615
17245 0.0384615
6063 0.0384615
5210 0.0384615
39674 0.0333333
38875 0.0333333
37136 0.0333333
33967 0.0333333
31527 0.0333333
24893 0.0333333
23487 0.0333333
23387 0.0333333
14906 0.0333333
12736 0.0333333
12653 0.0333333
12342 0.0333333
11762 0.0333333
10215 0.0333333
9060 0.0333333
8257 0.0333333
6736 0.0333333
319 0.0333333
40980 0
40979 0
40978 0
40977 0
40976 0
40975 0
40974 0
40973 0
40972 0
40971 0
40970 0
40969 0
40968 0
40967 0
40966 0
40965 0
40964 0
40963 0
40962 0
40961 0
40960 0
40959 0
40958 0
40957 0
40956 0
40955 0
40954 0
40953 0
40952 0
40951 0
40950 0
40949 0
40948 0
40947 0
40946 0
40945 0
40944 0
40943 0
40942 0
40941 0
40940 0
40939 0
40938 0
40937 0
40936 0
40935 0
40934 0
40933 0
40932 0
40931 0
40930 0
40929 0
40928 0
40927 0
40926 0
40925 0
40924 0
40923 0
40922 0
40921 0
40920 0
40919 0
40918 0
40917 0
40916 0
40915 0
40914 0
40913 0
40912 0
40911 0
40910 0
40909 0
40908 0
40907 0
40906 0
40905 0
40904 0
40903 0
40902 0
40901 0
40900 0
40899 0
40898 0
40897 0
40896 0
40895 0
40894 0
40893 0
40892 0
40891 0
40890 0
40889 0
40888 0
40887 0
40886 0
40885 0
40884 0
40883 0
40882 0
40881 0
40880 0
40879 0
40878 0
40877 0
40876 0
40875 0
40874 0
40873 0
40872 0
40871 0
40870 0
40869 0
40868 0
40867 0
40866 0
40865 0
40864 0
40863 0
40862 0
40861 0
40860 0
40859 0
40858 0
40857 0
40856 0
40855 0
40854 0
40853 0
40852 0
40851 0
40850 0
40849 0
40848 0
40847 0
40846 0
40845 0
40844 0
40843 0
40842 0
40841 0
40840 0
40839 0
40838 0
40837 0
40836 0
40835 0
40834 0
40833 0
40832 0
40831 0
40830 0
40829 0
40828 0
40827 0
40826 0
40825 0
40824 0
40823 0
40822 0
40821 0
40820 0
40819 0
40818 0
40817 0
40816 0
40815 0
40814 0
40813 0
40812 0
40811 0
40810 0
40809 0
40808 0
40807 0
40806 0
40805 0
40804 0
40803 0
40802 0
40801 0
40800 0
40799 0
40798 0
40797 0
40796 0
40795 0
40794 0
40793 0
40792 0
40791 0
40790 0
40789 0
40788 0
40787 0
40786 0
40785 0
40784 0
40783 0
40782 0
40781 0
40780 0
40779 0
40778 0
40777 0
40776 0
40775 0
40774 0
40773 0
40772 0
40771 0
40770 0
40769 0
40768 0
40767 0
40766 0
40765 0
40764 0
40763 0
40762 0
40761 0
40760 0
40759 0
40758 0
40757 0
40756 0
40755 0
40754 0
40753 0
40752 0
40751 0
40750 0
40749 0
40748 0
40747 0
40746 0
40745 0
40744 0
40743 0
40742 0
40741 0
40740 0
40739 0
40738 0
40737 0
40736 0
40735 0
40734 0
40733 0
40732 0
40731 0
40730 0
40729 0
40728 0
40727 0
40726 0
40725 0
40724 0
40723 0
40722 0
40721 0
40720 0
40719 0
40718 0
40717 0
40716 0
40715 0
40714 0
40713 0
40712 0
40711 0
40710 0
40709 0
40708 0
40707 0
40706 0
40705 0
40704 0
40703 0
40702 0
40701 0
40700 0
40699 0
40698 0
40697 0
40696 0
40695 0
40694 0
40693 0
40692 0
40691 0
40690 0
40689 0
40688 0
40687 0
40686 0
40685 0
40684 0
40683 0
40682 0
40680 0
40679 0
40678 0
