32404 3.47084
26823 2.27832
32495 2.22441
25493 2.16999
5260 1.90988
34117 1.62049
7627 1.5502
39044 1.45423
23958 1.2343
25758 1.21912
40392 1.15716
28048 1.03273
39470 1.00056
131 0.932354
7078 0.895156
25145 0.837755
36983 0.812891
4661 0.805662
21555 0.803548
38213 0.793705
12912 0.793705
16877 0.76711
26221 0.748789
26330 0.741794
15269 0.739544
26801 0.738216
37202 0.736691
9356 0.734064
9042 0.722224
20118 0.721052
23650 0.695019
5657 0.68982
17832 0.684606
39759 0.643872
25841 0.643872
37144 0.591226
25239 0.568885
20131 0.55022
11395 0.533528
35558 0.527136
6521 0.484764
17059 0.484637
18657 0.48145
4603 0.48145
1665 0.473976
1350 0.460937
6188 0.441305
37239 0.438269
29017 0.43791
18312 0.435847
35807 0.418949
30029 0.418949
14675 0.418489
31590 0.417819
4741 0.417819
3159 0.413434
24636 0.410219
20095 0.408326
37258 0.40576
16138 0.403459
11716 0.379218
29180 0.378606
29696 0.378112
19599 0.364814
3205 0.344528
10681 0.341454
4357 0.336829
27813 0.335431
40537 0.331444
16733 0.328542
23371 0.328201
23815 0.319194
6295 0.319194
22370 0.318528
18211 0.31755
11605 0.310102
27088 0.309058
21717 0.3
951 0.298956
10121 0.298771
15682 0.297677
70 0.295423
10214 0.290164
3069 0.283743
21155 0.282172
37481 0.265937
39241 0.264388
33034 0.264262
21239 0.261724
7650 0.261724
19530 0.258997
11316 0.258832
29947 0.255967
36497 0.254651
11598 0.254575
326 0.251111
20793 0.249098
17518 0.249098
34842 0.247887
3359 0.246536
30560 0.24363
1381 0.242709
5031 0.229522
13320 0.228179
37539 0.22175
24768 0.212437
31109 0.211077
1309 0.207244
20499 0.20701
12862 0.206662
21458 0.202145
20189 0.202126
835 0.195818
11860 0.193907
17944 0.193802
9809 0.193802
39088 0.189105
38401 0.188161
28911 0.188161
17095 0.18669
28895 0.183891
30069 0.183807
7349 0.182765
29927 0.182019
20741 0.175529
648 0.175529
26434 0.170673
23812 0.170591
23214 0.170591
37753 0.169062
10336 0.169062
30889 0.164037
6999 0.158375
13056 0.15625
1077 0.155716
4685 0.155406
15914 0.152285
16475 0.150878
39325 0.150805
9627 0.149316
16637 0.148857
40949 0.147902
28365 0.147728
13222 0.147383
17023 0.145336
3087 0.144021
20261 0.139548
35233 0.138981
27150 0.138981
16174 0.138981
2109 0.138981
3533 0.137196
16382 0.135472
15447 0.13544
1481 0.135439
20820 0.134623
19160 0.132587
31408 0.131401
32227 0.12819
32910 0.126375
2362 0.125406
31064 0.124603
903 0.124603
40634 0.124092
3174 0.124092
40857 0.116103
297 0.11459
25818 0.112428
38948 0.111111
14019 0.109113
21671 0.103578
19136 0.103578
1762 0.101153
26362 0.099647
28362 0.0968336
10429 0.0962884
12244 0.0928188
21967 0.0913949
17823 0.0912688
29779 0.0861421
19252 0.0861025
1537 0.0840018
9604 0.0804386
19454 0.0762369
16993 0.0762369
40117 0.076236
32679 0.0751405
16623 0.0741886
22332 0.0723968
2146 0.0714286
18696 0.0665947
33261 0.0623602
29089 0.0623602
28548 0.0623602
13590 0.0623602
11538 0.0623602
10801 0.0623602
16709 0.0615255
2021 0.0583535
10687 0.0577471
1063 0.0577471
35302 0.0563998
8434 0.0556402
36107 0.0555926
28516 0.0550444
30033 0.0516771
8590 0.0502455
39816 0.0501248
37045 0.0501248
4193 0.0497835
17111 0.0497514
2506 0.0492724
26496 0.0492553
37763 0.0483969
13152 0.0483969
9522 0.0483969
30421 0.0448756
15546 0.0448756
13144 0.0448756
17508 0.0440325
35890 0.0428862
11307 0.0416667
3373 0.0416667
9863 0.0409956
25674 0.0406977
20244 0.0406977
11160 0.0406977
1233 0.0406977
36706 0.037037
27249 0.0344828
6282 0.0344828
38481 0.0331469
23768 0.0331469
15333 0.0317536
30311 0.03125
21522 0.0302909
17991 0.0302909
899 0.0302909
25621 0.029529
20514 0.029529
8728 0.029529
40680 0.0232558
1031 0.0222222
32649 0.0196078
33788 0.0169492
14361 0.0169492
6328 0.0169492
2224 0.0169492
14752 0.0166667
20859 0.015873
24888 0.0147059
8801 0.0147059
842 0.0147059
11963 0.011236
9956 0.011236
7956 0.011236
4237 0.011236
3810 0.011236
5581 0.0104167
40980 0
40979 0
40978 0
40977 0
40976 0
40975 0
40974 0
40973 0
40972 0
40971 0
40970 0
40969 0
40968 0
40967 0
40966 0
40965 0
40964 0
40963 0
40962 0
40961 0
40960 0
40959 0
40958 0
40957 0
40956 0
40955 0
40954 0
40953 0
40952 0
40951 0
40950 0
40948 0
40947 0
40946 0
40945 0
40944 0
40943 0
40942 0
40941 0
40940 0
40939 0
40938 0
40937 0
40936 0
40935 0
40934 0
40933 0
40932 0
40931 0
40930 0
40929 0
40928 0
40927 0
40926 0
40925 0
40924 0
40923 0
40922 0
40921 0
40920 0
40919 0
40918 0
40917 0
40916 0
40915 0
40914 0
40913 0
40912 0
40911 0
40910 0
40909 0
40908 0
40907 0
40906 0
40905 0
40904 0
40903 0
40902 0
40901 0
40900 0
40899 0
40898 0
40897 0
40896 0
40895 0
40894 0
40893 0
40892 0
40891 0
40890 0
40889 0
40888 0
40887 0
40886 0
40885 0
40884 0
40883 0
40882 0
40881 0
40880 0
40879 0
40878 0
40877 0
40876 0
40875 0
40874 0
40873 0
40872 0
40871 0
40870 0
40869 0
40868 0
40867 0
40866 0
40865 0
40864 0
40863 0
40862 0
40861 0
40860 0
40859 0
40858 0
40856 0
40855 0
40854 0
40853 0
40852 0
40851 0
40850 0
40849 0
40848 0
40847 0
40846 0
40845 0
40844 0
40843 0
40842 0
40841 0
40840 0
40839 0
40838 0
40837 0
40836 0
40835 0
40834 0
40833 0
40832 0
40831 0
40830 0
40829 0
40828 0
40827 0
40826 0
40825 0
40824 0
40823 0
40822 0
40821 0
40820 0
40819 0
40818 0
40817 0
40816 0
40815 0
40814 0
40813 0
40812 0
40811 0
40810 0
40809 0
40808 0
40807 0
40806 0
40805 0
40804 0
40803 0
40802 0
40801 0
40800 0
40799 0
40798 0
40797 0
40796 0
40795 0
40794 0
40793 0
40792 0
40791 0
40790 0
40789 0
40788 0
40787 0
40786 0
40785 0
40784 0
40783 0
40782 0
40781 0
40780 0
40779 0
40778 0
40777 0
40776 0
40775 0
40774 0
40773 0
40772 0
40771 0
40770 0
40769 0
40768 0
40767 0
40766 0
40765 0
40764 0
40763 0
40762 0
40761 0
40760 0
40759 0
40758 0
40757 0
40756 0
40755 0
40754 0
40753 0
40752 0
40751 0
40750 0
40749 0
40748 0
40747 0
40746 0
40745 0
40744 0
40743 0
40742 0
40741 0
40740 0
40739 0
40738 0
