28776 186.357
34386 115.365
30818 94.8677
7491 83.3894
18049 77.3027
31657 71.024
34488 36.5784
1158 27.3045
21015 24.4732
14251 19.5712
14163 17.3075
23837 15.0617
7570 13.5863
38449 13.2597
9464 12.0801
33975 11.8224
19096 10.6274
24005 10.067
29879 9.67127
5798 9.62496
31922 7.99046
37377 7.79465
25092 7.56261
35950 7.33189
37266 7.00687
27287 6.95642
9333 6.76362
27767 6.74418
35699 6.14555
3012 6.12848
34630 6.06931
20275 6.02834
13392 5.1416
33265 5.07107
19281 4.96001
7783 4.79806
27184 4.76843
14105 4.30791
2922 4.11828
16210 3.97549
18227 3.90599
1872 3.86673
20262 3.79445
9960 3.79151
31215 3.38198
22254 3.22415
17987 3.19688
25898 3.15796
11452 3.13995
35545 3.08741
19135 3.08323
37737 2.9717
11027 2.95937
18226 2.86566
14373 2.85328
17245 2.78138
3296 2.72413
24359 2.71671
8981 2.64099
29438 2.59972
9841 2.53429
24292 2.50323
28700 2.44519
35025 2.3924
10082 2.38637
40341 2.35358
14829 2.27947
14852 2.26702
9953 2.17269
3114 2.03364
28608 2.02735
39976 2.00527
3763 1.89629
21116 1.89303
8141 1.79054
26495 1.76988
26631 1.75772
31583 1.73596
15488 1.69821
23047 1.69365
34956 1.68366
4555 1.67979
22523 1.67938
34065 1.63857
35318 1.63659
25877 1.60523
17566 1.54703
31772 1.54183
3306 1.50018
21608 1.49574
10904 1.47785
38269 1.47409
23168 1.42758
40733 1.40838
13839 1.40435
3396 1.39219
22197 1.34456
15250 1.34276
36224 1.34235
26025 1.34232
13318 1.33679
694 1.31979
18575 1.30749
22181 1.27649
35487 1.26199
36222 1.23026
10670 1.21415
33082 1.2077
19629 1.19936
21588 1.18377
27296 1.17528
14051 1.1635
5231 1.15913
3765 1.15
3263 1.14648
33961 1.14643
24726 1.1281
26124 1.12709
11295 1.12619
28751 1.12239
31967 1.08954
40425 1.07565
107 1.06635
15119 1.06568
39156 1.04866
30088 1.04853
39763 1.04107
40681 1.00341
13154 0.994508
35461 0.991366
24548 0.967849
12432 0.956144
18476 0.954768
34964 0.934212
36498 0.922444
20716 0.921896
12198 0.913243
36786 0.909155
11456 0.900108
4816 0.888312
36296 0.877381
552 0.874069
14656 0.872706
28272 0.872697
22939 0.866227
18590 0.860852
36964 0.854034
33970 0.853816
27006 0.851923
15977 0.835324
30637 0.833333
22129 0.819345
3584 0.816171
35197 0.814286
438 0.798155
7049 0.789815
23648 0.772712
4261 0.771925
31689 0.76521
19791 0.761548
15906 0.75634
13767 0.743427
1616 0.742563
33500 0.738889
1009 0.738404
16023 0.735226
29178 0.734762
1434 0.729853
19874 0.728849
23416 0.724616
2568 0.722995
3578 0.721826
11938 0.720076
21546 0.71946
37684 0.719375
3964 0.718369
4883 0.715368
10969 0.713965
12804 0.711355
32585 0.705041
18703 0.702338
4791 0.691354
32499 0.690949
36453 0.686373
20274 0.666511
8975 0.661915
7265 0.657065
35549 0.656491
24630 0.655683
2136 0.651672
722 0.650992
21859 0.645341
36829 0.644586
28981 0.64062
32540 0.63915
15340 0.636785
11286 0.635096
27024 0.633466
22701 0.632953
18882 0.630988
34939 0.630229
10211 0.627539
12455 0.626761
6722 0.621795
27254 0.620035
34651 0.616667
15968 0.616667
30104 0.614052
9630 0.612971
11241 0.611111
39937 0.604522
16225 0.60119
17804 0.601094
3516 0.599997
10252 0.598956
38381 0.597354
25972 0.596483
198 0.594555
33787 0.593687
20218 0.5903
19496 0.58994
8491 0.589704
20868 0.588743
35489 0.586483
39999 0.583978
1001 0.575
11045 0.571793
10868 0.569625
39744 0.568941
13594 0.566667
18901 0.565706
39849 0.563926
31997 0.56383
33684 0.561111
28984 0.554762
36111 0.552338
6601 0.533398
5566 0.530806
32011 0.521685
144 0.52001
26737 0.519147
26857 0.516667
8202 0.516469
12536 0.504765
7974 0.501815
19211 0.501692
7240 0.5
40289 0.497985
30823 0.496506
26392 0.492686
22426 0.491667
28960 0.489822
34442 0.488153
13949 0.486111
31870 0.485521
29643 0.483333
19066 0.477778
39448 0.47619
7323 0.475397
9426 0.475
17937 0.472934
23798 0.47165
39628 0.466667
35160 0.463092
13426 0.458333
8257 0.456764
23128 0.452139
12703 0.45
9728 0.447651
12024 0.445833
33575 0.445576
26505 0.444444
25696 0.444444
35405 0.44353
3950 0.44231
21726 0.441048
24412 0.432214
24259 0.431996
30473 0.43125
6087 0.430362
31998 0.429312
38348 0.42619
8951 0.424107
4737 0.423611
12365 0.416667
24792 0.416667
23606 0.416667
21442 0.416667
25516 0.412121
33945 0.41178
13787 0.411111
19235 0.41061
27522 0.408824
24774 0.407727
21035 0.407236
12195 0.40202
2840 0.401158
25302 0.400433
23782 0.399708
28977 0.398925
2196 0.396703
14563 0.394437
10377 0.393347
28594 0.380556
28694 0.378243
5438 0.375
28930 0.372557
1716 0.368687
16336 0.36859
19032 0.363095
21220 0.3618
6088 0.361739
35491 0.353788
6940 0.352538
33098 0.352073
7495 0.35163
21059 0.35149
29532 0.35032
5953 0.347985
845 0.347285
29389 0.346052
27484 0.342857
19769 0.340909
10106 0.338095
19526 0.336601
561 0.336111
4786 0.334815
13865 0.334627
36833 0.333333
5545 0.333333
37802 0.327504
11915 0.327381
27534 0.324825
31351 0.322222
7368 0.321429
29742 0.320503
5251 0.318427
24355 0.316667
13802 0.316468
35805 0.315949
38737 0.313536
15166 0.307476
15007 0.30202
16549 0.301947
36998 0.301532
13166 0.30152
23586 0.300333
32308 0.298118
11047 0.298118
15560 0.295833
8051 0.29359
23664 0.292024
7206 0.291667
23652 0.289954
40624 0.288889
21702 0.288406
12770 0.286111
29986 0.283623
39410 0.28254
24783 0.281818
15563 0.278943
319 0.277836
11400 0.273766
12746 0.270594
13201 0.266982
19413 0.266949
3595 0.26619
32608 0.265404
35 0.263743
25066 0.262795
10092 0.2625
12937 0.262485
30258 0.260289
22687 0.260161
21658 0.259463
19550 0.256566
23005 0.255295
28267 0.255128
18987 0.254555
6411 0.254263
21720 0.253091
33668 0.251166
12120 0.251069
31104 0.25
25119 0.25
20905 0.25
20112 0.25
13930 0.25
8 0.25
5156 0.249733
20826 0.249654
28869 0.249309
8387 0.248352
1613 0.242857
9612 0.242728
12579 0.24202
38454 0.241937
1327 0.241363
29954 0.240909
29116 0.240523
30245 0.240339
10230 0.239456
27629 0.239286
22162 0.238232
17891 0.237231
32006 0.237179
15573 0.236398
18115 0.235145
671 0.234499
8873 0.234483
12098 0.233187
3044 0.233187
21049 0.232384
33703 0.230952
16883 0.230924
11222 0.230911
21693 0.230641
36905 0.230556
32380 0.229798
40503 0.229555
21261 0.229555
544 0.226811
5201 0.225275
650 0.224242
18944 0.224219
9561 0.22406
38205 0.223388
229 0.2232
27558 0.222249
28935 0.221818
11762 0.219957
8092 0.219935
32178 0.219298
23066 0.215152
9679 0.215152
2499 0.215152
37771 0.213287
33285 0.2125
8422 0.212249
13962 0.209239
16392 0.208333
2391 0.207175
36153 0.206156
2242 0.204004
24127 0.203907
1609 0.202679
18142 0.202464
10249 0.202381
5653 0.202315
22801 0.201465
28081 0.201389
2159 0.201166
37164 0.200595
16666 0.200499
38978 0.2
38913 0.2
38631 0.2
37920 0.2
35625 0.2
28406 0.2
28210 0.2
27589 0.2
25853 0.2
23541 0.2
21677 0.2
18794 0.2
18634 0.2
18067 0.2
13302 0.2
12472 0.2
9376 0.2
6198 0.2
3423 0.2
2991 0.2
754 0.2
24851 0.199517
14346 0.198925
7012 0.197688
2498 0.195982
9906 0.194596
18436 0.19457
13641 0.194334
39569 0.192982
14866 0.192752
38174 0.192632
10672 0.191302
3464 0.191288
25156 0.191057
33191 0.190523
24281 0.190523
39062 0.189668
39653 0.188378
15565 0.187179
28578 0.185975
27377 0.18554
40408 0.184066
13127 0.183777
20255 0.183541
31400 0.183333
2587 0.183258
