36313 2.38049
35766 2.14537
8224 2.03119
24239 1.80813
36400 1.72361
3541 1.57309
13654 1.29817
2885 1.28556
27799 1.03827
39791 0.964128
1410 0.896708
32611 0.878451
4544 0.849457
14138 0.831689
32620 0.697917
26323 0.609941
27153 0.453968
4539 0.446429
12569 0.423749
33256 0.385535
5875 0.372024
3002 0.363056
35346 0.351852
38608 0.34691
10210 0.335899
26211 0.333333
14672 0.280627
21801 0.275094
2786 0.275094
28855 0.273611
16655 0.273611
37496 0.273148
26095 0.272537
36673 0.267399
37750 0.25
13771 0.25
3018 0.25
25362 0.248148
16504 0.240774
18340 0.240305
35122 0.240278
7286 0.240278
29237 0.239739
3940 0.239739
28094 0.235171
8969 0.225149
6906 0.223104
15665 0.221492
5778 0.221492
30897 0.214815
22088 0.205742
15669 0.205742
34768 0.2
13780 0.2
3068 0.2
235 0.2
35978 0.19697
26476 0.190883
37342 0.183457
22368 0.176011
432 0.173201
28756 0.170635
19967 0.169173
25433 0.166667
21477 0.166667
21186 0.166667
18230 0.166667
6335 0.166667
5727 0.166667
2866 0.166667
16076 0.165186
3718 0.165186
14858 0.161725
27926 0.158482
21323 0.142857
16787 0.142857
9736 0.142857
4818 0.142857
4028 0.142857
33046 0.13849
12451 0.13849
36278 0.137847
23240 0.137847
6518 0.134618
3852 0.134618
2484 0.134618
38118 0.131983
17105 0.131983
2751 0.12813
34439 0.12619
19952 0.125383
24902 0.125
15056 0.125
20840 0.123996
3105 0.120333
30793 0.116785
19517 0.116785
556 0.116785
38078 0.111111
36992 0.111111
35175 0.111111
22430 0.111111
12952 0.111111
12766 0.111111
7921 0.111111
7592 0.111111
6298 0.111111
3356 0.111111
938 0.111111
13172 0.1
39661 0.0995066
36918 0.0995066
22184 0.0995066
17312 0.0995066
1610 0.0995066
40764 0.096398
31564 0.096398
27176 0.096398
25505 0.096398
21534 0.096398
4984 0.096398
18208 0.0962963
25360 0.0951178
15562 0.0951178
32930 0.092942
29875 0.0909091
17634 0.0909091
11626 0.0909091
550 0.0909091
31947 0.0829651
27033 0.0829651
16298 0.0829651
3887 0.0829651
38468 0.0769231
35220 0.0769231
34116 0.0769231
23446 0.0769231
18834 0.0769231
15225 0.0769231
11804 0.0769231
7807 0.0769231
34378 0.0763158
30425 0.0763158
29902 0.0763158
21431 0.0763158
14842 0.0763158
40783 0.0714286
40585 0.0714286
40204 0.0714286
38301 0.0714286
30476 0.0714286
30209 0.0714286
29129 0.0714286
26832 0.0714286
26541 0.0714286
20835 0.0714286
20093 0.0714286
18520 0.0714286
15212 0.0714286
13745 0.0714286
4444 0.0714286
102 0.0714286
35203 0.0672123
13916 0.0672123
29586 0.0666667
23089 0.0666667
21506 0.0666667
17710 0.0666667
17035 0.0666667
24400 0.0648997
13669 0.0648997
4934 0.0648997
36255 0.0625
33569 0.0625
25474 0.0625
13927 0.0625
8272 0.0625
5240 0.0625
1821 0.0625
40342 0.0608087
27208 0.0608087
23843 0.0608087
2899 0.0608087
38907 0.0555556
36120 0.0555556
33999 0.0526316
31640 0.0526316
31312 0.0526316
26181 0.0526316
17786 0.0526316
17444 0.0526316
11863 0.0526316
80 0.0526316
39058 0.0384615
35099 0.0384615
34579 0.0384615
16778 0.0384615
14585 0.0384615
12853 0.0384615
39001 0.037037
38519 0.037037
37719 0.037037
28739 0.037037
26786 0.037037
25614 0.037037
24891 0.037037
23886 0.037037
22743 0.037037
21895 0.037037
21831 0.037037
19606 0.037037
19580 0.037037
18963 0.037037
18356 0.037037
16508 0.037037
13957 0.037037
13563 0.037037
13178 0.037037
12443 0.037037
6361 0.037037
6041 0.037037
5144 0.037037
3936 0.037037
3291 0.037037
3162 0.037037
2869 0.037037
40124 0.0357143
36864 0.0357143
35271 0.0357143
30275 0.0357143
24748 0.0357143
19774 0.0357143
16754 0.0357143
12011 0.0357143
8197 0.0357143
6914 0.0357143
2218 0.0357143
36718 0.03125
29851 0.03125
29640 0.03125
22711 0.03125
20177 0.03125
19014 0.03125
16047 0.03125
13337 0.03125
1965 0.03125
37815 0.030303
36540 0.030303
23898 0.030303
18561 0.030303
18231 0.030303
13661 0.030303
5708 0.030303
830 0.030303
35706 0.0277778
35463 0.0277778
27740 0.0277778
25651 0.0277778
21978 0.0277778
12922 0.0277778
11914 0.0277778
11540 0.0277778
8828 0.0277778
8365 0.0277778
39155 0.0263158
34674 0.0263158
30419 0.0263158
19277 0.0263158
16299 0.0263158
11808 0.0263158
10923 0.0263158
39947 0.0238095
39177 0.0238095
34923 0.0238095
29634 0.0238095
25568 0.0238095
25307 0.0238095
21889 0.0238095
20928 0.0238095
18765 0.0238095
17583 0.0238095
17318 0.0238095
15434 0.0238095
12522 0.0238095
8237 0.0238095
33452 0.0222222
32369 0.0222222
31140 0.0222222
27863 0.0222222
24126 0.0222222
23585 0.0222222
22170 0.0222222
22075 0.0222222
14569 0.0222222
9794 0.0222222
8321 0.0222222
4189 0.0222222
1131 0.0222222
612 0.0222222
40525 0.0188679
39962 0.0188679
38583 0.0188679
37502 0.0188679
37374 0.0188679
31450 0.0188679
27388 0.0188679
22530 0.0188679
19647 0.0188679
15416 0.0188679
15276 0.0188679
12661 0.0188679
11488 0.0188679
10453 0.0188679
9180 0.0188679
8615 0.0188679
5036 0.0188679
37882 0.015625
34043 0.015625
33391 0.015625
32043 0.015625
31553 0.015625
31352 0.015625
28635 0.015625
26312 0.015625
23206 0.015625
17590 0.015625
16283 0.015625
14934 0.015625
13507 0.015625
12525 0.015625
11393 0.015625
11331 0.015625
8035 0.015625
4112 0.015625
4054 0.015625
1760 0.015625
40980 0
40979 0
40978 0
40977 0
40976 0
40975 0
40974 0
40973 0
40972 0
40971 0
40970 0
40969 0
40968 0
40967 0
40966 0
40965 0
40964 0
40963 0
40962 0
40961 0
40960 0
40959 0
40958 0
40957 0
40956 0
40955 0
40954 0
40953 0
40952 0
40951 0
40950 0
40949 0
40948 0
40947 0
40946 0
40945 0
40944 0
40943 0
40942 0
40941 0
40940 0
40939 0
40938 0
40937 0
40936 0
40935 0
40934 0
40933 0
40932 0
40931 0
40930 0
40929 0
40928 0
40927 0
40926 0
40925 0
40924 0
40923 0
40922 0
40921 0
40920 0
40919 0
40918 0
40917 0
40916 0
40915 0
40914 0
40913 0
40912 0
40911 0
40910 0
40909 0
40908 0
40907 0
40906 0
40905 0
40904 0
40903 0
40902 0
40901 0
40900 0
40899 0
40898 0
40897 0
40896 0
40895 0
40894 0
40893 0
40892 0
40891 0
40890 0
40889 0
40888 0
40887 0
40886 0
40885 0
40884 0
40883 0
40882 0
40881 0
40880 0
40879 0
40878 0
40877 0
40876 0
40875 0
40874 0
40873 0
40872 0
40871 0
40870 0
40869 0
40868 0
40867 0
40866 0
40865 0
40864 0
40863 0
40862 0
40861 0
40860 0
40859 0
40858 0
40857 0
40856 0
40855 0
40854 0
40853 0
40852 0
40851 0
40850 0
40849 0
40848 0
40847 0
40846 0
40845 0
40844 0
40843 0
40842 0
40841 0
40840 0
40839 0
40838 0
40837 0
40836 0
40835 0
40834 0
40833 0
40832 0
40831 0
40830 0
40829 0
40828 0
40827 0
40826 0
40825 0
40824 0
40823 0
40822 0
40821 0
40820 0
40819 0
40818 0
40817 0
