37600 3.09442
7902 2.55457
27710 2.53389
18494 2.53133
28536 2.19455
6811 1.70882
34570 1.40308
12383 1.34645
26993 1.27353
27024 1.26695
40112 1.25298
10482 1.11869
5478 1.03335
18320 0.966521
494 0.777171
4942 0.755906
34137 0.692933
37684 0.620822
18928 0.571892
36392 0.571062
35031 0.550786
24076 0.540357
30368 0.539224
18158 0.524312
39874 0.523949
17820 0.520471
18487 0.493499
34956 0.492187
37623 0.462302
4920 0.460313
32086 0.453987
15444 0.436814
38219 0.407723
8766 0.368357
30463 0.359094
38617 0.357494
9120 0.347857
30196 0.343595
25711 0.340542
30 0.332323
35033 0.32423
33188 0.314513
37728 0.305985
4007 0.301381
4273 0.299906
26167 0.296434
2184 0.295291
29098 0.292832
35964 0.292232
24781 0.290061
21663 0.288279
10401 0.288279
21226 0.23733
15051 0.21948
29879 0.214237
25961 0.211951
18132 0.20202
29479 0.200487
20626 0.200487
32351 0.199103
19815 0.198852
33023 0.1968
16106 0.1968
9505 0.195901
9812 0.19579
29002 0.191992
40045 0.191057
36543 0.189245
36500 0.188828
21230 0.188828
1529 0.180584
28160 0.180319
15366 0.178702
17660 0.175615
12077 0.172222
7156 0.170537
13996 0.168091
6991 0.168091
14642 0.156403
469 0.154011
20284 0.152632
24680 0.12736
27631 0.125
17651 0.125
36863 0.124483
2737 0.124483
32443 0.123882
21535 0.123882
6142 0.119048
35531 0.118478
34779 0.118478
30592 0.118478
35557 0.116316
6472 0.116316
31106 0.115736
11894 0.107027
24173 0.106452
35883 0.104721
15271 0.102381
8394 0.102381
38466 0.0992492
22826 0.0992325
17666 0.0992325
14982 0.0988095
33619 0.0979167
34541 0.096147
28776 0.0956439
9755 0.0945887
8945 0.0945887
39654 0.0909091
39103 0.0909091
36098 0.0909091
29189 0.0909091
25457 0.0909091
20032 0.0909091
17186 0.0909091
14446 0.0909091
12632 0.0909091
4401 0.0909091
3395 0.0909091
3121 0.0909091
1634 0.0909091
12557 0.089527
37272 0.0891865
13752 0.0891865
34136 0.0888945
18672 0.0888945
13726 0.0888945
32268 0.0868485
37387 0.0866522
12941 0.0844828
12583 0.0842371
12789 0.0833333
30105 0.0820124
6907 0.0820124
1297 0.0820124
40702 0.0819142
18450 0.0819142
39025 0.0814388
14301 0.0798048
11629 0.0783428
9629 0.0783428
7712 0.0783428
22776 0.0769231
20640 0.0769231
10502 0.0769231
5773 0.0769231
36181 0.0764173
34630 0.0727273
2780 0.0727273
21417 0.0716125
17147 0.0716125
22151 0.0714286
16892 0.0714286
7352 0.0714286
2698 0.0714286
27850 0.0666667
37547 0.0555556
7421 0.0555556
5391 0.0555556
2287 0.0555556
1196 0.0555556
956 0.0555556
37761 0.0526316
15939 0.0526316
15730 0.0526316
34482 0.05
34261 0.05
26094 0.05
16051 0.0434783
34783 0.0416667
28905 0.0416667
28333 0.0416667
27268 0.0416667
25796 0.0416667
24418 0.0416667
19414 0.0416667
11772 0.0416667
5647 0.0416667
4275 0.0416667
1701 0.0416667
778 0.0416667
15932 0.04
40972 0.0357143
25595 0.0357143
19811 0.0357143
17027 0.0357143
5530 0.0357143
1835 0.0357143
38432 0.0344828
27476 0.0344828
24236 0.0344828
17743 0.0344828
15205 0.0344828
4354 0.0344828
36729 0.0322581
25859 0.0322581
25234 0.0322581
10758 0.0322581
10540 0.0322581
9174 0.0322581
5016 0.0322581
39623 0.03125
39072 0.03125
37180 0.03125
34654 0.03125
31145 0.03125
10039 0.03125
39969 0.030303
24638 0.030303
23424 0.030303
35263 0.0294118
943 0.0294118
40258 0.0285714
24204 0.0285714
24000 0.0285714
19398 0.0285714
12336 0.0285714
10803 0.0285714
6727 0.0285714
40512 0.0277778
39656 0.0277778
36538 0.0277778
25040 0.0277778
19963 0.0277778
10795 0.0277778
7171 0.0277778
38914 0.027027
37288 0.027027
36941 0.027027
35197 0.027027
27798 0.027027
24799 0.027027
23092 0.027027
19146 0.027027
13734 0.027027
10859 0.027027
5903 0.027027
3894 0.027027
2477 0.027027
1601 0.027027
39949 0.0263158
22204 0.0263158
20636 0.0263158
13924 0.0263158
7897 0.0263158
39148 0.025
38124 0.025
34885 0.025
33694 0.025
31966 0.025
28291 0.025
28256 0.025
27159 0.025
25382 0.025
23430 0.025
21218 0.025
17712 0.025
16489 0.025
11757 0.025
11070 0.025
10897 0.025
10064 0.025
9541 0.025
6743 0.025
2713 0.025
36178 0.0243902
20907 0.0243902
20573 0.0243902
14148 0.0243902
9967 0.0243902
8874 0.0243902
40333 0.0227273
39905 0.0227273
32561 0.0227273
26603 0.0227273
25044 0.0227273
23737 0.0227273
22810 0.0227273
22244 0.0227273
22237 0.0227273
19705 0.0227273
16643 0.0227273
16170 0.0227273
14731 0.0227273
11671 0.0227273
11141 0.0227273
7028 0.0227273
7023 0.0227273
2448 0.0227273
36664 0.0222222
36076 0.0222222
31416 0.0222222
29748 0.0222222
28103 0.0222222
19144 0.0222222
5069 0.0222222
898 0.0222222
40980 0
40979 0
40978 0
40977 0
40976 0
40975 0
40974 0
40973 0
40971 0
40970 0
40969 0
40968 0
40967 0
40966 0
40965 0
40964 0
40963 0
40962 0
40961 0
40960 0
40959 0
40958 0
40957 0
40956 0
40955 0
40954 0
40953 0
40952 0
40951 0
40950 0
40949 0
40948 0
40947 0
40946 0
40945 0
40944 0
40943 0
40942 0
40941 0
40940 0
40939 0
40938 0
40937 0
40936 0
40935 0
40934 0
40933 0
40932 0
40931 0
40930 0
40929 0
40928 0
40927 0
40926 0
40925 0
40924 0
40923 0
40922 0
40921 0
40920 0
40919 0
40918 0
40917 0
40916 0
40915 0
40914 0
40913 0
40912 0
40911 0
40910 0
40909 0
40908 0
40907 0
40906 0
40905 0
40904 0
40903 0
40902 0
40901 0
40900 0
40899 0
40898 0
40897 0
40896 0
40895 0
40894 0
40893 0
40892 0
40891 0
40890 0
40889 0
40888 0
40887 0
40886 0
40885 0
40884 0
40883 0
40882 0
40881 0
40880 0
40879 0
40878 0
40877 0
40876 0
40875 0
40874 0
40873 0
40872 0
40871 0
40870 0
40869 0
40868 0
40867 0
40866 0
40865 0
40864 0
40863 0
40862 0
40861 0
40860 0
40859 0
40858 0
40857 0
40856 0
40855 0
40854 0
40853 0
40852 0
40851 0
40850 0
40849 0
40848 0
40847 0
40846 0
40845 0
40844 0
40843 0
40842 0
40841 0
40840 0
40839 0
40838 0
40837 0
40836 0
40835 0
40834 0
40833 0
40832 0
40831 0
40830 0
40829 0
40828 0
40827 0
40826 0
40825 0
40824 0
40823 0
40822 0
40821 0
40820 0
40819 0
40818 0
40817 0
40816 0
40815 0
40814 0
40813 0
40812 0
40811 0
40810 0
40809 0
40808 0
40807 0
40806 0
40805 0
40804 0
40803 0
40802 0
40801 0
40800 0
40799 0
40798 0
40797 0
40796 0
40795 0
40794 0
40793 0
40792 0
40791 0
40790 0
40789 0
40788 0
40787 0
40786 0
40785 0
40784 0
40783 0
40782 0
40781 0
40780 0
40779 0
40778 0
