8672 2.45863
13432 1.72587
31301 1.52167
186 1.07464
7708 0.963228
52 0.791165
10737 0.777639
5693 0.725063
10073 0.574456
31451 0.567816
6096 0.464385
19032 0.452381
26750 0.392857
27514 0.391786
25750 0.391786
4405 0.391786
12630 0.37346
15603 0.35049
2633 0.346561
1622 0.346465
22215 0.326149
39791 0.288451
24382 0.276829
20489 0.276829
17075 0.276829
22402 0.268697
17634 0.268697
7691 0.268697
21497 0.268249
18274 0.258634
28380 0.25
27844 0.25
24493 0.25
16945 0.25
16791 0.25
28038 0.2
21364 0.2
16389 0.2
11271 0.2
10144 0.2
7804 0.2
11352 0.19682
8508 0.191288
21983 0.184926
27410 0.166667
543 0.166667
10980 0.15989
23466 0.152299
17189 0.152299
34946 0.142857
2838 0.142857
39695 0.140038
27425 0.140038
28444 0.131575
24213 0.125
20670 0.125
2815 0.125
22560 0.123299
8867 0.123299
8036 0.123299
31861 0.12177
3591 0.12177
34495 0.120953
919 0.120953
39684 0.111111
26864 0.111111
22338 0.111111
9409 0.111111
39848 0.0965128
20229 0.0965128
10731 0.0965128
5663 0.0965128
5153 0.0965128
37987 0.0909091
28245 0.0909091
26103 0.0909091
22738 0.0909091
9765 0.0909091
3280 0.0909091
3245 0.0909091
1391 0.0909091
40205 0.0833333
33327 0.0833333
33043 0.0833333
28089 0.0833333
6767 0.0833333
10730 0.0714286
38902 0.0666667
38151 0.0666667
30961 0.0666667
19201 0.0666667
10923 0.0666667
10277 0.0666667
39048 0.0625
31888 0.0625
31130 0.0625
28974 0.0625
27892 0.0625
18529 0.0625
9704 0.0625
2191 0.0625
1204 0.0625
39171 0.0588235
36035 0.0588235
33660 0.0588235
30746 0.0588235
25626 0.0588235
24013 0.0588235
16257 0.0588235
4602 0.0588235
31815 0.0555556
27322 0.0555556
23269 0.0555556
16268 0.0555556
16214 0.0555556
14973 0.0555556
14007 0.0555556
6246 0.0555556
32975 0.05
3648 0.05
40829 0.0454545
40661 0.0454545
39582 0.0384615
36623 0.0384615
22990 0.0384615
16915 0.0384615
15769 0.0384615
15189 0.0384615
11108 0.0384615
2548 0.0384615
34187 0.037037
27886 0.037037
23014 0.037037
14544 0.037037
6644 0.037037
6061 0.037037
2289 0.037037
363 0.037037
38906 0.0357143
31880 0.0357143
30916 0.0357143
28345 0.0357143
24002 0.0357143
20890 0.0357143
16968 0.0357143
16789 0.0357143
15692 0.0357143
6563 0.0357143
40956 0.0344828
35879 0.0344828
32967 0.0344828
32620 0.0344828
30750 0.0344828
27799 0.0344828
27407 0.0344828
24239 0.0344828
22027 0.0344828
18514 0.0344828
17312 0.0344828
11836 0.0344828
10901 0.0344828
7921 0.0344828
6715 0.0344828
5920 0.0344828
3494 0.0344828
2885 0.0344828
40759 0.0263158
37782 0.0263158
37637 0.0263158
37176 0.0263158
31406 0.0263158
26088 0.0263158
23154 0.0263158
18328 0.0263158
17656 0.0263158
14377 0.0263158
13007 0.0263158
865 0.0263158
40980 0
40979 0
40978 0
40977 0
40976 0
40975 0
40974 0
40973 0
40972 0
40971 0
40970 0
40969 0
40968 0
40967 0
40966 0
40965 0
40964 0
40963 0
40962 0
40961 0
40960 0
40959 0
40958 0
40957 0
40955 0
40954 0
40953 0
40952 0
40951 0
40950 0
40949 0
40948 0
40947 0
40946 0
40945 0
40944 0
40943 0
40942 0
40941 0
40940 0
40939 0
40938 0
40937 0
40936 0
40935 0
40934 0
40933 0
40932 0
40931 0
40930 0
40929 0
40928 0
40927 0
40926 0
40925 0
40924 0
40923 0
40922 0
40921 0
40920 0
40919 0
40918 0
40917 0
40916 0
40915 0
40914 0
40913 0
40912 0
40911 0
40910 0
40909 0
40908 0
40907 0
40906 0
40905 0
40904 0
40903 0
40902 0
40901 0
40900 0
40899 0
40898 0
40897 0
40896 0
40895 0
40894 0
40893 0
40892 0
40891 0
40890 0
40889 0
40888 0
40887 0
40886 0
40885 0
40884 0
40883 0
40882 0
40881 0
40880 0
40879 0
40878 0
40877 0
40876 0
40875 0
40874 0
40873 0
40872 0
40871 0
40870 0
40869 0
40868 0
40867 0
40866 0
40865 0
40864 0
40863 0
40862 0
40861 0
40860 0
40859 0
40858 0
40857 0
40856 0
40855 0
40854 0
40853 0
40852 0
40851 0
40850 0
40849 0
40848 0
40847 0
40846 0
40845 0
40844 0
40843 0
40842 0
40841 0
40840 0
40839 0
40838 0
40837 0
40836 0
40835 0
40834 0
40833 0
40832 0
40831 0
40830 0
40828 0
40827 0
40826 0
40825 0
40824 0
40823 0
40822 0
40821 0
40820 0
40819 0
40818 0
40817 0
40816 0
40815 0
40814 0
40813 0
40812 0
40811 0
40810 0
40809 0
40808 0
40807 0
40806 0
40805 0
40804 0
40803 0
40802 0
40801 0
40800 0
40799 0
40798 0
40797 0
40796 0
40795 0
40794 0
40793 0
40792 0
40791 0
40790 0
40789 0
40788 0
40787 0
40786 0
40785 0
40784 0
40783 0
40782 0
40781 0
40780 0
40779 0
40778 0
40777 0
40776 0
40775 0
40774 0
40773 0
40772 0
40771 0
40770 0
40769 0
40768 0
40767 0
40766 0
40765 0
40764 0
40763 0
40762 0
40761 0
40760 0
40758 0
40757 0
40756 0
40755 0
40754 0
40753 0
40752 0
40751 0
40750 0
40749 0
40748 0
40747 0
40746 0
40745 0
40744 0
40743 0
40742 0
40741 0
40740 0
40739 0
40738 0
40737 0
40736 0
40735 0
40734 0
40733 0
40732 0
40731 0
40730 0
40729 0
40728 0
40727 0
40726 0
40725 0
40724 0
40723 0
40722 0
40721 0
40720 0
40719 0
40718 0
40717 0
40716 0
40715 0
40714 0
40713 0
40712 0
40711 0
40710 0
40709 0
40708 0
40707 0
40706 0
40705 0
40704 0
40703 0
40702 0
40701 0
40700 0
40699 0
40698 0
40697 0
40696 0
40695 0
40694 0
40693 0
40692 0
40691 0
40690 0
40689 0
40688 0
40687 0
40686 0
40685 0
40684 0
40683 0
40682 0
40681 0
40680 0
40679 0
40678 0
40677 0
40676 0
40675 0
40674 0
40673 0
40672 0
40671 0
40670 0
40669 0
40668 0
40667 0
40666 0
40665 0
40664 0
40663 0
40662 0
40660 0
40659 0
40658 0
40657 0
40656 0
40655 0
