20846 69.984
23057 5.9665
2928 5.78204
5568 5.09268
14388 4.99286
15737 4.65339
18434 4.19134
38898 4.0578
17018 3.65952
2106 3.57619
28594 3.56786
35596 3.50476
16130 3.49625
26513 3.36169
35422 3.24503
17080 2.84746
15407 2.81667
15729 2.65833
4775 2.63333
15298 2.51829
7382 2.49268
20888 2.38258
11257 2.15119
27960 2.14286
16610 2.10952
10216 2.04744
4152 1.94286
28055 1.89784
16450 1.7
35130 1.64286
17110 1.64286
40625 1.56667
35907 1.54167
17540 1.51667
201 1.40238
10835 1.39286
21267 1.37619
35449 1.35417
38368 1.325
8376 1.3
8909 1.27083
40206 1.25
14320 1.23571
19561 1.19286
22432 1.15891
32152 1.14583
17467 1.12917
27859 1.0921
33316 1.02006
1876 1.00238
1826 0.98869
20905 0.98869
16375 0.916667
37470 0.916667
36356 0.916667
40232 0.910105
38204 0.893438
38332 0.866667
22428 0.833333
16342 0.833333
15338 0.833333
29780 0.821414
7626 0.817247
17640 0.798214
31301 0.783333
20788 0.783333
30992 0.75
6910 0.75
5624 0.72619
11471 0.708333
4026 0.703358
33060 0.7
16533 0.7
22708 0.67619
9964 0.67619
24461 0.666667
5692 0.666667
21436 0.65
17773 0.65
2348 0.65
22299 0.625
12157 0.625
15966 0.621216
33296 0.604167
1254 0.604167
24995 0.592857
5463 0.592857
3737 0.566667
33123 0.554167
28750 0.540909
25646 0.533333
24567 0.525
12339 0.520833
11327 0.520494
40338 0.509524
39880 0.5
3219 0.467857
26997 0.420833
13391 0.420833
11767 0.420833
13032 0.41369
30821 0.361742
25816 0.34939
35853 0.333333
29879 0.333333
28776 0.333333
28707 0.333333
27719 0.333333
27147 0.333333
23231 0.333333
22958 0.333333
21988 0.333333
21059 0.333333
19390 0.333333
13815 0.333333
10459 0.333333
6551 0.333333
599 0.333333
586 0.333333
2832 0.330357
12112 0.320833
32047 0.3125
22340 0.3125
25856 0.292247
442 0.28869
5073 0.281966
38278 0.262338
40075 0.25
39121 0.25
33073 0.25
32109 0.25
31237 0.25
31220 0.25
29330 0.25
28792 0.25
27461 0.25
24767 0.25
23741 0.25
23644 0.25
13416 0.25
11916 0.25
11523 0.25
9175 0.25
8520 0.25
7785 0.25
6916 0.25
6687 0.25
6109 0.25
5324 0.25
4140 0.25
2879 0.25
2125 0.25
298 0.25
40684 0.2
40278 0.2
39279 0.2
39246 0.2
38069 0.2
37292 0.2
33664 0.2
33482 0.2
33138 0.2
33110 0.2
31667 0.2
31616 0.2
28081 0.2
27282 0.2
27026 0.2
23242 0.2
23176 0.2
18952 0.2
13738 0.2
13075 0.2
8550 0.2
3768 0.2
3452 0.2
33127 0.186728
39083 0.166667
35589 0.166667
32802 0.166667
26265 0.166667
26244 0.166667
25128 0.166667
25034 0.166667
19366 0.166667
13321 0.166667
12724 0.166667
12326 0.166667
9900 0.166667
7377 0.166667
4146 0.166667
3881 0.166667
603 0.166667
40133 0.142857
39220 0.142857
34070 0.142857
33131 0.142857
31765 0.142857
26000 0.142857
24465 0.142857
24377 0.142857
18581 0.142857
17420 0.142857
14156 0.142857
5910 0.142857
4012 0.142857
125 0.142857
39253 0.125
22918 0.125
22455 0.125
10993 0.125
10933 0.125
7884 0.125
1513 0.125
18924 0.1
40726 0.0909091
29288 0.0909091
18953 0.0909091
18682 0.0909091
12690 0.0909091
12531 0.0909091
11950 0.0909091
38601 0.0243902
34288 0.0243902
33306 0.0243902
31076 0.0243902
26742 0.0243902
24783 0.0243902
23027 0.0243902
20661 0.0243902
18424 0.0243902
17482 0.0243902
12704 0.0243902
8999 0.0243902
6874 0.0243902
6749 0.0243902
3646 0.0243902
40787 0.0208333
38849 0.0208333
36065 0.0208333
35456 0.0208333
33515 0.0208333
31547 0.0208333
27988 0.0208333
23961 0.0208333
22838 0.0208333
21625 0.0208333
20988 0.0208333
19837 0.0208333
19435 0.0208333
12696 0.0208333
11554 0.0208333
11209 0.0208333
10538 0.0208333
8154 0.0208333
4553 0.0208333
2905 0.0208333
2126 0.0208333
878 0.0208333
40980 0
40979 0
40978 0
40977 0
40976 0
40975 0
40974 0
40973 0
40972 0
40971 0
40970 0
40969 0
40968 0
40967 0
40966 0
40965 0
40964 0
40963 0
40962 0
40961 0
40960 0
40959 0
40958 0
40957 0
40956 0
40955 0
40954 0
40953 0
40952 0
40951 0
40950 0
40949 0
40948 0
40947 0
40946 0
40945 0
40944 0
40943 0
40942 0
40941 0
40940 0
40939 0
40938 0
40937 0
40936 0
40935 0
40934 0
40933 0
40932 0
40931 0
40930 0
40929 0
40928 0
40927 0
40926 0
40925 0
40924 0
40923 0
40922 0
40921 0
40920 0
40919 0
40918 0
40917 0
40916 0
40915 0
40914 0
40913 0
40912 0
40911 0
40910 0
40909 0
40908 0
40907 0
40906 0
40905 0
40904 0
40903 0
40902 0
40901 0
40900 0
40899 0
40898 0
40897 0
40896 0
40895 0
40894 0
40893 0
40892 0
40891 0
40890 0
40889 0
40888 0
40887 0
40886 0
40885 0
40884 0
40883 0
40882 0
40881 0
40880 0
40879 0
40878 0
40877 0
40876 0
40875 0
40874 0
40873 0
40872 0
40871 0
40870 0
40869 0
40868 0
40867 0
40866 0
40865 0
40864 0
40863 0
40862 0
40861 0
40860 0
40859 0
40858 0
40857 0
40856 0
40855 0
40854 0
40853 0
40852 0
40851 0
40850 0
40849 0
40848 0
40847 0
40846 0
40845 0
40844 0
40843 0
40842 0
40841 0
40840 0
40839 0
40838 0
40837 0
40836 0
40835 0
40834 0
40833 0
40832 0
40831 0
40830 0
40829 0
40828 0
40827 0
40826 0
40825 0
40824 0
40823 0
40822 0
40821 0
40820 0
40819 0
40818 0
40817 0
40816 0
40815 0
40814 0
40813 0
40812 0
40811 0
40810 0
40809 0
40808 0
40807 0
40806 0
40805 0
40804 0
40803 0
40802 0
40801 0
40800 0
40799 0
40798 0
40797 0
40796 0
40795 0
40794 0
40793 0
40792 0
40791 0
40790 0
40789 0
40788 0
40786 0
40785 0
40784 0
40783 0
40782 0
40781 0
40780 0
40779 0
40778 0
40777 0
40776 0
40775 0
40774 0
40773 0
40772 0
40771 0
40770 0
40769 0
40768 0
40767 0
40766 0
40765 0
40764 0
40763 0
40762 0
40761 0
40760 0
40759 0
40758 0
40757 0
40756 0
40755 0
40754 0
40753 0
40752 0
40751 0
40750 0
40749 0
40748 0
40747 0
40746 0
40745 0
40744 0
40743 0
40742 0
40741 0
40740 0
40739 0
