31301 6.64698
5693 3.68762
27799 2.06692
8672 1.14844
52 1.05173
17634 0.984213
22228 0.968108
18937 0.94697
6002 0.839969
23843 0.839286
18328 0.762155
2249 0.7
38662 0.696919
4405 0.684551
19032 0.592857
2241 0.567816
15603 0.511111
8393 0.4
27514 0.392431
3936 0.357143
10923 0.342059
29629 0.327364
36292 0.32246
12221 0.278943
9599 0.273449
33078 0.25
32507 0.25
28123 0.25
363 0.25
12176 0.247076
12243 0.24533
25543 0.21978
6504 0.21978
6856 0.214127
33491 0.2
26083 0.2
23317 0.2
17442 0.2
13334 0.2
12812 0.2
34825 0.178304
25846 0.170594
40405 0.166667
32503 0.166667
19788 0.166667
17312 0.166667
16701 0.166667
901 0.163636
26395 0.155252
26400 0.146388
8186 0.146388
34908 0.142857
34495 0.142857
32053 0.142857
28382 0.142857
15237 0.142857
1975 0.142857
32342 0.133333
17515 0.133333
32921 0.125
29360 0.125
10560 0.125
7708 0.125
34673 0.117698
4070 0.117698
38357 0.111111
26750 0.105303
12709 0.105303
10737 0.105303
919 0.105303
27886 0.1
14132 0.1
28904 0.0909091
20966 0.0909091
20634 0.0909091
8525 0.0909091
27283 0.0833333
20068 0.0833333
3382 0.0833333
37924 0.0769231
30780 0.0769231
17180 0.0769231
14651 0.0769231
33651 0.0714286
18616 0.0714286
11465 0.0714286
5175 0.0714286
39616 0.0588235
39314 0.0588235
37661 0.0588235
34871 0.0588235
33944 0.0588235
23380 0.0588235
21849 0.0588235
21771 0.0588235
16937 0.0588235
16853 0.0588235
9831 0.0588235
5034 0.0588235
2053 0.0588235
38377 0.0526316
33240 0.0526316
26789 0.0526316
14541 0.0526316
14426 0.0526316
10057 0.0526316
5620 0.0526316
40381 0.05
37820 0.05
35158 0.05
26871 0.05
12384 0.05
10238 0.05
9846 0.05
7828 0.05
1375 0.05
36707 0.0344828
30972 0.0344828
28444 0.0344828
27322 0.0344828
22990 0.0344828
22890 0.0344828
22560 0.0344828
21556 0.0344828
20880 0.0344828
20474 0.0344828
16018 0.0344828
15637 0.0344828
13079 0.0344828
12620 0.0344828
4432 0.0344828
2659 0.0344828
1427 0.0344828
38940 0.0333333
36546 0.0333333
30760 0.0333333
30361 0.0333333
29154 0.0333333
27021 0.0333333
25445 0.0333333
13845 0.0333333
11630 0.0333333
5373 0.0333333
4943 0.0333333
2191 0.0333333
784 0.0333333
39112 0.030303
38317 0.030303
33068 0.030303
26923 0.030303
26297 0.030303
24756 0.030303
23348 0.030303
22488 0.030303
22054 0.030303
19124 0.030303
16710 0.030303
11075 0.030303
9019 0.030303
6173 0.030303
1977 0.030303
1587 0.030303
40811 0.0285714
39940 0.0285714
37562 0.0285714
37087 0.0285714
34704 0.0285714
34394 0.0285714
30611 0.0285714
29997 0.0285714
27892 0.0285714
26892 0.0285714
16791 0.0285714
16157 0.0285714
9197 0.0285714
5049 0.0285714
1940 0.0285714
1718 0.0285714
39695 0.025
33712 0.025
31274 0.025
26401 0.025
24475 0.025
23059 0.025
22402 0.025
21228 0.025
21147 0.025
18274 0.025
14705 0.025
14499 0.025
14427 0.025
10731 0.025
9372 0.025
9200 0.025
7691 0.025
6644 0.025
5663 0.025
5532 0.025
1979 0.025
218 0.025
40980 0
40979 0
40978 0
40977 0
40976 0
40975 0
40974 0
40973 0
40972 0
40971 0
40970 0
40969 0
40968 0
40967 0
40966 0
40965 0
40964 0
40963 0
40962 0
40961 0
40960 0
40959 0
40958 0
40957 0
40956 0
40955 0
40954 0
40953 0
40952 0
40951 0
40950 0
40949 0
40948 0
40947 0
40946 0
40945 0
40944 0
40943 0
40942 0
40941 0
40940 0
40939 0
40938 0
40937 0
40936 0
40935 0
40934 0
40933 0
40932 0
40931 0
40930 0
40929 0
40928 0
40927 0
40926 0
40925 0
40924 0
40923 0
40922 0
40921 0
40920 0
40919 0
40918 0
40917 0
40916 0
40915 0
40914 0
40913 0
40912 0
40911 0
40910 0
40909 0
40908 0
40907 0
40906 0
40905 0
40904 0
40903 0
40902 0
40901 0
40900 0
40899 0
40898 0
40897 0
40896 0
40895 0
40894 0
40893 0
40892 0
40891 0
40890 0
40889 0
40888 0
40887 0
40886 0
40885 0
40884 0
40883 0
40882 0
40881 0
40880 0
40879 0
40878 0
40877 0
40876 0
40875 0
40874 0
40873 0
40872 0
40871 0
40870 0
40869 0
40868 0
40867 0
40866 0
40865 0
40864 0
40863 0
40862 0
40861 0
40860 0
40859 0
40858 0
40857 0
40856 0
40855 0
40854 0
40853 0
40852 0
40851 0
40850 0
40849 0
40848 0
40847 0
40846 0
40845 0
40844 0
40843 0
40842 0
40841 0
40840 0
40839 0
40838 0
40837 0
40836 0
40835 0
40834 0
40833 0
40832 0
40831 0
40830 0
40829 0
40828 0
40827 0
40826 0
40825 0
40824 0
40823 0
40822 0
40821 0
40820 0
40819 0
40818 0
40817 0
40816 0
40815 0
40814 0
40813 0
40812 0
40810 0
40809 0
40808 0
40807 0
40806 0
40805 0
40804 0
40803 0
40802 0
40801 0
40800 0
40799 0
40798 0
40797 0
40796 0
40795 0
40794 0
40793 0
40792 0
40791 0
40790 0
40789 0
40788 0
40787 0
40786 0
40785 0
40784 0
40783 0
40782 0
40781 0
40780 0
40779 0
40778 0
40777 0
40776 0
40775 0
40774 0
40773 0
40772 0
40771 0
40770 0
40769 0
40768 0
40767 0
40766 0
40765 0
40764 0
40763 0
40762 0
40761 0
40760 0
40759 0
40758 0
40757 0
40756 0
40755 0
40754 0
40753 0
40752 0
40751 0
40750 0
40749 0
40748 0
40747 0
40746 0
40745 0
40744 0
40743 0
40742 0
40741 0
40740 0
40739 0
40738 0
40737 0
40736 0
40735 0
40734 0
40733 0
40732 0
40731 0
40730 0
40729 0
40728 0
40727 0
40726 0
40725 0
40724 0
40723 0
40722 0
40721 0
40720 0
40719 0
40718 0
40717 0
40716 0
40715 0
40714 0
40713 0
40712 0
40711 0
40710 0
40709 0
40708 0
40707 0
40706 0
40705 0
40704 0
40703 0
40702 0
40701 0
40700 0
40699 0
40698 0
40697 0
40696 0
40695 0
40694 0
40693 0
40692 0
40691 0
40690 0
40689 0
40688 0
40687 0
40686 0
40685 0
40684 0
40683 0
40682 0
40681 0
40680 0
