27799 16.9011
37102 10.7033
22469 7.51607
6041 7.09031
27166 6.85758
2638 4.71628
27486 4.54484
31589 4.10519
18138 3.94014
22530 3.77427
8208 3.73871
24336 3.49834
8427 3.40871
18017 3.34703
40890 3.32438
20749 3.22212
9503 2.8734
2885 2.6898
24902 2.60014
18963 2.57023
11810 2.46056
30635 2.36839
24523 2.12251
2027 2.06087
32572 1.81765
6579 1.73936
30504 1.72683
3068 1.70316
785 1.58291
21186 1.52449
14503 1.42496
10022 1.3712
36313 1.35005
37120 1.34286
7478 1.29167
19774 1.275
32340 1.25
13766 1.22686
30616 1.19013
1745 1.17619
8197 1.14149
30035 1.10108
10210 1.08062
25826 1.06321
14936 1.06096
21813 1.03287
4189 1.02896
11059 1.02692
11167 1.00536
5159 0.976923
21323 0.963889
22453 0.95297
20928 0.95119
36875 0.933333
4848 0.912302
26895 0.901044
37085 0.847789
20230 0.821572
15665 0.809524
28008 0.805357
22953 0.798082
5422 0.783333
1253 0.772619
40868 0.772024
34005 0.771601
32144 0.768541
24137 0.751211
32208 0.75
28855 0.719743
13654 0.717073
3815 0.709806
22088 0.701634
33458 0.7
4994 0.658333
32544 0.65
8412 0.642857
927 0.625
29084 0.625
25505 0.599848
33994 0.576923
11869 0.570076
17900 0.568405
141 0.5671
6172 0.566543
29140 0.564825
9957 0.5625
18520 0.547619
17325 0.542857
14385 0.541667
28185 0.533333
22594 0.516667
8497 0.509524
10974 0.507531
29946 0.495798
6319 0.493338
17675 0.492857
23240 0.491667
22711 0.489639
35734 0.482531
2869 0.477532
17312 0.458477
16298 0.457063
32788 0.456311
37948 0.446379
25851 0.441667
40389 0.434524
33038 0.434524
27083 0.434524
6336 0.432063
30693 0.413923
18329 0.411376
32337 0.407989
1491 0.404058
29041 0.401923
32437 0.392857
18517 0.388889
32188 0.377778
3852 0.376923
3326 0.373333
38856 0.366667
33377 0.365491
11488 0.363546
27052 0.362637
4719 0.3625
19219 0.357143
28749 0.348086
22368 0.346279
35346 0.343355
31445 0.340909
24963 0.333333
22876 0.333333
18369 0.333333
17219 0.333333
13901 0.333333
6707 0.333333
16395 0.332908
15416 0.332908
33633 0.331944
21889 0.328042
24239 0.325738
13119 0.324242
13916 0.318798
14006 0.31859
21120 0.316468
35317 0.314541
31564 0.310783
26786 0.310517
10196 0.310257
26181 0.308469
26393 0.299118
32838 0.296078
8237 0.296078
23898 0.2875
39383 0.284524
28964 0.284524
14158 0.28228
31531 0.278604
26069 0.271368
6386 0.269406
32324 0.259858
13507 0.253147
3002 0.252447
40476 0.25
30897 0.25
24055 0.25
14223 0.25
6216 0.25
6138 0.25
31947 0.249192
1378 0.246465
17582 0.240943
828 0.235427
31622 0.231027
320 0.229167
19867 0.225101
1238 0.225
31140 0.221531
4361 0.221531
13001 0.220464
37612 0.219444
39947 0.218394
30676 0.218394
27989 0.218394
11080 0.218394
3940 0.218394
110 0.218394
39387 0.214068
40599 0.2
39421 0.2
38404 0.2
36528 0.2
36078 0.2
25190 0.2
24329 0.2
23143 0.2
21830 0.2
16504 0.2
13234 0.2
12671 0.2
12171 0.2
9884 0.2
4486 0.2
2598 0.2
19517 0.19385
7253 0.174386
40252 0.173002
27578 0.173002
271 0.168251
39002 0.166667
38288 0.166667
37906 0.166667
33391 0.166667
33152 0.166667
26485 0.166667
23526 0.166667
21477 0.166667
18964 0.166667
18558 0.166667
17178 0.166667
16754 0.166667
14185 0.166667
13550 0.166667
11640 0.166667
11334 0.166667
10155 0.166667
9523 0.166667
5937 0.166667
4586 0.166667
2621 0.166667
7167 0.160965
39910 0.157942
39583 0.155589
13649 0.154555
32034 0.154205
29211 0.152447
24400 0.149428
37305 0.149408
16806 0.148459
37511 0.142857
34795 0.142857
33111 0.142857
31858 0.142857
29261 0.142857
21516 0.142857
13510 0.142857
12376 0.142857
7152 0.142857
5448 0.142857
1448 0.142857
166 0.142857
11789 0.142439
39661 0.134307
16076 0.134307
11804 0.131036
25556 0.126607
7454 0.126607
40228 0.125
39028 0.125
35974 0.125
35825 0.125
35569 0.125
21157 0.125
19535 0.125
17363 0.125
15167 0.125
15014 0.125
8828 0.125
841 0.125
16327 0.120003
22249 0.116371
16924 0.115402
12695 0.115402
40525 0.111111
37115 0.111111
25225 0.111111
12105 0.111111
9196 0.111111
7792 0.111111
7555 0.111111
2786 0.111111
2266 0.111111
416 0.111111
13016 0.109581
6166 0.109028
18866 0.106796
38500 0.1
32536 0.1
27675 0.1
18446 0.1
12185 0.1
25184 0.0954107
13733 0.0954107
10501 0.0954107
37832 0.0909091
31054 0.0909091
29589 0.0909091
27408 0.0909091
27326 0.0909091
25308 0.0909091
22127 0.0909091
19563 0.0909091
16947 0.0909091
4444 0.0909091
4121 0.0909091
2262 0.0909091
1791 0.0909091
37958 0.0879303
26950 0.0833333
26854 0.0833333
25213 0.0833333
19759 0.0833333
17917 0.0833333
2489 0.0833333
28110 0.0784314
39551 0.0769231
32796 0.0769231
32043 0.0769231
32032 0.0769231
31260 0.0769231
29634 0.0769231
23843 0.0769231
17301 0.0769231
17102 0.0769231
12942 0.0769231
2221 0.0769231
860 0.0769231
36934 0.0714286
27721 0.0714286
19802 0.0714286
19277 0.0714286
8685 0.0714286
5603 0.0714286
15669 0.0695633
32620 0.0683384
12569 0.0683384
3162 0.0683384
32279 0.0666667
31163 0.0666667
28552 0.0666667
27338 0.0666667
26900 0.0666667
12920 0.0666667
9653 0.0666667
3980 0.0666667
343 0.0666667
39791 0.0653966
33108 0.0648794
4028 0.0648794
24364 0.0625
14797 0.0625
7145 0.0625
36166 0.0588235
31228 0.0588235
11607 0.0588235
35063 0.0573903
34702 0.0573903
28424 0.0573903
21757 0.0573903
13669 0.0569652
1821 0.0569652
33266 0.0555556
21624 0.0555556
38583 0.0532897
37502 0.0532897
33267 0.0532897
7536 0.0532897
37938 0.0526316
33075 0.0526316
31827 0.0526316
26140 0.0526316
23748 0.0526316
21512 0.0526316
21115 0.0526316
19952 0.0526316
19250 0.0526316
17837 0.0526316
11531 0.0526316
11136 0.0526316
7512 0.0526316
7175 0.0526316
6685 0.0526316
4934 0.0526316
38534 0.047619
28638 0.047619
39177 0.0459465
32036 0.0459465
30793 0.0459465
28273 0.0459465
16047 0.0459465
4896 0.0459465
233 0.0459465
35203 0.0457182
33452 0.0457182
28521 0.0457182
8242 0.0457182
6715 0.0457182
37711 0.0454545
13388 0.0454545
12522 0.0454545
8367 0.0454545
39183 0.0416667
30192 0.0416667
27341 0.0416667
24396 0.0416667
22295 0.0416667
21094 0.0416667
12284 0.0416667
8625 0.0416667
1033 0.0416667
33028 0.04
26095 0.04
24761 0.04
23709 0.0384615
11727 0.0384615
2837 0.0384615
38956 0.0294118
38891 0.0294118
35733 0.0294118
32930 0.0294118
30052 0.0294118
21861 0.0294118
20020 0.0294118
18356 0.0294118
16629 0.0294118
14672 0.0294118
11626 0.0294118
11417 0.0294118
10654 0.0294118
8356 0.0294118
6539 0.0294118
1637 0.0294118
259 0.0294118
34282 0.025
19495 0.025
11304 0.025
7746 0.025
5209 0.025
36952 0.0208333
35185 0.0208333
31928 0.0208333
28952 0.0208333
27926 0.0208333
22405 0.0208333
21978 0.0208333
19967 0.0208333
18421 0.0208333
15012 0.0208333
11725 0.0208333
11393 0.0208333
11152 0.0208333
9553 0.0208333
2069 0.0208333
1659 0.0208333
315 0.0208333
35610 0.0204082
30847 0.0204082
23432 0.0204082
22099 0.0204082
20286 0.0204082
15642 0.0204082
12170 0.0204082
8309 0.0204082
7412 0.0204082
3124 0.0204082
830 0.0204082
697 0.0204082
40398 0.0196078
33052 0.0196078
31837 0.0196078
31205 0.0196078
27388 0.0196078
19391 0.0196078
18997 0.0196078
15699 0.0196078
5369 0.0196078
3755 0.0196078
3561 0.0196078
1355 0.0196078
31352 0.0185185
26010 0.0185185
22170 0.0185185
16962 0.0185185
13172 0.0185185
11264 0.0185185
10879 0.0185185
3541 0.0185185
432 0.0185185
40783 0.0169492
39962 0.0169492
37729 0.0169492
35661 0.0169492
31640 0.0169492
30994 0.0169492
29852 0.0169492
27663 0.0169492
23861 0.0169492
23494 0.0169492
22959 0.0169492
22072 0.0169492
19647 0.0169492
