118 62.9829
34956 27.8776
11473 27.856
29879 22.0538
27024 15.5788
21112 15.0991
37684 13.7424
4942 10.5665
11757 9.97018
31600 8.16533
28536 7.87111
12583 6.15643
39874 5.98308
14145 5.73215
23606 5.39644
35197 4.93963
2184 4.05031
4401 3.82831
23430 3.51511
30463 3.49266
29479 3.48258
36543 3.37821
943 3.26935
15366 3.22728
8766 3.22021
40702 3.16992
18320 2.59452
15051 2.41288
15932 2.36664
28776 2.30639
34488 2.05117
19398 2.02531
46 1.97778
33188 1.89571
18928 1.86194
30306 1.80952
9435 1.79183
18494 1.79181
30528 1.75033
15173 1.71541
2780 1.6484
22237 1.63919
14457 1.61145
33978 1.44444
25911 1.25556
27027 1.15833
5542 1.15466
18158 1.1295
28840 1.12778
38219 1.11597
25675 1.09359
25686 1.08175
35557 1.07911
469 1.05445
9960 1.00794
15746 1.00317
34779 1.00311
35492 0.998338
16864 0.987302
38617 0.984813
11832 0.943347
22013 0.915966
37423 0.878268
17027 0.866667
31931 0.850622
28043 0.847929
25796 0.814225
22826 0.813312
30 0.728928
34630 0.71479
37547 0.712578
15939 0.7
33023 0.69067
40257 0.676467
32561 0.67608
19456 0.674542
7902 0.639068
1529 0.636111
3038 0.624516
24638 0.604762
39321 0.601485
38677 0.60119
16580 0.6
33694 0.592857
15186 0.577717
5672 0.575
1297 0.575
13310 0.561111
1376 0.561111
36664 0.559524
6455 0.552428
14594 0.544444
11894 0.53804
4014 0.535089
40622 0.53125
17670 0.527778
32268 0.525183
22244 0.523993
16170 0.523993
33056 0.521645
5903 0.516414
37745 0.513034
31966 0.512175
19629 0.509524
2070 0.509524
18672 0.506177
15533 0.5
14183 0.495455
10897 0.491772
23818 0.485714
11629 0.484203
11141 0.480593
17820 0.467857
29662 0.466667
34137 0.465315
7871 0.452381
3614 0.45
29596 0.438095
13331 0.433824
12043 0.422222
27754 0.415909
14761 0.414286
19754 0.409635
9581 0.401923
30130 0.401681
30465 0.401149
2507 0.398413
27533 0.396825
29655 0.392857
6376 0.392157
40720 0.386447
29002 0.37103
10270 0.37037
2737 0.367857
10917 0.358824
6472 0.357275
15073 0.348311
39905 0.344972
21631 0.342857
10504 0.342857
38443 0.338095
35430 0.333333
17271 0.333333
16892 0.333333
12037 0.333333
8528 0.333333
11671 0.329167
10064 0.307143
33447 0.302632
25519 0.302413
30041 0.30234
35031 0.299107
19146 0.299107
40670 0.298611
40333 0.292857
31065 0.284722
8874 0.28125
19963 0.281046
37280 0.277678
26603 0.273397
3894 0.273199
16423 0.273148
17666 0.270447
6775 0.269841
32259 0.264683
26993 0.259921
24799 0.258333
23092 0.255529
11220 0.251984
36708 0.25
32831 0.25
32638 0.25
31106 0.25
30891 0.25
29898 0.25
29098 0.25
26869 0.25
23837 0.25
21663 0.25
16106 0.25
15552 0.25
11593 0.25
7922 0.25
6733 0.25
5070 0.25
4370 0.25
36863 0.2493
25595 0.248148
28594 0.24359
37600 0.240909
25321 0.239261
35714 0.231481
23654 0.229555
7023 0.229555
14642 0.22702
6811 0.22702
29661 0.221324
29748 0.218306
35612 0.215909
18623 0.215909
17101 0.214379
26408 0.212395
7484 0.211111
40515 0.2
39949 0.2
38187 0.2
35935 0.2
25125 0.2
24127 0.2
24076 0.2
22151 0.2
19811 0.2
19411 0.2
17147 0.2
14731 0.2
14033 0.2
6630 0.2
5016 0.2
3395 0.2
1644 0.2
1634 0.2
13734 0.19359
15936 0.193074
28608 0.184066
24345 0.174603
8950 0.174603
25961 0.17406
26825 0.170846
20219 0.169997
38325 0.166667
37894 0.166667
37139 0.166667
34541 0.166667
31418 0.166667
30908 0.166667
28252 0.166667
27735 0.166667
24839 0.166667
22566 0.166667
21600 0.166667
15919 0.166667
15456 0.166667
15281 0.166667
14251 0.166667
11457 0.166667
10351 0.166667
8599 0.166667
8144 0.166667
5201 0.166667
4311 0.166667
4120 0.166667
3933 0.166667
974 0.166667
9120 0.16396
6471 0.162751
7421 0.145238
40512 0.142857
37425 0.142857
31129 0.142857
28256 0.142857
28195 0.142857
24000 0.142857
22660 0.142857
22323 0.142857
22231 0.142857
18289 0.142857
15597 0.142857
11421 0.142857
10198 0.142857
7440 0.142857
5596 0.142857
3179 0.142857
2623 0.142857
2438 0.142857
20791 0.140074
38475 0.139583
39014 0.139437
19944 0.139437
14194 0.139437
4920 0.139437
3208 0.139437
5391 0.137286
12843 0.13285
22803 0.131731
33619 0.127632
40972 0.125
40356 0.125
36525 0.125
31895 0.125
30599 0.125
29189 0.125
27631 0.125
26995 0.125
24565 0.125
23630 0.125
19798 0.125
17168 0.125
12557 0.125
10859 0.125
9812 0.125
6841 0.125
4275 0.125
4105 0.125
3647 0.125
2494 0.125
1730 0.125
35964 0.124786
34506 0.124786
27877 0.113636
16802 0.113636
10085 0.113352
30105 0.112936
18450 0.112936
39535 0.111111
39199 0.111111
33083 0.111111
27268 0.111111
25044 0.111111
21667 0.111111
12077 0.111111
10413 0.111111
8100 0.111111
6568 0.111111
4273 0.111111
3864 0.111111
3347 0.111111
2106 0.111111
1128 0.111111
39701 0.1
37814 0.1
33581 0.1
32361 0.1
30981 0.1
24204 0.1
20168 0.1
17704 0.1
7759 0.1
25382 0.0988095
32086 0.0918498
9629 0.0918498
30522 0.0909091
20529 0.0909091
12891 0.0909091
8394 0.0909091
4329 0.0909091
7028 0.0894689
6575 0.0840166
2477 0.0840166
38781 0.0833333
18868 0.0833333
6698 0.0833333
36280 0.0769231
31119 0.0769231
30592 0.0769231
30368 0.0769231
28623 0.0769231
24680 0.0769231
24455 0.0769231
20275 0.0769231
18634 0.0769231
11070 0.0769231
9286 0.0769231
8266 0.0769231
7601 0.0769231
7224 0.0769231
7156 0.0769231
4007 0.0769231
2713 0.0769231
2385 0.0769231
40517 0.0714286
23723 0.0714286
21417 0.0714286
5773 0.0714286
32513 0.0666667
5505 0.0666667
39639 0.0625
37288 0.0625
16643 0.0625
8282 0.0625
38018 0.0588235
33572 0.0588235
28338 0.0588235
23537 0.0588235
22254 0.0588235
22204 0.0588235
21226 0.0588235
4124 0.0588235
22265 0.0555556
20626 0.0555556
20070 0.0555556
18431 0.0555556
17308 0.0555556
14149 0.0555556
13752 0.0555556
11772 0.0555556
11564 0.0555556
10806 0.0555556
4354 0.0555556
1956 0.0555556
40045 0.0526316
35033 0.0526316
14148 0.05
8188 0.05
7897 0.05
37393 0.047619
31337 0.047619
25711 0.047619
23651 0.047619
15401 0.047619
34783 0.0454545
15915 0.0454545
7718 0.0454545
6450 0.0454545
484 0.0454545
31719 0.0434783
23440 0.0434783
7688 0.0434783
25430 0.0416667
9505 0.0416667
14473 0.037037
14298 0.037037
33737 0.0344828
28787 0.0344828
28224 0.0344828
20284 0.0344828
13982 0.0344828
36178 0.03125
32351 0.03125
30196 0.03125
39072 0.030303
34278 0.030303
30820 0.030303
21395 0.030303
15190 0.030303
1601 0.030303
30077 0.0285714
22843 0.0285714
19556 0.0285714
16082 0.0285714
9679 0.0285714
6659 0.0285714
4835 0.0285714
997 0.0285714
39148 0.025
39025 0.025
37781 0.025
36392 0.025
36181 0.025
27710 0.025
27159 0.025
26167 0.025
15444 0.025
12383 0.025
10482 0.025
7712 0.025
5478 0.025
33285 0.0238095
32770 0.0238095
32443 0.0238095
30500 0.0238095
30065 0.0238095
26094 0.0238095
22810 0.0238095
13924 0.0238095
1926 0.0238095
38466 0.0192308
36941 0.0192308
25486 0.0192308
21535 0.0192308
2448 0.0192308
1196 0.0192308
40980 0
40979 0
40978 0
40977 0
40976 0
40975 0
40974 0
40973 0
40971 0
40970 0
40969 0
40968 0
40967 0
40966 0
40965 0
40964 0
40963 0
40962 0
40961 0
40960 0
40959 0
40958 0
40957 0
40956 0
40955 0
40954 0
40953 0
40952 0
40951 0
