31329 3.63737
19072 2.56211
35786 1.24971
3228 1.20071
232 1.06774
1757 1.05
40023 0.936886
12980 0.846289
29242 0.818396
37484 0.755714
19660 0.637757
15616 0.597365
33036 0.547619
10753 0.524242
39942 0.522625
21723 0.489197
3131 0.489197
38163 0.418275
12338 0.406371
25028 0.376742
15148 0.35735
15940 0.342857
32885 0.334499
34416 0.326297
1361 0.326297
12763 0.324675
32251 0.303114
1532 0.299647
27129 0.294048
18328 0.281666
25335 0.270833
39901 0.259479
34418 0.259479
32450 0.259479
30398 0.259479
30230 0.259479
28167 0.259479
25242 0.259479
24841 0.259479
24787 0.259479
21467 0.259479
21450 0.259479
20047 0.259479
18279 0.259479
17037 0.259479
10957 0.259479
10008 0.259479
8798 0.259479
8737 0.259479
2046 0.259479
2359 0.25735
15894 0.25
37973 0.242857
19032 0.233294
15403 0.230419
17446 0.229994
36511 0.22837
1061 0.22837
7212 0.227619
17493 0.208937
3027 0.208937
37711 0.2
18210 0.2
13027 0.192456
9712 0.185256
39959 0.184616
35866 0.184616
20738 0.184616
9406 0.184616
20757 0.182067
20730 0.182067
559 0.182067
11648 0.176166
12748 0.17377
40073 0.167931
40500 0.166667
34369 0.161755
32348 0.161755
26019 0.161755
15378 0.161755
8665 0.158377
33242 0.155975
26465 0.155975
24234 0.155975
22756 0.155975
14109 0.155975
11783 0.155975
10278 0.155975
35556 0.142857
33298 0.142857
31213 0.142857
28384 0.142857
28359 0.142857
18330 0.142857
14079 0.142857
13700 0.142857
10512 0.142857
10107 0.133047
1765 0.125
16490 0.111111
338 0.111111
1424 0.110156
40814 0.103514
10735 0.103514
6961 0.103514
39963 0.1
39760 0.1
35582 0.1
29665 0.1
29392 0.1
28602 0.1
18905 0.1
27595 0.0965597
10405 0.0965597
36177 0.0956048
12042 0.0956048
38096 0.0949463
17674 0.0949463
15991 0.0949463
33863 0.0909091
27555 0.0909091
24228 0.0909091
21762 0.0909091
17872 0.0909091
10480 0.0909091
6101 0.0909091
38763 0.0860285
36886 0.0833333
32722 0.0833333
30388 0.0833333
28474 0.0833333
23362 0.0833333
18809 0.0833333
996 0.0833333
18736 0.082875
34532 0.0811884
19995 0.0811884
3593 0.0811884
40028 0.0769231
36734 0.0769231
35503 0.0769231
34174 0.0769231
31301 0.0769231
29143 0.0769231
27623 0.0769231
23696 0.0769231
18950 0.0769231
15603 0.0769231
10980 0.0769231
8672 0.0769231
8027 0.0769231
5158 0.0769231
4928 0.0769231
3856 0.0769231
24037 0.0714286
18425 0.0663799
14469 0.0652778
18563 0.0608085
29510 0.0581197
28805 0.0581197
10582 0.0581197
22594 0.0537336
37921 0.0498188
14851 0.0498188
14655 0.0498188
9562 0.0498188
2814 0.0498188
35109 0.0416667
32180 0.0416667
31152 0.0416667
30792 0.0416667
29013 0.0416667
6845 0.0416667
6291 0.0416667
37352 0.0408185
35951 0.0408185
23858 0.0408185
13450 0.0408185
7041 0.0408185
2028 0.0408185
1429 0.0408185
36298 0.0393907
32154 0.0393907
24353 0.0393907
22867 0.0393907
22354 0.0393907
20689 0.0393907
15854 0.0393907
15334 0.0393907
3731 0.0393907
1572 0.0393907
513 0.0393907
33297 0.0369106
32731 0.0369106
23519 0.0369106
20250 0.0369106
16996 0.0369106
16406 0.0369106
13460 0.0369106
12210 0.0369106
11239 0.0369106
8505 0.0369106
8276 0.0369106
8160 0.0369106
38390 0.0334644
32696 0.0334644
31761 0.0334644
26501 0.0334644
25896 0.0334644
23753 0.0334644
18843 0.0334644
14344 0.0334644
11485 0.0334644
6266 0.0334644
2091 0.0334644
1048 0.0334644
16108 0.0277778
3936 0.0277778
2743 0.0208333
29872 0.02
31097 0.0192308
25241 0.0192308
11761 0.0192308
5321 0.0192308
32755 0.0175439
31562 0.0175439
22864 0.0175439
39092 0.0144928
36881 0.0144928
31710 0.0144928
29505 0.0144928
28925 0.0144928
27538 0.0144928
26837 0.0144928
22683 0.0144928
21855 0.0144928
19179 0.0144928
19095 0.0144928
12492 0.0144928
9457 0.0144928
8774 0.0144928
7227 0.0144928
6627 0.0144928
2929 0.0144928
1486 0.0144928
39962 0.0140845
39184 0.0140845
27799 0.0140845
23843 0.0140845
23332 0.0140845
21703 0.0140845
17401 0.0140845
12558 0.0140845
5758 0.0140845
2885 0.0140845
2484 0.0140845
2069 0.0140845
34768 0.0135135
7955 0.0135135
40915 0.0133333
40043 0.0133333
39381 0.0133333
37843 0.0133333
37440 0.0133333
35100 0.0133333
30978 0.0133333
30154 0.0133333
30133 0.0133333
28552 0.0133333
28010 0.0133333
21375 0.0133333
20794 0.0133333
19992 0.0133333
16678 0.0133333
11730 0.0133333
11453 0.0133333
6651 0.0133333
2973 0.0133333
35529 0.0106383
30892 0.0106383
28963 0.0106383
27766 0.0106383
24268 0.0106383
20356 0.0106383
19753 0.0106383
19194 0.0106383
18573 0.0106383
17243 0.0106383
14173 0.0106383
13043 0.0106383
5894 0.0106383
5444 0.0106383
39724 0.00833333
29775 0.00833333
29576 0.00833333
29223 0.00833333
28587 0.00833333
28321 0.00833333
24727 0.00833333
20488 0.00833333
20367 0.00833333
19771 0.00833333
19244 0.00833333
17597 0.00833333
14077 0.00833333
12357 0.00833333
8470 0.00833333
4703 0.00833333
4600 0.00833333
2373 0.00833333
2356 0.00833333
848 0.00833333
40980 0
40979 0
40978 0
40977 0
40976 0
40975 0
40974 0
40973 0
40972 0
40971 0
40970 0
40969 0
40968 0
40967 0
40966 0
40965 0
40964 0
40963 0
40962 0
40961 0
40960 0
40959 0
40958 0
40957 0
40956 0
40955 0
40954 0
40953 0
40952 0
40951 0
40950 0
40949 0
40948 0
40947 0
40946 0
40945 0
40944 0
40943 0
40942 0
40941 0
40940 0
40939 0
40938 0
40937 0
40936 0
40935 0
40934 0
40933 0
40932 0
40931 0
40930 0
40929 0
40928 0
40927 0
40926 0
40925 0
40924 0
40923 0
40922 0
40921 0
40920 0
40919 0
40918 0
40917 0
40916 0
40914 0
40913 0
40912 0
40911 0
40910 0
40909 0
40908 0
40907 0
40906 0
40905 0
40904 0
40903 0
40902 0
40901 0
40900 0
40899 0
40898 0
40897 0
40896 0
40895 0
40894 0
40893 0
40892 0
40891 0
40890 0
40889 0
40888 0
40887 0
40886 0
40885 0
40884 0
40883 0
40882 0
40881 0
40880 0
40879 0
40878 0
40877 0
40876 0
40875 0
40874 0
40873 0
40872 0
40871 0
40870 0
40869 0
40868 0
40867 0
40866 0
40865 0
40864 0
40863 0
40862 0
40861 0
40860 0
40859 0
40858 0
40857 0
40856 0
40855 0
40854 0
40853 0
40852 0
40851 0
40850 0
40849 0
40848 0
40847 0
40846 0
40845 0
40844 0
40843 0
40842 0
40841 0
40840 0
40839 0
40838 0
40837 0
40836 0
40835 0
40834 0
40833 0
40832 0
40831 0
40830 0
40829 0
40828 0
40827 0
40826 0
40825 0
40824 0
40823 0
40822 0
40821 0
40820 0
40819 0
40818 0
40817 0
40816 0
40815 0
40813 0
40812 0
40811 0
40810 0
40809 0
40808 0
40807 0
40806 0
40805 0
40804 0
40803 0
40802 0
40801 0
40800 0
40799 0
40798 0
40797 0
40796 0
40795 0
40794 0
40793 0
40792 0
40791 0
