21323 2.06725
16504 2.06725
27799 1.342
31589 1.24479
22088 0.991667
25385 0.861447
24678 0.794953
21912 0.675641
23715 0.636752
16806 0.598153
12451 0.592554
28094 0.561111
13654 0.560026
24137 0.544404
2027 0.541667
35239 0.518347
40890 0.515383
22530 0.50466
4203 0.493478
17312 0.430303
26786 0.42619
8497 0.417572
7152 0.388034
21904 0.372024
14534 0.360714
30933 0.35
27849 0.34478
14158 0.34478
25689 0.333333
19327 0.333333
3541 0.328822
37566 0.319444
35766 0.286083
21813 0.285256
22711 0.280303
4189 0.255357
15958 0.25
14734 0.25
3105 0.25
2218 0.25
399 0.25
38891 0.249206
23843 0.249206
10505 0.228968
6654 0.226692
36313 0.219444
16424 0.219444
15665 0.219298
13916 0.207394
2877 0.207394
36796 0.204589
33983 0.2
26476 0.2
24797 0.2
24716 0.2
24364 0.2
22388 0.2
12788 0.2
6975 0.2
35099 0.192308
30703 0.191667
16801 0.191667
34312 0.185965
25885 0.185965
18428 0.185965
3936 0.185256
27776 0.174747
20928 0.174747
25474 0.166667
9680 0.166667
9653 0.166667
7312 0.163153
21889 0.161447
39685 0.142857
31597 0.142857
31002 0.142857
22481 0.142857
16762 0.142857
14934 0.142857
13231 0.142857
21217 0.137096
39177 0.134465
21782 0.130563
10424 0.130563
7921 0.130563
22170 0.125906
40655 0.125
40553 0.125
40156 0.125
40049 0.125
31564 0.125
25505 0.125
17441 0.125
35346 0.120489
25791 0.113896
14672 0.113896
40921 0.111111
39290 0.111111
35463 0.111111
21448 0.111111
19774 0.111111
18369 0.111111
4444 0.111111
3356 0.111111
2683 0.111111
31723 0.10119
5719 0.10119
38592 0.1
20085 0.1
7132 0.1
3877 0.1
32043 0.0916384
26095 0.0916384
2885 0.0916384
39399 0.0833333
24902 0.0833333
15056 0.0833333
9423 0.0833333
6793 0.0833333
350 0.0833333
32885 0.0769231
29211 0.0769231
29140 0.0769231
26398 0.0769231
25285 0.0769231
18328 0.0769231
17957 0.0769231
9811 0.0769231
8779 0.0769231
575 0.0769231
32419 0.0714286
32173 0.0714286
29946 0.0714286
18844 0.0714286
40597 0.0666667
36215 0.0666667
30216 0.0666667
20177 0.0666667
15913 0.0666667
15493 0.0666667
38952 0.0652373
36400 0.0652373
32607 0.0652373
26084 0.0652373
16076 0.0652373
12541 0.0652373
34594 0.0625
30417 0.0625
16497 0.0625
13755 0.0625
39666 0.0588235
38864 0.0588235
37496 0.0588235
27700 0.0588235
25076 0.0588235
21051 0.0588235
17613 0.0588235
10991 0.0588235
9180 0.0588235
7900 0.0588235
3326 0.0588235
31366 0.0526316
27379 0.0526316
9828 0.0526316
37105 0.05
35643 0.05
34034 0.05
29626 0.05
24751 0.05
16395 0.05
16025 0.05
4499 0.05
39925 0.0434783
38856 0.0434783
38762 0.0434783
35734 0.0434783
33653 0.0434783
28749 0.0434783
27486 0.0434783
27166 0.0434783
27073 0.0434783
25651 0.0434783
23748 0.0434783
22605 0.0434783
9196 0.0434783
7802 0.0434783
40314 0.0416667
40124 0.0416667
39400 0.0416667
39245 0.0416667
37958 0.0416667
36686 0.0416667
36278 0.0416667
35793 0.0416667
34579 0.0416667
34439 0.0416667
34083 0.0416667
33922 0.0416667
33836 0.0416667
33154 0.0416667
31301 0.0416667
30275 0.0416667
29901 0.0416667
28478 0.0416667
27176 0.0416667
25095 0.0416667
23240 0.0416667
21830 0.0416667
21820 0.0416667
18963 0.0416667
18835 0.0416667
18753 0.0416667
18340 0.0416667
18190 0.0416667
15029 0.0416667
14305 0.0416667
12522 0.0416667
12118 0.0416667
11408 0.0416667
10259 0.0416667
9660 0.0416667
9584 0.0416667
8969 0.0416667
6906 0.0416667
6859 0.0416667
5693 0.0416667
4956 0.0416667
4025 0.0416667
3871 0.0416667
3068 0.0416667
2786 0.0416667
2716 0.0416667
2511 0.0416667
751 0.0416667
39661 0.0333333
33175 0.0333333
33108 0.0333333
33052 0.0333333
32688 0.0333333
32531 0.0333333
29875 0.0333333
28110 0.0333333
24849 0.0333333
21861 0.0333333
19511 0.0333333
12016 0.0333333
9001 0.0333333
3753 0.0333333
39368 0.030303
38057 0.030303
37027 0.030303
33048 0.030303
31858 0.030303
27611 0.030303
24651 0.030303
23665 0.030303
22405 0.030303
21703 0.030303
20099 0.030303
19576 0.030303
19391 0.030303
12922 0.030303
12766 0.030303
10453 0.030303
5479 0.030303
4761 0.030303
2869 0.030303
1857 0.030303
1326 0.030303
36952 0.025641
34066 0.025641
32324 0.025641
31228 0.025641
30425 0.025641
30086 0.025641
24400 0.025641
21978 0.025641
17277 0.025641
15225 0.025641
13560 0.025641
11909 0.025641
10210 0.025641
4396 0.025641
2837 0.025641
1003 0.025641
830 0.025641
39960 0.0217391
35265 0.0217391
35193 0.0217391
35082 0.0217391
33377 0.0217391
33267 0.0217391
32620 0.0217391
30112 0.0217391
28198 0.0217391
18842 0.0217391
18555 0.0217391
16943 0.0217391
14138 0.0217391
10668 0.0217391
8237 0.0217391
7807 0.0217391
3940 0.0217391
3676 0.0217391
2731 0.0217391
1228 0.0217391
697 0.0217391
39951 0.0178571
37800 0.0178571
35974 0.0178571
35317 0.0178571
27691 0.0178571
25659 0.0178571
25367 0.0178571
24943 0.0178571
23834 0.0178571
23370 0.0178571
23354 0.0178571
22532 0.0178571
18520 0.0178571
18248 0.0178571
16298 0.0178571
16233 0.0178571
16058 0.0178571
15873 0.0178571
13239 0.0178571
12569 0.0178571
7145 0.0178571
7076 0.0178571
6518 0.0178571
4934 0.0178571
3852 0.0178571
3755 0.0178571
40980 0
40979 0
40978 0
40977 0
40976 0
40975 0
40974 0
40973 0
40972 0
40971 0
40970 0
40969 0
40968 0
40967 0
40966 0
40965 0
40964 0
40963 0
40962 0
40961 0
40960 0
40959 0
40958 0
40957 0
40956 0
40955 0
40954 0
40953 0
40952 0
40951 0
40950 0
40949 0
40948 0
40947 0
40946 0
40945 0
40944 0
40943 0
40942 0
40941 0
40940 0
40939 0
40938 0
40937 0
40936 0
40935 0
40934 0
40933 0
40932 0
40931 0
40930 0
40929 0
40928 0
40927 0
40926 0
40925 0
40924 0
40923 0
40922 0
40920 0
40919 0
40918 0
40917 0
40916 0
40915 0
40914 0
40913 0
40912 0
40911 0
40910 0
40909 0
40908 0
40907 0
40906 0
40905 0
40904 0
40903 0
40902 0
40901 0
40900 0
40899 0
40898 0
40897 0
40896 0
40895 0
40894 0
40893 0
40892 0
40891 0
40889 0
40888 0
40887 0
40886 0
40885 0
40884 0
40883 0
40882 0
40881 0
40880 0
40879 0
40878 0
40877 0
40876 0
40875 0
40874 0
40873 0
40872 0
40871 0
40870 0
40869 0
40868 0
40867 0
40866 0
40865 0
40864 0
40863 0
40862 0
40861 0
40860 0
40859 0
40858 0
40857 0
40856 0
40855 0
40854 0
40853 0
40852 0
40851 0
40850 0
40849 0
40848 0
40847 0
40846 0
40845 0
40844 0
40843 0
40842 0
40841 0
40840 0
40839 0
40838 0
40837 0
40836 0
40835 0
40834 0
40833 0
40832 0
40831 0
40830 0
40829 0
40828 0
40827 0
40826 0
40825 0
40824 0
40823 0
40822 0
40821 0
40820 0
40819 0
40818 0
40817 0
40816 0
40815 0
40814 0
40813 0
40812 0
