2885 75.4943
30793 33.4629
39962 26.0543
27799 22.2387
35063 19.0238
17312 11.0831
830 9.01828
9197 8.9372
32620 8.20825
5561 7.94767
39791 7.86106
31301 7.63543
35734 6.91551
233 5.68658
36952 5.16799
37340 5.05148
22405 4.38891
29077 4.09484
35803 3.72256
22711 3.65562
14138 3.57501
28952 3.30662
33545 3.24721
27843 3.23095
23843 2.97667
8672 2.81453
23898 2.76347
6501 2.68507
33267 2.57543
16047 2.49825
24239 2.41037
24505 2.39714
6992 2.37947
2542 2.31998
18328 2.04438
16233 1.93419
17154 1.93035
21703 1.9142
23399 1.89686
16947 1.8627
28424 1.81086
2869 1.71776
30731 1.69127
15225 1.67745
19032 1.63598
17583 1.41545
23927 1.4
18834 1.35996
15567 1.27527
36239 1.22526
32885 1.20979
38952 1.20598
34156 1.0996
7889 1.06947
12090 1.02408
6336 1.00952
23432 0.994755
13654 0.978211
28390 0.945671
23628 0.912068
27926 0.872558
24162 0.866667
1659 0.834463
34768 0.80202
21566 0.780816
32309 0.74561
21889 0.737698
37729 0.736447
18248 0.710317
29473 0.708333
26137 0.7
34123 0.694444
39951 0.679279
28605 0.67619
27092 0.664225
556 0.626812
30425 0.616667
7937 0.588925
20250 0.576923
26476 0.566667
29285 0.555429
22184 0.52732
34664 0.51978
21903 0.516667
37496 0.466667
3356 0.458333
14672 0.44359
35346 0.432367
6886 0.422222
18950 0.395833
224 0.378968
12245 0.354701
11626 0.354701
27649 0.333333
20962 0.333333
852 0.322222
30715 0.317857
31537 0.315476
11810 0.314286
24754 0.305195
20977 0.296429
19253 0.290909
3030 0.288889
38148 0.281818
27073 0.277778
4761 0.272619
35317 0.262338
3985 0.25873
5821 0.254701
37672 0.25
37426 0.25
35706 0.25
34702 0.25
28819 0.25
26541 0.25
23446 0.25
22117 0.25
21097 0.25
17921 0.25
16779 0.25
10766 0.25
8237 0.25
6100 0.25
5778 0.25
5723 0.25
3297 0.25
576 0.25
16744 0.244048
29589 0.238528
19624 0.226923
21757 0.224838
18542 0.222222
18189 0.222222
18143 0.222222
14661 0.222222
17634 0.221861
2659 0.221861
29401 0.215451
28575 0.209957
37518 0.2
33458 0.2
32496 0.2
31068 0.2
30683 0.2
28988 0.2
22594 0.2
19589 0.2
10826 0.2
6592 0.2
6236 0.2
1519 0.2
8035 0.195833
10737 0.187042
4852 0.176984
40667 0.166667
39925 0.166667
36142 0.166667
35974 0.166667
34583 0.166667
32536 0.166667
31947 0.166667
28651 0.166667
24591 0.166667
21772 0.166667
20966 0.166667
18866 0.166667
15276 0.166667
12893 0.166667
8264 0.166667
7145 0.166667
1091 0.166667
259 0.166667
32 0.166667
38517 0.142857
38468 0.142857
37048 0.142857
36528 0.142857
35175 0.142857
26786 0.142857
23462 0.142857
16817 0.142857
4872 0.142857
2249 0.142857
38010 0.141693
32243 0.141693
40165 0.125
39231 0.125
24670 0.125
23350 0.125
23218 0.125
18356 0.125
17074 0.125
16723 0.125
16333 0.125
12908 0.125
7076 0.125
5293 0.125
5214 0.125
1975 0.125
1784 0.125
878 0.125
39939 0.111111
39043 0.111111
37027 0.111111
35424 0.111111
33718 0.111111
23786 0.111111
21466 0.111111
20177 0.111111
18558 0.111111
17267 0.111111
8836 0.111111
7708 0.111111
1616 0.111111
391 0.111111
31553 0.1
29852 0.1
26395 0.1
26095 0.1
20007 0.1
11876 0.1
11128 0.1
9304 0.1
987 0.1
40398 0.0909091
39218 0.0909091
36395 0.0909091
27863 0.0909091
26789 0.0909091
23468 0.0909091
23049 0.0909091
20850 0.0909091
20188 0.0909091
18099 0.0909091
16390 0.0909091
16236 0.0909091
13309 0.0909091
10980 0.0909091
10210 0.0909091
7536 0.0909091
3718 0.0909091
36292 0.0833333
31724 0.0833333
30320 0.0833333
29997 0.0833333
24986 0.0833333
23769 0.0833333
20792 0.0833333
15637 0.0833333
14399 0.0833333
11792 0.0833333
11630 0.0833333
11475 0.0833333
11147 0.0833333
10743 0.0833333
4507 0.0833333
3755 0.0833333
40915 0.0769231
38141 0.0769231
35265 0.0769231
30782 0.0769231
24894 0.0769231
12525 0.0769231
11997 0.0769231
3251 0.0769231
2621 0.0769231
458 0.0769231
37305 0.0714286
29140 0.0714286
24466 0.0714286
24137 0.0714286
18119 0.0714286
17033 0.0714286
16833 0.0714286
16250 0.0714286
15542 0.0714286
13916 0.0714286
12911 0.0714286
11495 0.0714286
7592 0.0714286
40 0.0714286
40422 0.0666667
33596 0.0666667
19615 0.0666667
13528 0.0666667
12989 0.0666667
7059 0.0666667
4718 0.0666667
39947 0.0625
32342 0.0625
30676 0.0625
28861 0.0625
27989 0.0625
27766 0.0625
25057 0.0625
11080 0.0625
4361 0.0625
4189 0.0625
328 0.0625
110 0.0625
39831 0.0555556
35892 0.0555556
31308 0.0555556
27509 0.0555556
19592 0.0555556
16068 0.0555556
10575 0.0555556
4195 0.0555556
1610 0.0555556
445 0.0555556
33633 0.05
18999 0.05
14769 0.05
5163 0.05
31153 0.047619
29376 0.047619
28572 0.047619
27238 0.047619
25445 0.047619
24438 0.047619
22228 0.047619
18428 0.047619
16231 0.047619
14096 0.047619
12709 0.047619
11844 0.047619
7929 0.047619
7811 0.047619
5067 0.047619
4998 0.047619
3200 0.047619
26195 0.0434783
15554 0.0434783
17739 0.0357143
10791 0.0357143
40980 0
40979 0
40978 0
40977 0
40976 0
40975 0
40974 0
40973 0
40972 0
40971 0
40970 0
40969 0
40968 0
40967 0
40966 0
40965 0
40964 0
40963 0
40962 0
40961 0
40960 0
40959 0
40958 0
40957 0
40956 0
40955 0
40954 0
40953 0
40952 0
40951 0
40950 0
40949 0
40948 0
40947 0
40946 0
40945 0
40944 0
40943 0
40942 0
40941 0
40940 0
40939 0
40938 0
40937 0
40936 0
40935 0
40934 0
40933 0
40932 0
40931 0
40930 0
40929 0
40928 0
40927 0
40926 0
40925 0
40924 0
40923 0
40922 0
40921 0
40920 0
40919 0
40918 0
40917 0
40916 0
40914 0
40913 0
40912 0
40911 0
40910 0
40909 0
40908 0
40907 0
40906 0
40905 0
40904 0
40903 0
40902 0
40901 0
40900 0
40899 0
40898 0
40897 0
40896 0
40895 0
40894 0
40893 0
40892 0
40891 0
40890 0
40889 0
40888 0
40887 0
40886 0
40885 0
40884 0
40883 0
40882 0
40881 0
40880 0
40879 0
40878 0
40877 0
40876 0
40875 0
40874 0
40873 0
40872 0
40871 0
40870 0
40869 0
40868 0
40867 0
40866 0
40865 0
40864 0
40863 0
40862 0
40861 0
40860 0
40859 0
40858 0
40857 0
40856 0
40855 0
40854 0
40853 0
40852 0
40851 0
40850 0
40849 0
40848 0
40847 0
40846 0
40845 0
40844 0
40843 0
40842 0
40841 0
40840 0
40839 0
40838 0
40837 0
40836 0
40835 0
40834 0
40833 0
40832 0
40831 0
40830 0
40829 0
40828 0
40827 0
40826 0
40825 0
40824 0
40823 0
40822 0
40821 0
40820 0
40819 0
40818 0
40817 0
40816 0
40815 0
