22530 6.63141
27799 6.18698
4934 3.48864
30693 3.4182
36313 2.44622
33530 1.8963
40890 1.59437
6134 1.58867
33997 1.39982
31228 1.35968
13654 1.17577
19774 1.13807
14138 1.08783
2885 1.02822
13916 1.02097
36544 1.004
17312 0.939978
1049 0.926698
22368 0.901467
35317 0.892876
15416 0.871539
11874 0.835639
16806 0.82783
18369 0.813779
26058 0.81177
22711 0.807459
22170 0.79277
29030 0.767502
26350 0.767227
29140 0.75363
7099 0.73184
39583 0.729444
6172 0.725127
6830 0.710174
35734 0.707307
8035 0.69535
32620 0.695125
26095 0.681344
21757 0.665172
16298 0.653519
12522 0.648668
27166 0.629836
31827 0.625511
18520 0.617205
31564 0.61497
6707 0.609566
2511 0.609456
17917 0.602526
2751 0.588919
374 0.586044
15276 0.578177
23715 0.577508
22184 0.574881
25213 0.563282
7852 0.546167
34835 0.545691
29211 0.54057
32034 0.533448
36661 0.498246
7145 0.49354
6667 0.491524
30676 0.471715
978 0.468797
18340 0.461719
547 0.460244
24288 0.453975
37958 0.449805
31289 0.446357
9201 0.446357
2899 0.438967
25659 0.438683
23843 0.433358
6041 0.432208
32917 0.425223
20305 0.41956
18138 0.41617
7245 0.415782
27208 0.415731
6711 0.415577
2786 0.406809
26084 0.406553
11488 0.405855
3002 0.403539
6319 0.402156
15669 0.395698
38776 0.394135
33633 0.391561
2027 0.390647
29627 0.386962
7900 0.38471
21889 0.382136
24239 0.377976
35346 0.375991
21785 0.374577
30883 0.361186
39049 0.354492
32572 0.350441
24505 0.347149
21323 0.346943
7618 0.34418
14587 0.33739
32016 0.33297
6906 0.332351
31589 0.328473
24678 0.327422
2652 0.315533
37502 0.31365
31714 0.3133
1942 0.303171
35766 0.300478
32043 0.300478
32337 0.292853
26786 0.291791
38583 0.288639
10991 0.279046
26312 0.277658
3068 0.2748
22404 0.272168
8969 0.268795
16250 0.265427
31140 0.265325
13507 0.264316
11266 0.263649
27989 0.261706
11080 0.261706
1355 0.261706
19553 0.260194
6654 0.258861
10210 0.256905
11810 0.256116
3413 0.254847
12893 0.254541
36918 0.252167
25334 0.25059
13937 0.25
6975 0.25
34123 0.249327
3356 0.248558
25474 0.248217
24400 0.244611
2846 0.241039
25885 0.238406
18428 0.238406
14162 0.238326
20296 0.236249
9196 0.232022
5778 0.231107
26832 0.224586
30425 0.221016
13669 0.22046
21813 0.217108
11789 0.215951
39791 0.215875
25651 0.215799
18446 0.21507
5435 0.215053
10925 0.212617
1610 0.210966
12393 0.210051
40644 0.209984
3821 0.209498
29556 0.209407
25308 0.207884
30097 0.207339
18328 0.205409
39947 0.202105
35371 0.2
14790 0.198378
432 0.196823
110 0.196779
15029 0.194656
28855 0.191723
5603 0.191667
2010 0.190559
9199 0.189373
30793 0.187234
36589 0.187002
16924 0.187002
20933 0.186391
828 0.184821
6391 0.184198
36400 0.182591
14936 0.182157
36934 0.181282
37305 0.179129
5609 0.176324
30897 0.173442
36968 0.173413
27796 0.171654
32788 0.169928
33256 0.169818
16504 0.167473
12466 0.166667
8497 0.166667
22094 0.164273
25505 0.16163
34439 0.159412
30439 0.158097
36806 0.156054
19648 0.155122
14858 0.15497
27926 0.154595
25614 0.151515
8197 0.1514
15225 0.151038
8672 0.150155
25826 0.15014
37924 0.148846
5688 0.148526
33028 0.147632
16260 0.146593
8309 0.146593
14734 0.146314
34768 0.146212
5414 0.146039
22744 0.145238
38329 0.142857
31856 0.142857
36528 0.141585
21733 0.141582
6715 0.140938
19391 0.14058
20230 0.137264
4189 0.136595
16502 0.135261
31858 0.134801
33377 0.132606
19048 0.13179
7746 0.131008
37233 0.130159
29437 0.128902
15834 0.128902
29270 0.128587
16220 0.12792
3940 0.127899
3162 0.127335
36673 0.126657
7921 0.126404
16629 0.125778
15586 0.125
30136 0.124077
13948 0.123253
30298 0.122423
18683 0.122211
13661 0.121906
37291 0.121251
34015 0.121251
1966 0.121155
26574 0.117652
7807 0.117498
20250 0.117424
29875 0.116609
23886 0.116609
12935 0.116222
39245 0.114761
10505 0.114749
17035 0.113523
19260 0.111785
22310 0.111357
19606 0.110624
26512 0.110209
36273 0.110046
31352 0.110046
20928 0.109571
32287 0.108262
38141 0.107917
28363 0.106166
12922 0.105769
3852 0.105191
39177 0.103794
37593 0.10352
22456 0.102467
6592 0.101898
26181 0.100795
80 0.100603
40525 0.100106
38659 0.100083
40252 0.1
27190 0.1
16399 0.1
19253 0.0988959
30504 0.0988941
24137 0.0988941
34312 0.0987197
40655 0.0977265
3762 0.0976702
27876 0.0974282
32145 0.0968716
32437 0.0958944
20448 0.0958944
11607 0.095124
3030 0.0937162
13172 0.0923392
6412 0.0922969
950 0.0922969
40314 0.0909091
34275 0.0909091
31964 0.0909091
29640 0.0909091
15255 0.0909091
5103 0.0909091
4982 0.0909091
2106 0.0909091
8615 0.0895889
6863 0.0895889
16395 0.0888452
2168 0.0884249
35825 0.0880052
35610 0.0872485
31312 0.0872313
11481 0.0865157
1326 0.0861083
14600 0.0858586
21703 0.0856794
8412 0.0854702
18248 0.0854668
3541 0.0838323
15665 0.0835151
37102 0.0833333
36875 0.0833333
26854 0.0833333
26743 0.0833333
24902 0.0833333
23432 0.0833333
22453 0.0833333
20763 0.0833333
19032 0.0833333
18231 0.0833333
18017 0.0833333
15056 0.0833333
11380 0.0833333
10016 0.0833333
4719 0.0833333
32304 0.0822129
11304 0.0820346
33452 0.0815938
35463 0.0812686
29634 0.0812686
25886 0.081141
2869 0.0810376
556 0.0810376
29256 0.0803913
5709 0.0802015
23089 0.0801507
34209 0.0800998
33175 0.0790366
27168 0.0790366
16076 0.0790366
24957 0.0781922
2218 0.0781922
16508 0.0781336
14546 0.0774335
6336 0.0770237
36846 0.0769231
24269 0.0769231
16844 0.0765185
34770 0.0763839
33459 0.0763839
30035 0.0763839
20749 0.0763839
19867 0.0763839
6579 0.0763839
2638 0.0763839
35185 0.0760756
21978 0.0760756
29565 0.0759044
12766 0.0759044
37847 0.0755911
33800 0.0755911
29923 0.0755911
2877 0.0755911
19284 0.0752271
23861 0.0751696
8342 0.0747609
33267 0.073829
10453 0.0738288
23872 0.0733287
40389 0.0732637
18753 0.0732637
40764 0.0718004
40900 0.0714286
5479 0.0714286
1745 0.0714286
18997 0.0711713
12569 0.0711713
328 0.0711713
9786 0.0707023
39401 0.0704178
29237 0.0703776
31810 0.0703443
35223 0.0701621
24126 0.0701621
28478 0.0681536
27145 0.0681536
21186 0.0681536
3682 0.0681162
20336 0.0674631
34639 0.0666667
24063 0.0666667
17104 0.0666667
11839 0.0663532
4028 0.0663532
5488 0.0662435
16246 0.065873
11389 0.0658007
25307 0.0655286
23056 0.0649735
9026 0.0649735
39934 0.0647808
35425 0.0646224
24849 0.0646224
18844 0.0646224
6410 0.0646224
2235 0.0646224
350 0.0646224
4994 0.0645499
40596 0.0643945
18160 0.0643945
32607 0.064306
16058 0.064306
11909 0.064306
18963 0.063906
15591 0.062927
4058 0.061958
7175 0.0613342
19379 0.0611339
416 0.0611339
18435 0.0605124
17277 0.0605124
11626 0.0605124
31723 0.0601876
17631 0.0594357
35525 0.0588235
26398 0.0588235
22218 0.0588235
22083 0.0588235
13901 0.0588235
37142 0.0586425
4444 0.0583858
13766 0.0576144
8208 0.0576144
34784 0.0569106
8237 0.0565732
612 0.0565732
14934 0.0548797
10308 0.0548797
31640 0.0547764
19952 0.0547764
13016 0.0547764
10196 0.0545568
32737 0.0536254
22088 0.0536254
3980 0.0536254
3465 0.0536254
25076 0.0535846
22127 0.0526316
12314 0.0526316
12212 0.0526316
8224 0.0524204
18119 0.0522123
11393 0.0521964
16424 0.0521003
6859 0.0519811
9197 0.0516353
22378 0.0506224
23370 0.0499892
25765 0.0494165
785 0.0492889
6140 0.0489873
28094 0.0489289
2781 0.0489289
13867 0.0488984
6807 0.0488042
24972 0.0486452
11331 0.0486452
6068 0.0486452
35643 0.0484815
28764 0.0484815
23382 0.0484815
10093 0.0484815
9115 0.0484815
1131 0.0479899
2837 0.0478232
25913 0.0477115
19967 0.0477016
14789 0.047619
32562 0.0472849
30216 0.0472849
39962 0.0463354
29077 0.0463354
5209 0.0463354
25693 0.0458956
16745 0.0458425
6105 0.0458425
21861 0.0458388
24923 0.0457416
16001 0.0457383
6924 0.0457383
37882 0.0455279
6401 0.0455279
