17566 5.09844
9078 3.43988
8092 3.0773
37162 1.87044
36275 1.75853
14829 1.5657
30624 1.44544
28658 1.13889
9159 1.06111
10945 1
11403 0.922727
24725 0.829458
27017 0.683333
1188 0.680952
10438 0.654762
1890 0.654762
32424 0.630952
1475 0.580952
29879 0.575
27315 0.566667
30939 0.558333
27126 0.547619
12674 0.547619
10426 0.525202
12927 0.477778
32530 0.472727
38444 0.470967
24993 0.470967
40452 0.433824
771 0.430556
11472 0.424431
30837 0.409632
17187 0.407041
35067 0.401789
1802 0.397727
13696 0.397619
5417 0.383824
1649 0.381061
31984 0.366667
13592 0.357344
6832 0.357344
30752 0.352302
2957 0.338095
34264 0.333333
28249 0.333333
38564 0.322222
36420 0.322222
31060 0.322222
1838 0.272619
37208 0.265584
21289 0.265584
39839 0.25
38352 0.25
36167 0.25
34937 0.25
18611 0.25
29260 0.244048
3628 0.231443
11058 0.22549
2440 0.22549
34630 0.214286
12703 0.214286
26028 0.203283
22421 0.203283
38818 0.2
14751 0.2
5359 0.2
8447 0.181551
28776 0.166667
20164 0.166667
970 0.166667
40673 0.160823
37365 0.125
30433 0.125
28298 0.125
27270 0.125
23814 0.125
17161 0.125
10806 0.125
7941 0.125
6115 0.125
1161 0.125
37368 0.117965
8020 0.117965
1419 0.111111
38405 0.1
37522 0.1
37111 0.1
17167 0.1
16538 0.1
15015 0.1
2630 0.1
24772 0.0666667
23434 0.0666667
18082 0.0666667
37369 0.0588235
31585 0.0588235
31485 0.0588235
29064 0.0588235
27159 0.0588235
27055 0.0588235
24238 0.0588235
11736 0.0588235
7302 0.0588235
1303 0.0588235
40976 0.0555556
35647 0.0555556
26254 0.0555556
22542 0.0555556
17093 0.0555556
8147 0.0555556
4532 0.0555556
38913 0.047619
23505 0.047619
9464 0.047619
7287 0.047619
39677 0.0434783
39446 0.0434783
32002 0.0434783
30751 0.0434783
28793 0.0434783
27693 0.0434783
26703 0.0434783
26505 0.0434783
24098 0.0434783
13994 0.0434783
12774 0.0434783
9722 0.0434783
1438 0.0434783
101 0.0434783
35478 0.0227273
33604 0.0227273
33410 0.0227273
28637 0.0227273
22759 0.0227273
22293 0.0227273
17232 0.0227273
16839 0.0227273
16469 0.0227273
13426 0.0227273
9452 0.0227273
5880 0.0227273
4572 0.0227273
4204 0.0227273
3049 0.0227273
2882 0.0227273
1015 0.0227273
40980 0
40979 0
40978 0
40977 0
40975 0
40974 0
40973 0
40972 0
40971 0
40970 0
40969 0
40968 0
40967 0
40966 0
40965 0
40964 0
40963 0
40962 0
40961 0
40960 0
40959 0
40958 0
40957 0
40956 0
40955 0
40954 0
40953 0
40952 0
40951 0
40950 0
40949 0
40948 0
40947 0
40946 0
40945 0
40944 0
40943 0
40942 0
40941 0
40940 0
40939 0
40938 0
40937 0
40936 0
40935 0
40934 0
40933 0
40932 0
40931 0
40930 0
40929 0
40928 0
40927 0
40926 0
40925 0
40924 0
40923 0
40922 0
40921 0
40920 0
40919 0
40918 0
40917 0
40916 0
40915 0
40914 0
40913 0
40912 0
40911 0
40910 0
40909 0
40908 0
40907 0
40906 0
40905 0
40904 0
40903 0
40902 0
40901 0
40900 0
40899 0
40898 0
40897 0
40896 0
40895 0
40894 0
40893 0
40892 0
40891 0
40890 0
40889 0
40888 0
40887 0
40886 0
40885 0
40884 0
40883 0
40882 0
40881 0
40880 0
40879 0
40878 0
40877 0
40876 0
40875 0
40874 0
40873 0
40872 0
40871 0
40870 0
40869 0
40868 0
40867 0
40866 0
40865 0
40864 0
40863 0
40862 0
40861 0
40860 0
40859 0
40858 0
40857 0
40856 0
40855 0
40854 0
40853 0
40852 0
40851 0
40850 0
40849 0
40848 0
40847 0
40846 0
40845 0
40844 0
40843 0
40842 0
40841 0
40840 0
40839 0
40838 0
40837 0
40836 0
40835 0
40834 0
40833 0
40832 0
40831 0
40830 0
40829 0
40828 0
40827 0
40826 0
40825 0
40824 0
40823 0
40822 0
40821 0
40820 0
40819 0
40818 0
40817 0
40816 0
40815 0
40814 0
40813 0
40812 0
40811 0
40810 0
40809 0
40808 0
40807 0
40806 0
40805 0
40804 0
40803 0
40802 0
40801 0
40800 0
40799 0
40798 0
40797 0
40796 0
40795 0
40794 0
40793 0
40792 0
40791 0
40790 0
40789 0
40788 0
40787 0
40786 0
40785 0
40784 0
40783 0
40782 0
40781 0
40780 0
40779 0
40778 0
40777 0
40776 0
40775 0
40774 0
40773 0
40772 0
40771 0
40770 0
40769 0
40768 0
40767 0
40766 0
40765 0
40764 0
40763 0
40762 0
40761 0
40760 0
40759 0
40758 0
40757 0
40756 0
40755 0
40754 0
40753 0
40752 0
40751 0
40750 0
40749 0
40748 0
40747 0
40746 0
40745 0
40744 0
40743 0
40742 0
40741 0
40740 0
40739 0
40738 0
40737 0
40736 0
40735 0
40734 0
40733 0
40732 0
40731 0
40730 0
40729 0
40728 0
40727 0
40726 0
40725 0
40724 0
40723 0
40722 0
40721 0
40720 0
40719 0
40718 0
40717 0
40716 0
40715 0
40714 0
40713 0
40712 0
40711 0
40710 0
40709 0
40708 0
40707 0
40706 0
40705 0
40704 0
40703 0
40702 0
40701 0
40700 0
40699 0
40698 0
40697 0
40696 0
40695 0
40694 0
40693 0
40692 0
40691 0
40690 0
40689 0
40688 0
40687 0
40686 0
40685 0
40684 0
40683 0
40682 0
40681 0
40680 0
40679 0
40678 0
40677 0
40676 0
40675 0
40674 0
40672 0
40671 0
40670 0
40669 0
40668 0
40667 0
40666 0
40665 0
40664 0
40663 0
40662 0
40661 0
40660 0
40659 0
40658 0
40657 0
40656 0
40655 0
40654 0
40653 0
40652 0
40651 0
40650 0
40649 0
40648 0
40647 0
40646 0
40645 0
40644 0
40643 0
40642 0
40641 0
40640 0
40639 0
40638 0
40637 0
40636 0
40635 0
40634 0
40633 0
40632 0
40631 0
40630 0
40629 0
40628 0
40627 0
40626 0
