20719 10.1691
12706 9.4324
13309 5.07679
40324 4.09898
23843 3.74738
16390 3.33948
4998 3.12057
9512 2.73658
29401 2.73328
28500 2.64023
9059 2.00397
18588 1.92283
18428 1.6927
39142 1.68407
38837 1.65979
1904 1.59286
34737 1.46577
33892 1.44325
40950 1.38992
20013 1.34495
25897 1.26418
22202 1.2432
9276 1.1116
4200 1.08653
24821 1.08244
26 1.02672
5484 1.01523
225 1.00198
21712 0.943371
23836 0.911905
32885 0.833333
32622 0.833068
6576 0.832583
8494 0.80246
9543 0.795833
12548 0.785714
1723 0.757728
9662 0.755263
11478 0.728614
27384 0.689922
23783 0.665425
21264 0.626044
10724 0.585965
21326 0.55625
31047 0.528696
27454 0.52432
9074 0.5243
17353 0.498268
26153 0.494605
17263 0.492839
1474 0.477027
120 0.471325
426 0.413968
28769 0.39359
0 0.376978
16963 0.340278
1148 0.339669
40450 0.333333
19643 0.333333
19237 0.333333
16933 0.333333
14774 0.333333
14208 0.333333
14203 0.333333
6239 0.333333
21735 0.299145
40906 0.290074
33233 0.27381
34348 0.265235
4372 0.256335
34492 0.254652
38909 0.25
30045 0.25
27333 0.25
26174 0.25
24909 0.25
21195 0.25
13923 0.25
8459 0.25
4600 0.25
1834 0.25
25110 0.2493
29240 0.24359
27135 0.24359
25583 0.206294
40149 0.2
34933 0.2
33960 0.2
29157 0.2
20231 0.2
15634 0.2
3936 0.2
37844 0.188596
3843 0.187283
3738 0.187283
29183 0.18631
13685 0.18631
20875 0.183916
40714 0.166667
38301 0.166667
36256 0.166667
32522 0.166667
30140 0.166667
25237 0.166667
20049 0.166667
16652 0.166667
14543 0.166667
9761 0.166667
8831 0.166667
2864 0.166667
23637 0.164064
37122 0.160173
20250 0.160038
36798 0.1493
31482 0.1493
18578 0.1493
25685 0.142857
19684 0.142857
15234 0.142857
13448 0.142857
10804 0.142857
6508 0.142857
9400 0.142159
36269 0.135214
2983 0.135214
1752 0.135214
11422 0.132583
15954 0.126488
11764 0.126488
6287 0.126488
5905 0.126488
39028 0.125
33952 0.125
31239 0.125
26901 0.125
26687 0.125
4471 0.125
3920 0.125
34915 0.117331
26845 0.117331
7666 0.117331
7370 0.117331
28311 0.111111
12602 0.111111
5673 0.111111
38217 0.1
37134 0.1
25016 0.1
15620 0.1
10396 0.1
2312 0.1
22978 0.0909091
15672 0.0909091
5770 0.0909091
1232 0.0909091
29077 0.0833333
22711 0.0833333
21606 0.0833333
10689 0.0833333
2885 0.0833333
37270 0.0769231
2674 0.0769231
39563 0.0625
39395 0.0625
38164 0.0625
37831 0.0625
24515 0.0625
23550 0.0625
18933 0.0625
15605 0.0625
12020 0.0625
40882 0.0588235
38330 0.0588235
32701 0.0588235
25584 0.0588235
24875 0.0588235
23394 0.0588235
16723 0.0588235
10819 0.0588235
3858 0.0588235
40190 0.0555556
38455 0.0555556
17948 0.0555556
11184 0.0555556
35700 0.0526316
34816 0.0526316
31778 0.0526316
29566 0.0526316
26799 0.0526316
19259 0.0526316
12512 0.0526316
12494 0.0526316
9169 0.0526316
9050 0.0526316
39908 0.05
36372 0.05
28650 0.05
17360 0.05
25581 0.047619
20705 0.047619
15777 0.047619
14931 0.047619
14339 0.047619
38630 0.0454545
34034 0.0454545
30216 0.0454545
23206 0.0454545
20088 0.0454545
16817 0.0454545
11768 0.0454545
36889 0.0384615
28394 0.0384615
22355 0.0384615
18825 0.0384615
17295 0.0384615
9334 0.0384615
1874 0.0384615
645 0.0384615
38886 0.037037
37359 0.037037
35331 0.037037
35010 0.037037
33088 0.037037
29776 0.037037
29399 0.037037
27561 0.037037
24984 0.037037
19641 0.037037
19016 0.037037
18367 0.037037
15711 0.037037
14556 0.037037
13786 0.037037
10161 0.037037
8518 0.037037
6947 0.037037
3512 0.037037
1459 0.037037
29988 0.03125
29113 0.03125
24067 0.03125
16960 0.03125
10594 0.03125
8120 0.03125
7634 0.03125
35928 0.027027
32305 0.027027
31782 0.027027
12904 0.027027
3876 0.027027
112 0.027027
38565 0.0238095
38407 0.0238095
31224 0.0238095
28513 0.0238095
25187 0.0238095
24318 0.0238095
24285 0.0238095
19740 0.0238095
15408 0.0238095
15399 0.0238095
14371 0.0238095
13546 0.0238095
13429 0.0238095
13046 0.0238095
4635 0.0238095
39888 0.0232558
39859 0.0232558
37906 0.0232558
37102 0.0232558
36017 0.0232558
35583 0.0232558
34275 0.0232558
33459 0.0232558
33252 0.0232558
32672 0.0232558
32337 0.0232558
29627 0.0232558
28185 0.0232558
27326 0.0232558
27166 0.0232558
26828 0.0232558
26574 0.0232558
25826 0.0232558
25474 0.0232558
25072 0.0232558
24902 0.0232558
24344 0.0232558
23432 0.0232558
22218 0.0232558
21889 0.0232558
19774 0.0232558
11810 0.0232558
10925 0.0232558
9632 0.0232558
7746 0.0232558
6707 0.0232558
6412 0.0232558
4586 0.0232558
3270 0.0232558
2899 0.0232558
2638 0.0232558
2305 0.0232558
209 0.0232558
40980 0
40979 0
40978 0
40977 0
40976 0
40975 0
40974 0
40973 0
40972 0
40971 0
40970 0
40969 0
40968 0
40967 0
40966 0
40965 0
40964 0
40963 0
40962 0
40961 0
40960 0
40959 0
40958 0
40957 0
40956 0
40955 0
40954 0
40953 0
40952 0
40951 0
40949 0
40948 0
40947 0
40946 0
40945 0
40944 0
40943 0
40942 0
40941 0
40940 0
40939 0
40938 0
40937 0
40936 0
40935 0
40934 0
40933 0
40932 0
40931 0
40930 0
40929 0
40928 0
40927 0
40926 0
40925 0
40924 0
40923 0
40922 0
40921 0
40920 0
40919 0
40918 0
40917 0
40916 0
40915 0
40914 0
40913 0
40912 0
40911 0
40910 0
40909 0
40908 0
40907 0
40905 0
40904 0
40903 0
40902 0
40901 0
40900 0
40899 0
40898 0
40897 0
40896 0
40895 0
40894 0
40893 0
40892 0
40891 0
40890 0
40889 0
40888 0
40887 0
40886 0
40885 0
40884 0
40883 0
40881 0
40880 0
40879 0
40878 0
40877 0
40876 0
40875 0
40874 0
40873 0
40872 0
40871 0
40870 0
40869 0
40868 0
40867 0
40866 0
40865 0
40864 0
40863 0
40862 0
40861 0
40860 0
40859 0
40858 0
40857 0
40856 0
40855 0
40854 0
40853 0
40852 0
40851 0
40850 0
40849 0
40848 0
40847 0
40846 0
40845 0
40844 0
40843 0
40842 0
40841 0
40840 0
40839 0
40838 0
40837 0
40836 0
40835 0
40834 0
40833 0
40832 0
40831 0
40830 0
40829 0
40828 0
40827 0
40826 0
40825 0
40824 0
40823 0
40822 0
40821 0
40820 0
40819 0
40818 0
40817 0
40816 0
40815 0
40814 0
40813 0
40812 0
40811 0
40810 0
40809 0
40808 0
40807 0
40806 0
40805 0
40804 0
40803 0
40802 0
40801 0
40800 0
40799 0
40798 0
40797 0
40796 0
40795 0
40794 0
40793 0
40792 0
40791 0
40790 0
40789 0
40788 0
40787 0
40786 0
40785 0
40784 0
40783 0
40782 0
