31301 17.5156
15603 4.596
26750 4.15389
12431 3.825
5693 3.49899
27514 3.4948
21983 3.41454
23877 2.44391
29997 1.76499
9842 1.59556
17634 1.5674
26892 1.45934
18328 1.43239
27892 1.32177
15610 1.28196
27886 1.26279
5723 1.23867
10658 1.196
8672 1.17485
15024 1.17131
27434 1.15064
4507 1.13047
52 1.11538
19032 1.10238
6656 1.07955
22557 1.06494
4405 1.02953
16791 1.00397
38638 0.99816
7708 0.974333
27799 0.938743
28444 0.935495
32760 0.929302
13631 0.916667
12386 0.854167
3158 0.852381
23193 0.844048
17691 0.833333
15322 0.829452
25369 0.828704
12346 0.806122
22778 0.783333
39112 0.75
6100 0.69697
30972 0.669513
34495 0.661277
23014 0.658492
9831 0.658333
9557 0.655085
36623 0.649831
3276 0.64917
34825 0.642857
13581 0.642857
16853 0.637052
29059 0.636905
14201 0.625
24825 0.616667
22583 0.616667
25025 0.60119
12047 0.55881
10131 0.557875
12243 0.542857
37711 0.526923
3856 0.525
24556 0.524415
7970 0.524415
14544 0.497509
2659 0.491667
4538 0.483333
3096 0.477778
24133 0.466667
363 0.460712
40912 0.453968
6504 0.453968
23380 0.443546
13334 0.439802
20966 0.437536
26555 0.434751
37998 0.434524
34375 0.433333
8508 0.416667
37087 0.411111
34403 0.411111
28543 0.411111
40573 0.388308
34355 0.377778
590 0.37316
12709 0.370598
35020 0.367516
517 0.365079
7691 0.361111
4170 0.343478
25349 0.336111
34845 0.333333
32735 0.333333
27844 0.333333
22402 0.333333
18729 0.333333
8027 0.333333
3323 0.333333
3739 0.327314
2712 0.3261
39861 0.320513
6002 0.320513
21022 0.32037
27094 0.318332
26044 0.318332
7707 0.318332
18616 0.31552
10057 0.31552
1975 0.314394
12518 0.313131
2982 0.310689
25982 0.3066
12620 0.302632
20424 0.30202
33712 0.299145
29629 0.298611
5049 0.298319
16118 0.294935
34719 0.29259
22990 0.287944
12221 0.28254
4432 0.280556
5863 0.274854
9846 0.269425
34033 0.268478
36418 0.268369
32994 0.267832
26789 0.264286
12630 0.260844
40661 0.260729
1480 0.260036
3936 0.253846
32647 0.25
30696 0.25
24270 0.25
22671 0.25
14288 0.25
11171 0.25
10100 0.25
3445 0.25
3348 0.25
444 0.25
16346 0.246561
17288 0.245833
29282 0.243369
9043 0.243369
15308 0.241681
37527 0.232479
40746 0.230303
21579 0.210197
12780 0.205556
40883 0.2
39319 0.2
28038 0.2
25221 0.2
24237 0.2
23211 0.2
20068 0.2
16945 0.2
13907 0.2
12510 0.2
12217 0.2
8242 0.2
5879 0.2
4859 0.2
1325 0.2
34847 0.188889
8186 0.185747
21560 0.179842
28859 0.179423
19007 0.177713
6454 0.173955
39393 0.166667
37661 0.166667
34768 0.166667
34360 0.166667
33944 0.166667
33883 0.166667
32904 0.166667
30611 0.166667
29032 0.166667
28644 0.166667
28161 0.166667
23655 0.166667
23221 0.166667
22890 0.166667
18198 0.166667
17406 0.166667
17238 0.166667
17159 0.166667
16618 0.166667
13636 0.166667
8582 0.166667
6409 0.166667
4408 0.166667
3916 0.166667
1468 0.166667
1375 0.166667
1329 0.166667
29741 0.16105
919 0.159722
15427 0.146637
6333 0.146637
26159 0.143098
22288 0.143098
15637 0.143098
32593 0.142857
30540 0.142857
29026 0.142857
28674 0.142857
27926 0.142857
25462 0.142857
25082 0.142857
24962 0.142857
19887 0.142857
14311 0.142857
12009 0.142857
10953 0.142857
9970 0.142857
9587 0.142857
9040 0.142857
8081 0.142857
7593 0.142857
6794 0.142857
5066 0.142857
4406 0.142857
3282 0.142857
3206 0.142857
2838 0.142857
2289 0.142857
39495 0.142532
28223 0.142532
28961 0.139233
27646 0.1375
13990 0.1375
31817 0.128389
12889 0.128389
36032 0.125227
29310 0.125227
18937 0.125227
40544 0.125
32885 0.125
28358 0.125
28052 0.125
27895 0.125
27847 0.125
25948 0.125
24804 0.125
23427 0.125
20634 0.125
18929 0.125
16670 0.125
13654 0.125
12149 0.125
10882 0.125
9362 0.125
2673 0.125
2633 0.125
9519 0.124127
8067 0.119657
40965 0.111111
36912 0.111111
36299 0.111111
31195 0.111111
29115 0.111111
26240 0.111111
25185 0.111111
21518 0.111111
20142 0.111111
19185 0.111111
19053 0.111111
17570 0.111111
14820 0.111111
12697 0.111111
10117 0.111111
6487 0.111111
6292 0.111111
3567 0.111111
1405 0.111111
33936 0.110036
39171 0.1
34197 0.1
34153 0.1
33893 0.1
29176 0.1
26908 0.1
26552 0.1
26395 0.1
25810 0.1
25295 0.1
24454 0.1
22819 0.1
20333 0.1
19264 0.1
19151 0.1
18039 0.1
16978 0.1
12447 0.1
6496 0.1
6055 0.1
3447 0.1
37804 0.0909091
20854 0.0909091
19207 0.0909091
14253 0.0909091
30060 0.0833333
27994 0.0833333
12636 0.0833333
3648 0.0833333
39565 0.0769231
33809 0.0769231
32683 0.0769231
30760 0.0769231
27660 0.0769231
19847 0.0769231
13797 0.0769231
13014 0.0769231
12501 0.0769231
10009 0.0769231
7139 0.0769231
27401 0.072132
39515 0.0714286
19373 0.0714286
16890 0.0714286
6856 0.0714286
5138 0.0714286
4049 0.0714286
35096 0.0666667
28089 0.0666667
9668 0.0666667
32675 0.0625
29257 0.0625
29154 0.0625
12469 0.0625
5812 0.0625
5637 0.0625
3600 0.0625
3245 0.0625
40017 0.0588235
37176 0.0588235
36465 0.0588235
34299 0.0588235
22228 0.0588235
18896 0.0588235
7296 0.0588235
6889 0.0588235
3358 0.0588235
38002 0.0555556
37143 0.0555556
35017 0.0555556
27624 0.0555556
22465 0.0555556
15280 0.0555556
4375 0.0555556
36734 0.0526316
36006 0.0526316
21686 0.0526316
21347 0.0526316
18542 0.0526316
11133 0.0526316
10498 0.0526316
7722 0.0526316
1169 0.0526316
40829 0.05
36612 0.05
35985 0.05
34673 0.05
31561 0.05
31385 0.05
30668 0.05
22394 0.05
17761 0.05
16369 0.05
15149 0.05
10519 0.05
10445 0.05
37591 0.0454545
36035 0.0454545
29251 0.0454545
25166 0.0454545
14132 0.0454545
289 0.0454545
35761 0.0434783
35032 0.0434783
30824 0.0434783
23288 0.0434783
11719 0.0434783
33442 0.04
30632 0.04
30122 0.04
29737 0.04
26808 0.04
23742 0.04
19583 0.04
17338 0.04
14609 0.04
13881 0.04
12662 0.04
11195 0.04
8961 0.04
7894 0.04
1179 0.04
28892 0.037037
28622 0.037037
18274 0.037037
17611 0.037037
14044 0.037037
5367 0.037037
5288 0.037037
5080 0.037037
35696 0.0322581
32702 0.0322581
27410 0.0322581
25899 0.0322581
20559 0.0322581
19793 0.0322581
19620 0.0322581
18771 0.0322581
17550 0.0322581
4674 0.0322581
2747 0.0322581
2453 0.0322581
38435 0.030303
36942 0.030303
36023 0.030303
31127 0.030303
30418 0.030303
30327 0.030303
16092 0.030303
7213 0.030303
4785 0.030303
26964 0.0285714
20141 0.0285714
14511 0.0285714
11625 0.0285714
32546 0.0277778
32430 0.0277778
30998 0.0277778
29524 0.0277778
28959 0.0277778
27727 0.0277778
27364 0.0277778
26626 0.0277778
20089 0.0277778
19869 0.0277778
19688 0.0277778
12902 0.0277778
11085 0.0277778
10737 0.0277778
9413 0.0277778
6256 0.0277778
40534 0.0227273
40078 0.0227273
36746 0.0227273
24004 0.0227273
21722 0.0227273
21097 0.0227273
20407 0.0227273
16404 0.0227273
13646 0.0227273
11630 0.0227273
10602 0.0227273
10122 0.0227273
5620 0.0227273
4928 0.0227273
4851 0.0227273
39865 0.0208333
38668 0.0208333
35472 0.0208333
34973 0.0208333
33501 0.0208333
33078 0.0208333
32500 0.0208333
26629 0.0208333
24466 0.0208333
24316 0.0208333
19041 0.0208333
17152 0.0208333
12634 0.0208333
10980 0.0208333
1427 0.0208333
40980 0
40979 0
40978 0
40977 0
40976 0
40975 0
40974 0
40973 0
40972 0
40971 0
40970 0
40969 0
40968 0
40967 0
40966 0
40964 0
40963 0
