1975 11.7193
23989 9.02028
15922 1.67788
23855 1.53333
22438 1.31667
5458 0.98684
30054 0.942528
36474 0.934953
14449 0.77316
17620 0.705303
40701 0.7
35045 0.658766
3096 0.65
8261 0.637121
20281 0.624242
8210 0.604762
30793 0.595088
1714 0.534123
16442 0.525
11197 0.513862
25998 0.512085
8449 0.479412
29540 0.45202
22217 0.45202
21102 0.41612
16212 0.397254
32620 0.38644
18119 0.38644
25969 0.35
31301 0.349206
39921 0.333333
31851 0.333333
11093 0.333333
7708 0.333333
32885 0.321429
12412 0.296821
15040 0.275
29428 0.259123
15435 0.259123
5356 0.255155
23976 0.25119
30012 0.25
19118 0.25
10827 0.25
29285 0.237745
9038 0.237745
26217 0.232323
25979 0.232323
12742 0.232323
9774 0.232323
36854 0.231818
4987 0.221064
5011 0.205303
39005 0.2
38243 0.2
34201 0.2
32202 0.2
27766 0.2
16814 0.2
8291 0.2
1471 0.2
40674 0.186973
21810 0.186973
16285 0.186973
14718 0.186973
24825 0.185065
14265 0.185065
30459 0.180303
29314 0.180303
27460 0.179397
13543 0.179397
20007 0.172952
18555 0.172952
1950 0.172952
34495 0.166667
30443 0.166667
6514 0.166667
28598 0.153506
10218 0.153506
7645 0.153506
25552 0.151619
25534 0.151619
25525 0.151619
22172 0.151619
30773 0.142857
22239 0.14112
2885 0.14112
1791 0.14112
27623 0.125
23570 0.125
22594 0.125
18889 0.125
10197 0.125
8369 0.125
3936 0.125
38809 0.111111
37962 0.111111
35734 0.111111
32342 0.111111
12466 0.111111
8687 0.111111
38676 0.0909091
35497 0.0909091
34296 0.0909091
33417 0.0909091
30210 0.0909091
28738 0.0909091
27926 0.0909091
25343 0.0909091
21493 0.0909091
16314 0.0909091
16091 0.0909091
11802 0.0909091
10410 0.0909091
5145 0.0909091
39745 0.0833333
28778 0.0833333
18456 0.0833333
12219 0.0833333
11047 0.0833333
4196 0.0833333
35840 0.0801546
26057 0.0801546
1734 0.0801546
40645 0.0769231
38703 0.0769231
17783 0.0769231
10622 0.0769231
7670 0.0769231
3969 0.0769231
27279 0.0714286
26874 0.0714286
26860 0.0714286
23699 0.0714286
21423 0.0714286
18328 0.0714286
16056 0.0714286
13157 0.0714286
2249 0.0714286
2173 0.0714286
379 0.0714286
34166 0.0555556
25002 0.0555556
21681 0.0555556
19426 0.0555556
15606 0.0555556
9780 0.0555556
4923 0.0555556
334 0.0555556
317 0.0555556
34615 0.0526316
22326 0.0526316
15354 0.0526316
12893 0.0526316
8581 0.0526316
38846 0.05
11651 0.05
10263 0.05
9116 0.05
2916 0.05
39591 0.030303
39053 0.030303
33580 0.030303
29530 0.030303
29307 0.030303
24028 0.030303
21859 0.030303
20350 0.030303
17359 0.030303
13043 0.030303
12692 0.030303
9952 0.030303
9065 0.030303
8149 0.030303
7529 0.030303
6262 0.030303
3472 0.030303
40583 0.0294118
38374 0.0294118
38183 0.0294118
38061 0.0294118
34647 0.0294118
33470 0.0294118
31954 0.0294118
28094 0.0294118
27130 0.0294118
25939 0.0294118
25878 0.0294118
25152 0.0294118
24960 0.0294118
24354 0.0294118
22730 0.0294118
19005 0.0294118
17496 0.0294118
8145 0.0294118
7893 0.0294118
4269 0.0294118
3781 0.0294118
37358 0.025
37320 0.025
35759 0.025
35255 0.025
32467 0.025
31263 0.025
26554 0.025
24331 0.025
24222 0.025
22973 0.025
21266 0.025
20360 0.025
19402 0.025
15772 0.025
15074 0.025
13467 0.025
13372 0.025
8058 0.025
7560 0.025
7501 0.025
7314 0.025
5595 0.025
2600 0.025
40505 0.00515464
40089 0.00515464
40048 0.00515464
39962 0.00515464
39791 0.00515464
39120 0.00515464
38952 0.00515464
38769 0.00515464
38700 0.00515464
38689 0.00515464
38162 0.00515464
38141 0.00515464
38010 0.00515464
37729 0.00515464
37672 0.00515464
37646 0.00515464
37233 0.00515464
36968 0.00515464
36952 0.00515464
36528 0.00515464
36332 0.00515464
36313 0.00515464
36096 0.00515464
35803 0.00515464
35641 0.00515464
35439 0.00515464
35424 0.00515464
35346 0.00515464
35185 0.00515464
35082 0.00515464
35063 0.00515464
34664 0.00515464
34156 0.00515464
34004 0.00515464
33607 0.00515464
33549 0.00515464
33545 0.00515464
32898 0.00515464
32809 0.00515464
32768 0.00515464
32645 0.00515464
32243 0.00515464
31768 0.00515464
31711 0.00515464
31537 0.00515464
31184 0.00515464
30543 0.00515464
30422 0.00515464
29858 0.00515464
29473 0.00515464
29464 0.00515464
29077 0.00515464
28952 0.00515464
28605 0.00515464
28575 0.00515464
28497 0.00515464
28457 0.00515464
28424 0.00515464
27900 0.00515464
27799 0.00515464
27127 0.00515464
26971 0.00515464
26562 0.00515464
26195 0.00515464
26084 0.00515464
24366 0.00515464
24239 0.00515464
23789 0.00515464
23439 0.00515464
23322 0.00515464
23054 0.00515464
23053 0.00515464
22972 0.00515464
22711 0.00515464
22623 0.00515464
21978 0.00515464
21757 0.00515464
21566 0.00515464
21389 0.00515464
21320 0.00515464
20287 0.00515464
19973 0.00515464
19960 0.00515464
19624 0.00515464
19566 0.00515464
19141 0.00515464
18790 0.00515464
18421 0.00515464
18392 0.00515464
18368 0.00515464
18282 0.00515464
17739 0.00515464
17514 0.00515464
16947 0.00515464
16743 0.00515464
16512 0.00515464
16324 0.00515464
16238 0.00515464
16233 0.00515464
16101 0.00515464
16047 0.00515464
15416 0.00515464
15002 0.00515464
14988 0.00515464
14814 0.00515464
14399 0.00515464
14234 0.00515464
13563 0.00515464
13362 0.00515464
12511 0.00515464
12205 0.00515464
12090 0.00515464
11626 0.00515464
11447 0.00515464
11237 0.00515464
11202 0.00515464
10444 0.00515464
10384 0.00515464
10146 0.00515464
8936 0.00515464
8836 0.00515464
8671 0.00515464
8501 0.00515464
8438 0.00515464
8023 0.00515464
7937 0.00515464
7889 0.00515464
7702 0.00515464
7654 0.00515464
7076 0.00515464
7059 0.00515464
6983 0.00515464
6863 0.00515464
6714 0.00515464
6654 0.00515464
6501 0.00515464
6359 0.00515464
6323 0.00515464
6261 0.00515464
5937 0.00515464
5861 0.00515464
5840 0.00515464
5299 0.00515464
4825 0.00515464
4672 0.00515464
3982 0.00515464
2869 0.00515464
2813 0.00515464
2542 0.00515464
2374 0.00515464
2155 0.00515464
1500 0.00515464
938 0.00515464
556 0.00515464
468 0.00515464
233 0.00515464
221 0.00515464
40980 0
40979 0
40978 0
40977 0
40976 0
40975 0
40974 0
40973 0
40972 0
40971 0
40970 0
40969 0
40968 0
40967 0
40966 0
40965 0
40964 0
40963 0
40962 0
40961 0
40960 0
40959 0
40958 0
40957 0
40956 0
40955 0
40954 0
40953 0
40952 0
40951 0
40950 0
40949 0
40948 0
40947 0
40946 0
40945 0
40944 0
40943 0
40942 0
40941 0
40940 0
40939 0
40938 0
40937 0
40936 0
40935 0
40934 0
40933 0
40932 0
40931 0
40930 0
40929 0
40928 0
40927 0
40926 0
40925 0
40924 0
40923 0
40922 0
40921 0
40920 0
40919 0
40918 0
40917 0
40916 0
40915 0
40914 0
40913 0
40912 0
40911 0
40910 0
40909 0
40908 0
40907 0
40906 0
40905 0
40904 0
40903 0
40902 0
40901 0
40900 0
40899 0
40898 0
40897 0
40896 0
40895 0
40894 0
40893 0
40892 0
40891 0
40890 0
40889 0
40888 0
40887 0
40886 0
40885 0
40884 0
40883 0
40882 0
40881 0
40880 0
40879 0
40878 0
40877 0
40876 0
40875 0
40874 0
40873 0
40872 0
40871 0
40870 0
40869 0
40868 0
40867 0
40866 0
40865 0
40864 0
40863 0
40862 0
40861 0
40860 0
40859 0
