29879 8.00236
34956 5.57692
1570 4.26059
7871 3.7214
16864 3.66777
38325 2.59286
30768 1.94091
4942 1.64286
8599 1.53333
21047 1.4
36543 1.35833
38206 1.3373
611 1.33258
28014 1.325
21631 1.2873
22237 1.26944
1529 1.26869
23606 1.20758
8766 1.14167
4166 1.12619
9832 1.10119
26889 1.04563
2385 1.01859
28776 0.867832
14370 0.809524
30981 0.807082
7551 0.791667
23168 0.75
12559 0.7
6575 0.7
12815 0.67619
26958 0.65
27986 0.592857
7793 0.5671
19918 0.527778
38733 0.457576
30891 0.457576
19871 0.436111
19456 0.422222
25009 0.410256
36013 0.400433
24273 0.35119
39581 0.34478
28040 0.34478
35047 0.333333
35025 0.333333
31719 0.333333
30065 0.333333
28301 0.333333
20907 0.333333
18431 0.333333
18079 0.333333
17494 0.333333
14412 0.333333
14197 0.333333
6939 0.333333
39874 0.278846
21600 0.278846
38348 0.25
33553 0.25
32086 0.25
27405 0.25
26081 0.25
25686 0.25
24119 0.25
18928 0.25
18320 0.25
18289 0.25
18158 0.25
16892 0.25
14571 0.25
11813 0.25
6960 0.25
6698 0.25
5542 0.25
39199 0.2
37684 0.2
37547 0.2
37433 0.2
35912 0.2
35221 0.2
32608 0.2
26427 0.2
25796 0.2
24839 0.2
21608 0.2
14991 0.2
12117 0.2
9581 0.2
6775 0.2
3864 0.2
34306 0.166667
33581 0.166667
29177 0.166667
29002 0.166667
20219 0.166667
7570 0.166667
4920 0.166667
31129 0.142857
27024 0.142857
17743 0.142857
9505 0.142857
6568 0.142857
35863 0.125
35837 0.125
35399 0.125
30868 0.125
30465 0.125
28700 0.125
28252 0.125
26451 0.125
20698 0.125
11569 0.125
7317 0.125
5259 0.125
3225 0.125
2099 0.125
371 0.125
35328 0.111111
14279 0.111111
39153 0.1
28787 0.1
26080 0.1
19281 0.1
15366 0.1
13839 0.1
10211 0.1
38884 0.0909091
33978 0.0909091
30522 0.0909091
28976 0.0909091
22043 0.0909091
3540 0.0909091
39701 0.0769231
38432 0.0769231
29479 0.0769231
12037 0.0769231
10540 0.0769231
39341 0.0416667
37864 0.0416667
36318 0.0416667
36275 0.0416667
34630 0.0416667
34488 0.0416667
33984 0.0416667
32677 0.0416667
29888 0.0416667
25660 0.0416667
22471 0.0416667
22151 0.0416667
10549 0.0416667
9960 0.0416667
7386 0.0416667
5761 0.0416667
251 0.0416667
40980 0
40979 0
40978 0
40977 0
40976 0
40975 0
40974 0
40973 0
40972 0
40971 0
40970 0
40969 0
40968 0
40967 0
40966 0
40965 0
40964 0
40963 0
40962 0
40961 0
40960 0
40959 0
40958 0
40957 0
40956 0
40955 0
40954 0
40953 0
40952 0
40951 0
40950 0
40949 0
40948 0
40947 0
40946 0
40945 0
40944 0
40943 0
40942 0
40941 0
40940 0
40939 0
40938 0
40937 0
40936 0
40935 0
40934 0
40933 0
40932 0
40931 0
40930 0
40929 0
40928 0
40927 0
40926 0
40925 0
40924 0
40923 0
40922 0
40921 0
40920 0
40919 0
40918 0
40917 0
40916 0
40915 0
40914 0
40913 0
40912 0
40911 0
40910 0
40909 0
40908 0
40907 0
40906 0
40905 0
40904 0
40903 0
40902 0
40901 0
40900 0
40899 0
40898 0
40897 0
40896 0
40895 0
40894 0
40893 0
40892 0
40891 0
40890 0
40889 0
40888 0
40887 0
40886 0
40885 0
40884 0
40883 0
40882 0
40881 0
40880 0
40879 0
40878 0
40877 0
40876 0
40875 0
40874 0
40873 0
40872 0
40871 0
40870 0
40869 0
40868 0
40867 0
40866 0
40865 0
40864 0
40863 0
40862 0
40861 0
40860 0
40859 0
40858 0
40857 0
40856 0
40855 0
40854 0
40853 0
40852 0
40851 0
40850 0
40849 0
40848 0
40847 0
40846 0
40845 0
40844 0
40843 0
40842 0
40841 0
40840 0
40839 0
40838 0
40837 0
40836 0
40835 0
40834 0
40833 0
40832 0
40831 0
40830 0
40829 0
40828 0
40827 0
40826 0
40825 0
40824 0
40823 0
40822 0
40821 0
40820 0
40819 0
40818 0
40817 0
40816 0
40815 0
40814 0
40813 0
40812 0
40811 0
40810 0
40809 0
40808 0
40807 0
40806 0
40805 0
40804 0
40803 0
40802 0
40801 0
40800 0
40799 0
40798 0
40797 0
40796 0
40795 0
40794 0
40793 0
40792 0
40791 0
40790 0
40789 0
40788 0
40787 0
40786 0
40785 0
40784 0
40783 0
40782 0
40781 0
40780 0
40779 0
40778 0
40777 0
40776 0
40775 0
40774 0
40773 0
40772 0
40771 0
40770 0
40769 0
40768 0
40767 0
40766 0
40765 0
40764 0
40763 0
40762 0
40761 0
40760 0
40759 0
40758 0
40757 0
40756 0
40755 0
40754 0
40753 0
40752 0
40751 0
40750 0
40749 0
40748 0
40747 0
40746 0
40745 0
40744 0
40743 0
40742 0
40741 0
40740 0
40739 0
40738 0
40737 0
40736 0
40735 0
40734 0
40733 0
40732 0
40731 0
40730 0
40729 0
40728 0
40727 0
40726 0
40725 0
40724 0
40723 0
40722 0
40721 0
40720 0
40719 0
40718 0
40717 0
40716 0
40715 0
40714 0
40713 0
40712 0
40711 0
40710 0
40709 0
40708 0
40707 0
40706 0
40705 0
40704 0
40703 0
40702 0
40701 0
40700 0
40699 0
40698 0
40697 0
40696 0
40695 0
40694 0
40693 0
40692 0
40691 0
40690 0
40689 0
40688 0
40687 0
40686 0
40685 0
40684 0
40683 0
40682 0
40681 0
40680 0
40679 0
40678 0
40677 0
40676 0
40675 0
40674 0
40673 0
40672 0
40671 0
40670 0
40669 0
40668 0
40667 0
40666 0
40665 0
40664 0
40663 0
40662 0
40661 0
40660 0
40659 0
40658 0
40657 0
40656 0
40655 0
40654 0
40653 0
40652 0
40651 0
40650 0
40649 0
40648 0
40647 0
40646 0
40645 0
40644 0
40643 0
40642 0
40641 0
40640 0
40639 0
40638 0
40637 0
40636 0
