31301 123.295
37711 65.6182
24962 30.0287
19474 21.3003
3158 21.0389
37048 20.5636
7708 20.2541
8672 17.5904
28543 16.1589
14445 15.4274
5066 14.0517
18198 13.0642
24454 12.7864
28038 11.574
16945 11.4536
26750 10.8006
10953 10.5447
4406 10.237
9557 9.19619
11658 8.69787
13307 8.40875
24369 8.15714
40912 8.12636
5691 7.98826
1318 7.78564
25416 7.66293
2249 7.61039
20953 7.30651
13646 7.11657
5079 7.10524
6365 6.77662
31581 6.61508
16618 6.27943
34825 6.13067
13581 6.07211
10737 5.91062
39565 5.89934
52 5.8317
25349 5.65946
2131 5.51753
16660 5.21758
30074 5.12134
25427 5.09922
17634 5.04833
34200 4.91746
5693 4.87167
12009 4.77324
25266 4.61538
32885 4.56112
32760 4.4771
12683 4.41667
27799 4.26408
27162 4.23407
32763 4.14432
13919 4.05245
33667 4.04562
17285 3.99357
1492 3.9632
14544 3.9281
28576 3.79126
27514 3.77196
32091 3.76508
16791 3.69611
24125 3.68254
26341 3.67395
32500 3.54027
28607 3.46621
6489 3.45529
3013 3.42897
19032 3.32751
1975 3.30154
1920 3.26905
18148 3.20275
1605 3.14394
18328 3.12063
28483 3.08274
31555 2.90144
38303 2.89878
1655 2.89663
22228 2.89191
19309 2.88982
3382 2.88333
4584 2.8718
28444 2.76132
24845 2.73837
14742 2.67075
22594 2.657
22944 2.64325
36734 2.63513
16481 2.58682
7296 2.50404
24825 2.49174
6973 2.48345
33774 2.48105
31234 2.47374
38421 2.46313
19972 2.43898
12431 2.39997
35876 2.32105
3692 2.28038
10100 2.2568
27715 2.24524
33726 2.23697
22711 2.205
28142 2.19899
4393 2.19011
10047 2.1767
35294 2.1653
15603 2.10703
8027 2.08154
24804 2.07694
3797 1.99286
38191 1.96111
33944 1.95667
11216 1.94567
36535 1.90623
5343 1.89916
15768 1.89354
33992 1.88929
8532 1.87417
13706 1.82619
37176 1.82219
4405 1.79968
7435 1.78276
20966 1.77989
948 1.76096
37714 1.75833
16650 1.73977
38229 1.71539
27886 1.71409
7413 1.68889
31384 1.67031
14422 1.66835
27633 1.65575
17160 1.64003
27003 1.61342
37603 1.5925
27551 1.58958
10923 1.58482
37550 1.57906
33492 1.55657
21983 1.54843
34673 1.53885
28743 1.5344
15769 1.52857
23167 1.50865
30024 1.50858
5909 1.50738
32571 1.49613
2593 1.45119
26310 1.44524
23844 1.4277
24698 1.42679
40017 1.42346
5412 1.42084
30793 1.41303
6537 1.39211
5331 1.38105
23724 1.375
11445 1.37145
38002 1.37063
27951 1.36675
36393 1.36667
24213 1.34291
27102 1.33889
27600 1.33373
38246 1.3266
33641 1.32232
34883 1.32143
33244 1.32143
27340 1.3198
20993 1.30833
12604 1.30833
16992 1.30706
29381 1.3069
7379 1.30556
39948 1.3
7463 1.29952
31670 1.29663
15637 1.29643
2527 1.28492
2685 1.26897
37069 1.25952
14820 1.25737
21918 1.25556
32714 1.25405
23317 1.25117
17852 1.24837
19887 1.24015
3936 1.22184
20675 1.21944
31126 1.2177
16983 1.21667
24795 1.21329
37301 1.19444
6250 1.19369
39505 1.18998
186 1.17593
21022 1.16173
10332 1.16009
34011 1.14863
39511 1.14444
39907 1.14167
17238 1.13333
23309 1.13006
29407 1.12809
12784 1.11429
24738 1.1131
28722 1.11173
36688 1.10278
5432 1.08276
33950 1.08025
16310 1.07381
35660 1.07143
25434 1.06993
12630 1.06835
29663 1.06729
30395 1.062
1468 1.06026
14971 1.05996
8907 1.05556
11102 1.04952
37804 1.04493
5589 1.04371
4192 1.0339
9947 1.02931
26209 1.02241
6012 1.02222
34346 1.02024
33883 1.00954
1994 1.00043
21097 0.999542
7009 0.985433
4135 0.979978
34495 0.979722
13568 0.975086
31283 0.969444
31409 0.966112
7899 0.963528
40576 0.961111
32843 0.956746
12620 0.952717
21121 0.946673
22671 0.933478
2792 0.930759
32902 0.928571
16296 0.92683
13602 0.915079
9083 0.895159
36623 0.892479
6152 0.887589
36824 0.885354
31372 0.878211
26992 0.877911
29219 0.876984
17672 0.876948
919 0.871251
38604 0.866667
2551 0.866667
8580 0.864925
6823 0.859902
33809 0.859524
12217 0.859133
4981 0.856667
3772 0.848812
13432 0.848331
11019 0.848016
15931 0.845556
30211 0.84542
13757 0.843221
35380 0.840235
11779 0.837302
23813 0.835852
24648 0.833333
30288 0.828346
12096 0.828066
7488 0.822558
5193 0.817063
34158 0.813666
24925 0.813034
11582 0.810172
38235 0.809524
7691 0.802484
26401 0.802381
16635 0.799242
24610 0.794841
10123 0.794408
9600 0.788889
33712 0.783333
25459 0.783333
2505 0.779062
8930 0.777778
24251 0.77326
33483 0.772913
39345 0.770513
34704 0.76419
32582 0.752344
19185 0.751664
27830 0.75
32891 0.748505
28642 0.746465
3961 0.733333
18896 0.732576
23638 0.72619
34768 0.725626
22890 0.725468
25413 0.724092
9362 0.717382
14466 0.7
11790 0.7
27789 0.698851
21515 0.697655
24492 0.695238
19908 0.694444
12502 0.690887
9831 0.681518
2465 0.681172
6292 0.678994
20169 0.678704
6409 0.67702
9482 0.67619
26093 0.667179
37220 0.666667
26059 0.666667
1552 0.666667
35247 0.663381
16978 0.660256
1999 0.658333
37797 0.655263
21190 0.654762
36748 0.654285
13322 0.654167
30195 0.65
28132 0.65
30950 0.642857
35354 0.635509
10980 0.634706
21013 0.634524
36195 0.630978
8941 0.630978
25082 0.628968
16061 0.628889
3031 0.625216
29526 0.625
37087 0.624683
2838 0.624147
38777 0.623748
29919 0.623232
25810 0.62013
9487 0.619403
12261 0.619048
39319 0.618943
34804 0.616667
21675 0.616667
15793 0.616667
11082 0.616667
28377 0.614349
23696 0.611111
33941 0.603716
20631 0.602933
38358 0.60101
22726 0.593842
10073 0.593395
31990 0.588889
19015 0.587302
3740 0.585747
25060 0.585641
10344 0.583333
25279 0.583153
14776 0.579131
31886 0.575
27487 0.568903
9972 0.567616
40711 0.566667
1546 0.566667
26585 0.566513
20132 0.563932
12812 0.559524
18749 0.556573
6644 0.553674
3321 0.553654
29146 0.553626
212 0.553105
5021 0.551389
35524 0.551038
23491 0.550588
3916 0.550379
3374 0.547013
8244 0.538462
5054 0.537802
12510 0.535714
38393 0.533333
37373 0.533333
29976 0.533333
25235 0.531782
8819 0.531046
3339 0.528571
8508 0.527778
21221 0.526923
18828 0.526923
19566 0.526786
16725 0.517857
36991 0.515557
2060 0.513699
2334 0.5125
40036 0.511257
29493 0.509524
25223 0.509524
39754 0.508824
8055 0.50754
13538 0.505886
37565 0.503968
10880 0.503968
21011 0.5
13441 0.5
16561 0.498657
29972 0.496493
30054 0.495851
21110 0.495641
13536 0.495053
14383 0.49359
34834 0.493092
24013 0.492857
31200 0.492106
878 0.491667
9655 0.487037
39743 0.486742
16182 0.486111
20277 0.485714
38832 0.482258
8720 0.48158
29019 0.479412
12463 0.478563
18633 0.478492
40975 0.476601
34864 0.475
9978 0.475
6548 0.473333
18274 0.472756
39171 0.472439
2935 0.469298
33856 0.466667
22644 0.466667
29269 0.464095
4157 0.457197
18950 0.453968
12062 0.453968
14647 0.45
10756 0.448413
32647 0.445489
29139 0.443694
5788 0.442922
2867 0.442284
32620 0.441769
14720 0.440909
16141 0.437562
10144 0.433824
16670 0.433689
30720 0.433485
32250 0.433333
363 0.430635
14531 0.427778
8189 0.42549
14882 0.425
12481 0.422269
40573 0.420662
31659 0.419884
38067 0.4125
2378 0.411352
25397 0.410145
15418 0.410145
6262 0.410134
25361 0.406667
3842 0.395833
28904 0.392857
39882 0.392157
13461 0.391064
26435 0.389963
16935 0.388889
543 0.388889
31658 0.387241
9458 0.387147
26072 0.386335
6222 0.385714
26334 0.383939
1107 0.383939
14463 0.380952
10245 0.380721
34522 0.380556
30285 0.378788
18846 0.372122
8249 0.369264
19957 0.368498
9807 0.365909
19151 0.365079
18387 0.363828
5793 0.363095
31682 0.359524
22990 0.358333
6061 0.354978
