29934 5.74517
1079 1.40776
8672 1.12897
30427 1.10466
3294 0.954293
26723 0.790909
18763 0.779549
3680 0.779549
83 0.75956
33629 0.680988
22655 0.669697
5946 0.583604
34103 0.572078
36822 0.556677
34668 0.556677
27866 0.533333
26007 0.467857
34900 0.429167
2518 0.415909
3714 0.378968
27716 0.365079
22573 0.358766
2039 0.340278
27207 0.333333
16033 0.333333
19032 0.25
18328 0.25
10563 0.25
657 0.25
40821 0.219444
30721 0.219444
11760 0.219444
38370 0.2
27343 0.2
23767 0.2
23762 0.2
4767 0.2
16144 0.18799
15185 0.18799
32615 0.182576
18900 0.182576
31301 0.176879
15676 0.176879
20140 0.171465
28512 0.166667
16121 0.166667
4540 0.166667
14493 0.161364
6712 0.161364
18104 0.155252
12235 0.155252
1674 0.155252
33534 0.142857
22594 0.142857
21775 0.142857
12388 0.142857
9665 0.142857
28554 0.125
27546 0.125
21778 0.125
17860 0.125
1906 0.125
26800 0.111111
15857 0.111111
9128 0.111111
6277 0.111111
40283 0.0909091
39437 0.0909091
39260 0.0909091
36260 0.0909091
36245 0.0909091
32866 0.0909091
27471 0.0909091
26308 0.0909091
3809 0.0909091
40654 0.0833333
35143 0.0833333
3218 0.0833333
38488 0.0714286
15794 0.0714286
15251 0.0714286
8964 0.0714286
25548 0.0666667
2702 0.0666667
39416 0.0625
37179 0.0625
30867 0.0625
20487 0.0625
19691 0.0625
17962 0.0625
17665 0.0625
17184 0.0625
14554 0.0625
11029 0.0625
7403 0.0625
5496 0.0625
1679 0.0625
1388 0.0625
38229 0.0588235
37711 0.0588235
36619 0.0588235
33947 0.0588235
33944 0.0588235
28507 0.0588235
10953 0.0588235
10073 0.0588235
9982 0.0588235
8580 0.0588235
7708 0.0588235
5691 0.0588235
5396 0.0588235
4406 0.0588235
379 0.0588235
186 0.0588235
39875 0.0555556
38359 0.0555556
32863 0.0555556
30208 0.0555556
23364 0.0555556
22732 0.0555556
21737 0.0555556
18859 0.0555556
40231 0.0454545
36348 0.0454545
30470 0.0454545
22824 0.0454545
20807 0.0454545
20364 0.0454545
17289 0.0454545
15899 0.0454545
13968 0.0454545
13690 0.0454545
8034 0.0454545
2668 0.0454545
35704 0.025
34593 0.025
32674 0.025
28456 0.025
27381 0.025
27008 0.025
23094 0.025
20483 0.025
19349 0.025
17953 0.025
15926 0.025
14849 0.025
14042 0.025
13303 0.025
12756 0.025
12380 0.025
11694 0.025
11100 0.025
10629 0.025
9975 0.025
4863 0.025
4500 0.025
40980 0
40979 0
40978 0
40977 0
40976 0
40975 0
40974 0
40973 0
40972 0
40971 0
40970 0
40969 0
40968 0
40967 0
40966 0
40965 0
40964 0
40963 0
40962 0
40961 0
40960 0
40959 0
40958 0
40957 0
40956 0
40955 0
40954 0
40953 0
40952 0
40951 0
40950 0
40949 0
40948 0
40947 0
40946 0
40945 0
40944 0
40943 0
40942 0
40941 0
40940 0
40939 0
40938 0
40937 0
40936 0
40935 0
40934 0
40933 0
40932 0
40931 0
40930 0
40929 0
40928 0
40927 0
40926 0
40925 0
40924 0
40923 0
40922 0
40921 0
40920 0
40919 0
40918 0
40917 0
40916 0
40915 0
40914 0
40913 0
40912 0
40911 0
40910 0
40909 0
40908 0
40907 0
40906 0
40905 0
40904 0
40903 0
40902 0
40901 0
40900 0
40899 0
40898 0
40897 0
40896 0
40895 0
40894 0
40893 0
40892 0
40891 0
40890 0
40889 0
40888 0
40887 0
40886 0
40885 0
40884 0
40883 0
40882 0
40881 0
40880 0
40879 0
40878 0
40877 0
40876 0
40875 0
40874 0
40873 0
40872 0
40871 0
40870 0
40869 0
40868 0
40867 0
40866 0
40865 0
40864 0
40863 0
40862 0
40861 0
40860 0
40859 0
40858 0
40857 0
40856 0
40855 0
40854 0
40853 0
40852 0
40851 0
40850 0
40849 0
40848 0
40847 0
40846 0
40845 0
40844 0
40843 0
40842 0
40841 0
40840 0
40839 0
40838 0
40837 0
40836 0
40835 0
40834 0
40833 0
40832 0
40831 0
40830 0
40829 0
40828 0
40827 0
40826 0
40825 0
40824 0
40823 0
40822 0
40820 0
40819 0
40818 0
40817 0
40816 0
40815 0
40814 0
40813 0
40812 0
40811 0
40810 0
40809 0
40808 0
40807 0
40806 0
40805 0
40804 0
40803 0
40802 0
40801 0
40800 0
40799 0
40798 0
40797 0
40796 0
40795 0
40794 0
40793 0
40792 0
40791 0
40790 0
40789 0
40788 0
40787 0
40786 0
40785 0
40784 0
40783 0
40782 0
40781 0
40780 0
40779 0
40778 0
40777 0
40776 0
40775 0
40774 0
40773 0
40772 0
40771 0
40770 0
40769 0
40768 0
40767 0
40766 0
40765 0
40764 0
40763 0
40762 0
40761 0
40760 0
40759 0
40758 0
40757 0
40756 0
40755 0
40754 0
40753 0
40752 0
40751 0
40750 0
40749 0
40748 0
40747 0
40746 0
40745 0
40744 0
40743 0
40742 0
40741 0
40740 0
40739 0
40738 0
40737 0
40736 0
40735 0
40734 0
40733 0
40732 0
40731 0
40730 0
40729 0
40728 0
40727 0
40726 0
40725 0
40724 0
40723 0
40722 0
40721 0
40720 0
40719 0
40718 0
40717 0
40716 0
40715 0
40714 0
40713 0
40712 0
40711 0
40710 0
40709 0
40708 0
40707 0
40706 0
40705 0
40704 0
40703 0
40702 0
40701 0
40700 0
40699 0
40698 0
40697 0
40696 0
40695 0
40694 0
40693 0
40692 0
40691 0
40690 0
40689 0
40688 0
40687 0
40686 0
40685 0
40684 0
40683 0
40682 0
40681 0
40680 0
40679 0
40678 0
40677 0
40676 0
40675 0
40674 0
40673 0
40672 0
40671 0
40670 0
40669 0
40668 0
40667 0
40666 0
40665 0
40664 0
40663 0
40662 0
40661 0
40660 0
40659 0
40658 0
40657 0
40656 0
40655 0
40653 0
40652 0
40651 0
40650 0
40649 0
40648 0
40647 0
40646 0
40645 0
40644 0
40643 0
40642 0
40641 0
40640 0
40639 0
40638 0
40637 0
40636 0
40635 0
