5458 2.97373
14718 2.69053
40527 2.66948
36474 2.53665
3969 2.06152
30054 2.0519
16512 2.00502
1975 1.91399
14261 1.86262
15922 1.78736
35925 1.4906
10813 1.22778
19141 1.14818
34916 1.06264
21482 1.02894
19575 1.01534
5145 1.00952
8210 0.962175
9297 0.946828
18621 0.914286
35287 0.903842
20380 0.84038
25451 0.783333
15240 0.778655
9691 0.751127
5954 0.710531
11202 0.683453
13157 0.627551
8501 0.57792
15435 0.542157
18640 0.540909
3161 0.540909
21810 0.498938
37528 0.497619
31017 0.429449
38787 0.423484
23516 0.396176
12154 0.396176
37760 0.368687
16804 0.35
25472 0.340909
10863 0.339851
36608 0.339286
13543 0.3332
18392 0.33012
27618 0.32702
14773 0.321207
28598 0.315385
37886 0.313131
17636 0.305505
28603 0.305128
21583 0.294444
10622 0.286447
20683 0.280556
26943 0.270668
24921 0.264069
38700 0.260689
19566 0.260689
38072 0.25744
11508 0.252821
18145 0.251623
1866 0.25
24833 0.244103
25865 0.238821
10006 0.238821
33402 0.232323
14478 0.230128
25983 0.221474
25183 0.215451
8672 0.210884
19776 0.206349
28580 0.2
26419 0.2
13770 0.2
9339 0.2
6599 0.2
724 0.2
34296 0.191895
33549 0.191895
32898 0.191895
23789 0.191895
29428 0.189709
40701 0.187075
30443 0.187075
16442 0.187075
6514 0.187075
28767 0.186601
26830 0.186601
12138 0.186601
14638 0.184656
18790 0.183217
12397 0.183217
20494 0.166667
7645 0.160256
25552 0.154196
24366 0.148556
30773 0.142857
26315 0.142857
23006 0.142857
8225 0.142857
29601 0.142157
19057 0.139716
7251 0.130527
40780 0.125
38900 0.125
27958 0.125
25175 0.125
19958 0.125
17855 0.125
16238 0.125
12412 0.125
10581 0.125
4075 0.125
3730 0.125
2880 0.125
6341 0.124053
39271 0.12037
29427 0.115377
33827 0.114583
36096 0.11453
38061 0.111111
28908 0.111111
7319 0.10776
34509 0.101323
21711 0.101323
568 0.101323
40220 0.1
34328 0.1
27279 0.1
23989 0.1
5724 0.1
3096 0.1
2173 0.1
1585 0.1
1294 0.1
987 0.1
21320 0.0930424
14668 0.0930424
8806 0.0930424
8581 0.0930424
7890 0.0930424
36701 0.0909091
34182 0.0909091
15813 0.0909091
9936 0.0909091
5908 0.0909091
40323 0.0866522
32645 0.0865934
22217 0.0865934
19960 0.0865934
14988 0.0865934
14634 0.0865934
35840 0.0837037
2800 0.0837037
32671 0.0833333
31737 0.0833333
27206 0.0833333
11974 0.0833333
6431 0.0833333
5356 0.0794486
40645 0.0769231
38532 0.0769231
33972 0.0769231
19498 0.0769231
17783 0.0769231
10218 0.0769231
7670 0.0769231
40048 0.0744349
6323 0.0744349
2686 0.0744349
1363 0.0744349
22998 0.0714286
25016 0.0666667
22326 0.0666667
18368 0.0666667
447 0.0666667
36916 0.0645136
21102 0.0645136
39988 0.0625
37890 0.0625
35990 0.0625
22212 0.0625
17996 0.0625
6393 0.0625
34322 0.0588235
16505 0.0555556
730 0.0555556
30722 0.0526316
25611 0.0526316
18748 0.0526316
38689 0.0504082
35346 0.0504082
35045 0.0504082
32885 0.0504082
32620 0.0504082
29540 0.0504082
27989 0.0504082
27799 0.0504082
17277 0.0504082
8261 0.0504082
6983 0.0504082
2885 0.0504082
1734 0.0504082
110 0.0504082
38172 0.047619
37739 0.047619
35255 0.047619
32775 0.047619
29983 0.047619
27983 0.047619
21814 0.047619
17020 0.047619
9238 0.047619
27449 0.0384615
26097 0.0384615
22239 0.0384615
37499 0.037037
35856 0.037037
28684 0.037037
20313 0.037037
15221 0.037037
14381 0.037037
11493 0.037037
7441 0.037037
5595 0.037037
2895 0.037037
38243 0.0357143
18260 0.0357143
182 0.0357143
40089 0.0333333
37601 0.0333333
35641 0.0333333
22972 0.0333333
16101 0.0333333
2155 0.0333333
33887 0.03125
33746 0.03125
32444 0.03125
29333 0.03125
28322 0.03125
26886 0.03125
23975 0.03125
23069 0.03125
20119 0.03125
37679 0.030303
30851 0.030303
18663 0.030303
8782 0.030303
6485 0.030303
36946 0.0285714
32951 0.0285714
18562 0.0285714
18072 0.0285714
17364 0.0285714
39921 0.0277778
39487 0.0277778
34825 0.0277778
31301 0.0277778
28738 0.0277778
22915 0.0277778
19032 0.0277778
18540 0.0277778
4666 0.0277778
39120 0.025641
37901 0.025641
29400 0.025641
11237 0.025641
10604 0.025641
10547 0.025641
10444 0.025641
8960 0.025641
6714 0.025641
39742 0.0204082
37784 0.0204082
36289 0.0204082
34008 0.0204082
30210 0.0204082
24884 0.0204082
20706 0.0204082
17083 0.0204082
15236 0.0204082
14652 0.0204082
12466 0.0204082
7729 0.0204082
40505 0.0175439
37646 0.0175439
36332 0.0175439
32163 0.0175439
30478 0.0175439
25785 0.0175439
25421 0.0175439
23743 0.0175439
23278 0.0175439
23054 0.0175439
22623 0.0175439
18070 0.0175439
15002 0.0175439
14451 0.0175439
14153 0.0175439
11447 0.0175439
9548 0.0175439
8438 0.0175439
8116 0.0175439
39947 0.0166667
35317 0.0166667
30013 0.0166667
25534 0.0166667
24678 0.0166667
22711 0.0166667
18038 0.0166667
17312 0.0166667
16290 0.0166667
12569 0.0166667
11651 0.0166667
11197 0.0166667
11080 0.0166667
10146 0.0166667
8615 0.0166667
3982 0.0166667
1950 0.0166667
1500 0.0166667
39962 0.0133333
38846 0.0133333
38141 0.0133333
34740 0.0133333
31851 0.0133333
31768 0.0133333
30793 0.0133333
29852 0.0133333
29464 0.0133333
29077 0.0133333
27460 0.0133333
23786 0.0133333
23628 0.0133333
23619 0.0133333
21757 0.0133333
18452 0.0133333
17521 0.0133333
16743 0.0133333
16047 0.0133333
15416 0.0133333
15225 0.0133333
13563 0.0133333
12511 0.0133333
10410 0.0133333
8134 0.0133333
5937 0.0133333
5293 0.0133333
5188 0.0133333
4896 0.0133333
4826 0.0133333
3936 0.0133333
2869 0.0133333
2374 0.0133333
1659 0.0133333
1246 0.0133333
938 0.0133333
830 0.0133333
233 0.0133333
40980 0
40979 0
40978 0
40977 0
40976 0
40975 0
40974 0
40973 0
40972 0
40971 0
40970 0
40969 0
40968 0
40967 0
40966 0
40965 0
40964 0
40963 0
40962 0
40961 0
40960 0
40959 0
40958 0
40957 0
40956 0
40955 0
40954 0
40953 0
40952 0
40951 0
40950 0
40949 0
40948 0
40947 0
40946 0
40945 0
40944 0
40943 0
40942 0
40941 0
40940 0
40939 0
40938 0
40937 0
40936 0
40935 0
40934 0
40933 0
40932 0
40931 0
40930 0
40929 0
40928 0
40927 0
40926 0
40925 0
40924 0
40923 0
40922 0
40921 0
40920 0
40919 0
40918 0
40917 0
40916 0
40915 0
40914 0
40913 0
40912 0
40911 0
40910 0
40909 0
40908 0
40907 0
40906 0
40905 0
40904 0
40903 0
40902 0
40901 0
40900 0
40899 0
40898 0
40897 0
40896 0
40895 0
40894 0
40893 0
40892 0
40891 0
40890 0
40889 0
40888 0
40887 0
40886 0
40885 0
40884 0
40883 0
40882 0
40881 0
40880 0
40879 0
40878 0
40877 0
40876 0
40875 0
40874 0
40873 0
40872 0
40871 0
40870 0
40869 0
40868 0
40867 0
40866 0
40865 0
40864 0
40863 0
40862 0
40861 0
40860 0
40859 0
40858 0
40857 0
40856 0
40855 0
40854 0
40853 0
40852 0
40851 0
40850 0
40849 0
40848 0
40847 0
40846 0
40845 0
40844 0
40843 0
40842 0
40841 0
40840 0
