31301 5.07503
5691 4.79197
25416 2.49592
10423 1.5975
27162 1.47067
38246 1.2
9362 1.15157
6012 1.125
4406 1.025
10953 0.9
24962 0.821429
2633 0.760269
31409 0.709457
4928 0.666667
25266 0.65
26283 0.642857
38667 0.482258
16561 0.461111
26750 0.455204
16791 0.438095
17634 0.388805
10737 0.388805
16217 0.380952
7708 0.369596
34259 0.333333
37711 0.321429
37179 0.293651
39743 0.285185
32863 0.282473
11582 0.282473
10830 0.282473
26093 0.279762
14422 0.279762
19032 0.258929
22594 0.257258
27830 0.25
15317 0.25
10923 0.25
1975 0.25
29474 0.237615
16650 0.209524
6686 0.209524
38235 0.2
36619 0.2
36535 0.2
33215 0.2
28201 0.2
24825 0.2
19474 0.2
11102 0.2
8672 0.2
4993 0.2
2593 0.2
37797 0.196429
20129 0.193634
32582 0.189834
34357 0.176123
10980 0.176123
26088 0.171362
21097 0.171362
31460 0.166667
30394 0.166667
21766 0.166667
14221 0.166667
2775 0.166667
37940 0.154427
27951 0.154427
27163 0.154427
20979 0.154427
38739 0.142857
36824 0.142857
27281 0.142857
19972 0.142857
11013 0.142857
9675 0.142857
4981 0.142857
206 0.142857
38145 0.128687
28543 0.126917
16110 0.126917
13935 0.126917
12502 0.126917
6320 0.126917
34825 0.125
32760 0.125
30338 0.125
18274 0.120604
8521 0.120604
2838 0.120604
799 0.120604
19957 0.111111
18730 0.111111
4493 0.111111
31794 0.1
28576 0.1
24783 0.1
21675 0.1
20735 0.1
8463 0.1
31023 0.0994529
29997 0.0994529
9487 0.0994529
35020 0.0990741
31817 0.0990741
27094 0.0990741
26044 0.0990741
15610 0.0990741
7707 0.0990741
5723 0.0990741
3739 0.0990741
52 0.0990741
38050 0.0909091
37234 0.0909091
28038 0.0909091
18148 0.0909091
15280 0.0909091
11029 0.0909091
38229 0.0833333
8580 0.0833333
379 0.0833333
39527 0.0714286
36319 0.0714286
35811 0.0714286
35096 0.0714286
33411 0.0714286
33084 0.0714286
30211 0.0714286
28917 0.0714286
27844 0.0714286
24230 0.0714286
13795 0.0714286
12620 0.0714286
10117 0.0714286
8952 0.0714286
29032 0.0666667
27929 0.0666667
27886 0.0666667
26892 0.0666667
23655 0.0666667
17184 0.0666667
15829 0.0666667
11615 0.0666667
186 0.0666667
39393 0.0625
11919 0.0625
7190 0.0625
3236 0.0625
40479 0.0588235
39669 0.0588235
33390 0.0588235
31930 0.0588235
18614 0.0588235
12431 0.0588235
3880 0.0588235
3447 0.0588235
40959 0.0555556
36512 0.0555556
19913 0.0555556
18328 0.0555556
16945 0.0555556
13464 0.0555556
10073 0.0555556
6818 0.0555556
6623 0.0555556
6489 0.0555556
1388 0.0555556
39582 0.0554714
32862 0.0554714
29977 0.0554714
26922 0.0554714
20229 0.0554714
19589 0.0554714
7691 0.0554714
7024 0.0554714
6815 0.0554714
363 0.0554714
39882 0.0416667
37712 0.0416667
34095 0.0416667
33578 0.0416667
31372 0.0416667
27715 0.0416667
25960 0.0416667
24925 0.0416667
20073 0.0416667
13153 0.0416667
10123 0.0416667
2693 0.0416667
2131 0.0416667
39318 0.0322581
36991 0.0322581
36467 0.0322581
26307 0.0322581
25980 0.0322581
25817 0.0322581
24213 0.0322581
23571 0.0322581
20333 0.0322581
19380 0.0322581
16705 0.0322581
15812 0.0322581
13845 0.0322581
13757 0.0322581
13646 0.0322581
13187 0.0322581
11017 0.0322581
7374 0.0322581
7296 0.0322581
4881 0.0322581
4552 0.0322581
3158 0.0322581
1681 0.0322581
1655 0.0322581
1627 0.0322581
187 0.0322581
57 0.0322581
40635 0.025
34403 0.025
32873 0.025
31986 0.025
30334 0.025
27551 0.025
23877 0.025
23014 0.025
22402 0.025
19309 0.025
14224 0.025
9970 0.025
9105 0.025
5663 0.025
4408 0.025
2509 0.025
40758 0.0185185
36206 0.0185185
34495 0.0185185
31861 0.0185185
28811 0.0185185
28305 0.0185185
27514 0.0185185
27352 0.0185185
27013 0.0185185
26395 0.0185185
24335 0.0185185
20947 0.0185185
17189 0.0185185
17075 0.0185185
16077 0.0185185
15451 0.0185185
14377 0.0185185
13731 0.0185185
9019 0.0185185
7726 0.0185185
7036 0.0185185
3896 0.0185185
3648 0.0185185
3369 0.0185185
2289 0.0185185
40706 0.00469484
40543 0.00469484
40130 0.00469484
39495 0.00469484
39171 0.00469484
39027 0.00469484
38512 0.00469484
38184 0.00469484
38073 0.00469484
37998 0.00469484
37987 0.00469484
37818 0.00469484
37759 0.00469484
37413 0.00469484
37244 0.00469484
36740 0.00469484
36707 0.00469484
36623 0.00469484
36208 0.00469484
35879 0.00469484
35666 0.00469484
35472 0.00469484
34963 0.00469484
34908 0.00469484
34704 0.00469484
34022 0.00469484
33859 0.00469484
33708 0.00469484
33679 0.00469484
33383 0.00469484
33240 0.00469484
33078 0.00469484
33069 0.00469484
32356 0.00469484
32058 0.00469484
31355 0.00469484
30494 0.00469484
30436 0.00469484
30269 0.00469484
30214 0.00469484
30155 0.00469484
29360 0.00469484
29326 0.00469484
29185 0.00469484
28508 0.00469484
28441 0.00469484
28257 0.00469484
28073 0.00469484
28033 0.00469484
27892 0.00469484
27699 0.00469484
27673 0.00469484
27624 0.00469484
27291 0.00469484
27132 0.00469484
26978 0.00469484
26963 0.00469484
26813 0.00469484
26083 0.00469484
25768 0.00469484
25725 0.00469484
25681 0.00469484
25379 0.00469484
25352 0.00469484
24602 0.00469484
23933 0.00469484
23849 0.00469484
23742 0.00469484
23514 0.00469484
22813 0.00469484
22606 0.00469484
22560 0.00469484
22526 0.00469484
22514 0.00469484
22478 0.00469484
22166 0.00469484
21842 0.00469484
21774 0.00469484
21701 0.00469484
21497 0.00469484
21495 0.00469484
21312 0.00469484
20809 0.00469484
20437 0.00469484
20068 0.00469484
19529 0.00469484
19101 0.00469484
19099 0.00469484
19041 0.00469484
18982 0.00469484
18713 0.00469484
18616 0.00469484
18348 0.00469484
18217 0.00469484
17833 0.00469484
17599 0.00469484
17515 0.00469484
17406 0.00469484
16710 0.00469484
16622 0.00469484
16149 0.00469484
16129 0.00469484
15984 0.00469484
15637 0.00469484
15352 0.00469484
14953 0.00469484
13633 0.00469484
13541 0.00469484
13527 0.00469484
13334 0.00469484
12900 0.00469484
12572 0.00469484
12419 0.00469484
12176 0.00469484
12039 0.00469484
11937 0.00469484
11506 0.00469484
11492 0.00469484
11281 0.00469484
11108 0.00469484
10852 0.00469484
10503 0.00469484
10472 0.00469484
10131 0.00469484
9938 0.00469484
9621 0.00469484
9538 0.00469484
8953 0.00469484
8870 0.00469484
8730 0.00469484
8695 0.00469484
8263 0.00469484
7883 0.00469484
7586 0.00469484
7452 0.00469484
7339 0.00469484
7032 0.00469484
6705 0.00469484
6694 0.00469484
6565 0.00469484
6096 0.00469484
5920 0.00469484
5460 0.00469484
5346 0.00469484
4699 0.00469484
4159 0.00469484
3949 0.00469484
3600 0.00469484
3494 0.00469484
3075 0.00469484
2982 0.00469484
2958 0.00469484
2915 0.00469484
2779 0.00469484
2744 0.00469484
2712 0.00469484
2387 0.00469484
2237 0.00469484
1991 0.00469484
1934 0.00469484
1427 0.00469484
1312 0.00469484
936 0.00469484
569 0.00469484
392 0.00469484
123 0.00469484
99 0.00469484
32 0.00469484
40980 0
40979 0
40978 0
40977 0
40976 0
40975 0
40974 0
40973 0
40972 0
40971 0
40970 0
40969 0
40968 0
40967 0
40966 0
40965 0
40964 0
40963 0
40962 0
40961 0
40960 0
40958 0
40957 0
40956 0
40955 0
40954 0
40953 0
40952 0
40951 0
40950 0
40949 0
40948 0
40947 0
40946 0
40945 0
40944 0
40943 0
40942 0
40941 0
40940 0
40939 0
40938 0
40937 0
40936 0
40935 0
40934 0
40933 0
40932 0
40931 0
40930 0
40929 0
40928 0
40927 0
40926 0
40925 0
40924 0
40923 0
40922 0
40921 0
40920 0
40919 0
40918 0
40917 0
40916 0
40915 0
40914 0
40913 0
40912 0
40911 0
40910 0
40909 0
40908 0
40907 0
40906 0
40905 0
