29879 25.5433
28776 5.10562
27024 4.7782
34956 3.90049
33023 3.41583
7874 3.35238
39979 3.19286
11564 2.49226
12610 2.08452
23606 2.0578
6575 1.40833
9960 1.40536
40517 1.40141
2499 1.38452
14412 1.36667
28924 1.18112
39014 1.13945
22237 1.06624
26408 1.02165
20219 0.97381
19456 0.867857
35221 0.833333
7570 0.833333
7023 0.833333
19944 0.825216
9435 0.670971
11590 0.644444
15936 0.642857
10806 0.625
36543 0.624242
12583 0.592857
7156 0.583333
30368 0.569444
37684 0.559524
17712 0.55
8766 0.533333
31919 0.457576
4942 0.45333
1158 0.452381
15366 0.445455
39544 0.433766
39341 0.423611
30465 0.416667
2184 0.412121
25711 0.410256
18993 0.400433
34608 0.396429
5761 0.395833
1249 0.390476
34488 0.388889
1517 0.386335
32268 0.378788
31532 0.364449
1376 0.364449
8007 0.354978
29479 0.340278
40708 0.333333
38432 0.333333
22073 0.333333
19629 0.333333
18289 0.333333
6472 0.333333
1507 0.314286
24799 0.297619
29002 0.279762
12557 0.278943
1529 0.268687
611 0.268687
9832 0.257143
39905 0.25
37547 0.25
36244 0.25
32486 0.25
30473 0.25
30076 0.25
27896 0.25
27184 0.25
18164 0.25
14456 0.25
14197 0.25
10211 0.25
33447 0.239261
38406 0.227273
18417 0.227273
18634 0.2
17478 0.2
13331 0.2
469 0.2
39976 0.166667
39874 0.166667
36863 0.166667
36525 0.166667
34839 0.166667
29888 0.166667
27610 0.166667
23697 0.166667
21015 0.166667
18716 0.166667
17117 0.166667
16864 0.166667
15915 0.166667
11220 0.166667
9315 0.166667
484 0.166667
37377 0.142857
37251 0.142857
36181 0.142857
34399 0.142857
32436 0.142857
32086 0.142857
28014 0.142857
24345 0.142857
23424 0.142857
19211 0.142857
14991 0.142857
14103 0.142857
9333 0.142857
1570 0.142857
32242 0.132764
26649 0.132764
14194 0.132764
12827 0.132764
12350 0.132764
8100 0.132764
1368 0.132764
33705 0.125
28043 0.125
26427 0.125
24005 0.125
22803 0.125
22151 0.125
17422 0.125
13982 0.125
10884 0.125
5798 0.125
5148 0.125
40670 0.111111
38950 0.111111
38781 0.111111
34630 0.111111
30306 0.111111
27118 0.111111
22826 0.111111
22039 0.111111
19398 0.111111
35557 0.1
34779 0.0909091
31149 0.0909091
30768 0.0909091
30522 0.0909091
20791 0.0909091
19871 0.0909091
17494 0.0909091
13310 0.0909091
7793 0.0909091
6960 0.0909091
1956 0.0909091
386 0.0909091
39701 0.0833333
35612 0.0833333
28623 0.0833333
18158 0.0833333
10172 0.0833333
5259 0.0833333
2385 0.0833333
38219 0.0769231
29199 0.0769231
28023 0.0769231
22503 0.0769231
20122 0.0769231
4920 0.0769231
33619 0.0714286
25092 0.0714286
14251 0.0714286
5903 0.0714286
1634 0.0714286
40515 0.0666667
35328 0.0666667
24273 0.0666667
5140 0.0666667
35888 0.0625
20016 0.0625
17706 0.0625
10549 0.0625
7848 0.0625
6310 0.0625
3048 0.0625
33581 0.047619
26825 0.0454545
17824 0.0454545
17427 0.0454545
15932 0.0454545
10085 0.0454545
2742 0.0454545
34944 0.0434783
34137 0.0434783
25961 0.0434783
17186 0.0434783
11894 0.0416667
8282 0.0416667
6630 0.0416667
3208 0.0416667
40980 0
40979 0
40978 0
40977 0
40976 0
40975 0
40974 0
40973 0
40972 0
40971 0
40970 0
40969 0
40968 0
40967 0
40966 0
40965 0
40964 0
40963 0
40962 0
40961 0
40960 0
40959 0
40958 0
40957 0
40956 0
40955 0
40954 0
40953 0
40952 0
40951 0
40950 0
40949 0
40948 0
40947 0
40946 0
40945 0
40944 0
40943 0
40942 0
40941 0
40940 0
40939 0
40938 0
40937 0
40936 0
40935 0
40934 0
40933 0
40932 0
40931 0
40930 0
40929 0
40928 0
40927 0
40926 0
40925 0
40924 0
40923 0
40922 0
40921 0
40920 0
40919 0
40918 0
40917 0
40916 0
40915 0
40914 0
40913 0
40912 0
40911 0
40910 0
40909 0
40908 0
40907 0
40906 0
40905 0
40904 0
40903 0
40902 0
40901 0
40900 0
40899 0
40898 0
40897 0
40896 0
40895 0
40894 0
40893 0
40892 0
40891 0
40890 0
40889 0
40888 0
40887 0
40886 0
40885 0
40884 0
40883 0
40882 0
40881 0
40880 0
40879 0
40878 0
40877 0
40876 0
40875 0
40874 0
40873 0
40872 0
40871 0
40870 0
40869 0
40868 0
40867 0
40866 0
40865 0
40864 0
40863 0
40862 0
40861 0
40860 0
40859 0
40858 0
40857 0
40856 0
40855 0
40854 0
40853 0
40852 0
40851 0
40850 0
40849 0
40848 0
40847 0
40846 0
40845 0
40844 0
40843 0
40842 0
40841 0
40840 0
40839 0
40838 0
40837 0
40836 0
40835 0
40834 0
40833 0
40832 0
40831 0
40830 0
40829 0
40828 0
40827 0
40826 0
40825 0
40824 0
40823 0
40822 0
40821 0
40820 0
40819 0
40818 0
40817 0
40816 0
40815 0
40814 0
40813 0
40812 0
40811 0
40810 0
40809 0
40808 0
40807 0
40806 0
40805 0
40804 0
40803 0
40802 0
40801 0
40800 0
40799 0
40798 0
40797 0
40796 0
40795 0
40794 0
40793 0
40792 0
40791 0
40790 0
40789 0
40788 0
40787 0
40786 0
40785 0
40784 0
40783 0
40782 0
40781 0
40780 0
40779 0
40778 0
40777 0
40776 0
40775 0
40774 0
40773 0
40772 0
40771 0
40770 0
40769 0
40768 0
40767 0
40766 0
40765 0
40764 0
40763 0
40762 0
40761 0
40760 0
40759 0
40758 0
40757 0
40756 0
40755 0
40754 0
40753 0
40752 0
40751 0
40750 0
40749 0
40748 0
40747 0
40746 0
40745 0
40744 0
40743 0
40742 0
40741 0
40740 0
40739 0
40738 0
40737 0
40736 0
40735 0
40734 0
40733 0
40732 0
40731 0
40730 0
40729 0
40728 0
40727 0
40726 0
40725 0
40724 0
40723 0
40722 0
40721 0
40720 0
40719 0
40718 0
40717 0
40716 0
40715 0
40714 0
40713 0
40712 0
40711 0
40710 0
40709 0
40707 0
40706 0
40705 0
40704 0
40703 0
40702 0
40701 0
40700 0
40699 0
40698 0
40697 0
40696 0
40695 0
40694 0
40693 0
40692 0
40691 0
40690 0
40689 0
40688 0
40687 0
40686 0
40685 0
40684 0
40683 0
40682 0
