39585 18.4994
16055 15.4363
8672 10.6221
36734 10.6169
16652 7.29363
15155 5.63755
17624 3.66942
18328 3.07424
31348 2.92579
40563 2.78099
18034 2.45668
25383 2.11905
15769 1.98016
26680 1.92821
4287 1.87063
33709 1.75675
26287 1.7439
3520 1.60595
26272 1.57335
27788 1.51468
38951 1.50516
22270 1.50343
21172 1.4623
37306 1.41771
6870 1.36865
6314 1.2996
14437 1.21786
30918 1.15833
37456 1.05275
18759 0.96271
26112 0.905556
2665 0.896825
19459 0.888889
20198 0.865909
17083 0.846465
14440 0.838095
27895 0.829004
11016 0.800336
17697 0.75
26068 0.72619
29795 0.660317
34768 0.65
31087 0.642857
28148 0.605445
27790 0.597161
21888 0.593229
33768 0.559524
2513 0.559524
13366 0.531349
6962 0.531349
29720 0.499181
37247 0.483333
23223 0.471429
24815 0.460317
36240 0.436111
28089 0.424854
19339 0.420635
22770 0.388889
31907 0.383333
3936 0.380952
7729 0.368687
1187 0.357576
34567 0.333333
23843 0.333333
18011 0.333333
15599 0.333333
13468 0.333333
30996 0.332479
20624 0.306349
31272 0.296221
31202 0.296221
38002 0.288743
24184 0.283333
34440 0.280952
29372 0.278571
20128 0.255556
40728 0.25
32885 0.25
26220 0.25
25985 0.25
24581 0.25
19238 0.25
17792 0.25
17301 0.25
15158 0.25
9086 0.25
8373 0.25
6293 0.25
5593 0.25
16939 0.247222
29759 0.225397
6970 0.225251
4395 0.225
4711 0.216606
19037 0.2
9138 0.2
7913 0.2
5927 0.2
2897 0.2
29870 0.195238
19001 0.195238
10404 0.195238
26310 0.186147
10357 0.186147
32115 0.166667
27230 0.166667
26062 0.166667
21327 0.166667
14910 0.166667
13775 0.166667
13211 0.166667
10923 0.166667
9665 0.166667
9561 0.166667
9170 0.166667
5749 0.166667
2776 0.166667
1364 0.166667
10159 0.164286
4526 0.164286
38487 0.142857
37212 0.142857
28318 0.142857
16142 0.142857
15242 0.142857
13611 0.142857
10135 0.142857
877 0.142857
40077 0.125
38142 0.125
27799 0.125
18922 0.125
12710 0.125
11449 0.125
3411 0.125
40317 0.111111
38624 0.111111
37504 0.111111
36880 0.111111
30181 0.111111
29737 0.111111
29338 0.111111
16397 0.111111
13864 0.111111
11145 0.111111
9787 0.111111
9442 0.111111
5988 0.111111
34665 0.1
24732 0.1
4520 0.1
37923 0.0909091
33149 0.0909091
30240 0.0909091
11367 0.0909091
6446 0.0909091
20926 0.0833333
1476 0.0833333
471 0.0833333
35794 0.0769231
29684 0.0769231
6700 0.0769231
40657 0.0714286
36035 0.0714286
30012 0.0714286
4878 0.0714286
35346 0.0666667
31927 0.0666667
31250 0.0666667
26261 0.0666667
23801 0.0666667
21582 0.0666667
18043 0.0666667
30874 0.0555556
24367 0.0555556
23752 0.0555556
23091 0.0555556
22758 0.0555556
18830 0.0555556
14882 0.0555556
9783 0.0555556
9633 0.0555556
8585 0.0555556
3325 0.0555556
1664 0.0555556
37331 0.0526316
14213 0.0526316
1465 0.0526316
35821 0.047619
32765 0.047619
3745 0.047619
38151 0.0333333
36413 0.0333333
34870 0.0333333
33974 0.0333333
29993 0.0333333
28011 0.0333333
24492 0.0333333
22387 0.0333333
17231 0.0333333
16389 0.0333333
9689 0.0333333
7804 0.0333333
27378 0.0285714
27247 0.0285714
12523 0.0285714
12085 0.0285714
7968 0.0285714
237 0.0285714
40980 0
40979 0
40978 0
40977 0
40976 0
40975 0
40974 0
40973 0
40972 0
40971 0
40970 0
40969 0
40968 0
40967 0
40966 0
40965 0
40964 0
40963 0
40962 0
40961 0
40960 0
40959 0
40958 0
40957 0
40956 0
40955 0
40954 0
40953 0
40952 0
40951 0
40950 0
40949 0
40948 0
40947 0
40946 0
40945 0
40944 0
40943 0
40942 0
40941 0
40940 0
40939 0
40938 0
40937 0
40936 0
40935 0
40934 0
40933 0
40932 0
40931 0
40930 0
40929 0
40928 0
40927 0
40926 0
40925 0
40924 0
40923 0
40922 0
40921 0
40920 0
40919 0
40918 0
40917 0
40916 0
40915 0
40914 0
40913 0
40912 0
40911 0
40910 0
40909 0
40908 0
40907 0
40906 0
40905 0
40904 0
40903 0
40902 0
40901 0
40900 0
40899 0
40898 0
40897 0
40896 0
40895 0
40894 0
40893 0
40892 0
40891 0
40890 0
40889 0
40888 0
40887 0
40886 0
40885 0
40884 0
40883 0
40882 0
40881 0
40880 0
40879 0
40878 0
40877 0
40876 0
40875 0
40874 0
40873 0
40872 0
40871 0
40870 0
40869 0
40868 0
40867 0
40866 0
40865 0
40864 0
40863 0
40862 0
40861 0
40860 0
40859 0
40858 0
40857 0
40856 0
40855 0
40854 0
40853 0
40852 0
40851 0
40850 0
40849 0
40848 0
40847 0
40846 0
40845 0
40844 0
40843 0
40842 0
40841 0
40840 0
40839 0
40838 0
40837 0
40836 0
40835 0
40834 0
40833 0
40832 0
40831 0
40830 0
40829 0
40828 0
40827 0
40826 0
40825 0
40824 0
40823 0
40822 0
40821 0
40820 0
40819 0
40818 0
40817 0
40816 0
40815 0
40814 0
40813 0
40812 0
40811 0
40810 0
40809 0
40808 0
40807 0
40806 0
40805 0
40804 0
40803 0
40802 0
40801 0
40800 0
40799 0
40798 0
40797 0
40796 0
40795 0
40794 0
40793 0
40792 0
40791 0
40790 0
40789 0
40788 0
40787 0
40786 0
40785 0
40784 0
40783 0
40782 0
40781 0
40780 0
40779 0
40778 0
40777 0
40776 0
40775 0
40774 0
40773 0
40772 0
40771 0
40770 0
40769 0
40768 0
40767 0
40766 0
40765 0
40764 0
40763 0
40762 0
40761 0
40760 0
40759 0
40758 0
40757 0
40756 0
40755 0
40754 0
40753 0
40752 0
40751 0
40750 0
40749 0
40748 0
40747 0
40746 0
40745 0
40744 0
40743 0
40742 0
40741 0
40740 0
40739 0
40738 0
40737 0
40736 0
40735 0
40734 0
40733 0
40732 0
40731 0
40730 0
40729 0
40727 0
40726 0
40725 0
40724 0
40723 0
40722 0
40721 0
40720 0
40719 0
40718 0
40717 0
40716 0
40715 0
40714 0
40713 0
40712 0
40711 0
40710 0
40709 0
40708 0
40707 0
40706 0
40705 0
40704 0
40703 0
40702 0
40701 0
40700 0
40699 0
40698 0
40697 0
40696 0
40695 0
40694 0
40693 0
40692 0
40691 0
40690 0
40689 0
