19313 37.5963
27799 15.7849
13654 15.4232
35766 11.0231
21889 7.65942
3371 7.26789
8592 6.07524
6417 5.73703
25176 5.48662
13916 5.06928
36400 5.05344
34561 5.00432
24678 4.96769
21284 4.75064
22949 4.44519
6041 4.43705
2888 4.14464
9196 3.58385
19653 3.49021
19461 3.48266
35365 3.42984
12910 3.38295
32536 3.30468
37027 3.23388
35346 3.08919
7145 2.91641
14138 2.83888
3107 2.79807
16501 2.60808
6930 2.58401
432 2.56143
35734 2.55205
17312 2.39356
3940 2.3688
23653 2.32963
39383 2.29268
1142 2.25557
24239 2.19502
31390 2.13191
10654 2.13185
18520 2.04411
39183 1.8164
29875 1.81045
2786 1.73473
3068 1.73038
888 1.7137
15075 1.71108
36539 1.66581
16298 1.65517
13232 1.65258
26546 1.64809
36796 1.60313
2781 1.60144
13507 1.56644
14943 1.52434
11230 1.50599
2885 1.50258
16504 1.50055
868 1.4989
21763 1.48801
12569 1.47672
9475 1.44883
32074 1.42569
35793 1.34524
35500 1.3051
27161 1.29375
6592 1.28666
40342 1.27937
16076 1.27616
885 1.26447
2168 1.22619
37496 1.1797
32930 1.17861
27926 1.16034
18329 1.15044
12722 1.14726
612 1.14419
10210 1.10221
31947 1.08045
26854 1.07871
25826 1.0366
1711 1.02824
8641 1.01905
23843 0.999722
15467 0.992325
11724 0.97549
26476 0.954849
1131 0.942302
14347 0.933459
15276 0.924237
14980 0.908641
17605 0.895449
21323 0.889021
39661 0.876854
3852 0.871091
16913 0.867653
38952 0.854178
1396 0.82504
36673 0.803073
39172 0.773379
8237 0.750022
39951 0.741343
15431 0.719649
16395 0.716647
30897 0.705998
2971 0.680159
8353 0.672648
20569 0.663239
6859 0.658233
2484 0.654976
31260 0.654468
26181 0.646751
33633 0.637304
22456 0.625
20835 0.62037
25831 0.619048
15665 0.616172
19032 0.616064
26095 0.613952
21601 0.610435
40314 0.605981
3535 0.605897
21703 0.603105
34363 0.6
18328 0.6
27033 0.595366
36562 0.589643
8309 0.588989
25765 0.577241
3429 0.572514
37924 0.566667
8775 0.565056
27863 0.564594
37374 0.558116
31470 0.552554
35317 0.54979
22184 0.549414
1610 0.549414
12104 0.547627
3651 0.541026
30425 0.540125
15416 0.538469
39671 0.537312
5727 0.525244
26069 0.519999
13283 0.512821
22304 0.509683
36918 0.505739
4271 0.505073
34923 0.503537
32886 0.496077
8412 0.494809
2877 0.493478
37800 0.493337
26786 0.491038
19967 0.484046
37342 0.48346
21448 0.478666
14734 0.478039
4551 0.475793
24596 0.47089
31140 0.465797
33108 0.465038
33052 0.465038
28110 0.465038
19511 0.465038
6413 0.461111
7769 0.460221
30097 0.459957
16806 0.448224
29455 0.438462
39791 0.431693
37672 0.428474
34266 0.427778
22530 0.420222
2837 0.41854
40890 0.412571
25568 0.411994
25200 0.411111
29626 0.4
34771 0.399733
416 0.397917
29923 0.395857
8969 0.390056
24063 0.389791
29851 0.389621
17590 0.387536
18582 0.387325
4872 0.387324
36287 0.387242
8666 0.385704
12522 0.383824
31646 0.382929
25184 0.381666
10501 0.381666
828 0.381666
21217 0.38118
10505 0.380909
24344 0.376623
28094 0.370643
36313 0.370508
38346 0.36689
40764 0.365499
21001 0.359365
26832 0.358573
17583 0.357258
7536 0.354762
1462 0.35395
27972 0.352501
23089 0.352332
10221 0.352027
12525 0.350997
37233 0.35049
27134 0.348532
25065 0.344161
7766 0.342233
21786 0.338346
27388 0.337568
30209 0.335646
5093 0.333424
23784 0.333333
10689 0.333333
4495 0.333333
1849 0.333333
27752 0.332362
18921 0.33077
6011 0.320635
8530 0.319298
32572 0.315909
38272 0.315476
3887 0.315385
6924 0.312424
23218 0.311036
9148 0.306319
34116 0.304819
18428 0.304167
4539 0.296593
17120 0.295635
39177 0.290987
39846 0.290926
30275 0.29
684 0.289668
14546 0.286762
21903 0.283217
5488 0.28254
33693 0.278276
22382 0.277778
31477 0.277476
8197 0.273256
18293 0.27215
9197 0.271452
830 0.269491
29300 0.268662
21861 0.264837
9001 0.264837
21157 0.260793
22711 0.252457
33518 0.25
28198 0.25
15562 0.25
11876 0.25
10925 0.25
5660 0.25
697 0.25
31938 0.249034
33048 0.248895
39386 0.246465
37881 0.244926
20704 0.243687
33267 0.241579
328 0.238528
10529 0.237302
3718 0.235879
35062 0.23386
5159 0.231667
7047 0.229437
24972 0.229416
7412 0.229416
27208 0.228868
12453 0.228354
29237 0.226199
16745 0.225733
31589 0.223611
9154 0.222794
17154 0.222681
32043 0.222597
36952 0.218056
12779 0.217308
18092 0.215223
27190 0.215162
27989 0.212724
34835 0.21123
13658 0.210256
28900 0.207672
38856 0.207492
32782 0.206667
3356 0.205914
12088 0.204367
25409 0.204365
12102 0.204365
16181 0.2026
14015 0.201841
7312 0.201624
34043 0.201257
25968 0.2
22725 0.2
21801 0.2
17029 0.2
13933 0.2
12943 0.2
5090 0.2
15012 0.199096
7060 0.198861
3002 0.198052
23370 0.197637
34610 0.197608
21216 0.196524
26012 0.195861
7609 0.195419
37077 0.194308
10576 0.193473
18356 0.190636
27349 0.190323
5333 0.189977
36712 0.188389
19079 0.188201
30847 0.187063
25791 0.186147
19950 0.185957
17952 0.184781
23022 0.182513
19517 0.181688
39960 0.18109
40597 0.181046
5778 0.180599
36197 0.176897
35463 0.175337
23735 0.173373
3124 0.173077
32620 0.172831
30417 0.172504
25651 0.172439
38748 0.171716
2621 0.17094
22368 0.169954
25360 0.169484
32391 0.169184
9317 0.168235
4953 0.167284
22594 0.166667
16001 0.166667
13126 0.166667
12768 0.166667
9670 0.166667
6260 0.166667
19379 0.165825
12044 0.163779
33452 0.16151
16283 0.160902
20093 0.160886
18248 0.160603
17396 0.160603
38583 0.159912
37502 0.159912
21978 0.159912
39300 0.157352
39962 0.154875
11626 0.152791
15975 0.152632
28177 0.144873
35825 0.142857
32708 0.142857
24952 0.142857
16560 0.142857
16473 0.142857
14589 0.142857
595 0.142857
34 0.142857
25236 0.142507
1965 0.142162
6715 0.142157
10752 0.142059
17277 0.141072
31396 0.140928
31221 0.140085
9309 0.137912
16117 0.137738
24591 0.137693
16097 0.137693
40296 0.137685
27525 0.137203
6140 0.136882
20928 0.135699
12016 0.135429
11488 0.131966
19167 0.131387
31352 0.129962
30025 0.129383
30876 0.129153
32562 0.128012
35518 0.126768
16859 0.126768
39947 0.126714
30676 0.126714
11080 0.126714
110 0.126714
1 0.126111
35014 0.125
30977 0.125
25504 0.125
17786 0.125
15257 0.125
8111 0.125
5824 0.125
1531 0.125
1243 0.125
39534 0.124771
13670 0.124771
31314 0.119304
11789 0.119263
34768 0.119192
4444 0.117261
37927 0.116949
13628 0.115591
39158 0.114925
18558 0.114353
6518 0.111925
33377 0.111111
33247 0.111111
32885 0.111111
30050 0.111111
21932 0.111111
21393 0.111111
20085 0.111111
19239 0.111111
14917 0.111111
14864 0.111111
3096 0.111111
19712 0.11049
28880 0.110119
36680 0.10968
31675 0.108344
3666 0.108344
10453 0.106553
23446 0.105567
30793 0.104967
31582 0.104714
12110 0.104714
18796 0.103732
38165 0.103616
12361 0.103616
3454 0.103616
3265 0.101871
16775 0.101006
23527 0.100516
12449 0.100514
18811 0.100314
39037 0.1
23251 0.1
19223 0.1
18964 0.1
17578 0.1
4279 0.1
29634 0.0999766
6014 0.0997868
10305 0.0996376
4361 0.099537
24957 0.09913
38344 0.0952408
1659 0.0939528
2262 0.0931089
38762 0.0923931
5369 0.0917429
38956 0.0909091
35535 0.0909091
34489 0.0909091
26928 0.0909091
20250 0.0909091
8224 0.0909091
5676 0.0909091
4471 0.0909091
2232 0.0909091
28360 0.0899254
15885 0.0899254
12575 0.0899254
10810 0.0899254
2200 0.0899254
90 0.0897768
3936 0.0891193
35894 0.0887668
32838 0.0863766
21662 0.0855348
2376 0.0851648
12952 0.084897
33112 0.0848585
17492 0.0848585
21815 0.0833333
18555 0.0833333
37955 0.0825836
34764 0.0820513
