27799 5.14486
13654 3.94936
9196 3.8547
2885 1.97747
4539 1.93067
36313 1.8099
24239 1.54269
27926 1.44398
14138 1.21495
31947 1.18256
23843 0.963276
22711 0.909795
26786 0.858187
432 0.853646
34768 0.833333
14934 0.809916
35346 0.714581
22530 0.689494
22594 0.629589
13234 0.583444
24790 0.581064
35766 0.57427
20928 0.571429
40525 0.54811
20704 0.544765
4998 0.541667
26546 0.52439
19277 0.513528
6863 0.500581
10210 0.486111
25360 0.482258
36239 0.466667
40890 0.452474
32620 0.426216
14546 0.365646
17312 0.363016
36918 0.359524
22184 0.346561
15012 0.343289
7536 0.336601
37142 0.333333
34663 0.333333
19191 0.333333
17860 0.333333
491 0.333333
6041 0.329022
885 0.325031
15029 0.308325
34116 0.288034
28560 0.275115
29640 0.274733
38856 0.266877
15225 0.254589
33633 0.25
32737 0.25
22405 0.25
6711 0.25
30425 0.249206
33391 0.245478
33256 0.245159
6140 0.22919
31136 0.226149
36400 0.221753
5875 0.221753
15632 0.219298
14858 0.217893
12541 0.217893
36673 0.214757
30545 0.214379
416 0.212673
29211 0.209524
22088 0.209524
37374 0.205556
14181 0.205556
34998 0.204417
13016 0.204417
4189 0.204417
40861 0.2
36952 0.2
34702 0.2
29946 0.2
27651 0.2
22313 0.2
25791 0.198497
1326 0.197778
28611 0.196919
2786 0.196015
21323 0.195148
18160 0.191057
40900 0.190727
24678 0.179636
13916 0.179636
34561 0.177022
33452 0.170353
22404 0.170353
37027 0.166667
10164 0.166667
8237 0.166667
6300 0.166667
37958 0.157748
9592 0.157748
26084 0.157438
22388 0.154684
17277 0.154684
16602 0.149817
18520 0.145861
30793 0.142857
23628 0.142857
21284 0.142857
19592 0.142857
19032 0.142857
12449 0.142857
830 0.142857
556 0.142857
8197 0.142732
23240 0.140925
30652 0.133517
3124 0.129877
17763 0.12832
26069 0.127789
23155 0.127789
15562 0.125
5982 0.125
19461 0.122863
3852 0.119139
34770 0.116698
40296 0.111111
35183 0.111111
32030 0.111111
31582 0.111111
30676 0.111111
29551 0.111111
23432 0.111111
22390 0.111111
21119 0.111111
20163 0.111111
20007 0.111111
18415 0.111111
18356 0.111111
12110 0.111111
11488 0.111111
8497 0.111111
7132 0.111111
35317 0.110074
110 0.110074
16097 0.104465
34795 0.1
29237 0.1
28575 0.1
27213 0.1
26137 0.1
18230 0.1
12952 0.1
5293 0.1
1230 0.1
349 0.1
13507 0.0988968
22099 0.0971872
20152 0.0971872
34098 0.0909091
33477 0.0909091
30379 0.0909091
3936 0.0909091
3541 0.0909091
21782 0.0878685
12569 0.0878685
37672 0.0833333
30186 0.0833333
29634 0.0802929
28094 0.0769231
14734 0.0769231
38078 0.0751405
35086 0.0751405
25190 0.0751405
8309 0.0751405
828 0.0751405
21757 0.0717241
37566 0.0714286
31564 0.0714286
24591 0.0714286
20933 0.0714286
14576 0.0714286
7099 0.0714286
6319 0.0714286
4934 0.0714286
38356 0.0666667
38014 0.0666667
37990 0.0666667
35643 0.0666667
29140 0.0666667
26900 0.0666667
23382 0.0666667
20230 0.0666667
16844 0.0666667
11146 0.0666667
4499 0.0666667
3162 0.0666667
1390 0.0666667
1109 0.0666667
39951 0.0588235
38335 0.0588235
37750 0.0588235
37017 0.0588235
35463 0.0588235
28988 0.0588235
25505 0.0588235
17154 0.0588235
15665 0.0588235
14489 0.0588235
13120 0.0588235
10922 0.0588235
9180 0.0588235
6906 0.0588235
2376 0.0588235
40282 0.0555556
39671 0.0555556
39096 0.0555556
35300 0.0555556
31675 0.0555556
27134 0.0555556
19653 0.0555556
18023 0.0555556
11559 0.0555556
9782 0.0555556
5824 0.0555556
35894 0.0526316
30419 0.0526316
24902 0.0526316
3356 0.0526316
13337 0.05
40204 0.047619
39155 0.047619
21217 0.047619
9283 0.047619
25367 0.0434783
23582 0.0434783
22800 0.0434783
13109 0.0434783
5679 0.0434783
4468 0.0434783
1659 0.0434783
862 0.0434783
36796 0.0416667
34363 0.0416667
33377 0.0416667
32886 0.0416667
29455 0.0416667
27752 0.0416667
27280 0.0416667
20093 0.0416667
10668 0.0416667
3645 0.0416667
39791 0.037037
17035 0.037037
2869 0.037037
1610 0.037037
938 0.037037
40783 0.0344828
40124 0.0344828
36540 0.0344828
35029 0.0344828
27776 0.0344828
27388 0.0344828
25659 0.0344828
23396 0.0344828
18835 0.0344828
16504 0.0344828
16424 0.0344828
15975 0.0344828
15669 0.0344828
13669 0.0344828
11804 0.0344828
10925 0.0344828
9994 0.0344828
6859 0.0344828
6279 0.0344828
3030 0.0344828
2877 0.0344828
1614 0.0344828
1355 0.0344828
860 0.0344828
31589 0.0322581
27740 0.0322581
11536 0.0322581
8828 0.0322581
8384 0.0322581
3229 0.0322581
3002 0.0322581
2618 0.0322581
38535 0.03125
34385 0.03125
33518 0.03125
32824 0.03125
27161 0.03125
24506 0.03125
23809 0.03125
20442 0.03125
12788 0.03125
10196 0.03125
9244 0.03125
4058 0.03125
595 0.03125
1 0.03125
38258 0.025641
32437 0.025641
30876 0.025641
29627 0.025641
24137 0.025641
19284 0.025641
8035 0.025641
5209 0.025641
3535 0.025641
3018 0.025641
2734 0.025641
39846 0.0243902
37881 0.0243902
36827 0.0243902
34977 0.0243902
34167 0.0243902
32552 0.0243902
29030 0.0243902
27349 0.0243902
26181 0.0243902
25176 0.0243902
21718 0.0243902
20753 0.0243902
10923 0.0243902
7750 0.0243902
7051 0.0243902
3682 0.0243902
1100 0.0243902
40342 0.0232558
39925 0.0232558
38215 0.0232558
38118 0.0232558
36160 0.0232558
32043 0.0232558
23894 0.0232558
22781 0.0232558
19580 0.0232558
17779 0.0232558
11808 0.0232558
10706 0.0232558
10240 0.0232558
9527 0.0232558
3887 0.0232558
1849 0.0232558
612 0.0232558
39947 0.02
38762 0.02
35734 0.02
35185 0.02
31318 0.02
30209 0.02
27989 0.02
26832 0.02
25449 0.02
24063 0.02
23439 0.02
23370 0.02
21978 0.02
18773 0.02
18248 0.02
16395 0.02
15416 0.02
11080 0.02
6924 0.02
6654 0.02
3637 0.02
1192 0.02
40764 0.0172414
39507 0.0172414
39177 0.0172414
38907 0.0172414
37597 0.0172414
36329 0.0172414
35610 0.0172414
35538 0.0172414
33765 0.0172414
29626 0.0172414
29172 0.0172414
27408 0.0172414
26794 0.0172414
26058 0.0172414
23089 0.0172414
22725 0.0172414
18561 0.0172414
16076 0.0172414
15916 0.0172414
15576 0.0172414
14223 0.0172414
13832 0.0172414
13661 0.0172414
11727 0.0172414
9583 0.0172414
7286 0.0172414
6807 0.0172414
905 0.0172414
80 0.0172414
40980 0
40979 0
40978 0
40977 0
40976 0
40975 0
40974 0
40973 0
40972 0
40971 0
40970 0
40969 0
40968 0
40967 0
40966 0
40965 0
40964 0
40963 0
40962 0
40961 0
40960 0
40959 0
40958 0
40957 0
40956 0
40955 0
40954 0
40953 0
40952 0
40951 0
40950 0
40949 0
40948 0
40947 0
40946 0
40945 0
40944 0
40943 0
40942 0
40941 0
40940 0
40939 0
40938 0
40937 0
40936 0
40935 0
40934 0
40933 0
40932 0
40931 0
40930 0
40929 0
40928 0
40927 0
40926 0
40925 0
40924 0
40923 0
40922 0
40921 0
40920 0
40919 0
40918 0
40917 0
40916 0
40915 0
40914 0
40913 0
40912 0
40911 0
40910 0
40909 0
40908 0
40907 0
40906 0
40905 0
40904 0
40903 0
40902 0
40901 0
40899 0
40898 0
40897 0
40896 0
40895 0
40894 0
40893 0
40892 0
40891 0
40889 0
40888 0
40887 0
40886 0
40885 0
40884 0
40883 0
40882 0
40881 0
40880 0
40879 0
40878 0
