8831 4.71702
40472 2.26293
16390 2.16412
9243 2.0805
32522 1.7596
3721 1.66603
2675 1.61846
18428 1.31026
23843 1.13591
8313 1.06786
19016 0.977979
14462 0.963095
33088 0.917929
15460 0.915711
33695 0.75
38330 0.705159
35988 0.704208
4378 0.675492
28500 0.667832
40789 0.628987
14398 0.592593
33136 0.580193
30123 0.5671
14767 0.558741
7297 0.556817
6356 0.553114
24984 0.529762
14230 0.528822
8573 0.526923
15593 0.516667
40578 0.510965
7277 0.497964
13309 0.476923
27523 0.458333
29650 0.451923
21080 0.43851
38301 0.433766
27454 0.433766
29710 0.433333
8361 0.433333
32427 0.416977
14514 0.409524
29528 0.403037
11726 0.402027
29401 0.4
14008 0.4
2885 0.393694
34737 0.37619
9542 0.36859
946 0.366667
14142 0.362334
18698 0.35
34312 0.333333
29399 0.333333
24821 0.333333
23830 0.333333
9059 0.333333
26917 0.325397
26805 0.303018
11662 0.303018
12057 0.273148
507 0.263095
24239 0.253218
37506 0.25
34436 0.25
32870 0.25
19045 0.25
16933 0.25
10086 0.25
7125 0.25
5352 0.25
1065 0.25
1000 0.25
109 0.25
19977 0.242857
7150 0.222756
17252 0.219444
12991 0.217832
823 0.215061
12494 0.215018
40714 0.2
34503 0.2
33105 0.2
30859 0.2
20680 0.2
20322 0.2
18328 0.2
16095 0.2
7480 0.2
6799 0.2
6493 0.2
4962 0.2
4506 0.2
4249 0.2
39 0.2
24572 0.188995
23388 0.188995
40329 0.187179
18367 0.182479
39179 0.179762
6016 0.175132
30412 0.168541
30075 0.168541
35010 0.166883
19641 0.166883
39791 0.166667
36651 0.166667
34758 0.166667
27912 0.166667
25377 0.166667
20049 0.166667
17421 0.166667
16957 0.166667
16231 0.166667
10653 0.166667
6848 0.166667
1659 0.166667
8578 0.158333
10650 0.153704
34793 0.147316
33238 0.147316
16633 0.147316
38485 0.142857
27746 0.142857
22034 0.142857
19549 0.142857
16447 0.142857
12473 0.142857
10542 0.142857
9887 0.142857
5394 0.142857
4686 0.142857
3711 0.142857
1904 0.142857
34761 0.142159
341 0.13536
22355 0.125
21917 0.125
18133 0.125
11621 0.125
3876 0.125
3200 0.125
38544 0.111111
25073 0.111111
20250 0.111111
15711 0.111111
15620 0.111111
10161 0.111111
9334 0.111111
39879 0.110377
36048 0.110377
20079 0.110377
16035 0.110377
6759 0.110377
1658 0.110377
39031 0.0909091
19671 0.0909091
16984 0.0909091
16855 0.0909091
12982 0.0909091
5228 0.0909091
4921 0.0909091
111 0.0909091
38084 0.0873199
29912 0.0873199
27333 0.0873199
20852 0.0873199
16167 0.0873199
35343 0.0833333
31475 0.0833333
30793 0.0833333
27781 0.0833333
24852 0.0833333
24663 0.0833333
24616 0.0833333
21978 0.0833333
15225 0.0833333
39426 0.0815891
35290 0.0815891
33740 0.0815891
30009 0.0815891
28235 0.0815891
40580 0.0769231
39908 0.0769231
38130 0.0769231
36114 0.0769231
35106 0.0769231
33322 0.0769231
28814 0.0769231
28327 0.0769231
25830 0.0769231
25342 0.0769231
19820 0.0769231
19582 0.0769231
19428 0.0769231
18405 0.0769231
16817 0.0769231
12873 0.0769231
12872 0.0769231
12421 0.0769231
11642 0.0769231
8375 0.0769231
7648 0.0769231
6049 0.0769231
5512 0.0769231
4998 0.0769231
40198 0.0666667
21591 0.0666667
19998 0.0666667
15634 0.0666667
7515 0.0666667
38583 0.0625
29426 0.0625
24678 0.0625
19280 0.0625
17571 0.0625
11488 0.0625
5711 0.0625
39039 0.0555556
38535 0.0555556
28468 0.0555556
23993 0.0555556
16393 0.0555556
10299 0.0555556
6064 0.0555556
40882 0.0526316
40000 0.0526316
39620 0.0526316
35723 0.0526316
34893 0.0526316
32198 0.0526316
25737 0.0526316
15067 0.0526316
4185 0.0526316
3832 0.0526316
3017 0.0526316
2877 0.0526316
458 0.0526316
34196 0.05
32221 0.05
30219 0.05
28097 0.05
25219 0.05
20031 0.05
5264 0.05
36362 0.0454545
33582 0.0454545
33065 0.0454545
30915 0.0454545
27469 0.0416667
24631 0.0416667
22981 0.0416667
18468 0.0416667
4918 0.0416667
35700 0.037037
34327 0.037037
14543 0.037037
7771 0.037037
3848 0.037037
35808 0.0333333
32699 0.0333333
31366 0.0333333
27694 0.0333333
26399 0.0333333
24882 0.0333333
24313 0.0333333
23359 0.0333333
22219 0.0333333
15491 0.0333333
8611 0.0333333
7581 0.0333333
6966 0.0333333
248 0.0333333
32620 0.027027
21943 0.027027
20071 0.027027
17312 0.027027
15416 0.027027
13942 0.027027
12464 0.027027
5423 0.027027
2333 0.027027
2194 0.027027
40864 0.025
40125 0.025
38241 0.025
37519 0.025
36471 0.025
36294 0.025
32403 0.025
24964 0.025
19766 0.025
16539 0.025
16313 0.025
14813 0.025
13819 0.025
12165 0.025
11924 0.025
11746 0.025
9011 0.025
7779 0.025
7422 0.025
4337 0.025
2610 0.025
40612 0.0232558
29492 0.0232558
27622 0.0232558
24760 0.0232558
20353 0.0232558
15741 0.0232558
12427 0.0232558
6502 0.0232558
40980 0
40979 0
40978 0
40977 0
40976 0
40975 0
40974 0
40973 0
40972 0
40971 0
40970 0
40969 0
40968 0
40967 0
40966 0
40965 0
40964 0
40963 0
40962 0
40961 0
40960 0
40959 0
40958 0
40957 0
40956 0
40955 0
40954 0
40953 0
40952 0
40951 0
40950 0
40949 0
40948 0
40947 0
40946 0
40945 0
40944 0
40943 0
40942 0
40941 0
40940 0
40939 0
40938 0
40937 0
40936 0
40935 0
40934 0
40933 0
40932 0
40931 0
40930 0
40929 0
40928 0
40927 0
40926 0
40925 0
40924 0
40923 0
40922 0
40921 0
40920 0
40919 0
40918 0
40917 0
40916 0
40915 0
40914 0
40913 0
40912 0
40911 0
40910 0
40909 0
40908 0
40907 0
40906 0
40905 0
40904 0
40903 0
40902 0
40901 0
40900 0
40899 0
40898 0
40897 0
40896 0
40895 0
40894 0
40893 0
40892 0
40891 0
40890 0
40889 0
40888 0
40887 0
40886 0
40885 0
40884 0
40883 0
40881 0
40880 0
40879 0
40878 0
40877 0
40876 0
40875 0
40874 0
40873 0
40872 0
40871 0
40870 0
40869 0
40868 0
40867 0
40866 0
40865 0
40863 0
40862 0
40861 0
40860 0
40859 0
40858 0
40857 0
40856 0
40855 0
40854 0
40853 0
40852 0
40851 0
40850 0
40849 0
40848 0
40847 0
40846 0
40845 0
40844 0
40843 0
40842 0
40841 0
40840 0
40839 0
40838 0
40837 0
40836 0
40835 0
40834 0
40833 0
40832 0
40831 0
40830 0
40829 0
40828 0
40827 0
40826 0
40825 0
40824 0
40823 0
40822 0
40821 0
40820 0
40819 0
40818 0
40817 0
40816 0
40815 0
40814 0
40813 0
40812 0
40811 0
40810 0
40809 0
40808 0
40807 0
40806 0
40805 0
40804 0
40803 0
40802 0
40801 0
40800 0
40799 0
40798 0
40797 0
40796 0
40795 0
40794 0
40793 0
40792 0
40791 0
