18803 22.1027
5683 11.335
6145 7.8973
9748 6.52716
10833 4.43784
40084 4.02681
19772 3.98962
27799 3.68101
23843 3.09784
31947 2.90643
36772 2.54567
22594 2.38333
6174 2.35788
20857 2.23499
13654 2.20476
26069 2.05145
31098 1.92897
14357 1.88406
10480 1.79656
25826 1.69048
33488 1.64206
35346 1.60689
9179 1.58609
29401 1.52097
26786 1.50952
40525 1.50519
9781 1.42778
36400 1.32619
35766 1.20961
34863 1.17965
35453 1.11371
24640 1.08586
18558 1.06869
19419 1.05952
9866 1.02146
3936 0.994762
38535 0.985714
110 0.961086
26766 0.960207
31623 0.909524
21602 0.887011
5778 0.872294
33744 0.806999
15731 0.75
32927 0.718651
7145 0.695671
20250 0.683333
28799 0.662985
40593 0.643324
18162 0.636086
20598 0.631419
23408 0.605599
22530 0.604418
16076 0.576923
17301 0.57619
18428 0.566667
25115 0.565485
28094 0.554737
36661 0.540909
34768 0.540909
18301 0.509524
27926 0.494912
33640 0.485714
39947 0.482118
27989 0.482118
11080 0.482118
17330 0.474827
38380 0.456816
16806 0.452381
34737 0.45
3852 0.432857
4484 0.414286
16390 0.391667
20125 0.384524
8361 0.366667
39853 0.349524
4359 0.349524
35734 0.339286
40760 0.333333
39383 0.333333
34923 0.333333
34758 0.333333
25537 0.333333
25200 0.333333
24902 0.333333
23077 0.333333
19774 0.333333
11453 0.333333
5159 0.333333
1282 0.333333
13916 0.329004
19653 0.328704
7099 0.327381
37496 0.320513
16236 0.314286
6172 0.309524
5730 0.305195
37882 0.273148
24678 0.263528
32885 0.254589
15665 0.251623
20928 0.251323
32329 0.25
25176 0.25
19485 0.25
19428 0.25
18273 0.25
17349 0.25
17181 0.25
17129 0.25
14543 0.25
12569 0.25
9196 0.25
1659 0.25
10292 0.238528
30209 0.235653
24019 0.235653
31589 0.232143
4189 0.232143
36918 0.229437
24239 0.225
30676 0.21978
24596 0.209957
6041 0.207143
17312 0.202381
39532 0.2
34433 0.2
31964 0.2
30589 0.2
29682 0.2
26546 0.2
25765 0.2
24825 0.2
23724 0.2
17952 0.2
16754 0.2
10654 0.2
9626 0.2
5763 0.2
38971 0.166667
37426 0.166667
28988 0.166667
23138 0.166667
21861 0.166667
19822 0.166667
18950 0.166667
14119 0.166667
7158 0.166667
6036 0.166667
5362 0.166667
5337 0.166667
213 0.166667
33055 0.142857
31553 0.142857
29258 0.142857
25079 0.142857
24286 0.142857
21323 0.142857
12525 0.142857
2877 0.142857
543 0.142857
40890 0.129286
22184 0.129286
37958 0.125
36313 0.125
36300 0.125
31329 0.125
30504 0.125
23323 0.125
22711 0.125
20273 0.125
19313 0.125
12298 0.125
9665 0.125
1642 0.125
29140 0.112751
18963 0.112751
6715 0.112751
39584 0.111111
33905 0.111111
30610 0.111111
28756 0.111111
26675 0.111111
26531 0.111111
26027 0.111111
18787 0.111111
12681 0.111111
12451 0.111111
11422 0.111111
32940 0.1
31318 0.1
14142 0.1
11789 0.1
11331 0.1
9653 0.1
2781 0.1
2027 0.1
1904 0.1
39 0.1
39791 0.0909091
36952 0.0909091
26304 0.0909091
24211 0.0909091
19379 0.0909091
19277 0.0909091
18099 0.0909091
16504 0.0909091
16298 0.0909091
14006 0.0909091
13803 0.0909091
10511 0.0909091
10367 0.0909091
7921 0.0909091
7118 0.0909091
4361 0.0909091
33798 0.0833333
33577 0.0833333
8412 0.0833333
2621 0.0833333
36673 0.0769231
18520 0.0769231
14138 0.0769231
11488 0.0769231
3030 0.0769231
432 0.0769231
39245 0.0714286
39218 0.0714286
37734 0.0714286
32337 0.0714286
32279 0.0714286
32034 0.0714286
31429 0.0714286
30216 0.0714286
29253 0.0714286
26900 0.0714286
25213 0.0714286
22997 0.0714286
21189 0.0714286
19311 0.0714286
15445 0.0714286
12985 0.0714286
12971 0.0714286
11810 0.0714286
10583 0.0714286
7852 0.0714286
6592 0.0714286
6319 0.0714286
2869 0.0714286
2638 0.0714286
1760 0.0714286
1253 0.0714286
1193 0.0714286
35792 0.0666667
35601 0.0666667
34312 0.0666667
25885 0.0666667
22122 0.0666667
19555 0.0666667
18732 0.0666667
14583 0.0666667
9615 0.0666667
9423 0.0666667
6049 0.0666667
39619 0.047619
38118 0.047619
33633 0.047619
30897 0.047619
26541 0.047619
22170 0.047619
21889 0.047619
21801 0.047619
13017 0.047619
8417 0.047619
3854 0.047619
1610 0.047619
32990 0.0454545
25016 0.0454545
18711 0.0454545
37923 0.0434783
36289 0.0434783
32933 0.0434783
26011 0.0434783
17083 0.0434783
15963 0.0434783
13917 0.0434783
12466 0.0434783
11044 0.0434783
10125 0.0434783
7729 0.0434783
7054 0.0434783
6347 0.0434783
2253 0.0434783
346 0.0434783
37502 0.0416667
37027 0.0416667
26095 0.0416667
19712 0.0416667
19580 0.0416667
19191 0.0416667
11409 0.0416667
34439 0.04
30325 0.04
28855 0.04
20315 0.04
17035 0.04
16394 0.04
10340 0.04
6350 0.04
5623 0.04
40314 0.037037
30234 0.037037
27033 0.037037
21903 0.037037
18138 0.037037
8035 0.037037
6654 0.037037
6097 0.037037
5241 0.037037
4043 0.037037
3940 0.037037
35317 0.0357143
34777 0.0357143
34565 0.0357143
33997 0.0357143
31140 0.0357143
28381 0.0357143
26429 0.0357143
25505 0.0357143
23240 0.0357143
19242 0.0357143
12893 0.0357143
6447 0.0357143
40980 0
40979 0
40978 0
40977 0
40976 0
40975 0
40974 0
40973 0
40972 0
40971 0
40970 0
40969 0
40968 0
40967 0
40966 0
40965 0
40964 0
40963 0
40962 0
40961 0
40960 0
40959 0
40958 0
40957 0
40956 0
40955 0
40954 0
40953 0
40952 0
40951 0
40950 0
40949 0
40948 0
40947 0
40946 0
40945 0
40944 0
40943 0
40942 0
40941 0
40940 0
40939 0
40938 0
40937 0
40936 0
40935 0
40934 0
40933 0
40932 0
40931 0
40930 0
40929 0
40928 0
40927 0
40926 0
40925 0
40924 0
40923 0
40922 0
40921 0
40920 0
40919 0
40918 0
40917 0
40916 0
40915 0
40914 0
40913 0
40912 0
40911 0
40910 0
40909 0
40908 0
40907 0
40906 0
40905 0
40904 0
40903 0
40902 0
40901 0
40900 0
40899 0
40898 0
40897 0
40896 0
40895 0
40894 0
40893 0
40892 0
40891 0
40889 0
40888 0
40887 0
40886 0
40885 0
40884 0
40883 0
40882 0
40881 0
40880 0
40879 0
40878 0
40877 0
40876 0
40875 0
40874 0
40873 0
40872 0
40871 0
40870 0
40869 0
40868 0
40867 0
40866 0
40865 0
40864 0
40863 0
40862 0
40861 0
40860 0
40859 0
40858 0
40857 0
40856 0
40855 0
40854 0
40853 0
40852 0
40851 0
40850 0
40849 0
40848 0
40847 0
40846 0
40845 0
40844 0
40843 0
40842 0
40841 0
40840 0
40839 0
40838 0
40837 0
40836 0
40835 0
40834 0
40833 0
40832 0
40831 0
40830 0
40829 0
40828 0
40827 0
40826 0
40825 0
40824 0
40823 0
40822 0
40821 0
40820 0
40819 0
40818 0
40817 0
40816 0
40815 0
40814 0
40813 0
40812 0
