15169 8.12168
28776 4.64589
1158 3.05303
31215 1.78043
8349 1.70422
9333 1.56535
17987 1.40462
11452 1.19776
5798 0.917981
39553 0.858824
47 0.84816
40030 0.783333
27522 0.783333
35699 0.67619
3114 0.67619
13839 0.674242
7570 0.642857
9953 0.626681
39976 0.616667
16210 0.615351
11166 0.611111
438 0.601681
29438 0.583333
7535 0.530303
35487 0.508824
29178 0.5
9728 0.475
8629 0.37316
23782 0.371212
20262 0.371212
14105 0.36416
21015 0.354489
14251 0.354489
39920 0.333333
29221 0.333333
21608 0.333333
37266 0.32197
22254 0.32197
34630 0.30815
19096 0.30815
21677 0.292857
31637 0.284271
4555 0.253352
36163 0.25
32078 0.25
23168 0.25
3806 0.25
35545 0.224838
37872 0.2
35863 0.2
31657 0.2
30542 0.2
22847 0.2
21693 0.2
18436 0.2
8257 0.2
3516 0.2
34505 0.192157
19731 0.192157
40940 0.166667
40826 0.166667
39525 0.166667
34323 0.166667
25645 0.166667
24548 0.166667
24145 0.166667
22129 0.166667
14179 0.166667
1121 0.166667
28017 0.150575
28694 0.142857
17455 0.142857
15684 0.142857
14163 0.142857
8965 0.142857
7184 0.142857
371 0.142857
39763 0.125
13392 0.125
3964 0.125
1613 0.125
21748 0.111111
588 0.111111
25092 0.110044
10904 0.110044
32150 0.0909091
29986 0.0909091
29389 0.0909091
27767 0.0909091
14656 0.0909091
7495 0.0909091
5452 0.0909091
37377 0.0714286
17245 0.0714286
33733 0.0625
18227 0.0625
16714 0.0625
6594 0.05
6267 0.05
32011 0.030303
21702 0.030303
17937 0.030303
17896 0.030303
17679 0.030303
16813 0.030303
10354 0.030303
7317 0.030303
4428 0.030303
4424 0.030303
4384 0.030303
3244 0.030303
40733 0.0172414
40681 0.0172414
38449 0.0172414
34109 0.0172414
33222 0.0172414
28015 0.0172414
27772 0.0172414
27285 0.0172414
27184 0.0172414
27165 0.0172414
26760 0.0172414
25071 0.0172414
24005 0.0172414
23798 0.0172414
23047 0.0172414
22069 0.0172414
21716 0.0172414
21182 0.0172414
21036 0.0172414
20017 0.0172414
18901 0.0172414
17986 0.0172414
17686 0.0172414
17279 0.0172414
15081 0.0172414
14144 0.0172414
12390 0.0172414
12024 0.0172414
11698 0.0172414
11045 0.0172414
5118 0.0172414
4199 0.0172414
3643 0.0172414
3595 0.0172414
3578 0.0172414
2470 0.0172414
1067 0.0172414
552 0.0172414
40980 0
40979 0
40978 0
40977 0
40976 0
40975 0
40974 0
40973 0
40972 0
40971 0
40970 0
40969 0
40968 0
40967 0
40966 0
40965 0
40964 0
40963 0
40962 0
40961 0
40960 0
40959 0
40958 0
40957 0
40956 0
40955 0
40954 0
40953 0
40952 0
40951 0
40950 0
40949 0
40948 0
40947 0
40946 0
40945 0
40944 0
40943 0
40942 0
40941 0
40939 0
40938 0
40937 0
40936 0
40935 0
40934 0
40933 0
40932 0
40931 0
40930 0
40929 0
40928 0
40927 0
40926 0
40925 0
40924 0
40923 0
40922 0
40921 0
40920 0
40919 0
40918 0
40917 0
40916 0
40915 0
40914 0
40913 0
40912 0
40911 0
40910 0
40909 0
40908 0
40907 0
40906 0
40905 0
40904 0
40903 0
40902 0
40901 0
40900 0
40899 0
40898 0
40897 0
40896 0
40895 0
40894 0
40893 0
40892 0
40891 0
40890 0
40889 0
40888 0
40887 0
40886 0
40885 0
40884 0
40883 0
40882 0
40881 0
40880 0
40879 0
40878 0
40877 0
40876 0
40875 0
40874 0
40873 0
40872 0
40871 0
40870 0
40869 0
40868 0
40867 0
40866 0
40865 0
40864 0
40863 0
40862 0
40861 0
40860 0
40859 0
40858 0
40857 0
40856 0
40855 0
40854 0
40853 0
40852 0
40851 0
40850 0
40849 0
40848 0
40847 0
40846 0
40845 0
40844 0
40843 0
40842 0
40841 0
40840 0
40839 0
40838 0
40837 0
40836 0
40835 0
40834 0
40833 0
40832 0
40831 0
40830 0
40829 0
40828 0
40827 0
40825 0
40824 0
40823 0
40822 0
40821 0
40820 0
40819 0
40818 0
40817 0
40816 0
40815 0
40814 0
40813 0
40812 0
40811 0
40810 0
40809 0
40808 0
40807 0
40806 0
40805 0
40804 0
40803 0
40802 0
40801 0
40800 0
40799 0
40798 0
40797 0
40796 0
40795 0
40794 0
40793 0
40792 0
40791 0
40790 0
40789 0
40788 0
40787 0
40786 0
40785 0
40784 0
40783 0
40782 0
40781 0
40780 0
40779 0
40778 0
40777 0
40776 0
40775 0
40774 0
40773 0
40772 0
40771 0
40770 0
40769 0
40768 0
40767 0
40766 0
40765 0
40764 0
40763 0
40762 0
40761 0
40760 0
40759 0
40758 0
40757 0
40756 0
40755 0
40754 0
40753 0
40752 0
40751 0
40750 0
40749 0
40748 0
40747 0
40746 0
40745 0
40744 0
40743 0
40742 0
40741 0
40740 0
40739 0
40738 0
40737 0
40736 0
40735 0
40734 0
40732 0
40731 0
40730 0
40729 0
40728 0
40727 0
40726 0
40725 0
40724 0
40723 0
40722 0
40721 0
40720 0
40719 0
40718 0
40717 0
40716 0
40715 0
40714 0
40713 0
40712 0
40711 0
40710 0
40709 0
40708 0
40707 0
40706 0
40705 0
40704 0
40703 0
40702 0
40701 0
40700 0
40699 0
40698 0
40697 0
40696 0
40695 0
40694 0
40693 0
40692 0
40691 0
40690 0
40689 0
40688 0
40687 0
40686 0
40685 0
40684 0
40683 0
40682 0
40680 0
40679 0
40678 0
40677 0
40676 0
40675 0
40674 0
40673 0
40672 0
40671 0
40670 0
40669 0
40668 0
40667 0
40666 0
40665 0
40664 0
40663 0
40662 0
40661 0
40660 0
40659 0
40658 0
40657 0
40656 0
40655 0
40654 0
40653 0
40652 0
40651 0
40650 0
40649 0
40648 0
40647 0
40646 0
40645 0
40644 0
40643 0
40642 0
40641 0
40640 0
40639 0
40638 0
40637 0
40636 0
40635 0
40634 0
40633 0
40632 0
40631 0
40630 0
40629 0
40628 0
40627 0
40626 0
