27799 19.9526
18520 13.1295
13654 11.9441
20177 8.81711
35766 8.33992
30209 7.49451
35734 7.00658
27926 6.70611
3852 6.3684
22711 6.24864
23370 5.8515
17312 5.46194
4054 5.35521
17105 5.09496
2484 4.52136
6592 4.34323
39401 4.09857
830 4.04038
34385 3.32467
1610 3.31086
7145 3.08732
24678 3.08635
14138 3.01968
37441 2.99863
36400 2.94235
37342 2.93113
30793 2.85387
4551 2.83289
23843 2.75375
22594 2.57194
31947 2.44563
37882 2.43845
12569 2.39945
6041 2.38126
35317 2.34885
15665 2.18194
2885 2.12362
13916 2.11885
21323 2.11695
27190 2.08216
35346 2.05074
15225 1.99361
34999 1.98591
12449 1.93057
29901 1.90684
32536 1.88336
30417 1.85263
37027 1.83952
1760 1.82017
29875 1.81629
14672 1.80049
36457 1.78526
33267 1.7559
5778 1.69314
37070 1.68873
39791 1.68445
38608 1.66508
37931 1.65758
24239 1.65453
19032 1.63861
16504 1.63777
26181 1.63479
16076 1.58655
1462 1.50486
35525 1.48164
34116 1.41513
10210 1.40903
32620 1.37042
39962 1.32059
6518 1.31222
22530 1.30753
8672 1.28793
31301 1.18952
11113 1.18788
16806 1.17741
39472 1.13956
8035 1.13561
31260 1.12952
29634 1.10091
10480 1.096
26476 1.08694
7312 1.08491
36313 1.08237
33633 1.07477
15276 1.05433
27989 1.04214
17943 1.03293
2585 1.01705
27168 1.01617
21889 1.01076
29551 1.01001
14534 1.00558
13507 1.00326
31352 0.991788
21801 0.96981
37815 0.964725
11805 0.958389
34439 0.946496
21703 0.939461
35706 0.938697
16097 0.925273
10923 0.918254
38118 0.915209
8416 0.894444
37374 0.884515
21757 0.878269
8111 0.855381
24505 0.853546
16298 0.852875
15990 0.84334
6140 0.841668
19580 0.836344
2863 0.803386
24400 0.801163
18329 0.789307
32885 0.778728
26786 0.77624
432 0.774516
10737 0.763821
29077 0.740368
27860 0.738462
2786 0.737707
16047 0.736759
34768 0.735646
27033 0.735429
29851 0.734644
18328 0.719538
11626 0.710699
39947 0.708989
24957 0.693321
14943 0.678525
2262 0.65324
9825 0.647712
12525 0.646597
17634 0.640706
25765 0.621773
612 0.618127
33518 0.616667
28635 0.589584
7536 0.578455
30425 0.577208
20286 0.575
10536 0.575
39951 0.56763
29602 0.5671
31553 0.555329
5821 0.554039
4761 0.548064
39155 0.544476
34156 0.538319
35063 0.536498
40342 0.536418
31582 0.527424
31938 0.520059
25307 0.520022
27349 0.510759
36160 0.508841
23468 0.506716
24596 0.506219
6033 0.500716
39925 0.479329
40890 0.478582
1332 0.478565
6654 0.477049
18138 0.473074
23240 0.46822
2899 0.465126
15400 0.464286
16723 0.462439
7807 0.460989
7852 0.452809
37496 0.452151
550 0.452026
3936 0.451237
38583 0.443868
18842 0.441075
22184 0.427832
30676 0.426068
11080 0.426068
110 0.426068
17137 0.425891
40883 0.418498
4091 0.416667
24591 0.41595
13043 0.409524
34561 0.409028
4484 0.40853
10165 0.404762
36528 0.396957
7889 0.394885
31429 0.390551
30897 0.389074
17583 0.388328
11331 0.388138
2869 0.386963
28880 0.385513
9694 0.377778
9197 0.377178
19379 0.376065
21189 0.371277
3018 0.370357
37924 0.367857
37672 0.367857
1966 0.366149
37502 0.364255
8212 0.360278
23251 0.359556
32234 0.358333
19277 0.352718
3821 0.34519
7256 0.344877
2168 0.344798
3940 0.343236
3718 0.339176
2877 0.334526
38356 0.333333
29143 0.333333
9239 0.333333
33256 0.328863
6830 0.3251
25826 0.320925
35813 0.314086
40241 0.313933
12393 0.312852
6298 0.308725
19253 0.302682
17154 0.301681
36673 0.300681
32243 0.300585
32223 0.298158
8177 0.295287
28655 0.295035
20007 0.294444
3124 0.29358
14546 0.286736
27032 0.286623
7076 0.285354
11789 0.2825
52 0.281678
29923 0.281122
14658 0.277037
18116 0.274242
21199 0.272727
34123 0.272645
33227 0.272228
32611 0.27215
5937 0.270833
11491 0.270687
32043 0.26875
19774 0.268655
8197 0.268369
6979 0.265584
27904 0.260684
28952 0.253922
24902 0.251852
36027 0.250013
37554 0.25
32841 0.25
17624 0.25
6870 0.25
3291 0.25
2840 0.25
428 0.25
19494 0.247076
29640 0.245424
233 0.244602
9309 0.244444
9665 0.244298
18963 0.243369
3541 0.242457
8969 0.241889
16745 0.241144
4539 0.23852
18683 0.237728
21785 0.23456
18435 0.233665
4085 0.233489
6105 0.233263
19311 0.231061
21217 0.231037
14318 0.227778
20823 0.22439
556 0.221474
20250 0.220238
3068 0.21381
34507 0.21379
22368 0.21208
391 0.211455
40525 0.210852
22960 0.21032
3002 0.209775
22313 0.208824
1659 0.208701
27395 0.207991
938 0.207093
23886 0.207042
6992 0.206041
36952 0.205891
37077 0.203508
8412 0.202516
34737 0.2
34433 0.2
32403 0.2
30012 0.2
25304 0.2
24414 0.2
23462 0.2
23432 0.2
22210 0.2
19824 0.2
18452 0.2
2797 0.2
2781 0.196969
40008 0.192731
26843 0.189394
11909 0.189392
35029 0.188932
17035 0.188774
16652 0.188142
32562 0.187745
14734 0.186104
32804 0.185714
5293 0.184878
30234 0.184736
23898 0.184722
25659 0.183497
4994 0.181481
28094 0.180433
22751 0.179315
8242 0.179293
22057 0.178945
328 0.177921
828 0.177186
20928 0.175897
9199 0.175345
33477 0.17373
31140 0.173598
5488 0.173259
25244 0.173203
24335 0.172222
37394 0.17
7921 0.17
12104 0.169712
22388 0.167931
8309 0.167227
28756 0.166667
39560 0.166667
32348 0.166667
31283 0.166667
26588 0.166667
24511 0.166667
20439 0.166667
16233 0.166667
12541 0.166667
4238 0.166667
1313 0.166667
6924 0.166408
33067 0.166057
29140 0.1637
27514 0.163377
4928 0.163377
12641 0.162075
18531 0.159287
34664 0.158056
5056 0.157125
28106 0.156963
25651 0.15513
38346 0.154589
15476 0.154379
34565 0.15371
31589 0.153642
32324 0.151373
34043 0.151334
36661 0.148893
30693 0.147972
34495 0.147467
9592 0.146188
18558 0.144628
12766 0.144163
26448 0.143729
26095 0.143207
40297 0.142857
29162 0.142857
22382 0.142857
13120 0.142857
10361 0.142857
9201 0.142857
8465 0.142857
5741 0.142857
30847 0.142564
37233 0.140977
35615 0.140156
3645 0.139668
26541 0.137386
38468 0.137285
18834 0.13611
7099 0.133491
20569 0.132917
17393 0.13125
8384 0.131061
22072 0.130588
35463 0.127996
19461 0.127849
29768 0.126323
19313 0.126291
24368 0.126008
26202 0.125926
15562 0.125426
40592 0.125
30054 0.125
23724 0.125
23138 0.125
19566 0.125
8135 0.125
7051 0.125
6983 0.125
6099 0.125
1975 0.125
170 0.125
7274 0.124866
27208 0.124386
4189 0.12381
33028 0.122565
21000 0.122285
20084 0.121325
7008 0.121096
90 0.120197
26323 0.120183
9196 0.120183
23439 0.119358
23446 0.119264
12360 0.119064
28855 0.117713
4028 0.117713
39671 0.117249
9994 0.117249
15012 0.115591
36239 0.115492
23089 0.115435
31131 0.113312
8854 0.113235
34835 0.113108
16283 0.112773
7033 0.112741
39642 0.112593
30216 0.111994
20753 0.111659
33175 0.111356
38002 0.111111
37426 0.111111
37267 0.111111
35825 0.111111
33507 0.111111
29549 0.111111
29338 0.111111
28831 0.111111
28089 0.111111
25689 0.111111
24812 0.111111
24149 0.111111
18448 0.111111
18334 0.111111
13016 0.111111
11501 0.111111
7968 0.111111
38864 0.110608
13759 0.110581
12451 0.108182
39400 0.107979
6715 0.107251
15467 0.106116
5824 0.105662
20933 0.10549
5036 0.104985
5875 0.10448
22673 0.104479
448 0.103583
7592 0.102328
37142 0.101405
27161 0.100303
35982 0.1
32127 0.1
31832 0.1
31732 0.1
27975 0.1
25065 0.1
24028 0.1
20172 0.1
18088 0.1
16419 0.1
12681 0.1
10810 0.1
10262 0.1
9904 0.1
6262 0.1
1528 0.1
28964 0.0996377
21820 0.0991812
16947 0.0986622
32639 0.0962163
