29401 6.14013
39640 4.38908
23843 3.9255
15067 3.922
797 3.24892
17915 2.85257
29695 2.56303
25885 1.91916
32403 1.47033
18582 1.22359
34737 1.10972
17328 1.06905
9381 0.998669
39620 0.886865
40000 0.80119
6756 0.766493
7876 0.715463
40716 0.68205
18428 0.669368
27082 0.65921
32885 0.642857
10473 0.613636
6303 0.60119
21394 0.587307
5214 0.583333
8088 0.510673
6049 0.501689
13309 0.442857
9996 0.436111
15118 0.422619
12823 0.422619
5092 0.410714
16638 0.380556
37444 0.373986
26730 0.359428
13161 0.359428
11404 0.351852
39361 0.332702
18800 0.332702
11715 0.321018
7225 0.315476
40715 0.310185
19032 0.309524
32289 0.300115
1550 0.3
37967 0.291113
32522 0.266667
8831 0.266667
18463 0.266653
4562 0.265857
5317 0.259298
4306 0.259298
36858 0.25402
17106 0.25402
36518 0.25
31582 0.25
22063 0.25
19177 0.25
17454 0.25
10356 0.25
987 0.25
18732 0.246874
19259 0.242933
12915 0.236586
17685 0.232622
9558 0.227552
5867 0.227552
15363 0.225972
27054 0.220162
8381 0.220162
36197 0.212765
28360 0.212765
2200 0.212765
28814 0.204794
35719 0.2
33727 0.2
27135 0.2
8829 0.2
39732 0.191288
36072 0.191288
10922 0.189286
3265 0.187921
36853 0.182479
19820 0.172222
37055 0.166667
31502 0.166667
30561 0.166667
29043 0.166667
23817 0.166667
16933 0.166667
8672 0.166667
8547 0.166667
109 0.166667
9423 0.16549
24678 0.15859
2153 0.156335
18401 0.149601
2267 0.147798
34092 0.147478
1908 0.147478
37701 0.142857
33938 0.142857
13819 0.142857
4998 0.142857
4891 0.142857
3501 0.142857
2663 0.142857
2210 0.142857
29334 0.135554
25920 0.135554
7322 0.135554
4190 0.135554
3832 0.135554
20682 0.132935
37710 0.132804
12575 0.132804
21283 0.126556
40658 0.125
37904 0.125
35351 0.125
16330 0.125
10789 0.125
4297 0.125
39028 0.1243
26584 0.1243
25906 0.123372
10942 0.123372
18757 0.122896
16390 0.122896
40326 0.116441
17260 0.113935
33885 0.113889
28170 0.111111
24709 0.111111
17664 0.111111
1441 0.111111
327 0.111111
5504 0.105358
2885 0.105358
12652 0.103161
14543 0.101852
9652 0.1
35601 0.0971805
34312 0.0971805
33798 0.0971805
25330 0.0971805
19555 0.0971805
5271 0.0971805
18221 0.0970653
19517 0.0912383
39383 0.0909091
31390 0.0909091
27799 0.0909091
24596 0.0909091
18520 0.0909091
6592 0.0909091
2585 0.0909091
36284 0.0885313
18048 0.0885313
16633 0.0833333
22530 0.0769231
22184 0.0769231
40426 0.0751306
38758 0.0751306
25374 0.0751306
25259 0.0714286
8569 0.0714286
30802 0.0639966
40882 0.0616196
34150 0.0616196
31860 0.0616196
14364 0.0616196
11679 0.0616196
28331 0.0588235
40604 0.0555556
15151 0.0555556
14398 0.0555556
12427 0.0555556
9243 0.0555556
37974 0.0526316
36952 0.0526316
25546 0.0526316
21415 0.0526316
10585 0.0526316
9694 0.0526316
38841 0.05
34952 0.05
33233 0.05
27928 0.05
26754 0.05
24432 0.05
16625 0.05
11270 0.05
9392 0.05
6151 0.05
6017 0.05
4471 0.05
39791 0.047619
35029 0.047619
27486 0.047619
27033 0.047619
17645 0.047619
16706 0.047619
16298 0.047619
14138 0.047619
10994 0.047619
1659 0.047619
37347 0.0416667
36372 0.0416667
35734 0.0416667
31649 0.0416667
29866 0.0416667
27926 0.0416667
23042 0.0416667
19236 0.0416667
17785 0.0416667
5569 0.0416667
40271 0.04
37428 0.04
33831 0.04
30102 0.04
25542 0.04
22407 0.04
19392 0.04
14676 0.04
9813 0.04
33475 0.037037
31897 0.037037
27841 0.037037
11131 0.037037
3603 0.037037
40778 0.0344828
36678 0.0344828
35460 0.0344828
34155 0.0344828
24128 0.0344828
20610 0.0344828
17286 0.0344828
12618 0.0344828
8853 0.0344828
8595 0.0344828
5232 0.0344828
19664 0.0333333
18373 0.0333333
7422 0.0333333
1442 0.0333333
737 0.0333333
36147 0.0322581
33695 0.0322581
33143 0.0322581
31366 0.0322581
27379 0.0322581
25214 0.0322581
22537 0.0322581
21689 0.0322581
20134 0.0322581
11973 0.0322581
2669 0.0322581
39936 0.030303
30694 0.030303
25583 0.030303
19586 0.030303
17948 0.030303
39052 0.0263158
34629 0.0263158
29237 0.0263158
26356 0.0263158
23565 0.0263158
9876 0.0263158
36217 0.0238095
34625 0.0238095
27732 0.0238095
23668 0.0238095
22874 0.0238095
13604 0.0238095
9011 0.0238095
39831 0.0232558
22388 0.0232558
21850 0.0232558
20823 0.0232558
19515 0.0232558
19428 0.0232558
18334 0.0232558
17571 0.0232558
14118 0.0232558
13654 0.0232558
13595 0.0232558
9615 0.0232558
4235 0.0232558
3709 0.0232558
38180 0.0222222
36451 0.0222222
33772 0.0222222
32833 0.0222222
29756 0.0222222
29126 0.0222222
27668 0.0222222
22066 0.0222222
21853 0.0222222
19419 0.0222222
17902 0.0222222
17153 0.0222222
13853 0.0222222
6578 0.0222222
663 0.0222222
40389 0.0185185
40296 0.0185185
39541 0.0185185
38479 0.0185185
37270 0.0185185
35698 0.0185185
32652 0.0185185
31908 0.0185185
31159 0.0185185
30153 0.0185185
29549 0.0185185
28769 0.0185185
26409 0.0185185
23484 0.0185185
23007 0.0185185
21448 0.0185185
21323 0.0185185
17638 0.0185185
17322 0.0185185
16504 0.0185185
15885 0.0185185
12872 0.0185185
12280 0.0185185
11315 0.0185185
10663 0.0185185
10656 0.0185185
7878 0.0185185
4495 0.0185185
2612 0.0185185
2286 0.0185185
515 0.0185185
199 0.0185185
39 0.0185185
40448 0.0114943
39716 0.0114943
38644 0.0114943
38497 0.0114943
38310 0.0114943
36921 0.0114943
36851 0.0114943
31291 0.0114943
29418 0.0114943
28825 0.0114943
26741 0.0114943
26377 0.0114943
25828 0.0114943
25363 0.0114943
25037 0.0114943
24936 0.0114943
22385 0.0114943
21854 0.0114943
21634 0.0114943
20812 0.0114943
20484 0.0114943
20346 0.0114943
19766 0.0114943
19762 0.0114943
18411 0.0114943
13608 0.0114943
13529 0.0114943
13193 0.0114943
12220 0.0114943
11074 0.0114943
9739 0.0114943
6792 0.0114943
5739 0.0114943
3769 0.0114943
3215 0.0114943
3083 0.0114943
2864 0.0114943
1170 0.0114943
668 0.0114943
49 0.0114943
40980 0
40979 0
40978 0
40977 0
40976 0
40975 0
40974 0
40973 0
40972 0
40971 0
40970 0
40969 0
40968 0
40967 0
40966 0
40965 0
40964 0
40963 0
40962 0
40961 0
40960 0
40959 0
40958 0
40957 0
40956 0
40955 0
40954 0
40953 0
40952 0
40951 0
40950 0
40949 0
40948 0
40947 0
40946 0
40945 0
40944 0
40943 0
40942 0
40941 0
40940 0
40939 0
40938 0
40937 0
40936 0
40935 0
40934 0
40933 0
40932 0
40931 0
40930 0
40929 0
40928 0
40927 0
40926 0
40925 0
40924 0
40923 0
40922 0
40921 0
40920 0
40919 0
40918 0
40917 0
40916 0
40915 0
40914 0
40913 0
40912 0
40911 0
40910 0
40909 0
40908 0
40907 0
40906 0
40905 0
40904 0
40903 0
40902 0
40901 0
40900 0
40899 0
40898 0
40897 0
40896 0
40895 0
40894 0
40893 0
40892 0
40891 0
40890 0
40889 0
40888 0
40887 0
40886 0
40885 0
40884 0
40883 0
40881 0
40880 0
40879 0
40878 0
40877 0
40876 0
40875 0
40874 0
40873 0
40872 0
40871 0
40870 0
40869 0
40868 0
40867 0
40866 0
40865 0
40864 0
40863 0
40862 0
40861 0
40860 0
40859 0
40858 0
