31301 61.3478
37711 22.4835
25416 22.1342
28543 21.9592
5691 20.4303
24782 17.4778
24962 16.7661
4406 14.4877
7708 11.5266
9362 11.364
25266 9.7893
31409 9.47041
10953 8.4091
5066 6.57744
1816 5.61218
2131 5.45464
16535 5.37532
17567 5.22621
32500 5.06164
2693 4.12408
29997 4.03922
24454 3.83431
10423 3.80244
27162 3.72143
27514 3.3999
8672 3.39564
11582 3.25093
3158 3.20189
14040 3.07772
38246 2.97222
8532 2.97097
38191 2.80535
8720 2.52939
38229 2.4411
29814 2.43922
33578 2.36667
24205 2.36522
16650 2.29072
4928 2.25952
18317 2.25397
17852 2.24444
11658 2.12044
6489 2.02897
21013 2.00758
13432 1.9906
16618 1.96035
24925 1.95162
10990 1.9305
33215 1.90073
37048 1.88615
34883 1.83654
18148 1.80831
7559 1.7386
12683 1.729
12502 1.67116
34825 1.66542
26093 1.65801
14383 1.64524
10301 1.61667
21860 1.61538
4582 1.57989
34259 1.57576
3961 1.54194
26750 1.53284
1975 1.42989
39270 1.42619
1318 1.40896
4493 1.40053
17634 1.39286
12463 1.37573
37220 1.3712
4981 1.34405
17160 1.3423
7691 1.3171
33483 1.31111
3772 1.30014
2792 1.25391
28904 1.24968
20611 1.22882
6496 1.22222
33825 1.19405
7882 1.18452
23313 1.15116
28255 1.14573
16217 1.14444
19957 1.08611
9274 1.08452
25459 1.06859
34463 1.05238
10100 1.03258
36734 1.02897
13602 1
31372 0.983766
24648 0.969513
24739 0.967857
12313 0.959524
3382 0.923266
3936 0.919935
22228 0.913547
10047 0.912985
4405 0.877381
21573 0.875
25427 0.868193
24804 0.864907
27003 0.858766
37176 0.844678
36467 0.833333
31555 0.833333
16978 0.809499
34364 0.808669
29758 0.805561
28038 0.803968
24369 0.791667
36319 0.783333
13706 0.783333
11102 0.783333
18828 0.774733
10923 0.774339
13757 0.754167
31460 0.753573
28827 0.75
22594 0.75
1820 0.75
12217 0.74359
2744 0.721561
40912 0.715812
2249 0.715248
31670 0.708333
16561 0.688858
12630 0.678977
38680 0.67619
11779 0.67619
22671 0.666667
18950 0.666667
14224 0.666667
19474 0.662165
14422 0.658333
39505 0.648611
23673 0.645833
31990 0.633339
16791 0.633333
16945 0.625
38667 0.618943
2672 0.616667
28607 0.611111
10830 0.6
1468 0.6
13153 0.587302
4993 0.587302
37857 0.575
26310 0.575
17135 0.575
27715 0.572519
24795 0.561111
11844 0.553114
10737 0.550372
1349 0.542857
10117 0.541667
12709 0.540085
40098 0.533333
15768 0.527778
24251 0.526923
11013 0.523148
12009 0.517857
30350 0.516667
25810 0.509524
18328 0.509524
6250 0.503968
23491 0.5
6823 0.5
19032 0.5
2852 0.492857
22103 0.491667
17999 0.490909
30157 0.477778
13334 0.477778
3031 0.476874
52 0.469298
15931 0.466667
27600 0.459455
206 0.458824
8669 0.457576
30121 0.453968
11117 0.446429
10123 0.444444
3142 0.444444
5021 0.43681
40445 0.434524
22603 0.429167
26462 0.425
21800 0.425
7801 0.425
19124 0.420635
6286 0.415909
39828 0.411111
24125 0.411111
14603 0.410714
919 0.409524
18387 0.403409
23108 0.402778
30395 0.396429
22525 0.391667
15793 0.382576
6641 0.380952
16992 0.37619
3552 0.367832
35294 0.361111
34768 0.357576
40802 0.354978
26384 0.35049
28919 0.349206
13307 0.349206
31038 0.344538
30680 0.344298
28320 0.339286
35142 0.333333
28581 0.333333
26762 0.333333
26435 0.333333
25083 0.333333
18198 0.333333
13538 0.333333
12345 0.333333
8931 0.333333
6644 0.333333
6461 0.333333
6012 0.333333
3323 0.333333
1979 0.333333
3842 0.329167
37381 0.321429
11038 0.321429
6365 0.320489
35524 0.31978
2685 0.298611
23632 0.297619
34357 0.294935
25434 0.275
38881 0.26452
33726 0.26452
16635 0.260844
5432 0.259387
32527 0.253968
17435 0.253968
18011 0.252778
33685 0.251812
29919 0.251812
38808 0.25
36535 0.25
33893 0.25
33664 0.25
31581 0.25
25265 0.25
23610 0.25
23288 0.25
19053 0.25
17878 0.25
14477 0.25
13643 0.25
12859 0.25
12856 0.25
12270 0.25
11017 0.25
10332 0.25
10122 0.25
9040 0.25
8805 0.25
8205 0.25
7898 0.25
6537 0.25
5921 0.25
4192 0.25
3363 0.25
2965 0.25
2701 0.25
25349 0.248352
23337 0.243347
40017 0.230409
31735 0.21908
34197 0.213413
29972 0.208965
8320 0.206041
19264 0.205978
31234 0.204657
26585 0.204657
38773 0.2
38502 0.2
38421 0.2
36688 0.2
35429 0.2
34115 0.2
33501 0.2
32143 0.2
30092 0.2
30012 0.2
28804 0.2
28642 0.2
23364 0.2
21438 0.2
19908 0.2
16660 0.2
16481 0.2
11462 0.2
10419 0.2
9840 0.2
8189 0.2
7413 0.2
4035 0.2
363 0.2
9300 0.197192
24013 0.194613
8522 0.181046
35917 0.170833
31505 0.170833
30211 0.170833
39454 0.166667
38000 0.166667
36791 0.166667
35469 0.166667
32944 0.166667
31896 0.166667
30338 0.166667
30176 0.166667
30024 0.166667
28923 0.166667
28837 0.166667
28052 0.166667
27844 0.166667
27551 0.166667
24845 0.166667
24625 0.166667
23724 0.166667
23299 0.166667
23201 0.166667
21615 0.166667
20675 0.166667
19887 0.166667
16110 0.166667
15592 0.166667
14132 0.166667
12609 0.166667
12243 0.166667
9588 0.166667
3916 0.166667
1851 0.166667
84 0.166667
20068 0.166209
2838 0.163889
32822 0.153604
2712 0.14881
40883 0.142857
39954 0.142857
35811 0.142857
35188 0.142857
33327 0.142857
32843 0.142857
28142 0.142857
27895 0.142857
27535 0.142857
20167 0.142857
20037 0.142857
19799 0.142857
18633 0.142857
16296 0.142857
15829 0.142857
15785 0.142857
15513 0.142857
14565 0.142857
13704 0.142857
12395 0.142857
11445 0.142857
9665 0.142857
9075 0.142857
1480 0.142857
1320 0.142857
40939 0.125
40277 0.125
40226 0.125
40066 0.125
39394 0.125
38108 0.125
38097 0.125
34048 0.125
33950 0.125
32571 0.125
31359 0.125
30956 0.125
29962 0.125
27886 0.125
26874 0.125
26789 0.125
25750 0.125
24675 0.125
24130 0.125
22672 0.125
21097 0.125
20073 0.125
19972 0.125
16983 0.125
16717 0.125
16540 0.125
15707 0.125
15111 0.125
14007 0.125
13646 0.125
12507 0.125
11195 0.125
10153 0.125
8289 0.125
7699 0.125
7190 0.125
6262 0.125
1552 0.125
948 0.125
14544 0.115943
5693 0.115943
186 0.115943
40665 0.111111
40145 0.111111
38050 0.111111
34244 0.111111
32342 0.111111
27830 0.111111
27410 0.111111
27281 0.111111
25361 0.111111
23366 0.111111
21121 0.111111
20132 0.111111
16652 0.111111
15735 0.111111
14572 0.111111
10158 0.111111
7435 0.111111
5812 0.111111
3729 0.111111
1525 0.111111
1492 0.111111
738 0.111111
39735 0.1
32760 0.1
31720 0.1
29252 0.1
28576 0.1
28523 0.1
24738 0.1
21983 0.1
16922 0.1
12062 0.1
7296 0.1
6686 0.1
5608 0.1
5511 0.1
5373 0.1
4386 0.1
35602 0.0965608
32885 0.0965608
18890 0.0965608
8186 0.0965608
40458 0.0909091
36913 0.0909091
33160 0.0909091
30074 0.0909091
26620 0.0909091
26369 0.0909091
25436 0.0909091
25090 0.0909091
16985 0.0909091
13509 0.0909091
11737 0.0909091
9529 0.0909091
9442 0.0909091
9296 0.0909091
7139 0.0909091
6061 0.0909091
3567 0.0909091
2527 0.0909091
1994 0.0909091
1210 0.0909091
40977 0.0833333
40031 0.0833333
39414 0.0833333
31331 0.0833333
30288 0.0833333
29790 0.0833333
27799 0.0833333
27406 0.0833333
25837 0.0833333
16180 0.0833333
15183 0.0833333
11082 0.0833333
7842 0.0833333
34649 0.0769231
32850 0.0769231
31601 0.0769231
27077 0.0769231
16550 0.0769231
16496 0.0769231
15215 0.0769231
13719 0.0769231
