36888 2.97918
2089 2.42569
21341 1.17667
37431 1.14549
31209 0.996465
39696 0.95003
34039 0.918162
35800 0.833333
6185 0.78702
704 0.686757
40812 0.622863
13350 0.559524
2771 0.548614
22811 0.511379
17242 0.511379
40671 0.483766
8164 0.475
12332 0.442857
3113 0.431373
27882 0.423614
23822 0.41495
33833 0.407563
24426 0.383333
4400 0.364706
8346 0.33867
1146 0.33867
28500 0.333333
18662 0.333333
18255 0.333333
36169 0.332929
32733 0.332929
40762 0.326941
28539 0.326941
26123 0.326941
24190 0.324908
5506 0.324908
18328 0.258242
26951 0.257563
25964 0.257563
21095 0.253339
1694 0.253339
33132 0.25
12249 0.25
4783 0.25
2885 0.242308
19155 0.242241
9167 0.239706
1058 0.239706
16163 0.214719
9070 0.214719
35477 0.2
33957 0.2
22909 0.2
8895 0.2
39798 0.197246
20225 0.197246
18504 0.197246
928 0.190385
34088 0.166667
32626 0.166667
29834 0.166667
28393 0.166667
25439 0.166667
13605 0.166667
12823 0.166667
38871 0.163131
37315 0.154414
5041 0.154414
1798 0.154414
1147 0.154414
35623 0.146964
27934 0.142857
27357 0.142857
6824 0.142857
5146 0.142857
31155 0.133364
34689 0.125
23678 0.125
23074 0.125
18355 0.125
18346 0.125
14075 0.125
28400 0.111111
26061 0.111111
7058 0.111111
6207 0.111111
3582 0.111111
3239 0.111111
2269 0.111111
26129 0.1
15003 0.1
11246 0.1
8049 0.1
38718 0.0911661
32064 0.0911661
30988 0.0911661
16797 0.0911661
14659 0.0911661
13223 0.0911661
11342 0.0909091
35581 0.0895299
30776 0.0895299
29585 0.0895299
7796 0.0895299
34962 0.0860317
32581 0.0732837
27855 0.0732837
9061 0.0732837
27701 0.0714286
22398 0.0714286
20097 0.0714286
2684 0.0700905
29608 0.0557568
28308 0.0557568
20804 0.0557568
17426 0.0557568
16627 0.0557568
16098 0.0557568
15866 0.0557568
8920 0.0557568
6405 0.0557568
3865 0.0557568
2868 0.0557568
38997 0.0548482
38331 0.0548482
37669 0.0548482
35139 0.0548482
32798 0.0548482
31918 0.0548482
29738 0.0548482
19845 0.0548482
18745 0.0548482
16929 0.0548482
11428 0.0548482
9576 0.0548482
38866 0.05
35619 0.05
30232 0.05
23769 0.05
19428 0.05
14012 0.05
12218 0.05
2011 0.05
33473 0.0416667
39810 0.04
34431 0.04
27070 0.04
26632 0.04
16349 0.04
13676 0.04
12676 0.04
9705 0.04
5713 0.04
31559 0.0322581
30899 0.0322581
20492 0.0322581
15792 0.0322581
13167 0.0322581
11703 0.0322581
9072 0.0322581
39992 0.025641
39962 0.025641
35439 0.025641
31718 0.025641
29077 0.025641
27559 0.025641
22184 0.025641
17312 0.025641
17035 0.025641
17009 0.025641
16947 0.025641
16233 0.025641
9197 0.025641
7059 0.025641
556 0.025641
202 0.025641
37916 0.0238095
33701 0.0238095
30524 0.0238095
26844 0.0238095
26820 0.0238095
26079 0.0238095
22363 0.0238095
22329 0.0238095
18202 0.0238095
14557 0.0238095
11884 0.0238095
9877 0.0238095
8424 0.0238095
4186 0.0238095
1713 0.0238095
39284 0.0222222
37762 0.0222222
37468 0.0222222
35760 0.0222222
34084 0.0222222
21499 0.0222222
20246 0.0222222
10460 0.0222222
39538 0.0172414
39152 0.0172414
35991 0.0172414
33235 0.0172414
32312 0.0172414
29216 0.0172414
16351 0.0172414
16201 0.0172414
14990 0.0172414
13858 0.0172414
10031 0.0172414
9114 0.0172414
39655 0.0153846
36424 0.0153846
34354 0.0153846
30498 0.0153846
26904 0.0153846
25079 0.0153846
24169 0.0153846
21715 0.0153846
20482 0.0153846
19984 0.0153846
19355 0.0153846
18482 0.0153846
16856 0.0153846
16837 0.0153846
16562 0.0153846
16281 0.0153846
15309 0.0153846
15132 0.0153846
10350 0.0153846
9707 0.0153846
7590 0.0153846
3862 0.0153846
3694 0.0153846
3014 0.0153846
865 0.0153846
495 0.0153846
172 0.0153846
39250 0.0147059
39023 0.0147059
38308 0.0147059
37476 0.0147059
35168 0.0147059
34866 0.0147059
34738 0.0147059
32922 0.0147059
32853 0.0147059
32700 0.0147059
29545 0.0147059
29079 0.0147059
28639 0.0147059
28368 0.0147059
28339 0.0147059
25464 0.0147059
25403 0.0147059
24496 0.0147059
24413 0.0147059
22634 0.0147059
21699 0.0147059
19985 0.0147059
19602 0.0147059
15903 0.0147059
12871 0.0147059
11238 0.0147059
9195 0.0147059
7682 0.0147059
7123 0.0147059
6476 0.0147059
5811 0.0147059
5399 0.0147059
4855 0.0147059
3792 0.0147059
40980 0
40979 0
40978 0
40977 0
40976 0
40975 0
40974 0
40973 0
40972 0
40971 0
40970 0
40969 0
40968 0
40967 0
40966 0
40965 0
40964 0
40963 0
40962 0
40961 0
40960 0
40959 0
40958 0
40957 0
40956 0
40955 0
40954 0
40953 0
40952 0
40951 0
40950 0
40949 0
40948 0
40947 0
40946 0
40945 0
40944 0
40943 0
40942 0
40941 0
40940 0
40939 0
40938 0
40937 0
40936 0
40935 0
40934 0
40933 0
40932 0
40931 0
40930 0
40929 0
40928 0
40927 0
40926 0
40925 0
40924 0
40923 0
40922 0
40921 0
40920 0
40919 0
40918 0
40917 0
40916 0
40915 0
40914 0
40913 0
40912 0
40911 0
40910 0
40909 0
40908 0
40907 0
40906 0
40905 0
40904 0
40903 0
40902 0
40901 0
40900 0
40899 0
40898 0
40897 0
40896 0
40895 0
40894 0
40893 0
40892 0
40891 0
40890 0
40889 0
40888 0
40887 0
40886 0
40885 0
40884 0
40883 0
40882 0
40881 0
40880 0
40879 0
40878 0
40877 0
40876 0
40875 0
40874 0
40873 0
40872 0
40871 0
40870 0
40869 0
40868 0
40867 0
40866 0
40865 0
40864 0
40863 0
40862 0
40861 0
40860 0
40859 0
40858 0
40857 0
40856 0
40855 0
40854 0
40853 0
40852 0
40851 0
40850 0
40849 0
40848 0
40847 0
40846 0
40845 0
40844 0
40843 0
40842 0
40841 0
40840 0
40839 0
40838 0
40837 0
40836 0
40835 0
40834 0
40833 0
40832 0
40831 0
40830 0
40829 0
40828 0
40827 0
40826 0
40825 0
40824 0
40823 0
40822 0
40821 0
40820 0
40819 0
40818 0
40817 0
40816 0
40815 0
40814 0
40813 0
40811 0
40810 0
40809 0
40808 0
40807 0
40806 0
40805 0
40804 0
40803 0
40802 0
40801 0
40800 0
40799 0
40798 0
40797 0
40796 0
40795 0
40794 0
40793 0
40792 0
40791 0
40790 0
40789 0
40788 0
40787 0
40786 0
40785 0
40784 0
40783 0
40782 0
40781 0
40780 0
40779 0
40778 0
40777 0
40776 0
40775 0
40774 0
40773 0
40772 0
40771 0
40770 0
40769 0
40768 0
40767 0
40766 0
40765 0
40764 0
40763 0
40761 0
40760 0
40759 0
40758 0
40757 0
40756 0
40755 0
40754 0
40753 0
40752 0
40751 0
