31301 10.2754
7708 4.22048
13464 3.21632
20974 2.38061
5368 2.03859
23317 1.71504
14544 1.58776
2867 1.33889
29997 1.14354
26750 1.14235
2249 0.99127
31921 0.916667
17634 0.840937
10737 0.812658
3567 0.80285
5691 0.756461
40969 0.75
27434 0.738849
27646 0.726984
16216 0.721465
21859 0.701151
24445 0.7
29378 0.694444
19765 0.683333
38229 0.5625
28725 0.561111
8672 0.554762
25902 0.552434
34223 0.529325
33907 0.511111
29493 0.511111
23571 0.504815
36523 0.500894
27514 0.475678
4785 0.473373
32518 0.471739
14565 0.458802
26923 0.456746
19913 0.438942
26922 0.429325
23366 0.429325
33825 0.422222
16791 0.41459
34028 0.402778
39882 0.398413
52 0.386409
10105 0.362745
14863 0.358824
4822 0.358824
34495 0.334722
37712 0.333333
15748 0.333333
13159 0.333333
2775 0.313889
19911 0.309524
24237 0.292857
11836 0.292857
13432 0.277347
12572 0.277347
23933 0.272473
16853 0.265152
363 0.265079
28959 0.259524
31986 0.258824
33566 0.25
32902 0.25
32647 0.25
28347 0.25
23843 0.25
12431 0.25
5620 0.25
1341 0.25
799 0.241363
36903 0.232143
18274 0.231111
5693 0.231111
30683 0.226874
15237 0.222269
3075 0.222182
14561 0.219048
11249 0.219048
32885 0.211905
16446 0.20914
10073 0.20914
31505 0.204762
39695 0.2
34936 0.2
17844 0.2
11780 0.2
9875 0.2
1250 0.2
22402 0.189683
26395 0.183766
28380 0.176984
2712 0.176984
22557 0.176879
30307 0.168254
18144 0.168254
32676 0.166667
31889 0.166667
31561 0.166667
27984 0.166667
27162 0.166667
22594 0.166667
13862 0.166667
10117 0.166667
7996 0.166667
2783 0.166667
1616 0.166667
11460 0.161905
18232 0.154815
2541 0.154815
14603 0.15
37940 0.143108
40912 0.142857
33944 0.142857
31195 0.142857
29108 0.142857
25349 0.142857
24825 0.142857
11645 0.142857
5035 0.142857
1069 0.142857
33578 0.139795
10423 0.139795
2982 0.136871
37176 0.13631
39027 0.134087
27337 0.134087
23193 0.130952
20966 0.130952
19589 0.130952
33068 0.126441
27425 0.126441
22215 0.126441
29977 0.125
24125 0.125
1259 0.125
29032 0.120845
27951 0.120845
22583 0.120845
16118 0.120845
7691 0.120845
13646 0.115833
919 0.115833
18890 0.113539
5663 0.113539
24475 0.112658
1091 0.112658
37797 0.111111
26612 0.111111
23954 0.111111
13742 0.111111
518 0.111111
6096 0.108737
186 0.101436
40224 0.1
33277 0.1
31882 0.1
19032 0.1
14873 0.1
14311 0.1
11738 0.1
36071 0.0969188
32873 0.0969188
29924 0.0969188
3101 0.0969188
2974 0.0969188
8508 0.0967852
2633 0.0967852
2509 0.0967852
26626 0.0909091
15515 0.0909091
7086 0.0909091
3336 0.0909091
24382 0.0844842
22560 0.0844842
20489 0.0844842
20229 0.0844842
17075 0.0844842
13422 0.0844842
8867 0.0844842
5153 0.0844842
29880 0.0833333
28508 0.0833333
18192 0.0833333
17006 0.0833333
16157 0.0833333
13598 0.0833333
11647 0.0833333
8118 0.0833333
4173 0.0833333
29443 0.0769439
38037 0.0714286
22422 0.0714286
20670 0.0714286
18039 0.0714286
17794 0.0714286
17086 0.0714286
16056 0.0714286
6817 0.0714286
5362 0.0714286
2241 0.0714286
39669 0.0666667
37608 0.0666667
34825 0.0666667
23269 0.0666667
11017 0.0666667
10730 0.0666667
9765 0.0666667
9492 0.0666667
30043 0.0650794
12490 0.0650794
7647 0.0650794
3363 0.0650794
34598 0.0625
26093 0.0625
22603 0.0625
20858 0.0625
20048 0.0625
14095 0.0625
217 0.0625
32662 0.0603175
30729 0.0603175
27892 0.0603175
25880 0.0603175
18616 0.0603175
8446 0.0603175
40808 0.0588235
40487 0.0588235
38967 0.0588235
38636 0.0588235
34095 0.0588235
26530 0.0588235
9332 0.0588235
6648 0.0588235
159 0.0588235
40017 0.0555556
38739 0.0555556
28194 0.0555556
22027 0.0555556
14001 0.0555556
13209 0.0555556
12620 0.0555556
11535 0.0555556
10756 0.0555556
9458 0.0555556
8163 0.0555556
5100 0.0555556
2838 0.0555556
39048 0.0526316
33725 0.0526316
33679 0.0526316
33330 0.0526316
30972 0.0526316
27322 0.0526316
20782 0.0526316
13410 0.0526316
4507 0.0526316
3742 0.0526316
28444 0.05
28147 0.05
31223 0.0357143
30037 0.0357143
26243 0.0357143
18770 0.0357143
11630 0.0357143
11615 0.0357143
7942 0.0357143
6886 0.0357143
5564 0.0357143
3245 0.0357143
1722 0.0357143
39029 0.0333333
22738 0.0333333
20035 0.0333333
19566 0.0333333
19396 0.0333333
18705 0.0333333
13157 0.0333333
1975 0.0333333
32797 0.0294118
23154 0.0294118
22226 0.0294118
19243 0.0294118
10731 0.0294118
3025 0.0294118
40869 0.0293249
40766 0.0293249
38684 0.0293249
36996 0.0293249
33556 0.0293249
30014 0.0293249
26083 0.0293249
25508 0.0293249
17293 0.0293249
17272 0.0293249
16823 0.0293249
14535 0.0293249
12518 0.0293249
11945 0.0293249
10980 0.0293249
9718 0.0293249
9068 0.0293249
4552 0.0293249
3494 0.0293249
3120 0.0293249
777 0.0293249
40759 0.0285714
37081 0.0285714
36991 0.0285714
35602 0.0285714
34611 0.0285714
33291 0.0285714
33084 0.0285714
30121 0.0285714
28323 0.0285714
27844 0.0285714
26401 0.0285714
24649 0.0285714
16120 0.0285714
15451 0.0285714
13435 0.0285714
10953 0.0285714
8521 0.0285714
6585 0.0285714
4405 0.0285714
1295 0.0285714
39989 0.0222222
36051 0.0222222
35101 0.0222222
34529 0.0222222
33189 0.0222222
32921 0.0222222
32529 0.0222222
28701 0.0222222
26159 0.0222222
24700 0.0222222
23658 0.0222222
18804 0.0222222
16467 0.0222222
15568 0.0222222
14632 0.0222222
13795 0.0222222
10602 0.0222222
8589 0.0222222
4943 0.0222222
1267 0.0222222
40970 0.0217391
39528 0.0217391
39242 0.0217391
34433 0.0217391
33185 0.0217391
30823 0.0217391
30140 0.0217391
27963 0.0217391
25057 0.0217391
22831 0.0217391
21170 0.0217391
17715 0.0217391
17438 0.0217391
11170 0.0217391
10923 0.0217391
10686 0.0217391
9773 0.0217391
9456 0.0217391
8786 0.0217391
1313 0.0217391
939 0.0217391
40274 0.0126582
39843 0.0126582
35944 0.0126582
35578 0.0126582
30269 0.0126582
29286 0.0126582
27886 0.0126582
25750 0.0126582
25379 0.0126582
23551 0.0126582
21983 0.0126582
21026 0.0126582
16915 0.0126582
14377 0.0126582
9487 0.0126582
7723 0.0126582
6815 0.0126582
4369 0.0126582
2289 0.0126582
128 0.0126582
40737 0.00952381
39743 0.00952381
39191 0.00952381
36046 0.00952381
35683 0.00952381
35455 0.00952381
32122 0.00952381
31041 0.00952381
30760 0.00952381
30611 0.00952381
27180 0.00952381
26299 0.00952381
26015 0.00952381
25725 0.00952381
25543 0.00952381
24796 0.00952381
24756 0.00952381
23849 0.00952381
21097 0.00952381
20546 0.00952381
19857 0.00952381
19786 0.00952381
18567 0.00952381
17180 0.00952381
17177 0.00952381
15446 0.00952381
14923 0.00952381
14746 0.00952381
14466 0.00952381
14007 0.00952381
13820 0.00952381
13264 0.00952381
12183 0.00952381
11061 0.00952381
10057 0.00952381
9200 0.00952381
9157 0.00952381
7411 0.00952381
3434 0.00952381
3112 0.00952381
2851 0.00952381
1391 0.00952381
1288 0.00952381
1210 0.00952381
979 0.00952381
40829 0.00714286
39923 0.00714286
39374 0.00714286
38641 0.00714286
38073 0.00714286
36746 0.00714286
35879 0.00714286
35359 0.00714286
35330 0.00714286
33438 0.00714286
33383 0.00714286
33331 0.00714286
33167 0.00714286
32862 0.00714286
32806 0.00714286
31933 0.00714286
31839 0.00714286
31735 0.00714286
30462 0.00714286
30167 0.00714286
29828 0.00714286
29332 0.00714286
28257 0.00714286
27915 0.00714286
27139 0.00714286
26607 0.00714286
25837 0.00714286
24684 0.00714286
24441 0.00714286
24335 0.00714286
23306 0.00714286
22897 0.00714286
22046 0.00714286
21495 0.00714286
21345 0.00714286
20684 0.00714286
20597 0.00714286
20458 0.00714286
20359 0.00714286
17622 0.00714286
17352 0.00714286
16710 0.00714286
16659 0.00714286
15953 0.00714286
15637 0.00714286
15086 0.00714286
14779 0.00714286
14574 0.00714286
14307 0.00714286
14264 0.00714286
14228 0.00714286
14048 0.00714286
13935 0.00714286
13588 0.00714286
13541 0.00714286
11443 0.00714286
11233 0.00714286
11116 0.00714286
10880 0.00714286
10844 0.00714286
10472 0.00714286
9966 0.00714286
9593 0.00714286
8870 0.00714286
8725 0.00714286
8238 0.00714286
