18328 98.6738
19032 16.7579
31301 13.9919
865 12.5622
26370 9.6871
39872 8.50392
9121 6.80254
19742 6.1954
10257 5.15333
8672 4.4731
1180 4.31572
23843 4.03931
37711 3.73864
1508 3.44541
24340 3.40549
22594 3.24894
11118 2.94149
34152 2.80598
38196 2.4231
22337 2.35915
27357 2.33799
13879 2.27895
27799 1.87721
38982 1.83935
29777 1.83432
24825 1.75612
37048 1.73842
2885 1.71458
6262 1.67821
31806 1.49635
6440 1.48104
14964 1.41072
34825 1.33269
27934 1.29149
4477 1.2745
31329 1.26989
36734 1.26471
34768 1.19456
34637 1.18317
33297 1.16054
20136 1.14276
34762 1.07012
35585 1.05115
15778 1.04225
29997 1.02549
32885 0.940841
4998 0.920635
5234 0.903057
6651 0.836905
7708 0.819048
543 0.782667
32620 0.772909
31428 0.740278
363 0.698506
27514 0.691667
40136 0.683117
38227 0.656548
13194 0.611111
7691 0.602473
24812 0.587879
10423 0.579978
9362 0.579978
25016 0.575
20845 0.567045
20347 0.567045
35834 0.559749
18304 0.559749
7983 0.559749
8903 0.55912
16789 0.541949
32570 0.509524
29093 0.509524
18950 0.502632
35734 0.49401
10761 0.489069
5633 0.46399
38936 0.459111
34145 0.451761
28132 0.425922
39110 0.42487
18956 0.407576
31283 0.400433
2249 0.400433
22228 0.395833
31893 0.390768
30684 0.379701
33314 0.362338
14603 0.360142
3936 0.35873
20167 0.348485
31409 0.341667
2560 0.340838
1975 0.339286
9665 0.337879
18777 0.334524
9539 0.334524
39791 0.329619
36952 0.329619
18119 0.329619
878 0.32702
18524 0.324675
31324 0.316768
28290 0.3
14265 0.299242
4192 0.296212
6815 0.291361
26616 0.291266
8369 0.291209
16535 0.278822
30467 0.277778
5914 0.273611
28345 0.272918
25780 0.272918
7024 0.264181
37179 0.261111
38906 0.250445
30916 0.250445
25155 0.250445
4113 0.250445
36395 0.25
35253 0.25
34321 0.25
34116 0.25
27509 0.25
19125 0.25
14672 0.25
12686 0.25
12243 0.25
9846 0.25
9810 0.25
7145 0.25
5823 0.25
28380 0.24512
40880 0.244444
31354 0.238095
16652 0.236742
12466 0.234367
29709 0.232632
26750 0.232632
22795 0.230736
36293 0.229004
16081 0.229004
19800 0.224242
14690 0.224242
10523 0.222744
6798 0.222744
39781 0.219048
36795 0.217262
30457 0.217262
27595 0.217262
30793 0.216399
21341 0.209543
18788 0.205795
39812 0.205556
29934 0.2
29589 0.2
28281 0.2
27895 0.2
27149 0.2
20574 0.2
16056 0.2
13916 0.2
10520 0.2
4646 0.2
2831 0.2
1851 0.2
989 0.2
432 0.2
18866 0.198247
5693 0.197619
26283 0.195594
6320 0.195594
11275 0.185256
36289 0.174572
26011 0.174572
8638 0.174572
7496 0.174572
40109 0.166667
32774 0.166667
27334 0.166667
25462 0.166667
25129 0.166667
18007 0.166667
13646 0.166667
13043 0.166667
11182 0.166667
11038 0.166667
3210 0.166667
2869 0.166667
24002 0.156944
35307 0.15
23250 0.15
20181 0.15
38844 0.147076
6563 0.147076
11013 0.145455
5691 0.145455
2744 0.145455
15768 0.143969
29852 0.143873
22405 0.143873
21703 0.143873
39379 0.142857
33847 0.142857
30668 0.142857
25083 0.142857
21859 0.142857
20885 0.142857
20250 0.142857
18217 0.142857
16012 0.142857
15755 0.142857
15603 0.142857
11231 0.142857
10602 0.142857
10480 0.142857
10100 0.142857
9689 0.142857
6710 0.142857
6677 0.142857
6181 0.142857
1337 0.142857
590 0.142857
17634 0.142342
39962 0.141629
9197 0.141629
830 0.141629
32888 0.138474
1026 0.138474
7894 0.138176
1427 0.138176
24590 0.137879
17539 0.137879
14249 0.134499
36778 0.133333
36633 0.133333
33153 0.133333
13115 0.132353
10010 0.132353
25079 0.131376
39270 0.125
37185 0.125
36067 0.125
35979 0.125
32613 0.125
31586 0.125
23628 0.125
22297 0.125
18834 0.125
16217 0.125
15400 0.125
15317 0.125
13298 0.125
11113 0.125
8255 0.125
5974 0.125
5066 0.125
3993 0.125
3554 0.125
3237 0.125
1860 0.125
40615 0.123388
34963 0.123388
3600 0.123388
35876 0.123135
27239 0.116001
37888 0.111111
37146 0.111111
36379 0.111111
29683 0.111111
22214 0.111111
19472 0.111111
11405 0.111111
10588 0.111111
7698 0.111111
3441 0.111111
37615 0.109947
26400 0.105976
12498 0.105976
4405 0.105976
1323 0.105976
22606 0.103547
2943 0.103547
2659 0.103547
39696 0.103384
33356 0.103384
22169 0.103384
16281 0.103384
11098 0.103384
10509 0.103384
36512 0.1
32814 0.1
8730 0.1
1549 0.1
1388 0.1
10737 0.0911108
6096 0.0911108
5373 0.0911108
40928 0.0909091
38465 0.0909091
37340 0.0909091
36031 0.0909091
32052 0.0909091
23724 0.0909091
19415 0.0909091
19253 0.0909091
12145 0.0909091
1887 0.0909091
1367 0.0909091
40445 0.0833333
36895 0.0833333
35490 0.0833333
34626 0.0833333
31173 0.0833333
23366 0.0833333
22683 0.0833333
22671 0.0833333
22103 0.0833333
20477 0.0833333
15387 0.0833333
10405 0.0833333
6231 0.0833333
4981 0.0833333
4928 0.0833333
4613 0.0833333
2711 0.0833333
1318 0.0833333
30498 0.0794152
24508 0.0794152
19984 0.0794152
8453 0.0794152
495 0.0794152
38977 0.0769231
38512 0.0769231
37413 0.0769231
35063 0.0769231
34834 0.0769231
34022 0.0769231
33655 0.0769231
31669 0.0769231
27143 0.0769231
26813 0.0769231
21827 0.0769231
21171 0.0769231
17842 0.0769231
17782 0.0769231
15950 0.0769231
11281 0.0769231
32 0.0769231
25745 0.0723232
18930 0.0723232
17522 0.0723232
16696 0.0723232
11548 0.0723232
1594 0.0723232
37848 0.0714286
36963 0.0714286
36731 0.0714286
33362 0.0714286
32893 0.0714286
31152 0.0714286
31073 0.0714286
30792 0.0714286
29367 0.0714286
29013 0.0714286
22906 0.0714286
21403 0.0714286
19487 0.0714286
18011 0.0714286
17968 0.0714286
15991 0.0714286
8286 0.0714286
2663 0.0714286
855 0.0714286
808 0.0714286
39730 0.0666667
39591 0.0666667
39393 0.0666667
38843 0.0666667
36005 0.0666667
33981 0.0666667
33545 0.0666667
32058 0.0666667
31614 0.0666667
30422 0.0666667
28956 0.0666667
28253 0.0666667
26137 0.0666667
25538 0.0666667
24497 0.0666667
22711 0.0666667
22184 0.0666667
21816 0.0666667
17359 0.0666667
16947 0.0666667
15656 0.0666667
15502 0.0666667
15354 0.0666667
15351 0.0666667
12692 0.0666667
12327 0.0666667
12211 0.0666667
9987 0.0666667
7784 0.0666667
6992 0.0666667
3096 0.0666667
2982 0.0666667
852 0.0666667
40017 0.0625
28586 0.0625
24428 0.0625
24162 0.0625
23813 0.0625
22557 0.0625
19758 0.0625
15263 0.0625
13422 0.0625
8819 0.0625
3228 0.0625
3027 0.0625
40915 0.0588235
40883 0.0588235
39894 0.0588235
35004 0.0588235
33267 0.0588235
32243 0.0588235
31952 0.0588235
29996 0.0588235
28010 0.0588235
27892 0.0588235
24239 0.0588235
22514 0.0588235
22166 0.0588235
18729 0.0588235
17238 0.0588235
17184 0.0588235
9891 0.0588235
9598 0.0588235
7059 0.0588235
6489 0.0588235
5460 0.0588235
5384 0.0588235
2712 0.0588235
1880 0.0588235
1865 0.0588235
233 0.0588235
38097 0.0555556
30135 0.0555556
28837 0.0555556
27886 0.0555556
21882 0.0555556
19063 0.0555556
17577 0.0555556
12628 0.0555556
11624 0.0555556
11228 0.0555556
10923 0.0555556
9588 0.0555556
9075 0.0555556
8027 0.0555556
7578 0.0555556
6366 0.0555556
2672 0.0555556
40513 0.0526316
40066 0.0526316
28568 0.0526316
25366 0.0526316
14422 0.0526316
8531 0.0526316
3497 0.0526316
3024 0.0526316
35659 0.05
35431 0.05
31933 0.05
28952 0.05
25416 0.05
25403 0.05
23903 0.05
23337 0.05
21766 0.05
18520 0.05
17789 0.05
17312 0.05
16455 0.05
16328 0.05
15416 0.05
11091 0.05
7797 0.05
6654 0.05
5628 0.05
4730 0.05
4355 0.05
2542 0.05
556 0.05
35677 0.047619
32789 0.047619
30012 0.047619
29741 0.047619
28974 0.047619
28305 0.047619
