27799 2.33661
31589 0.966026
13766 0.920579
19867 0.846016
22594 0.845635
31564 0.747985
13654 0.745518
40890 0.726263
6579 0.582314
22088 0.557128
6319 0.548776
32279 0.548593
20230 0.533189
17917 0.499667
26398 0.490379
16806 0.489066
28855 0.45681
37305 0.43618
21105 0.432717
26854 0.404347
35766 0.401122
36875 0.354167
7202 0.333333
35317 0.321429
27721 0.319389
18964 0.319389
25826 0.30989
12985 0.292632
32544 0.292247
30504 0.287696
36400 0.284722
12569 0.283916
18138 0.283767
27166 0.265587
28229 0.255303
8427 0.25
37265 0.231203
21272 0.231203
32036 0.216726
26010 0.216726
12407 0.2
34770 0.197246
22530 0.197246
39910 0.189384
14797 0.188948
4028 0.188948
24902 0.175501
21889 0.169643
19774 0.169643
33497 0.167931
22404 0.166667
12522 0.156926
8513 0.156926
13916 0.155012
7175 0.142857
26476 0.141149
17312 0.140842
4189 0.140842
830 0.140842
39888 0.132803
11810 0.132803
32324 0.12266
30693 0.12266
32572 0.111111
31698 0.111111
31228 0.111111
23843 0.111111
10925 0.111111
9901 0.111111
8497 0.111111
2324 0.111111
40431 0.10681
31457 0.10681
24523 0.10681
22469 0.10681
20427 0.1
15834 0.1
36313 0.0931674
10196 0.0931674
8035 0.0931674
3541 0.0931674
432 0.0931674
40389 0.0909091
30476 0.0909091
17675 0.0909091
15695 0.0909091
14475 0.0909091
11034 0.0909091
9957 0.0909091
9736 0.0909091
9000 0.0909091
6067 0.0909091
3883 0.0909091
36517 0.089176
16076 0.0849029
2885 0.0849029
35706 0.0833333
31391 0.0833333
31378 0.0833333
22836 0.0833333
13635 0.0833333
7253 0.0833333
39859 0.0714286
23432 0.0714286
40525 0.0666667
27926 0.0666667
18230 0.0666667
2262 0.0666667
36732 0.0647372
34579 0.0647372
29140 0.0647372
37597 0.0625
34015 0.0625
30367 0.0625
30097 0.0625
29073 0.0625
25474 0.0625
24730 0.0625
22083 0.0625
2484 0.0625
2027 0.0625
360 0.0625
30331 0.0526316
25851 0.0526316
20516 0.0526316
19923 0.0526316
11167 0.0526316
7454 0.0526316
36934 0.0454545
21912 0.0454545
18329 0.0454545
8242 0.0454545
40173 0.04
38864 0.04
37102 0.04
35583 0.04
35178 0.04
33459 0.04
33119 0.04
30946 0.04
30417 0.04
24344 0.04
20763 0.04
20749 0.04
19284 0.04
17763 0.04
13001 0.04
11804 0.04
11266 0.04
10536 0.04
6707 0.04
6412 0.04
3713 0.04
3448 0.04
2899 0.04
2638 0.04
950 0.04
414 0.04
29923 0.0384615
29211 0.0384615
28988 0.0384615
16395 0.0384615
10210 0.0384615
8617 0.0384615
6041 0.0384615
3124 0.0384615
39387 0.0357143
38856 0.0357143
37924 0.0357143
37750 0.0357143
34835 0.0357143
34370 0.0357143
33633 0.0357143
33267 0.0357143
32620 0.0357143
30793 0.0357143
27083 0.0357143
22456 0.0357143
21005 0.0357143
18866 0.0357143
18248 0.0357143
15698 0.0357143
7536 0.0357143
3727 0.0357143
3384 0.0357143
1760 0.0357143
36787 0.0344828
36692 0.0344828
35425 0.0344828
35175 0.0344828
29626 0.0344828
27740 0.0344828
26786 0.0344828
24239 0.0344828
24137 0.0344828
21323 0.0344828
18844 0.0344828
15958 0.0344828
14858 0.0344828
7145 0.0344828
6592 0.0344828
6130 0.0344828
3068 0.0344828
2069 0.0344828
40870 0.030303
40553 0.030303
37902 0.030303
37120 0.030303
31531 0.030303
31402 0.030303
27768 0.030303
23143 0.030303
22321 0.030303
20795 0.030303
17219 0.030303
9663 0.030303
9660 0.030303
8685 0.030303
4554 0.030303
4361 0.030303
460 0.030303
36846 0.025641
35825 0.025641
35203 0.025641
34594 0.025641
33377 0.025641
28521 0.025641
27663 0.025641
22249 0.025641
21830 0.025641
19058 0.025641
16327 0.025641
15416 0.025641
10992 0.025641
10879 0.025641
5778 0.025641
785 0.025641
271 0.025641
39822 0.0243902
37944 0.0243902
37566 0.0243902
34380 0.0243902
33256 0.0243902
30425 0.0243902
29819 0.0243902
29515 0.0243902
29193 0.0243902
28407 0.0243902
26928 0.0243902
24701 0.0243902
22183 0.0243902
20448 0.0243902
16284 0.0243902
15012 0.0243902
14840 0.0243902
14757 0.0243902
13801 0.0243902
10637 0.0243902
4524 0.0243902
3438 0.0243902
1390 0.0243902
1355 0.0243902
40414 0.0147059
39658 0.0147059
39001 0.0147059
38583 0.0147059
37958 0.0147059
37502 0.0147059
37085 0.0147059
31723 0.0147059
30379 0.0147059
25689 0.0147059
25362 0.0147059
24790 0.0147059
24400 0.0147059
21186 0.0147059
21051 0.0147059
17461 0.0147059
16058 0.0147059
15642 0.0147059
15476 0.0147059
15434 0.0147059
15383 0.0147059
15056 0.0147059
14006 0.0147059
13117 0.0147059
12935 0.0147059
12708 0.0147059
11909 0.0147059
11488 0.0147059
10505 0.0147059
9616 0.0147059
8224 0.0147059
8197 0.0147059
7412 0.0147059
6807 0.0147059
6166 0.0147059
4058 0.0147059
1821 0.0147059
1610 0.0147059
832 0.0147059
428 0.0147059
40980 0
40979 0
40978 0
40977 0
40976 0
40975 0
40974 0
40973 0
40972 0
40971 0
40970 0
40969 0
40968 0
40967 0
40966 0
40965 0
40964 0
40963 0
40962 0
40961 0
40960 0
40959 0
40958 0
40957 0
40956 0
40955 0
40954 0
40953 0
40952 0
40951 0
40950 0
40949 0
40948 0
40947 0
40946 0
40945 0
40944 0
40943 0
40942 0
40941 0
40940 0
40939 0
40938 0
40937 0
40936 0
40935 0
40934 0
40933 0
40932 0
40931 0
40930 0
40929 0
40928 0
40927 0
40926 0
40925 0
40924 0
40923 0
40922 0
40921 0
40920 0
40919 0
40918 0
40917 0
40916 0
40915 0
40914 0
40913 0
40912 0
40911 0
40910 0
40909 0
40908 0
40907 0
40906 0
40905 0
40904 0
40903 0
40902 0
40901 0
40900 0
40899 0
40898 0
40897 0
40896 0
40895 0
40894 0
40893 0
40892 0
40891 0
40889 0
40888 0
40887 0
40886 0
40885 0
40884 0
40883 0
40882 0
40881 0
40880 0
40879 0
40878 0
40877 0
40876 0
40875 0
40874 0
40873 0
40872 0
40871 0
40869 0
40868 0
40867 0
40866 0
40865 0
40864 0
40863 0
40862 0
40861 0
40860 0
40859 0
40858 0
40857 0
40856 0
40855 0
40854 0
40853 0
40852 0
40851 0
40850 0
40849 0
40848 0
40847 0
40846 0
40845 0
40844 0
40843 0
40842 0
40841 0
40840 0
40839 0
40838 0
40837 0
40836 0
40835 0
40834 0
40833 0
40832 0
40831 0
40830 0
40829 0
40828 0
40827 0
40826 0
40825 0
40824 0
40823 0
40822 0
40821 0
40820 0
40819 0
40818 0
40817 0
40816 0
40815 0
40814 0
40813 0
40812 0
40811 0
40810 0
40809 0
40808 0
40807 0
40806 0
40805 0
40804 0
40803 0
40802 0
40801 0
40800 0
40799 0
40798 0
40797 0
40796 0
40795 0
40794 0
40793 0
40792 0
40791 0
40790 0
40789 0
40788 0
40787 0
40786 0
40785 0
40784 0
40783 0
40782 0
40781 0
