28776 10.6575
34488 2.55636
3578 1.80403
29438 1.71202
14163 1.5509
21015 1.51163
20698 1.44444
5842 1.4
22129 1.14538
5798 1.0759
1158 0.95313
6087 0.891866
14251 0.854992
37035 0.833333
3263 0.828947
3296 0.736544
18227 0.717133
28533 0.590909
38449 0.590909
9333 0.582686
11452 0.515485
9464 0.497619
8141 0.457609
24726 0.429164
6680 0.427778
2922 0.393749
37377 0.382609
22254 0.382609
32608 0.369935
13594 0.35
27287 0.344877
39763 0.333333
34571 0.333333
28751 0.333333
25470 0.333333
10211 0.333333
8632 0.333333
4989 0.333333
32540 0.323333
33975 0.32113
26737 0.31203
9515 0.295019
7570 0.295019
32150 0.285714
3012 0.257953
27184 0.254701
27767 0.254374
28700 0.254286
22701 0.25
21968 0.25
18115 0.25
5977 0.25
4737 0.25
2264 0.25
17245 0.233187
37802 0.21908
23005 0.21908
24005 0.213165
31120 0.211686
22162 0.211686
34395 0.201111
39156 0.2
25953 0.2
15565 0.2
9628 0.2
7783 0.2
7206 0.2
37266 0.194444
37727 0.192982
30818 0.192982
7491 0.192982
20275 0.188528
13330 0.188528
35085 0.166667
30542 0.166667
25062 0.166667
21321 0.166667
19526 0.166667
19004 0.166667
17937 0.166667
32623 0.142857
5251 0.131527
21278 0.128696
3063 0.128696
31672 0.125
11872 0.125
5231 0.125
33265 0.112797
10969 0.112797
26631 0.111111
24359 0.111111
23586 0.111111
15250 0.111111
11222 0.111111
10868 0.111111
8631 0.111111
7495 0.111111
1272 0.111111
35713 0.100575
34630 0.100575
33400 0.100575
17987 0.100575
1393 0.1
40425 0.0909091
35428 0.0909091
32011 0.0909091
22197 0.0909091
10337 0.0909091
144 0.0909091
25066 0.0833333
23970 0.0833333
23837 0.0833333
23792 0.0833333
20949 0.0833333
20278 0.0833333
40201 0.0769231
36939 0.0769231
36222 0.0769231
18648 0.0769231
16720 0.0769231
4555 0.0769231
38454 0.0666667
35025 0.0666667
13318 0.0666667
694 0.0666667
14852 0.063165
14656 0.063165
14105 0.063165
34964 0.0588235
30761 0.0588235
20863 0.0588235
18064 0.0588235
14464 0.0588235
14373 0.0588235
35950 0.0555556
34386 0.0555556
31657 0.0555556
18049 0.0555556
39024 0.0526316
30258 0.0526316
7856 0.0526316
6668 0.0526316
39976 0.05
35699 0.05
27501 0.05
24412 0.05
19731 0.05
13154 0.05
31540 0.047619
20016 0.047619
15488 0.047619
11664 0.047619
10893 0.047619
10249 0.047619
64 0.047619
34632 0.04
29182 0.04
25608 0.04
22939 0.04
21608 0.04
21059 0.04
20612 0.04
17564 0.04
15906 0.04
15572 0.04
12024 0.04
4261 0.04
3950 0.04
39744 0.0357143
34526 0.0357143
32795 0.0357143
31637 0.0357143
30699 0.0357143
4176 0.0357143
3836 0.0357143
2141 0.0357143
39141 0.0263158
38988 0.0263158
21925 0.0263158
20274 0.0263158
20262 0.0263158
11027 0.0263158
10082 0.0263158
6594 0.0263158
3679 0.0263158
88 0.0263158
40733 0.0196078
39410 0.0196078
39224 0.0196078
35878 0.0196078
35805 0.0196078
35644 0.0196078
34323 0.0196078
31521 0.0196078
27358 0.0196078
27100 0.0196078
25092 0.0196078
24774 0.0196078
22662 0.0196078
22523 0.0196078
19135 0.0196078
17643 0.0196078
15749 0.0196078
15230 0.0196078
14635 0.0196078
9630 0.0196078
5118 0.0196078
4964 0.0196078
4177 0.0196078
2498 0.0196078
1434 0.0196078
544 0.0196078
438 0.0196078
37872 0.0172414
36777 0.0172414
35545 0.0172414
34260 0.0172414
33082 0.0172414
31215 0.0172414
30111 0.0172414
25364 0.0172414
22728 0.0172414
20218 0.0172414
18901 0.0172414
17678 0.0172414
13277 0.0172414
12739 0.0172414
9953 0.0172414
9789 0.0172414
8951 0.0172414
197 0.0172414
40980 0
40979 0
40978 0
40977 0
40976 0
40975 0
40974 0
40973 0
40972 0
40971 0
40970 0
40969 0
40968 0
40967 0
40966 0
40965 0
40964 0
40963 0
40962 0
40961 0
40960 0
40959 0
40958 0
40957 0
40956 0
40955 0
40954 0
40953 0
40952 0
40951 0
40950 0
40949 0
40948 0
40947 0
40946 0
40945 0
40944 0
40943 0
40942 0
40941 0
40940 0
40939 0
40938 0
40937 0
40936 0
40935 0
40934 0
40933 0
40932 0
40931 0
40930 0
40929 0
40928 0
40927 0
40926 0
40925 0
40924 0
40923 0
40922 0
40921 0
40920 0
40919 0
40918 0
40917 0
40916 0
40915 0
40914 0
40913 0
40912 0
40911 0
40910 0
40909 0
40908 0
40907 0
40906 0
40905 0
40904 0
40903 0
40902 0
40901 0
40900 0
40899 0
40898 0
40897 0
40896 0
40895 0
40894 0
40893 0
40892 0
40891 0
40890 0
40889 0
40888 0
40887 0
40886 0
40885 0
40884 0
40883 0
40882 0
40881 0
40880 0
40879 0
40878 0
40877 0
40876 0
40875 0
40874 0
40873 0
40872 0
40871 0
40870 0
40869 0
40868 0
40867 0
40866 0
40865 0
40864 0
40863 0
40862 0
40861 0
40860 0
40859 0
40858 0
40857 0
40856 0
40855 0
40854 0
40853 0
40852 0
40851 0
40850 0
40849 0
40848 0
40847 0
40846 0
40845 0
40844 0
40843 0
40842 0
40841 0
40840 0
40839 0
40838 0
40837 0
40836 0
40835 0
40834 0
40833 0
40832 0
40831 0
40830 0
40829 0
40828 0
40827 0
40826 0
40825 0
40824 0
40823 0
40822 0
40821 0
40820 0
40819 0
40818 0
40817 0
40816 0
40815 0
40814 0
40813 0
40812 0
40811 0
40810 0
40809 0
40808 0
40807 0
40806 0
40805 0
40804 0
40803 0
40802 0
40801 0
40800 0
40799 0
40798 0
40797 0
40796 0
40795 0
40794 0
40793 0
40792 0
40791 0
40790 0
40789 0
40788 0
40787 0
40786 0
40785 0
40784 0
40783 0
40782 0
40781 0
40780 0
40779 0
40778 0
40777 0
40776 0
40775 0
40774 0
40773 0
40772 0
40771 0
40770 0
40769 0
40768 0
40767 0
40766 0
40765 0
40764 0
40763 0
40762 0
40761 0
40760 0
40759 0
40758 0
40757 0
40756 0
40755 0
40754 0
40753 0
40752 0
40751 0
40750 0
40749 0
40748 0
40747 0
40746 0
40745 0
40744 0
40743 0
40742 0
40741 0
40740 0
40739 0
40738 0
40737 0
40736 0
40735 0
40734 0
40732 0
40731 0
40730 0
40729 0
40728 0
40727 0
40726 0
40725 0
40724 0
40723 0
40722 0
40721 0
40720 0
40719 0
40718 0
40717 0
40716 0
40715 0
40714 0
40713 0
40712 0
40711 0
