11570 372.023
33664 276.342
23113 210.331
5201 151.891
40250 123.392
30765 118.358
13647 109.676
28594 105.831
31301 101.096
8594 95.6657
34488 94.0024
11732 85.0354
38284 82.3975
8786 77.7441
21859 54.5773
12181 52.4789
2425 49.2397
18861 44.705
33929 36.5998
16488 35.7793
2035 31.6067
28776 31.1938
13087 30.5052
20846 29.5667
32384 28.1874
7151 27.8666
33975 25.4587
8672 23.8029
4501 22.6612
17634 22.5152
33526 20.8396
5297 20.5132
31955 20.2543
36104 19.2155
19032 18.4671
33486 17.9418
268 17.2077
23532 16.895
10479 15.9939
1616 15.4078
9961 14.8313
30164 14.5969
3061 14.2901
30823 14.1607
1900 13.5877
17008 13.2254
25255 12.8389
34630 12.4421
9960 12.2172
5296 12.1127
25 12.0336
29082 11.7915
5094 11.7621
27191 11.2828
24127 11.2119
13039 11.1259
39650 11.0992
25853 10.6715
11962 10.1269
27799 10.1173
37160 10.0238
28947 9.81033
23456 9.47406
22925 9.27144
24961 9.26353
2106 8.95635
6326 8.9036
7495 8.80311
8616 8.78258
24783 8.74408
40883 8.63119
3250 8.47357
35846 8.33453
22050 8.29462
30000 8.23378
33120 8.14723
38602 8.03254
11495 7.94904
24465 7.76071
6782 7.49559
26653 7.43849
31440 7.43182
8291 7.30877
29038 7.28962
30108 7.12516
701 7.05948
23829 6.99702
12356 6.95952
18441 6.91461
21599 6.90602
13409 6.83628
35604 6.67412
38298 6.51055
26368 6.47668
26655 6.36995
5837 6.28817
40046 6.15211
10923 6.10791
23577 6.06531
31386 5.97894
34956 5.96076
9094 5.78308
23444 5.56071
10339 5.48784
6406 5.36755
30051 5.20758
38449 5.18598
26168 5.10649
3935 5.08333
32202 5.03159
36308 4.95623
33939 4.95075
31655 4.92309
23724 4.89544
24256 4.83155
38106 4.72619
12703 4.66905
27735 4.66667
40216 4.60704
7582 4.58571
26158 4.5122
36635 4.49048
11143 4.46347
29879 4.45142
39475 4.42543
18337 4.3
10449 4.2776
39078 4.26667
3394 4.2381
15499 4.23104
31838 4.1623
18328 4.13838
37643 4.12821
30507 4.12271
22534 4.11641
5822 4.08377
23535 4.04506
8027 3.94943
10002 3.90632
11476 3.75026
5881 3.72451
26933 3.6799
22226 3.61071
9561 3.57217
10737 3.41414
38606 3.41015
1975 3.39957
24825 3.3993
37093 3.36496
34530 3.35952
24082 3.325
2314 3.32024
17812 3.31508
52 3.31009
11047 3.29821
21234 3.29121
24576 3.2744
29694 3.24953
14671 3.19998
22849 3.16832
30962 3.14904
12715 3.13773
9665 3.09761
13622 3.09621
11069 3.04985
36579 3.01641
5214 3.01167
40454 2.9382
11401 2.9215
20144 2.92113
8697 2.90119
30206 2.87856
39542 2.86667
27024 2.86416
30002 2.85777
36469 2.84939
19344 2.84286
40290 2.82662
29926 2.82613
19651 2.82133
33096 2.7794
18322 2.75556
2261 2.74468
20262 2.73333
38559 2.71475
34768 2.6744
11980 2.6593
29232 2.63615
31509 2.54867
580 2.54329
26305 2.53333
23326 2.51667
18205 2.5065
12394 2.50195
19432 2.49834
38453 2.46974
14866 2.4626
21292 2.44633
3199 2.42144
32885 2.41615
2892 2.38333
22594 2.38261
3387 2.36631
18131 2.32811
15223 2.31703
7915 2.30535
14320 2.275
14544 2.27345
30575 2.2648
13830 2.24313
26411 2.21241
13443 2.20629
16015 2.19408
13561 2.19167
31699 2.18361
17566 2.17619
31814 2.16154
9998 2.15758
2885 2.13183
35396 2.12143
21911 2.11395
5693 2.10952
23843 2.10007
38970 2.08753
22152 2.06587
21608 2.0631
7494 2.04683
11068 2.04286
7873 2.03627
20760 2.02619
14619 2.00417
15517 1.97825
16758 1.97619
4106 1.95528
27287 1.95454
30945 1.94692
14163 1.94167
7836 1.90758
32228 1.88615
40511 1.875
10211 1.86962
30572 1.85119
11450 1.84531
19197 1.83333
2647 1.82622
5622 1.82256
34402 1.81786
21669 1.78333
16912 1.74564
14350 1.74444
27296 1.73983
32343 1.73108
32268 1.72184
31667 1.70833
27080 1.70349
28621 1.67523
14156 1.66667
27315 1.66667
30373 1.66626
6085 1.6641
18011 1.65751
2249 1.63571
8192 1.63333
4940 1.625
17791 1.61948
20951 1.61667
12212 1.61667
7953 1.59298
37711 1.58333
12368 1.55996
31443 1.55952
35950 1.54659
13778 1.54167
34825 1.53956
11027 1.49841
9240 1.49167
22950 1.48947
23905 1.47778
26033 1.4776
3114 1.47619
18833 1.42503
17536 1.41958
33197 1.40292
24057 1.4
14641 1.39597
2588 1.39549
5798 1.38258
40341 1.35574
27870 1.35417
10887 1.35101
8624 1.3318
10880 1.32619
36963 1.32197
22581 1.31791
5849 1.3
6198 1.29962
20967 1.2682
40020 1.26667
24239 1.25608
37377 1.25
5716 1.23333
10714 1.21111
23696 1.20775
40799 1.20118
18738 1.18139
4115 1.17619
29737 1.17324
31540 1.17316
13818 1.1625
32620 1.16216
30747 1.15475
33944 1.15238
36598 1.13611
18950 1.13093
3988 1.12725
27514 1.12222
13190 1.11667
20714 1.11491
24058 1.10833
7884 1.10833
12631 1.10192
987 1.08377
11757 1.08194
9476 1.05119
11222 1.04091
3158 1.02381
22085 1.02108
16977 1.01968
12826 1.01944
36237 1.00952
34389 1
11170 1
24359 0.997447
9456 0.995833
14656 0.990909
10572 0.989199
25514 0.988585
33312 0.981818
31492 0.973266
14251 0.971429
20945 0.967796
6940 0.966667
9669 0.965074
25762 0.9625
1313 0.943994
32694 0.943687
10416 0.939625
32038 0.919679
22230 0.917857
29821 0.916667
29481 0.916667
37989 0.916667
34922 0.916667
31528 0.916667
23153 0.916667
22254 0.916667
7382 0.916667
18590 0.913492
19927 0.911544
11311 0.906349
25652 0.904719
5231 0.88886
39857 0.88869
3936 0.88355
14603 0.879894
25016 0.879762
7367 0.879502
33724 0.877778
4555 0.873016
31922 0.866667
30687 0.866667
14624 0.866245
15531 0.839302
21059 0.838005
15684 0.837302
36008 0.834463
26286 0.834228
31813 0.833766
34939 0.833333
24993 0.833333
19942 0.833333
18227 0.833333
13401 0.833333
914 0.833333
15973 0.832435
5161 0.816017
26348 0.813492
4627 0.810965
20831 0.809524
2879 0.809524
33762 0.791667
30606 0.785829
34543 0.783333
29918 0.783333
29389 0.783333
25801 0.783333
22455 0.783333
20780 0.781235
27332 0.768687
16763 0.768687
32270 0.757576
35783 0.75
25217 0.75
12625 0.75
9435 0.75
7222 0.75
25400 0.75
1050 0.744877
16106 0.74359
23707 0.739881
22826 0.737238
9217 0.732013
29289 0.731548
7914 0.731548
37430 0.730505
19811 0.73047
36414 0.729167
33628 0.729167
20538 0.72619
40133 0.72619
38906 0.708333
16666 0.702957
39346 0.7
38318 0.7
31852 0.7
30420 0.7
28608 0.7
28081 0.7
26361 0.7
23327 0.7
22753 0.7
22369 0.7
14152 0.7
32933 0.673449
4560 0.673286
17312 0.668478
34148 0.666667
31271 0.666667
22984 0.666667
7292 0.665079
22490 0.658333
32686 0.65
26321 0.65
19096 0.65
9106 0.65
28883 0.642857
1879 0.625
33056 0.624242
24005 0.617838
32937 0.616667
29323 0.616667
23168 0.616667
18619 0.616667
16377 0.616667
770 0.616667
39966 0.6
23837 0.592857
17903 0.592857
6715 0.583367
29621 0.583333
20215 0.583333
4887 0.583333
15572 0.581717
22348 0.575
3530 0.571429
39408 0.566667
27960 0.566667
20888 0.566667
12078 0.566667
27767 0.559524
25445 0.558824
34433 0.552763
975 0.550297
269 0.550297
37013 0.55
19325 0.545455
38348 0.545382
38994 0.542857
6885 0.542857
22801 0.536447
9078 0.533333
2840 0.53263
22963 0.528571
20021 0.525167
5475 0.520833
9464 0.517857
18142 0.516667
22228 0.514132
23531 0.5125
26124 0.509524
14829 0.509524
11128 0.509524
2443 0.509524
24424 0.507576
10717 0.507576
12569 0.505498
17214 0.5
13043 0.494075
29788 0.49359
23243 0.49359
