37876 28.4541
28275 23.9374
20727 14.0397
12308 10.3836
22684 9.22933
25248 8.30892
878 6.80429
12310 4.27024
3907 3.71115
40004 3.45336
8995 3.3504
18147 3.04921
4713 2.95412
13108 2.84129
19032 2.76277
7113 2.62593
34555 2.47918
15965 2.35768
32321 2.05218
28347 1.782
15245 1.73384
30852 1.69683
16109 1.65065
25415 1.57184
30742 1.52665
16429 1.36925
24941 1.27495
10226 1.26412
23747 1.22517
24414 1.17895
13926 1.16421
9561 1.13274
16089 1.11378
10361 1.10452
6054 1.10388
30960 1.07645
26533 1.02009
19388 0.979243
39548 0.949784
29143 0.92549
32493 0.880357
10923 0.871255
1975 0.868347
9895 0.822655
29910 0.768051
2199 0.734718
13692 0.723886
15179 0.715638
23843 0.683126
9665 0.635229
3795 0.61125
31862 0.610256
8465 0.557377
7776 0.553654
3057 0.513998
38585 0.497076
31295 0.495408
38121 0.479334
1642 0.464655
27905 0.430444
31301 0.417816
1039 0.405128
23724 0.396825
10808 0.388224
22879 0.381667
34433 0.376847
33185 0.376847
16577 0.367881
39425 0.3625
20693 0.344298
2647 0.339396
39996 0.333333
23207 0.298186
8362 0.278409
743 0.277778
30512 0.272405
33912 0.265338
24477 0.265338
14646 0.265338
8926 0.265338
14886 0.26452
2263 0.26452
34093 0.262037
13021 0.262037
1224 0.25
21618 0.234278
2858 0.214798
31728 0.2
27103 0.2
27963 0.192632
17715 0.192632
39545 0.191399
24825 0.180665
186 0.170321
17687 0.169167
9497 0.169167
13463 0.166667
5748 0.166241
8154 0.152169
28411 0.144468
7891 0.141732
17368 0.133306
39127 0.125
35497 0.125
32885 0.125
25534 0.125
7496 0.125
3936 0.125
38423 0.123606
37001 0.123606
33355 0.123606
20910 0.123606
16648 0.123606
14737 0.123606
11670 0.123606
9412 0.111111
7994 0.111111
301 0.111111
24655 0.102452
27514 0.100932
25750 0.100932
22594 0.100932
17634 0.100932
16915 0.100932
10737 0.100932
7708 0.100932
7691 0.100932
6815 0.100932
5693 0.100932
2289 0.100932
40166 0.1
33873 0.1
10141 0.1
40530 0.0943329
40359 0.0909091
34904 0.0909091
33232 0.0909091
25220 0.0909091
21097 0.0909091
19099 0.0909091
16034 0.0909091
13979 0.0909091
10715 0.0909091
8866 0.0909091
5030 0.0909091
3494 0.0909091
39102 0.0833333
35691 0.0833333
35456 0.0833333
32494 0.0833333
11054 0.0833333
8749 0.0833333
2840 0.0833333
32879 0.0769231
16974 0.0769231
13043 0.0769231
5471 0.0769231
2604 0.0769231
31509 0.0666667
20273 0.0666667
15400 0.0666667
36397 0.0625
36176 0.0625
33342 0.0625
33122 0.0625
32468 0.0625
29162 0.0625
11209 0.0625
6589 0.0625
37935 0.0588235
8567 0.0588235
34737 0.0526316
31587 0.0526316
25656 0.0526316
25243 0.0526316
21859 0.0526316
17668 0.0526316
7249 0.0526316
39947 0.05
35346 0.05
30676 0.05
30054 0.05
27989 0.05
13157 0.05
11488 0.05
11080 0.05
110 0.05
30006 0.0416667
24229 0.0416667
19310 0.0416667
38970 0.04
34311 0.04
34167 0.04
32229 0.04
8962 0.04
30143 0.0384615
1283 0.0384615
34121 0.037037
22228 0.037037
14377 0.037037
3906 0.037037
919 0.037037
363 0.037037
52 0.037037
40340 0.0344828
37644 0.0344828
27228 0.0344828
27016 0.0344828
23154 0.0344828
23043 0.0344828
21911 0.0344828
18328 0.0344828
18047 0.0344828
16639 0.0344828
11125 0.0344828
2234 0.0344828
501 0.0344828
35476 0.0322581
32978 0.0322581
32166 0.0322581
29978 0.0322581
28036 0.0322581
22291 0.0322581
40001 0.0294118
37176 0.0294118
19243 0.0294118
18890 0.0294118
18012 0.0294118
10073 0.0294118
3382 0.0294118
2633 0.0294118
35369 0.0204082
11841 0.0204082
9862 0.0204082
7561 0.0204082
7006 0.0204082
4677 0.0204082
40980 0
40979 0
40978 0
40977 0
40976 0
40975 0
40974 0
40973 0
40972 0
40971 0
40970 0
40969 0
40968 0
40967 0
40966 0
40965 0
40964 0
40963 0
40962 0
40961 0
40960 0
40959 0
40958 0
40957 0
40956 0
40955 0
40954 0
40953 0
40952 0
40951 0
40950 0
40949 0
40948 0
40947 0
40946 0
40945 0
40944 0
40943 0
40942 0
40941 0
40940 0
40939 0
40938 0
40937 0
40936 0
40935 0
40934 0
40933 0
40932 0
40931 0
40930 0
40929 0
40928 0
40927 0
40926 0
40925 0
40924 0
40923 0
40922 0
40921 0
40920 0
40919 0
40918 0
40917 0
40916 0
40915 0
40914 0
40913 0
40912 0
40911 0
40910 0
40909 0
40908 0
40907 0
40906 0
40905 0
40904 0
40903 0
40902 0
40901 0
40900 0
40899 0
40898 0
40897 0
40896 0
40895 0
40894 0
40893 0
40892 0
40891 0
40890 0
40889 0
40888 0
40887 0
40886 0
40885 0
40884 0
40883 0
40882 0
40881 0
40880 0
40879 0
40878 0
40877 0
40876 0
40875 0
40874 0
40873 0
40872 0
40871 0
40870 0
40869 0
40868 0
40867 0
40866 0
40865 0
40864 0
40863 0
40862 0
40861 0
40860 0
40859 0
40858 0
40857 0
40856 0
40855 0
40854 0
40853 0
40852 0
40851 0
40850 0
40849 0
40848 0
40847 0
40846 0
40845 0
40844 0
40843 0
40842 0
40841 0
40840 0
40839 0
40838 0
40837 0
40836 0
40835 0
40834 0
40833 0
40832 0
40831 0
40830 0
40829 0
40828 0
40827 0
40826 0
40825 0
40824 0
40823 0
40822 0
40821 0
40820 0
40819 0
40818 0
40817 0
40816 0
40815 0
40814 0
40813 0
40812 0
40811 0
40810 0
40809 0
40808 0
40807 0
40806 0
40805 0
40804 0
40803 0
40802 0
40801 0
40800 0
40799 0
40798 0
40797 0
40796 0
40795 0
40794 0
40793 0
40792 0
40791 0
40790 0
40789 0
40788 0
40787 0
40786 0
40785 0
40784 0
40783 0
40782 0
40781 0
40780 0
40779 0
40778 0
40777 0
40776 0
40775 0
40774 0
40773 0
40772 0
40771 0
40770 0
40769 0
40768 0
40767 0
40766 0
40765 0
40764 0
40763 0
40762 0
40761 0
40760 0
40759 0
40758 0
40757 0
40756 0
40755 0
40754 0
40753 0
40752 0
40751 0
40750 0
40749 0
40748 0
40747 0
40746 0
40745 0
40744 0
40743 0
40742 0
40741 0
40740 0
40739 0
40738 0
40737 0
40736 0
40735 0
40734 0
40733 0
40732 0
40731 0
40730 0
40729 0
40728 0
40727 0
40726 0
40725 0
40724 0
40723 0
40722 0
40721 0
40720 0
40719 0
40718 0
