19608 10.056
10523 4.45279
9259 4.39256
30556 4.14946
11984 3.949
34717 3.78252
37885 3.37181
28211 2.97454
32885 2.2544
29717 2.19799
33066 2.18473
39900 1.96607
19790 1.89647
36128 1.73278
18772 1.65029
12366 1.46728
38132 1.35691
20548 1.34554
32916 1.29517
17563 1.28324
19843 1.12362
34725 1.09904
28898 1.00519
4490 0.966076
23588 0.90317
29931 0.896367
3892 0.878087
6347 0.864893
32360 0.803166
23521 0.800437
20645 0.773276
29769 0.760256
16190 0.729221
14217 0.708725
40027 0.694444
15892 0.678271
20409 0.647509
24652 0.64487
29194 0.601024
13856 0.601024
27585 0.595498
33616 0.590909
35520 0.565097
40060 0.559524
32545 0.553064
12670 0.553064
13913 0.485073
33216 0.479167
4031 0.46859
27567 0.466332
6591 0.462986
8440 0.455713
14421 0.398261
12483 0.39369
17083 0.392327
6625 0.392327
22214 0.379371
21934 0.362121
37855 0.353409
25955 0.350062
21134 0.350062
14276 0.347251
37779 0.340909
20943 0.337121
34358 0.333333
32766 0.333333
28685 0.333333
30011 0.32762
37923 0.324238
30714 0.318185
32933 0.307717
38552 0.305809
24597 0.305809
39232 0.304012
32484 0.301054
38702 0.294253
23335 0.288462
7757 0.285334
36782 0.281818
32814 0.272228
8662 0.272228
22049 0.25
12061 0.25
27862 0.249749
20808 0.249749
12466 0.249749
20008 0.245594
18788 0.245594
37236 0.240666
25584 0.216747
10825 0.216747
32160 0.213413
26339 0.207643
8934 0.197285
31079 0.174681
33613 0.166667
29448 0.166667
26675 0.166667
23621 0.166667
23241 0.166667
9442 0.158179
24485 0.142857
22652 0.133772
5457 0.125
5638 0.123801
36353 0.1203
13414 0.1203
39489 0.111111
31112 0.111111
39917 0.109965
19670 0.109965
27429 0.1
11273 0.1
3364 0.1
29096 0.0962618
9353 0.0944475
6697 0.0944475
31301 0.0913321
22058 0.0913321
8571 0.0913321
7839 0.0913321
33019 0.0909091
27511 0.0909091
17870 0.0909091
12894 0.0909091
31449 0.0666667
12795 0.0666667
6046 0.0666667
39126 0.0526316
36938 0.0526316
32715 0.0526316
29200 0.0526316
20528 0.0526316
13656 0.0526316
13080 0.0526316
4773 0.0526316
37068 0.049498
27185 0.049498
2197 0.049498
38090 0.047619
34700 0.047619
29739 0.047619
27460 0.047619
26097 0.047619
24674 0.047619
21611 0.047619
6798 0.047619
36545 0.0454545
26846 0.0454545
26756 0.0454545
23816 0.0454545
16029 0.0454545
12505 0.0454545
40386 0.0384615
19482 0.0384615
10630 0.0384615
35157 0.0344828
20019 0.0344828
10055 0.0344828
9311 0.0344828
3775 0.0344828
40713 0.0123457
40131 0.0123457
39384 0.0123457
37337 0.0123457
36474 0.0123457
31946 0.0123457
30340 0.0123457
30054 0.0123457
25717 0.0123457
25611 0.0123457
19566 0.0123457
15922 0.0123457
15592 0.0123457
12544 0.0123457
12315 0.0123457
9525 0.0123457
8261 0.0123457
6983 0.0123457
5886 0.0123457
38379 0.00684932
38315 0.00684932
37935 0.00684932
37805 0.00684932
37513 0.00684932
36430 0.00684932
36345 0.00684932
36300 0.00684932
36168 0.00684932
35356 0.00684932
35087 0.00684932
35035 0.00684932
34776 0.00684932
34670 0.00684932
34640 0.00684932
34433 0.00684932
34311 0.00684932
34167 0.00684932
33779 0.00684932
33580 0.00684932
33185 0.00684932
32628 0.00684932
31991 0.00684932
31801 0.00684932
31780 0.00684932
29497 0.00684932
29170 0.00684932
28341 0.00684932
28151 0.00684932
27963 0.00684932
27623 0.00684932
27121 0.00684932
25927 0.00684932
25490 0.00684932
25287 0.00684932
24812 0.00684932
24160 0.00684932
24140 0.00684932
23887 0.00684932
23696 0.00684932
22915 0.00684932
22527 0.00684932
22228 0.00684932
22079 0.00684932
21911 0.00684932
21434 0.00684932
20941 0.00684932
19758 0.00684932
19288 0.00684932
18318 0.00684932
18308 0.00684932
18068 0.00684932
17859 0.00684932
17715 0.00684932
16425 0.00684932
16148 0.00684932
15411 0.00684932
15216 0.00684932
15076 0.00684932
14577 0.00684932
13772 0.00684932
13763 0.00684932
13058 0.00684932
12775 0.00684932
11908 0.00684932
10947 0.00684932
10686 0.00684932
10581 0.00684932
10427 0.00684932
10425 0.00684932
10110 0.00684932
9665 0.00684932
9575 0.00684932
9561 0.00684932
9497 0.00684932
9155 0.00684932
8297 0.00684932
7794 0.00684932
6967 0.00684932
6459 0.00684932
5740 0.00684932
5641 0.00684932
5273 0.00684932
4819 0.00684932
4290 0.00684932
4257 0.00684932
4017 0.00684932
3252 0.00684932
2840 0.00684932
2772 0.00684932
2647 0.00684932
2604 0.00684932
2387 0.00684932
2320 0.00684932
2209 0.00684932
2094 0.00684932
1975 0.00684932
1741 0.00684932
1642 0.00684932
1345 0.00684932
1083 0.00684932
980 0.00684932
733 0.00684932
543 0.00684932
40980 0
40979 0
40978 0
40977 0
40976 0
40975 0
40974 0
40973 0
40972 0
40971 0
40970 0
40969 0
40968 0
40967 0
40966 0
40965 0
40964 0
40963 0
40962 0
40961 0
40960 0
40959 0
40958 0
40957 0
40956 0
40955 0
40954 0
40953 0
40952 0
40951 0
40950 0
40949 0
40948 0
40947 0
40946 0
40945 0
40944 0
40943 0
40942 0
40941 0
40940 0
40939 0
40938 0
40937 0
40936 0
40935 0
40934 0
40933 0
40932 0
40931 0
40930 0
40929 0
40928 0
40927 0
40926 0
40925 0
40924 0
40923 0
40922 0
40921 0
40920 0
40919 0
40918 0
40917 0
40916 0
40915 0
40914 0
40913 0
40912 0
40911 0
40910 0
40909 0
40908 0
40907 0
40906 0
40905 0
40904 0
40903 0
40902 0
40901 0
40900 0
40899 0
40898 0
40897 0
40896 0
40895 0
40894 0
40893 0
40892 0
40891 0
40890 0
40889 0
40888 0
40887 0
40886 0
40885 0
40884 0
40883 0
40882 0
40881 0
40880 0
40879 0
40878 0
40877 0
40876 0
40875 0
40874 0
40873 0
40872 0
40871 0
40870 0
40869 0
40868 0
40867 0
40866 0
40865 0
40864 0
40863 0
40862 0
40861 0
40860 0
40859 0
40858 0
40857 0
40856 0
40855 0
40854 0
40853 0
40852 0
40851 0
40850 0
40849 0
40848 0
40847 0
40846 0
40845 0
40844 0
40843 0
40842 0
40841 0
40840 0
40839 0
40838 0
40837 0
40836 0
40835 0
40834 0
40833 0
40832 0
40831 0
40830 0
40829 0
40828 0
40827 0
40826 0
40825 0
40824 0
40823 0
40822 0
40821 0
40820 0
40819 0
40818 0
40817 0
40816 0
40815 0
40814 0
40813 0
40812 0
40811 0
40810 0
40809 0
40808 0
40807 0
40806 0
40805 0
40804 0
40803 0
40802 0
40801 0
40800 0
40799 0
40798 0
40797 0
40796 0
40795 0
40794 0
40793 0
40792 0
40791 0
40790 0
40789 0
40788 0
40787 0
40786 0
40785 0
40784 0
40783 0
40782 0
40781 0
40780 0
40779 0
40778 0
40777 0
40776 0
40775 0
40774 0
40773 0
40772 0
40771 0
40770 0
40769 0
40768 0
40767 0
40766 0
40765 0
