987 3.05652
21587 2.97415
32050 2.69451
25701 2.21575
36923 1.74255
22594 1.40557
31753 1.19117
6026 1.02493
7510 1.01065
10812 0.996297
40834 0.845421
1194 0.769644
15188 0.680424
34037 0.677101
673 0.673274
36360 0.662419
38872 0.662256
17430 0.661803
35789 0.634281
24297 0.536229
21356 0.511962
26670 0.504786
908 0.494837
34614 0.47619
22965 0.472397
26881 0.470234
32390 0.41798
22109 0.395489
1704 0.385451
28723 0.375881
12938 0.373173
19285 0.366667
1173 0.348309
15062 0.330872
35394 0.288889
32952 0.280952
16292 0.278531
14100 0.278531
34796 0.273905
8672 0.270234
39135 0.269048
18225 0.262163
5418 0.262163
16258 0.261287
14650 0.261287
2605 0.256466
23696 0.232038
38437 0.222737
38523 0.213384
40340 0.207875
12065 0.207875
22302 0.200303
6146 0.200303
10446 0.193052
30308 0.1895
20784 0.1895
14786 0.1895
9107 0.187832
39808 0.183217
3009 0.183217
17452 0.182796
21154 0.173696
26939 0.170234
4850 0.169231
1580 0.169231
17634 0.152625
29151 0.145992
14374 0.145296
13635 0.142857
32553 0.134286
31511 0.134286
28060 0.134286
11603 0.134286
11512 0.130415
7992 0.128882
32869 0.126787
20002 0.126787
19386 0.126787
4682 0.126787
6873 0.125
27069 0.111111
12516 0.111111
15617 0.105901
6662 0.105901
2407 0.105901
51 0.105901
36958 0.103928
9735 0.101177
4253 0.101177
2110 0.101177
38992 0.0966917
30479 0.0966917
7281 0.0966917
38002 0.0909091
37924 0.0909091
40606 0.0833333
35217 0.0833333
12359 0.0833333
5534 0.0833333
5248 0.0833333
11369 0.0810256
39967 0.0769231
38126 0.0769231
37716 0.0769231
32290 0.0769231
29404 0.0769231
25424 0.0769231
5992 0.0769231
36011 0.0731028
10923 0.0731028
4998 0.0731028
27898 0.0666667
23376 0.0666667
16145 0.0666667
31342 0.0610256
29829 0.0610256
2508 0.0610256
33441 0.0600384
31334 0.0600384
24951 0.0600384
16420 0.0600384
16024 0.0600384
8642 0.0600384
2165 0.0600384
2162 0.0600384
40643 0.0588235
6837 0.0555556
34660 0.0531337
31468 0.0531337
28025 0.0531337
23936 0.0531337
18918 0.0531337
14999 0.0531337
5219 0.0531337
39115 0.0526316
34577 0.0526316
29949 0.0526316
23569 0.0526316
22712 0.0526316
15129 0.0526316
10516 0.0526316
5604 0.0526316
34806 0.0487873
21192 0.0487873
16243 0.0487873
11337 0.0487873
10241 0.0487873
7985 0.0487873
15097 0.047619
9914 0.047619
8415 0.047619
8374 0.047619
1858 0.047619
33509 0.0394065
25697 0.0394065
24743 0.0394065
23843 0.0394065
23220 0.0394065
20921 0.0394065
20703 0.0394065
16973 0.0394065
16568 0.0394065
15770 0.0394065
13311 0.0394065
8080 0.0394065
5942 0.0394065
441 0.0394065
30225 0.0357143
1974 0.0357143
36225 0.025641
35771 0.025641
33367 0.025641
33295 0.025641
31301 0.025641
21992 0.025641
21903 0.025641
21265 0.025641
19122 0.025641
13337 0.025641
12695 0.025641
12126 0.025641
10515 0.025641
8027 0.025641
7829 0.025641
4504 0.025641
3018 0.025641
2765 0.025641
40623 0.02
38543 0.02
38089 0.02
36004 0.02
32579 0.02
32215 0.02
26915 0.02
25662 0.02
23477 0.02
18609 0.02
17808 0.02
14413 0.02
13744 0.02
11879 0.02
10578 0.02
10372 0.02
8174 0.02
7101 0.02
6060 0.02
5562 0.02
1308 0.02
37263 0.016129
35391 0.016129
34443 0.016129
33008 0.016129
29994 0.016129
29436 0.016129
28068 0.016129
27894 0.016129
17890 0.016129
12175 0.016129
10428 0.016129
9665 0.016129
8915 0.016129
4905 0.016129
3991 0.016129
1687 0.016129
1183 0.016129
39464 0.0153846
39255 0.0153846
34054 0.0153846
34021 0.0153846
33914 0.0153846
33700 0.0153846
29751 0.0153846
28708 0.0153846
26279 0.0153846
24154 0.0153846
23401 0.0153846
17370 0.0153846
17361 0.0153846
13496 0.0153846
12740 0.0153846
8526 0.0153846
6604 0.0153846
6442 0.0153846
39095 0.0126582
38034 0.0126582
36188 0.0126582
35949 0.0126582
34563 0.0126582
31438 0.0126582
23345 0.0126582
6695 0.0126582
6270 0.0126582
39039 0.0113636
37516 0.0113636
35072 0.0113636
33502 0.0113636
30888 0.0113636
30467 0.0113636
30166 0.0113636
25016 0.0113636
24488 0.0113636
19926 0.0113636
19795 0.0113636
18601 0.0113636
18298 0.0113636
16686 0.0113636
15856 0.0113636
15696 0.0113636
15398 0.0113636
14821 0.0113636
9289 0.0113636
8180 0.0113636
8059 0.0113636
1168 0.0113636
40980 0
40979 0
40978 0
40977 0
40976 0
40975 0
40974 0
40973 0
40972 0
40971 0
40970 0
40969 0
40968 0
40967 0
40966 0
40965 0
40964 0
40963 0
40962 0
40961 0
40960 0
40959 0
40958 0
40957 0
40956 0
40955 0
40954 0
40953 0
40952 0
40951 0
40950 0
40949 0
40948 0
40947 0
40946 0
40945 0
40944 0
40943 0
40942 0
40941 0
40940 0
40939 0
40938 0
40937 0
40936 0
40935 0
40934 0
40933 0
40932 0
40931 0
40930 0
40929 0
40928 0
40927 0
40926 0
40925 0
40924 0
40923 0
40922 0
40921 0
40920 0
40919 0
40918 0
40917 0
40916 0
40915 0
40914 0
40913 0
40912 0
40911 0
40910 0
40909 0
40908 0
40907 0
40906 0
40905 0
40904 0
40903 0
40902 0
40901 0
40900 0
40899 0
40898 0
40897 0
40896 0
40895 0
40894 0
40893 0
40892 0
40891 0
40890 0
40889 0
40888 0
40887 0
40886 0
40885 0
40884 0
40883 0
40882 0
40881 0
40880 0
40879 0
40878 0
40877 0
40876 0
40875 0
40874 0
40873 0
40872 0
40871 0
40870 0
40869 0
40868 0
40867 0
40866 0
40865 0
40864 0
40863 0
40862 0
40861 0
40860 0
40859 0
40858 0
40857 0
40856 0
40855 0
40854 0
40853 0
40852 0
40851 0
40850 0
40849 0
40848 0
40847 0
40846 0
40845 0
40844 0
40843 0
40842 0
40841 0
40840 0
40839 0
40838 0
40837 0
40836 0
40835 0
40833 0
40832 0
40831 0
40830 0
40829 0
40828 0
40827 0
40826 0
40825 0
40824 0
40823 0
40822 0
40821 0
40820 0
40819 0
40818 0
40817 0
40816 0
40815 0
40814 0
40813 0
40812 0
40811 0
40810 0
40809 0
40808 0
40807 0
40806 0
40805 0
40804 0
40803 0
40802 0
40801 0
40800 0
40799 0
40798 0
40797 0
40796 0
40795 0
40794 0
40793 0
40792 0
40791 0
40790 0
40789 0
40788 0
40787 0
40786 0
40785 0
40784 0
40783 0
40782 0
40781 0
40780 0
40779 0
40778 0
40777 0
40776 0
40775 0
40774 0
40773 0
40772 0
40771 0
40770 0
40769 0
40768 0
40767 0
40766 0
40765 0
40764 0
40763 0
40762 0
40761 0
40760 0
40759 0
40758 0
40757 0
40756 0
40755 0
40754 0
