28776 10.2565
14251 7.37934
34488 4.19918
20262 3.80194
11027 2.88506
1158 2.3663
21015 2.2473
31215 2.1291
37266 1.85258
35699 1.83722
4555 1.82114
23837 1.79703
34630 1.6085
7570 1.54713
3114 1.33488
33975 1.32803
552 1.30864
5798 1.28285
27006 1.23526
9333 1.1993
11915 1.15758
34065 1.10794
6088 1.09215
29178 1.08502
29438 1.05574
19211 1.03333
3012 0.992969
25735 0.956817
9960 0.953114
26631 0.896429
23168 0.856366
4989 0.849158
17987 0.813167
19096 0.806901
24630 0.786269
25341 0.713492
22254 0.706868
14656 0.703029
20275 0.694613
14163 0.691858
11452 0.68112
38449 0.675216
14464 0.670671
22471 0.633009
8202 0.624242
4917 0.602435
40681 0.587302
24548 0.566667
34399 0.559524
27767 0.535358
35405 0.533333
11456 0.527224
23648 0.511111
20067 0.502246
15064 0.501897
23018 0.457576
14830 0.455074
29986 0.451511
25494 0.443344
35713 0.439991
438 0.432627
37377 0.423383
25877 0.412566
36222 0.404715
7034 0.402381
19550 0.392857
18227 0.389799
15377 0.376406
39628 0.373611
31368 0.369481
19281 0.362037
2137 0.358766
35487 0.356431
8257 0.337562
34412 0.333333
24930 0.333333
18436 0.333333
6940 0.328571
27287 0.32406
3263 0.324024
6396 0.314286
11065 0.313312
29879 0.3125
3516 0.292897
14866 0.279304
22280 0.278604
10082 0.276574
3595 0.271645
33098 0.267408
9628 0.262338
39153 0.261905
13392 0.258873
775 0.255859
33733 0.253788
40603 0.25
37517 0.25
31214 0.25
21574 0.25
13503 0.25
216 0.25
32608 0.248932
26737 0.248932
23123 0.242063
9841 0.240132
24412 0.229132
10211 0.229126
7783 0.22873
14105 0.225251
24726 0.223338
13839 0.219048
19731 0.214815
27534 0.208173
15488 0.207175
3584 0.207175
21692 0.204769
35678 0.2
35079 0.2
34395 0.2
31325 0.2
27998 0.2
17940 0.2
15560 0.2
15007 0.2
14709 0.2
14284 0.2
8114 0.2
3306 0.2
144 0.2
28481 0.198864
9953 0.197619
36318 0.192972
38737 0.186355
22479 0.186355
12833 0.186355
3351 0.185667
31922 0.182258
5118 0.182258
12736 0.181991
11938 0.181991
3063 0.181991
11295 0.179383
40941 0.175565
23586 0.171681
18901 0.171681
39744 0.166667
35950 0.166667
31552 0.166667
29319 0.166667
27235 0.166667
23487 0.166667
21973 0.166667
21818 0.166667
13164 0.166667
3423 0.166667
2141 0.166667
107 0.166667
22913 0.165413
4176 0.165413
10636 0.164502
26689 0.151897
22939 0.151897
27184 0.150916
12242 0.146749
19381 0.14521
18575 0.14521
40816 0.142857
25887 0.142857
25772 0.142857
20530 0.142857
19276 0.142857
18067 0.142857
13102 0.142857
11222 0.142857
14017 0.142377
17896 0.138311
25092 0.136552
31007 0.136526
20218 0.134781
39937 0.131575
22669 0.125178
37864 0.125
35098 0.125
34967 0.125
32523 0.125
24292 0.125
23349 0.125
15575 0.125
14946 0.125
8951 0.125
8938 0.125
2948 0.125
19135 0.124276
3578 0.124276
23490 0.116914
35863 0.112072
27851 0.111111
15059 0.111111
4986 0.111111
8632 0.111035
32129 0.10744
35399 0.1
35374 0.1
34696 0.1
21608 0.1
12848 0.1
12089 0.1
10904 0.1
12198 0.0974114
21693 0.0953121
20716 0.0933358
20372 0.0933358
38631 0.0909091
38474 0.0909091
32066 0.0909091
29389 0.0909091
24068 0.0909091
23798 0.0909091
21220 0.0909091
13814 0.0909091
13340 0.0909091
12135 0.0909091
10615 0.0909091
6722 0.0909091
5799 0.0909091
4883 0.0909091
4786 0.0909091
3765 0.0909091
23387 0.0905331
23935 0.0836954
32540 0.0833333
31998 0.0833333
31637 0.0833333
28794 0.0833333
14065 0.0833333
13802 0.0833333
8340 0.0833333
5231 0.0833333
4816 0.0833333
4428 0.0833333
3964 0.0833333
3515 0.0833333
3396 0.0833333
1327 0.0833333
383 0.0833333
28661 0.0774683
27853 0.0774683
24673 0.0774683
21952 0.0774683
14552 0.0774683
39011 0.0769231
38978 0.0769231
37558 0.0769231
35549 0.0769231
35025 0.0769231
33970 0.0769231
28578 0.0769231
24005 0.0769231
22937 0.0769231
21702 0.0769231
10717 0.0769231
40826 0.0714286
36829 0.0714286
34671 0.0714286
34651 0.0714286
29221 0.0714286
27572 0.0714286
25594 0.0714286
22898 0.0714286
20255 0.0714286
20210 0.0714286
14852 0.0714286
10541 0.0714286
8631 0.0714286
23613 0.0666667
18272 0.0666667
14648 0.0666667
12500 0.0666667
38205 0.0625
37536 0.0625
31540 0.0625
30844 0.0625
25322 0.0625
23222 0.0625
22628 0.0625
21925 0.0625
19319 0.0625
18674 0.0625
18159 0.0625
17385 0.0625
13865 0.0625
12439 0.0625
9630 0.0625
7206 0.0625
6039 0.0625
4047 0.0625
1501 0.0625
38454 0.0588235
36498 0.0588235
32795 0.0588235
30623 0.0588235
29636 0.0588235
26285 0.0588235
14976 0.0588235
12158 0.0588235
6122 0.0588235
5063 0.0588235
694 0.0588235
34888 0.047619
30273 0.047619
29732 0.047619
25281 0.047619
25269 0.047619
25158 0.047619
23212 0.047619
20331 0.047619
15780 0.047619
15430 0.047619
14635 0.047619
14051 0.047619
12720 0.047619
1872 0.047619
972 0.047619
31370 0.0454545
31105 0.0454545
25956 0.0454545
25773 0.0454545
22746 0.0454545
18142 0.0454545
8975 0.0454545
3758 0.0454545
2050 0.0454545
1434 0.0454545
40341 0.0434783
27367 0.0434783
36786 0.037037
30642 0.037037
29885 0.037037
27285 0.037037
27200 0.037037
15475 0.037037
36179 0.0357143
31164 0.0357143
21116 0.0357143
14663 0.0357143
10506 0.0357143
8887 0.0357143
7817 0.0357143
6976 0.0357143
4429 0.0357143
4281 0.0357143
795 0.0357143
36910 0.0322581
34260 0.0322581
29182 0.0322581
26489 0.0322581
24259 0.0322581
23136 0.0322581
22197 0.0322581
17005 0.0322581
12533 0.0322581
10858 0.0322581
8553 0.0322581
3934 0.0322581
1155 0.0322581
37680 0.03125
35473 0.03125
34323 0.03125
31731 0.03125
29604 0.03125
23047 0.03125
20526 0.03125
13893 0.03125
13852 0.03125
12570 0.03125
12254 0.03125
7419 0.03125
6264 0.03125
39767 0.0285714
38709 0.0285714
38269 0.0285714
37891 0.0285714
37746 0.0285714
34861 0.0285714
23358 0.0285714
20826 0.0285714
18571 0.0285714
15458 0.0285714
14315 0.0285714
13694 0.0285714
12309 0.0285714
11296 0.0285714
8422 0.0285714
3296 0.0285714
28124 0.0263158
20274 0.0263158
19526 0.0263158
19427 0.0263158
16883 0.0263158
16210 0.0263158
14880 0.0263158
13154 0.0263158
12390 0.0263158
12120 0.0263158
9728 0.0263158
7805 0.0263158
7325 0.0263158
198 0.0263158
33285 0.025641
31436 0.025641
31042 0.025641
30893 0.025641
28935 0.025641
28915 0.025641
28285 0.025641
22861 0.025641
16899 0.025641
14836 0.025641
11045 0.025641
10239 0.025641
7012 0.025641
6321 0.025641
4840 0.025641
4688 0.025641
36964 0.0232558
36020 0.0232558
35545 0.0232558
33702 0.0232558
32335 0.0232558
30656 0.0232558
29765 0.0232558
25233 0.0232558
23460 0.0232558
21704 0.0232558
21340 0.0232558
18733 0.0232558
11581 0.0232558
11344 0.0232558
3657 0.0232558
2586 0.0232558
37303 0.0128205
37164 0.0128205
35234 0.0128205
34759 0.0128205
31967 0.0128205
31527 0.0128205
30530 0.0128205
29495 0.0128205
28981 0.0128205
28960 0.0128205
28884 0.0128205
28646 0.0128205
27996 0.0128205
26107 0.0128205
25066 0.0128205
24348 0.0128205
23416 0.0128205
22129 0.0128205
21677 0.0128205
20698 0.0128205
16730 0.0128205
15169 0.0128205
15088 0.0128205
13318 0.0128205
13277 0.0128205
12024 0.0128205
10179 0.0128205
6594 0.0128205
3617 0.0128205
1609 0.0128205
759 0.0128205
354 0.0128205
40980 0
40979 0
40978 0
40977 0
40976 0
40975 0
40974 0
40973 0
40972 0
40971 0
40970 0
40969 0
40968 0
40967 0
40966 0
40965 0
40964 0
40963 0
40962 0
40961 0
40960 0
40959 0
40958 0
40957 0
40956 0
40955 0
40954 0
40953 0
40952 0
