2885 64.1777
39962 45.6722
30793 43.9254
35063 19.7592
27799 19.3283
29077 12.3533
7889 8.07318
35734 7.6421
22711 7.31292
17312 6.5702
2869 6.52061
34156 6.19279
28424 6.16763
9197 6.00788
24239 5.38981
6992 5.28247
36239 5.09049
32620 4.8963
16047 4.40368
18866 4.31516
830 4.30888
233 4.29947
28952 4.14799
13654 3.81294
37729 3.68462
39791 3.56003
556 3.4901
16233 3.45731
21703 3.14895
24162 3.06623
16947 3.03432
4896 2.95429
32243 2.82635
13563 2.80852
20789 2.45257
5003 2.41363
12090 2.26427
39951 2.24967
2542 2.1468
12766 1.9297
23628 1.88243
7937 1.80818
17154 1.8075
34702 1.70636
34664 1.6417
33267 1.60412
21566 1.58253
10923 1.48274
7059 1.46343
32987 1.4397
23843 1.38977
27092 1.36249
19212 1.26325
36952 1.24547
17267 1.20408
22184 1.19481
21302 1.16936
22145 1.16412
6501 1.16063
2786 1.1569
29473 1.14875
28094 1.13501
38141 1.0979
33633 1.06315
11725 1.04463
29285 1.0131
27926 0.988128
23446 0.973638
15225 0.967196
4849 0.967002
32885 0.955361
38952 0.928832
12569 0.928635
12393 0.906408
38010 0.906038
35439 0.899418
6863 0.883071
18328 0.872109
18248 0.866558
37233 0.833839
6394 0.833053
35766 0.831163
18297 0.814307
37672 0.791961
28575 0.788307
1966 0.759797
17739 0.736476
5840 0.729925
33728 0.72619
35637 0.712666
1975 0.705169
4479 0.685016
36528 0.669964
20250 0.665969
12177 0.665287
19032 0.657783
35346 0.646328
7069 0.638359
15567 0.607525
26195 0.607316
30425 0.601684
4037 0.598398
8264 0.588972
1659 0.588603
31947 0.586111
29589 0.5645
33545 0.537265
4761 0.535572
4672 0.528077
9304 0.516342
19253 0.496183
15039 0.490018
35974 0.480689
12372 0.480412
32368 0.476305
7852 0.475771
14399 0.472856
6518 0.472608
2484 0.472608
21978 0.471271
14135 0.461771
26095 0.446379
22405 0.442157
16076 0.441865
1246 0.429543
18834 0.428587
15416 0.428043
23724 0.425892
19695 0.422811
23898 0.422117
28740 0.420026
20007 0.412803
23399 0.408017
543 0.405634
31301 0.403309
18282 0.386886
14138 0.384792
8672 0.380622
8836 0.379918
37948 0.374256
13297 0.370135
313 0.36859
3852 0.36623
7921 0.364674
25651 0.363149
12189 0.359926
6654 0.359117
18090 0.358319
4852 0.357143
3541 0.353333
28349 0.347782
23439 0.346475
3936 0.341106
20835 0.332556
3985 0.330759
22047 0.327164
14318 0.322917
8035 0.322494
3511 0.319444
40238 0.316667
23432 0.316621
6033 0.316271
12893 0.315499
5362 0.315018
27863 0.314894
18520 0.30212
7145 0.293276
9821 0.291341
22598 0.290476
31537 0.2903
391 0.288743
10788 0.2875
34583 0.287338
7076 0.285945
23776 0.285868
40398 0.285256
4234 0.285256
4038 0.28228
5778 0.28197
8577 0.281818
15554 0.280541
12014 0.279412
39111 0.278943
2069 0.274669
23748 0.271236
24678 0.267763
31681 0.265152
14164 0.26452
34312 0.264128
18950 0.262338
29464 0.260464
24400 0.25855
12970 0.255523
6336 0.254108
11997 0.251166
30419 0.25
2899 0.25
13670 0.2478
24505 0.247243
10791 0.24677
7708 0.243768
37340 0.243507
27649 0.241363
40204 0.238299
34543 0.237179
27837 0.236497
38001 0.233333
37342 0.226923
570 0.226522
23240 0.22406
15665 0.221725
24957 0.221187
25799 0.217936
5316 0.217262
4826 0.21684
5293 0.214444
16395 0.213516
9442 0.211994
15276 0.210256
12911 0.209802
34768 0.207576
13507 0.204754
3718 0.203099
25831 0.202652
3695 0.200388
9736 0.2
7592 0.2
5561 0.198465
36468 0.198214
28390 0.197917
10766 0.197076
37923 0.195671
21757 0.191802
35923 0.189484
40422 0.184174
38148 0.183323
8224 0.1819
18510 0.181061
31140 0.180294
31058 0.179659
29030 0.17963
22594 0.177632
37924 0.176812
8969 0.176149
34999 0.175245
6041 0.175
3940 0.173106
11811 0.171884
37502 0.171437
21889 0.170361
31240 0.169841
34034 0.167828
36961 0.166667
6298 0.164112
29852 0.162458
39947 0.161133
27989 0.161133
39637 0.159957
18119 0.15948
12661 0.158943
39992 0.158824
18796 0.158333
36313 0.155965
17277 0.155734
16723 0.153587
1610 0.152623
27900 0.151051
10169 0.150997
26803 0.148351
12245 0.148179
23448 0.145978
37518 0.14537
20977 0.144841
26375 0.142982
12458 0.142948
39671 0.142857
17566 0.142857
12935 0.142857
18601 0.141883
11113 0.141315
37546 0.140678
37113 0.138393
16745 0.138115
36968 0.137643
31184 0.135526
23218 0.13538
13916 0.131732
36400 0.131278
33518 0.130878
9247 0.130878
22228 0.127943
32814 0.125926
5693 0.125926
4076 0.125658
39990 0.125
33174 0.125
30715 0.125
21903 0.125
4695 0.125
129 0.125
630 0.124465
38583 0.121598
27208 0.121598
29401 0.120505
34645 0.119935
21813 0.119358
34209 0.119093
21000 0.119093
15255 0.119093
21341 0.116526
19967 0.114922
30054 0.111111
21199 0.111111
13937 0.111111
697 0.111111
19048 0.110991
2813 0.110991
27073 0.109639
23786 0.107268
16250 0.107268
11808 0.105099
8242 0.10194
3251 0.10194
26084 0.101867
18428 0.101867
6261 0.101501
1519 0.101335
15354 0.100808
14943 0.100272
32845 0.1
27340 0.1
763 0.0990596
11626 0.0980475
5209 0.0968131
4718 0.0967065
18356 0.0966362
22530 0.0963297
35185 0.0950971
31582 0.0914319
8412 0.0914319
40136 0.0909091
37778 0.0909091
28552 0.0909091
25304 0.0909091
20426 0.0909091
19362 0.0909091
15493 0.0909091
13995 0.0909091
11147 0.0909091
2841 0.0909091
17401 0.08923
28605 0.0890089
938 0.0884873
16298 0.0880294
30676 0.0858295
11080 0.0858295
34083 0.0839997
25885 0.0839997
23089 0.0838257
38301 0.0833333
35997 0.0833333
35848 0.0833333
33765 0.0833333
30012 0.0833333
28651 0.0833333
24028 0.0833333
23750 0.0833333
22587 0.0833333
16252 0.0833333
13203 0.0833333
10529 0.0833333
10361 0.0833333
8593 0.0833333
4551 0.0833333
3713 0.0833333
1849 0.0833333
37892 0.0832776
6979 0.082496
16001 0.0812459
16784 0.0809991
11066 0.0809991
9553 0.0789744
39037 0.0769231
37426 0.0769231
37389 0.0769231
31648 0.0769231
11844 0.0769231
8351 0.0769231
1130 0.0769231
39177 0.0758762
27127 0.0716374
6460 0.0716374
39769 0.0714286
30292 0.0714286
27740 0.0714286
26323 0.0714286
24475 0.0714286
23370 0.0714286
20605 0.0714286
20167 0.0714286
17634 0.0714286
17568 0.0714286
15718 0.0714286
12876 0.0714286
9834 0.0714286
3835 0.0714286
2597 0.0714286
2154 0.0714286
1332 0.0714286
634 0.0714286
8652 0.0696653
33452 0.0682558
5875 0.0682558
3002 0.0682558
35659 0.0676885
37496 0.0666667
34561 0.0666667
32040 0.0666667
27161 0.0666667
23769 0.0666667
22382 0.0666667
20840 0.0666667
10784 0.0666667
4058 0.0666667
32 0.0666667
36138 0.0641338
31367 0.0641338
16504 0.0641338
18033 0.0627149
34123 0.0625
30417 0.0625
24972 0.0625
19566 0.0625
17105 0.0625
13948 0.0625
6447 0.0625
33256 0.0619492
40228 0.0616251
36278 0.0616251
35317 0.0616251
22368 0.0596493
18963 0.0596493
11488 0.0596493
9901 0.0596493
6906 0.0596493
4934 0.0596493
36859 0.0588235
36292 0.0588235
34357 0.0588235
32309 0.0588235
21249 0.0588235
10912 0.0588235
3030 0.0588235
987 0.0588235
36796 0.0555556
25079 0.0555556
18999 0.0555556
15054 0.0555556
14769 0.0555556
11240 0.0555556
3645 0.0555556
15591 0.0538693
11393 0.0533426
22170 0.0533094
5036 0.0533094
1918 0.0533094
37158 0.0526316
32555 0.0526316
29033 0.0526316
23353 0.0526316
11453 0.0526316
8027 0.0526316
7536 0.0526316
6715 0.0526316
14858 0.0500352
8615 0.0500352
35029 0.05
29406 0.05
21114 0.05
20567 0.05
1973 0.05
31943 0.047619
18331 0.047619
39349 0.0454545
13646 0.0454545
8443 0.0454545
27166 0.0450525
17631 0.0450525
33028 0.0434783
31894 0.0434783
31283 0.0434783
30922 0.0434783
29143 0.0434783
28718 0.0434783
28202 0.0434783
26437 0.0434783
25344 0.0434783
24825 0.0434783
24438 0.0434783
20137 0.0434783
