34768 718.109
31964 101.536
27799 94.1709
31301 56.6553
26601 46.7342
22594 40.4036
40883 37.1804
8672 35.8134
19032 30.9579
1975 29.8376
23843 29.5777
33102 19.9667
3936 17.6665
18328 16.5191
23724 16.1711
2885 14.9567
10480 12.623
32885 12.5958
16236 12.3006
25918 12.0922
37523 11.3218
23696 10.8842
13654 10.5238
20250 8.92299
37888 8.23677
24825 7.76082
37756 7.52488
37924 7.5055
20167 7.18016
13043 7.13373
5214 6.95714
543 6.87145
878 6.79491
24239 5.66339
6131 5.23692
17312 5.2151
26069 4.99359
32296 4.97107
9196 4.85456
37778 4.78194
28988 4.68645
28552 4.62266
37505 4.52612
36313 4.52137
22530 4.38559
28158 4.26935
40890 4.13674
39791 3.88652
40065 3.67715
12522 3.60301
23462 3.55855
595 3.53333
987 3.50952
13916 3.46412
9665 3.45516
36952 3.40482
29401 3.40043
9389 3.34822
38002 3.21125
14879 3.2086
32 3.13645
25304 3.13231
35253 3.11667
27423 3.08163
27926 2.98854
35766 2.97335
8027 2.92736
30954 2.90227
613 2.86667
830 2.86057
17301 2.81154
37647 2.7454
26786 2.74036
16817 2.70708
39962 2.61374
2869 2.59167
24414 2.56766
29634 2.55073
35346 2.51873
31856 2.51408
21703 2.48827
21341 2.4675
6041 2.39702
2647 2.35278
31329 2.33714
428 2.32338
31354 2.30309
34053 2.30278
14076 2.29286
34312 2.22738
24421 2.225
38535 2.22003
22228 2.1509
10523 2.09167
14138 2.08224
40143 2.03835
25724 2.03731
4998 2.02619
36899 1.99405
17349 1.96059
18428 1.95357
20913 1.90119
34134 1.87811
7708 1.85564
33585 1.84557
30793 1.84127
35525 1.82505
16504 1.81429
2560 1.80714
18138 1.8043
29934 1.7
10923 1.677
6651 1.66918
24137 1.6559
15603 1.65
4179 1.62581
1728 1.61667
22184 1.61261
5778 1.60577
18777 1.6048
8899 1.59946
22711 1.55124
39947 1.5255
27989 1.5255
23898 1.47008
432 1.45311
18021 1.40956
21911 1.37216
24591 1.3595
5362 1.35833
13432 1.35262
16806 1.34977
35317 1.34237
6992 1.32051
11684 1.31802
4852 1.28333
33267 1.25952
8035 1.25814
25016 1.23571
25826 1.21342
6319 1.20952
31894 1.20037
6262 1.16412
23582 1.15476
14502 1.14167
39218 1.12045
19566 1.11026
9782 1.05556
39671 1.03611
3616 1.01786
37048 1.01667
31947 1.01386
11453 1.01076
30012 0.983333
21578 0.983333
18963 0.980434
30997 0.97549
16047 0.975433
20177 0.975433
19048 0.971029
25780 0.97047
15063 0.96627
31586 0.961544
5937 0.959698
865 0.958333
33545 0.953268
20928 0.950433
10210 0.941415
29901 0.931746
2781 0.927778
2118 0.916667
19472 0.914113
29081 0.911611
38887 0.910014
28010 0.898167
9561 0.896324
23218 0.89504
33377 0.893651
34825 0.8921
26181 0.891749
6715 0.89001
16947 0.889286
7055 0.889184
20373 0.886905
1659 0.886111
24894 0.880952
11080 0.880026
110 0.880026
12922 0.854437
22218 0.848413
5111 0.844246
33452 0.835119
19415 0.833333
17687 0.833333
3096 0.833333
30676 0.82815
25155 0.824057
6563 0.824057
16723 0.8125
8412 0.810985
28132 0.796737
37711 0.792857
17860 0.783333
7921 0.783333
16083 0.783333
186 0.782973
34167 0.777778
27974 0.776389
21467 0.774502
24957 0.771429
28806 0.766667
18011 0.766667
38391 0.764085
28756 0.761111
1610 0.755592
27623 0.75
4300 0.75
8088 0.75
13355 0.733333
7358 0.733333
3450 0.732937
32857 0.72619
21102 0.72619
22405 0.725565
26750 0.712897
15225 0.710581
3080 0.710119
31582 0.708868
33616 0.708333
23353 0.708333
5693 0.708333
29140 0.708281
26476 0.707576
21281 0.703968
30876 0.7
25537 0.7
25496 0.7
11462 0.7
8331 0.7
2420 0.7
14783 0.697917
13215 0.691468
14800 0.683333
21889 0.68228
17290 0.660256
34152 0.658333
2171 0.658333
32620 0.65
32732 0.642857
24240 0.642857
26095 0.642222
21075 0.642157
39743 0.619048
37973 0.617359
28094 0.616667
27393 0.616667
21772 0.616667
20523 0.616667
3954 0.616667
30419 0.612745
22088 0.611111
789 0.610878
15012 0.610333
39472 0.608135
37374 0.60609
27032 0.601786
11789 0.600433
32202 0.6
21978 0.594347
16919 0.592857
7852 0.592857
39593 0.592157
1346 0.591157
5215 0.590909
32043 0.58907
38906 0.584957
6983 0.576923
34737 0.575
40182 0.566667
16298 0.566017
11766 0.5625
17399 0.561111
37146 0.559524
25505 0.553166
19419 0.55
3940 0.543217
32690 0.541667
27714 0.541667
27033 0.541667
10665 0.541667
26743 0.540909
23290 0.531944
35637 0.531746
40342 0.527778
6863 0.527778
1957 0.527778
2027 0.525
36400 0.519974
8686 0.518021
34242 0.517857
6255 0.517857
8208 0.509524
33227 0.508824
2840 0.508824
31183 0.505574
38794 0.503968
30641 0.5
25998 0.498757
26730 0.496653
22170 0.492857
5875 0.489683
34433 0.485714
8661 0.483766
9938 0.476923
3852 0.47662
33242 0.470408
15599 0.467857
11536 0.466667
16773 0.46533
14815 0.464085
36528 0.4625
2652 0.460367
11810 0.453968
30622 0.452381
39916 0.45
37340 0.45
32420 0.45
27242 0.45
37496 0.448846
23658 0.445489
11848 0.444444
37176 0.442857
13684 0.439484
38356 0.433333
32319 0.428571
25085 0.428571
15665 0.426756
40858 0.425499
30792 0.425
26324 0.424242
9211 0.420635
12569 0.416998
22227 0.416667
26027 0.414286
30097 0.410714
26212 0.402778
3887 0.401149
40252 0.400433
38952 0.400433
21859 0.395833
37729 0.390476
2786 0.389786
37882 0.388889
16968 0.387894
15231 0.387894
4278 0.387894
16395 0.383824
7145 0.383333
5824 0.379412
333 0.375
34116 0.368347
26541 0.366667
21801 0.366667
40915 0.361458
328 0.358766
21097 0.35873
17634 0.35873
11730 0.357258
24106 0.35625
33633 0.354968
40443 0.35119
21323 0.348214
556 0.346561
14934 0.342857
33707 0.340278
22812 0.340278
22907 0.338095
34923 0.337302
34561 0.333913
40633 0.333333
40307 0.333333
40166 0.333333
39702 0.333333
38567 0.333333
37750 0.333333
34543 0.333333
33518 0.333333
33260 0.333333
32762 0.333333
32102 0.333333
29014 0.333333
28334 0.333333
28110 0.333333
26803 0.333333
25614 0.333333
24943 0.333333
24013 0.333333
22455 0.333333
21532 0.333333
21062 0.333333
19943 0.333333
18457 0.333333
16752 0.333333
16090 0.333333
15150 0.333333
14440 0.333333
14119 0.333333
13693 0.333333
12830 0.333333
9442 0.333333
8216 0.333333
6294 0.333333
6239 0.333333
4928 0.333333
106 0.333333
38608 0.327381
9907 0.327381
35925 0.326923
38335 0.326681
15769 0.32619
18883 0.326149
5933 0.325397
30847 0.325
24972 0.324675
35223 0.323608
18231 0.323608
11966 0.323608
38123 0.322222
27400 0.318521
39353 0.314322
8861 0.314322
30275 0.313131
29640 0.3125
30209 0.305195
37184 0.302518
36963 0.302518
35691 0.302518
17175 0.302518
23432 0.302413
7889 0.299537
29733 0.294444
7780 0.294444
18046 0.292157
31409 0.291667
25367 0.291667
5691 0.291667
24002 0.290476
10505 0.285014
1355 0.285014
4719 0.277675
52 0.273449
27146 0.270945
11393 0.267507
550 0.264181
30916 0.263528
17696 0.263528
16789 0.263528
30576 0.260965
22693 0.25873
2542 0.257576
25765 0.255971
21940 0.254978
37662 0.252038
8237 0.250083
40926 0.25
40296 0.25
39785 0.25
39584 0.25
39191 0.25
38316 0.25
37934 0.25
37320 0.25
36940 0.25
35297 0.25
33997 0.25
33653 0.25
33507 0.25
33280 0.25
33214 0.25
33063 0.25
30253 0.25
29882 0.25
28883 0.25
28521 0.25
28038 0.25
27223 0.25
25831 0.25
24683 0.25
22288 0.25
21332 0.25
21183 0.25
20587 0.25
20282 0.25
19590 0.25
18950 0.25
18894 0.25
18803 0.25
17515 0.25
17440 0.25
15494 0.25
