31301 4.38958
5066 4.31872
37711 4.25829
3158 3.63992
12217 2.62583
25427 1.62092
13581 1.32481
32760 1.3144
39754 1.12778
35469 1.04852
24698 1.00208
8672 0.963743
32885 0.925
10236 0.910145
37550 0.89745
4474 0.860256
13636 0.809524
3844 0.714854
11658 0.708983
12196 0.703546
28827 0.703086
33667 0.687626
12009 0.687626
39948 0.664313
12447 0.612751
24825 0.605132
13646 0.599504
3916 0.588889
26093 0.575
9083 0.52381
34095 0.503268
7598 0.495455
34883 0.493478
15161 0.4841
33856 0.48125
24962 0.433677
30972 0.428889
32843 0.427778
3936 0.425
7009 0.413684
33483 0.411995
24845 0.409562
3521 0.408333
37603 0.407308
1663 0.404589
31886 0.400433
14820 0.399032
2505 0.390909
32571 0.376623
22474 0.376166
18198 0.368687
10903 0.355832
35247 0.348384
16180 0.344298
21675 0.333333
1210 0.333333
37048 0.329365
17285 0.325765
29790 0.32549
10332 0.316667
3445 0.316667
16948 0.313312
16618 0.310145
16061 0.299034
36748 0.295455
38229 0.293478
21573 0.293478
26259 0.281046
21121 0.281046
33809 0.262222
7190 0.261111
12620 0.253788
22402 0.252778
9442 0.252778
15768 0.250514
2378 0.25049
26508 0.25
26384 0.25
24804 0.25
20175 0.25
17136 0.25
1994 0.25
6537 0.242647
29019 0.23179
8280 0.23179
738 0.224034
35617 0.216374
40912 0.211111
25476 0.211111
24125 0.207393
31581 0.200397
37220 0.2
31216 0.2
27003 0.2
21661 0.2
12179 0.2
11231 0.2
6953 0.2
4456 0.2
10261 0.195455
4157 0.193074
16983 0.187611
34894 0.184066
6378 0.17484
3692 0.17484
40743 0.17381
27789 0.173542
36102 0.166667
27600 0.166667
14368 0.166667
14366 0.166667
3142 0.166667
490 0.164044
31509 0.155556
20273 0.155556
10923 0.155556
10277 0.155556
5412 0.154583
13363 0.148133
32058 0.142857
31929 0.142857
27406 0.142857
23366 0.142857
23309 0.142857
8159 0.142857
27434 0.131501
25325 0.128122
36734 0.126984
20142 0.126984
9972 0.126984
8748 0.126984
34825 0.125
26892 0.125
22819 0.125
20740 0.125
19474 0.125
14742 0.125
4507 0.125
10419 0.124854
13307 0.1243
1655 0.1243
39565 0.123333
21737 0.122645
19589 0.122645
10737 0.122645
2792 0.122645
33941 0.114719
33492 0.114719
31331 0.111111
4406 0.111111
36106 0.1
34618 0.1
34160 0.1
15603 0.1
9500 0.1
4192 0.1
38667 0.0909091
30720 0.0909091
28680 0.0909091
14626 0.0909091
13797 0.0909091
36417 0.0833333
30288 0.0833333
29268 0.0833333
25349 0.0833333
14184 0.0833333
12990 0.0833333
9561 0.0833333
3740 0.0833333
1329 0.0833333
27081 0.0769231
9183 0.0769231
23813 0.0717262
17634 0.0717262
7708 0.0717262
40876 0.0666667
40031 0.0666667
27799 0.0666667
25543 0.0666667
25324 0.0666667
24369 0.0666667
23638 0.0666667
21556 0.0666667
20870 0.0666667
12837 0.0666667
2249 0.0666667
37176 0.0625
32850 0.0625
27425 0.0625
27022 0.0625
26750 0.0625
26088 0.0625
25379 0.0625
24335 0.0625
24213 0.0625
22502 0.0625
21983 0.0625
19185 0.0625
8027 0.0625
5608 0.0625
3494 0.0625
33883 0.0588235
17128 0.0588235
11176 0.0588235
10073 0.0588235
8244 0.0588235
7899 0.0588235
186 0.0588235
39678 0.0555556
28904 0.0555556
25060 0.0555556
23491 0.0555556
23108 0.0555556
22904 0.0555556
37983 0.0526316
27886 0.0526316
21641 0.0526316
20167 0.0526316
17428 0.0526316
13323 0.0526316
1509 0.0526316
30966 0.047619
18898 0.047619
8363 0.047619
40424 0.0454545
39807 0.0454545
39527 0.0454545
39462 0.0454545
39345 0.0454545
38145 0.0454545
36954 0.0454545
36192 0.0454545
30172 0.0454545
29269 0.0454545
26435 0.0454545
26072 0.0454545
14720 0.0454545
14708 0.0454545
8037 0.0454545
7435 0.0454545
3374 0.0454545
40268 0.0434783
40017 0.0434783
39875 0.0434783
38359 0.0434783
34207 0.0434783
33944 0.0434783
32863 0.0434783
29924 0.0434783
28358 0.0434783
27674 0.0434783
25223 0.0434783
23364 0.0434783
22732 0.0434783
18859 0.0434783
15676 0.0434783
10953 0.0434783
9296 0.0434783
5373 0.0434783
3553 0.0434783
3164 0.0434783
2791 0.0434783
2289 0.0434783
35320 0.0416667
33663 0.0416667
32876 0.0416667
31505 0.0416667
30973 0.0416667
20877 0.0416667
17160 0.0416667
1468 0.0416667
36688 0.04
32994 0.04
21550 0.04
19083 0.04
18039 0.04
16118 0.04
14201 0.04
9831 0.04
4910 0.04
1525 0.04
40051 0.03125
32972 0.03125
23380 0.03125
18333 0.03125
12204 0.03125
10078 0.03125
4690 0.03125
3999 0.03125
40966 0.0238095
37797 0.0238095
36446 0.0238095
36195 0.0238095
31126 0.0238095
29219 0.0238095
29023 0.0238095
14647 0.0238095
8941 0.0238095
7574 0.0238095
6942 0.0238095
6292 0.0238095
5529 0.0238095
1964 0.0238095
864 0.0238095
40776 0.0166667
33726 0.0166667
33389 0.0166667
31682 0.0166667
28305 0.0166667
28092 0.0166667
27475 0.0166667
25017 0.0166667
20966 0.0166667
19121 0.0166667
17999 0.0166667
15451 0.0166667
14123 0.0166667
12959 0.0166667
12212 0.0166667
10980 0.0166667
10954 0.0166667
9332 0.0166667
8580 0.0166667
7691 0.0166667
7024 0.0166667
5691 0.0166667
3749 0.0166667
2647 0.0166667
808 0.0166667
52 0.0166667
40980 0
40979 0
40978 0
40977 0
40976 0
40975 0
40974 0
40973 0
40972 0
40971 0
40970 0
40969 0
40968 0
40967 0
40965 0
40964 0
40963 0
40962 0
40961 0
40960 0
40959 0
40958 0
40957 0
40956 0
40955 0
40954 0
40953 0
40952 0
40951 0
40950 0
40949 0
40948 0
40947 0
40946 0
40945 0
40944 0
40943 0
40942 0
40941 0
40940 0
40939 0
40938 0
40937 0
40936 0
40935 0
40934 0
40933 0
40932 0
40931 0
40930 0
40929 0
40928 0
40927 0
40926 0
40925 0
40924 0
40923 0
40922 0
40921 0
40920 0
40919 0
40918 0
40917 0
40916 0
40915 0
40914 0
40913 0
40911 0
40910 0
40909 0
40908 0
40907 0
40906 0
40905 0
40904 0
40903 0
40902 0
40901 0
40900 0
40899 0
40898 0
40897 0
40896 0
40895 0
40894 0
40893 0
40892 0
40891 0
40890 0
40889 0
40888 0
40887 0
40886 0
40885 0
40884 0
40883 0
40882 0
40881 0
40880 0
40879 0
40878 0
40877 0
40875 0
40874 0
40873 0
40872 0
40871 0
40870 0
40869 0
40868 0
40867 0
40866 0
40865 0
40864 0
40863 0
40862 0
40861 0
40860 0
40859 0
40858 0
40857 0
40856 0
40855 0
40854 0
40853 0
40852 0
40851 0
40850 0
40849 0
40848 0
40847 0
40846 0
40845 0
40844 0
40843 0
40842 0
40841 0
40840 0
40839 0
40838 0
40837 0
40836 0
40835 0
40834 0
40833 0
40832 0
40831 0
40830 0
40829 0
40828 0
40827 0
40826 0
40825 0
40824 0
40823 0
40822 0
40821 0
40820 0
40819 0
40818 0
40817 0
40816 0
40815 0
40814 0
40813 0
40812 0
40811 0
40810 0
40809 0
40808 0
