13043 5.89934
5102 5.74144
29143 4.02199
8465 3.99696
6757 2.82375
16131 2.06708
10361 1.85965
15400 1.67113
8027 1.40833
40166 1.25246
24028 1.15629
32229 1.13425
20106 1.07116
34612 1.02467
39193 0.978909
31873 0.96477
19315 0.884806
26116 0.863391
20350 0.855252
34566 0.849177
15651 0.826147
2080 0.793288
40795 0.778805
39015 0.727731
38234 0.719618
33342 0.715714
39606 0.704609
12624 0.695145
17486 0.674242
12369 0.633333
4895 0.596215
14886 0.573997
29679 0.554151
2973 0.549437
27152 0.536062
11186 0.508824
18467 0.49997
8962 0.499113
8383 0.454657
10965 0.445818
9436 0.439085
22807 0.425641
26734 0.422937
18767 0.420728
1818 0.418135
15034 0.417832
37362 0.412338
10950 0.411111
40032 0.406352
25653 0.405556
30904 0.392858
4804 0.380862
33937 0.380159
25483 0.373059
16034 0.37167
12758 0.363337
38386 0.345575
12944 0.336601
24825 0.333333
21664 0.333333
9003 0.331645
31045 0.32549
35672 0.32504
8206 0.323347
29162 0.309524
19835 0.308268
8399 0.297367
13254 0.294935
36281 0.285714
1370 0.285714
34797 0.281573
15465 0.279242
24746 0.278283
1245 0.278283
16318 0.268053
28439 0.251984
35423 0.25
34321 0.25
27799 0.25
9824 0.25
4563 0.246465
38384 0.243009
16878 0.24202
1736 0.241681
35484 0.240614
32589 0.240614
21892 0.240614
32468 0.22782
22289 0.224408
30036 0.223748
27643 0.223748
26722 0.223748
7838 0.223748
19543 0.21869
29911 0.214085
30517 0.2125
28293 0.211742
17724 0.2
15490 0.2
10262 0.2
8672 0.2
1975 0.2
36480 0.194583
21629 0.194538
16009 0.173983
18130 0.172908
36648 0.166667
20727 0.166667
19032 0.166667
7405 0.166667
3342 0.1657
746 0.164009
27676 0.159701
19034 0.159701
16016 0.159701
11906 0.155952
2263 0.155952
301 0.155952
20592 0.152585
20836 0.151472
19979 0.151472
13941 0.151472
1790 0.151472
33888 0.147222
18503 0.147222
35901 0.143288
28833 0.142857
28491 0.142857
26187 0.142857
25616 0.142857
17990 0.142857
12283 0.142857
9837 0.142857
37877 0.133478
37193 0.13127
28337 0.128464
34789 0.125
30451 0.125
19900 0.125
4252 0.125
3281 0.125
33033 0.119048
30858 0.119048
29432 0.119048
10246 0.119048
16010 0.11532
164 0.11532
29571 0.114085
28781 0.114085
24759 0.114085
17368 0.114085
6071 0.114085
29202 0.111111
18946 0.111111
11253 0.111111
26148 0.1
18942 0.1
17326 0.1
14009 0.1
11868 0.1
535 0.1
22 0.1
16753 0.0987406
15548 0.0987406
33259 0.0935606
4388 0.0935606
37924 0.0909091
28202 0.0909091
18201 0.0909091
15179 0.0909091
14092 0.0909091
11999 0.0909091
9081 0.0909091
29913 0.0837494
19171 0.0837494
6187 0.0833333
13024 0.0784784
35205 0.0783772
32439 0.0783772
32079 0.0783772
28519 0.0783772
16917 0.0783772
40955 0.0666667
40054 0.0666667
19127 0.0666667
13478 0.0666667
11267 0.0666667
5841 0.0666667
18347 0.0661111
18319 0.0661111
13275 0.0661111
12995 0.0661111
256 0.0661111
36370 0.0605589
32832 0.0605589
31176 0.0605589
19945 0.0605589
19513 0.0605589
12818 0.0605589
3671 0.0605589
39460 0.0588235
39397 0.0588235
36527 0.0588235
32288 0.0588235
28077 0.0588235
11402 0.0588235
5853 0.0588235
937 0.0588235
412 0.0588235
36435 0.0555556
26455 0.0555556
24916 0.0555556
24301 0.0555556
23956 0.0555556
13305 0.0555556
11701 0.0555556
6334 0.0555556
2661 0.0555556
1871 0.0555556
35726 0.05
31301 0.05
23895 0.05
22205 0.05
17972 0.05
13899 0.05
12623 0.05
12381 0.05
3430 0.05
987 0.05
18258 0.047619
29558 0.0434783
37515 0.0416667
24969 0.0416667
21678 0.0416667
21549 0.0416667
14049 0.0416667
6483 0.0416667
40429 0.037037
29547 0.037037
20527 0.037037
19936 0.037037
19738 0.037037
6618 0.037037
6079 0.037037
40152 0.0357143
30866 0.0357143
8637 0.0357143
5613 0.0357143
31115 0.0344828
29329 0.0344828
27382 0.0344828
35038 0.025641
34279 0.025641
32742 0.025641
15570 0.025641
5585 0.025641
4288 0.025641
4160 0.025641
39945 0.0227273
33761 0.0227273
32883 0.0227273
31034 0.0227273
24534 0.0227273
22276 0.0227273
17887 0.0227273
8511 0.0227273
8149 0.0227273
7809 0.0227273
7173 0.0227273
5960 0.0227273
1729 0.0227273
36831 0.0208333
34017 0.0208333
31568 0.0208333
20320 0.0208333
10227 0.0208333
36676 0.0175439
36409 0.0175439
33514 0.0175439
32179 0.0175439
27194 0.0175439
26806 0.0175439
24705 0.0175439
18257 0.0175439
17211 0.0175439
14139 0.0175439
2143 0.0175439
39376 0.0140845
38323 0.0140845
31157 0.0140845
27634 0.0140845
21384 0.0140845
20182 0.0140845
20148 0.0140845
19969 0.0140845
10818 0.0140845
8542 0.0140845
8517 0.0140845
5042 0.0140845
3163 0.0140845
2847 0.0140845
1277 0.0140845
40980 0
40979 0
40978 0
40977 0
40976 0
40975 0
40974 0
40973 0
40972 0
40971 0
40970 0
40969 0
40968 0
40967 0
40966 0
40965 0
40964 0
40963 0
40962 0
40961 0
40960 0
40959 0
40958 0
40957 0
40956 0
40954 0
40953 0
40952 0
40951 0
40950 0
40949 0
40948 0
40947 0
40946 0
40945 0
40944 0
40943 0
40942 0
40941 0
40940 0
40939 0
40938 0
40937 0
40936 0
40935 0
40934 0
40933 0
40932 0
40931 0
40930 0
40929 0
40928 0
40927 0
40926 0
40925 0
40924 0
40923 0
40922 0
40921 0
40920 0
40919 0
40918 0
40917 0
40916 0
40915 0
40914 0
40913 0
40912 0
40911 0
40910 0
40909 0
40908 0
40907 0
40906 0
40905 0
40904 0
40903 0
40902 0
40901 0
40900 0
40899 0
40898 0
40897 0
40896 0
40895 0
40894 0
40893 0
40892 0
40891 0
40890 0
40889 0
40888 0
40887 0
40886 0
40885 0
40884 0
40883 0
40882 0
40881 0
40880 0
40879 0
40878 0
40877 0
40876 0
40875 0
40874 0
40873 0
40872 0
40871 0
40870 0
40869 0
40868 0
40867 0
40866 0
40865 0
40864 0
40863 0
40862 0
40861 0
40860 0
40859 0
40858 0
40857 0
40856 0
40855 0
40854 0
40853 0
40852 0
40851 0
40850 0
40849 0
40848 0
40847 0
40846 0
40845 0
40844 0
40843 0
40842 0
40841 0
40840 0
40839 0
40838 0
40837 0
40836 0
40835 0
40834 0
40833 0
40832 0
40831 0
40830 0
40829 0
40828 0
40827 0
40826 0
40825 0
40824 0
40823 0
40822 0
40821 0
40820 0
40819 0
40818 0
40817 0
40816 0
40815 0
40814 0
40813 0
40812 0
40811 0
40810 0
40809 0
40808 0
40807 0
40806 0
40805 0
40804 0
40803 0
40802 0
40801 0
40800 0
40799 0
40798 0
40797 0
40796 0
40794 0
40793 0
40792 0
40791 0
40790 0
40789 0
40788 0
40787 0
40786 0
40785 0
40784 0
40783 0
40782 0
40781 0
