16806 41.119
27799 33.6589
26786 30.2777
13654 28.1308
35766 27.9784
17312 27.8658
36313 24.0905
22530 18.8053
12569 18.2097
14138 17.3558
8224 15.5821
25362 12.574
24239 12.4331
21323 12.3525
35734 11.2364
21186 11.1022
14858 10.8389
5875 10.7842
13916 10.7805
2885 10.1361
40890 9.7316
24902 9.15293
21889 8.84546
4189 8.06325
33452 7.99863
36400 7.94045
3541 7.89398
5778 7.37369
35317 7.28681
9196 7.21478
830 7.20427
35825 6.90455
38608 6.71599
28855 6.16075
15562 6.0461
16787 5.77387
432 5.5589
30897 5.49416
39661 5.3387
3002 5.1866
35346 5.08199
29875 4.9676
2781 4.93708
38467 4.7606
37882 4.72625
22405 4.53939
14943 4.44103
10210 4.37988
39951 4.36262
27926 4.28494
30847 4.1299
2786 4.1153
9736 3.78138
18520 3.77195
31947 3.64891
22711 3.62194
13172 3.55926
3645 3.52442
34770 3.4295
9616 3.41235
2484 3.40719
33267 3.40144
16298 3.39142
29140 3.38604
12522 3.3831
34116 3.27666
19277 3.23883
4551 3.1939
35525 3.16884
37750 3.1566
28094 3.14398
24126 3.10347
39791 3.08997
7145 3.05638
32324 3.03452
20763 3.0098
16504 3.0061
15665 2.94757
19774 2.86952
16076 2.85594
11080 2.84576
110 2.84576
5824 2.75125
39177 2.74256
5821 2.72167
14672 2.69617
6592 2.69046
1760 2.65976
28110 2.63959
31723 2.58842
27190 2.58565
17154 2.56908
6041 2.55605
23843 2.52256
33377 2.51963
26181 2.48849
20704 2.48038
13507 2.47685
21813 2.44241
1410 2.44218
35706 2.41196
9907 2.41111
1975 2.37017
16629 2.35005
16962 2.34703
8828 2.31663
22184 2.30288
18834 2.29285
360 2.28228
30209 2.27968
14934 2.2463
18340 2.24168
32885 2.16387
15225 2.11986
24137 2.09915
38118 2.09877
26476 2.0452
37958 2.0308
14546 2.02542
37342 2.00915
27989 1.9603
2749 1.93367
4872 1.92426
6166 1.91479
4539 1.90456
33633 1.87556
22088 1.83378
35203 1.81022
6319 1.79029
39172 1.77457
31564 1.76074
31589 1.75952
39947 1.75593
14475 1.75223
1821 1.75196
8035 1.70683
12525 1.68013
25479 1.66502
12541 1.65044
3936 1.64602
11789 1.61851
349 1.61703
29211 1.60785
4934 1.60371
22594 1.59809
37374 1.59394
11410 1.5777
18208 1.56278
39671 1.5598
11488 1.55495
24678 1.55161
4994 1.53872
23370 1.51259
18328 1.49804
6140 1.48596
26574 1.46569
20286 1.46524
32620 1.45452
13927 1.4366
2027 1.40918
24400 1.40573
27863 1.4023
37305 1.39948
34768 1.39051
25474 1.38804
26854 1.3435
29237 1.32767
29634 1.32456
11909 1.32108
30676 1.31772
35978 1.30165
14797 1.29892
26832 1.28567
33796 1.28391
30693 1.27927
80 1.26826
23468 1.24698
17590 1.23643
19032 1.21627
29193 1.21525
25651 1.19853
9283 1.19708
14534 1.18085
25045 1.1787
30419 1.16025
17137 1.14053
19967 1.13849
24957 1.1351
30504 1.13247
3356 1.13104
6518 1.11844
18963 1.09147
21785 1.09083
22170 1.09011
3291 1.08932
30793 1.07983
36952 1.07741
10505 1.07171
21861 1.07061
938 1.06828
9665 1.06523
32043 1.05745
306 1.05146
8237 1.04767
9994 1.043
34123 1.03954
13669 1.02802
15276 1.0271
11626 1.01843
2877 1.01701
30425 1.00923
39472 0.998809
15383 0.994162
40342 0.980541
8412 0.97869
33256 0.978368
25659 0.961996
19327 0.960197
5209 0.949072
550 0.938842
39155 0.93467
15669 0.926164
3877 0.920569
16299 0.901111
6906 0.899165
37502 0.898659
36796 0.894086
22456 0.889423
24596 0.876556
27740 0.869433
3018 0.868849
16754 0.867816
14410 0.864021
36438 0.863636
11113 0.856386
10923 0.850572
7766 0.850336
33653 0.847024
34579 0.84439
828 0.841662
38345 0.83474
16502 0.833734
16283 0.833333
4719 0.8277
30234 0.827271
32437 0.813891
39383 0.810076
11810 0.80895
8969 0.797069
38329 0.788896
18842 0.786837
10196 0.783797
38856 0.766304
15642 0.764649
2843 0.762861
1230 0.761605
6298 0.759334
5240 0.75718
31741 0.756888
1659 0.756787
37496 0.752506
38583 0.743789
39962 0.742891
15467 0.740371
28764 0.73781
9180 0.737764
23455 0.735437
34999 0.733175
11380 0.729458
16745 0.728463
24041 0.726942
3124 0.725491
29515 0.717684
22404 0.715885
31553 0.713247
543 0.711926
21830 0.707502
37815 0.70377
22368 0.697798
3852 0.689928
14006 0.689281
860 0.684627
30883 0.683562
33052 0.683448
28739 0.675874
23696 0.673913
7536 0.673311
34565 0.669166
20093 0.6671
18329 0.66358
15416 0.658681
26794 0.656431
16395 0.65449
7807 0.654368
34923 0.645566
38558 0.644444
31509 0.643552
18844 0.640937
20007 0.635673
28478 0.634693
29073 0.634661
16655 0.63294
16097 0.628336
23446 0.62381
25505 0.623564
19379 0.622894
509 0.621637
3068 0.620246
15434 0.61978
12974 0.618193
1610 0.61804
20338 0.616667
15834 0.616667
11469 0.616667
33108 0.610958
6807 0.606924
9115 0.604133
31228 0.602724
16058 0.598942
25826 0.598388
29640 0.596493
7286 0.594817
32688 0.592857
3162 0.585934
33497 0.581117
21064 0.579439
40204 0.574537
25360 0.574044
39960 0.573642
39245 0.571596
21431 0.564248
32552 0.564238
2618 0.563129
7852 0.555441
4444 0.555008
36255 0.553913
29270 0.552281
6715 0.548377
20177 0.546932
26989 0.546104
24790 0.540877
17917 0.535938
7099 0.528197
37077 0.527778
4112 0.527778
12943 0.526328
36037 0.522872
20928 0.518626
26323 0.516685
7921 0.51433
22316 0.508333
26928 0.504762
40783 0.504707
23715 0.500653
32819 0.497619
22313 0.494444
8850 0.494048
23089 0.493631
29009 0.491667
40124 0.491464
31136 0.486243
11206 0.484967
2262 0.48058
36540 0.480328
8197 0.478862
15476 0.478342
31140 0.478232
22283 0.471803
24761 0.466667
90 0.466667
15012 0.464834
30275 0.460281
29551 0.459524
19253 0.457904
19517 0.455118
37176 0.45228
36712 0.45103
8592 0.446669
32607 0.444943
17583 0.442998
10536 0.44273
37566 0.435128
32374 0.434524
20099 0.434243
21733 0.430213
29401 0.429675
2899 0.429105
27388 0.428562
40525 0.428545
11804 0.428413
6654 0.427912
40228 0.427778
21348 0.427079
37847 0.42619
29077 0.426025
16394 0.425
34098 0.424238
22997 0.423195
11491 0.422875
5293 0.420635
6067 0.417432
23442 0.417057
4984 0.415037
18558 0.413943
5603 0.412734
27876 0.4125
20427 0.412338
21978 0.410802
32708 0.409524
23963 0.409483
9553 0.408756
25184 0.408346
38468 0.407826
2542 0.404585
34034 0.403571
19048 0.402948
22959 0.402663
18230 0.402495
19 0.401923
15489 0.398413
12451 0.395276
31894 0.394313
21586 0.39379
27208 0.391668
27395 0.390649
15239 0.390316
20840 0.388408
12377 0.388138
208 0.386878
23286 0.384496
17943 0.383824
35271 0.383333
23861 0.381262
35063 0.380952
1462 0.380469
4544 0.378788
9417 0.378735
6205 0.37719
26410 0.376623
15264 0.376623
36273 0.375018
14768 0.374167
24224 0.3641
36528 0.363895
7623 0.362761
12973 0.36262
17634 0.355878
10016 0.354762
1355 0.350898
16723 0.349733
11536 0.349206
9199 0.342857
1131 0.34239
38863 0.340909
18491 0.337048
10015 0.337048
2290 0.335372
10991 0.335073
24505 0.335009
28617 0.334499
2869 0.333538
35014 0.333333
22008 0.333333
21062 0.333333
11869 0.333333
9784 0.333333
1013 0.333333
10453 0.33193
13178 0.330128
7102 0.329857
23432 0.329326
40764 0.327643
21477 0.325641
12245 0.324242
34737 0.324229
6033 0.324176
22447 0.324096
17142 0.323551
13733 0.322938
38182 0.322639
31391 0.321429
2376 0.320276
19647 0.320178
25900 0.31813
18997 0.316587
2585 0.315904
30379 0.314827
17461 0.314706
33477 0.314286
13635 0.314165
26084 0.314011
9160 0.313492
39183 0.31339
11034 0.312594
22382 0.308616
8242 0.307526
19867 0.303927
19191 0.302679
11304 0.301498
21713 0.300595
