17566 32.2088
24993 7.81178
38611 6.19572
10945 5.2111
28594 5.10944
8472 4.47498
18783 4.01154
28658 3.86642
38444 3.76558
40452 3.65835
30939 3.43561
32530 3.2346
14829 3.13918
9078 2.73669
7105 2.65583
36275 2.6123
12703 2.57107
8529 2.43742
14660 2.39265
1649 2.33203
28046 2.10718
18611 2.02742
34488 1.96274
27017 1.87063
6747 1.70523
35647 1.59558
10438 1.56691
13551 1.55397
17232 1.52043
36296 1.47619
27315 1.46091
7655 1.4297
2391 1.42619
37369 1.3987
30752 1.27179
16875 1.26135
37640 1.2371
13426 1.22778
4181 1.18363
4268 1.13802
27543 1.07137
23505 1.05952
31984 1.02485
23622 0.927168
13439 0.916667
29485 0.895455
29879 0.886706
8092 0.873493
17167 0.860694
23140 0.770308
38818 0.752307
6023 0.75
24238 0.74359
35067 0.741923
6821 0.720916
11058 0.70202
27055 0.694444
4532 0.692002
19092 0.674979
970 0.646645
39796 0.615925
2827 0.610431
18066 0.587302
34884 0.581407
27159 0.575
16691 0.56652
10426 0.562168
37162 0.542857
34630 0.542857
1359 0.521368
25303 0.520308
2957 0.517857
33648 0.509524
4572 0.509524
37086 0.500083
22542 0.494246
7302 0.492857
33 0.490909
9960 0.485714
37377 0.483333
15516 0.479412
3049 0.47803
38023 0.47619
13352 0.464242
5001 0.45
11403 0.437408
16469 0.433333
32070 0.427632
24725 0.426923
39190 0.416667
38102 0.409524
3912 0.409524
30150 0.407576
27244 0.391667
34831 0.382576
1161 0.369884
12927 0.361111
17327 0.353409
37414 0.333333
37208 0.333333
21697 0.333333
18484 0.333333
17465 0.333333
12156 0.333333
10707 0.333333
7089 0.333333
27483 0.332576
8020 0.332576
18082 0.325779
35308 0.309524
40976 0.304525
11297 0.304167
15229 0.3029
35738 0.295489
38913 0.288743
34586 0.283971
34110 0.278557
10203 0.271368
782 0.2671
24693 0.264002
20713 0.262745
39192 0.261364
39820 0.260913
19764 0.254167
20981 0.253788
32078 0.25
26254 0.25
22234 0.25
22147 0.25
20325 0.25
12488 0.25
3248 0.25
2106 0.25
7273 0.237179
34713 0.236551
39962 0.218651
2885 0.218651
38114 0.213131
40611 0.2
38405 0.2
38320 0.2
33523 0.2
21769 0.2
7085 0.2
24750 0.183333
17374 0.183333
40566 0.181667
30837 0.181667
36305 0.177933
24337 0.171221
15646 0.171221
39543 0.166667
27616 0.166667
26983 0.166667
26505 0.166667
24588 0.166667
24202 0.166667
12487 0.166667
6494 0.166667
4207 0.166667
23492 0.160317
40134 0.160256
37735 0.159722
39839 0.142857
31922 0.142857
19833 0.142857
16757 0.142857
9018 0.142857
6223 0.142857
6040 0.142857
2555 0.142857
14470 0.137745
24883 0.125
20751 0.125
17187 0.125
17093 0.125
16538 0.125
7243 0.125
5984 0.125
5849 0.125
1188 0.125
9969 0.114866
7287 0.114866
22789 0.111111
13230 0.111111
39404 0.1
24772 0.1
10559 0.1
8766 0.1
38086 0.0933007
27748 0.0933007
2440 0.0933007
39817 0.0909091
38564 0.0909091
33759 0.0909091
31452 0.0909091
23513 0.0909091
23378 0.0909091
15944 0.0909091
14455 0.0909091
11221 0.0909091
4239 0.0909091
3712 0.0909091
38988 0.0833333
38449 0.0833333
36248 0.0833333
33984 0.0833333
30473 0.0833333
28298 0.0833333
21843 0.0833333
21015 0.0833333
14163 0.0833333
5798 0.0833333
3235 0.0833333
2602 0.0833333
1158 0.0833333
34231 0.0769231
31060 0.0769231
23576 0.0769231
22467 0.0769231
22293 0.0769231
19174 0.0769231
9055 0.0769231
7917 0.0769231
7447 0.0769231
3249 0.0769231
415 0.0769231
34156 0.0714286
32243 0.0714286
27799 0.0714286
17354 0.0714286
7889 0.0714286
713 0.0714286
38352 0.0666667
34204 0.0666667
29662 0.0666667
29114 0.0666667
28776 0.0666667
22254 0.0666667
17588 0.0666667
17118 0.0666667
14606 0.0666667
11547 0.0666667
11466 0.0666667
10936 0.0666667
598 0.0666667
40058 0.0625
38563 0.0625
37368 0.0625
8640 0.0625
2044 0.0625
27126 0.0555556
13952 0.0555556
31020 0.0526316
27455 0.0526316
26666 0.0526316
30624 0.0454545
25061 0.0454545
38046 0.0416667
28249 0.0416667
27937 0.0416667
20403 0.0416667
5409 0.0416667
4578 0.0416667
2265 0.0416667
1015 0.0416667
19864 0.04
14418 0.04
12674 0.04
12045 0.04
11736 0.04
6832 0.04
3674 0.04
1939 0.04
36167 0.0333333
22791 0.0333333
14751 0.0333333
314 0.0333333
31685 0.0294118
12293 0.0294118
11347 0.0294118
31821 0.027027
30501 0.027027
24199 0.027027
23606 0.027027
23507 0.027027
18686 0.027027
18132 0.027027
2385 0.027027
36239 0.0222222
30793 0.0222222
28932 0.0222222
20664 0.0222222
10188 0.0222222
3705 0.0222222
3701 0.0222222
2998 0.0222222
2576 0.0222222
40980 0
40979 0
40978 0
40977 0
40975 0
40974 0
40973 0
40972 0
40971 0
40970 0
40969 0
40968 0
40967 0
40966 0
40965 0
40964 0
40963 0
40962 0
40961 0
40960 0
40959 0
40958 0
40957 0
40956 0
40955 0
40954 0
40953 0
40952 0
40951 0
40950 0
40949 0
40948 0
40947 0
40946 0
40945 0
40944 0
40943 0
40942 0
40941 0
40940 0
40939 0
40938 0
40937 0
40936 0
40935 0
40934 0
40933 0
40932 0
40931 0
40930 0
40929 0
40928 0
40927 0
40926 0
40925 0
40924 0
40923 0
40922 0
40921 0
40920 0
40919 0
40918 0
40917 0
40916 0
40915 0
40914 0
40913 0
40912 0
40911 0
40910 0
40909 0
40908 0
40907 0
40906 0
40905 0
40904 0
40903 0
40902 0
40901 0
40900 0
40899 0
40898 0
40897 0
40896 0
40895 0
40894 0
40893 0
40892 0
40891 0
40890 0
40889 0
40888 0
40887 0
40886 0
40885 0
40884 0
40883 0
40882 0
40881 0
40880 0
40879 0
40878 0
40877 0
40876 0
40875 0
40874 0
40873 0
40872 0
40871 0
40870 0
40869 0
40868 0
40867 0
40866 0
40865 0
40864 0
40863 0
40862 0
40861 0
40860 0
40859 0
40858 0
40857 0
40856 0
40855 0
40854 0
40853 0
40852 0
40851 0
40850 0
40849 0
40848 0
40847 0
40846 0
40845 0
40844 0
40843 0
40842 0
40841 0
40840 0
40839 0
40838 0
40837 0
40836 0
40835 0
40834 0
40833 0
40832 0
40831 0
40830 0
40829 0
40828 0
40827 0
40826 0
40825 0
40824 0
40823 0
40822 0
40821 0
40820 0
40819 0
40818 0
40817 0
40816 0
40815 0
40814 0
40813 0
40812 0
40811 0
40810 0
40809 0
40808 0
40807 0
40806 0
40805 0
40804 0
40803 0
40802 0
40801 0
40800 0
40799 0
40798 0
40797 0
40796 0
40795 0
40794 0
40793 0
40792 0
40791 0
40790 0
40789 0
40788 0
40787 0
40786 0
40785 0
40784 0
40783 0
40782 0
40781 0
40780 0
40779 0
40778 0
