31301 37.7928
5066 11.6131
40036 9.72901
32647 9.37799
24445 6.725
3662 6.18571
25936 4.91512
33277 4.40815
7708 4.35114
9332 3.93587
19765 3.90656
24578 3.79038
13432 3.40484
2974 2.72339
2867 2.71867
2935 2.62444
16791 2.57368
19972 2.37848
11887 2.14613
16345 2.05397
32089 2.0146
21013 1.97341
30323 1.9032
31882 1.84666
12620 1.81454
25902 1.6498
20974 1.56706
14544 1.55606
13646 1.55502
17634 1.54295
40573 1.52861
18332 1.51667
31929 1.5
3158 1.43784
52 1.42112
15637 1.39908
26225 1.29167
36991 1.27778
29269 1.20304
37797 1.14487
9848 1.12619
16182 1.08452
29997 1.08333
20411 1.02702
10953 0.972836
9831 0.965476
32885 0.905495
12217 0.904762
22819 0.901166
9465 0.853546
21983 0.853382
36523 0.829624
26892 0.827331
23014 0.817972
37711 0.806206
2775 0.799743
14565 0.765916
28038 0.757576
22474 0.754124
11645 0.75
22228 0.748947
30122 0.72619
27514 0.717969
3075 0.716912
8508 0.707875
31847 0.7
20493 0.7
19124 0.667187
37317 0.65
13811 0.65
13344 0.625
37550 0.616667
24845 0.616667
14626 0.616667
23193 0.612027
10880 0.60332
29924 0.600693
3648 0.592157
32820 0.583333
29214 0.574321
17285 0.566667
9655 0.535714
25047 0.533333
16626 0.527778
39743 0.521277
33944 0.509524
13422 0.502632
7691 0.5
31986 0.499121
9846 0.497194
27886 0.495779
27646 0.492584
18328 0.488636
26750 0.488095
21774 0.486829
3521 0.486111
26260 0.485714
1022 0.485714
25416 0.475
13990 0.474727
31720 0.458333
19913 0.458333
1482 0.458333
9147 0.452381
7343 0.446078
24375 0.436335
11462 0.436335
3031 0.434524
40704 0.431428
32876 0.428571
10519 0.42734
38093 0.420635
40635 0.419524
32843 0.410256
1877 0.401681
37176 0.383568
186 0.383568
40181 0.377305
12444 0.377305
26159 0.369244
2850 0.358766
5587 0.349733
4057 0.344538
490 0.34359
36623 0.340278
7009 0.335965
34803 0.333333
33084 0.333333
32261 0.333333
29443 0.333333
27570 0.333333
27209 0.333333
26209 0.333333
24125 0.333333
23224 0.333333
21003 0.333333
11106 0.333333
8325 0.333333
3807 0.333333
3100 0.332388
34120 0.332114
22215 0.314286
23366 0.305495
40661 0.303616
4408 0.300115
30167 0.296563
10315 0.296429
28444 0.286335
363 0.283777
4406 0.272836
5691 0.268868
31999 0.26859
31505 0.267832
19119 0.258175
39616 0.253247
38540 0.25
38515 0.25
34913 0.25
31734 0.25
31581 0.25
30335 0.25
24825 0.25
22594 0.25
19758 0.25
17913 0.25
17238 0.25
15793 0.25
13706 0.25
12221 0.25
9183 0.25
6548 0.25
4864 0.25
4789 0.25
989 0.25
7284 0.248352
34244 0.243868
26395 0.243056
2633 0.239286
1427 0.235965
11658 0.233929
5723 0.227496
3363 0.224125
9200 0.221751
979 0.221751
16945 0.220791
18804 0.219481
919 0.217095
15568 0.205083
57 0.204805
3447 0.201732
2249 0.200983
33950 0.2
29474 0.2
28382 0.2
27929 0.2
27834 0.2
26789 0.2
25436 0.2
25090 0.2
24986 0.2
20129 0.2
19911 0.2
19566 0.2
14776 0.2
12196 0.2
12107 0.2
32975 0.191071
40017 0.190727
32959 0.188895
22583 0.183161
36622 0.179124
35320 0.179124
25084 0.179124
25078 0.179124
10602 0.174706
40294 0.171949
34495 0.169517
40615 0.166667
34750 0.166667
33672 0.166667
31372 0.166667
28743 0.166667
26676 0.166667
24428 0.166667
22797 0.166667
21661 0.166667
20370 0.166667
19032 0.166667
12447 0.166667
10760 0.166667
7926 0.166667
5678 0.166667
5693 0.166187
33118 0.150433
36071 0.146218
38229 0.142857
37049 0.142857
36943 0.142857
36208 0.142857
35004 0.142857
34274 0.142857
32760 0.142857
32683 0.142857
32604 0.142857
32250 0.142857
32131 0.142857
31881 0.142857
31234 0.142857
28607 0.142857
28543 0.142857
27623 0.142857
24544 0.142857
24454 0.142857
24369 0.142857
23954 0.142857
20959 0.142857
20424 0.142857
19779 0.142857
18387 0.142857
16061 0.142857
15603 0.142857
15161 0.142857
13509 0.142857
9761 0.142857
9487 0.142857
7181 0.142857
6002 0.142857
5735 0.142857
4045 0.142857
2706 0.142857
1975 0.142857
1329 0.142857
206 0.142857
30972 0.139805
39695 0.138166
22402 0.13456
8521 0.13456
32763 0.133247
6644 0.129337
16710 0.128694
2241 0.126398
35683 0.125
34825 0.125
34223 0.125
33825 0.125
33656 0.125
33556 0.125
32527 0.125
32143 0.125
30729 0.125
30569 0.125
28441 0.125
28142 0.125
24700 0.125
20556 0.125
17934 0.125
8329 0.125
6767 0.125
6365 0.125
5412 0.125
2279 0.125
1663 0.125
6744 0.121277
5205 0.118259
36051 0.116393
3112 0.113539
40969 0.111111
38259 0.111111
37042 0.111111
34804 0.111111
33883 0.111111
28760 0.111111
26361 0.111111
25944 0.111111
23553 0.111111
23167 0.111111
22990 0.111111
20953 0.111111
15086 0.111111
14502 0.111111
14445 0.111111
10245 0.111111
9966 0.111111
9379 0.111111
3615 0.111111
38636 0.107103
12518 0.10332
33069 0.100802
6815 0.100802
3906 0.100802
2549 0.100802
38535 0.1
37234 0.1
35917 0.1
31662 0.1
29493 0.1
18655 0.1
18380 0.1
17818 0.1
6623 0.1
6301 0.1
30334 0.0909091
30320 0.0909091
27844 0.0909091
24962 0.0909091
24604 0.0909091
10117 0.0909091
3863 0.0909091
2552 0.0909091
36221 0.0833333
12709 0.0833333
11615 0.0833333
1724 0.0833333
1604 0.0833333
17177 0.082688
37081 0.081429
26808 0.081429
23877 0.081429
39527 0.0769231
28827 0.0769231
27003 0.0769231
25349 0.0769231
17929 0.0769231
17672 0.0769231
14095 0.0769231
10261 0.0769231
4507 0.0769231
2838 0.0769231
518 0.0769231
40609 0.074924
27892 0.074924
21097 0.074924
14048 0.074924
37633 0.0714286
36292 0.0714286
35602 0.0714286
34883 0.0714286
30211 0.0714286
24316 0.0714286
23843 0.0714286
19325 0.0714286
19295 0.0714286
18890 0.0714286
17821 0.0714286
13984 0.0714286
7996 0.0714286
10844 0.0703531
10073 0.0703531
40829 0.0689306
25832 0.0689306
17352 0.0689306
10472 0.0689306
6823 0.0689306
37777 0.0666667
35721 0.0666667
22287 0.0666667
16118 0.0666667
8320 0.0666667
8163 0.0666667
7024 0.0666667
36912 0.0625
34355 0.0625
33679 0.0625
29331 0.0625
19342 0.0625
18039 0.0625
11990 0.0625
11958 0.0625
9557 0.0625
8935 0.0625
4489 0.0625
40808 0.0588235
35401 0.0588235
35048 0.0588235
34095 0.0588235
32873 0.0588235
31690 0.0588235
22557 0.0588235
8068 0.0588235
6609 0.0588235
3932 0.0588235
3101 0.0588235
2334 0.0588235
799 0.0588235
3042 0.0556032
187 0.0556032
36748 0.0555556
31670 0.0555556
22046 0.0555556
14615 0.0555556
2783 0.0555556
40883 0.0526316
28033 0.0526316
24571 0.0526316
1341 0.0526316
872 0.0526316
128 0.0526316
39374 0.0464076
38662 0.0464076
32862 0.0464076
24335 0.0464076
10737 0.0464076
5373 0.0464076
4552 0.0464076
2077 0.0464076
35472 0.0434783
29746 0.0357143
28480 0.0357143
39090 0.0344828
34126 0.0344828
19055 0.0344828
16823 0.0344828
13795 0.0344828
13264 0.0344828
10980 0.0344828
10851 0.0344828
8330 0.0344828
6794 0.0344828
3120 0.0344828
35020 0.0322581
31817 0.0322581
27094 0.0322581
26044 0.0322581
18274 0.0322581
15610 0.0322581
7707 0.0322581
6585 0.0322581
5663 0.0322581
3739 0.0322581
32702 0.030303
26555 0.030303
26088 0.030303
20035 0.030303
6061 0.030303
27425 0.0294118
26334 0.0294118
25837 0.0294118
24756 0.0294118
14923 0.0294118
10901 0.0294118
9068 0.0294118
8037 0.0294118
3494 0.0294118
39994 0.0285714
38133 0.0285714
37415 0.0285714
36299 0.0285714
35455 0.0285714
31357 0.0285714
30159 0.0285714
29828 0.0285714
29032 0.0285714
27366 0.0285714
26436 0.0285714
26160 0.0285714
26083 0.0285714
25083 0.0285714
24237 0.0285714
24013 0.0285714
22897 0.0285714
