27799 2.89584
35766 2.68795
2885 1.82307
592 1.06783
36400 1.05917
30793 1.04263
12834 0.980921
29923 0.921766
35317 0.884942
12569 0.684285
25367 0.615707
22594 0.605988
16076 0.589835
39962 0.545656
21889 0.457576
428 0.447619
19580 0.444363
14546 0.427203
20567 0.386402
38856 0.38109
29634 0.373966
16603 0.373966
2869 0.35979
29030 0.351724
21323 0.348729
30439 0.347032
6041 0.337302
927 0.333333
33256 0.330316
10791 0.311335
26832 0.303059
18520 0.296266
15665 0.280303
3852 0.265909
14138 0.257726
34631 0.25
3645 0.25
40228 0.244241
5778 0.244241
27349 0.220115
2484 0.220115
21782 0.218593
24239 0.217444
31947 0.207832
35500 0.2
12910 0.2
23834 0.19283
14943 0.19283
12289 0.19283
8035 0.185397
36255 0.166667
20093 0.166667
8672 0.166667
7132 0.166667
21703 0.159596
16298 0.159596
13654 0.15414
15012 0.145833
37027 0.142857
4852 0.142857
4296 0.142857
2585 0.142857
26181 0.142618
22368 0.140322
12766 0.134942
6863 0.129228
885 0.129228
416 0.127922
33545 0.125
21051 0.125
12708 0.125
11200 0.125
8969 0.125
31140 0.11983
30636 0.11208
15416 0.111111
30652 0.106452
20569 0.106452
13234 0.106452
11469 0.106452
37927 0.0909091
31390 0.0909091
19461 0.0909091
33653 0.0884331
22745 0.0884331
13513 0.0884331
25831 0.0852213
7145 0.0852213
37496 0.0840017
35086 0.0840017
38468 0.0833333
37881 0.0833333
32999 0.0833333
14672 0.0833333
11559 0.0833333
9197 0.0833333
6336 0.0833333
35480 0.0820548
32620 0.0820548
15225 0.0820548
15054 0.0820548
29237 0.0769231
27105 0.0769231
13126 0.0769231
9760 0.0769231
8342 0.0769231
5790 0.0769231
32552 0.0740401
23861 0.0740401
22530 0.0740401
31415 0.0700406
29073 0.0700406
21431 0.0700406
6447 0.0700406
5492 0.0700406
2168 0.0700406
36827 0.0666667
34561 0.0666667
28094 0.0666667
25176 0.0666667
35346 0.0663119
28655 0.0663119
18356 0.0663119
5354 0.0663119
29851 0.0625
29455 0.0625
8408 0.0625
3204 0.0625
2752 0.0625
39183 0.05
39177 0.05
20039 0.05
18710 0.05
16394 0.05
9553 0.05
4091 0.05
35194 0.047619
30417 0.047619
20439 0.047619
16806 0.047619
8197 0.047619
6807 0.047619
4058 0.047619
31636 0.0457324
24400 0.0457324
23089 0.0457324
19284 0.0457324
19260 0.0457324
16424 0.0457324
15029 0.0457324
4076 0.0457324
39791 0.0434783
38010 0.0434783
35063 0.0434783
34123 0.0434783
33267 0.0434783
23944 0.0434783
19570 0.0434783
17401 0.0434783
4038 0.0434783
233 0.0434783
37340 0.0416667
31675 0.0416667
30545 0.0416667
29406 0.0416667
26211 0.0416667
25791 0.0416667
14569 0.0416667
5431 0.0416667
4455 0.0416667
34999 0.04
32930 0.04
27033 0.04
23898 0.04
22743 0.04
22577 0.04
17393 0.04
16529 0.04
13178 0.04
12110 0.04
3002 0.04
830 0.04
40069 0.0391797
39001 0.0391797
38864 0.0391797
35175 0.0391797
34169 0.0391797
26928 0.0391797
26476 0.0391797
23886 0.0391797
21895 0.0391797
18161 0.0391797
17763 0.0391797
16508 0.0391797
13661 0.0391797
6298 0.0391797
3887 0.0391797
3291 0.0391797
1931 0.0391797
1174 0.0391797
80 0.0391797
40173 0.0357143
35414 0.0357143
18383 0.0357143
6592 0.0357143
427 0.0357143
40890 0.0344828
39096 0.0344828
34770 0.0344828
26854 0.0344828
14046 0.0344828
5875 0.0344828
4468 0.0344828
1100 0.0344828
38956 0.0322581
31858 0.0322581
29837 0.0322581
19684 0.0322581
6935 0.0322581
4548 0.0322581
34034 0.030303
33898 0.030303
33558 0.030303
32536 0.030303
28635 0.030303
27926 0.030303
27704 0.030303
22711 0.030303
19327 0.030303
19277 0.030303
16745 0.030303
16025 0.030303
12525 0.030303
11810 0.030303
11789 0.030303
11488 0.030303
4499 0.030303
3940 0.030303
3229 0.030303
3068 0.030303
1268 0.030303
828 0.030303
213 0.030303
35463 0.027027
29091 0.027027
23251 0.027027
22048 0.027027
21217 0.027027
18999 0.027027
16001 0.027027
12922 0.027027
11914 0.027027
7618 0.027027
6830 0.027027
2863 0.027027
328 0.027027
312 0.027027
38519 0.0181818
36948 0.0181818
33706 0.0181818
33477 0.0181818
30897 0.0181818
25614 0.0181818
22083 0.0181818
19712 0.0181818
19606 0.0181818
13563 0.0181818
12443 0.0181818
11725 0.0181818
7807 0.0181818
3140 0.0181818
1137 0.0181818
40159 0.0136986
37944 0.0136986
36540 0.0136986
36313 0.0136986
35978 0.0136986
33999 0.0136986
33979 0.0136986
32544 0.0136986
31640 0.0136986
31312 0.0136986
30946 0.0136986
28739 0.0136986
26786 0.0136986
25362 0.0136986
21831 0.0136986
21586 0.0136986
19186 0.0136986
18561 0.0136986
18340 0.0136986
17626 0.0136986
16655 0.0136986
15576 0.0136986
11804 0.0136986
10925 0.0136986
9484 0.0136986
5612 0.0136986
5180 0.0136986
4544 0.0136986
3753 0.0136986
3698 0.0136986
3541 0.0136986
3018 0.0136986
2751 0.0136986
1923 0.0136986
905 0.0136986
509 0.0136986
39642 0.00813008
38952 0.00813008
38185 0.00813008
37344 0.00813008
37233 0.00813008
36909 0.00813008
35734 0.00813008
35082 0.00813008
35062 0.00813008
34835 0.00813008
34784 0.00813008
34558 0.00813008
34544 0.00813008
34209 0.00813008
32838 0.00813008
31495 0.00813008
31132 0.00813008
30676 0.00813008
30325 0.00813008
30298 0.00813008
29901 0.00813008
29077 0.00813008
29020 0.00813008
28861 0.00813008
28605 0.00813008
28575 0.00813008
28106 0.00813008
27863 0.00813008
27796 0.00813008
26366 0.00813008
26095 0.00813008
24506 0.00813008
24279 0.00813008
23643 0.00813008
23473 0.00813008
23218 0.00813008
23072 0.00813008
22236 0.00813008
22072 0.00813008
21187 0.00813008
21053 0.00813008
21000 0.00813008
20835 0.00813008
20830 0.00813008
20071 0.00813008
19048 0.00813008
18510 0.00813008
17583 0.00813008
17412 0.00813008
17312 0.00813008
17277 0.00813008
16233 0.00813008
16085 0.00813008
15993 0.00813008
15297 0.00813008
15255 0.00813008
14769 0.00813008
14318 0.00813008
14133 0.00813008
13916 0.00813008
13882 0.00813008
11626 0.00813008
10601 0.00813008
10575 0.00813008
9322 0.00813008
9309 0.00813008
9247 0.00813008
8615 0.00813008
8296 0.00813008
7937 0.00813008
7511 0.00813008
6859 0.00813008
6391 0.00813008
6140 0.00813008
5688 0.00813008
5488 0.00813008
5435 0.00813008
4340 0.00813008
3911 0.00813008
3356 0.00813008
2542 0.00813008
2424 0.00813008
2310 0.00813008
1966 0.00813008
1784 0.00813008
170 0.00813008
40597 0.00729927
39925 0.00729927
39641 0.00729927
39519 0.00729927
39155 0.00729927
38262 0.00729927
37597 0.00729927
37502 0.00729927
37494 0.00729927
37142 0.00729927
36117 0.00729927
35249 0.00729927
35223 0.00729927
33506 0.00729927
32324 0.00729927
32043 0.00729927
31741 0.00729927
31110 0.00729927
30693 0.00729927
30425 0.00729927
30379 0.00729927
29515 0.00729927
29439 0.00729927
28688 0.00729927
28407 0.00729927
27036 0.00729927
26196 0.00729927
25449 0.00729927
24972 0.00729927
24790 0.00729927
24701 0.00729927
24678 0.00729927
24126 0.00729927
23585 0.00729927
22997 0.00729927
22814 0.00729927
22544 0.00729927
22184 0.00729927
21893 0.00729927
21348 0.00729927
20099 0.00729927
18895 0.00729927
18234 0.00729927
17381 0.00729927
17035 0.00729927
16787 0.00729927
16629 0.00729927
16557 0.00729927
15913 0.00729927
15434 0.00729927
14934 0.00729927
14858 0.00729927
13670 0.00729927
11857 0.00729927
11276 0.00729927
10793 0.00729927
9616 0.00729927
8828 0.00729927
8437 0.00729927
8224 0.00729927
8212 0.00729927
7099 0.00729927
6518 0.00729927
6068 0.00729927
6067 0.00729927
5209 0.00729927
3438 0.00729927
3105 0.00729927
2221 0.00729927
2218 0.00729927
1610 0.00729927
1355 0.00729927
838 0.00729927
832 0.00729927
432 0.00729927
414 0.00729927
40980 0
40979 0
40978 0
40977 0
40976 0
40975 0
40974 0
40973 0
40972 0
40971 0
40970 0
40969 0
40968 0
40967 0
40966 0
40965 0
40964 0
40963 0
40962 0
40961 0
40960 0
40959 0
40958 0
40957 0
40956 0
40955 0
40954 0
40953 0
40952 0
40951 0
