27799 11.49
13654 10.1549
11804 7.856
14138 6.61997
24239 5.27055
17312 4.36558
7807 4.28438
4189 4.19601
36313 4.05058
16097 3.99629
37374 3.76421
13916 3.66665
35766 3.22785
830 3.09477
4872 3.09322
27033 3.05526
32620 2.80566
12569 2.60191
2484 2.51245
21757 2.47389
10210 2.31159
21889 2.2339
34116 2.16043
26476 2.04674
4112 1.99399
21861 1.93474
35317 1.92017
31589 1.87452
35346 1.85627
39791 1.75245
19032 1.64122
18520 1.62549
2885 1.59406
4058 1.58929
23843 1.58049
14489 1.58013
550 1.57473
36400 1.57061
20928 1.56019
9994 1.52197
34911 1.4883
29640 1.42135
26181 1.41472
30847 1.32033
30897 1.25944
25614 1.2
12525 1.19249
2781 1.19048
7274 1.14613
8224 1.14468
155 1.11721
9196 1.11652
8035 1.10592
18845 1.07158
14672 1.0549
37342 1.04993
22368 1.04595
16745 1.0179
27926 0.968579
39960 0.96055
12449 0.937318
21323 0.921907
29634 0.918358
12185 0.915
37027 0.896824
29901 0.875522
11626 0.875014
23468 0.868775
12976 0.825464
35706 0.817866
25474 0.808333
35734 0.806183
39172 0.804491
11789 0.782781
27190 0.781913
6518 0.770071
3676 0.760775
34999 0.747028
39661 0.738042
33108 0.738042
1659 0.725127
37546 0.713617
4994 0.694642
15225 0.687107
18329 0.68128
20490 0.653211
20093 0.65249
17583 0.651461
3068 0.641919
38907 0.625794
17137 0.607394
13661 0.595098
4539 0.587302
16806 0.575694
16076 0.575583
6041 0.57432
427 0.557359
22088 0.553114
9553 0.551893
18531 0.548413
28094 0.543111
22960 0.539535
22388 0.535473
33308 0.533333
22390 0.527778
15012 0.526955
32788 0.526923
3561 0.514907
25826 0.507576
3541 0.49879
9823 0.493004
4296 0.492898
31582 0.491364
17921 0.487299
26410 0.486168
2869 0.482168
30209 0.479756
19511 0.474622
9001 0.474622
26832 0.474576
36952 0.474021
37502 0.470074
15665 0.468435
31947 0.464523
27349 0.463205
29923 0.461454
27395 0.459084
38863 0.458333
28912 0.454012
36027 0.453757
11393 0.449729
24506 0.446378
13234 0.443135
6140 0.440674
29946 0.436335
24041 0.435655
11101 0.43006
90 0.427875
22711 0.426964
24368 0.42619
36540 0.42316
2951 0.42316
37948 0.420602
17033 0.417111
30793 0.414664
5778 0.414426
12360 0.412883
26786 0.410628
18248 0.400051
36744 0.395489
15519 0.386295
15495 0.379894
24596 0.374416
37494 0.373861
3936 0.371795
23370 0.370211
24400 0.367158
25360 0.360683
26895 0.357143
33267 0.355222
38864 0.354701
27740 0.351166
11559 0.351007
30676 0.346686
17277 0.344128
38118 0.34375
16298 0.343301
11169 0.340278
35029 0.337346
29787 0.333882
26961 0.333333
10536 0.333333
4023 0.333333
13337 0.327706
5821 0.325427
38468 0.325
7047 0.320635
38856 0.32012
37496 0.314169
14406 0.313889
6161 0.313492
25765 0.311354
37750 0.30754
31140 0.305844
23432 0.303775
34439 0.302083
4361 0.30203
24137 0.299242
13126 0.299075
14858 0.296607
1410 0.296429
35185 0.295383
14934 0.294758
11718 0.294715
110 0.291433
2621 0.290123
28855 0.288034
7536 0.285256
36796 0.284422
17710 0.282614
448 0.281762
27663 0.280832
18116 0.280682
33256 0.277065
32043 0.271926
20152 0.271512
34043 0.271006
26069 0.268687
17492 0.266878
18208 0.266024
2294 0.263889
6924 0.262967
39383 0.262346
17068 0.259874
8177 0.257407
33633 0.257194
23022 0.257194
13120 0.256277
24761 0.255961
630 0.25348
33112 0.252636
40788 0.25
37642 0.25
36278 0.25
36255 0.25
28106 0.25
26546 0.25
23566 0.25
15598 0.25
9907 0.25
9199 0.25
6033 0.25
2310 0.25
27105 0.243108
26323 0.236574
18844 0.23558
21101 0.232906
1821 0.231519
3852 0.229115
3167 0.228822
4467 0.227984
7624 0.227328
11890 0.22571
3583 0.224765
18842 0.223413
23072 0.222734
11488 0.220754
31260 0.21997
19379 0.219955
14534 0.219847
21512 0.219643
17785 0.218322
2618 0.217088
21189 0.215134
26477 0.21396
5162 0.208542
23446 0.207875
24591 0.205869
32324 0.205195
27840 0.204762
38762 0.204645
9180 0.202305
35525 0.201953
39245 0.201866
21343 0.2
16181 0.2
8850 0.2
4548 0.2
4484 0.2
10196 0.197324
22184 0.192359
705 0.189947
6859 0.188482
34998 0.188352
22072 0.185139
31132 0.184018
28110 0.182685
6864 0.182261
8237 0.179539
7051 0.179423
38956 0.177778
38952 0.177214
32036 0.176054
27166 0.176054
2877 0.175627
17943 0.172771
23643 0.172269
40342 0.171586
21978 0.170967
22313 0.168489
39183 0.16833
1133 0.167936
391 0.167914
38049 0.166667
31205 0.166667
28250 0.166667
26854 0.166667
22170 0.166667
21268 0.166667
16152 0.166667
14576 0.166667
9794 0.166667
9283 0.166667
950 0.166667
860 0.166667
129 0.166667
23886 0.166043
20177 0.166043
29237 0.165972
28651 0.163095
23134 0.161956
37881 0.15983
35777 0.159603
5435 0.159481
11768 0.157164
19391 0.156647
29030 0.155013
30216 0.154904
37233 0.153114
15029 0.152773
34034 0.151973
23206 0.151973
40204 0.151571
21431 0.151571
3940 0.150147
33706 0.149664
4486 0.149664
27989 0.149621
24678 0.149621
18834 0.14796
39962 0.145363
28611 0.145282
23089 0.143573
24505 0.142857
20864 0.142857
14252 0.142857
697 0.142157
8969 0.141984
19967 0.141349
40764 0.140316
19167 0.140316
34385 0.139394
40314 0.139386
8105 0.136749
7412 0.136749
25659 0.136218
27388 0.133401
33518 0.130516
6592 0.128917
4761 0.128663
29206 0.128028
4091 0.126697
13491 0.126008
39671 0.125947
39507 0.125
35825 0.125
34768 0.125
31367 0.125
29361 0.125
27453 0.125
25076 0.125
25016 0.125
24957 0.125
23473 0.125
20286 0.125
15715 0.125
11052 0.125
8592 0.125
7008 0.125
2540 0.125
9197 0.12453
11113 0.121044
9244 0.120682
416 0.120682
35282 0.119537
37729 0.116964
26095 0.115157
33028 0.115126
22598 0.113925
432 0.113665
19517 0.113005
3645 0.112718
38679 0.111111
31564 0.111111
25831 0.111111
24902 0.111111
18558 0.111111
15826 0.111111
25095 0.11094
30419 0.110201
15467 0.109616
12893 0.109616
27161 0.108333
9484 0.108333
36661 0.107449
39177 0.107377
33052 0.105549
31806 0.103304
1610 0.103304
13972 0.102689
38539 0.102529
38345 0.100036
37815 0.1
35271 0.1
35063 0.1
34098 0.1
33458 0.1
30379 0.1
29140 0.1
24907 0.1
24224 0.1
15669 0.1
9616 0.1
4984 0.1
2154 0.1
1791 0.1
32688 0.0998019
17120 0.0998019
5937 0.0992647
2069 0.0992647
39436 0.098666
12377 0.098666
30636 0.098652
8412 0.098652
22530 0.0977273
5423 0.0965539
12766 0.0942982
5875 0.0938462
40165 0.0909091
38356 0.0909091
32804 0.0909091
30229 0.0909091
22930 0.0909091
21105 0.0909091
18435 0.0909091
9653 0.0909091
3295 0.0909091
2027 0.0909091
306 0.0909091
13172 0.0887179
14943 0.0886169
39947 0.0884854
39472 0.0884854
13669 0.0884854
11080 0.0884854
13433 0.0882418
7145 0.0882418
10 0.0882418
27565 0.0879784
32930 0.0865011
22808 0.0860221
24279 0.0853755
9357 0.0853755
31247 0.0843194
31675 0.0833957
40138 0.0833333
34123 0.0833333
32183 0.0833333
24728 0.0833333
13670 0.0833333
8220 0.0833333
5473 0.0833333
4696 0.0833333
2899 0.0833333
11863 0.0830576
36673 0.0825137
28635 0.0813868
35609 0.0807197
35062 0.0807197
14399 0.0801109
21213 0.0797071
13583 0.0797071
19260 0.077381
39951 0.0769231
39777 0.0769231
38446 0.0769231
34024 0.0769231
17035 0.0769231
8497 0.0769231
6830 0.0769231
6763 0.0769231
29225 0.0769058
17154 0.076606
16283 0.076606
2786 0.0752807
33119 0.0751736
22914 0.0751736
23769 0.0741342
15591 0.0741342
1326 0.0741342
25651 0.0729988
30762 0.0718804
37426 0.0714286
31606 0.0714286
31301 0.0714286
24475 0.0714286
21932 0.0714286
17634 0.0714286
16791 0.0714286
10923 0.0714286
