24213 14.1282
31301 10.632
22944 6.56001
16725 3.06239
15989 2.35833
14544 1.66166
34825 1.50952
52 1.20667
27514 1.09703
8672 0.979894
26750 0.833333
13646 0.79835
26341 0.7
27886 0.679669
37711 0.65
5693 0.639192
19151 0.592157
15768 0.576923
38667 0.566667
15603 0.502632
7425 0.49359
26072 0.476923
25118 0.466667
10923 0.442857
18720 0.42549
34618 0.42549
10332 0.42549
20424 0.408824
7708 0.395489
18198 0.368347
26892 0.365
39495 0.333333
37714 0.333333
29139 0.333333
28343 0.333333
23673 0.333333
15590 0.333333
5066 0.333333
3096 0.333333
17634 0.331667
27646 0.330409
21641 0.314583
22594 0.274107
20966 0.260965
12217 0.256817
38177 0.25
37087 0.25
35020 0.25
23877 0.25
15418 0.25
12476 0.25
1267 0.25
28576 0.2
25221 0.2
24454 0.2
20142 0.2
18148 0.2
12620 0.2
12431 0.2
9972 0.2
9557 0.2
8446 0.2
6217 0.2
1975 0.2
1940 0.2
2249 0.193287
38235 0.166667
37797 0.166667
37176 0.166667
32939 0.166667
31234 0.166667
28904 0.166667
24667 0.166667
19264 0.166667
14383 0.166667
13410 0.166667
11622 0.166667
9383 0.166667
8532 0.166667
2775 0.166667
39848 0.142857
38229 0.142857
27021 0.142857
25445 0.142857
24803 0.142857
23742 0.142857
22890 0.142857
21503 0.142857
19887 0.142857
15400 0.142857
10760 0.142857
8730 0.142857
8027 0.142857
5362 0.142857
3158 0.142857
2982 0.142857
36623 0.129669
23014 0.129669
22402 0.129669
10737 0.129669
7691 0.129669
40078 0.125
36546 0.125
33883 0.125
31670 0.125
30540 0.125
25082 0.125
5772 0.125
39962 0.111111
27799 0.111111
3541 0.111111
34495 0.1
28917 0.1
22990 0.1
21022 0.1
9519 0.1
4274 0.1
35524 0.0909091
19032 0.0909091
17860 0.0909091
11658 0.0909091
2867 0.0909091
2659 0.0909091
31581 0.0833333
26401 0.0833333
9831 0.0833333
8508 0.0833333
5620 0.0833333
38515 0.0769231
34768 0.0769231
31682 0.0769231
17128 0.0769231
6292 0.0769231
40912 0.0588235
33726 0.0588235
29375 0.0588235
28543 0.0588235
26960 0.0588235
26384 0.0588235
26052 0.0588235
25631 0.0588235
21247 0.0588235
16751 0.0588235
10938 0.0588235
10445 0.0588235
8175 0.0588235
7463 0.0588235
7343 0.0588235
4393 0.0588235
3374 0.0588235
1979 0.0588235
1877 0.0588235
40635 0.0526316
10057 0.0526316
40573 0.04
28444 0.04
26054 0.04
24013 0.04
17248 0.04
10073 0.04
6096 0.04
2633 0.04
2289 0.04
919 0.04
39393 0.037037
38662 0.037037
32885 0.037037
30972 0.037037
26088 0.037037
23813 0.037037
23348 0.037037
20489 0.037037
13432 0.037037
7723 0.037037
5154 0.037037
518 0.037037
40704 0.03125
39616 0.03125
39515 0.03125
36746 0.03125
33118 0.03125
32462 0.03125
32342 0.03125
31069 0.03125
29997 0.03125
26159 0.03125
24825 0.03125
23293 0.03125
19083 0.03125
18804 0.03125
18393 0.03125
18044 0.03125
16216 0.03125
12444 0.03125
9200 0.03125
4762 0.03125
3567 0.03125
3363 0.03125
2850 0.03125
40980 0
40979 0
40978 0
40977 0
40976 0
40975 0
40974 0
40973 0
40972 0
40971 0
40970 0
40969 0
40968 0
40967 0
40966 0
40965 0
40964 0
40963 0
40962 0
40961 0
40960 0
40959 0
40958 0
40957 0
40956 0
40955 0
40954 0
40953 0
40952 0
40951 0
40950 0
40949 0
40948 0
40947 0
40946 0
40945 0
40944 0
40943 0
40942 0
40941 0
40940 0
40939 0
40938 0
40937 0
40936 0
40935 0
40934 0
40933 0
40932 0
40931 0
40930 0
40929 0
40928 0
40927 0
40926 0
40925 0
40924 0
40923 0
40922 0
40921 0
40920 0
40919 0
40918 0
40917 0
40916 0
40915 0
40914 0
40913 0
40911 0
40910 0
40909 0
40908 0
40907 0
40906 0
40905 0
40904 0
40903 0
40902 0
40901 0
40900 0
40899 0
40898 0
40897 0
40896 0
40895 0
40894 0
40893 0
40892 0
40891 0
40890 0
40889 0
40888 0
40887 0
40886 0
40885 0
40884 0
40883 0
40882 0
40881 0
40880 0
40879 0
40878 0
40877 0
40876 0
40875 0
40874 0
40873 0
40872 0
40871 0
40870 0
40869 0
40868 0
40867 0
40866 0
40865 0
40864 0
40863 0
40862 0
40861 0
40860 0
40859 0
40858 0
40857 0
40856 0
40855 0
40854 0
40853 0
40852 0
40851 0
40850 0
40849 0
40848 0
40847 0
40846 0
40845 0
40844 0
40843 0
40842 0
40841 0
40840 0
40839 0
40838 0
40837 0
40836 0
40835 0
40834 0
40833 0
40832 0
40831 0
40830 0
40829 0
40828 0
40827 0
40826 0
40825 0
40824 0
40823 0
40822 0
40821 0
40820 0
40819 0
40818 0
40817 0
40816 0
40815 0
40814 0
40813 0
40812 0
40811 0
40810 0
40809 0
40808 0
40807 0
40806 0
40805 0
40804 0
40803 0
40802 0
40801 0
40800 0
40799 0
40798 0
40797 0
40796 0
40795 0
40794 0
40793 0
40792 0
40791 0
40790 0
40789 0
40788 0
40787 0
40786 0
40785 0
40784 0
40783 0
40782 0
40781 0
40780 0
40779 0
40778 0
40777 0
40776 0
40775 0
40774 0
40773 0
40772 0
40771 0
40770 0
40769 0
40768 0
40767 0
40766 0
40765 0
40764 0
40763 0
40762 0
40761 0
40760 0
40759 0
40758 0
40757 0
40756 0
40755 0
40754 0
40753 0
40752 0
40751 0
40750 0
40749 0
40748 0
40747 0
40746 0
40745 0
40744 0
40743 0
40742 0
40741 0
40740 0
40739 0
40738 0
40737 0
40736 0
40735 0
40734 0
40733 0
40732 0
40731 0
40730 0
40729 0
40728 0
40727 0
40726 0
40725 0
40724 0
40723 0
40722 0
40721 0
40720 0
40719 0
40718 0
40717 0
40716 0
40715 0
40714 0
40713 0
40712 0
40710 0
40709 0
40708 0
40707 0
40706 0
40705 0
40703 0
40702 0
40701 0
40700 0
40699 0
40698 0
40697 0
40696 0
40695 0
40694 0
40693 0
40692 0
40691 0
40690 0
40689 0
40688 0
40687 0
40686 0
40685 0
40684 0
40683 0
40682 0
40681 0
40680 0
40679 0
40678 0
40677 0
