13654 4.22818
16745 2.18039
27799 1.91849
12569 1.2808
14138 1.23264
6979 0.92953
14842 0.900266
8224 0.77665
8412 0.765736
37374 0.725
36918 0.661664
432 0.605769
3854 0.595833
21323 0.554918
35346 0.553374
34123 0.553374
8035 0.522056
27926 0.509186
22711 0.509186
16298 0.509186
24678 0.508691
1610 0.443253
13916 0.43773
21189 0.433242
13337 0.415003
2885 0.407624
26477 0.383824
12952 0.376923
3356 0.376402
19783 0.363462
28880 0.355087
15665 0.35093
9199 0.350575
36160 0.343467
19517 0.335381
34999 0.330357
18291 0.306818
24923 0.302627
14943 0.296037
6105 0.28125
20569 0.278073
37882 0.273969
24239 0.272991
27863 0.270349
8212 0.266927
5056 0.266113
3852 0.265849
38118 0.2625
28381 0.2625
30209 0.235747
1462 0.23327
5778 0.21414
38856 0.2
3221 0.2
31582 0.193622
36673 0.193332
21217 0.193332
6518 0.190074
1 0.190074
18520 0.189922
8237 0.188763
33267 0.188094
26476 0.186327
36952 0.181573
3068 0.179741
1965 0.169712
38346 0.166667
34579 0.166667
27161 0.166667
23843 0.166667
23585 0.166626
25765 0.160831
22057 0.160831
5518 0.15859
39925 0.155769
5036 0.155769
3124 0.152422
35734 0.151234
37672 0.149434
17312 0.149434
30234 0.143968
550 0.143968
34768 0.142857
22787 0.142075
830 0.135323
24972 0.127693
26541 0.125
28106 0.121522
39947 0.120939
37955 0.120939
30676 0.120939
27989 0.120939
16504 0.120939
11080 0.120939
33545 0.11783
32043 0.115582
17035 0.115582
11808 0.115582
26095 0.113216
29640 0.111111
6161 0.111111
39177 0.108458
38215 0.106589
22960 0.106589
39951 0.1
34457 0.1
19191 0.1
15012 0.1
9994 0.1
7132 0.1
3310 0.1
35766 0.0992613
35463 0.0992613
19580 0.0992613
40165 0.0982116
11626 0.0982116
35317 0.094831
21757 0.094831
37546 0.094045
17277 0.094045
36400 0.0911217
34169 0.0909091
8828 0.0909091
6298 0.0909091
21158 0.0833333
38583 0.0830248
26312 0.0830248
22368 0.0830248
19967 0.0830248
15873 0.0830248
5719 0.0830248
110 0.0830248
34662 0.0769231
33506 0.0769231
31110 0.0769231
25479 0.0769231
22745 0.0769231
22456 0.0769231
19774 0.0769231
15434 0.0769231
4467 0.0769231
34439 0.076426
23240 0.076426
15276 0.076426
10240 0.0744536
8969 0.0740596
4221 0.0740596
4150 0.0740596
26058 0.0721022
15225 0.0721022
11470 0.0721022
828 0.0721022
22405 0.0714286
12110 0.0714286
2877 0.0700065
39172 0.0666667
37496 0.0666667
31136 0.0666667
29551 0.0666667
28110 0.0666667
27395 0.0666667
23468 0.0666667
18842 0.0666667
14534 0.0666667
12525 0.0666667
30815 0.0625
24764 0.0625
15958 0.0625
8417 0.0625
7921 0.0625
4900 0.0625
40525 0.060105
34043 0.060105
33391 0.060105
27033 0.060105
21820 0.060105
2786 0.060105
612 0.060105
39685 0.0588235
14569 0.0588235
6863 0.0588235
3940 0.0588235
2618 0.0588235
2484 0.0588235
37142 0.0560427
19277 0.0560427
14036 0.0560427
7649 0.0560427
2869 0.0560427
34116 0.0555556
33458 0.0555556
6041 0.0555556
36528 0.0509327
19009 0.0509327
40792 0.05
28611 0.05
26512 0.05
25994 0.05
39894 0.0434783
37342 0.0434783
36313 0.0434783
27190 0.0434783
18834 0.0434783
9553 0.0434783
8850 0.0434783
39155 0.0423707
32620 0.0423707
29634 0.0423707
22184 0.0423707
13507 0.0423707
6140 0.0423707
3887 0.0423707
31027 0.0416667
28094 0.0416667
6062 0.0416667
30693 0.0400042
29875 0.0400042
29030 0.0400042
22530 0.0400042
22404 0.0400042
22310 0.0400042
16076 0.0400042
7145 0.0400042
414 0.0400042
37597 0.0384615
35857 0.0384615
31132 0.0384615
29745 0.0384615
27208 0.0384615
26769 0.0384615
26181 0.0384615
24685 0.0384615
16222 0.0384615
14133 0.0384615
5209 0.0384615
468 0.0384615
37502 0.0379144
33175 0.0379144
24400 0.0379144
19712 0.0379144
19284 0.0379144
16778 0.0379144
15054 0.0379144
9309 0.0379144
6068 0.0379144
1355 0.0379144
763 0.0379144
32688 0.0344828
21448 0.0344828
20928 0.0344828
20007 0.0344828
17396 0.0344828
5479 0.0344828
38956 0.03125
38952 0.03125
34565 0.03125
32552 0.03125
30379 0.03125
15591 0.03125
12641 0.03125
33569 0.0294118
21042 0.0294118
14768 0.0294118
31947 0.0232558
20177 0.0232558
11805 0.0232558
3507 0.0232558
1849 0.0232558
36661 0.0196078
30186 0.0196078
26084 0.0196078
19024 0.0196078
10706 0.0196078
39125 0.0172414
34015 0.0172414
26832 0.0172414
25651 0.0172414
24591 0.0172414
18138 0.0172414
17282 0.0172414
11789 0.0172414
8309 0.0172414
2899 0.0172414
1332 0.0172414
10 0.0172414
40764 0.0163934
40204 0.0163934
39791 0.0163934
39509 0.0163934
37494 0.0163934
36948 0.0163934
36278 0.0163934
35175 0.0163934
32708 0.0163934
32324 0.0163934
31537 0.0163934
31343 0.0163934
31140 0.0163934
30425 0.0163934
30325 0.0163934
29923 0.0163934
29586 0.0163934
29516 0.0163934
29296 0.0163934
28901 0.0163934
27837 0.0163934
26429 0.0163934
25777 0.0163934
24790 0.0163934
24505 0.0163934
23861 0.0163934
23665 0.0163934
22236 0.0163934
21703 0.0163934
21348 0.0163934
20099 0.0163934
19647 0.0163934
19606 0.0163934
18356 0.0163934
18161 0.0163934
16629 0.0163934
16001 0.0163934
14951 0.0163934
12922 0.0163934
12104 0.0163934
11914 0.0163934
11389 0.0163934
10453 0.0163934
10210 0.0163934
9527 0.0163934
7852 0.0163934
6859 0.0163934
4085 0.0163934
2221 0.0163934
938 0.0163934
885 0.0163934
483 0.0163934
315 0.0163934
40120 0.0151515
39962 0.0151515
38726 0.0151515
38148 0.0151515
38141 0.0151515
38010 0.0151515
36239 0.0151515
35904 0.0151515
35813 0.0151515
35480 0.0151515
34664 0.0151515
32243 0.0151515
30793 0.0151515
29901 0.0151515
29464 0.0151515
29077 0.0151515
28605 0.0151515
28049 0.0151515
27695 0.0151515
26366 0.0151515
26195 0.0151515
25614 0.0151515
24162 0.0151515
20835 0.0151515
18844 0.0151515
18119 0.0151515
17785 0.0151515
17739 0.0151515
17142 0.0151515
16047 0.0151515
14894 0.0151515
14316 0.0151515
12935 0.0151515
12788 0.0151515
12090 0.0151515
10988 0.0151515
8437 0.0151515
7076 0.0151515
4430 0.0151515
4076 0.0151515
3821 0.0151515
3718 0.0151515
3266 0.0151515
1528 0.0151515
1137 0.0151515
350 0.0151515
40644 0.00636943
40618 0.00636943
39642 0.00636943
38863 0.00636943
38422 0.00636943
37344 0.00636943
37077 0.00636943
36806 0.00636943
35637 0.00636943
35062 0.00636943
34835 0.00636943
33518 0.00636943
33028 0.00636943
32868 0.00636943
32838 0.00636943
31495 0.00636943
29225 0.00636943
29091 0.00636943
28655 0.00636943
27768 0.00636943
27349 0.00636943
27168 0.00636943
25831 0.00636943
25334 0.00636943
24957 0.00636943
24506 0.00636943
24288 0.00636943
23886 0.00636943
23872 0.00636943
23251 0.00636943
23089 0.00636943
22836 0.00636943
22170 0.00636943
22072 0.00636943
21431 0.00636943
21000 0.00636943
20862 0.00636943
20567 0.00636943
20020 0.00636943
19260 0.00636943
19048 0.00636943
18997 0.00636943
18446 0.00636943
17583 0.00636943
16673 0.00636943
15212 0.00636943
15029 0.00636943
14546 0.00636943
14318 0.00636943
13948 0.00636943
13560 0.00636943
12238 0.00636943
11331 0.00636943
10900 0.00636943
10719 0.00636943
10484 0.00636943
7618 0.00636943
7511 0.00636943
7175 0.00636943
7099 0.00636943
6447 0.00636943
6319 0.00636943
5840 0.00636943
5688 0.00636943
5435 0.00636943
3750 0.00636943
3413 0.00636943
3140 0.00636943
2863 0.00636943
2837 0.00636943
2813 0.00636943
2218 0.00636943
2168 0.00636943
1966 0.00636943
1942 0.00636943
1784 0.00636943
1296 0.00636943
592 0.00636943
328 0.00636943
40980 0
40979 0
40978 0
40977 0
40976 0
40975 0
40974 0
40973 0
40972 0
40971 0
40970 0
40969 0
40968 0
40967 0
40966 0
40965 0
40964 0
40963 0
40962 0
40961 0
40960 0
40959 0
40958 0
40957 0
40956 0
40955 0
40954 0
40953 0
40952 0
40951 0
40950 0
40949 0
40948 0
40947 0
40946 0
40945 0
40944 0
