31301 29.9796
17634 19.8292
14544 10.0992
5693 6.40931
9846 5.51384
14603 4.22464
27514 4.22073
23655 3.90986
7708 3.776
36623 3.48445
34495 3.32268
21983 2.88506
52 2.68145
12243 2.54959
27401 2.51237
23014 2.46304
27886 2.24695
39743 2.23665
919 2.22424
16214 2.14826
26750 2.13418
26892 2.03476
29997 1.89099
4405 1.88726
28444 1.79262
29032 1.77485
16791 1.70822
40573 1.5567
23696 1.55614
6173 1.53045
38662 1.46731
15446 1.4634
2867 1.44359
10923 1.44072
23193 1.42777
8508 1.40671
32713 1.4051
34673 1.40389
40869 1.38759
32885 1.34755
24475 1.27553
2775 1.26141
13432 1.24984
7691 1.20115
19032 1.15119
34598 1.11671
9831 1.07361
14502 1.03291
33893 1.01429
18729 0.984524
10009 0.953497
11945 0.942999
1210 0.933333
5037 0.929278
363 0.926981
34825 0.916667
1427 0.877396
1259 0.87624
39582 0.872938
11836 0.846061
2249 0.844662
33078 0.840814
10880 0.839132
10073 0.837075
22502 0.837
37176 0.820385
37562 0.820346
40017 0.806432
24335 0.80289
25425 0.793694
9655 0.77702
37711 0.765575
32975 0.713402
3567 0.713017
31734 0.67619
37658 0.666667
8186 0.65837
31661 0.65
12812 0.646
15352 0.642149
15607 0.625
29962 0.62356
4851 0.617605
37529 0.614817
14311 0.613447
17767 0.580386
10737 0.579376
36032 0.549959
29059 0.543478
16710 0.543139
27951 0.526148
18110 0.523256
3880 0.521861
7894 0.521717
23813 0.519456
40888 0.499713
22594 0.495455
20489 0.495156
18770 0.492857
32471 0.491667
29247 0.491667
10487 0.484107
21686 0.480745
25083 0.478741
17406 0.477988
7667 0.47619
40661 0.471811
3447 0.471112
14535 0.465625
3856 0.464841
40829 0.460839
33084 0.460653
18328 0.455357
36734 0.452381
36051 0.446491
14973 0.445455
2712 0.444781
24130 0.441438
24237 0.439911
10665 0.438034
24013 0.437075
25413 0.428337
35987 0.425
16853 0.408276
39495 0.407067
27844 0.406015
12518 0.405392
15603 0.398352
32959 0.397727
2259 0.397298
26808 0.392106
11108 0.37714
22402 0.376301
16404 0.374903
22465 0.373024
37797 0.368478
492 0.368478
8672 0.363923
24756 0.358743
6002 0.352421
13410 0.350423
29443 0.345455
9621 0.341941
24619 0.336601
3418 0.336031
35721 0.333333
21088 0.333333
18934 0.333333
15307 0.333333
14942 0.333333
9468 0.333333
3782 0.333333
186 0.331829
22879 0.329371
18274 0.325492
20333 0.323912
23714 0.319444
12431 0.310148
33667 0.308824
13881 0.305256
21911 0.30303
24004 0.302778
32529 0.30119
13077 0.30119
6823 0.299346
10929 0.29243
22227 0.288318
40108 0.283524
15895 0.280952
31815 0.27784
980 0.277244
23013 0.277017
16077 0.27688
6504 0.273734
33490 0.273242
10980 0.270392
22990 0.269996
8274 0.26978
40758 0.261926
16118 0.260747
31816 0.258333
15637 0.256098
28257 0.255555
21345 0.255555
40808 0.254701
17238 0.253788
14705 0.253788
13422 0.253409
38641 0.25
33944 0.25
33374 0.25
28405 0.25
28120 0.25
21829 0.25
17442 0.25
17159 0.25
16694 0.25
16287 0.25
16012 0.25
15150 0.25
6262 0.25
4822 0.25
3565 0.25
3100 0.25
889 0.25
3473 0.249575
29332 0.248488
33981 0.245748
27727 0.245159
25508 0.244792
26629 0.24359
10602 0.243044
3600 0.243044
30054 0.23454
1975 0.23454
34223 0.234524
32356 0.233838
1267 0.229118
32483 0.227632
16446 0.225675
26088 0.223427
37665 0.221669
40036 0.219048
805 0.219048
2982 0.218069
31509 0.217723
33859 0.214118
6644 0.21153
4369 0.208965
7343 0.208453
29977 0.208
32909 0.207792
5360 0.207792
11462 0.207542
15568 0.206061
3245 0.205128
34768 0.204983
29752 0.203968
26206 0.203846
2958 0.200896
7164 0.200621
38692 0.2
38316 0.2
31546 0.2
28993 0.2
27286 0.2
23452 0.2
18059 0.2
17687 0.2
16789 0.2
16403 0.2
15400 0.2
14288 0.2
14201 0.2
14128 0.2
12546 0.2
10414 0.2
8731 0.2
4538 0.199301
27434 0.187924
12444 0.187924
4747 0.187042
3369 0.186752
16890 0.185302
36292 0.183624
25584 0.182692
12466 0.182692
33544 0.177662
34963 0.175796
22583 0.174791
31930 0.173077
9019 0.171542
28811 0.170183
13788 0.169975
40174 0.169906
18616 0.168739
26401 0.167881
13418 0.166812
34776 0.166667
33804 0.166667
31735 0.166667
31536 0.166667
21005 0.166667
16652 0.166667
13984 0.166667
11017 0.166667
9519 0.166667
9234 0.166667
5214 0.166667
1480 0.166667
33712 0.163853
7729 0.163853
11658 0.163271
38667 0.162782
23380 0.162414
2548 0.160897
11647 0.160606
8538 0.159867
5049 0.159719
15384 0.158692
30320 0.153788
7828 0.153788
39865 0.15329
38668 0.15329
33825 0.151515
23658 0.150041
26054 0.146686
27646 0.144528
3615 0.144528
26744 0.143715
34360 0.14348
40310 0.142857
38068 0.142857
37866 0.142857
37591 0.142857
32120 0.142857
27410 0.142857
21347 0.142857
20169 0.142857
16056 0.142857
12709 0.142857
8439 0.142857
6909 0.142857
5607 0.142857
3587 0.142857
10057 0.142602
25750 0.142412
1628 0.137529
26415 0.135014
18567 0.135014
14372 0.135014
8067 0.134719
19449 0.134573
16422 0.133012
6656 0.131234
3363 0.131206
2387 0.130081
34433 0.129371
33185 0.129371
27963 0.129371
17715 0.129371
9665 0.129371
1642 0.129371
14565 0.129124
27892 0.128876
6055 0.127535
14394 0.125291
13757 0.125291
40498 0.125
40274 0.125
28917 0.125
28038 0.125
26277 0.125
25295 0.125
24890 0.125
24304 0.125
19199 0.125
17086 0.125
16764 0.125
10641 0.125
9634 0.125
9355 0.125
9185 0.125
5517 0.125
3178 0.125
1916 0.125
1204 0.125
23785 0.123689
3358 0.120455
13762 0.119522
35005 0.117652
36202 0.115944
21003 0.115273
39171 0.114171
40381 0.114083
19124 0.114083
30729 0.11369
9193 0.11369
6744 0.113001
25817 0.111543
39875 0.111111
37759 0.111111
36418 0.111111
36192 0.111111
29764 0.111111
29746 0.111111
28974 0.111111
28380 0.111111
26585 0.111111
23600 0.111111
19396 0.111111
15233 0.111111
11535 0.111111
10901 0.111111
10786 0.111111
8189 0.111111
7374 0.111111
4543 0.111111
2505 0.111111
13527 0.11073
23348 0.110534
13820 0.110092
26923 0.109224
11443 0.109224
18198 0.108659
25220 0.10636
13132 0.106278
4859 0.104581
32182 0.104441
6684 0.104441
13256 0.102847
19380 0.10228
33099 0.1
31817 0.1
30307 0.1
24556 0.1
20759 0.1
20068 0.1
18896 0.1
17623 0.1
17562 0.1
15590 0.1
14095 0.1
9970 0.1
9043 0.1
7755 0.1
7707 0.1
6896 0.1
5723 0.1
5368 0.1
1457 0.1
1375 0.1
13341 0.0971918
31861 0.0952332
39106 0.0950035
6096 0.0950035
3648 0.0950035
14007 0.0937104
40912 0.0932802
9557 0.0932802
27352 0.0913333
18449 0.0912383
11859 0.0912383
6767 0.0912055
1587 0.0909839
40224 0.0909091
38773 0.0909091
35416 0.0909091
31882 0.0909091
27570 0.0909091
26334 0.0909091
26209 0.0909091
24445 0.0909091
19765 0.0909091
19105 0.0909091
17160 0.0909091
13763 0.0909091
11631 0.0909091
10105 0.0909091
9958 0.0909091
9332 0.0909091
3401 0.0909091
2935 0.0909091
2840 0.0909091
1820 0.0909091
132 0.0909091
32500 0.0898466
36746 0.0896686
1312 0.0840575
39393 0.0833333
29972 0.0833333
29677 0.0833333
28950 0.0833333
28710 0.0833333
28527 0.0833333
25811 0.0833333
21928 0.0833333
19750 0.0833333
15775 0.0833333
13369 0.0833333
13029 0.0833333
12501 0.0833333
9232 0.0833333
6461 0.0833333
5600 0.0833333
4451 0.0833333
17083 0.0831253
8662 0.0831253
6347 0.0831253
12787 0.082078
12176 0.0820013
15149 0.0816176
7942 0.0796582
6414 0.0785397
3494 0.0785397
40883 0.0769231
40382 0.0769231
37553 0.0769231
35778 0.0769231
35752 0.0769231
