21393 19.1766
27493 8.3419
13043 4.72898
19032 4.34894
23843 4.31071
23431 4.10192
31329 3.66874
2768 3.62738
29179 3.32424
19021 3.0873
33489 2.83849
22594 2.42452
21005 2.35833
11817 2.10238
6546 1.82662
31301 1.45668
8672 1.3436
8027 1.22024
16931 1.21591
39791 1.21429
37523 1.16111
23724 1.09351
6262 1.09286
9850 1.08377
23696 1.00833
6602 0.992857
18328 0.955952
3936 0.909524
20211 0.897619
32885 0.859048
26021 0.852814
40883 0.833333
31283 0.817857
27799 0.798942
21889 0.798942
11453 0.758824
33767 0.75
10923 0.709499
17838 0.7
10361 0.6993
37924 0.639206
543 0.637698
31806 0.625
31952 0.616667
35734 0.580952
21993 0.561111
36018 0.540909
27514 0.533333
7955 0.516667
35346 0.504762
25780 0.49537
27595 0.492857
20250 0.464286
40897 0.45
17301 0.414286
23582 0.411111
20727 0.391667
15400 0.391667
31560 0.390909
22081 0.37037
30793 0.369167
23439 0.369167
22711 0.369167
2885 0.369167
27766 0.361111
29143 0.357143
8626 0.35
23081 0.333333
6901 0.320076
8465 0.308824
24414 0.288034
13763 0.288034
3379 0.288034
26152 0.285256
32888 0.279894
28345 0.279894
24002 0.279894
16789 0.279894
24028 0.27381
20350 0.27381
20106 0.27381
21199 0.26619
25337 0.257576
9665 0.257576
35646 0.25
27667 0.25
20170 0.25
13463 0.25
8962 0.25
39102 0.248352
34433 0.234499
33185 0.234499
27963 0.234499
17715 0.234499
1642 0.234499
36457 0.227513
13635 0.2
11758 0.2
10737 0.2
7054 0.2
6941 0.2
4123 0.2
35219 0.166667
32229 0.166667
31586 0.166667
29777 0.166667
29113 0.166667
27410 0.166667
26263 0.166667
22502 0.166667
18130 0.166667
14886 0.166667
14316 0.166667
11113 0.166667
9466 0.166667
5087 0.166667
2560 0.166667
52 0.166667
556 0.150119
28058 0.142857
35253 0.125
33007 0.125
18798 0.125
15599 0.125
11173 0.125
7250 0.125
36168 0.111111
13194 0.111111
5748 0.111111
39947 0.1
38535 0.1
35369 0.1
33633 0.1
28552 0.1
27989 0.1
25668 0.1
24106 0.1
23769 0.1
23736 0.1
22380 0.1
20356 0.1
20273 0.1
18563 0.1
17373 0.1
17154 0.1
16968 0.1
13063 0.1
11080 0.1
10405 0.1
9104 0.1
110 0.1
9561 0.0909091
38902 0.0833333
38151 0.0833333
37010 0.0833333
34650 0.0833333
21518 0.0833333
19263 0.0833333
34265 0.0769231
24825 0.0769231
21441 0.0769231
5766 0.0769231
878 0.0769231
743 0.0769231
39661 0.0714286
35766 0.0714286
35691 0.0714286
32930 0.0714286
32043 0.0714286
31894 0.0714286
28381 0.0714286
28094 0.0714286
22083 0.0714286
16947 0.0714286
12466 0.0714286
11077 0.0714286
9862 0.0714286
6252 0.0714286
1462 0.0714286
37876 0.0666667
34459 0.0666667
31509 0.0666667
28433 0.0666667
14430 0.0666667
13851 0.0666667
13708 0.0666667
10581 0.0666667
3168 0.0666667
2647 0.0666667
1313 0.0666667
37441 0.0625
30417 0.0625
28635 0.0625
18116 0.0625
4551 0.0625
565 0.0625
35726 0.0588235
30054 0.0588235
26187 0.0588235
16034 0.0588235
13254 0.0588235
12381 0.0588235
3342 0.0588235
1975 0.0588235
746 0.0588235
33033 0.047619
21757 0.047619
21703 0.047619
19424 0.047619
18248 0.047619
15416 0.047619
12569 0.047619
12393 0.047619
6654 0.047619
39962 0.04
38010 0.04
37534 0.04
32620 0.04
29077 0.04
23370 0.04
4386 0.04
3939 0.04
2869 0.04
233 0.04
33387 0.037037
27453 0.037037
27239 0.037037
26323 0.037037
25659 0.037037
23206 0.037037
20177 0.037037
16076 0.037037
14934 0.037037
11909 0.037037
9196 0.037037
8419 0.037037
6592 0.037037
5869 0.037037
2749 0.037037
40980 0
40979 0
40978 0
40977 0
40976 0
40975 0
40974 0
40973 0
40972 0
40971 0
40970 0
40969 0
40968 0
40967 0
40966 0
40965 0
40964 0
40963 0
40962 0
40961 0
40960 0
40959 0
40958 0
40957 0
40956 0
40955 0
40954 0
40953 0
40952 0
40951 0
40950 0
40949 0
40948 0
40947 0
40946 0
40945 0
40944 0
40943 0
40942 0
40941 0
40940 0
40939 0
40938 0
40937 0
40936 0
40935 0
40934 0
40933 0
40932 0
40931 0
40930 0
40929 0
40928 0
40927 0
40926 0
40925 0
40924 0
40923 0
40922 0
40921 0
40920 0
40919 0
40918 0
40917 0
40916 0
40915 0
40914 0
40913 0
40912 0
40911 0
40910 0
40909 0
40908 0
40907 0
40906 0
40905 0
40904 0
40903 0
40902 0
40901 0
40900 0
40899 0
40898 0
40896 0
40895 0
40894 0
40893 0
40892 0
40891 0
40890 0
40889 0
40888 0
40887 0
40886 0
40885 0
40884 0
40882 0
40881 0
40880 0
40879 0
40878 0
40877 0
40876 0
40875 0
40874 0
40873 0
40872 0
40871 0
40870 0
40869 0
40868 0
40867 0
40866 0
40865 0
40864 0
40863 0
40862 0
40861 0
40860 0
40859 0
40858 0
40857 0
40856 0
40855 0
40854 0
40852 0
40851 0
40850 0
40849 0
40848 0
40847 0
40846 0
40845 0
40844 0
40843 0
40842 0
40841 0
40840 0
40839 0
40838 0
40837 0
40836 0
40835 0
40834 0
40833 0
40832 0
40831 0
40830 0
40829 0
40828 0
40827 0
40826 0
40825 0
40824 0
40823 0
40822 0
40821 0
40820 0
40819 0
40818 0
40817 0
40816 0
40815 0
40814 0
40813 0
40812 0
40811 0
40810 0
40809 0
40808 0
40807 0
40806 0
40805 0
40804 0
40803 0
40802 0
40801 0
40800 0
40799 0
40798 0
40797 0
40796 0
40795 0
40794 0
40793 0
40792 0
40791 0
40790 0
40789 0
40788 0
40787 0
40786 0
40785 0
40784 0
40783 0
40782 0
40781 0
40780 0
40779 0
40778 0
40777 0
40776 0
40775 0
40774 0
40773 0
40772 0
40771 0
40770 0
40769 0
40768 0
40767 0
40766 0
40765 0
40764 0
40763 0
40762 0
40761 0
40760 0
40759 0
40758 0
40757 0
40756 0
40755 0
40754 0
40753 0
40752 0
40751 0
40750 0
40749 0
40748 0
40747 0
40746 0
40745 0
40744 0
40743 0
40742 0
40741 0
40740 0
40739 0
40738 0
40737 0
40736 0
40735 0
40734 0
40733 0
40732 0
40731 0
40730 0
40729 0
40728 0
40727 0
40726 0
40725 0
40724 0
40723 0
40722 0
40721 0
40720 0
40719 0
40718 0
40717 0
