7708 5.56541
37402 1.64937
17634 1.31723
26892 1.2103
23014 1.2103
27514 1.01879
31301 0.948414
40573 0.911905
919 0.855915
4691 0.840864
52 0.774329
6644 0.710626
27431 0.632628
28444 0.621989
9487 0.582706
30320 0.497813
13432 0.406566
24237 0.399878
13646 0.399878
3928 0.348541
29746 0.330252
26750 0.29524
23658 0.273232
14311 0.273232
40829 0.247304
10036 0.247304
2633 0.247304
29997 0.239805
10737 0.239805
23283 0.223665
2249 0.222285
27844 0.205816
26808 0.205816
8508 0.205816
33667 0.2
23309 0.2
11658 0.2
3112 0.2
40078 0.181573
24886 0.176557
5663 0.169608
3336 0.169608
30680 0.142857
27951 0.142045
1427 0.142045
26555 0.13952
13003 0.13952
25817 0.125
20169 0.125
4507 0.125
3245 0.125
24756 0.121339
22402 0.121339
6096 0.121339
16614 0.11187
13990 0.111111
37940 0.110945
4794 0.110945
4538 0.110945
23013 0.105873
14914 0.105873
7452 0.105873
4405 0.105873
33189 0.0955995
23551 0.0955995
14677 0.0955995
11615 0.0955995
11506 0.0955995
8538 0.0955995
3363 0.0955995
363 0.0955995
33383 0.0929412
22054 0.0929412
26440 0.0909091
22502 0.0909091
11968 0.0909091
9846 0.0909091
38562 0.0908639
37176 0.0908639
3494 0.0908639
40968 0.0896013
34963 0.0896013
32392 0.0896013
31986 0.0896013
25980 0.0896013
13640 0.0896013
5693 0.0833333
40615 0.0714286
38357 0.0714286
34032 0.0714286
32959 0.0714286
31975 0.0714286
28265 0.0714286
27434 0.0714286
18661 0.0714286
16791 0.0714286
13907 0.0714286
13035 0.0714286
2659 0.0714286
30043 0.0666667
22594 0.0666667
12518 0.0666667
21097 0.0659615
19295 0.0659615
19041 0.0659615
15637 0.0659615
9621 0.0659615
32852 0.0588235
32282 0.0588235
27512 0.0588235
22588 0.0588235
14466 0.0588235
2988 0.0588235
1259 0.0588235
39112 0.0454545
37221 0.0454545
34768 0.0454545
34704 0.0454545
30611 0.0454545
24803 0.0454545
20129 0.0454545
13334 0.0454545
12431 0.0454545
3880 0.0454545
3856 0.0454545
33825 0.0434783
32797 0.0434783
30462 0.0434783
24270 0.0434783
21113 0.0434783
20035 0.0434783
15237 0.0434783
15124 0.0434783
14211 0.0434783
13341 0.0434783
11958 0.0434783
11196 0.0434783
5037 0.0434783
4632 0.0434783
2867 0.0434783
36051 0.0384615
25220 0.0384615
24986 0.0384615
14544 0.0384615
12709 0.0384615
11630 0.0384615
31041 0.030303
27352 0.030303
25725 0.030303
25600 0.030303
24518 0.030303
20809 0.030303
17114 0.030303
8019 0.030303
40479 0.0277778
40381 0.0277778
39649 0.0277778
36876 0.0277778
32359 0.0277778
29554 0.0277778
25944 0.0277778
25681 0.0277778
23663 0.0277778
19101 0.0277778
16682 0.0277778
16404 0.0277778
15446 0.0277778
15095 0.0277778
12419 0.0277778
11836 0.0277778
9831 0.0277778
1267 0.0277778
186 0.0277778
39743 0.0208333
36623 0.0208333
36292 0.0208333
36045 0.0208333
35437 0.0208333
32136 0.0208333
28811 0.0208333
28382 0.0208333
28123 0.0208333
26395 0.0208333
25526 0.0208333
22560 0.0208333
22228 0.0208333
21983 0.0208333
19847 0.0208333
19583 0.0208333
15891 0.0208333
15352 0.0208333
13845 0.0208333
12243 0.0208333
12221 0.0208333
6565 0.0208333
6504 0.0208333
2016 0.0208333
1979 0.0208333
29977 0.0196078
27886 0.0196078
25399 0.0196078
24649 0.0196078
24382 0.0196078
23655 0.0196078
23154 0.0196078
20489 0.0196078
20229 0.0196078
19925 0.0196078
18274 0.0196078
17075 0.0196078
16953 0.0196078
13935 0.0196078
11108 0.0196078
10731 0.0196078
9105 0.0196078
8867 0.0196078
8521 0.0196078
7032 0.0196078
6794 0.0196078
6656 0.0196078
5153 0.0196078
3434 0.0196078
1298 0.0196078
40758 0.00666667
40706 0.00666667
40661 0.00666667
39711 0.00666667
39616 0.00666667
38646 0.00666667
38289 0.00666667
37103 0.00666667
36606 0.00666667
36211 0.00666667
36206 0.00666667
35592 0.00666667
35472 0.00666667
35361 0.00666667
34495 0.00666667
34357 0.00666667
33708 0.00666667
33331 0.00666667
33069 0.00666667
31861 0.00666667
31662 0.00666667
31298 0.00666667
31294 0.00666667
31061 0.00666667
31021 0.00666667
30167 0.00666667
29408 0.00666667
28527 0.00666667
28305 0.00666667
27892 0.00666667
27834 0.00666667
27713 0.00666667
27132 0.00666667
27021 0.00666667
26978 0.00666667
26400 0.00666667
26088 0.00666667
25652 0.00666667
25413 0.00666667
25379 0.00666667
25352 0.00666667
25118 0.00666667
24818 0.00666667
24335 0.00666667
23987 0.00666667
23849 0.00666667
23366 0.00666667
23059 0.00666667
22890 0.00666667
22526 0.00666667
22422 0.00666667
21816 0.00666667
21774 0.00666667
21345 0.00666667
20546 0.00666667
19898 0.00666667
19589 0.00666667
18934 0.00666667
18655 0.00666667
17599 0.00666667
17585 0.00666667
17515 0.00666667
17272 0.00666667
16622 0.00666667
14779 0.00666667
14565 0.00666667
14394 0.00666667
14377 0.00666667
14001 0.00666667
13541 0.00666667
13540 0.00666667
12885 0.00666667
11075 0.00666667
10980 0.00666667
10602 0.00666667
10472 0.00666667
10457 0.00666667
10322 0.00666667
9795 0.00666667
8955 0.00666667
8263 0.00666667
7691 0.00666667
7024 0.00666667
6815 0.00666667
6692 0.00666667
6414 0.00666667
5355 0.00666667
5130 0.00666667
4970 0.00666667
3938 0.00666667
3863 0.00666667
3600 0.00666667
2958 0.00666667
2854 0.00666667
2204 0.00666667
1091 0.00666667
1027 0.00666667
952 0.00666667
680 0.00666667
503 0.00666667
187 0.00666667
57 0.00666667
40980 0
40979 0
40978 0
40977 0
40976 0
40975 0
40974 0
40973 0
40972 0
40971 0
40970 0
40969 0
40967 0
40966 0
40965 0
40964 0
40963 0
40962 0
40961 0
40960 0
40959 0
40958 0
40957 0
40956 0
40955 0
40954 0
40953 0
40952 0
40951 0
40950 0
40949 0
40948 0
40947 0
40946 0
40945 0
40944 0
40943 0
40942 0
40941 0
40940 0
40939 0
40938 0
40937 0
40936 0
40935 0
40934 0
40933 0
40932 0
40931 0
40930 0
40929 0
40928 0
40927 0
40926 0
40925 0
40924 0
40923 0
40922 0
40921 0
40920 0
40919 0
40918 0
40917 0
40916 0
40915 0
40914 0
40913 0
40912 0
40911 0
40910 0
40909 0
40908 0
40907 0
40906 0
40905 0
40904 0
40903 0
40902 0
40901 0
40900 0
40899 0
40898 0
40897 0
40896 0
40895 0
40894 0
40893 0
40892 0
40891 0
40890 0
40889 0
40888 0
40887 0
40886 0
40885 0
40884 0
40883 0
40882 0
40881 0
40880 0
40879 0
40878 0
40877 0
40876 0
40875 0
40874 0
40873 0
40872 0
40871 0
40870 0
40869 0
40868 0
40867 0
40865 0
40864 0
40863 0
40862 0
40861 0
40860 0
40859 0
40858 0
40857 0
40856 0
40855 0
40854 0
40853 0
40852 0
40851 0
40850 0
40849 0
40848 0
40847 0
40846 0
40845 0
40844 0
40843 0
40842 0
40841 0
40840 0
40839 0
40838 0
40837 0
40836 0
40835 0
40834 0
40833 0
40832 0
40831 0
40830 0
40828 0
40827 0
40826 0
40825 0
40824 0
40823 0
40822 0
40821 0
40820 0
40819 0
40818 0
40817 0
40816 0
40815 0
40814 0
40813 0
40812 0
40811 0
40810 0
40809 0
40808 0
40807 0
40806 0
40805 0
40804 0
40803 0
