34896 17.4615
1975 16.7984
33972 15.8627
1866 13.7743
6170 10.7156
35467 9.45106
33605 7.70827
33294 7.70827
28816 7.70827
9793 7.61189
32434 6.41544
30054 5.83565
36474 5.17602
15922 1.8978
19032 1.56566
21320 1.09954
20706 1.06434
10547 0.837943
22594 0.793246
25983 0.659499
29428 0.655911
31301 0.618461
8261 0.49864
32467 0.467857
28322 0.466667
12544 0.443355
21810 0.428564
15236 0.42803
34916 0.425401
2560 0.368687
28457 0.363743
25002 0.361111
36191 0.333333
25183 0.333333
21102 0.327381
8225 0.313034
25552 0.271368
25611 0.267857
35822 0.25
33184 0.25
23843 0.25
9297 0.25
6946 0.25
29427 0.244755
25525 0.242816
8210 0.241414
5954 0.241414
35045 0.232226
11202 0.225817
24028 0.212843
20350 0.212843
14886 0.212843
35255 0.2
32809 0.2
25262 0.2
23696 0.2
27514 0.196239
19566 0.196239
13432 0.196239
919 0.196239
38704 0.190016
23069 0.178852
16212 0.173906
32951 0.166667
14824 0.166667
8058 0.166667
3605 0.166667
35925 0.157197
35287 0.157197
25865 0.157197
19141 0.157197
10006 0.157197
35497 0.142857
20281 0.142857
19118 0.142857
17546 0.142857
3148 0.125
28116 0.111315
28447 0.111111
26412 0.111111
18764 0.111111
15603 0.111111
9238 0.111111
3237 0.111111
38900 0.1
27897 0.1
27895 0.1
17457 0.1
9944 0.1
9936 0.1
9561 0.1
3969 0.1
30180 0.098478
26795 0.098478
25587 0.098478
13543 0.098478
7319 0.098478
23499 0.0909091
16968 0.0909091
15509 0.0909091
11173 0.0909091
11093 0.0909091
1471 0.0909091
38243 0.0833333
28738 0.0833333
25534 0.0833333
1936 0.0833333
39144 0.0769231
35267 0.0769231
33921 0.0769231
32919 0.0769231
32790 0.0769231
28684 0.0769231
26686 0.0769231
12299 0.0769231
30478 0.0714286
22998 0.0714286
17368 0.0714286
10361 0.0714286
40546 0.0666667
26213 0.0625
19776 0.0625
17155 0.0625
18663 0.0555556
16862 0.0555556
22239 0.0526316
1734 0.0526316
37540 0.0473461
33656 0.0473461
31480 0.0473461
24296 0.0473461
20229 0.0473461
20167 0.0473461
20035 0.0473461
17634 0.0473461
16946 0.0473461
16915 0.0473461
15658 0.0473461
15115 0.0473461
13157 0.0473461
10737 0.0473461
10358 0.0473461
7691 0.0473461
6096 0.0473461
5663 0.0473461
2633 0.0473461
2289 0.0473461
1638 0.0473461
186 0.0473461
52 0.0473461
36571 0.0416667
35046 0.0416667
25785 0.0416667
25175 0.0416667
21859 0.0416667
16512 0.0416667
15002 0.0416667
13713 0.0416667
12109 0.0416667
8501 0.0416667
28603 0.0344828
22326 0.0344828
19057 0.0344828
11447 0.0344828
7358 0.0344828
5011 0.0344828
1781 0.0344828
27886 0.030303
24825 0.030303
20106 0.030303
13043 0.030303
11587 0.030303
8465 0.030303
8083 0.030303
7628 0.030303
5364 0.030303
3136 0.030303
2263 0.030303
878 0.030303
22228 0.0212766
40001 0.0147059
37176 0.0147059
35879 0.0147059
33825 0.0147059
32797 0.0147059
30951 0.0147059
27449 0.0147059
27425 0.0147059
27322 0.0147059
24818 0.0147059
24013 0.0147059
20174 0.0147059
19243 0.0147059
18890 0.0147059
16659 0.0147059
15237 0.0147059
15124 0.0147059
14384 0.0147059
14211 0.0147059
12928 0.0147059
11958 0.0147059
11196 0.0147059
9023 0.0147059
8953 0.0147059
5693 0.0147059
3494 0.0147059
3025 0.0147059
39695 0.0113636
35490 0.0113636
33078 0.0113636
32760 0.0113636
30972 0.0113636
28562 0.0113636
26892 0.0113636
26097 0.0113636
25750 0.0113636
25472 0.0113636
24382 0.0113636
23813 0.0113636
23154 0.0113636
23014 0.0113636
20489 0.0113636
19402 0.0113636
18274 0.0113636
17075 0.0113636
12800 0.0113636
12327 0.0113636
10731 0.0113636
10073 0.0113636
8867 0.0113636
8068 0.0113636
6983 0.0113636
6365 0.0113636
6061 0.0113636
5153 0.0113636
5100 0.0113636
3740 0.0113636
363 0.0113636
40980 0
40979 0
40978 0
40977 0
40976 0
40975 0
40974 0
40973 0
40972 0
40971 0
40970 0
40969 0
40968 0
40967 0
40966 0
40965 0
40964 0
40963 0
40962 0
40961 0
40960 0
40959 0
40958 0
40956 0
40955 0
40954 0
40953 0
40952 0
40951 0
40950 0
40949 0
40948 0
40947 0
40946 0
40945 0
40944 0
40943 0
40942 0
40941 0
40940 0
40939 0
40938 0
40937 0
40936 0
40935 0
40934 0
40933 0
40932 0
40931 0
40930 0
40929 0
40928 0
40927 0
40926 0
40925 0
40924 0
40923 0
40922 0
40921 0
40920 0
40919 0
40918 0
40917 0
40916 0
40915 0
40914 0
40913 0
40912 0
40911 0
40910 0
40909 0
40908 0
40907 0
40906 0
40905 0
40904 0
40903 0
40902 0
40901 0
40900 0
40899 0
40898 0
40897 0
40896 0
40895 0
40894 0
40893 0
40892 0
40891 0
40890 0
40889 0
40888 0
40887 0
40886 0
40885 0
40884 0
40883 0
40882 0
40881 0
40880 0
40879 0
40878 0
40877 0
40876 0
40875 0
40874 0
40873 0
40872 0
40871 0
40870 0
40869 0
40868 0
40867 0
40866 0
40865 0
40864 0
40863 0
40862 0
40861 0
40860 0
40859 0
40858 0
40857 0
40856 0
40855 0
40854 0
40853 0
40852 0
40851 0
40850 0
40849 0
40848 0
40847 0
40846 0
40845 0
40844 0
40843 0
40842 0
40841 0
40840 0
40839 0
40838 0
40837 0
40836 0
40835 0
40834 0
40833 0
40832 0
40831 0
40830 0
40829 0
40828 0
40827 0
40826 0
40825 0
40824 0
40823 0
40822 0
40821 0
40820 0
40819 0
40818 0
40817 0
40816 0
40815 0
40814 0
40813 0
40812 0
40811 0
40810 0
40809 0
40808 0
40807 0
40806 0
40805 0
40804 0
40803 0
40802 0
40801 0
40800 0
40799 0
40798 0
40797 0
40796 0
40795 0
40794 0
40793 0
40792 0
40791 0
40790 0
40789 0
40788 0
40787 0
40786 0
40785 0
40784 0
40783 0
40782 0
40781 0
40780 0
40779 0
40778 0
40777 0
40776 0
40775 0
40774 0
40773 0
40772 0
40771 0
40770 0
40769 0
40768 0
40767 0
40766 0
40765 0
40764 0
40763 0
40762 0
40761 0
40760 0
40759 0
40758 0
40757 0
40756 0
40755 0
40754 0
40753 0
40752 0
40751 0
40750 0
40749 0
40748 0
40747 0
40746 0
40745 0
40744 0
40743 0
40742 0
40741 0
40740 0
40739 0
40738 0
40737 0
40736 0
40735 0
40734 0
40733 0
40732 0
40731 0
40730 0
40729 0
40728 0
40727 0
40726 0
40725 0
40724 0
40723 0
40722 0
40721 0
40720 0
40719 0
40718 0
