23837 9.84794
24633 5.00267
37920 2.35184
28776 2.25565
1030 2.21057
31105 2.04793
34488 1.87549
12785 1.2461
8965 1.20724
29071 0.933249
1840 0.928354
22950 0.75
6704 0.741546
39316 0.726316
22444 0.701406
19205 0.701406
34317 0.681746
14129 0.662763
28409 0.648256
11089 0.545671
38665 0.527481
26301 0.503672
3665 0.503239
37715 0.457268
29857 0.409524
38631 0.403239
22746 0.374447
15684 0.359524
40630 0.343776
37268 0.333333
30566 0.333333
22162 0.333333
24068 0.332816
33975 0.312792
34630 0.3
30857 0.27619
34065 0.25
31764 0.25
7207 0.248167
10316 0.242157
3257 0.242157
12848 0.234181
15727 0.205556
15218 0.205556
38449 0.2
29879 0.2
3584 0.2
25972 0.196919
13776 0.181078
29604 0.179083
26043 0.176623
25956 0.176623
27558 0.169906
39592 0.166667
35810 0.166667
31540 0.166667
17937 0.166667
11222 0.166667
35658 0.162698
40712 0.142857
17483 0.142857
11027 0.142857
1158 0.142857
36296 0.125
35498 0.111111
7495 0.111111
32830 0.108574
13340 0.108574
7570 0.108574
23652 0.1
16584 0.1
5541 0.1
1470 0.1
28406 0.0909091
27770 0.0909091
21716 0.0909091
38919 0.0833333
36866 0.0833333
32884 0.0833333
15638 0.0833333
13852 0.0833333
13597 0.0833333
1208 0.0833333
27428 0.0769231
18142 0.0769231
12254 0.0769231
6940 0.0769231
35950 0.0714286
35318 0.0714286
28012 0.0714286
25735 0.0714286
7240 0.0714286
3531 0.0714286
31772 0.0666667
21410 0.0666667
20195 0.0666667
6601 0.0666667
34956 0.0588235
31922 0.0588235
29291 0.0588235
21015 0.0588235
17566 0.0588235
13734 0.0588235
9960 0.0588235
36490 0.0555556
28376 0.0555556
25229 0.0555556
24120 0.0555556
21657 0.0555556
8202 0.0555556
3536 0.0555556
39976 0.05
38474 0.05
29725 0.05
21108 0.05
20255 0.05
18793 0.05
3836 0.05
3261 0.05
34302 0.0357143
33853 0.0357143
32585 0.0357143
31731 0.0357143
31607 0.0357143
30567 0.0357143
28977 0.0357143
27942 0.0357143
23047 0.0357143
22801 0.0357143
21977 0.0357143
12754 0.0357143
10211 0.0357143
8943 0.0357143
3306 0.0357143
775 0.0357143
38269 0.0322581
35713 0.0322581
22067 0.0322581
21220 0.0322581
13814 0.0322581
9630 0.0322581
9376 0.0322581
8150 0.0322581
7184 0.0322581
6453 0.0322581
31877 0.0263158
30049 0.0263158
27609 0.0263158
23324 0.0263158
18556 0.0263158
15563 0.0263158
12833 0.0263158
1878 0.0263158
40980 0
40979 0
40978 0
40977 0
40976 0
40975 0
40974 0
40973 0
40972 0
40971 0
40970 0
40969 0
40968 0
40967 0
40966 0
40965 0
40963 0
40962 0
40961 0
40960 0
40959 0
40958 0
40957 0
40956 0
40955 0
40954 0
40953 0
40952 0
40951 0
40950 0
40949 0
40948 0
40947 0
40946 0
40945 0
40944 0
40943 0
40942 0
40941 0
40940 0
40939 0
40938 0
40937 0
40936 0
40935 0
40934 0
40933 0
40932 0
40931 0
40930 0
40929 0
40928 0
40927 0
40926 0
40925 0
40924 0
40923 0
40922 0
40921 0
40920 0
40919 0
40918 0
40917 0
40916 0
40915 0
40914 0
40913 0
40912 0
40911 0
40910 0
40909 0
40908 0
40907 0
40906 0
40905 0
40904 0
40903 0
40902 0
40901 0
40900 0
40899 0
40898 0
40897 0
40896 0
40895 0
40894 0
40893 0
40892 0
40891 0
40890 0
40889 0
40888 0
40887 0
40886 0
40885 0
40884 0
40883 0
40882 0
40881 0
40880 0
40879 0
40878 0
40877 0
40876 0
40875 0
40874 0
40873 0
40872 0
40871 0
40870 0
40869 0
40868 0
40867 0
40866 0
40865 0
40864 0
40863 0
40862 0
40861 0
40860 0
40859 0
40858 0
40857 0
40856 0
40855 0
40854 0
40853 0
40852 0
40851 0
40850 0
40849 0
40848 0
40847 0
40846 0
40845 0
40844 0
40843 0
40842 0
40841 0
40840 0
40839 0
40838 0
40837 0
40836 0
40835 0
40834 0
40833 0
40832 0
40831 0
40830 0
40829 0
40828 0
40827 0
40826 0
40825 0
40824 0
40823 0
40822 0
40821 0
40820 0
40819 0
40818 0
40817 0
40816 0
40815 0
40814 0
40813 0
40812 0
40811 0
40810 0
40809 0
40808 0
40807 0
40806 0
40805 0
40804 0
40803 0
40802 0
40801 0
40800 0
40799 0
40798 0
40797 0
40796 0
40795 0
40794 0
40793 0
40792 0
40791 0
40790 0
40789 0
40788 0
40787 0
40786 0
40785 0
40784 0
40783 0
40782 0
40781 0
40780 0
40779 0
40778 0
40777 0
40776 0
40775 0
40774 0
40773 0
40772 0
40771 0
40770 0
40769 0
40768 0
40767 0
40766 0
40765 0
40764 0
40763 0
40762 0
40761 0
40760 0
40759 0
40758 0
40757 0
40756 0
40755 0
40754 0
40753 0
40752 0
40751 0
40750 0
40749 0
40748 0
40747 0
40746 0
40745 0
40744 0
40743 0
40742 0
40741 0
40740 0
40739 0
40738 0
40737 0
40736 0
40735 0
40734 0
40733 0
40732 0
40731 0
40730 0
40729 0
40728 0
40727 0
40726 0
40725 0
40724 0
40723 0
40722 0
40721 0
40720 0
40719 0
40718 0
40717 0
40716 0
40715 0
40714 0
40713 0
40711 0
40710 0
40709 0
40708 0
40707 0
40706 0
40705 0
40704 0
40703 0
40702 0
40701 0
40700 0
40699 0
40698 0
40697 0
40696 0
40695 0
40694 0
40693 0
40692 0
40691 0
40690 0
40689 0
40688 0
40687 0
40686 0
40685 0
40684 0
40683 0
40682 0
40681 0
40680 0
40679 0
40678 0
40677 0
40676 0
40675 0
40674 0
40673 0
40672 0
40671 0
40670 0
40669 0
40668 0
40667 0
40666 0
40665 0
40664 0
40663 0
40662 0
40661 0
40660 0
40659 0
40658 0
40657 0
40656 0
40655 0
40654 0
40653 0
40652 0
40651 0
40650 0
40649 0
40648 0
40647 0
40646 0
40645 0
40644 0
40643 0
40642 0
40641 0
40640 0
40639 0
40638 0
40637 0
40636 0
40635 0
40634 0
40633 0
40632 0
