31301 23.8026
7708 7.36377
5693 2.97068
32885 2.74167
26750 2.48793
10923 2.2673
2838 2.18832
17634 2.13223
8186 2.09774
13646 1.78333
9831 1.69841
28038 1.69679
2304 1.66026
12431 1.51254
26892 1.41345
38662 1.26781
2160 1.21809
12243 1.19286
37711 1.15238
6262 1.13073
39171 1.12882
9378 1.05397
32546 0.880952
36623 0.833333
32021 0.833333
3245 0.781952
13334 0.750567
29996 0.750567
19053 0.722222
7758 0.711447
3382 0.7
40573 0.677731
32921 0.666667
32852 0.666667
25880 0.661022
21275 0.657912
20858 0.657594
738 0.65
18644 0.642857
17312 0.604701
19703 0.590909
20966 0.559524
15215 0.55
39861 0.540909
13432 0.535714
7894 0.517262
9519 0.516667
25446 0.5
32934 0.499236
23014 0.494762
1210 0.489492
363 0.477778
23877 0.457576
11113 0.45
20407 0.4375
8067 0.434524
30121 0.428571
17127 0.414888
29154 0.408333
26159 0.408333
9846 0.404762
6644 0.398413
40869 0.374242
19032 0.371429
26923 0.348352
2249 0.344877
10880 0.339827
20850 0.334099
36734 0.333333
35602 0.333333
31930 0.333333
16071 0.333333
9197 0.333333
8508 0.333333
6619 0.333333
3856 0.333333
37087 0.326923
52 0.325145
34704 0.320401
1091 0.313131
13925 0.3125
27322 0.310036
27982 0.303968
33490 0.292929
4405 0.274376
32620 0.271368
25016 0.263095
23059 0.259524
8672 0.259524
34825 0.25
34463 0.25
34032 0.25
32814 0.25
32261 0.25
28760 0.25
27785 0.25
27094 0.25
26160 0.25
26011 0.25
23813 0.25
18950 0.25
17714 0.25
16310 0.25
13410 0.25
12466 0.25
5723 0.25
4943 0.25
4851 0.25
3567 0.25
21641 0.240909
37501 0.240188
16945 0.226703
4406 0.226623
12572 0.217721
5110 0.217721
15603 0.213095
13881 0.209181
39112 0.205816
6823 0.201054
34917 0.2
33483 0.2
32103 0.2
29360 0.2
28961 0.2
27003 0.2
23696 0.2
19173 0.2
17515 0.2
17238 0.2
16118 0.2
10786 0.2
10036 0.2
9946 0.2
9668 0.2
3575 0.2
808 0.2
261 0.2
8163 0.195556
40382 0.170833
10980 0.170833
24619 0.170833
22288 0.170833
9654 0.170833
40205 0.167298
2712 0.167298
40268 0.166667
35778 0.166667
33078 0.166667
32390 0.166667
29828 0.166667
28657 0.166667
27951 0.166667
23211 0.166667
22465 0.166667
21686 0.166667
21097 0.166667
20489 0.166667
18328 0.166667
12176 0.166667
11179 0.166667
8036 0.166667
7139 0.166667
2850 0.166667
987 0.166667
10737 0.164737
22724 0.162879
2775 0.162879
34973 0.142857
31510 0.142857
29504 0.142857
25543 0.142857
22830 0.142857
16791 0.142857
16235 0.142857
14565 0.142857
13466 0.142857
9147 0.142857
6616 0.142857
6487 0.142857
1320 0.142857
149 0.142857
29498 0.135145
9341 0.135145
39791 0.125
38772 0.125
36436 0.125
35017 0.125
34799 0.125
32220 0.125
31196 0.125
28092 0.125
27799 0.125
26789 0.125
25634 0.125
23309 0.125
22711 0.125
18011 0.125
14685 0.125
6033 0.125
830 0.125
21724 0.119442
9683 0.119442
5486 0.119442
22402 0.112075
40802 0.111111
39131 0.111111
37176 0.111111
24456 0.111111
23849 0.111111
20621 0.111111
16978 0.111111
15839 0.111111
11958 0.111111
10730 0.111111
7065 0.111111
1163 0.111111
21399 0.100711
11587 0.100711
10131 0.100711
39940 0.1
39695 0.1
39270 0.1
37857 0.1
37091 0.1
36319 0.1
32717 0.1
30996 0.1
30092 0.1
29115 0.1
27172 0.1
26310 0.1
26288 0.1
25983 0.1
22758 0.1
17999 0.1
17726 0.1
10953 0.1
8068 0.1
6061 0.1
3936 0.1
3325 0.1
1975 0.1
503 0.1
20809 0.0926662
2633 0.0926662
2289 0.0926662
919 0.0926662
38081 0.0909091
33708 0.0909091
33272 0.0909091
31265 0.0909091
27366 0.0909091
23802 0.0909091
21022 0.0909091
19101 0.0909091
17272 0.0909091
17159 0.0909091
14541 0.0909091
13509 0.0909091
13142 0.0909091
9842 0.0909091
3152 0.0909091
1829 0.0909091
1288 0.0909091
40031 0.0833333
39414 0.0833333
39319 0.0833333
35985 0.0833333
33712 0.0833333
31331 0.0833333
29790 0.0833333
28543 0.0833333
16180 0.0833333
15183 0.0833333
12313 0.0833333
9487 0.0833333
8579 0.0833333
8526 0.0833333
8525 0.0833333
6296 0.0833333
5214 0.0833333
2839 0.0833333
36996 0.0769231
30054 0.0769231
28498 0.0769231
25472 0.0769231
25032 0.0769231
17123 0.0769231
15748 0.0769231
12092 0.0769231
11128 0.0769231
8261 0.0769231
7231 0.0769231
6992 0.0769231
3158 0.0769231
3112 0.0769231
2043 0.0769231
1177 0.0769231
31329 0.0714286
26960 0.0714286
26083 0.0714286
25631 0.0714286
25295 0.0714286
25083 0.0714286
23582 0.0714286
18960 0.0714286
17767 0.0714286
17301 0.0714286
16166 0.0714286
10445 0.0714286
4822 0.0714286
38037 0.0666667
34611 0.0666667
29210 0.0666667
27759 0.0666667
24133 0.0666667
19955 0.0666667
19939 0.0666667
14705 0.0666667
29059 0.0555556
28562 0.0555556
26874 0.0555556
26088 0.0555556
25982 0.0555556
21983 0.0555556
12524 0.0555556
5100 0.0555556
3740 0.0555556
39743 0.05
39515 0.05
38377 0.05
36206 0.05
36051 0.05
34495 0.05
33814 0.05
33189 0.05
31816 0.05
29997 0.05
27844 0.05
27434 0.05
16216 0.05
15446 0.05
14544 0.05
9040 0.05
8446 0.05
5738 0.05
5034 0.05
3363 0.05
37562 0.0434783
35191 0.0434783
30856 0.0434783
26555 0.0434783
21495 0.0434783
19657 0.0434783
7828 0.0434783
7013 0.0434783
40316 0.0416667
37987 0.0416667
34529 0.0416667
34355 0.0416667
31173 0.0416667
27399 0.0416667
24360 0.0416667
21622 0.0416667
18616 0.0416667
16652 0.0416667
11244 0.0416667
8608 0.0416667
33656 0.04
24862 0.04
20035 0.04
15115 0.04
10358 0.04
8867 0.04
6585 0.04
6096 0.04
40665 0.0357143
35732 0.0357143
33774 0.0357143
33151 0.0357143
32786 0.0357143
31990 0.0357143
28607 0.0357143
28352 0.0357143
27535 0.0357143
27514 0.0357143
27340 0.0357143
27281 0.0357143
26059 0.0357143
24962 0.0357143
23687 0.0357143
13919 0.0357143
9978 0.0357143
8580 0.0357143
7801 0.0357143
6012 0.0357143
35354 0.0322581
17531 0.0322581
14463 0.0322581
12928 0.0322581
12327 0.0322581
11847 0.0322581
5079 0.0322581
186 0.0322581
32975 0.030303
32767 0.030303
30780 0.030303
27762 0.030303
25462 0.030303
23579 0.030303
22125 0.030303
19605 0.030303
17507 0.030303
15643 0.030303
14172 0.030303
11615 0.030303
8937 0.030303
8563 0.030303
7881 0.030303
6856 0.030303
1970 0.030303
39616 0.0208333
37396 0.0208333
36467 0.0208333
35215 0.0208333
33341 0.0208333
33281 0.0208333
32282 0.0208333
31030 0.0208333
28535 0.0208333
26612 0.0208333
24796 0.0208333
23184 0.0208333
23029 0.0208333
22941 0.0208333
21151 0.0208333
18385 0.0208333
17406 0.0208333
16604 0.0208333
13762 0.0208333
11636 0.0208333
2884 0.0208333
2823 0.0208333
2106 0.0208333
1427 0.0208333
1323 0.0208333
38176 0.0204082
32862 0.0204082
29509 0.0204082
27886 0.0204082
27401 0.0204082
20736 0.0204082
19055 0.0204082
16527 0.0204082
16403 0.0204082
16271 0.0204082
13435 0.0204082
10009 0.0204082
7723 0.0204082
7024 0.0204082
2026 0.0204082
40980 0
40979 0
40978 0
40976 0
40975 0
40974 0
40973 0
40972 0
40971 0
40970 0
40969 0
40968 0
40967 0
40966 0
40965 0
40964 0
40963 0
40962 0
40961 0
40960 0
40959 0
40958 0
40957 0
40956 0
40955 0
40954 0
40953 0
40952 0
40951 0
40950 0
40949 0
40948 0
40947 0
40946 0
40945 0
40944 0
40943 0
40942 0
40941 0
