22706 4.14994
6345 3.39482
10537 1.88057
38970 1.66551
28573 1.39683
17687 1.20125
16014 1.19448
34971 0.996825
22263 0.960962
9561 0.941632
24414 0.886564
23696 0.814132
9665 0.789948
10947 0.673014
2209 0.664225
2647 0.621427
21542 0.606416
13028 0.522727
34167 0.519422
7750 0.51087
40883 0.509135
14654 0.492541
40310 0.488206
1989 0.477778
32732 0.38587
38316 0.366716
18246 0.338699
31199 0.33383
30242 0.333333
9260 0.333333
35156 0.323925
5771 0.286125
34433 0.274303
33185 0.274303
27963 0.274303
17715 0.274303
1642 0.274303
13911 0.25
13708 0.25
11086 0.25
13 0.25
15599 0.222866
31301 0.2
25989 0.2
18469 0.2
10600 0.2
1867 0.2
1017 0.2
878 0.2
6255 0.194897
2608 0.181531
25834 0.166667
20727 0.166667
6007 0.166667
5901 0.166667
26183 0.159664
2840 0.159664
19032 0.142857
18149 0.142857
12425 0.142857
1053 0.142857
11697 0.138377
939 0.138377
29132 0.125
28883 0.125
24282 0.125
12988 0.125
2628 0.125
36057 0.118588
30487 0.118588
33507 0.11475
25337 0.11475
10581 0.11475
17202 0.111903
24140 0.10673
37856 0.0909091
30952 0.0909091
27780 0.0909091
25287 0.0909091
21081 0.0909091
5174 0.0909091
4759 0.0909091
1629 0.0909091
19683 0.0877727
18798 0.0877727
10923 0.0877727
30586 0.0833333
28471 0.0833333
18995 0.0833333
16824 0.0833333
980 0.0833333
35835 0.0815508
16517 0.0815508
5198 0.0815508
5151 0.0815508
272 0.0815508
39035 0.0769231
37436 0.0769231
37426 0.0769231
35094 0.0769231
31169 0.0769231
27764 0.0769231
15110 0.0769231
7472 0.0769231
1796 0.0769231
26896 0.0753685
35339 0.0725394
28151 0.0725394
25781 0.0725394
16425 0.0725394
9773 0.0725394
14430 0.0714286
5748 0.0714286
34311 0.0625
31668 0.0625
21876 0.0625
17408 0.0625
40319 0.0588235
38137 0.0588235
35188 0.0588235
34776 0.0588235
27075 0.0588235
24223 0.0588235
24113 0.0588235
23631 0.0588235
22061 0.0588235
8696 0.0588235
40970 0.0472955
31715 0.0472955
28806 0.0472955
24812 0.0472955
14631 0.0472955
9958 0.0472955
2320 0.0472955
37094 0.0454545
15888 0.0454545
9163 0.0454545
7595 0.0454545
40707 0.037037
40287 0.037037
39496 0.037037
36974 0.037037
36307 0.037037
29063 0.037037
27065 0.037037
21075 0.037037
17771 0.037037
13113 0.037037
12385 0.037037
8993 0.037037
3084 0.037037
882 0.037037
37400 0.0322581
33675 0.0322581
32879 0.0322581
30588 0.0322581
26338 0.0322581
25246 0.0322581
16918 0.0322581
15836 0.0322581
39242 0.0294118
34553 0.0294118
33137 0.0294118
31652 0.0294118
31509 0.0294118
28505 0.0294118
22879 0.0294118
22674 0.0294118
21632 0.0294118
21621 0.0294118
15807 0.0294118
13735 0.0294118
12613 0.0294118
1456 0.0294118
743 0.0294118
40686 0.0227273
40613 0.0227273
40102 0.0227273
35035 0.0227273
27390 0.0227273
25630 0.0227273
23543 0.0227273
23188 0.0227273
22079 0.0227273
21486 0.0227273
18527 0.0227273
8000 0.0227273
6928 0.0227273
6317 0.0227273
5372 0.0227273
4290 0.0227273
4257 0.0227273
40465 0.0136986
40346 0.0136986
38723 0.0136986
38663 0.0136986
38514 0.0136986
38355 0.0136986
36428 0.0136986
36354 0.0136986
35872 0.0136986
35299 0.0136986
33743 0.0136986
32885 0.0136986
30975 0.0136986
30638 0.0136986
30302 0.0136986
29913 0.0136986
29143 0.0136986
28600 0.0136986
26035 0.0136986
24699 0.0136986
24295 0.0136986
24102 0.0136986
24034 0.0136986
23314 0.0136986
22594 0.0136986
22089 0.0136986
19442 0.0136986
18946 0.0136986
15613 0.0136986
14512 0.0136986
14160 0.0136986
13691 0.0136986
11785 0.0136986
10619 0.0136986
10318 0.0136986
10235 0.0136986
8716 0.0136986
5322 0.0136986
4905 0.0136986
4713 0.0136986
4530 0.0136986
4516 0.0136986
2604 0.0136986
2094 0.0136986
1600 0.0136986
1394 0.0136986
40764 0.0108696
40618 0.0108696
40400 0.0108696
39947 0.0108696
38999 0.0108696
37805 0.0108696
37151 0.0108696
36753 0.0108696
36300 0.0108696
36168 0.0108696
35626 0.0108696
35525 0.0108696
35346 0.0108696
35129 0.0108696
34835 0.0108696
34640 0.0108696
34265 0.0108696
32930 0.0108696
32620 0.0108696
30887 0.0108696
30676 0.0108696
29581 0.0108696
29364 0.0108696
29244 0.0108696
29030 0.0108696
28729 0.0108696
27989 0.0108696
27839 0.0108696
27452 0.0108696
27033 0.0108696
26512 0.0108696
26125 0.0108696
24718 0.0108696
24678 0.0108696
23446 0.0108696
22846 0.0108696
21782 0.0108696
21274 0.0108696
19578 0.0108696
19210 0.0108696
18324 0.0108696
17035 0.0108696
15873 0.0108696
15417 0.0108696
15054 0.0108696
14768 0.0108696
13763 0.0108696
13654 0.0108696
12569 0.0108696
12197 0.0108696
12018 0.0108696
11080 0.0108696
8417 0.0108696
8179 0.0108696
6105 0.0108696
6033 0.0108696
5719 0.0108696
5440 0.0108696
4953 0.0108696
4712 0.0108696
3750 0.0108696
3308 0.0108696
1966 0.0108696
1965 0.0108696
1819 0.0108696
1610 0.0108696
1355 0.0108696
1313 0.0108696
318 0.0108696
110 0.0108696
40980 0
40979 0
40978 0
40977 0
40976 0
40975 0
40974 0
40973 0
40972 0
40971 0
40969 0
40968 0
40967 0
40966 0
40965 0
40964 0
40963 0
40962 0
40961 0
40960 0
40959 0
40958 0
40957 0
40956 0
40955 0
40954 0
40953 0
40952 0
40951 0
40950 0
40949 0
40948 0
40947 0
40946 0
40945 0
40944 0
40943 0
40942 0
40941 0
40940 0
40939 0
40938 0
40937 0
40936 0
40935 0
40934 0
40933 0
40932 0
40931 0
40930 0
40929 0
40928 0
40927 0
40926 0
40925 0
40924 0
40923 0
40922 0
40921 0
40920 0
40919 0
40918 0
40917 0
40916 0
40915 0
40914 0
40913 0
40912 0
40911 0
40910 0
40909 0
40908 0
40907 0
40906 0
40905 0
40904 0
40903 0
40902 0
40901 0
40900 0
40899 0
40898 0
40897 0
40896 0
40895 0
40894 0
40893 0
40892 0
40891 0
40890 0
40889 0
40888 0
40887 0
40886 0
40885 0
40884 0
40882 0
40881 0
40880 0
40879 0
40878 0
40877 0
40876 0
40875 0
40874 0
40873 0
40872 0
40871 0
40870 0
40869 0
40868 0
40867 0
40866 0
40865 0
40864 0
40863 0
40862 0
40861 0
40860 0
40859 0
40858 0
40857 0
40856 0
40855 0
40854 0
40853 0
40852 0
40851 0
40850 0
40849 0
40848 0
40847 0
40846 0
40845 0
40844 0
40843 0
40842 0
40841 0
40840 0
40839 0
40838 0
40837 0
40836 0
40835 0
40834 0
40833 0
40832 0
40831 0
40830 0
40829 0
40828 0
40827 0
40826 0
40825 0
40824 0
40823 0
40822 0
40821 0
40820 0
40819 0
40818 0
40817 0
40816 0
40815 0
40814 0
40813 0
40812 0
40811 0
40810 0
40809 0
40808 0
40807 0
40806 0
40805 0
40804 0
40803 0
40802 0
40801 0
40800 0
40799 0
40798 0
40797 0
40796 0
40795 0
40794 0
40793 0
40792 0
40791 0
40790 0
40789 0
40788 0
40787 0
