12394 5.23803
34390 5.13655
24023 3.98994
1879 3.62077
11047 3.39684
32453 3.07619
11401 2.68073
38453 2.23817
20760 2.23817
9997 2.10202
23852 1.94454
2332 1.90039
16113 1.74119
7836 1.58333
24783 1.54717
39611 1.45
8291 1.44359
11495 1.37194
18738 1.14663
14472 1.07884
21859 1.07108
11450 1.02067
2038 0.977397
3387 0.96663
7163 0.966399
13082 0.93952
7337 0.918687
17912 0.778114
31701 0.759256
33739 0.723109
28621 0.698028
10983 0.698028
36364 0.67619
1975 0.642157
5881 0.626154
7492 0.618432
20316 0.611111
31175 0.602145
27128 0.601813
36491 0.590822
32228 0.590822
25194 0.590822
25306 0.580142
10182 0.569444
4062 0.564668
22943 0.5625
19011 0.560097
31253 0.558824
6598 0.550948
1050 0.53945
5734 0.520811
12654 0.499446
16385 0.495373
24006 0.483333
16413 0.476923
10737 0.464493
9256 0.464493
1356 0.459524
5120 0.434524
28423 0.425
5680 0.423337
24122 0.414286
39185 0.405294
9510 0.400433
1986 0.363095
27751 0.355128
18612 0.354412
38637 0.333333
19163 0.333333
10206 0.333333
32449 0.324186
26909 0.324186
26653 0.305911
9648 0.304162
20329 0.300115
3479 0.282857
10304 0.26859
1226 0.26859
28208 0.25
15462 0.25
13472 0.25
6519 0.25
4056 0.25
2871 0.25
7816 0.248746
13249 0.227259
220 0.227259
24752 0.226909
38341 0.226149
17176 0.226149
14551 0.217212
40754 0.212169
38752 0.212169
13573 0.212169
38374 0.2
32095 0.2
29622 0.2
28670 0.2
26298 0.2
25878 0.2
14745 0.2
7708 0.2
6905 0.2
6709 0.2
363 0.2
11358 0.194412
14432 0.181667
20054 0.179144
28192 0.173002
23179 0.173002
20213 0.173002
11377 0.172951
38984 0.171147
9911 0.167873
32759 0.166667
27926 0.166667
24081 0.166667
15594 0.166667
11068 0.166667
9754 0.166667
2885 0.166667
29920 0.155627
21028 0.155627
37530 0.145911
37243 0.142857
30444 0.142857
29577 0.142857
26577 0.142857
24135 0.142857
20028 0.142857
13965 0.142857
10997 0.142857
8556 0.142857
4823 0.142857
2715 0.135444
23518 0.130561
18908 0.130337
28232 0.129922
36925 0.125
30687 0.125
27332 0.125
8904 0.125
7553 0.125
38622 0.112797
29512 0.112797
28136 0.111111
19184 0.111111
5956 0.111111
15211 0.103322
39257 0.1
20435 0.1
13514 0.1
10552 0.1
4476 0.1
39598 0.0909091
12625 0.0909091
7504 0.0909091
13909 0.0769231
5567 0.0769231
39451 0.0714286
38647 0.0714286
38334 0.0714286
33370 0.0714286
25495 0.0714286
24095 0.0714286
23598 0.0714286
22263 0.0714286
22092 0.0714286
21461 0.0714286
2322 0.0714286
2082 0.0714286
1825 0.0714286
16381 0.0666667
968 0.0666667
32998 0.0588235
31301 0.0588235
28593 0.0588235
27449 0.0588235
20355 0.0588235
19737 0.0588235
12554 0.0588235
11556 0.0588235
5693 0.0588235
32308 0.0555556
17723 0.0555556
9744 0.0555556
39237 0.0549899
25720 0.0549899
21999 0.0549899
18378 0.0549899
17214 0.0549899
8974 0.0549899
23646 0.047619
6289 0.047619
5305 0.047619
28808 0.0416667
25026 0.0416667
13985 0.0416667
10079 0.0416667
4782 0.0416667
28487 0.0384615
21728 0.0384615
340 0.0384615
35967 0.037037
27537 0.037037
20629 0.0344828
35754 0.0322581
31440 0.0322581
30765 0.0322581
9433 0.0322581
26810 0.0294118
12826 0.0294118
10197 0.0294118
7531 0.0294118
7455 0.0294118
6739 0.0294118
3882 0.0294118
2730 0.0294118
31431 0.0232558
23190 0.0232558
23019 0.0232558
9303 0.0232558
2658 0.0232558
37630 0.0172414
37567 0.0172414
37121 0.0172414
35093 0.0172414
28107 0.0172414
27203 0.0172414
26667 0.0172414
24414 0.0172414
20452 0.0172414
18798 0.0172414
15156 0.0172414
14391 0.0172414
13715 0.0172414
12436 0.0172414
9665 0.0172414
9467 0.0172414
7383 0.0172414
6255 0.0172414
2647 0.0172414
39346 0.0144928
38073 0.0144928
37176 0.0144928
35879 0.0144928
34636 0.0144928
33825 0.0144928
31039 0.0144928
27514 0.0144928
27425 0.0144928
20945 0.0144928
20229 0.0144928
17634 0.0144928
16915 0.0144928
16659 0.0144928
15124 0.0144928
14211 0.0144928
13432 0.0144928
12519 0.0144928
7691 0.0144928
7540 0.0144928
6644 0.0144928
6096 0.0144928
5663 0.0144928
3494 0.0144928
2633 0.0144928
2289 0.0144928
1672 0.0144928
919 0.0144928
186 0.0144928
52 0.0144928
40980 0
40979 0
40978 0
40977 0
40976 0
40975 0
40974 0
40973 0
40972 0
40971 0
40970 0
40969 0
40968 0
40967 0
40966 0
40965 0
40964 0
40963 0
40962 0
40961 0
40960 0
40959 0
40958 0
40957 0
40956 0
40955 0
40954 0
40953 0
40952 0
40951 0
40950 0
40949 0
40948 0
40947 0
40946 0
40945 0
40944 0
40943 0
40942 0
40941 0
40940 0
40939 0
40938 0
40937 0
40936 0
40935 0
40934 0
40933 0
40932 0
40931 0
40930 0
40929 0
40928 0
40927 0
40926 0
40925 0
40924 0
40923 0
40922 0
40921 0
40920 0
40919 0
40918 0
40917 0
40916 0
40915 0
40914 0
40913 0
40912 0
40911 0
40910 0
40909 0
40908 0
40907 0
40906 0
40905 0
40904 0
40903 0
40902 0
40901 0
40900 0
40899 0
40898 0
40897 0
40896 0
40895 0
40894 0
40893 0
40892 0
40891 0
40890 0
40889 0
40888 0
40887 0
40886 0
40885 0
40884 0
40883 0
40882 0
40881 0
40880 0
40879 0
40878 0
40877 0
40876 0
40875 0
40874 0
40873 0
40872 0
40871 0
40870 0
40869 0
40868 0
40867 0
40866 0
40865 0
40864 0
40863 0
40862 0
40861 0
40860 0
40859 0
40858 0
40857 0
40856 0
40855 0
40854 0
40853 0
40852 0
40851 0
40850 0
40849 0
40848 0
40847 0
40846 0
40845 0
40844 0
40843 0
40842 0
40841 0
40840 0
40839 0
40838 0
40837 0
40836 0
40835 0
40834 0
40833 0
40832 0
40831 0
40830 0
40829 0
40828 0
40827 0
40826 0
40825 0
40824 0
40823 0
40822 0
40821 0
40820 0
40819 0
40818 0
40817 0
40816 0
40815 0
40814 0
40813 0
40812 0
40811 0
40810 0
40809 0
40808 0
40807 0
40806 0
40805 0
40804 0
40803 0
40802 0
40801 0
40800 0
40799 0
40798 0
40797 0
40796 0
40795 0
40794 0
40793 0
40792 0
40791 0
40790 0
40789 0
40788 0
40787 0
40786 0
40785 0
40784 0
40783 0
40782 0
40781 0
40780 0
40779 0
40778 0
40777 0
40776 0
40775 0
40774 0
40773 0
40772 0
40771 0
40770 0
40769 0
40768 0
40767 0
40766 0
40765 0
40764 0
40763 0
40762 0
40761 0
40760 0
40759 0
40758 0
40757 0
40756 0
40755 0
40753 0
40752 0
