21341 4.57732
1146 4.56587
36888 4.40188
27882 4.19978
5506 4.19868
31559 3.8558
18745 3.32041
38354 3.23558
32733 3.2164
31155 3.20953
39696 3.16106
4855 3.07569
8895 2.87239
14990 2.67325
26820 2.66144
12332 2.57801
3239 2.56106
6185 2.5264
704 2.45374
13350 2.41471
16837 2.39727
37431 2.33964
19984 2.17727
15309 1.98982
9352 1.912
1798 1.9083
4755 1.88021
34084 1.86298
4783 1.84594
20804 1.63951
21095 1.61588
20389 1.60049
31647 1.58693
15041 1.5519
19355 1.53762
9576 1.5268
3893 1.50619
19938 1.47277
9707 1.46342
12450 1.45843
2967 1.42036
32581 1.35385
20246 1.34539
12676 1.31676
21033 1.30573
16627 1.27535
35991 1.27264
18202 1.26708
26129 1.22712
210 1.22502
6405 1.21613
2089 1.20893
3694 1.1895
18482 1.18841
34768 1.15276
6207 1.14783
32783 1.12252
11428 1.06656
19711 1.0293
1812 0.949754
22811 0.936966
37916 0.921295
19103 0.896401
17449 0.887327
35477 0.876566
26632 0.873292
27701 0.872465
28162 0.866026
2708 0.829919
32064 0.813538
25964 0.812328
24413 0.802741
495 0.783555
32897 0.771381
38331 0.766782
2771 0.756086
7115 0.747619
35639 0.731693
22398 0.731392
35298 0.677517
5713 0.67229
26469 0.669548
28393 0.663006
38718 0.654248
11238 0.651796
4812 0.649025
10350 0.640433
40812 0.629305
19032 0.621835
22110 0.616667
21363 0.600318
1496 0.597803
29585 0.584361
27559 0.581431
7444 0.561012
2868 0.546357
22788 0.544643
24948 0.541198
26872 0.539941
34247 0.527433
19634 0.519824
8339 0.516748
35764 0.507732
20429 0.507559
11703 0.498278
29216 0.488014
27447 0.461548
16562 0.46153
39810 0.457306
22594 0.453343
22329 0.445546
4838 0.436111
16281 0.432813
11033 0.419007
25127 0.405188
26098 0.40268
30899 0.401048
6444 0.398925
29738 0.398352
1713 0.386304
27855 0.382814
31516 0.372611
34354 0.368579
39501 0.367795
17426 0.361812
8789 0.35803
12947 0.357359
18566 0.355875
18504 0.351835
18346 0.347895
9705 0.347276
18328 0.345899
28400 0.342022
32005 0.341109
33701 0.340653
20225 0.336407
25216 0.329904
1702 0.326681
5913 0.319444
38134 0.318431
2885 0.311905
13253 0.310766
5468 0.309428
35266 0.307016
15132 0.305195
31209 0.298804
34088 0.280487
2269 0.279645
23159 0.277713
15375 0.271945
21499 0.271368
22721 0.270833
39794 0.270468
6084 0.265951
13991 0.263528
146 0.261694
32312 0.259529
37928 0.259445
25403 0.255441
13918 0.250658
21572 0.25049
26839 0.250253
34343 0.250236
35800 0.244861
9167 0.244159
13676 0.243604
30145 0.239568
25995 0.239388
36979 0.238844
3271 0.238517
28500 0.237509
36169 0.233431
6988 0.231139
4033 0.230135
39595 0.22601
20463 0.223866
24426 0.221078
17418 0.221004
31283 0.217893
32438 0.216912
27070 0.216248
30503 0.215038
28190 0.214907
25439 0.20873
32626 0.207153
18224 0.207153
35465 0.207079
28339 0.203869
38472 0.2
10031 0.198344
8656 0.190822
31373 0.190063
5312 0.188666
1985 0.186307
3865 0.177446
28639 0.176752
9349 0.176398
16351 0.173454
9114 0.171164
35867 0.170923
19155 0.170838
16510 0.16803
3014 0.167989
37468 0.167765
13010 0.166667
2382 0.166667
38871 0.165146
37129 0.162745
9021 0.162745
23678 0.162215
2684 0.162212
31194 0.158937
12871 0.158937
36504 0.158066
5146 0.156517
6299 0.155574
34172 0.154784
37315 0.15066
18078 0.148997
13710 0.148997
8346 0.148775
27189 0.145684
7682 0.144763
21063 0.142857
10853 0.142857
14728 0.142815
14536 0.142815
8164 0.140729
39758 0.140055
23903 0.139267
40671 0.138406
9814 0.138406
2273 0.137453
2075 0.137453
30651 0.136012
33636 0.135417
3897 0.133566
24942 0.132176
9869 0.132143
16929 0.131036
3033 0.130556
13013 0.129057
172 0.129057
37253 0.125
22395 0.125
6745 0.125
3506 0.125
400 0.125
39284 0.124736
36155 0.121612
9877 0.118678
11346 0.118672
3456 0.116712
24827 0.114337
33473 0.108893
30498 0.107639
23791 0.106464
16722 0.105617
7110 0.105617
4088 0.104919
5290 0.101795
38997 0.100888
35760 0.100888
30776 0.100888
8792 0.1
38816 0.0993513
18255 0.0959524
26790 0.0930116
9843 0.0930116
33925 0.0922494
23666 0.0922494
13423 0.091342
35431 0.0909091
14075 0.0909091
11676 0.0909091
25692 0.0889564
29608 0.0887989
16098 0.0887989
30700 0.0883474
25391 0.0883474
19930 0.0883474
3113 0.0883474
2444 0.0883126
6073 0.0877787
35073 0.0874523
30842 0.0874523
4040 0.0874523
22357 0.0863832
20806 0.0863832
39152 0.0863676
10460 0.0863676
24957 0.0833333
22382 0.0833333
19521 0.0833333
13507 0.0833333
6992 0.0833333
5961 0.0833333
10415 0.0805503
34039 0.0800742
33132 0.0794819
35470 0.0793519
33957 0.0788896
3792 0.0788836
30295 0.0769231
25975 0.0769231
24275 0.0769231
10648 0.0769231
1264 0.0769231
14659 0.0762562
22748 0.0723039
7470 0.0717703
39798 0.0714286
26079 0.0706031
1972 0.0681548
26416 0.0677574
38593 0.0666667
29344 0.0666667
14417 0.0666667
1694 0.0665689
29394 0.0650259
29834 0.0644697
29502 0.0644697
18042 0.0629384
13456 0.0629384
7146 0.0629384
23843 0.0625
21518 0.0625
21360 0.0616631
2978 0.0616631
24220 0.0605151
27047 0.060049
31 0.060049
21715 0.0596154
38299 0.0588235
35859 0.0588235
35377 0.0588235
28345 0.0588235
18031 0.0588235
13904 0.0588235
1689 0.0588235
1229 0.0588235
22366 0.0563923
7823 0.0563923
38231 0.0555556
35329 0.0555556
30375 0.0555556
18656 0.0555556
16639 0.0555556
16054 0.0555556
14093 0.0555556
6639 0.0555556
3640 0.0555556
15866 0.0546803
13858 0.0546803
13223 0.0546803
26951 0.0528572
22818 0.0528572
15903 0.0528572
28830 0.0526316
25337 0.0526316
20273 0.0526316
14497 0.0526316
11309 0.0526316
9665 0.0526316
3952 0.0526316
40762 0.0511167
35139 0.0511167
33235 0.0511167
31918 0.0511167
30988 0.0511167
30524 0.0511167
28539 0.0511167
26123 0.0511167
16163 0.0511167
11884 0.0511167
9070 0.0511167
8920 0.0511167
8424 0.0511167
4186 0.0511167
34271 0.05
29352 0.05
7797 0.05
4513 0.05
22330 0.0488751
17242 0.0488751
16856 0.0488751
15663 0.0488751
10130 0.0488751
30044 0.047619
27402 0.047619
24508 0.047619
24072 0.047619
23083 0.047619
17831 0.047619
8704 0.0454545
40406 0.0452957
31052 0.0452957
32798 0.0447009
5206 0.0443579
4485 0.0443579
1766 0.0443579
31317 0.0434783
7831 0.0434783
2997 0.0434783
25604 0.0416667
22262 0.0416667
18916 0.0416667
18175 0.0416667
16876 0.0416667
13635 0.0416667
11518 0.0416667
38308 0.0416067
26061 0.0416067
10195 0.0416067
10014 0.0416067
435 0.0416067
24547 0.04
22433 0.04
20796 0.04
27362 0.0399901
10145 0.0399901
10071 0.0399901
8536 0.0399901
8450 0.0399901
5670 0.039673
1147 0.039673
26247 0.0384615
23432 0.0384615
7058 0.0384615
24379 0.037037
16455 0.037037
23908 0.0344828
23902 0.0344828
14369 0.0344828
14492 0.0333333
9441 0.0333333
3488 0.0333333
3498 0.0332888
25230 0.0322581
16797 0.0322581
13736 0.0322581
5041 0.0322581
3051 0.0322581
14505 0.0318399
5133 0.0318399
33338 0.03125
4463 0.03125
39450 0.0307708
37294 0.0307708
25464 0.0307708
24190 0.0307708
24169 0.0307708
7123 0.0307708
34962 0.0294118
25052 0.0294118
36528 0.0285714
23889 0.0285714
19048 0.0285714
15276 0.0285714
13916 0.0285714
3030 0.0285714
13244 0.0277778
20668 0.0263158
34968 0.025641
24564 0.025641
7590 0.025641
31775 0.0243902
30561 0.0243902
5341 0.0243902
1834 0.0243902
21067 0.0238095
2970 0.0238095
39089 0.0232558
35087 0.0232558
34433 0.0232558
34431 0.0232558
32922 0.0232558
25323 0.0232558
23696 0.0232558
5611 0.0232558
2604 0.0232558
1313 0.0232558
28308 0.0217391
24609 0.0208333
22805 0.0208333
20097 0.0208333
14450 0.0208333
11541 0.0208333
9072 0.0208333
28263 0.0204082
33871 0.0196078
22909 0.0196078
17504 0.0196078
11091 0.0196078
4607 0.0196078
39876 0.0185185
39086 0.0185185
37313 0.0185185
34749 0.0185185
34653 0.0185185
