32885 25.227
33616 20.5583
25311 11.8926
10523 6.46484
17083 6.28849
39384 6.27854
18156 6.07174
9511 5.38025
36128 4.83791
7839 4.67885
19608 3.72035
33019 3.69967
12466 2.08544
7054 1.98497
15592 1.91176
25955 1.88958
27585 1.7643
32814 1.69542
37885 1.55216
37923 1.52843
34485 1.45878
2663 1.43188
36938 1.39691
35157 1.33645
11367 1.325
22049 1.16562
38518 1.14969
10125 1.12996
17738 1.11786
32545 1.04537
19790 1.00325
26011 0.985256
40222 0.83869
21529 0.83869
25584 0.810145
9170 0.793498
15963 0.767857
16652 0.722024
32933 0.698522
32766 0.6625
23621 0.653274
8156 0.625
25634 0.547352
29424 0.541667
17870 0.541667
36897 0.537037
35992 0.53287
40352 0.532585
9959 0.512716
23048 0.510447
15890 0.509524
20847 0.505627
8662 0.500673
37855 0.463365
18788 0.446429
3096 0.441667
39956 0.440026
34717 0.434524
27736 0.434524
27563 0.434524
13915 0.434524
14276 0.408351
4016 0.3875
38251 0.366667
32220 0.346459
25787 0.345408
19410 0.335165
17961 0.333333
14921 0.333333
8672 0.333333
4773 0.328704
19351 0.309028
9442 0.303114
12670 0.301506
34064 0.298186
27862 0.28125
11044 0.28125
10630 0.28125
20008 0.279762
6347 0.279762
18034 0.272024
22214 0.263736
36289 0.25
33066 0.25
30012 0.25
16371 0.25
10915 0.25
610 0.25
29769 0.245833
22608 0.245833
36950 0.229932
36402 0.207175
9311 0.207175
6507 0.203419
36845 0.2
34768 0.2
31915 0.2
31301 0.2
31112 0.2
24729 0.2
21934 0.2
20916 0.2
20454 0.2
16781 0.2
11053 0.2
9698 0.2
11273 0.17905
16760 0.178704
10923 0.166667
8440 0.166667
3677 0.166667
1883 0.166667
40027 0.150641
40342 0.142857
37054 0.142857
35696 0.142857
19843 0.142857
16181 0.142857
12620 0.142857
11064 0.142857
8851 0.142857
8237 0.142857
4520 0.142857
18389 0.138998
39684 0.125
36937 0.125
9732 0.125
22592 0.123087
30508 0.111111
30021 0.111111
15849 0.111111
13130 0.111111
12738 0.111111
29266 0.100923
27262 0.100923
20645 0.100923
17793 0.100923
4006 0.100923
39614 0.1
32484 0.1
8869 0.1
36436 0.0877159
32255 0.0877159
18011 0.0877159
14421 0.0877159
13643 0.0877159
37827 0.0833333
30573 0.0833333
20014 0.0833333
12001 0.0833333
8755 0.0833333
2063 0.0833333
346 0.0833333
34788 0.0714286
27429 0.0714286
26675 0.0714286
8366 0.0714286
36940 0.0666667
13610 0.0666667
21974 0.0625
364 0.0625
39975 0.0588235
31329 0.0588235
27595 0.0588235
23534 0.0588235
13772 0.0588235
764 0.0588235
39972 0.0434783
26418 0.0434783
24210 0.0434783
22315 0.0434783
11661 0.0434783
40810 0.0416667
36327 0.0416667
30442 0.0416667
28203 0.0416667
20943 0.0416667
12795 0.0416667
36607 0.037037
36521 0.037037
25329 0.037037
18593 0.037037
3872 0.037037
856 0.037037
40840 0.03125
39675 0.03125
34799 0.03125
33686 0.03125
21134 0.03125
20740 0.03125
7778 0.03125
6798 0.03125
5871 0.03125
40803 0.025641
37254 0.025641
35395 0.025641
26289 0.025641
25443 0.025641
808 0.025641
38809 0.0204082
36645 0.0204082
35520 0.0204082
31946 0.0204082
30650 0.0204082
26339 0.0204082
21376 0.0204082
11269 0.0204082
8638 0.0204082
6591 0.0204082
40980 0
40979 0
40978 0
40977 0
40976 0
40975 0
40974 0
40973 0
40972 0
40971 0
40970 0
40969 0
40968 0
40967 0
40966 0
40965 0
40964 0
40963 0
40962 0
40961 0
40960 0
40959 0
40958 0
40957 0
40956 0
40955 0
40954 0
40953 0
40952 0
40951 0
40950 0
40949 0
40948 0
40947 0
40946 0
40945 0
40944 0
40943 0
40942 0
40941 0
40940 0
40939 0
40938 0
40937 0
40936 0
40935 0
40934 0
40933 0
40932 0
40931 0
40930 0
40929 0
40928 0
40927 0
40926 0
40925 0
40924 0
40923 0
40922 0
40921 0
40920 0
40919 0
40918 0
40917 0
40916 0
40915 0
40914 0
40913 0
40912 0
40911 0
40910 0
40909 0
40908 0
40907 0
40906 0
40905 0
40904 0
40903 0
40902 0
40901 0
40900 0
40899 0
40898 0
40897 0
40896 0
40895 0
40894 0
40893 0
40892 0
40891 0
40890 0
40889 0
40888 0
40887 0
40886 0
40885 0
40884 0
40883 0
40882 0
40881 0
40880 0
40879 0
40878 0
40877 0
40876 0
40875 0
40874 0
40873 0
40872 0
40871 0
40870 0
40869 0
40868 0
40867 0
40866 0
40865 0
40864 0
40863 0
40862 0
40861 0
40860 0
40859 0
40858 0
40857 0
40856 0
40855 0
40854 0
40853 0
40852 0
40851 0
40850 0
40849 0
40848 0
40847 0
40846 0
40845 0
40844 0
40843 0
40842 0
40841 0
40839 0
40838 0
40837 0
40836 0
40835 0
40834 0
40833 0
40832 0
40831 0
40830 0
40829 0
40828 0
40827 0
40826 0
40825 0
40824 0
40823 0
40822 0
40821 0
40820 0
40819 0
40818 0
40817 0
40816 0
40815 0
40814 0
40813 0
40812 0
40811 0
40809 0
40808 0
40807 0
40806 0
40805 0
40804 0
40802 0
40801 0
40800 0
40799 0
40798 0
40797 0
40796 0
40795 0
40794 0
40793 0
40792 0
40791 0
40790 0
40789 0
40788 0
40787 0
40786 0
40785 0
40784 0
40783 0
40782 0
40781 0
40780 0
40779 0
40778 0
40777 0
40776 0
40775 0
40774 0
40773 0
40772 0
40771 0
40770 0
40769 0
40768 0
40767 0
40766 0
40765 0
40764 0
40763 0
40762 0
40761 0
40760 0
40759 0
40758 0
40757 0
40756 0
40755 0
40754 0
40753 0
40752 0
40751 0
40750 0
40749 0
40748 0
40747 0
40746 0
40745 0
40744 0
40743 0
40742 0
40741 0
40740 0
40739 0
40738 0
40737 0
40736 0
40735 0
40734 0
40733 0
40732 0
40731 0
40730 0
40729 0
40728 0
40727 0
40726 0
40725 0
40724 0
40723 0
40722 0
40721 0
40720 0
40719 0
40718 0
40717 0
40716 0
40715 0
40714 0
40713 0
40712 0
40711 0
40710 0
40709 0
40708 0
40707 0
40706 0
40705 0
40704 0
40703 0
40702 0
40701 0
40700 0
40699 0
40698 0
40697 0
40696 0
40695 0
40694 0
40693 0
40692 0
40691 0
40690 0
40689 0
40688 0
40687 0
