7902 3.33414
34956 2.69966
38219 2.60901
18320 2.22066
30463 2.0635
12941 1.47354
36543 1.19147
37728 1.07238
24076 1.02256
28536 0.965077
29879 0.95202
35531 0.765812
2184 0.761183
27024 0.752826
19963 0.740547
33023 0.657728
29002 0.618021
13752 0.561183
29748 0.537704
22826 0.509048
20626 0.502801
10270 0.480005
31416 0.465415
9120 0.44469
12583 0.434695
34293 0.433559
4920 0.38806
23092 0.357906
15444 0.353412
18928 0.321164
5069 0.25
35031 0.241423
27610 0.223748
15366 0.223485
27710 0.222899
943 0.222222
35964 0.220464
30 0.220464
10482 0.21859
18494 0.201923
5647 0.2
36178 0.198718
31106 0.191848
30368 0.191848
5016 0.191848
37387 0.187019
6472 0.187019
34570 0.186354
16106 0.176149
14149 0.166667
18158 0.149854
8874 0.146795
9755 0.142857
3208 0.142857
4942 0.14267
13734 0.14191
25040 0.137777
22595 0.133515
22151 0.133515
898 0.133515
19146 0.132764
18450 0.132764
40112 0.113675
17660 0.113675
27268 0.111111
22364 0.111111
11894 0.111111
4401 0.111111
1522 0.111111
37272 0.103271
36664 0.103271
34541 0.103271
33581 0.1
22776 0.1
19815 0.1
14594 0.1
7171 0.1
6991 0.1
5530 0.1
39874 0.0933869
38617 0.0933869
37180 0.0933869
30105 0.0933869
29246 0.0933869
34137 0.0910748
17743 0.0910748
12383 0.0910748
9812 0.0910748
6811 0.0910748
38914 0.0909091
26825 0.0909091
17101 0.0909091
13924 0.0909091
4978 0.0909091
37684 0.0833333
37139 0.0833333
23606 0.0833333
13982 0.0833333
469 0.0833333
40116 0.0769231
23996 0.0769231
20924 0.0769231
19811 0.0769231
19144 0.0769231
18132 0.0769231
15051 0.0769231
14197 0.0769231
12192 0.0769231
7767 0.0769231
7156 0.0769231
778 0.0769231
611 0.0769231
14457 0.0714286
46 0.0714286
28252 0.0666667
22323 0.0666667
20529 0.0666667
6376 0.0666667
1066 0.0666667
38124 0.0555556
28103 0.0555556
25686 0.0555556
24680 0.0555556
15746 0.0555556
11473 0.0555556
11220 0.0555556
9960 0.0555556
118 0.0555556
40702 0.0526316
35557 0.0526316
33694 0.0526316
19398 0.0526316
5025 0.0526316
3647 0.0526316
39014 0.047619
27877 0.047619
25430 0.047619
25321 0.047619
14194 0.047619
8766 0.047619
1601 0.047619
17820 0.0434783
14301 0.0434783
13996 0.0434783
4616 0.0434783
40512 0.0416667
36392 0.0416667
32351 0.0416667
32086 0.0416667
31268 0.0416667
20573 0.0416667
20284 0.0416667
15073 0.0416667
14148 0.0416667
12854 0.0416667
10758 0.0416667
9505 0.0416667
7712 0.0416667
4067 0.0416667
23749 0.04
15173 0.04
12745 0.04
10085 0.04
5903 0.0384615
38466 0.0357143
29479 0.0357143
16051 0.0357143
8655 0.0357143
494 0.0357143
37781 0.0344828
37600 0.0344828
40045 0.0149254
39465 0.0149254
37288 0.0149254
36941 0.0149254
36729 0.0149254
36223 0.0149254
36181 0.0149254
36076 0.0149254
35033 0.0149254
28881 0.0149254
28160 0.0149254
25859 0.0149254
25711 0.0149254
25250 0.0149254
21663 0.0149254
21417 0.0149254
17147 0.0149254
15962 0.0149254
12557 0.0149254
10908 0.0149254
10039 0.0149254
9777 0.0149254
6907 0.0149254
6760 0.0149254
5086 0.0149254
1529 0.0149254
1297 0.0149254
922 0.0149254
40980 0
40979 0
40978 0
40977 0
40976 0
40975 0
40974 0
40973 0
40972 0
40971 0
40970 0
40969 0
40968 0
40967 0
40966 0
40965 0
40964 0
40963 0
40962 0
40961 0
40960 0
40959 0
40958 0
40957 0
40956 0
40955 0
40954 0
40953 0
40952 0
40951 0
40950 0
40949 0
40948 0
40947 0
40946 0
40945 0
40944 0
40943 0
40942 0
40941 0
40940 0
40939 0
40938 0
40937 0
40936 0
40935 0
40934 0
40933 0
40932 0
40931 0
40930 0
40929 0
40928 0
40927 0
40926 0
40925 0
40924 0
40923 0
40922 0
40921 0
40920 0
40919 0
40918 0
40917 0
40916 0
40915 0
40914 0
40913 0
40912 0
40911 0
40910 0
40909 0
40908 0
40907 0
40906 0
40905 0
40904 0
40903 0
40902 0
40901 0
40900 0
40899 0
40898 0
40897 0
40896 0
40895 0
40894 0
40893 0
40892 0
40891 0
40890 0
40889 0
40888 0
40887 0
40886 0
40885 0
40884 0
40883 0
40882 0
40881 0
40880 0
40879 0
40878 0
40877 0
40876 0
40875 0
40874 0
40873 0
40872 0
40871 0
40870 0
40869 0
40868 0
40867 0
40866 0
40865 0
40864 0
40863 0
40862 0
40861 0
40860 0
40859 0
40858 0
40857 0
40856 0
40855 0
40854 0
40853 0
40852 0
40851 0
40850 0
40849 0
40848 0
40847 0
40846 0
40845 0
40844 0
40843 0
40842 0
40841 0
40840 0
40839 0
40838 0
40837 0
40836 0
40835 0
40834 0
40833 0
40832 0
40831 0
40830 0
40829 0
40828 0
40827 0
40826 0
40825 0
40824 0
40823 0
40822 0
40821 0
40820 0
40819 0
40818 0
40817 0
40816 0
40815 0
40814 0
40813 0
40812 0
40811 0
40810 0
40809 0
40808 0
40807 0
40806 0
40805 0
40804 0
40803 0
40802 0
40801 0
40800 0
40799 0
40798 0
40797 0
40796 0
40795 0
40794 0
40793 0
40792 0
40791 0
40790 0
40789 0
40788 0
40787 0
40786 0
40785 0
40784 0
40783 0
40782 0
40781 0
40780 0
40779 0
40778 0
40777 0
40776 0
40775 0
40774 0
40773 0
40772 0
40771 0
40770 0
40769 0
40768 0
40767 0
40766 0
40765 0
40764 0
40763 0
40762 0
40761 0
40760 0
40759 0
40758 0
40757 0
40756 0
40755 0
40754 0
40753 0
40752 0
40751 0
40750 0
40749 0
40748 0
40747 0
40746 0
40745 0
40744 0
40743 0
40742 0
40741 0
40740 0
40739 0
40738 0
40737 0
40736 0
40735 0
40734 0
40733 0
40732 0
40731 0
40730 0
40729 0
40728 0
40727 0
40726 0
40725 0
40724 0
40723 0
40722 0
40721 0
40720 0
40719 0
40718 0
40717 0
40716 0
40715 0
40714 0
40713 0
40712 0
40711 0
40710 0
40709 0
40708 0
40707 0
40706 0
40705 0
40704 0
40703 0
40701 0
40700 0
40699 0
40698 0
40697 0
40696 0
40695 0
40694 0
40693 0
40692 0
40691 0
40690 0
40689 0
40688 0
40687 0
40686 0
40685 0
40684 0
40683 0
40682 0
40681 0
40680 0
40679 0
