14156 85.2836
24465 54.6111
35783 30.0005
34681 12.7714
21511 12.1723
28520 8.13918
11702 7.77363
16531 7.65174
40133 6.25453
11356 6.24409
14750 5.73784
38635 4.87913
14707 4.25523
8333 3.93962
36885 3.90561
4051 3.82706
9785 3.57264
25934 3.52037
11130 3.51372
2223 3.39719
33750 3.27937
9618 3.2298
12598 2.93291
30063 2.90043
9989 2.7102
22616 2.63074
9401 2.63074
29134 2.62599
28299 2.61847
30658 2.58901
22796 2.58773
38591 2.55086
20216 2.38652
37698 2.36799
28131 2.33399
32656 2.27468
3333 2.26048
35486 2.2495
27041 2.1149
21859 1.8414
13783 1.66781
18445 1.61795
12181 1.53333
15701 1.45725
28846 1.45565
23924 1.43148
40083 1.38118
23870 1.3768
33332 1.35352
17424 1.29561
37281 1.27182
14245 1.26535
35383 1.24705
30446 1.21572
35403 1.20872
28134 1.16109
27519 1.15202
7217 1.10595
10590 1.10132
31653 1.04121
26536 1.02052
34289 0.994625
6615 0.956151
24940 0.928095
2106 0.916667
19537 0.906461
33909 0.903613
6457 0.897638
34597 0.887539
32139 0.8875
26606 0.883405
18602 0.87963
37495 0.85803
12319 0.843055
22688 0.792929
31053 0.792484
15986 0.767844
5881 0.75
22274 0.704044
28902 0.702866
27309 0.696861
39739 0.669762
2879 0.666667
25482 0.656624
28906 0.65119
2539 0.65
2198 0.643136
33664 0.633333
35946 0.621368
38695 0.612734
35293 0.612621
36814 0.590261
27201 0.574573
38431 0.557872
34601 0.552976
17840 0.552656
16897 0.543478
11068 0.530303
2653 0.525
36008 0.521277
1879 0.521277
19143 0.506923
20945 0.5
17469 0.489366
9052 0.486111
23919 0.484252
28268 0.47967
13229 0.479004
21868 0.478304
8405 0.471651
40719 0.471277
30349 0.453992
7391 0.437943
3387 0.437943
19902 0.43344
5201 0.425
8291 0.424242
18106 0.422506
29508 0.415909
26653 0.396277
25406 0.396277
8786 0.375
35084 0.358552
6080 0.341765
4939 0.339286
37170 0.336609
22005 0.335353
15146 0.335353
13844 0.334499
19598 0.333333
9118 0.328907
35397 0.32353
20208 0.32353
22417 0.313006
39045 0.309524
2782 0.308333
36995 0.305357
40797 0.28228
14527 0.278846
9451 0.271242
27587 0.263005
30814 0.257576
40873 0.253458
5911 0.251623
30765 0.25
40176 0.245408
34070 0.238819
36414 0.227273
24657 0.224747
28422 0.220719
34236 0.210367
249 0.210367
38854 0.206667
12252 0.204545
8752 0.202193
6429 0.2
5051 0.198824
20963 0.19359
756 0.183929
38396 0.181385
34943 0.178095
28897 0.176364
8409 0.175
39346 0.166667
35396 0.166667
28594 0.166667
20951 0.166667
17903 0.166667
13778 0.166667
5849 0.166667
2425 0.166667
1616 0.166667
13376 0.161425
1632 0.155574
17709 0.142857
3707 0.142857
12317 0.141395
26535 0.134758
20217 0.131082
5941 0.126796
33628 0.125
26827 0.125
24555 0.125
14024 0.125
1804 0.125
1103 0.125
7739 0.122935
14526 0.111111
19228 0.1
11570 0.1
26359 0.0951364
40250 0.0909091
33717 0.0909091
11047 0.0909091
5716 0.0909091
4929 0.0909091
4284 0.0909091
14868 0.0891727
39665 0.0833333
36411 0.0829693
20036 0.0787004
25881 0.0666667
13259 0.0666667
38755 0.0625
37173 0.0625
19317 0.0625
1352 0.0625
20162 0.0588235
39981 0.047619
40507 0.0454545
38453 0.0454545
13512 0.0454545
9434 0.0454545
35192 0.0434783
28204 0.0434783
38876 0.04
32068 0.04
19462 0.04
4527 0.04
22553 0.0384615
19466 0.0384615
37620 0.0357143
36551 0.0322581
35434 0.0238095
17410 0.0238095
39455 0.0212766
39237 0.0212766
38823 0.0212766
38741 0.0212766
38319 0.0212766
38270 0.0212766
36802 0.0212766
36719 0.0212766
30743 0.0212766
30028 0.0212766
28232 0.0212766
28098 0.0212766
27751 0.0212766
26605 0.0212766
24260 0.0212766
24023 0.0212766
22816 0.0212766
21999 0.0212766
21461 0.0212766
18423 0.0212766
16746 0.0212766
14745 0.0212766
13249 0.0212766
11620 0.0212766
11450 0.0212766
10182 0.0212766
9510 0.0212766
9125 0.0212766
5680 0.0212766
4515 0.0212766
3180 0.0212766
2441 0.0212766
2322 0.0212766
2082 0.0212766
1050 0.0212766
846 0.0212766
821 0.0212766
12534 0.0204082
40980 0
40979 0
40978 0
40977 0
40976 0
40975 0
40974 0
40973 0
40972 0
40971 0
40970 0
40969 0
40968 0
40967 0
40966 0
40965 0
40964 0
40963 0
40962 0
40961 0
40960 0
40959 0
40958 0
40957 0
40956 0
40955 0
40954 0
40953 0
40952 0
40951 0
40950 0
40949 0
40948 0
40947 0
40946 0
40945 0
40944 0
40943 0
40942 0
40941 0
40940 0
40939 0
40938 0
40937 0
40936 0
40935 0
40934 0
40933 0
40932 0
40931 0
40930 0
40929 0
40928 0
40927 0
40926 0
40925 0
40924 0
40923 0
40922 0
40921 0
40920 0
40919 0
40918 0
40917 0
40916 0
40915 0
40914 0
40913 0
40912 0
40911 0
40910 0
40909 0
40908 0
40907 0
40906 0
40905 0
40904 0
40903 0
40902 0
40901 0
40900 0
40899 0
40898 0
40897 0
40896 0
40895 0
40894 0
40893 0
40892 0
40891 0
40890 0
40889 0
40888 0
40887 0
40886 0
40885 0
40884 0
40883 0
40882 0
40881 0
40880 0
40879 0
40878 0
40877 0
40876 0
40875 0
40874 0
40872 0
40871 0
40870 0
40869 0
40868 0
40867 0
40866 0
40865 0
40864 0
40863 0
40862 0
40861 0
40860 0
40859 0
40858 0
40857 0
40856 0
40855 0
40854 0
40853 0
40852 0
40851 0
40850 0
40849 0
40848 0
40847 0
40846 0
40845 0
40844 0
40843 0
40842 0
40841 0
40840 0
40839 0
40838 0
40837 0
40836 0
40835 0
40834 0
40833 0
40832 0
40831 0
40830 0
40829 0
40828 0
40827 0
40826 0
40825 0
40824 0
40823 0
40822 0
40821 0
40820 0
40819 0
40818 0
40817 0
40816 0
40815 0
40814 0
40813 0
40812 0
40811 0
40810 0
40809 0
40808 0
40807 0
40806 0
40805 0
40804 0
40803 0
40802 0
40801 0
40800 0
40799 0
40798 0
40796 0
40795 0
40794 0
40793 0
40792 0
40791 0
40790 0
40789 0
40788 0
40787 0
40786 0
40785 0
40784 0
40783 0
40782 0
40781 0
40780 0
40779 0
40778 0
40777 0
40776 0
40775 0
40774 0
40773 0
40772 0
40771 0
40770 0
40769 0
40768 0
40767 0
40766 0
40765 0
40764 0
40763 0
40762 0
40761 0
40760 0
40759 0
40758 0
40757 0
40756 0
40755 0
40754 0
40753 0
40752 0
40751 0
40750 0
40749 0
40748 0
40747 0
40746 0
40745 0
40744 0
40743 0
40742 0
