20846 8.88194
32152 7.06852
14388 5.42839
1876 3.99147
20905 3.69184
17540 3.11468
40684 2.80898
31423 2.66533
19435 2.57851
33296 2.46978
23057 2.33603
15338 2.24861
28750 1.56069
2005 1.47604
12696 1.30417
22708 1.26512
1826 1.14719
35596 0.970238
11554 0.966504
14283 0.91978
39880 0.914286
13032 0.897756
7884 0.888139
29288 0.878781
11767 0.878526
6910 0.866667
21146 0.8625
21614 0.854178
5568 0.842857
26969 0.82619
17640 0.78869
2928 0.783333
34288 0.75
21625 0.732377
20480 0.709378
2126 0.692695
27988 0.6875
21267 0.666667
4152 0.63869
27960 0.635507
19561 0.625
21175 0.575
21099 0.557875
603 0.554652
8376 0.541667
2832 0.499355
33131 0.477778
16450 0.46978
1984 0.469298
24377 0.458333
27859 0.457576
38286 0.433333
4553 0.428526
37292 0.41978
16825 0.371429
34224 0.354762
15298 0.339286
38898 0.333333
35907 0.333333
20788 0.333333
4026 0.333333
40232 0.315018
33138 0.311111
37982 0.28869
30173 0.273352
10538 0.270833
18924 0.265873
32007 0.254555
34947 0.252632
38204 0.25
35589 0.25
32711 0.25
29065 0.25
27147 0.25
24080 0.25
11561 0.25
8672 0.25
7785 0.25
5692 0.25
21988 0.249639
33763 0.240666
17018 0.234499
33515 0.222854
26085 0.207875
1513 0.207875
39556 0.200595
40212 0.2
39246 0.2
39121 0.2
35479 0.2
31593 0.2
30372 0.2
24767 0.2
19390 0.2
17482 0.2
15729 0.2
6687 0.2
5196 0.2
125 0.2
32047 0.183171
36065 0.174679
38368 0.166667
32109 0.166667
11523 0.166667
10023 0.166667
10003 0.166667
4422 0.166667
35187 0.142857
22958 0.142857
19294 0.142857
15966 0.142857
11327 0.142857
2106 0.142857
1220 0.142857
1051 0.142857
35568 0.125
24567 0.125
22299 0.125
19584 0.125
14273 0.125
7969 0.125
5236 0.125
647 0.125
30816 0.111111
25958 0.111111
21279 0.111111
15737 0.111111
10216 0.111111
40278 0.1
10835 0.1
40227 0.0909091
19366 0.0909091
38710 0.0833333
23626 0.0833333
17404 0.0833333
11114 0.0833333
6048 0.0833333
40726 0.0769231
29952 0.0769231
9902 0.0769231
32655 0.0714286
26742 0.0714286
25128 0.0714286
22257 0.0714286
18434 0.0714286
16533 0.0714286
13961 0.0714286
12127 0.0714286
6109 0.0714286
5759 0.0714286
39220 0.0666667
20661 0.0666667
31220 0.0625
6400 0.0625
4080 0.0625
38261 0.0526316
31570 0.0526316
31459 0.0526316
29853 0.0526316
25068 0.0526316
16364 0.0526316
15407 0.0526316
12724 0.0526316
10353 0.0526316
6636 0.0526316
34930 0.047619
34245 0.047619
32880 0.047619
25149 0.047619
40787 0.0208333
38849 0.0208333
35456 0.0208333
35449 0.0208333
33123 0.0208333
31547 0.0208333
30821 0.0208333
29780 0.0208333
26997 0.0208333
23961 0.0208333
22838 0.0208333
22340 0.0208333
20988 0.0208333
19837 0.0208333
17467 0.0208333
17080 0.0208333
13391 0.0208333
12339 0.0208333
12112 0.0208333
11209 0.0208333
8909 0.0208333
8154 0.0208333
2905 0.0208333
1254 0.0208333
878 0.0208333
40980 0
40979 0
40978 0
40977 0
40976 0
40975 0
40974 0
40973 0
40972 0
40971 0
40970 0
40969 0
40968 0
40967 0
40966 0
40965 0
40964 0
40963 0
40962 0
40961 0
40960 0
40959 0
40958 0
40957 0
40956 0
40955 0
40954 0
40953 0
40952 0
40951 0
40950 0
40949 0
40948 0
40947 0
40946 0
40945 0
40944 0
40943 0
40942 0
40941 0
40940 0
40939 0
40938 0
40937 0
40936 0
40935 0
40934 0
40933 0
40932 0
40931 0
40930 0
40929 0
40928 0
40927 0
40926 0
40925 0
40924 0
40923 0
40922 0
40921 0
40920 0
40919 0
40918 0
40917 0
40916 0
40915 0
40914 0
40913 0
40912 0
40911 0
40910 0
40909 0
40908 0
40907 0
40906 0
40905 0
40904 0
40903 0
40902 0
40901 0
40900 0
40899 0
40898 0
40897 0
40896 0
40895 0
40894 0
40893 0
40892 0
40891 0
40890 0
40889 0
40888 0
40887 0
40886 0
40885 0
40884 0
40883 0
40882 0
40881 0
40880 0
40879 0
40878 0
40877 0
40876 0
40875 0
40874 0
40873 0
40872 0
40871 0
40870 0
40869 0
40868 0
40867 0
40866 0
40865 0
40864 0
40863 0
40862 0
40861 0
40860 0
40859 0
40858 0
40857 0
40856 0
40855 0
40854 0
40853 0
40852 0
40851 0
40850 0
40849 0
40848 0
40847 0
40846 0
40845 0
40844 0
40843 0
40842 0
40841 0
40840 0
40839 0
40838 0
40837 0
40836 0
40835 0
40834 0
40833 0
40832 0
40831 0
40830 0
40829 0
40828 0
40827 0
40826 0
40825 0
40824 0
40823 0
40822 0
40821 0
40820 0
40819 0
40818 0
40817 0
40816 0
40815 0
40814 0
40813 0
40812 0
40811 0
40810 0
40809 0
40808 0
40807 0
40806 0
40805 0
40804 0
40803 0
40802 0
40801 0
40800 0
40799 0
40798 0
40797 0
40796 0
40795 0
40794 0
40793 0
40792 0
40791 0
40790 0
40789 0
40788 0
40786 0
40785 0
40784 0
40783 0
40782 0
40781 0
40780 0
40779 0
40778 0
40777 0
40776 0
40775 0
40774 0
40773 0
40772 0
40771 0
40770 0
40769 0
40768 0
40767 0
40766 0
40765 0
40764 0
40763 0
40762 0
40761 0
40760 0
40759 0
40758 0
40757 0
40756 0
40755 0
40754 0
40753 0
40752 0
40751 0
40750 0
40749 0
40748 0
40747 0
40746 0
40745 0
40744 0
40743 0
40742 0
40741 0
40740 0
40739 0
40738 0
40737 0
40736 0
40735 0
40734 0
40733 0
40732 0
40731 0
40730 0
40729 0
40728 0
40727 0
40725 0
40724 0
40723 0
40722 0
40721 0
40720 0
40719 0
40718 0
40717 0
40716 0
40715 0
40714 0
40713 0
40712 0
40711 0
40710 0
40709 0
40708 0
40707 0
40706 0
40705 0
40704 0
40703 0
40702 0
40701 0
40700 0
40699 0
40698 0
40697 0
40696 0
40695 0
40694 0
40693 0
40692 0
40691 0
40690 0
40689 0
40688 0
40687 0
40686 0
40685 0
40683 0
40682 0
40681 0
40680 0
40679 0
40678 0
40677 0
40676 0
40675 0
40674 0
40673 0
40672 0
