18328 36.3752
9810 7.2205
25048 7.16798
14661 4.57964
31301 4.08326
22804 4.06028
20701 3.73114
16068 3.69431
23254 3.58982
33230 3.25401
19302 3.05376
1508 2.81186
31117 2.79537
13445 2.74376
16280 2.30197
18189 2.2039
15764 2.17491
18542 2.15946
27509 2.08286
11475 1.95017
23847 1.91139
23285 1.70855
32176 1.70611
9282 1.60791
4195 1.57675
32472 1.40672
28302 1.38811
4477 1.27976
37065 1.27341
22594 1.19607
26551 1.17553
37711 1.15833
33223 1.12664
36254 1.12222
26527 1.10761
12807 1.0154
14168 1.00765
28035 0.998459
11792 0.979096
32516 0.900479
24144 0.858141
19401 0.851152
10465 0.843949
28634 0.838769
1975 0.828788
17716 0.807479
34152 0.806693
35892 0.800468
1943 0.800468
445 0.800468
20044 0.785723
6819 0.783333
21784 0.766259
30015 0.753804
17634 0.752842
8672 0.740284
10331 0.738228
13304 0.692075
18143 0.69098
77 0.689133
22184 0.687171
1416 0.676731
130 0.662979
28742 0.630712
39409 0.623684
35137 0.609649
35945 0.605625
30793 0.601007
27799 0.601007
2885 0.601007
9549 0.58804
15453 0.585197
5588 0.575747
23439 0.564033
11081 0.555985
1167 0.544944
20425 0.543453
28127 0.53869
19417 0.533392
15321 0.517857
37773 0.513739
6294 0.502628
1621 0.501347
29997 0.50054
14138 0.5
33037 0.489332
3096 0.47619
40303 0.468265
19725 0.455369
32620 0.454079
22711 0.454079
34825 0.45
21575 0.448071
32140 0.447088
24397 0.44359
19114 0.436111
24239 0.429414
7875 0.427632
20620 0.423352
543 0.413485
282 0.4113
2712 0.403704
31581 0.38306
12762 0.382576
12709 0.379381
6283 0.378454
10980 0.367832
865 0.363095
36734 0.362338
33269 0.359524
17083 0.35049
33545 0.344252
10923 0.341782
2560 0.333333
23476 0.317937
20520 0.312021
6195 0.305556
5915 0.305242
19565 0.302453
25625 0.301832
29653 0.297619
39876 0.29359
11503 0.292157
17348 0.288462
39795 0.285535
6992 0.278599
2869 0.278599
27434 0.276557
15371 0.268868
3936 0.264652
12608 0.263933
38214 0.262338
25143 0.262338
7038 0.259387
26750 0.258449
3477 0.25
10373 0.247692
2563 0.247692
23016 0.23965
29700 0.23619
18930 0.23619
15225 0.232182
34989 0.225937
16256 0.223616
39962 0.222156
22457 0.22076
4255 0.215411
8824 0.214294
34765 0.209759
31308 0.209759
8455 0.207959
37744 0.204657
34476 0.203907
27690 0.203907
36079 0.201732
40099 0.2
25401 0.2
13956 0.2
4878 0.2
1471 0.2
3581 0.199375
24924 0.199275
23717 0.193287
40202 0.192641
32376 0.1921
15637 0.190636
3757 0.18877
35421 0.186572
830 0.185165
8479 0.184015
26838 0.181078
19180 0.179725
21393 0.177763
20962 0.175217
23173 0.1725
34543 0.166667
27926 0.166667
27628 0.166667
26642 0.166667
26175 0.166667
5821 0.166667
4907 0.166449
31466 0.164935
36575 0.1558
8957 0.148035
22193 0.145818
33712 0.143317
38377 0.142857
33148 0.142857
31550 0.142857
27514 0.142857
24903 0.142857
21308 0.142857
20634 0.142857
17684 0.142857
16659 0.142857
10844 0.142857
23682 0.138769
23101 0.138769
35373 0.13539
28345 0.134542
25435 0.128446
6937 0.127647
10183 0.126857
26170 0.125
24778 0.125
24422 0.125
23488 0.125
20878 0.125
17447 0.125
13757 0.125
13646 0.125
10100 0.125
33139 0.116288
39890 0.114674
7708 0.113328
23843 0.111111
18077 0.110962
5550 0.107334
15331 0.104834
40883 0.101667
6336 0.101667
37256 0.1
13671 0.1
3040 0.1
26138 0.0997969
960 0.0972673
7573 0.094888
34311 0.0909091
31509 0.0909091
21911 0.0909091
19099 0.0909091
9665 0.0909091
6823 0.0909091
4928 0.0909091
52 0.0909091
38842 0.0893101
26468 0.0893101
2659 0.0893101
9924 0.0889247
30336 0.0856885
29087 0.0856885
34869 0.083994
36602 0.0833333
34483 0.0833333
14847 0.0833333
1315 0.0833333
247 0.08289
24132 0.0814951
36952 0.0769231
35734 0.0769231
422 0.0769231
19032 0.0714995
34357 0.0714286
29179 0.0714286
25860 0.0714286
23431 0.0714286
15155 0.0714286
9197 0.0714286
7392 0.0714286
6262 0.0714286
4520 0.0714286
2793 0.0714286
13100 0.0666667
23125 0.0650063
10743 0.0650063
37671 0.0638158
34768 0.0625
22935 0.0625
23432 0.0616315
28651 0.0588235
20008 0.0588235
19444 0.0588235
16233 0.0588235
13856 0.0588235
12035 0.0588235
29678 0.0555556
16704 0.0555556
39791 0.054509
29852 0.054509
24162 0.054509
18081 0.054509
5293 0.054509
24881 0.0534982
24842 0.0534982
32395 0.0526316
32955 0.05
32636 0.05
29714 0.05
15542 0.05
21593 0.047619
13043 0.047619
17156 0.0454545
22842 0.0434783
22120 0.0434783
22113 0.0434783
19894 0.0434783
3560 0.0434783
37924 0.0416667
1091 0.0416667
37729 0.04
23724 0.04
30916 0.0384615
25750 0.0384615
25150 0.0384615
20489 0.0384615
16789 0.0384615
13432 0.0384615
10073 0.0384615
919 0.0384615
186 0.0384615
39311 0.037037
39086 0.037037
38529 0.037037
34426 0.037037
31724 0.037037
31606 0.037037
29214 0.037037
21730 0.037037
8186 0.037037
5449 0.037037
5420 0.037037
4507 0.037037
33802 0.0357143
21889 0.0322581
13878 0.0322581
33078 0.03125
31706 0.03125
30329 0.03125
28010 0.03125
18394 0.03125
11615 0.03125
6651 0.03125
40974 0.030303
29938 0.030303
29325 0.030303
26176 0.030303
26006 0.030303
21656 0.030303
8066 0.030303
1925 0.030303
40598 0.0294118
35517 0.0294118
26903 0.0294118
21478 0.0294118
19254 0.0294118
8096 0.0294118
8027 0.0294118
4725 0.0294118
24316 0.0285714
27891 0.0263158
23331 0.0263158
30995 0.0208333
35063 0.0188679
22621 0.0188679
38361 0.0178571
11072 0.0178571
23855 0.0166667
23346 0.0166667
22198 0.0166667
20519 0.0166667
17934 0.0166667
9373 0.0166667
7835 0.0166667
37655 0.0163934
29629 0.0163934
25846 0.0163934
24986 0.0163934
24780 0.0163934
23628 0.0163934
23380 0.0163934
20242 0.0163934
15301 0.0163934
13410 0.0163934
12009 0.0163934
7022 0.0163934
6045 0.0163934
3297 0.0163934
1329 0.0163934
40165 0.01
39951 0.01
39637 0.01
38906 0.01
35974 0.01
35445 0.01
34702 0.01
33817 0.01
33267 0.01
26512 0.01
25704 0.01
25243 0.01
24505 0.01
22083 0.01
17658 0.01
17312 0.01
17154 0.01
17074 0.01
16744 0.01
12911 0.01
12908 0.01
11389 0.01
11113 0.01
10788 0.01
10169 0.01
8237 0.01
5561 0.01
4982 0.01
4038 0.01
2542 0.01
2386 0.01
878 0.01
129 0.01
40980 0
40979 0
40978 0
40977 0
40976 0
40975 0
40973 0
40972 0
40971 0
40970 0
40969 0
40968 0
40967 0
40966 0
40965 0
40964 0
40963 0
40962 0
40961 0
40960 0
40959 0
40958 0
40957 0
40956 0
40955 0
40954 0
40953 0
40952 0
40951 0
40950 0
40949 0
40948 0
40947 0
40946 0
40945 0
40944 0
40943 0
40942 0
40941 0
40940 0
40939 0
40938 0
40937 0
40936 0
40935 0
40934 0
40933 0
40932 0
40931 0
40930 0
40929 0
40928 0
40927 0
40926 0
40925 0
40924 0
40923 0
40922 0
40921 0
40920 0
40919 0
40918 0
40917 0
40916 0
40915 0
40914 0
40913 0
40912 0
40911 0
40910 0
40909 0
40908 0
40907 0
40906 0
40905 0
40904 0
40903 0
40902 0
40901 0
40900 0
40899 0
40898 0
40897 0
40896 0
40895 0
40894 0
40893 0
40892 0
