21360 2.39643
29127 1.41276
3014 1.29237
30651 1.24133
33636 1.10243
38354 1.04288
30905 0.954167
704 0.84166
21715 0.804796
6185 0.708333
17017 0.703704
6869 0.689464
21341 0.638889
9814 0.601766
39696 0.583333
3239 0.561928
19711 0.555556
8164 0.521429
22828 0.491667
18504 0.486111
17760 0.485187
30498 0.404395
29345 0.381052
29352 0.3731
5611 0.355022
3640 0.353846
2089 0.34359
35465 0.333333
25251 0.253403
12450 0.253403
3488 0.253403
39070 0.25
31559 0.25
26632 0.25
25016 0.25
23678 0.25
9021 0.235498
35639 0.220556
30145 0.220556
26872 0.220556
6988 0.220556
1812 0.220556
22748 0.218337
14147 0.218052
13253 0.218052
4010 0.218052
39159 0.204163
11272 0.204163
26820 0.201149
20804 0.201149
39018 0.2
7590 0.196685
7110 0.196685
35800 0.190319
30375 0.190319
4418 0.190319
146 0.190319
39655 0.182834
38961 0.179796
35246 0.179796
23666 0.179796
20482 0.179796
15309 0.179796
3862 0.179796
30519 0.166667
26247 0.166667
26951 0.159719
11830 0.159719
11084 0.159719
31082 0.142857
22811 0.125
19103 0.125
14497 0.125
6405 0.125
36888 0.111111
31647 0.111111
6207 0.111111
39794 0.0971528
37487 0.0971528
37129 0.0971528
17034 0.0971528
13918 0.0971528
740 0.0971528
34866 0.0921474
24827 0.0921474
21710 0.0921474
7311 0.0921474
6883 0.0921474
27507 0.0864321
27047 0.0864321
14050 0.0864321
13244 0.0864321
9441 0.0864321
7840 0.0864321
17951 0.0833333
16455 0.0818618
15026 0.0818618
21699 0.0769231
20429 0.0769231
18638 0.0769231
38138 0.0723968
14417 0.0723968
2344 0.0723968
34746 0.0714286
34084 0.0714286
928 0.0666667
28162 0.0555556
19984 0.0555556
18328 0.0555556
16722 0.0555556
31373 0.047619
2978 0.047619
19590 0.0416667
34768 0.037037
33842 0.037037
18313 0.037037
3506 0.037037
172 0.037037
38652 0.0344828
35329 0.0344828
22330 0.0344828
13710 0.0344828
12737 0.0344828
9877 0.0344828
1713 0.0344828
377 0.0344828
26904 0.03125
24837 0.03125
16281 0.03125
39450 0.030303
39250 0.0192308
37476 0.0192308
37294 0.0192308
35168 0.0192308
31973 0.0192308
30544 0.0192308
30516 0.0192308
29605 0.0192308
28830 0.0192308
27635 0.0192308
23406 0.0192308
6683 0.0192308
6476 0.0192308
1058 0.0192308
39758 0.016129
38894 0.016129
36424 0.016129
35746 0.016129
33338 0.016129
32798 0.016129
32005 0.016129
25403 0.016129
25007 0.016129
24547 0.016129
24496 0.016129
17831 0.016129
17426 0.016129
17218 0.016129
9843 0.016129
6745 0.016129
4400 0.016129
2868 0.016129
40980 0
40979 0
40978 0
40977 0
40976 0
40975 0
40974 0
40973 0
40972 0
40971 0
40970 0
40969 0
40968 0
40967 0
40966 0
40965 0
40964 0
40963 0
40962 0
40961 0
40960 0
40959 0
40958 0
40957 0
40956 0
40955 0
40954 0
40953 0
40952 0
40951 0
40950 0
40949 0
40948 0
40947 0
40946 0
40945 0
40944 0
40943 0
40942 0
40941 0
40940 0
40939 0
40938 0
40937 0
40936 0
40935 0
40934 0
40933 0
40932 0
40931 0
40930 0
40929 0
40928 0
40927 0
40926 0
40925 0
40924 0
40923 0
40922 0
40921 0
40920 0
40919 0
40918 0
40917 0
40916 0
40915 0
40914 0
40913 0
40912 0
40911 0
40910 0
40909 0
40908 0
40907 0
40906 0
40905 0
40904 0
40903 0
40902 0
40901 0
40900 0
40899 0
40898 0
40897 0
40896 0
40895 0
40894 0
40893 0
40892 0
40891 0
40890 0
40889 0
40888 0
40887 0
40886 0
40885 0
40884 0
40883 0
40882 0
40881 0
40880 0
40879 0
40878 0
40877 0
40876 0
40875 0
40874 0
40873 0
40872 0
40871 0
40870 0
40869 0
40868 0
40867 0
40866 0
40865 0
40864 0
40863 0
40862 0
40861 0
40860 0
40859 0
40858 0
40857 0
40856 0
40855 0
40854 0
40853 0
40852 0
40851 0
40850 0
40849 0
40848 0
40847 0
40846 0
40845 0
40844 0
40843 0
40842 0
40841 0
40840 0
40839 0
40838 0
40837 0
40836 0
40835 0
40834 0
40833 0
40832 0
40831 0
40830 0
40829 0
40828 0
40827 0
40826 0
40825 0
40824 0
40823 0
40822 0
40821 0
40820 0
40819 0
40818 0
40817 0
40816 0
40815 0
40814 0
40813 0
40812 0
40811 0
40810 0
40809 0
40808 0
40807 0
40806 0
40805 0
40804 0
40803 0
40802 0
40801 0
40800 0
40799 0
40798 0
40797 0
40796 0
40795 0
40794 0
40793 0
40792 0
40791 0
40790 0
40789 0
40788 0
40787 0
40786 0
40785 0
40784 0
40783 0
40782 0
40781 0
40780 0
40779 0
40778 0
40777 0
40776 0
40775 0
40774 0
40773 0
40772 0
40771 0
40770 0
40769 0
40768 0
40767 0
40766 0
40765 0
40764 0
40763 0
40762 0
40761 0
40760 0
40759 0
40758 0
40757 0
40756 0
40755 0
40754 0
40753 0
40752 0
40751 0
40750 0
40749 0
40748 0
40747 0
40746 0
40745 0
40744 0
40743 0
40742 0
40741 0
40740 0
40739 0
40738 0
40737 0
40736 0
40735 0
40734 0
40733 0
40732 0
40731 0
40730 0
40729 0
40728 0
40727 0
40726 0
40725 0
40724 0
40723 0
40722 0
40721 0
40720 0
40719 0
40718 0
40717 0
40716 0
40715 0
40714 0
40713 0
40712 0
40711 0
40710 0
40709 0
40708 0
40707 0
40706 0
40705 0
40704 0
40703 0
40702 0
40701 0
40700 0
40699 0
40698 0
40697 0
40696 0
40695 0
40694 0
40693 0
40692 0
40691 0
40690 0
40689 0
40688 0
40687 0
40686 0
40685 0
40684 0
40683 0
40682 0
40681 0
40680 0
40679 0
40678 0
40677 0
40676 0
40675 0
40674 0
40673 0
40672 0
40671 0
40670 0
40669 0
40668 0
40667 0
40666 0
40665 0
40664 0
40663 0
40662 0
40661 0
40660 0
40659 0
40658 0
40657 0
40656 0
40655 0
40654 0
40653 0
40652 0
40651 0
40650 0
40649 0
40648 0
40647 0
40646 0
40645 0
40644 0
40643 0
