11810 2.57588
27166 1.5009
27799 1.20445
35825 1.14087
31589 0.923752
32572 0.791667
32337 0.73914
24137 0.659174
32812 0.644444
22530 0.641917
14138 0.632899
7145 0.606981
22953 0.590817
30504 0.582442
9239 0.575
37102 0.558101
4554 0.537208
12522 0.465391
3815 0.437881
13766 0.421696
19774 0.412781
11417 0.40873
2862 0.399573
13654 0.390775
9663 0.363636
32279 0.355043
19219 0.353409
31352 0.333333
23432 0.333333
3682 0.333333
33633 0.327449
22711 0.320932
18138 0.317705
4934 0.305556
26398 0.266414
9616 0.25
2885 0.243551
18964 0.242222
31531 0.236384
20795 0.236384
21186 0.229798
3068 0.225
40868 0.2
39477 0.2
30168 0.2
29270 0.2
21142 0.2
13398 0.2
6300 0.2
26393 0.195328
24523 0.195328
16327 0.195328
17062 0.166667
40431 0.162857
22088 0.162857
2786 0.159722
40629 0.153472
24336 0.153472
5209 0.142857
1238 0.142857
39888 0.140193
22321 0.140193
21105 0.140193
36313 0.137949
10169 0.137949
4058 0.137949
28294 0.125
25826 0.125
17120 0.125
8427 0.125
8262 0.125
8208 0.11414
33459 0.11382
38608 0.111111
33497 0.111111
22469 0.111111
11264 0.111111
10767 0.111111
6118 0.111111
27663 0.106081
27059 0.106081
20516 0.106081
27740 0.1
5422 0.1
4189 0.1
33067 0.0909091
38659 0.0833333
13649 0.0833333
6959 0.0833333
4097 0.0833333
2266 0.0833333
8685 0.0824421
23143 0.0788745
17219 0.0788745
6319 0.0788745
39791 0.0718721
33267 0.0718721
30793 0.0718721
27926 0.0718721
27613 0.0718721
24239 0.0718721
14858 0.0718721
37672 0.0714286
27876 0.0714286
27565 0.0714286
21785 0.0714286
17137 0.0714286
4848 0.0714286
35346 0.0625
30676 0.0625
26950 0.0625
14158 0.0625
7478 0.0625
4444 0.0625
3852 0.0625
40890 0.0566162
37305 0.0566162
33377 0.0566162
29140 0.0566162
22456 0.0566162
2638 0.0566162
785 0.0566162
34005 0.0526316
31827 0.0526316
31622 0.0526316
22605 0.0526316
20305 0.0526316
16924 0.0526316
13507 0.0526316
11393 0.0526316
10028 0.0526316
8197 0.0526316
7253 0.0526316
7059 0.0526316
35733 0.047619
23566 0.047619
30331 0.0384615
30052 0.0384615
12985 0.0384615
11266 0.0384615
841 0.0384615
40870 0.030303
40553 0.030303
39549 0.030303
37902 0.030303
37120 0.030303
36517 0.030303
31402 0.030303
28229 0.030303
27768 0.030303
9660 0.030303
8513 0.030303
4361 0.030303
39387 0.0294118
36952 0.0294118
35734 0.0294118
20789 0.0294118
20230 0.0294118
18866 0.0294118
18119 0.0294118
17312 0.0294118
7536 0.0294118
6336 0.0294118
2069 0.0294118
40389 0.0285714
32536 0.0285714
23843 0.0285714
15592 0.0285714
15054 0.0285714
13626 0.0285714
6592 0.0285714
35203 0.0227273
28855 0.0227273
28521 0.0227273
28239 0.0227273
25851 0.0227273
25659 0.0227273
22249 0.0227273
21115 0.0227273
20749 0.0227273
19867 0.0227273
19606 0.0227273
15167 0.0227273
15012 0.0227273
14503 0.0227273
13001 0.0227273
7454 0.0227273
6579 0.0227273
3727 0.0227273
3002 0.0227273
614 0.0227273
32437 0.02
31457 0.02
30815 0.02
30073 0.02
29441 0.02
29193 0.02
27729 0.02
24902 0.02
22629 0.02
21272 0.02
17417 0.02
16806 0.02
12451 0.02
11167 0.02
10879 0.02
7132 0.02
6412 0.02
38141 0.0138889
37948 0.0138889
34770 0.0138889
33452 0.0138889
32788 0.0138889
31564 0.0138889
31537 0.0138889
31228 0.0138889
29852 0.0138889
29285 0.0138889
28740 0.0138889
28424 0.0138889
24206 0.0138889
24162 0.0138889
17900 0.0138889
16047 0.0138889
13337 0.0138889
13016 0.0138889
11789 0.0138889
10196 0.0138889
9197 0.0138889
6906 0.0138889
6261 0.0138889
6172 0.0138889
6166 0.0138889
6041 0.0138889
5875 0.0138889
4479 0.0138889
2869 0.0138889
2542 0.0138889
1281 0.0138889
416 0.0138889
40980 0
40979 0
40978 0
40977 0
40976 0
40975 0
40974 0
40973 0
40972 0
40971 0
40970 0
40969 0
40968 0
40967 0
40966 0
40965 0
40964 0
40963 0
40962 0
40961 0
40960 0
40959 0
40958 0
40957 0
40956 0
40955 0
40954 0
40953 0
40952 0
40951 0
40950 0
40949 0
40948 0
40947 0
40946 0
40945 0
40944 0
40943 0
40942 0
40941 0
40940 0
40939 0
40938 0
40937 0
40936 0
40935 0
40934 0
40933 0
40932 0
40931 0
40930 0
40929 0
40928 0
40927 0
40926 0
40925 0
40924 0
40923 0
40922 0
40921 0
40920 0
40919 0
40918 0
40917 0
40916 0
40915 0
40914 0
40913 0
40912 0
40911 0
40910 0
40909 0
40908 0
40907 0
40906 0
40905 0
40904 0
40903 0
40902 0
40901 0
40900 0
40899 0
40898 0
40897 0
40896 0
40895 0
40894 0
40893 0
40892 0
40891 0
40889 0
40888 0
40887 0
40886 0
40885 0
40884 0
40883 0
40882 0
40881 0
40880 0
40879 0
40878 0
40877 0
40876 0
40875 0
40874 0
40873 0
40872 0
40871 0
40869 0
40867 0
40866 0
40865 0
40864 0
40863 0
40862 0
40861 0
40860 0
40859 0
40858 0
40857 0
40856 0
40855 0
40854 0
40853 0
40852 0
40851 0
40850 0
40849 0
40848 0
40847 0
40846 0
40845 0
40844 0
40843 0
40842 0
40841 0
40840 0
40839 0
40838 0
40837 0
40836 0
40835 0
40834 0
40833 0
40832 0
40831 0
40830 0
40829 0
40828 0
40827 0
40826 0
40825 0
40824 0
40823 0
40822 0
40821 0
40820 0
40819 0
40818 0
40817 0
40816 0
40815 0
40814 0
40813 0
40812 0
40811 0
40810 0
40809 0
40808 0
40807 0
40806 0
40805 0
40804 0
40803 0
40802 0
40801 0
40800 0
40799 0
40798 0
40797 0
40796 0
40795 0
40794 0
40793 0
40792 0
40791 0
40790 0
40789 0
40788 0
40787 0
40786 0
40785 0
40784 0
40783 0
40782 0
40781 0
40780 0
40779 0
40778 0
40777 0
40776 0
40775 0
40774 0
40773 0
40772 0
40771 0
40770 0
40769 0
40768 0
40767 0
40766 0
40765 0
40764 0
40763 0
40762 0
40761 0
40760 0
40759 0
40758 0
40757 0
40756 0
40755 0
40754 0
40753 0
40752 0
40751 0
40750 0
40749 0
40748 0
40747 0
40746 0
40745 0
40744 0
40743 0
40742 0
40741 0
40740 0
40739 0
40738 0
40737 0
40736 0
40735 0
40734 0
40733 0
40732 0
40731 0
40730 0
40729 0
40728 0
40727 0
40726 0
40725 0
40724 0
40723 0
40722 0
40721 0
40720 0
40719 0
40718 0
