8672 278.369
4520 78.3732
32711 63.8874
31301 26.8179
16652 21.4269
32885 18.7254
38002 13.2316
19322 12.5622
35696 11.8653
22963 11.3488
17550 10.8997
11142 7.28062
11677 7.24871
27410 7.18456
15769 6.94415
19032 6.92311
30141 6.49543
3782 6.4918
36035 6.07016
37755 5.27236
21172 5.15366
18034 5.03822
28089 4.34032
31730 4.18788
18950 4.09432
35943 4.07619
31927 4.02768
30054 3.90758
1975 3.90758
17634 3.63414
11192 3.53422
4878 3.38601
36734 3.31261
15603 3.28873
31138 3.27599
479 3.24556
3106 3.23711
10923 3.1833
13040 3.11087
19579 3.10589
33977 3.09689
38862 2.98513
27475 2.97393
23832 2.93585
5469 2.83082
38151 2.77521
39916 2.76218
17083 2.66295
38711 2.6471
27799 2.63856
28148 2.62289
38487 2.6
20280 2.5764
36542 2.53883
22594 2.50238
21518 2.45185
29707 2.43731
37910 2.422
10523 2.37523
12466 2.28951
20559 2.24853
14238 2.2119
29795 2.16163
14748 2.13599
39384 2.125
26287 2.11468
37711 2.10119
10737 2.08274
12710 2.04496
9371 2.01829
6870 1.95357
31309 1.91551
25054 1.89741
24825 1.87692
1335 1.87299
16249 1.83867
6612 1.83814
24376 1.83128
18830 1.829
38902 1.8015
37534 1.7719
3936 1.75397
2158 1.75394
23615 1.75119
4301 1.7494
34299 1.72906
10404 1.69337
12824 1.6787
3355 1.60435
31509 1.57822
15484 1.57349
9665 1.54968
9442 1.53793
4814 1.51792
4127 1.49503
13635 1.49167
26222 1.48333
543 1.44402
31945 1.43214
17069 1.42608
52 1.42545
9014 1.40797
33007 1.40583
38063 1.38151
26272 1.35696
6096 1.35138
26310 1.34444
20926 1.3228
8373 1.3171
27790 1.31313
9561 1.28809
6176 1.28196
25573 1.25952
21896 1.24119
11194 1.22654
23843 1.20952
7691 1.20882
6689 1.19377
24414 1.19093
5671 1.18569
10030 1.18333
32648 1.16667
5659 1.15238
878 1.15238
13775 1.14476
16640 1.11071
19566 1.09412
33185 1.08432
21097 1.06786
15155 1.05952
21911 1.05512
14277 1.05043
18328 1.04091
4386 1.02176
22338 1.02143
24246 1.01099
37319 1.00168
34373 1
7980 0.978909
4111 0.977656
39593 0.960989
31191 0.957184
24492 0.944514
25300 0.943347
35138 0.935714
26779 0.934524
20273 0.933428
36201 0.928997
13523 0.922985
14239 0.917277
25950 0.916667
13959 0.916667
16397 0.890156
24049 0.876587
6983 0.867396
14440 0.860928
27585 0.85119
29737 0.848485
12709 0.848214
22207 0.843058
2430 0.84057
32857 0.840182
8261 0.838521
26017 0.828968
22100 0.821429
23353 0.819322
24239 0.813131
15712 0.803219
37071 0.791667
8851 0.786423
31347 0.783333
20778 0.783333
27031 0.779762
1882 0.767316
39848 0.764029
9689 0.760989
3520 0.760714
35338 0.754579
37104 0.75
5214 0.75
36289 0.736447
7054 0.733333
37176 0.72619
8767 0.721884
2913 0.720401
40423 0.715614
36818 0.710145
28936 0.708333
23696 0.708009
15781 0.702381
1372 0.701707
28506 0.7
16521 0.695394
11901 0.692811
25983 0.690909
363 0.679304
23426 0.677656
3786 0.67619
15285 0.674242
24594 0.672447
37331 0.666667
22879 0.658627
16369 0.65
2401 0.649772
8732 0.646703
471 0.633333
34624 0.63125
16578 0.63047
13674 0.626812
11271 0.625049
18307 0.625
20167 0.619048
38220 0.618162
27595 0.616667
30758 0.607937
32398 0.604762
38809 0.592857
28847 0.592857
21065 0.592857
20343 0.592857
36612 0.590174
9941 0.583631
8027 0.583333
4845 0.583333
18011 0.571429
25584 0.570464
6731 0.57037
3115 0.566667
37923 0.559353
27804 0.55
32933 0.547854
15592 0.547854
6347 0.547854
22699 0.54359
7729 0.541667
7094 0.541667
38638 0.518963
5693 0.515446
18922 0.51162
26892 0.507576
34216 0.501784
20850 0.5
7986 0.492857
7708 0.491667
27945 0.476923
26750 0.476923
30442 0.467857
27623 0.467857
23730 0.467857
20943 0.467857
4395 0.467857
21347 0.455556
28899 0.451681
14267 0.451681
38998 0.445489
7958 0.444444
40209 0.44359
25074 0.443478
34665 0.442857
2757 0.441646
9285 0.441545
34694 0.4375
17443 0.433766
15400 0.433333
12349 0.433333
19787 0.433333
32879 0.42946
23427 0.425
1642 0.424793
38970 0.422222
29061 0.422222
15578 0.421837
32441 0.414286
27963 0.413682
17715 0.413682
27756 0.411732
2062 0.410989
2840 0.409524
8198 0.408333
27514 0.407576
33882 0.402778
35346 0.401923
26245 0.398732
14170 0.394444
17751 0.383824
1471 0.382576
24985 0.380952
23781 0.378968
12152 0.376812
808 0.37619
19793 0.373605
2747 0.373605
4928 0.36859
21199 0.361905
32147 0.356706
10277 0.353968
16196 0.353846
10020 0.353002
37699 0.345238
14402 0.336806
17152 0.336111
18788 0.334524
36128 0.333333
35096 0.333333
33664 0.333333
33343 0.333333
32575 0.333333
32411 0.333333
30793 0.333333
27217 0.333333
26818 0.333333
26739 0.333333
18432 0.333333
15648 0.333333
14802 0.333333
11586 0.333333
10661 0.333333
9633 0.333333
7437 0.333333
6314 0.333333
4919 0.333333
3096 0.333333
2665 0.333333
1124 0.333333
37706 0.330891
25490 0.330891
7501 0.330252
342 0.330252
26112 0.32619
11449 0.32619
2647 0.324259
9354 0.324242
22823 0.320953
7369 0.319444
24898 0.3125
14940 0.3125
23721 0.306922
5458 0.306818
2633 0.302413
1586 0.300433
20519 0.299242
26940 0.297447
39778 0.296703
20330 0.296703
24367 0.291667
26011 0.290909
22079 0.290909
13410 0.287338
8723 0.287338
40657 0.285714
8865 0.281818
29743 0.28052
12552 0.279894
15599 0.279683
1313 0.279485
17300 0.270788
39306 0.26859
34847 0.268498
26088 0.265909
34575 0.265596
25879 0.265596
11600 0.265596
33303 0.263952
30996 0.261628
3262 0.260989
39682 0.260989
27895 0.260989
27131 0.260989
17337 0.260989
1271 0.260989
2885 0.257576
25477 0.254762
40456 0.25
40317 0.25
40136 0.25
39226 0.25
39171 0.25
38505 0.25
36769 0.25
34825 0.25
34768 0.25
33917 0.25
31234 0.25
31230 0.25
29914 0.25
29734 0.25
28883 0.25
27649 0.25
27573 0.25
26488 0.25
26449 0.25
26430 0.25
25311 0.25
24537 0.25
24381 0.25
21729 0.25
18270 0.25
17304 0.25
16516 0.25
13501 0.25
13194 0.25
13157 0.25
11686 0.25
11016 0.25
9511 0.25
9361 0.25
9200 0.25
5457 0.25
4338 0.25
2663 0.25
1465 0.25
33487 0.249542
10980 0.249206
33829 0.248352
33208 0.2471
24540 0.2471
239 0.2471
13432 0.243687
34433 0.24359
17312 0.242157
39850 0.237637
22770 0.236742
31879 0.236369
12 0.236111
19839 0.233211
2246 0.233202
34406 0.231512
28526 0.228936
12084 0.228936
35925 0.225296
34978 0.217893
3185 0.217893
27846 0.210852
39695 0.205556
2859 0.205556
4257 0.205495
28600 0.202537
24112 0.201898
21874 0.201898
1661 0.201054
40027 0.2
39985 0.2
36243 0.2
35332 0.2
33616 0.2
33490 0.2
32732 0.2
32704 0.2
32653 0.2
32255 0.2
31441 0.2
31329 0.2
30972 0.2
30706 0.2
30626 0.2
30589 0.2
29419 0.2
27556 0.2
27353 0.2
25901 0.2
25846 0.2
25553 0.2
25520 0.2
24585 0.2
24449 0.2
23990 0.2
19631 0.2
19266 0.2
18352 0.2
16713 0.2
16528 0.2
16178 0.2
11630 0.2
10775 0.2
9297 0.2
8928 0.2
6909 0.2
6262 0.2
3400 0.2
2675 0.2
1887 0.2
1544 0.2
25268 0.199252
12537 0.199252
34311 0.198465
6970 0.198214
17079 0.196919
2490 0.19152
19609 0.181573
30047 0.177656
22387 0.173203
17231 0.173203
20838 0.171884
5357 0.171884
37097 0.171679
6968 0.168714
39684 0.166667
39614 0.166667
36952 0.166667
35510 0.166667
