30528 12.305
2780 7.34472
15936 3.48275
7028 3.41339
28776 3.35243
37684 2.54671
4942 2.47643
28043 2.41908
34956 2.41206
29479 2.22917
14197 2.075
39905 2.07064
27268 2.06451
29662 1.7
11141 1.69716
29879 1.68608
40622 1.51474
29705 1.46432
13982 1.45716
484 1.40177
19456 1.36343
11590 1.28595
18928 1.03645
15366 0.997222
23606 0.985983
5391 0.967634
19398 0.925
37139 0.874076
15051 0.81206
35883 0.794444
27024 0.770971
24345 0.761215
37547 0.737875
32086 0.728283
12583 0.725357
26603 0.717314
1066 0.7
24000 0.691666
25044 0.673947
31106 0.673751
23430 0.660171
10437 0.658333
27568 0.604762
20122 0.583333
22826 0.559524
16106 0.559524
29177 0.540909
10895 0.527778
943 0.527399
7388 0.500325
1956 0.5
18079 0.488325
25486 0.480409
17463 0.477027
34630 0.466667
38868 0.441385
10803 0.432799
33188 0.418639
5596 0.418123
17422 0.400433
22244 0.398232
18494 0.384096
28536 0.380952
6733 0.378788
6960 0.375
6698 0.375
32268 0.371429
14761 0.370455
12336 0.360256
36543 0.354978
37423 0.344538
40112 0.333333
37368 0.333333
36392 0.333333
4920 0.333333
18158 0.333208
31961 0.322367
34779 0.30303
469 0.294407
20640 0.292857
2623 0.273766
9679 0.266667
39874 0.257738
18431 0.256073
35816 0.252121
22082 0.25
17117 0.25
16580 0.25
14251 0.25
8257 0.25
1571 0.25
18166 0.239423
39544 0.238528
15915 0.235171
8950 0.235107
29661 0.234499
19556 0.225
25711 0.219156
31779 0.213743
12192 0.210207
12559 0.210041
35964 0.209127
30077 0.205911
40172 0.2
39072 0.2
37290 0.2
33705 0.2
17566 0.2
12616 0.2
6575 0.2
6472 0.2
4294 0.2
3395 0.2
2922 0.2
24455 0.187892
34734 0.183838
33737 0.180303
39720 0.166667
34442 0.166667
29098 0.166667
23066 0.166667
20662 0.166667
9960 0.166667
6885 0.166667
4401 0.166667
2345 0.166667
11772 0.161111
6450 0.161111
20907 0.160119
7023 0.160119
34839 0.156318
33023 0.155495
21535 0.153687
7902 0.153687
18634 0.151556
27798 0.148456
17478 0.148456
30925 0.142857
12632 0.142857
11754 0.142857
6376 0.142857
956 0.142857
16900 0.139148
7156 0.139148
23651 0.125359
33354 0.125
27558 0.125
19838 0.125
18623 0.125
17681 0.125
22013 0.120813
15401 0.120813
23424 0.119659
750 0.119659
40482 0.111111
40475 0.111111
38677 0.111111
12383 0.111111
11671 0.111111
6727 0.111111
3121 0.111111
34137 0.110122
15186 0.110122
37745 0.101804
32561 0.101804
16170 0.101804
15073 0.101804
39199 0.1
39148 0.1
36759 0.1
35699 0.1
35047 0.1
34488 0.1
33975 0.1
30893 0.1
26631 0.1
21693 0.1
15746 0.1
7941 0.1
2176 0.1
1533 0.09721
37551 0.0909091
31966 0.0909091
27533 0.0909091
24851 0.0909091
20924 0.0909091
12987 0.0909091
11220 0.0909091
29002 0.0833333
25796 0.0833333
24418 0.0833333
5140 0.0820124
28905 0.0769231
8766 0.0769231
8090 0.0769231
4120 0.0769231
30266 0.0714286
29748 0.0714286
29189 0.0714286
27631 0.0714286
18320 0.0714286
17027 0.0714286
16363 0.0714286
15597 0.0714286
13331 0.0714286
10591 0.0666667
5016 0.0666667
38466 0.0625
35612 0.0588235
25234 0.0588235
22254 0.0588235
12242 0.0588235
2151 0.0588235
35492 0.0526316
33056 0.0526316
31719 0.0526316
14730 0.0526316
10897 0.0526316
4978 0.0526316
2448 0.0526316
34482 0.05
33801 0.05
17666 0.05
17494 0.05
21600 0.047619
14995 0.047619
33745 0.0454545
15939 0.0454545
15650 0.0454545
11832 0.0454545
10795 0.0454545
10264 0.0454545
9505 0.0454545
9046 0.0454545
8746 0.0454545
5903 0.0454545
2438 0.0454545
1080 0.0454545
33528 0.04
24250 0.04
21653 0.04
40670 0.0344828
31119 0.0344828
30041 0.0344828
15131 0.0344828
7484 0.0344828
5945 0.0344828
22803 0.0322581
30 0.0322581
38124 0.0285714
32259 0.0285714
26408 0.0285714
22843 0.0285714
19754 0.0285714
16082 0.0285714
12843 0.0285714
6659 0.0285714
3038 0.0285714
997 0.0285714
37007 0.0277778
30465 0.0277778
20219 0.0277778
14183 0.0277778
9524 0.0277778
5542 0.0277778
37309 0.027027
30368 0.027027
27864 0.027027
22776 0.027027
16229 0.027027
10558 0.027027
4248 0.027027
38617 0.0227273
33747 0.0227273
31065 0.0227273
30130 0.0227273
27324 0.0227273
15932 0.0227273
10198 0.0227273
1196 0.0227273
40980 0
40979 0
40978 0
40977 0
40976 0
40975 0
40974 0
40973 0
40972 0
40971 0
40970 0
40969 0
40968 0
40967 0
40966 0
40965 0
40964 0
40963 0
40962 0
40961 0
40960 0
40959 0
40958 0
40957 0
40956 0
40955 0
40954 0
40953 0
40952 0
40951 0
40950 0
40949 0
40948 0
40947 0
40946 0
40945 0
40944 0
40943 0
40942 0
40941 0
40940 0
40939 0
40938 0
40937 0
40936 0
40935 0
40934 0
40933 0
40932 0
40931 0
40930 0
40929 0
40928 0
40927 0
40926 0
40925 0
40924 0
40923 0
40922 0
40921 0
40920 0
40919 0
40918 0
40917 0
40916 0
40915 0
40914 0
40913 0
40912 0
40911 0
40910 0
40909 0
40908 0
40907 0
40906 0
40905 0
40904 0
40903 0
40902 0
40901 0
40900 0
40899 0
40898 0
40897 0
40896 0
40895 0
40894 0
40893 0
40892 0
40891 0
40890 0
40889 0
40888 0
40887 0
40886 0
40885 0
40884 0
40883 0
40882 0
40881 0
40880 0
40879 0
40878 0
40877 0
40876 0
40875 0
40874 0
40873 0
40872 0
40871 0
40870 0
40869 0
40868 0
40867 0
40866 0
40865 0
40864 0
40863 0
40862 0
40861 0
40860 0
40859 0
40858 0
40857 0
40856 0
40855 0
40854 0
40853 0
40852 0
40851 0
40850 0
40849 0
40848 0
40847 0
40846 0
40845 0
40844 0
40843 0
40842 0
40841 0
40840 0
40839 0
40838 0
40837 0
40836 0
40835 0
40834 0
40833 0
40832 0
40831 0
40830 0
40829 0
40828 0
40827 0
40826 0
40825 0
40824 0
40823 0
40822 0
40821 0
40820 0
40819 0
40818 0
40817 0
40816 0
40815 0
40814 0
40813 0
40812 0
40811 0
40810 0
40809 0
40808 0
40807 0
40806 0
40805 0
40804 0
40803 0
40802 0
40801 0
40800 0
40799 0
40798 0
40797 0
40796 0
40795 0
40794 0
40793 0
40792 0
40791 0
40790 0
40789 0
40788 0
40787 0
40786 0
40785 0
40784 0
40783 0
40782 0
40781 0
40780 0
40779 0
40778 0
40777 0
40776 0
40775 0
40774 0
40773 0
40772 0
40771 0
40770 0
40769 0
40768 0
40767 0
40766 0
40765 0
40764 0
40763 0
40762 0
40761 0
