987 43.699
25701 30.0705
1580 17.7494
7510 8.44182
40340 8.34288
10869 6.37529
10678 6.34248
23376 6.06807
15097 5.79849
37248 5.6346
28060 5.03827
5418 4.06795
24583 3.99946
11603 3.82432
38190 3.71783
22594 3.71667
20147 3.68232
9137 3.56946
23843 2.78995
15742 2.69186
673 2.65239
32885 2.56667
17430 2.54698
15129 2.32742
5253 2.32351
35579 2.27626
37924 2.24952
33295 2.24597
5562 2.21557
12065 2.16439
25775 2.07518
1704 1.91555
6629 1.91029
13813 1.78907
10812 1.72777
1308 1.62589
39309 1.59289
8703 1.58757
39967 1.57569
19285 1.52035
16669 1.51891
1189 1.39897
10923 1.39361
28329 1.36026
28071 1.34684
33373 1.25215
9107 1.24891
10968 1.23242
6108 1.19851
19506 1.18316
37934 1.17949
33008 1.17702
17890 1.16056
40834 1.15096
7473 1.14655
19675 1.1456
7763 1.14063
17505 1.12971
32260 1.08632
1052 1.05519
23696 1.00423
25444 0.998538
28704 0.993526
40005 0.993519
21192 0.990115
14275 0.973529
32390 0.969877
12004 0.955374
34524 0.953277
38371 0.922619
10824 0.852161
8761 0.833333
15582 0.828239
23220 0.818204
38034 0.814242
26881 0.795128
5604 0.793336
19706 0.791656
38543 0.781204
37039 0.779798
22712 0.755072
27438 0.748207
36040 0.747156
19794 0.74666
211 0.729199
9665 0.726812
34577 0.721624
29949 0.721624
76 0.715812
8256 0.70769
6442 0.705952
14650 0.703211
14374 0.700241
35393 0.694923
24435 0.688131
4336 0.687756
25662 0.664792
4566 0.658434
5091 0.653363
7155 0.65
16846 0.642857
8848 0.642857
1841 0.63389
19321 0.62995
36578 0.619048
21911 0.616667
14131 0.616667
7752 0.607973
15856 0.60202
7101 0.601921
10578 0.600334
7985 0.596492
40197 0.584325
27894 0.581406
14192 0.575317
16841 0.561905
26920 0.557145
17096 0.550846
7043 0.549341
39329 0.549267
31599 0.54925
37466 0.534597
23856 0.527778
40828 0.526429
8672 0.521739
8429 0.511679
32814 0.510753
31301 0.510753
21356 0.504798
34992 0.504762
11700 0.501389
25123 0.500565
22739 0.5
37644 0.482915
17544 0.482258
24757 0.481674
36232 0.477778
4765 0.477778
2102 0.47632
34660 0.476024
31468 0.476024
19795 0.474065
30376 0.471524
35742 0.466302
18403 0.460145
27076 0.459431
39115 0.453541
19686 0.451389
8328 0.451389
1833 0.448925
23799 0.448853
1686 0.441057
17321 0.437673
5192 0.437673
1810 0.435162
27397 0.431041
21305 0.429098
7589 0.422619
13325 0.421593
5992 0.421593
23827 0.4184
15062 0.409023
29932 0.405556
5291 0.39612
22839 0.395238
21700 0.395238
40056 0.386335
40362 0.385185
19420 0.383985
18918 0.38256
34910 0.382128
36396 0.38183
18047 0.37549
9289 0.375
20430 0.374542
11245 0.373311
26670 0.368473
14100 0.366175
5219 0.366175
32149 0.365634
14872 0.365225
28973 0.365079
38805 0.363628
32952 0.361494
9872 0.359524
26156 0.358824
32579 0.355467
21587 0.355077
33610 0.351901
12126 0.351405
38433 0.351313
6026 0.345422
37985 0.344298
14856 0.33779
40883 0.333333
36097 0.333333
33441 0.333333
6695 0.331263
18076 0.326681
6497 0.32619
21694 0.323496
26300 0.319108
16258 0.31833
9914 0.315674
29117 0.312346
12359 0.310625
5248 0.310625
20005 0.309993
3947 0.304233
10700 0.303114
9808 0.299228
13859 0.298535
4998 0.296467
23569 0.294923
4542 0.293074
11960 0.291667
36462 0.279012
36365 0.279012
853 0.279012
39444 0.277861
12305 0.277861
17731 0.277367
16186 0.274242
36666 0.272412
36188 0.271739
34443 0.271739
33367 0.268704
14453 0.266917
34312 0.260753
13309 0.260753
32869 0.253968
22109 0.253676
6150 0.252326
19122 0.251574
34419 0.251316
40350 0.251166
8543 0.251166
40166 0.25
39380 0.25
37052 0.25
27898 0.25
26816 0.25
23823 0.25
20624 0.25
18533 0.25
18503 0.25
17083 0.25
11489 0.25
6876 0.25
878 0.25
28057 0.248538
11210 0.248538
15757 0.248125
1792 0.246908
39617 0.242381
28954 0.242063
5942 0.240909
4183 0.239787
16904 0.239286
17361 0.238095
32215 0.237834
11834 0.237834
25500 0.236788
23041 0.235771
22582 0.235771
33736 0.234778
23345 0.228548
14428 0.226091
6676 0.223267
12175 0.221371
11337 0.221371
34055 0.22114
33229 0.218182
35118 0.213459
31511 0.213459
5627 0.213459
4521 0.213459
31962 0.213131
37226 0.209957
17452 0.208333
37575 0.206019
5614 0.206019
35771 0.204595
25555 0.202173
18427 0.202173
37054 0.2
36401 0.2
25317 0.2
18075 0.2
16411 0.2
15592 0.2
14398 0.2
13496 0.2
12658 0.2
8027 0.2
5900 0.2
5362 0.2
4449 0.2
808 0.2
21819 0.198816
24326 0.197864
20289 0.197864
36343 0.195442
2855 0.195442
28763 0.1875
24064 0.187395
10750 0.184722
6168 0.177946
11512 0.175876
23984 0.173955
5865 0.172619
26826 0.172479
38872 0.171703
39681 0.169231
40902 0.169167
5534 0.167927
38126 0.167194
30798 0.166667
28645 0.166667
26290 0.166667
23724 0.166667
22111 0.166667
20606 0.166667
19926 0.166667
14430 0.166667
10277 0.166667
9442 0.166667
8693 0.166667
4214 0.166667
2162 0.166667
666 0.166667
29148 0.166598
23497 0.164844
13571 0.164286
33502 0.161998
6587 0.159377
31525 0.157359
10428 0.155348
33336 0.154379
39808 0.153358
34054 0.153358
16292 0.152625
8119 0.151709
7030 0.151316
30677 0.150846
9606 0.150846
29761 0.150668
8370 0.150668
29829 0.150085
4504 0.150085
608 0.148633
27154 0.147467
20408 0.147467
13673 0.147467
10516 0.144017
37426 0.142857
30467 0.142857
25016 0.142857
8374 0.142857
2865 0.142857
39842 0.141865
23482 0.141865
20703 0.141865
1687 0.139537
37692 0.136759
3555 0.136406
816 0.136406
14246 0.135609
9681 0.135609
40623 0.135556
39212 0.135556
27261 0.135556
5136 0.135556
31727 0.134758
25644 0.13365
40882 0.125
35222 0.125
33163 0.125
26279 0.125
25885 0.125
25219 0.125
21288 0.125
21117 0.125
18814 0.125
8526 0.12406
23144 0.123445
19756 0.123445
23642 0.118462
10288 0.118462
8415 0.118462
25757 0.115321
37516 0.113413
37477 0.111111
34139 0.111111
19274 0.111111
8343 0.111111
4039 0.111111
1975 0.111111
11800 0.109428
34540 0.109194
38473 0.108164
8911 0.108164
22965 0.107857
28025 0.106204
3332 0.106145
40129 0.10564
39908 0.104231
34737 0.104231
30754 0.104231
28500 0.104231
26153 0.104231
26115 0.104231
25583 0.104231
20353 0.104231
19820 0.104231
17295 0.104231
16390 0.104231
9210 0.104231
8182 0.104231
1183 0.103514
7281 0.100443
34283 0.1
36225 0.0994223
8174 0.0976405
10160 0.095679
28615 0.0916084
16458 0.0916084
11788 0.0916084
26472 0.0911336
20987 0.0911336
15392 0.0911336
9470 0.0911336
25697 0.0909091
15696 0.0909091
15471 0.0909091
11050 0.0909091
8080 0.0909091
33271 0.0895012
15188 0.0890121
28138 0.0868465
4980 0.0868465
19029 0.0867532
602 0.0867532
7829 0.0864876
23443 0.0837359
36044 0.0833333
34669 0.0833333
34335 0.0833333
30672 0.0833333
29840 0.0833333
26662 0.0833333
10446 0.0833333
9326 0.0833333
7462 0.0833333
5490 0.0833333
4379 0.0833333
39403 0.0825838
37588 0.0825838
18108 0.0825838
34113 0.0818713
13593 0.0818713
25610 0.0801282
7662 0.0801282
1194 0.0801282
1173 0.0801282
441 0.0801282
25142 0.0769231
22835 0.0769231
18225 0.0769231
17744 0.0769231
13475 0.0769231
32186 0.0750032
11858 0.0750032
504 0.0750032
18554 0.07365
39210 0.0714286
34794 0.0714286
33914 0.0714286
30882 0.0714286
23627 0.0714286
21444 0.0714286
19247 0.0714286
38992 0.0681677
25296 0.0672329
24306 0.0672329
11078 0.0672329
26935 0.0666667
24595 0.0666667
9667 0.0666667
8731 0.0666667
2647 0.0666667
2096 0.0666667
40377 0.0636287
38089 0.0636287
34806 0.0636287
31913 0.0605059
27179 0.0605059
26968 0.0605059
23102 0.0605059
39223 0.0588235
