37711 14.2411
31301 13.7283
7898 8.82848
27514 8.80521
24454 8.22008
10953 5.55481
7708 5.06481
17852 4.47784
37048 4.43426
17634 4.39692
52 4.26071
8672 3.6547
18328 3.61422
22525 3.21454
1320 3.16786
5693 3.04814
5066 3.02227
2838 3.01859
40573 2.4009
34825 2.39328
14544 2.39286
4406 2.09286
38662 2.05119
29461 2.01612
38421 1.89458
37176 1.86135
9846 1.83333
23014 1.7745
24962 1.76429
11658 1.59528
16945 1.56667
3158 1.53466
10208 1.48333
27003 1.46648
21003 1.375
24795 1.34325
32885 1.29002
10347 1.28535
19685 1.24725
10737 1.23268
27795 1.12763
10523 1.1131
16992 1.09028
7687 1.06216
3440 1.05
34495 1.03472
33992 1
21615 0.951389
7748 0.836825
28444 0.834499
20631 0.833333
3096 0.833333
36619 0.809524
32763 0.786335
16935 0.783333
590 0.766667
21983 0.75
9251 0.733333
30684 0.703373
22603 0.67619
11053 0.666667
33825 0.658333
27425 0.625
20974 0.625
8805 0.624326
36319 0.623333
12812 0.623333
3336 0.623333
39907 0.583333
13159 0.583333
27715 0.566667
6644 0.541667
1975 0.540909
22125 0.533333
919 0.520833
19264 0.517857
22228 0.491667
16871 0.483333
16853 0.477778
35876 0.467544
37241 0.466667
11082 0.45202
26892 0.45
25982 0.445489
13307 0.43254
37565 0.422222
40912 0.419935
2249 0.416667
5079 0.410145
12683 0.40202
32717 0.396825
10901 0.388889
28006 0.384211
1536 0.384211
32915 0.383333
19032 0.376047
28142 0.371324
22502 0.370321
16535 0.3625
35469 0.358824
21508 0.352632
5914 0.35119
16618 0.35084
23843 0.35
22402 0.347222
26620 0.338936
10855 0.334211
28543 0.333929
38815 0.333333
38403 0.333333
38002 0.333333
35272 0.333333
33556 0.333333
32975 0.333333
31670 0.333333
31555 0.333333
29511 0.333333
28038 0.333333
28033 0.333333
25744 0.333333
24466 0.333333
22770 0.333333
20106 0.333333
18788 0.333333
17714 0.333333
15848 0.333333
14520 0.333333
11779 0.333333
10923 0.333333
10880 0.333333
7691 0.333333
4789 0.333333
4405 0.333333
1468 0.333333
38902 0.331667
18830 0.331667
1318 0.330252
4192 0.326367
13643 0.321429
40869 0.3125
37603 0.309524
4489 0.309524
30135 0.308333
33944 0.304762
23309 0.30084
24147 0.293968
16978 0.293968
31340 0.28254
8662 0.279762
31708 0.27512
35602 0.266667
3936 0.266667
4057 0.25978
1887 0.25978
8580 0.259387
38667 0.254589
34095 0.254589
19053 0.254589
5205 0.251984
25032 0.251166
39565 0.25
37987 0.25
37754 0.25
36791 0.25
36748 0.25
35299 0.25
32000 0.25
30014 0.25
29019 0.25
28642 0.25
28523 0.25
26310 0.25
24762 0.25
23363 0.25
21475 0.25
20874 0.25
20411 0.25
18996 0.25
17159 0.25
16110 0.25
15633 0.25
14502 0.25
13757 0.25
9634 0.25
3382 0.25
3025 0.25
1877 0.25
1349 0.25
1341 0.25
30074 0.246956
20175 0.246956
24825 0.237179
11462 0.236111
3164 0.231432
15418 0.221256
38229 0.203023
40254 0.2
38246 0.2
37910 0.2
37069 0.2
35660 0.2
34956 0.2
34207 0.2
33667 0.2
27600 0.2
26401 0.2
24675 0.2
22637 0.2
16985 0.2
16169 0.2
13868 0.2
13707 0.2
11836 0.2
11355 0.2
7556 0.2
6472 0.2
6061 0.2
4942 0.2
3567 0.2
3473 0.2
1471 0.2
18198 0.186335
40194 0.166667
39695 0.166667
37712 0.166667
36623 0.166667
31624 0.166667
27431 0.166667
27281 0.166667
26209 0.166667
19972 0.166667
19151 0.166667
12630 0.166667
11790 0.166667
10105 0.166667
7894 0.166667
7488 0.166667
4545 0.166667
3648 0.166667
2842 0.166667
2131 0.166667
10073 0.161534
186 0.161534
40136 0.156967
22795 0.156967
10761 0.156967
31806 0.15329
9665 0.15329
40661 0.142857
32823 0.142857
29139 0.142857
27765 0.142857
26840 0.142857
26672 0.142857
24213 0.142857
22830 0.142857
22519 0.142857
19799 0.142857
16235 0.142857
5515 0.142857
1947 0.142857
865 0.142857
39885 0.125
39527 0.125
37376 0.125
36625 0.125
35944 0.125
32863 0.125
31750 0.125
30683 0.125
29639 0.125
29220 0.125
24698 0.125
22783 0.125
22633 0.125
19295 0.125
14603 0.125
14510 0.125
13003 0.125
12620 0.125
9966 0.125
5667 0.125
3615 0.125
3494 0.125
1211 0.125
799 0.125
777 0.125
37637 0.111111
37220 0.111111
34538 0.111111
34470 0.111111
31372 0.111111
29680 0.111111
28255 0.111111
27892 0.111111
27633 0.111111
26750 0.111111
25220 0.111111
25060 0.111111
24925 0.111111
24648 0.111111
23724 0.111111
22583 0.111111
19416 0.111111
14366 0.111111
11737 0.111111
11445 0.111111
10117 0.111111
9718 0.111111
9600 0.111111
8249 0.111111
1508 0.111111
38067 0.1
28130 0.1
20953 0.1
18749 0.1
17248 0.1
15603 0.1
14445 0.1
8858 0.1
5489 0.1
2746 0.1
2505 0.1
1605 0.1
168 0.1
38708 0.0909091
25266 0.0909091
25223 0.0909091
24382 0.0909091
20913 0.0909091
20489 0.0909091
17788 0.0909091
17189 0.0909091
16635 0.0909091
16240 0.0909091
10731 0.0909091
8008 0.0909091
6262 0.0909091
2500 0.0909091
40111 0.0833333
33172 0.0833333
31448 0.0833333
30122 0.0833333
27815 0.0833333
27585 0.0833333
26341 0.0833333
25998 0.0833333
23510 0.0833333
19116 0.0833333
12322 0.0833333
10760 0.0833333
9442 0.0833333
4543 0.0833333
3521 0.0833333
2633 0.0833333
2289 0.0833333
40883 0.0769231
39171 0.0769231
30996 0.0769231
30874 0.0769231
29737 0.0769231
28132 0.0769231
26272 0.0769231
23353 0.0769231
20273 0.0769231
18140 0.0769231
14440 0.0769231
13772 0.0769231
13091 0.0769231
12115 0.0769231
10525 0.0769231
2954 0.0769231
2118 0.0769231
543 0.0769231
40226 0.0714286
40051 0.0714286
39675 0.0714286
37923 0.0714286
35493 0.0714286
33941 0.0714286
31126 0.0714286
25427 0.0714286
23621 0.0714286
18789 0.0714286
14708 0.0714286
14519 0.0714286
13646 0.0714286
12670 0.0714286
11991 0.0714286
10100 0.0714286
9487 0.0714286
7190 0.0714286
4859 0.0714286
26908 0.0666667
1163 0.0666667
36404 0.0625
35870 0.0625
32131 0.0625
31735 0.0625
31195 0.0625
28923 0.0625
27692 0.0625
25434 0.0625
19474 0.0625
12859 0.0625
7842 0.0625
5054 0.0625
38739 0.0588235
36879 0.0588235
33492 0.0588235
32760 0.0588235
31509 0.0588235
26052 0.0588235
23813 0.0588235
14820 0.0588235
12447 0.0588235
6973 0.0588235
1444 0.0588235
27886 0.0555556
25361 0.0555556
24604 0.0555556
14776 0.0555556
38980 0.0526316
35359 0.0526316
33548 0.0526316
32196 0.0526316
25612 0.0526316
17547 0.0526316
15795 0.0526316
14348 0.0526316
8065 0.0526316
5134 0.0526316
2297 0.0526316
35358 0.0434783
31581 0.0434783
19309 0.0434783
9947 0.0434783
3445 0.0434783
1492 0.0434783
38377 0.04
35354 0.04
33760 0.04
29870 0.04
19266 0.04
16998 0.04
16369 0.04
14257 0.04
10404 0.04
7064 0.04
34883 0.0294118
34667 0.0294118
34197 0.0294118
33685 0.0294118
32350 0.0294118
31799 0.0294118
29758 0.0294118
28358 0.0294118
27674 0.0294118
27406 0.0294118
24804 0.0294118
22671 0.0294118
21573 0.0294118
18148 0.0294118
17842 0.0294118
16061 0.0294118
8522 0.0294118
8280 0.0294118
1979 0.0294118
38636 0.0175439
38598 0.0175439
36599 0.0175439
34834 0.0175439
31777 0.0175439
30916 0.0175439
29519 0.0175439
28934 0.0175439
28345 0.0175439
28213 0.0175439
28076 0.0175439
25780 0.0175439
25395 0.0175439
22893 0.0175439
22061 0.0175439
21911 0.0175439
20957 0.0175439
20890 0.0175439
20808 0.0175439
18693 0.0175439
17782 0.0175439
16028 0.0175439
15768 0.0175439
13834 0.0175439
12274 0.0175439
12094 0.0175439
10954 0.0175439
10612 0.0175439
9557 0.0175439
8759 0.0175439
8136 0.0175439
7658 0.0175439
