18950 6.63404
8672 5.23852
17231 3.4647
10248 2.18222
6495 1.94895
9689 1.86978
22594 1.79075
3936 1.43333
2490 1.15385
32885 1.0671
31301 1.04077
12684 1
1435 0.962302
13552 0.749082
4111 0.692672
24912 0.512395
15540 0.512395
15484 0.499082
7738 0.476923
19314 0.46908
11677 0.434524
4514 0.4125
29795 0.368687
29891 0.35625
20206 0.333333
6104 0.333333
808 0.333333
17751 0.31978
25842 0.316667
222 0.316667
23239 0.295635
420 0.295635
8978 0.27484
7268 0.251681
36734 0.25
34119 0.25
27846 0.25
19032 0.25
18000 0.25
16274 0.25
15087 0.25
32758 0.210256
27895 0.210256
8949 0.210256
36951 0.2
35685 0.2
22990 0.2
29993 0.199082
22387 0.199082
16389 0.199082
7804 0.199082
10870 0.167857
665 0.167857
28148 0.166667
26191 0.166667
25894 0.166667
24492 0.166667
17959 0.166667
13775 0.166667
13773 0.166667
12414 0.166667
11856 0.166667
6952 0.166667
989 0.166667
36250 0.142857
35679 0.142857
35301 0.142857
33602 0.142857
30449 0.142857
27104 0.142857
19304 0.142857
14239 0.142857
11840 0.142857
7708 0.142857
5197 0.142857
1547 0.142857
919 0.142857
38167 0.125
32124 0.125
29612 0.125
11709 0.125
7657 0.125
6593 0.125
5332 0.125
2728 0.125
1278 0.125
27621 0.111111
28132 0.1
26965 0.1
24825 0.1
23997 0.1
18328 0.1
13758 0.1
28550 0.0909091
16308 0.0909091
1969 0.0909091
35385 0.0833333
21554 0.0833333
18728 0.0833333
9270 0.0833333
7622 0.0833333
32348 0.0769231
32168 0.0769231
31329 0.0769231
27131 0.0769231
21362 0.0769231
18306 0.0769231
7955 0.0769231
3027 0.0769231
2972 0.0769231
39756 0.0625
35199 0.0625
32986 0.0625
27446 0.0625
24914 0.0625
16177 0.0625
12202 0.0625
10980 0.0625
995 0.0625
692 0.0625
39382 0.0588235
36818 0.0588235
35363 0.0588235
32625 0.0588235
32521 0.0588235
19652 0.0588235
14612 0.0588235
7656 0.0588235
5389 0.0588235
5245 0.0588235
12093 0.05
3303 0.05
1271 0.05
39695 0.03125
36685 0.03125
36526 0.03125
32411 0.03125
31735 0.03125
27514 0.03125
24382 0.03125
15547 0.03125
15150 0.03125
14735 0.03125
13895 0.03125
10737 0.03125
6251 0.03125
3880 0.03125
186 0.03125
38083 0.0178571
37827 0.0178571
36917 0.0178571
35157 0.0178571
34406 0.0178571
34064 0.0178571
33877 0.0178571
33007 0.0178571
32996 0.0178571
30442 0.0178571
29379 0.0178571
28510 0.0178571
27585 0.0178571
27197 0.0178571
23615 0.0178571
23567 0.0178571
23048 0.0178571
22411 0.0178571
20926 0.0178571
20008 0.0178571
18788 0.0178571
18652 0.0178571
17083 0.0178571
17079 0.0178571
16196 0.0178571
15478 0.0178571
14421 0.0178571
13856 0.0178571
13486 0.0178571
13368 0.0178571
10523 0.0178571
9732 0.0178571
9407 0.0178571
7966 0.0178571
6663 0.0178571
6625 0.0178571
6347 0.0178571
4338 0.0178571
3520 0.0178571
2860 0.0178571
2859 0.0178571
2622 0.0178571
2453 0.0178571
1741 0.0178571
553 0.0178571
40980 0
40979 0
40978 0
40977 0
40976 0
40975 0
40974 0
40973 0
40972 0
40971 0
40970 0
40969 0
40968 0
40967 0
40966 0
40965 0
40964 0
40963 0
40962 0
40961 0
40960 0
40959 0
40958 0
40957 0
40956 0
40955 0
40954 0
40953 0
40952 0
40951 0
40950 0
40949 0
40948 0
40947 0
40946 0
40945 0
40944 0
40943 0
40942 0
40941 0
40940 0
40939 0
40938 0
40937 0
40936 0
40935 0
40934 0
40933 0
40932 0
40931 0
40930 0
40929 0
40928 0
40927 0
40926 0
40925 0
40924 0
40923 0
40922 0
40921 0
40920 0
40919 0
40918 0
40917 0
40916 0
40915 0
40914 0
40913 0
40912 0
40911 0
40910 0
40909 0
40908 0
40907 0
40906 0
40905 0
40904 0
40903 0
40902 0
40901 0
40900 0
40899 0
40898 0
40897 0
40896 0
40895 0
40894 0
40893 0
40892 0
40891 0
40890 0
40889 0
40888 0
40887 0
40886 0
40885 0
40884 0
40883 0
40882 0
40881 0
40880 0
40879 0
40878 0
40877 0
40876 0
40875 0
40874 0
40873 0
40872 0
40871 0
40870 0
40869 0
40868 0
40867 0
40866 0
40865 0
40864 0
40863 0
40862 0
40861 0
40860 0
40859 0
40858 0
40857 0
40856 0
40855 0
40854 0
40853 0
40852 0
40851 0
40850 0
40849 0
40848 0
40847 0
40846 0
40845 0
40844 0
40843 0
40842 0
40841 0
40840 0
40839 0
40838 0
40837 0
40836 0
40835 0
40834 0
40833 0
40832 0
40831 0
40830 0
40829 0
40828 0
40827 0
40826 0
40825 0
40824 0
40823 0
40822 0
40821 0
40820 0
40819 0
40818 0
40817 0
40816 0
40815 0
40814 0
40813 0
40812 0
40811 0
40810 0
40809 0
40808 0
40807 0
40806 0
40805 0
40804 0
40803 0
40802 0
40801 0
40800 0
40799 0
40798 0
40797 0
40796 0
40795 0
40794 0
40793 0
40792 0
40791 0
40790 0
40789 0
40788 0
40787 0
40786 0
40785 0
40784 0
40783 0
40782 0
40781 0
40780 0
40779 0
40778 0
40777 0
40776 0
40775 0
40774 0
40773 0
40772 0
40771 0
40770 0
40769 0
40768 0
40767 0
40766 0
40765 0
40764 0
40763 0
40762 0
40761 0
40760 0
40759 0
40758 0
40757 0
40756 0
40755 0
40754 0
40753 0
40752 0
40751 0
40750 0
40749 0
40748 0
40747 0
40746 0
40745 0
40744 0
40743 0
40742 0
40741 0
40740 0
40739 0
40738 0
40737 0
40736 0
40735 0
40734 0
40733 0
40732 0
40731 0
40730 0
40729 0
40728 0
40727 0
40726 0
40725 0
40724 0
40723 0
40722 0
40721 0
40720 0
40719 0
40718 0
40717 0
40716 0
40715 0
40714 0
40713 0
40712 0
40711 0
40710 0
40709 0
40708 0
40707 0
40706 0
40705 0
40704 0
40703 0
40702 0
40701 0
40700 0
40699 0
40698 0
40697 0
40696 0
40695 0
40694 0
40693 0
40692 0
40691 0
40690 0
40689 0
40688 0
40687 0
40686 0
40685 0
40684 0
40683 0
40682 0
40681 0
40680 0
40679 0
40678 0
40677 0
40676 0
40675 0
40674 0
