31301 13.0485
17634 7.34981
37711 5.62872
6242 5.34174
16791 3.46489
5693 3.05329
8508 2.70521
186 2.63383
52 2.43473
3158 2.41836
6365 2.40731
10737 1.99717
32277 1.91411
12620 1.79213
27514 1.78746
23309 1.77464
18328 1.62743
26750 1.59934
23813 1.55045
27844 1.52401
34825 1.47354
16945 1.42174
2838 1.42144
35380 1.39762
10423 1.38503
5691 1.38503
8672 1.23404
39695 1.1938
7708 1.18759
9442 1.16069
21911 1.14137
738 1.09229
32662 1.06346
22228 1.05242
32760 1.03873
37048 0.996825
23014 0.942258
1204 0.89127
15411 0.852291
10073 0.829863
23696 0.779581
26808 0.772115
26088 0.771191
36039 0.74997
32571 0.733333
28305 0.727745
3096 0.719231
13432 0.715129
25416 0.706138
25750 0.670945
24962 0.670689
8054 0.658534
3936 0.658529
22671 0.642857
31581 0.611111
518 0.606705
24369 0.602392
34667 0.59913
23211 0.59329
8186 0.53869
18937 0.533333
39848 0.525641
25084 0.523924
2289 0.50278
919 0.50278
10523 0.501162
34804 0.5
19053 0.497409
2633 0.48946
35358 0.488276
1341 0.476815
10953 0.471705
18274 0.468814
40573 0.45557
24756 0.452632
28523 0.441667
32763 0.441597
11231 0.428737
3740 0.428697
16446 0.426316
8068 0.421701
9362 0.420846
5214 0.418498
22594 0.41224
40876 0.411111
13341 0.407576
7691 0.406597
18890 0.404012
10923 0.403187
26892 0.399143
12578 0.39698
23877 0.39629
22557 0.394308
14544 0.387749
6815 0.384156
11658 0.38171
13990 0.37316
37176 0.372941
8163 0.354762
11844 0.353968
4785 0.348256
24604 0.343195
17297 0.340841
1492 0.339827
36622 0.339127
9704 0.336085
36734 0.333333
36688 0.333333
23495 0.333333
15500 0.333333
15237 0.333333
11958 0.333333
2302 0.333333
20167 0.320887
27886 0.318369
18011 0.31655
12670 0.31655
13765 0.313393
22726 0.312648
22603 0.305911
20870 0.298348
31888 0.29816
27951 0.29816
40316 0.289322
7360 0.289222
19633 0.286147
1655 0.286147
5663 0.282511
20175 0.28235
363 0.282333
27425 0.280146
3494 0.280146
4405 0.272619
18144 0.266392
30054 0.265332
8261 0.265332
19342 0.255756
9665 0.255254
39242 0.252657
24414 0.252657
870 0.252525
32342 0.25
31283 0.25
29301 0.25
23108 0.25
14882 0.25
13845 0.25
11338 0.25
17238 0.248148
24382 0.24773
20489 0.24773
6096 0.24773
40001 0.246869
19243 0.246869
23154 0.243086
27892 0.242063
31682 0.237923
22402 0.237909
32959 0.235171
11587 0.234649
2249 0.233708
33084 0.229798
8580 0.22713
28038 0.221999
20858 0.221999
36417 0.219684
35346 0.217647
23843 0.217647
38739 0.217022
38229 0.217022
19309 0.217022
13881 0.216667
7894 0.216667
37637 0.214815
9718 0.214815
39034 0.214379
32131 0.211034
8935 0.208387
12217 0.207197
22465 0.204545
27984 0.2
25744 0.2
25584 0.2
24028 0.2
16169 0.2
14436 0.2
13581 0.2
10047 0.2
9846 0.2
4787 0.2
149 0.2
39048 0.195882
28974 0.194838
17999 0.193803
38636 0.190325
15812 0.188828
29309 0.18456
36623 0.184483
4408 0.184032
1318 0.181789
38662 0.18125
11535 0.181206
24213 0.17326
25846 0.169231
34244 0.168013
39163 0.166667
35146 0.166667
34357 0.166667
18616 0.166667
12212 0.166667
24454 0.164112
35490 0.158771
32934 0.157937
33774 0.157486
12518 0.154888
19589 0.154348
35294 0.152588
32350 0.152588
854 0.152588
28444 0.148377
32885 0.143956
17083 0.143956
6347 0.143956
9561 0.14347
38586 0.142857
37069 0.142857
35493 0.142857
35052 0.142857
33483 0.142857
33347 0.142857
32843 0.142857
31806 0.142857
31372 0.142857
30951 0.142857
30668 0.142857
30538 0.142857
28959 0.142857
23193 0.142857
21916 0.142857
20474 0.142857
20181 0.142857
19926 0.142857
14971 0.142857
14584 0.142857
13602 0.142857
10519 0.142857
9675 0.142857
7801 0.142857
6262 0.142857
5846 0.142857
5412 0.142857
5343 0.142857
2505 0.142857
805 0.141072
31409 0.139472
9332 0.130323
2509 0.126441
18730 0.125758
40205 0.125
35327 0.125
34495 0.125
22435 0.125
17388 0.125
14977 0.125
13907 0.125
12842 0.125
30972 0.124348
33078 0.118444
14630 0.117288
11196 0.117288
10730 0.117288
34880 0.117273
28562 0.116919
15603 0.112979
26874 0.112886
34433 0.112344
33185 0.112344
27963 0.112344
17715 0.112344
9773 0.112344
1642 0.112344
939 0.112344
3075 0.112189
14095 0.11151
20229 0.111427
17075 0.111427
10731 0.111427
8867 0.111427
5153 0.111427
39019 0.111111
30851 0.111111
27102 0.111111
25462 0.111111
25017 0.111111
21615 0.111111
13955 0.111111
12636 0.111111
10980 0.111111
8083 0.111111
5677 0.111111
2958 0.111111
37935 0.104052
34167 0.104052
31509 0.104052
18798 0.104052
19032 0.103343
25057 0.101871
33825 0.101587
35366 0.101539
3287 0.101539
39948 0.1
39256 0.1
33769 0.1
33674 0.1
25379 0.1
21889 0.1
19295 0.1
18950 0.1
17866 0.1
13334 0.1
12913 0.1
12313 0.1
11677 0.1
11198 0.1
9486 0.1
2943 0.1
2437 0.1
11108 0.0989177
39608 0.0930499
31990 0.0909091
29032 0.0909091
28380 0.0909091
20445 0.0909091
16614 0.0909091
11445 0.0909091
2908 0.0909091
37629 0.0906422
33685 0.0906422
27406 0.0906422
25427 0.0906422
17842 0.0906422
16618 0.0906422
14175 0.0906422
1444 0.0906422
351 0.0906422
34834 0.0882158
30074 0.0882158
10123 0.087008
28142 0.0869743
18198 0.0869743
18148 0.0869743
3445 0.0869743
3164 0.0869743
2465 0.0869743
31130 0.084458
33672 0.0833333
33421 0.0833333
30856 0.0833333
29709 0.0833333
25279 0.0833333
9831 0.0833333
8303 0.0833333
5744 0.0833333
462 0.0833333
22560 0.0816594
13422 0.0816594
4489 0.0812268
34673 0.0811309
5667 0.0811309
31051 0.0807118
26982 0.0807118
17687 0.0807118
32786 0.0779816
6585 0.0779816
10686 0.077147
36071 0.0769231
30211 0.0769231
13461 0.0769231
12062 0.0769231
5373 0.0769231
2775 0.0769231
24013 0.0763294
8036 0.0763294
1313 0.07327
14692 0.0732177
38667 0.0714286
28543 0.0714286
27715 0.0714286
25025 0.0714286
24925 0.0714286
24571 0.0714286
17171 0.0714286
13646 0.0714286
11737 0.0714286
10756 0.0714286
8205 0.0714286
8081 0.0714286
7194 0.0714286
1135 0.0714286
5066 0.0678434
32509 0.0669159
2282 0.0669159
35401 0.0666667
14445 0.0666667
2935 0.0666667
1829 0.0666667
34883 0.0665349
21196 0.0665116
37953 0.0659333
35320 0.0659333
30327 0.0659333
25078 0.0659333
27945 0.0649775
25337 0.0649775
23631 0.0649775
22061 0.0649775
10581 0.0649775
16915 0.0631909
39882 0.0628293
29924 0.0628293
28766 0.0628293
13424 0.0628293
4406 0.0628293
39318 0.0625
24335 0.0625
9792 0.0625
5921 0.0625
4746 0.0625
31799 0.0608085
26499 0.0598866
20974 0.0588235
13464 0.0588235
6623 0.0588235
36211 0.0572326
25652 0.0572326
24030 0.0572326
21670 0.0572326
19099 0.0572326
2241 0.0572326
40977 0.0555556
40869 0.0555556
40017 0.0555556
35602 0.0555556
33944 0.0555556
33578 0.0555556
33390 0.0555556
30307 0.0555556
29059 0.0555556
26654 0.0555556
25982 0.0555556
22931 0.0555556
21275 0.0555556
20611 0.0555556
20075 0.0555556
18754 0.0555556
18220 0.0555556
12709 0.0555556
12346 0.0555556
5035 0.0555556
3932 0.0555556
3382 0.0555556
1947 0.0555556
32518 0.054977
37540 0.0531028
33656 0.0531028
31480 0.0531028
24296 0.0531028
20035 0.0531028
16946 0.0531028
15658 0.0531028
15115 0.0531028
10358 0.0531028
6061 0.0531028
1638 0.0531028
34886 0.0526316
27551 0.0526316
20959 0.0526316
20370 0.0526316
14528 0.0526316
9458 0.0526316
3142 0.0526316
1625 0.0526316
39454 0.05
34973 0.05
33664 0.05
25215 0.05
25047 0.05
18332 0.05
15451 0.05
13307 0.05
12682 0.05
9193 0.05
8532 0.05
6818 0.05
6504 0.05
2334 0.05
936 0.05
36554 0.047619
33327 0.047619
26897 0.047619
