31301 7.13931
10737 2.95672
17634 2.93965
27886 2.74289
15603 2.23333
26750 1.53914
7691 1.46285
14544 1.36667
34355 1.27593
32760 1.16742
1427 1.13596
27799 1.08757
2838 0.984524
52 0.929816
34768 0.918838
2249 0.912417
34719 0.894669
18896 0.869444
12444 0.866667
12243 0.863368
36623 0.825
12009 0.810906
20966 0.773247
24057 0.733333
28722 0.714309
4408 0.666667
32885 0.651786
22557 0.65
24825 0.631944
8027 0.629502
3521 0.625
10923 0.597472
30793 0.591037
18192 0.562338
16184 0.559524
38638 0.533333
27892 0.527589
5693 0.526923
33712 0.518868
26395 0.514546
30972 0.496371
22402 0.49478
2227 0.459743
17312 0.455357
2241 0.434441
2885 0.433824
3739 0.427778
363 0.416667
3096 0.402778
4170 0.383333
3276 0.383333
38502 0.365079
29997 0.355351
10658 0.35
27514 0.335077
35020 0.333333
14609 0.333333
11658 0.333333
8563 0.333333
989 0.333333
23813 0.330891
2633 0.309524
34673 0.304645
34403 0.302778
15024 0.302778
39106 0.278846
1975 0.278604
2289 0.27381
33944 0.260145
23877 0.25
18950 0.25
17999 0.25
15855 0.25
15592 0.25
14499 0.25
11625 0.25
11515 0.25
6055 0.25
4405 0.25
39962 0.246324
919 0.226923
25652 0.225115
26401 0.223925
24125 0.213312
12620 0.213312
34274 0.211601
33425 0.211601
3158 0.211601
6096 0.207875
40294 0.2
39671 0.2
37527 0.2
31440 0.2
27319 0.2
26789 0.2
26015 0.2
23708 0.2
20424 0.2
12431 0.2
10057 0.2
36912 0.193051
2659 0.190304
27926 0.1875
4747 0.179083
22990 0.166667
22465 0.166667
10602 0.166667
7708 0.166667
32620 0.16299
7296 0.162458
40829 0.147643
30760 0.147643
36221 0.142857
32933 0.142857
28038 0.142857
23288 0.142857
23193 0.142857
22904 0.142857
9413 0.142857
8237 0.142857
738 0.142857
40912 0.134
14184 0.133154
40108 0.128049
8672 0.127691
33078 0.125
31882 0.125
30982 0.125
27847 0.125
18328 0.125
13043 0.125
9846 0.125
7425 0.125
979 0.125
9831 0.12117
29257 0.116153
8186 0.116153
3538 0.116153
34847 0.111111
32229 0.111111
29360 0.111111
21518 0.111111
15610 0.111111
6487 0.111111
6002 0.111111
3323 0.111111
1468 0.111111
1405 0.111111
29251 0.1
27410 0.1
22778 0.1
6644 0.0962489
39374 0.0909091
34525 0.0909091
24099 0.0909091
3382 0.0909091
138 0.0909091
40869 0.0833333
40700 0.0833333
40165 0.0833333
36952 0.0833333
36546 0.0833333
32430 0.0833333
27094 0.0833333
16853 0.0833333
12716 0.0833333
2191 0.0833333
40544 0.0769231
37998 0.0769231
37529 0.0769231
35985 0.0769231
32939 0.0769231
28864 0.0769231
27951 0.0769231
27727 0.0769231
24845 0.0769231
22207 0.0769231
19926 0.0769231
17550 0.0769231
12510 0.0769231
11677 0.0769231
8091 0.0769231
6378 0.0769231
4581 0.0769231
3282 0.0769231
1977 0.0769231
40746 0.0666667
39695 0.0666667
38662 0.0666667
29154 0.0666667
24237 0.0666667
23219 0.0666667
21670 0.0666667
14603 0.0666667
14584 0.0666667
12469 0.0666667
10073 0.0666667
8299 0.0666667
7707 0.0666667
590 0.0666667
39948 0.0625
30668 0.0625
25325 0.0625
24205 0.0625
15416 0.0625
9998 0.0625
4704 0.0625
2450 0.0625
39454 0.0588235
36688 0.0588235
31509 0.0588235
27192 0.0588235
25349 0.0588235
24239 0.0588235
22405 0.0588235
21121 0.0588235
20333 0.0588235
19185 0.0588235
18393 0.0588235
15161 0.0588235
9557 0.0588235
6656 0.0588235
31734 0.0526316
29301 0.0526316
23317 0.0526316
22228 0.0526316
20407 0.0526316
13845 0.0526316
9378 0.0526316
4538 0.0526316
901 0.0526316
38696 0.05
38116 0.05
29924 0.05
29737 0.05
25017 0.05
14172 0.05
11128 0.05
8868 0.05
8865 0.05
5303 0.05
40036 0.047619
38085 0.047619
37923 0.047619
37711 0.047619
32814 0.047619
26959 0.047619
22049 0.047619
21011 0.047619
18315 0.047619
17083 0.047619
8662 0.047619
7054 0.047619
39807 0.0434783
32820 0.0434783
18039 0.0434783
17238 0.0434783
16983 0.0434783
16945 0.0434783
16791 0.0434783
16182 0.0434783
12898 0.0434783
9200 0.0434783
39565 0.0416667
33667 0.0416667
33545 0.0416667
31197 0.0416667
30865 0.0416667
28444 0.0416667
26892 0.0416667
26613 0.0416667
24189 0.0416667
23348 0.0416667
23014 0.0416667
20167 0.0416667
13654 0.0416667
13441 0.0416667
12183 0.0416667
11085 0.0416667
7635 0.0416667
6454 0.0416667
6333 0.0416667
5108 0.0416667
39112 0.0384615
29149 0.0384615
28859 0.0384615
27982 0.0384615
27434 0.0384615
23059 0.0384615
22488 0.0384615
19847 0.0384615
13079 0.0384615
11958 0.0384615
36071 0.0357143
36032 0.0357143
33383 0.0357143
31069 0.0357143
30729 0.0357143
29683 0.0357143
15637 0.0357143
13797 0.0357143
8446 0.0357143
6856 0.0357143
3297 0.0357143
3245 0.0357143
1895 0.0357143
1069 0.0357143
35048 0.0322581
31294 0.0322581
22890 0.0322581
20736 0.0322581
19124 0.0322581
18937 0.0322581
15829 0.0322581
11373 0.0322581
10760 0.0322581
9668 0.0322581
2943 0.0322581
680 0.0322581
39940 0.0188679
35734 0.0188679
30037 0.0188679
28245 0.0188679
23695 0.0188679
21147 0.0188679
20169 0.0188679
20075 0.0188679
19298 0.0188679
17177 0.0188679
16157 0.0188679
14001 0.0188679
13746 0.0188679
12518 0.0188679
12141 0.0188679
11803 0.0188679
11630 0.0188679
10980 0.0188679
9655 0.0188679
9621 0.0188679
9197 0.0188679
9019 0.0188679
5203 0.0188679
4432 0.0188679
40980 0
40979 0
40978 0
40977 0
40976 0
40975 0
40974 0
40973 0
40972 0
40971 0
40970 0
40969 0
40968 0
40967 0
40966 0
40965 0
40964 0
40963 0
40962 0
40961 0
40960 0
40959 0
40958 0
40957 0
40956 0
40955 0
40954 0
40953 0
40952 0
40951 0
40950 0
40949 0
40948 0
40947 0
40946 0
40945 0
40944 0
40943 0
40942 0
40941 0
40940 0
40939 0
40938 0
40937 0
40936 0
40935 0
40934 0
40933 0
40932 0
40931 0
40930 0
40929 0
40928 0
40927 0
40926 0
40925 0
40924 0
40923 0
40922 0
40921 0
40920 0
40919 0
40918 0
40917 0
40916 0
40915 0
40914 0
40913 0
40911 0
40910 0
40909 0
40908 0
40907 0
40906 0
40905 0
40904 0
40903 0
40902 0
40901 0
40900 0
40899 0
40898 0
40897 0
40896 0
40895 0
40894 0
40893 0
40892 0
40891 0
40890 0
40889 0
40888 0
40887 0
40886 0
40885 0
40884 0
40883 0
40882 0
40881 0
40880 0
40879 0
40878 0
40877 0
40876 0
40875 0
40874 0
40873 0
40872 0
40871 0
40870 0
40868 0
40867 0
40866 0
40865 0
40864 0
40863 0
40862 0
40861 0
40860 0
40859 0
40858 0
40857 0
40856 0
40855 0
40854 0
40853 0
40852 0
40851 0
40850 0
40849 0
40848 0
40847 0
40846 0
40845 0
40844 0
40843 0
40842 0
40841 0
40840 0
40839 0
40838 0
40837 0
40836 0
40835 0
40834 0
40833 0
40832 0
40831 0
40830 0
40828 0
40827 0
40826 0
40825 0
40824 0
40823 0
40822 0
40821 0
