27799 7.06116
13654 5.24667
22530 4.10776
36313 3.42334
26832 2.80341
16504 2.77698
16806 2.66896
3068 2.62135
24902 2.11771
33633 1.94363
14138 1.89256
11789 1.68868
31723 1.65758
35825 1.52937
11810 1.51319
36400 1.35456
12522 1.27672
16298 1.20673
6041 1.17854
26786 1.16034
29634 1.06659
18520 1.04167
32886 1.02161
20763 1.00873
38856 0.950731
17763 0.905907
24126 0.88866
15576 0.886205
39183 0.870814
32930 0.870464
12943 0.859843
32324 0.8491
2885 0.84709
22304 0.845025
31390 0.833738
22368 0.828179
39671 0.826786
7145 0.816962
23455 0.790555
2786 0.777598
3682 0.72795
22711 0.713105
18231 0.705978
1131 0.6875
5778 0.674242
37800 0.658333
13916 0.644403
15276 0.640376
35463 0.617857
21323 0.613263
6319 0.611111
30419 0.597881
29211 0.588903
1230 0.58575
4524 0.570016
3541 0.565251
21889 0.563524
12569 0.556141
8197 0.554718
8969 0.548882
17312 0.545957
10253 0.527785
3002 0.521999
34770 0.50717
33452 0.504433
14782 0.5
2869 0.479167
37077 0.47619
19952 0.47619
11113 0.47549
13507 0.470933
7807 0.469298
33267 0.465909
37085 0.458333
37566 0.438518
25831 0.436822
35766 0.43598
18340 0.426691
22184 0.423545
40389 0.41978
34169 0.415652
14943 0.415652
8237 0.4106
14006 0.409709
9196 0.404503
2652 0.400433
36438 0.392361
39791 0.388889
22404 0.38254
26589 0.372619
34561 0.37075
32819 0.366667
350 0.361111
29923 0.357143
11804 0.354608
37496 0.352201
5085 0.351111
10196 0.349689
16629 0.349146
26546 0.344999
35643 0.342157
37340 0.339286
26928 0.338699
3429 0.338095
3852 0.337427
15054 0.336221
37285 0.333333
12298 0.333333
1378 0.333333
29193 0.329398
3356 0.329219
16665 0.31903
31564 0.309524
21348 0.297575
40100 0.280952
16508 0.280839
885 0.280118
14223 0.277027
18561 0.273881
16076 0.273881
40525 0.273143
27863 0.271368
18328 0.268792
34123 0.258766
14980 0.256944
1396 0.256944
3718 0.255734
30897 0.25
27166 0.25
23957 0.25
19313 0.25
19191 0.25
11409 0.25
8652 0.25
8500 0.25
6859 0.25
4994 0.25
3936 0.25
1965 0.25
35317 0.248167
20928 0.24359
19967 0.242936
26095 0.240842
14842 0.236551
509 0.228476
19580 0.227606
9197 0.22549
20704 0.225034
3291 0.224799
18208 0.22406
16723 0.222222
29626 0.211729
19311 0.207169
14672 0.205128
4872 0.205128
830 0.205128
25176 0.20395
8592 0.20395
13957 0.202419
35203 0.2
26574 0.2
21903 0.2
19884 0.2
19867 0.2
19774 0.2
17142 0.2
13669 0.2
11380 0.2
1451 0.2
10 0.2
6417 0.195833
11393 0.188194
18835 0.185046
38762 0.182901
30209 0.182901
34378 0.18125
27033 0.178462
25614 0.178462
1849 0.176159
24678 0.175528
432 0.174132
40890 0.172482
22960 0.172161
17626 0.170264
39641 0.168677
1142 0.167972
26854 0.167614
39666 0.166667
38760 0.166667
32572 0.166667
31343 0.166667
25065 0.166667
24957 0.166667
23872 0.166667
21772 0.166667
11869 0.166667
10210 0.166667
8220 0.166667
6979 0.166667
3940 0.166667
1966 0.166667
35734 0.165158
8672 0.164203
35086 0.158056
1 0.151634
30417 0.150906
31947 0.150245
20569 0.15
39158 0.146075
35500 0.146075
16501 0.146075
12722 0.146075
37961 0.142857
34687 0.142857
34015 0.142857
32437 0.142857
31902 0.142857
25360 0.142857
25308 0.142857
24582 0.142857
23715 0.142857
22405 0.142857
21703 0.142857
19802 0.142857
12245 0.142857
12011 0.142857
8242 0.142857
7478 0.142857
5971 0.142857
28900 0.141934
27161 0.141934
20093 0.141934
14757 0.141883
5875 0.140661
14585 0.140329
1410 0.138712
35978 0.138241
2751 0.138241
27349 0.136332
6518 0.136332
3018 0.136045
6298 0.134458
37708 0.125
35525 0.125
35024 0.125
34998 0.125
34546 0.125
34439 0.125
32536 0.125
30112 0.125
26512 0.125
24288 0.125
17100 0.125
8657 0.125
4551 0.125
4462 0.125
19461 0.123925
21186 0.123843
6166 0.123843
33377 0.120493
35894 0.114527
10240 0.112396
306 0.112396
36673 0.112166
2843 0.111408
1610 0.111408
39661 0.111111
32688 0.111111
31314 0.111111
30186 0.111111
29946 0.111111
28110 0.111111
22594 0.111111
21861 0.111111
20448 0.111111
17596 0.111111
17583 0.111111
8384 0.111111
7076 0.111111
4119 0.111111
934 0.111111
2027 0.110199
14858 0.110139
38078 0.109649
3105 0.107625
23432 0.107043
24239 0.103353
25362 0.101199
39962 0.1
37324 0.1
30793 0.1
28952 0.1
28478 0.1
19032 0.1
2781 0.1
6067 0.0996461
6033 0.0964388
16655 0.0933572
40788 0.0909091
4023 0.0909091
2484 0.0909091
18834 0.0893116
21431 0.0874213
5209 0.0874213
3877 0.0874213
12110 0.0863219
37546 0.0833333
35977 0.0833333
34116 0.0833333
29627 0.0833333
25659 0.0833333
20230 0.0833333
17154 0.0833333
12989 0.0833333
6105 0.0833333
2863 0.0833333
37944 0.078916
28739 0.078916
21831 0.078916
19186 0.078916
23886 0.078476
36927 0.0769231
36120 0.0769231
27093 0.0769231
22170 0.0769231
14490 0.0769231
6906 0.0769231
4998 0.0769231
1963 0.0769231
25449 0.0751973
23089 0.0751973
19284 0.0751973
4058 0.0751973
612 0.0751973
36285 0.0714286
35028 0.0714286
31377 0.0714286
21785 0.0714286
38955 0.0666667
38346 0.0666667
37142 0.0666667
31938 0.0666667
20968 0.0666667
16001 0.0666667
14133 0.0666667
8530 0.0666667
6930 0.0666667
4361 0.0666667
868 0.0666667
539 0.0666667
8035 0.0630516
35761 0.0625
33046 0.0625
32611 0.0625
15603 0.0625
13972 0.0625
12047 0.0625
11142 0.0625
9842 0.0625
21201 0.0610245
15012 0.0610245
7286 0.0610245
360 0.0610245
32652 0.0588235
30313 0.0588235
27989 0.0588235
22787 0.0588235
19253 0.0588235
16233 0.0588235
14686 0.0588235
13769 0.0588235
12970 0.0588235
11407 0.0588235
9665 0.0588235
9455 0.0588235
8177 0.0588235
2209 0.0588235
37991 0.0564479
36517 0.0564479
12290 0.0555556
3596 0.0555556
33477 0.0526316
16529 0.0526316
12695 0.0526316
11559 0.0526316
8342 0.0526316
4934 0.0526316
3140 0.0526316
2010 0.0526316
37882 0.047619
37878 0.047619
37374 0.047619
36787 0.047619
31450 0.047619
30425 0.047619
30275 0.047619
29902 0.047619
28106 0.047619
23206 0.047619
21801 0.047619
21064 0.047619
19327 0.047619
19277 0.047619
18844 0.047619
14576 0.047619
14337 0.047619
13628 0.047619
9417 0.047619
5824 0.047619
5821 0.047619
4539 0.047619
4189 0.047619
1109 0.047619
550 0.047619
40597 0.0454545
11488 0.0454545
7102 0.0454545
40069 0.0442407
23834 0.0442407
13661 0.0442407
12289 0.0442407
3887 0.0442407
1931 0.0442407
905 0.0442407
592 0.0442407
80 0.0442407
36948 0.0434783
35274 0.0434783
35185 0.0434783
24794 0.0434783
22577 0.0434783
22430 0.0434783
21978 0.0434783
10706 0.0434783
6407 0.0434783
24972 0.0416667
24149 0.0416667
16603 0.0416667
15056 0.0416667
14922 0.0416667
11455 0.0416667
9584 0.0416667
7921 0.0416667
6205 0.0416667
39951 0.04
38558 0.04
34043 0.04
31702 0.04
24329 0.04
391 0.04
34999 0.0384615
20007 0.0384615
17786 0.0384615
15467 0.0384615
13178 0.0384615
6707 0.0384615
1599 0.0384615
34579 0.037037
32036 0.037037
31228 0.037037
17441 0.037037
13510 0.037037
12698 0.037037
6685 0.037037
6130 0.037037
23653 0.0357143
23370 0.0357143
21763 0.0357143
19379 0.0357143
15075 0.0357143
5090 0.0357143
2797 0.0357143
1326 0.0357143
39846 0.0322581
39386 0.0322581
34923 0.0322581
29270 0.0322581
27280 0.0322581
14347 0.0322581
12910 0.0322581
9475 0.0322581
37502 0.03125
36864 0.03125
32274 0.03125
27208 0.03125
17461 0.03125
16902 0.03125
12935 0.03125
12541 0.03125
9010 0.03125
6857 0.03125
4984 0.03125
40165 0.0294118
37233 0.0294118
27926 0.0294118
26151 0.0294118
24505 0.0294118
21757 0.0294118
19391 0.0294118
18753 0.0294118
