34488 86.8766
33975 33.2388
28776 30.4123
28751 18.2819
2115 17.6027
38449 17.0995
13594 16.7353
35863 15.8385
14163 15.3639
34964 14.5593
10249 14.5267
28700 13.0215
20262 10.4299
7317 10.3492
34065 9.56925
34630 8.28187
10211 8.03173
32608 7.83874
33265 7.4934
7570 7.43527
5798 6.82908
19526 6.22545
22950 6.18528
14373 6.08737
36318 5.80561
34939 5.69344
3114 5.57013
39815 5.28906
13687 5.13883
1158 4.76772
15250 4.67057
29879 4.44718
29438 4.43656
31540 4.41172
4424 4.38557
3306 4.26198
35572 4.07579
2264 4.04582
21015 3.9297
6940 3.92619
19343 3.91933
31922 3.80974
29986 3.55375
14866 3.45097
24332 3.2756
39153 3.26366
23798 3.23294
13392 3.22187
19550 3.20504
24005 3.12417
14656 2.94661
22254 2.9362
22548 2.90472
23782 2.84986
31764 2.82531
32585 2.71861
40169 2.66982
7264 2.63898
8114 2.61103
22968 2.59329
15684 2.57113
32776 2.5544
23168 2.51505
197 2.49952
10293 2.44581
5835 2.37919
13802 2.37866
16084 2.35867
11222 2.32946
19629 2.26609
14251 2.21963
7799 2.19684
38454 2.18493
35950 2.12305
14051 2.11484
4429 2.11205
26451 2.09643
36493 2.07678
1009 2.02781
25861 2.02543
34956 2.02377
39156 2.02364
9721 1.97619
14105 1.94856
13893 1.93452
8841 1.9286
13493 1.91323
15468 1.89971
4384 1.87518
28646 1.84051
16654 1.81634
21059 1.80409
29664 1.79702
11585 1.76154
4989 1.75
20086 1.7421
35699 1.71097
3964 1.70556
9515 1.70139
28608 1.69924
20698 1.67718
17937 1.67019
4816 1.65882
1607 1.63571
26081 1.62528
8965 1.5829
34302 1.57778
13852 1.56667
8629 1.56667
33431 1.56266
722 1.51291
14871 1.47424
15572 1.43067
39099 1.41667
18142 1.4
9333 1.38508
12533 1.3813
10462 1.37902
17051 1.37732
12599 1.35833
35810 1.325
9728 1.32475
3012 1.31819
3578 1.30688
22869 1.29286
15660 1.27796
36776 1.27143
29675 1.25707
38348 1.24731
25972 1.22004
22162 1.2123
27794 1.20359
7856 1.19891
12198 1.1671
40407 1.15119
14852 1.14964
26327 1.14643
4261 1.14359
13280 1.13993
17245 1.13452
22662 1.13056
37517 1.10238
31967 1.10202
38813 1.09722
38875 1.08889
26489 1.07597
27851 1.06268
31284 1.0548
19427 1.05288
15007 1.05119
35549 1.04921
1501 1.04657
15906 1.04039
352 1.02121
4555 1.01895
27558 1.01071
104 0.992063
31215 0.979951
35090 0.972066
21693 0.948413
25956 0.917778
18733 0.916667
23487 0.900846
10904 0.879595
34003 0.872076
23837 0.869444
29490 0.866667
13839 0.856291
15441 0.849206
35747 0.833333
14946 0.833333
20846 0.831746
4132 0.826515
22701 0.81403
21692 0.813762
24259 0.808009
35318 0.789449
15439 0.786147
4557 0.779268
24015 0.777075
27085 0.77042
39763 0.768867
15310 0.76279
25953 0.751857
11456 0.751804
39075 0.733333
2848 0.730592
3516 0.725397
3584 0.720496
26631 0.715079
15138 0.713585
14829 0.708333
8257 0.702381
24359 0.7
2184 0.7
36222 0.697335
3595 0.694444
5947 0.68807
20112 0.687302
11762 0.68581
40470 0.683333
33539 0.680537
17462 0.674242
6680 0.672024
10888 0.66978
23648 0.669318
26563 0.667832
19161 0.666667
18951 0.666667
17113 0.666667
14703 0.666667
34807 0.664286
17896 0.656035
28186 0.656015
7805 0.648514
35926 0.645833
16920 0.640385
27287 0.636852
38978 0.635965
23387 0.631548
8420 0.624242
35716 0.62037
17566 0.616667
23970 0.605357
27522 0.595833
19211 0.592857
6606 0.592857
25364 0.583766
17987 0.582175
11027 0.578411
39362 0.574145
29389 0.572751
10082 0.562006
37771 0.560542
24742 0.555556
35491 0.55
23272 0.55
16210 0.547835
37377 0.547268
36777 0.546983
25405 0.542857
30224 0.541667
2258 0.538462
12120 0.537655
18808 0.533354
37383 0.533333
9570 0.533333
3361 0.522662
1113 0.517857
32011 0.509524
820 0.509524
17804 0.509492
11286 0.508824
14026 0.504417
33581 0.5
12472 0.485714
10717 0.479722
20274 0.479052
6568 0.477778
1701 0.477778
22280 0.470387
19187 0.46978
1272 0.469298
17676 0.466667
9921 0.466667
2948 0.466667
26737 0.464286
38983 0.463576
12739 0.455556
32044 0.455357
13841 0.455357
30389 0.453968
29415 0.452381
8876 0.445406
40341 0.442857
14464 0.442857
9464 0.440909
36498 0.437969
24617 0.434524
30761 0.433584
9960 0.433333
9628 0.422518
23560 0.419231
20255 0.416667
22441 0.410256
39544 0.409524
3259 0.409524
38174 0.408786
849 0.403211
13163 0.401233
16048 0.401149
12514 0.400433
6594 0.3974
37684 0.394444
3396 0.391667
36847 0.391667
37266 0.387712
20241 0.385897
11678 0.385747
24853 0.380342
10683 0.378968
5231 0.372121
7924 0.370455
19096 0.370175
32410 0.36859
40289 0.365079
19235 0.363095
10327 0.363095
27743 0.361111
18115 0.35873
14880 0.354978
32078 0.352564
3063 0.35119
15977 0.35
14648 0.35
16323 0.34284
12400 0.338095
15119 0.336572
40892 0.333333
39610 0.333333
38954 0.333333
38205 0.333333
33202 0.333333
29002 0.333333
28613 0.333333
27996 0.333333
26948 0.333333
26331 0.333333
25564 0.333333
23851 0.333333
22234 0.333333
19636 0.333333
18970 0.333333
17222 0.333333
17081 0.333333
16350 0.333333
9841 0.333333
8148 0.333333
8028 0.333333
5513 0.333333
2718 0.333333
1111 0.333333
6453 0.328755
20863 0.326923
21604 0.32513
34651 0.324786
33668 0.32174
28894 0.320635
18734 0.319444
1613 0.318589
7368 0.316667
33156 0.311996
12342 0.307143
22939 0.303114
30104 0.302778
18901 0.302723
5156 0.290727
5541 0.285354
8609 0.285256
4769 0.283766
27289 0.278122
23664 0.278122
27560 0.274242
21998 0.271465
27767 0.270156
19588 0.269935
31574 0.267399
7495 0.262338
20722 0.262088
20124 0.262088
29018 0.255719
37905 0.25
36179 0.25
35068 0.25
34317 0.25
33787 0.25
31186 0.25
30862 0.25
29531 0.25
28072 0.25
26364 0.25
25217 0.25
21702 0.25
18226 0.25
17101 0.25
16910 0.25
14103 0.25
13734 0.25
13102 0.25
11375 0.25
10442 0.25
9376 0.25
8956 0.25
8929 0.25
8691 0.25
7103 0.25
5351 0.25
3524 0.25
1184 0.25
604 0.25
12086 0.249733
12258 0.244048
3824 0.243182
3657 0.243182
30111 0.242887
28780 0.242686
24630 0.240476
35487 0.238718
14958 0.23685
25071 0.233333
15583 0.232468
28678 0.231837
2753 0.231443
25092 0.228239
10136 0.226874
13444 0.223232
23725 0.222222
20777 0.221429
13154 0.212338
15573 0.212338
13614 0.209707
28694 0.206871
17850 0.204762
13066 0.203023
40908 0.2
40826 0.2
35843 0.2
35430 0.2
34759 0.2
34395 0.2
31831 0.2
31145 0.2
29169 0.2
27184 0.2
26578 0.2
25470 0.2
24358 0.2
24057 0.2
23132 0.2
22362 0.2
21847 0.2
21841 0.2
20033 0.2
16813 0.2
10106 0.2
9110 0.2
8845 0.2
8226 0.2
6927 0.2
6254 0.2
5446 0.2
1776 0.2
1409 0.2
35594 0.197576
14003 0.193651
1609 0.187619
972 0.18656
28849 0.184295
21373 0.18355
20218 0.18355
17670 0.173935
12024 0.173737
3836 0.173643
11021 0.169906
40030 0.166667
38432 0.166667
37295 0.166667
36890 0.166667
36296 0.166667
36038 0.166667
34850 0.166667
34696 0.166667
31463 0.166667
28556 0.166667
27315 0.166667
23063 0.166667
22545 0.166667
21565 0.166667
19443 0.166667
19281 0.166667
10559 0.166667
8092 0.166667
7408 0.166667
6327 0.166667
3903 0.166667
36829 0.166667
27428 0.166667
11099 0.166667
23384 0.164844
5411 0.163004
15315 0.162465
3263 0.155971
1340 0.152632
5566 0.152564
2922 0.15216
36427 0.14418
14792 0.14418
40941 0.142857
38806 0.142857
35103 0.142857
