31301 4651.3
17634 2855.35
27514 1337.32
5693 1077.2
919 926.031
7708 849.531
10737 653.806
14544 623.647
26750 557.135
2633 533.03
7691 471.112
186 452.215
8672 422.068
6096 322.71
13432 288.738
4405 281.639
363 277.324
18274 261.774
10880 261.62
27886 260.733
34495 239.533
10073 229.743
32885 221.528
37176 215.127
26088 206.846
29997 204.736
38662 189.446
18328 187.199
19032 185.745
22402 180.702
20489 179.116
2289 143.304
28444 137.936
3936 135.415
5663 134.662
2249 133.506
22594 125.417
15603 124.623
12518 118.935
27799 118.607
10923 118.363
26923 114.825
26892 111.025
1975 107.988
9665 105.058
21983 104.088
16791 100.102
7024 96.6586
128 96.5093
27892 95.4183
40573 93.7217
22228 92.0283
9019 89.4959
24475 89.0563
40869 87.6221
23154 87.1553
6644 85.0688
12630 84.0456
23843 83.4777
23014 82.4786
13646 80.4224
28380 79.2352
2775 79.0561
34825 75.56
33825 75.1996
21097 75.1488
29032 74.2804
36623 72.8282
5175 70.4991
2241 68.7798
32975 68.3251
22583 67.6947
9561 66.6713
14603 65.2242
17999 65.1837
40017 64.1849
9846 63.909
27425 63.7467
10731 63.1858
4785 62.673
4928 61.9541
8508 60.8356
5691 59.39
6815 57.7797
5373 57.6056
37711 57.0784
3567 56.3797
24382 55.9238
17075 55.8113
16853 52.8294
2838 52.0742
39393 51.8175
10980 50.7024
4507 50.6279
3648 50.6109
21859 49.7207
8867 49.5754
29059 47.8627
24825 47.6059
33944 46.6077
20229 45.7533
40661 45.3766
17406 44.8004
8027 44.1997
11108 43.4463
22890 43.242
10423 42.8721
33078 42.1876
12243 41.6318
2885 41.2754
32593 40.2392
15446 39.6819
1427 38.225
24335 38.1481
23380 37.6659
3158 37.4885
39695 37.4033
10057 36.7565
28038 36.476
11958 36.1425
22557 35.5316
32620 35.2317
22990 35.191
18950 34.7717
28305 34.4194
878 33.2298
27951 33.0755
26401 32.9247
6823 32.8288
23193 32.6297
23813 32.5942
25083 31.1124
1267 31.0933
17189 30.3313
20966 30.2875
23655 30.174
24013 30.1208
15237 29.8594
19589 29.7954
34768 29.5639
40883 29.5547
27401 29.4099
6061 29.1672
12709 29.1527
5153 29.0979
22931 28.1581
27844 27.8343
30793 27.6053
5066 27.5116
3494 27.4464
3245 27.2447
6262 27.0297
16833 26.8275
25476 26.4331
16915 25.6786
40829 25.6655
12384 25.3399
39171 25.0674
9655 24.7317
3096 24.6035
26555 24.1372
1587 24.1299
9442 24.0927
12620 23.9668
39743 23.9461
25750 23.9434
11615 23.8679
13334 23.6627
39495 23.6403
17083 23.3406
37087 23.2739
24237 23.0384
6504 22.976
2659 22.7754
10760 22.7547
7894 22.519
21911 22.2997
9378 22.2003
28917 21.8938
10602 21.86
3112 21.7415
15637 21.5044
14502 21.4847
11836 21.4146
15829 21.1247
11630 21.0967
3311 21.0894
27434 20.9056
22502 20.8824
35734 20.6542
37637 20.5641
5846 20.5494
31735 20.5039
19972 20.4613
2647 20.1385
3382 19.7848
6744 19.4821
18770 19.4345
18209 19.4109
2943 19.4034
15769 19.3701
3363 19.2936
35985 19.1509
27003 19.1314
26361 18.905
37940 18.8992
20035 18.6991
10117 18.5671
26083 18.5599
25652 18.5368
24962 18.5336
16652 18.4404
25837 18.4119
23696 18.3854
37797 18.3145
10901 18.2462
13881 17.8356
19566 17.7269
22711 17.6713
31986 17.638
30683 17.4561
3880 17.3813
27322 17.3322
6002 17.2385
11443 17.212
7374 17.0553
1318 16.9148
14377 16.9057
11462 16.641
18616 16.634
3025 16.599
14132 16.5749
34120 16.4643
32342 16.252
18890 16.0686
38638 16.0559
18754 15.8592
39962 15.7943
4408 15.7582
36051 15.7094
31561 15.6588
27410 15.6331
5920 15.5791
19199 15.5616
19380 15.4546
25379 15.423
24678 15.3918
12431 15.3729
21916 15.2798
20167 15.2786
6719 15.2643
33490 15.0778
38184 15.0741
34973 14.9128
32797 14.7266
1091 14.6654
11658 14.5697
12547 14.5153
19041 14.5036
37924 14.4476
22215 14.405
18729 14.38
20424 14.3633
36035 14.2299
17312 14.0712
12221 14.0603
24819 13.8883
15124 13.8783
3010 13.7181
1204 13.5057
24454 13.4889
24756 13.4838
16945 13.4695
26808 13.4253
30320 13.4194
25846 13.413
33189 13.3487
30054 13.3317
7828 13.3217
14211 13.2583
6671 13.1843
12928 13.1473
33712 13.1284
2867 12.9236
14249 12.8648
16710 12.8134
9718 12.7871
32814 12.7009
31509 12.681
32760 12.6742
1566 12.671
19124 12.6436
27926 12.5144
10009 12.5111
13029 12.4806
23714 12.4681
27939 12.4367
23724 12.4089
30760 12.3942
2712 12.3491
10131 12.2674
18044 12.2222
35602 12.2023
39791 12.201
7343 12.1357
8163 12.1306
20129 12.1293
543 12.1012
17687 11.971
19243 11.9554
13845 11.9247
2387 11.9137
18788 11.8126
34357 11.7961
15592 11.77
17086 11.7638
21670 11.7309
13341 11.6574
21147 11.5575
13007 11.5544
9487 11.4971
8068 11.4886
1642 11.4012
35020 11.3847
24414 11.371
25445 11.3073
21703 11.2955
3591 11.2839
316 11.2608
3447 11.2278
8186 11.203
5214 11.1421
25817 11.1417
40001 11.1221
19295 10.9821
22125 10.923
23366 10.8079
10322 10.8013
2783 10.7704
36032 10.6931
36554 10.6619
20169 10.6471
16404 10.5175
17238 10.4992
18937 10.4842
30829 10.4576
13410 10.4496
11844 10.3901
23317 10.3785
30122 10.3474
31861 10.3278
30167 10.1961
25416 10.1665
13003 10.1633
9831 10.0976
13043 10.0812
1259 10.0625
21497 10.0266
33185 10.003
26159 9.87907
3600 9.86501
20858 9.84269
34311 9.84247
19325 9.81506
35096 9.77426
865 9.75441
16214 9.7052
22465 9.67734
29629 9.67446
25811 9.62892
7054 9.62833
9023 9.58299
3418 9.57947
29746 9.44062
20850 9.43186
11633 9.4178
28089 9.4046
1616 9.39784
18896 9.36593
4538 9.36383
40205 9.25535
29301 9.20091
11196 9.17627
38151 9.13564
40912 9.13244
36986 9.10217
9362 9.02999
31734 9.02175
872 9.01939
8521 9.01911
37759 9.01131
12346 9.00174
17177 8.98141
27399 8.9575
14466 8.83223
10844 8.80075
11780 8.7929
10523 8.74307
1897 8.73667
1947 8.70123
24030 8.68105
2106 8.6598
30668 8.63259
17127 8.53299
29934 8.51401
13785 8.51388
17715 8.43253
32933 8.39346
12812 8.39116
31283 8.3477
27646 8.34759
16012 8.30616
36292 8.19951
18110 8.18643
5517 8.17864
36734 8.15547
23885 8.14104
16823 8.11418
35879 8.10823
1610 8.05361
34673 8.04897
24805 8.00913
1210 8.00441
11625 8.00173
25543 7.9969
4369 7.9886
17272 7.97212
24213 7.95786
30972 7.95234
15116 7.93904
27352 7.93732
29498 7.91503
39318 7.80625
7032 7.75318
31536 7.74285
36467 7.73756
36128 7.72579
31816 7.70882
22227 7.68442
25337 7.64675
4881 7.60297
25425 7.54806
29741 7.4928
24094 7.48203
21113 7.42221
6173 7.3712
12386 7.30929
21345 7.28875
26789 7.28446
21003 7.26417
31329 7.24054
22850 7.22302
32862 7.22228
13820 7.17186
31265 7.15523
25725 7.1183
3369 7.08981
37935 7.0455
13422 7.04464
18198 7.02627
26011 7.02127
31406 7.01284
6487 7.01154
23742 6.96985
15922 6.96456
10457 6.9637
25399 6.96053
13654 6.93492
6055 6.90963
24028 6.9057
39582 6.85541
35987 6.8359
20075 6.78757
27963 6.74871
38108 6.72302
3739 6.69715
24239 6.69107
23877 6.68768
9372 6.67488
18034 6.65925
15599 6.64809
26243 6.63275
34433 6.62977
4432 6.61883
14565 6.58791
23849 6.54121
33069 6.53626
12868 6.51833
2840 6.50779
35346 6.48636
34488 6.45365
5933 6.43821
16659 6.41918
32713 6.39671
10665 6.37559
5035 6.368
15953 6.36391
18449 6.36275
19258 6.34799
26436 6.34526
