31301 2.2236
26750 1.1855
8672 1.12854
14311 1.07923
13646 0.762413
33981 0.680888
8186 0.677754
13845 0.632453
9200 0.453704
32885 0.450817
14001 0.415143
13762 0.35541
1975 0.353542
2053 0.333333
28038 0.331944
17634 0.315705
27514 0.31059
16310 0.300965
25462 0.297443
8582 0.280688
3856 0.271716
36554 0.268687
4405 0.250861
1318 0.25
27951 0.237401
1267 0.218203
27892 0.215292
2237 0.214222
19589 0.214183
9831 0.208351
31283 0.207143
23714 0.205409
17160 0.2
14544 0.2
37529 0.191949
12709 0.184001
11075 0.177691
35537 0.176844
20966 0.173817
2673 0.173045
2007 0.172944
16791 0.172269
15603 0.167783
11958 0.164021
10760 0.164021
40108 0.156963
29997 0.154507
7691 0.154507
16953 0.149867
25425 0.144893
3363 0.140426
34963 0.139643
6092 0.139643
34825 0.133319
2783 0.133319
14603 0.128552
5693 0.128552
3297 0.128552
12518 0.128498
12243 0.128498
30972 0.128325
4538 0.128325
1718 0.128325
27886 0.127563
29498 0.125
29683 0.12416
17767 0.120617
8196 0.120617
6886 0.120617
26789 0.119318
22435 0.119318
25413 0.118099
28722 0.112808
22488 0.112808
31505 0.111111
29972 0.111111
24172 0.111111
18705 0.111111
14007 0.111111
979 0.111111
3880 0.108882
12141 0.108184
10923 0.108184
2227 0.108184
16682 0.1
16061 0.1
13757 0.1
9043 0.1
492 0.1
25445 0.0944042
24441 0.0944042
6173 0.0944042
39743 0.0942065
31986 0.0942065
19295 0.0942065
5620 0.0909091
33672 0.088199
19258 0.088199
1427 0.088199
10980 0.0853809
9019 0.0853809
6644 0.0853809
40274 0.0833333
33718 0.0833333
23785 0.0833333
8027 0.0833333
32342 0.0833079
37087 0.0816248
23317 0.0816248
17515 0.0816248
39616 0.0800089
25944 0.0800089
37176 0.0733217
23655 0.0733217
20333 0.0733217
26401 0.071966
26400 0.071966
23658 0.071966
5130 0.071966
30485 0.0716991
10929 0.0716991
28686 0.0714286
40036 0.0666667
31344 0.0666667
12510 0.0666667
3064 0.0658048
2712 0.0658048
31888 0.0625
25763 0.0618755
24619 0.0618755
19951 0.0595044
19243 0.0595044
18011 0.0595044
40912 0.0574579
35734 0.0574579
30793 0.0574579
29257 0.0574579
27799 0.0574579
11630 0.0574579
28245 0.054443
11803 0.054443
4432 0.054443
32392 0.0527419
23380 0.0527419
1627 0.0527419
39593 0.0526316
24664 0.0526316
18328 0.0526316
3112 0.0526316
865 0.0526316
39112 0.0510142
37562 0.0510142
23059 0.0510142
15829 0.0510142
15446 0.0510142
14427 0.0510142
13334 0.0510142
919 0.0510142
34768 0.0503571
6096 0.0503571
2289 0.0503571
35361 0.05
34495 0.05
29139 0.05
22422 0.05
21774 0.05
21495 0.05
1628 0.05
38283 0.0434783
11968 0.0434783
5703 0.0434783
39940 0.0427136
34355 0.0427136
19298 0.0427136
16157 0.0427136
9621 0.0427136
7296 0.0427136
22288 0.0426314
11836 0.0426314
40573 0.0425926
40534 0.0425926
38116 0.0425926
29629 0.0425926
27759 0.0425926
20407 0.0425926
5373 0.0425926
3245 0.0425926
2659 0.0425926
40078 0.0416667
38773 0.0416667
33490 0.0416667
31990 0.0416667
25349 0.0416667
25101 0.0416667
23917 0.0416667
22049 0.0416667
12787 0.0416667
7918 0.0416667
5433 0.0416667
5066 0.0416667
34704 0.040463
34611 0.040463
22890 0.040463
16182 0.040463
13079 0.040463
2016 0.040463
680 0.040463
39495 0.0376283
38184 0.0376283
37998 0.0376283
33078 0.0376283
31606 0.0376283
22594 0.0376283
21816 0.0376283
15352 0.0376283
33825 0.0357143
27844 0.0357143
24825 0.0357143
13907 0.0357143
13466 0.0357143
12636 0.0357143
2884 0.0357143
33333 0.0344828
32902 0.0344828
31417 0.0344828
26744 0.0344828
23405 0.0344828
21312 0.0344828
17406 0.0344828
16278 0.0344828
3075 0.0344828
952 0.0344828
34871 0.03125
34529 0.03125
30127 0.03125
24518 0.03125
24316 0.03125
20468 0.03125
6823 0.03125
1683 0.03125
1091 0.03125
263 0.03125
32797 0.0294118
31274 0.0294118
17442 0.0294118
5049 0.0294118
40017 0.0263158
31956 0.0263158
28974 0.0263158
23495 0.0263158
19758 0.0263158
16443 0.0263158
15282 0.0263158
7054 0.0263158
40829 0.023248
38289 0.023248
36623 0.023248
36208 0.023248
28444 0.023248
26978 0.023248
26892 0.023248
25725 0.023248
24756 0.023248
23014 0.023248
22228 0.023248
22054 0.023248
20947 0.023248
18274 0.023248
13422 0.023248
10737 0.023248
10009 0.023248
5663 0.023248
2958 0.023248
52 0.023248
39384 0.0208333
38369 0.0208333
37508 0.0208333
36986 0.0208333
35602 0.0208333
35455 0.0208333
35096 0.0208333
34649 0.0208333
32593 0.0208333
31816 0.0208333
28323 0.0208333
26160 0.0208333
25837 0.0208333
25634 0.0208333
18890 0.0208333
15237 0.0208333
9075 0.0208333
7411 0.0208333
7394 0.0208333
808 0.0208333
37923 0.0204082
35185 0.0204082
34274 0.0204082
33545 0.0204082
32620 0.0204082
28094 0.0204082
27926 0.0204082
26137 0.0204082
26084 0.0204082
24239 0.0204082
24004 0.0204082
22405 0.0204082
21978 0.0204082
20167 0.0204082
20007 0.0204082
17312 0.0204082
15416 0.0204082
9575 0.0204082
9557 0.0204082
2885 0.0204082
34673 0.0188679
33712 0.0188679
30037 0.0188679
24125 0.0188679
23695 0.0188679
21147 0.0188679
20169 0.0188679
20075 0.0188679
17177 0.0188679
14184 0.0188679
13746 0.0188679
12620 0.0188679
12009 0.0188679
9655 0.0188679
9197 0.0188679
3538 0.0188679
517 0.0188679
33944 0.0181818
28859 0.0181818
22502 0.0181818
16018 0.0181818
5034 0.0181818
2249 0.0181818
2241 0.0181818
1880 0.0181818
39454 0.0169492
39106 0.0169492
38667 0.0169492
31023 0.0169492
29032 0.0169492
27401 0.0169492
26224 0.0169492
24335 0.0169492
14779 0.0169492
11668 0.0169492
8538 0.0169492
6656 0.0169492
6209 0.0169492
5054 0.0169492
4082 0.0169492
3648 0.0169492
3158 0.0169492
1655 0.0169492
99 0.0169492
38646 0.0153846
37221 0.0153846
37103 0.0153846
33331 0.0153846
26555 0.0153846
26295 0.0153846
25971 0.0153846
17599 0.0153846
17165 0.0153846
15984 0.0153846
15095 0.0153846
10602 0.0153846
9105 0.0153846
8730 0.0153846
7452 0.0153846
6309 0.0153846
5832 0.0153846
3949 0.0153846
3434 0.0153846
1291 0.0153846
363 0.0153846
32 0.0153846
35778 0.0151515
31859 0.0151515
30336 0.0151515
24270 0.0151515
23374 0.0151515
22897 0.0151515
16604 0.0151515
16012 0.0151515
12868 0.0151515
12498 0.0151515
9077 0.0151515
3936 0.0151515
3575 0.0151515
2867 0.0151515
1323 0.0151515
39311 0.0147059
31409 0.0147059
29310 0.0147059
28377 0.0147059
27281 0.0147059
26374 0.0147059
25416 0.0147059
21724 0.0147059
21497 0.0147059
20489 0.0147059
20068 0.0147059
16890 0.0147059
16650 0.0147059
16561 0.0147059
13432 0.0147059
12812 0.0147059
12502 0.0147059
11647 0.0147059
11582 0.0147059
10423 0.0147059
10118 0.0147059
10036 0.0147059
9362 0.0147059
8474 0.0147059
6794 0.0147059
5691 0.0147059
4493 0.0147059
3282 0.0147059
186 0.0147059
123 0.0147059
39836 0.00925926
35048 0.00925926
35004 0.00925926
29996 0.00925926
28122 0.00925926
27994 0.00925926
27646 0.00925926
27434 0.00925926
26565 0.00925926
26552 0.00925926
25846 0.00925926
25017 0.00925926
22990 0.00925926
22465 0.00925926
21928 0.00925926
21670 0.00925926
21399 0.00925926
20759 0.00925926
20736 0.00925926
18913 0.00925926
18254 0.00925926
17238 0.00925926
15280 0.00925926
13785 0.00925926
13588 0.00925926
10880 0.00925926
10073 0.00925926
9294 0.00925926
6856 0.00925926
5303 0.00925926
4070 0.00925926
3079 0.00925926
3015 0.00925926
2943 0.00925926
606 0.00925926
40758 0.0070922
39582 0.0070922
39171 0.0070922
38073 0.0070922
37818 0.0070922
37619 0.0070922
36763 0.0070922
36073 0.0070922
35985 0.0070922
35752 0.0070922
33708 0.0070922
33651 0.0070922
33189 0.0070922
32862 0.0070922
32718 0.0070922
32680 0.0070922
31930 0.0070922
31265 0.0070922
31200 0.0070922
30632 0.0070922
30269 0.0070922
29741 0.0070922
29554 0.0070922
28305 0.0070922
28147 0.0070922
26963 0.0070922
26361 0.0070922
26088 0.0070922
25980 0.0070922
24428 0.0070922
23366 0.0070922
22606 0.0070922
22583 0.0070922
22227 0.0070922
20979 0.0070922
18721 0.0070922
17184 0.0070922
16895 0.0070922
16553 0.0070922
16346 0.0070922
