40289 18.1364
28776 10.8705
14163 4.81209
36077 3.82369
34488 3.65861
16609 2.25164
23798 1.92596
4555 1.7764
21036 1.715
33975 1.55623
32458 1.51044
1158 1.26469
18762 1.2255
34630 1.20629
38449 1.14016
7570 1.01801
7325 0.931768
15684 0.909
28694 0.784707
23005 0.775245
23837 0.70119
37321 0.638716
3088 0.630195
6063 0.625583
319 0.604168
32608 0.583333
5798 0.579542
3578 0.567549
21321 0.524825
24005 0.516796
10442 0.503788
17804 0.487078
2613 0.484687
9333 0.474455
39011 0.45
10082 0.392674
3331 0.38314
4191 0.369048
14251 0.358713
30564 0.35743
22129 0.339892
21015 0.334211
18345 0.333333
17245 0.327708
10062 0.319444
2526 0.314922
22687 0.309211
33668 0.306319
12736 0.299054
29982 0.297269
5959 0.297269
19036 0.292307
40740 0.271277
12739 0.271277
8561 0.267544
15439 0.253655
37377 0.251191
5849 0.25
20262 0.240331
9912 0.239056
15475 0.237648
39976 0.236001
22701 0.233453
15250 0.223009
7495 0.216667
3114 0.21129
11433 0.207326
22254 0.2
14906 0.2
39674 0.197107
8965 0.189922
10377 0.171221
11872 0.170321
35545 0.16859
12024 0.167873
21952 0.167832
40930 0.166667
38580 0.166667
37770 0.166667
23387 0.166667
16387 0.166667
9960 0.166667
3681 0.166667
11698 0.164165
33967 0.159372
20274 0.159372
3964 0.159372
34939 0.142857
29879 0.142857
19319 0.142857
11290 0.142857
11065 0.142857
8776 0.142857
8114 0.142857
4585 0.142857
18165 0.142554
17920 0.142554
14640 0.128384
37383 0.125
36296 0.125
34652 0.125
29212 0.125
27501 0.125
25567 0.125
16151 0.125
10136 0.125
4883 0.125
2137 0.125
2015 0.125
116 0.125
26737 0.117816
1403 0.117816
37332 0.111111
36222 0.111111
30306 0.111111
28267 0.111111
23554 0.111111
17566 0.111111
14000 0.111111
11325 0.111111
4989 0.111111
1155 0.111111
13614 0.10886
22722 0.108637
21704 0.108637
17279 0.108637
38454 0.108398
29438 0.108398
21426 0.105655
13277 0.105655
33733 0.1
28015 0.1
25249 0.1
21220 0.1
10734 0.1
8028 0.1
6396 0.1
4816 0.1
2922 0.1
29182 0.0942209
22881 0.0896124
11166 0.0884732
7269 0.0884732
34302 0.0833333
30666 0.0833333
30473 0.0833333
29537 0.0833333
24071 0.0833333
23835 0.0833333
23295 0.0833333
22522 0.0833333
21859 0.0833333
27648 0.0814384
18227 0.0814384
16720 0.0814384
35950 0.0769231
34012 0.0769231
26282 0.0769231
25925 0.0769231
22280 0.0769231
14656 0.0769231
9628 0.0769231
6545 0.0769231
5048 0.0769231
1645 0.0769231
26489 0.0714286
25494 0.0714286
13154 0.0714286
7313 0.0714286
27767 0.0666667
27305 0.0666667
17483 0.0666667
6594 0.0666667
6032 0.0666667
5132 0.0666667
2325 0.0666667
24893 0.0605596
13841 0.0605596
3516 0.0605596
34063 0.0588235
23487 0.0588235
16886 0.0588235
12653 0.0588235
9060 0.0588235
6736 0.0588235
2886 0.0588235
37802 0.0555556
36490 0.0555556
29701 0.0555556
18590 0.0555556
15218 0.0555556
33843 0.0526316
33251 0.0526316
28996 0.0526316
28794 0.0526316
27310 0.0526316
22375 0.0526316
20269 0.0526316
20017 0.0526316
11344 0.0526316
10454 0.0526316
7234 0.0526316
780 0.0526316
38280 0.05
35491 0.05
34065 0.05
31922 0.05
30542 0.05
30532 0.05
29986 0.05
24359 0.05
24259 0.05
14346 0.05
7783 0.05
75 0.05
39156 0.0454545
31527 0.0454545
29815 0.0454545
29208 0.0454545
27085 0.0454545
24332 0.0454545
21651 0.0454545
21374 0.0454545
14663 0.0454545
14169 0.0454545
3408 0.0454545
988 0.0454545
38875 0.0434783
19588 0.0434783
19343 0.0434783
34858 0.0416667
34822 0.0416667
34428 0.0416667
29389 0.0416667
28272 0.0416667
25738 0.0416667
24630 0.0416667
24303 0.0416667
21059 0.0416667
20278 0.0416667
13174 0.0416667
11120 0.0416667
11027 0.0416667
10211 0.0416667
8845 0.0416667
7034 0.0416667
4967 0.0416667
2470 0.0416667
2115 0.0416667
1636 0.0416667
1612 0.0416667
39626 0.0384615
38174 0.0384615
37602 0.0384615
36812 0.0384615
34284 0.0384615
30088 0.0384615
21748 0.0384615
21716 0.0384615
21014 0.0384615
19283 0.0384615
9020 0.0384615
5643 0.0384615
37533 0.0344828
29178 0.0344828
25062 0.0344828
20372 0.0344828
7856 0.0344828
5760 0.0344828
3584 0.0344828
37925 0.0294118
35805 0.0294118
21116 0.0294118
19096 0.0294118
16598 0.0294118
11793 0.0294118
10785 0.0294118
5755 0.0294118
3407 0.0294118
1434 0.0294118
38268 0.0232558
35863 0.0232558
30390 0.0232558
29055 0.0232558
26124 0.0232558
25092 0.0232558
23047 0.0232558
12718 0.0232558
5019 0.0232558
4199 0.0232558
39518 0.0217391
35549 0.0217391
34902 0.0217391
33684 0.0217391
33133 0.0217391
31556 0.0217391
21200 0.0217391
17670 0.0217391
17183 0.0217391
13863 0.0217391
12533 0.0217391
8257 0.0217391
7982 0.0217391
7241 0.0217391
3752 0.0217391
2300 0.0217391
34260 0.0212766
33082 0.0212766
30104 0.0212766
26495 0.0212766
26451 0.0212766
25772 0.0212766
23623 0.0212766
20612 0.0212766
18486 0.0212766
17834 0.0212766
15543 0.0212766
11938 0.0212766
6206 0.0212766
4201 0.0212766
3263 0.0212766
34651 0.0175439
31215 0.0175439
25967 0.0175439
25405 0.0175439
25261 0.0175439
24869 0.0175439
21552 0.0175439
18901 0.0175439
17987 0.0175439
16210 0.0175439
14179 0.0175439
14105 0.0175439
13902 0.0175439
13135 0.0175439
12390 0.0175439
11045 0.0175439
10562 0.0175439
8337 0.0175439
5118 0.0175439
3012 0.0175439
40980 0
40979 0
40978 0
40977 0
40976 0
40975 0
40974 0
40973 0
40972 0
40971 0
40970 0
40969 0
40968 0
40967 0
40966 0
40965 0
40964 0
40963 0
40962 0
40961 0
40960 0
40959 0
40958 0
40957 0
40956 0
40955 0
40954 0
40953 0
40952 0
40951 0
40950 0
40949 0
40948 0
40947 0
40946 0
40945 0
40944 0
40943 0
40942 0
40941 0
40940 0
40939 0
40938 0
40937 0
40936 0
40935 0
40934 0
40933 0
40932 0
40931 0
40929 0
40928 0
40927 0
40926 0
40925 0
40924 0
40923 0
40922 0
40921 0
40920 0
40919 0
40918 0
40917 0
40916 0
40915 0
40914 0
40913 0
40912 0
40911 0
40910 0
40909 0
40908 0
40907 0
40906 0
40905 0
40904 0
40903 0
40902 0
40901 0
40900 0
40899 0
40898 0
40897 0
40896 0
40895 0
40894 0
40893 0
40892 0
40891 0
40890 0
40889 0
40888 0
40887 0
40886 0
40885 0
40884 0
40883 0
40882 0
40881 0
40880 0
40879 0
40878 0
40877 0
40876 0
40875 0
40874 0
40873 0
40872 0
40871 0
40870 0
40869 0
40868 0
40867 0
40866 0
40865 0
40864 0
40863 0
40862 0
40861 0
40860 0
40859 0
40858 0
40857 0
40856 0
40855 0
40854 0
40853 0
40852 0
40851 0
40850 0
40849 0
40848 0
40847 0
40846 0
40845 0
40844 0
40843 0
40842 0
40841 0
40840 0
40839 0
40838 0
40837 0
40836 0
40835 0
40834 0
40833 0
40832 0
40831 0
40830 0
40829 0
40828 0
40827 0
40826 0
40825 0
40824 0
40823 0
40822 0
40821 0
