2465 4.94411
31301 3.35143
30074 1.13209
1318 0.889676
13646 0.88281
36748 0.695599
38013 0.676746
37711 0.666667
18198 0.585166
3916 0.581355
1655 0.549034
17128 0.464316
22084 0.433333
31670 0.405362
15768 0.323965
33389 0.321949
12217 0.3003
19972 0.294935
35718 0.287857
52 0.286806
33944 0.286111
21121 0.283478
212 0.283478
6409 0.275799
27340 0.261628
5788 0.261155
15500 0.248565
16945 0.237121
28719 0.227778
34727 0.224524
26992 0.224524
6973 0.224524
38865 0.208561
3158 0.208561
10332 0.200595
7425 0.200595
33992 0.2
13824 0.2
3445 0.19625
6152 0.195415
7708 0.182796
13307 0.18125
38667 0.177842
6292 0.177505
14820 0.167505
40743 0.166667
30720 0.166667
26384 0.144788
37804 0.142857
18789 0.142857
19728 0.141324
18148 0.136408
16618 0.128295
40029 0.125
30950 0.125
24454 0.125
23309 0.125
19185 0.125
16791 0.125
9561 0.125
7691 0.125
8672 0.124953
38012 0.11876
34618 0.11876
33834 0.11876
29407 0.11876
25060 0.11876
13568 0.11876
10387 0.11876
8037 0.11876
32763 0.112638
19309 0.112638
13461 0.112638
26072 0.111111
23317 0.111111
5693 0.111111
30540 0.106467
25279 0.105378
3164 0.105378
738 0.105378
34834 0.100011
10923 0.100011
3740 0.100011
40876 0.1
20858 0.1
35876 0.0746099
27600 0.0746099
38191 0.0666667
31581 0.0666667
4192 0.0658558
132 0.0658558
34667 0.0625
34825 0.0588235
29269 0.0588235
26052 0.0588235
19053 0.0588235
15603 0.0588235
5744 0.0588235
24962 0.0555556
20966 0.0555556
14971 0.0555556
7374 0.0555556
4406 0.0555556
2241 0.0555556
22594 0.0526316
19032 0.0526316
37048 0.05
33492 0.05
12672 0.05
10236 0.05
1663 0.05
31216 0.0490335
26435 0.0490335
26334 0.0490335
16481 0.0490335
14732 0.0490335
12096 0.0490335
10245 0.0490335
9557 0.0490335
9321 0.0490335
2792 0.0490335
1107 0.0490335
39147 0.0480213
38254 0.0480213
34207 0.0480213
34160 0.0480213
33883 0.0480213
31195 0.0480213
30199 0.0480213
26259 0.0480213
25235 0.0480213
25082 0.0480213
23491 0.0480213
21247 0.0480213
19887 0.0480213
18846 0.0480213
8055 0.0480213
7899 0.0480213
6496 0.0480213
4859 0.0480213
35354 0.0454545
32944 0.0454545
30285 0.0454545
29511 0.0454545
29381 0.0454545
28766 0.0454545
20631 0.0454545
19453 0.0454545
17136 0.0454545
8249 0.0454545
7696 0.0454545
5375 0.0454545
37797 0.04
36822 0.04
34668 0.04
33941 0.04
33629 0.04
29934 0.04
25427 0.04
25223 0.04
23813 0.04
10365 0.04
8819 0.04
8669 0.04
5066 0.04
3385 0.04
26093 0.0333333
24213 0.0333333
8706 0.0333333
7463 0.0333333
32131 0.03125
28142 0.03125
28092 0.03125
26923 0.03125
21911 0.03125
21573 0.03125
20302 0.03125
17999 0.03125
17634 0.03125
14095 0.03125
10737 0.03125
9665 0.03125
9466 0.03125
38050 0.0212766
26040 0.0212766
17160 0.0212766
12731 0.0212766
10047 0.0212766
1724 0.0212766
40975 0.02
32350 0.02
28543 0.02
26620 0.02
25810 0.02
17842 0.02
16835 0.02
40966 0.0163934
40912 0.0163934
40268 0.0163934
37603 0.0163934
36446 0.0163934
36106 0.0163934
33726 0.0163934
31682 0.0163934
27789 0.0163934
25325 0.0163934
20142 0.0163934
11176 0.0163934
9972 0.0163934
7574 0.0163934
4393 0.0163934
1329 0.0163934
39754 0.016129
38145 0.016129
36734 0.016129
23364 0.016129
23108 0.016129
15161 0.016129
14882 0.016129
14531 0.016129
12620 0.016129
9487 0.016129
8280 0.016129
7190 0.016129
6537 0.016129
5691 0.016129
2505 0.016129
2378 0.016129
1800 0.016129
40458 0.0116279
39292 0.0116279
38229 0.0116279
33160 0.0116279
32299 0.0116279
31584 0.0116279
29794 0.0116279
28358 0.0116279
21515 0.0116279
21190 0.0116279
17659 0.0116279
13704 0.0116279
11944 0.0116279
10954 0.0116279
10127 0.0116279
10123 0.0116279
9393 0.0116279
9296 0.0116279
8580 0.0116279
7435 0.0116279
7379 0.0116279
3749 0.0116279
3552 0.0116279
40980 0
40979 0
40978 0
40977 0
40976 0
40974 0
40973 0
40972 0
40971 0
40970 0
40969 0
40968 0
40967 0
40965 0
40964 0
40963 0
40962 0
40961 0
40960 0
40959 0
40958 0
40957 0
40956 0
40955 0
40954 0
40953 0
40952 0
40951 0
40950 0
40949 0
40948 0
40947 0
40946 0
40945 0
40944 0
40943 0
40942 0
40941 0
40940 0
40939 0
40938 0
40937 0
40936 0
40935 0
40934 0
40933 0
40932 0
40931 0
40930 0
40929 0
40928 0
40927 0
40926 0
40925 0
40924 0
40923 0
40922 0
40921 0
40920 0
40919 0
40918 0
40917 0
40916 0
40915 0
40914 0
40913 0
40911 0
40910 0
40909 0
40908 0
40907 0
40906 0
40905 0
40904 0
40903 0
40902 0
40901 0
40900 0
40899 0
40898 0
40897 0
40896 0
40895 0
40894 0
40893 0
40892 0
40891 0
40890 0
40889 0
40888 0
40887 0
40886 0
40885 0
40884 0
40883 0
40882 0
40881 0
40880 0
40879 0
40878 0
40877 0
40875 0
40874 0
40873 0
40872 0
40871 0
40870 0
40869 0
40868 0
40867 0
40866 0
40865 0
40864 0
40863 0
40862 0
40861 0
40860 0
40859 0
40858 0
40857 0
40856 0
40855 0
40854 0
40853 0
40852 0
40851 0
40850 0
40849 0
40848 0
40847 0
40846 0
40845 0
40844 0
40843 0
40842 0
40841 0
40840 0
40839 0
40838 0
40837 0
40836 0
40835 0
40834 0
40833 0
40832 0
40831 0
40830 0
40829 0
40828 0
40827 0
40826 0
40825 0
40824 0
40823 0
40822 0
40821 0
40820 0
40819 0
40818 0
40817 0
40816 0
40815 0
40814 0
40813 0
40812 0
40811 0
40810 0
40809 0
40808 0
40807 0
40806 0
40805 0
40804 0
40803 0
40802 0
40801 0
40800 0
40799 0
40798 0
40797 0
40796 0
40795 0
40794 0
40793 0
40792 0
40791 0
40790 0
40789 0
40788 0
40787 0
40786 0
40785 0
40784 0
40783 0
40782 0
40781 0
40780 0
40779 0
40778 0
40777 0
40776 0
40775 0
40774 0
40773 0
40772 0
40771 0
40770 0
40769 0
40768 0
40767 0
40766 0
40765 0
40764 0
40763 0
40762 0
40761 0
40760 0
40759 0
40758 0
40757 0
40756 0
40755 0
40754 0
40753 0
40752 0
40751 0
40750 0
40749 0
40748 0
40747 0
40746 0
40745 0
40744 0
40742 0
40741 0
40740 0
40739 0
40738 0
40737 0
40736 0
40735 0
40734 0
40733 0
40732 0
40731 0
40730 0
40729 0
40728 0
