26730 5.76566
19076 2.86806
7780 2.77227
2885 2.0645
35030 1.4748
12033 1.35
26069 1.275
29733 1.05952
37888 1.03514
3450 0.882633
3160 0.839286
19485 0.72619
32928 0.666667
8583 0.607115
24591 0.600974
35008 0.574206
21323 0.57373
15912 0.5625
17682 0.55
34768 0.549056
38480 0.535714
27714 0.506295
13034 0.462843
2339 0.453968
40850 0.433333
19585 0.433333
16394 0.377778
24207 0.35
37018 0.348214
33777 0.348214
109 0.345833
32769 0.339047
22182 0.339047
20726 0.339047
18153 0.339047
12582 0.339047
9882 0.339047
7039 0.339047
26728 0.329193
37213 0.329167
12257 0.329167
19472 0.310145
25729 0.296703
37882 0.253846
31675 0.253846
2869 0.253846
39784 0.25
23438 0.25
18558 0.25
26803 0.22895
34268 0.226732
14789 0.226732
2286 0.210119
40296 0.203914
35519 0.2
33902 0.2
33828 0.2
12284 0.2
23914 0.166667
20928 0.166667
19905 0.166667
13688 0.166667
10656 0.166667
22184 0.159341
1610 0.159341
35521 0.14795
31628 0.14795
28747 0.14795
20113 0.14795
15980 0.14795
12302 0.14795
7453 0.14795
30876 0.142857
16356 0.142857
15790 0.142857
13890 0.142857
13587 0.142857
9680 0.142857
7889 0.142857
38070 0.125
37869 0.125
30392 0.125
29706 0.125
25826 0.125
30630 0.1214
25332 0.1214
13364 0.1214
12600 0.1214
9724 0.1214
37700 0.111111
4309 0.111111
194 0.111111
38441 0.1
28988 0.1
27926 0.1
21448 0.1
213 0.1
23959 0.0833333
22641 0.0833333
22388 0.0833333
19941 0.0833333
18236 0.0833333
3706 0.0833333
2307 0.0833333
1700 0.0833333
413 0.0833333
34639 0.0769231
27166 0.0769231
22711 0.0769231
20704 0.0769231
17312 0.0769231
40644 0.0737303
33633 0.0737303
31947 0.0737303
27799 0.0737303
26476 0.0737303
16504 0.0737303
13654 0.0737303
3852 0.0737303
27349 0.0714286
26927 0.0714286
14406 0.0714286
33457 0.0625
28157 0.0625
8680 0.0625
5808 0.0625
4279 0.0625
4222 0.0625
35963 0.0588235
17492 0.047619
11848 0.047619
40109 0.0434783
31964 0.0434783
15704 0.0434783
39076 0.0357143
37496 0.0357143
37421 0.0357143
36400 0.0357143
33518 0.0357143
33465 0.0357143
30321 0.0357143
28110 0.0357143
24972 0.0357143
24849 0.0357143
13670 0.0357143
11768 0.0357143
5241 0.0357143
3637 0.0357143
3068 0.0357143
2877 0.0357143
35941 0.030303
21017 0.030303
15694 0.030303
14543 0.030303
40383 0.027027
39925 0.027027
39368 0.027027
37441 0.027027
36313 0.027027
27796 0.027027
27695 0.027027
26786 0.027027
26095 0.027027
25651 0.027027
24957 0.027027
23382 0.027027
15913 0.027027
12118 0.027027
11113 0.027027
10536 0.027027
10210 0.027027
9592 0.027027
8197 0.027027
6906 0.027027
4539 0.027027
3310 0.027027
2863 0.027027
40783 0.010989
40389 0.010989
39791 0.010989
38659 0.010989
37597 0.010989
37027 0.010989
36110 0.010989
35766 0.010989
35538 0.010989
35439 0.010989
35317 0.010989
34043 0.010989
33999 0.010989
33497 0.010989
32234 0.010989
31352 0.010989
31122 0.010989
31012 0.010989
30693 0.010989
28628 0.010989
28094 0.010989
26058 0.010989
25479 0.010989
24701 0.010989
24678 0.010989
24239 0.010989
24206 0.010989
24073 0.010989
23034 0.010989
22530 0.010989
22382 0.010989
21757 0.010989
18520 0.010989
18491 0.010989
18340 0.010989
17797 0.010989
16560 0.010989
16424 0.010989
16419 0.010989
16298 0.010989
16076 0.010989
15416 0.010989
14943 0.010989
14858 0.010989
14010 0.010989
13916 0.010989
13774 0.010989
12641 0.010989
12569 0.010989
12393 0.010989
11626 0.010989
11266 0.010989
11052 0.010989
8649 0.010989
8427 0.010989
7792 0.010989
6592 0.010989
6243 0.010989
6172 0.010989
6053 0.010989
5875 0.010989
5689 0.010989
3541 0.010989
3204 0.010989
3003 0.010989
2846 0.010989
2731 0.010989
2621 0.010989
2192 0.010989
550 0.010989
224 0.010989
40980 0
40979 0
40978 0
40977 0
40976 0
40975 0
40974 0
40973 0
40972 0
40971 0
40970 0
40969 0
40968 0
40967 0
40966 0
40965 0
40964 0
40963 0
40962 0
40961 0
40960 0
40959 0
40958 0
40957 0
40956 0
40955 0
40954 0
40953 0
40952 0
40951 0
40950 0
40949 0
40948 0
40947 0
40946 0
40945 0
40944 0
40943 0
40942 0
40941 0
40940 0
40939 0
40938 0
40937 0
40936 0
40935 0
40934 0
40933 0
40932 0
40931 0
40930 0
40929 0
40928 0
40927 0
40926 0
40925 0
40924 0
40923 0
40922 0
40921 0
40920 0
40919 0
40918 0
40917 0
40916 0
40915 0
40914 0
40913 0
40912 0
40911 0
40910 0
40909 0
40908 0
40907 0
40906 0
40905 0
40904 0
40903 0
40902 0
40901 0
40900 0
40899 0
40898 0
40897 0
40896 0
40895 0
40894 0
40893 0
40892 0
40891 0
40890 0
40889 0
40888 0
40887 0
40886 0
40885 0
40884 0
40883 0
40882 0
40881 0
40880 0
40879 0
40878 0
40877 0
40876 0
40875 0
40874 0
40873 0
40872 0
40871 0
40870 0
40869 0
40868 0
40867 0
40866 0
40865 0
40864 0
40863 0
40862 0
40861 0
40860 0
40859 0
40858 0
40857 0
40856 0
40855 0
40854 0
40853 0
40852 0
40851 0
40849 0
40848 0
40847 0
40846 0
40845 0
40844 0
40843 0
40842 0
40841 0
40840 0
40839 0
40838 0
40837 0
40836 0
40835 0
40834 0
40833 0
40832 0
40831 0
40830 0
40829 0
40828 0
40827 0
40826 0
40825 0
40824 0
40823 0
40822 0
40821 0
40820 0
40819 0
40818 0
40817 0
40816 0
40815 0
40814 0
40813 0
40812 0
40811 0
40810 0
40809 0
40808 0
40807 0
40806 0
40805 0
40804 0
40803 0
40802 0
40801 0
40800 0
40799 0
40798 0
40797 0
40796 0
40795 0
40794 0
40793 0
40792 0
40791 0
40790 0
40789 0
40788 0
40787 0
40786 0
40785 0
40784 0
40782 0
40781 0
40780 0
40779 0
40778 0
40777 0
40776 0
40775 0
40774 0
40773 0
40772 0
40771 0
40770 0
40769 0
40768 0
40767 0
40766 0
40765 0
40764 0
40763 0
40762 0
40761 0
40760 0
40759 0
40758 0
40757 0
40756 0
40755 0
40754 0
40753 0
40752 0
40751 0
40750 0
40749 0
40748 0
40747 0
40746 0
40745 0
40744 0
40743 0
40742 0
40741 0
40740 0
40739 0
40738 0
40737 0
40736 0
40735 0
40734 0
40733 0
40732 0
40731 0
40730 0
40729 0
40728 0
40727 0
