28776 12.4364
38449 6.15341
34488 4.37738
14251 3.86209
14635 2.59479
25092 2.19537
21015 1.98781
14163 1.8125
9464 1.46618
775 1.46429
19096 1.38197
11129 1.25414
1158 1.1444
17804 1.05341
14552 1.03696
15119 1.03188
23544 0.989131
17245 0.980658
27184 0.85522
5798 0.729499
37737 0.690476
3263 0.681683
37975 0.67
40733 0.645606
36498 0.645606
31540 0.626323
2115 0.60119
18226 0.596561
3012 0.595172
10082 0.594848
319 0.594848
29438 0.545714
7491 0.544444
23594 0.521429
3296 0.515021
10904 0.501166
21059 0.483766
14852 0.475
15684 0.46978
11027 0.451308
27287 0.45
34630 0.449627
15250 0.425743
13852 0.413265
40341 0.408824
13201 0.408333
22254 0.394444
25494 0.374107
23047 0.366558
28678 0.361725
40292 0.333333
32830 0.333333
23168 0.333333
22197 0.333333
5181 0.333333
438 0.333333
650 0.304762
37872 0.299242
36565 0.292832
31215 0.292832
9630 0.288549
23798 0.282112
39195 0.279762
21116 0.275759
31368 0.265016
29742 0.260434
7570 0.254263
4555 0.251812
33975 0.25
22921 0.25
5445 0.25
29879 0.238718
28876 0.22619
18576 0.22619
7386 0.22619
35549 0.212272
18227 0.208034
35713 0.205492
12198 0.205492
17987 0.202315
30564 0.2
19281 0.2
19032 0.2
13839 0.2
144 0.2
21220 0.197917
9333 0.19311
24005 0.187832
11222 0.187832
8257 0.187832
30088 0.187075
29604 0.187075
8889 0.187075
270 0.187075
2470 0.185535
40289 0.1825
14105 0.179124
36222 0.169733
15081 0.169733
16776 0.166667
7856 0.166667
27664 0.163406
12229 0.163406
23664 0.162565
5377 0.162565
6940 0.146748
22181 0.145982
17257 0.145982
24399 0.144651
21952 0.144651
39653 0.144242
38348 0.142857
35636 0.142857
34003 0.142857
30566 0.142857
25986 0.142857
22548 0.142857
21852 0.142857
15565 0.142857
8028 0.142857
3114 0.142857
197 0.142857
31657 0.140779
18049 0.140779
16666 0.140779
3306 0.140779
17891 0.129926
14097 0.129926
4837 0.125
39976 0.117902
17986 0.117902
27165 0.11611
25027 0.111111
7799 0.111111
30818 0.1
26868 0.1
24530 0.1
13163 0.1
38365 0.0909091
37205 0.0909091
36786 0.0909091
35487 0.0909091
34395 0.0909091
34260 0.0909091
29365 0.0909091
28285 0.0909091
24630 0.0909091
23324 0.0909091
22351 0.0909091
19135 0.0909091
11296 0.0909091
9628 0.0909091
7783 0.0909091
5493 0.0909091
2167 0.0909091
22722 0.0846007
21716 0.0846007
18674 0.0846007
4840 0.0846007
40940 0.0833333
40201 0.0833333
38919 0.0833333
35405 0.0833333
35085 0.0833333
34505 0.0833333
33970 0.0833333
30109 0.0833333
28267 0.0833333
22628 0.0833333
20226 0.0833333
13404 0.0833333
11468 0.0833333
11452 0.0833333
10211 0.0833333
8975 0.0833333
6765 0.0833333
552 0.0833333
40681 0.0769231
34651 0.0769231
16720 0.0769231
16210 0.0769231
15169 0.0769231
13166 0.0769231
7325 0.0769231
3578 0.0769231
3331 0.0769231
30031 0.0748909
11045 0.0748909
30049 0.0733973
28981 0.0714286
24953 0.0714286
15638 0.0714286
4452 0.0714286
2326 0.0714286
39937 0.0666667
36224 0.0666667
34175 0.0666667
33961 0.0666667
29414 0.0666667
23950 0.0666667
34652 0.0625
30542 0.0625
22687 0.0625
18165 0.0625
16598 0.0625
15439 0.0625
13841 0.0625
11166 0.0625
10062 0.0625
8561 0.0625
7982 0.0625
35805 0.0606071
29055 0.0606071
17670 0.0606071
12024 0.0606071
1434 0.0606071
23412 0.0588235
20262 0.0588235
3836 0.0555556
9990 0.0526316
37802 0.0434783
37377 0.0434783
33843 0.0434783
33222 0.0434783
5118 0.0434783
4199 0.0434783
31967 0.0416667
15340 0.0416667
12120 0.0416667
6039 0.0416667
2396 0.0416667
37727 0.037037
34956 0.037037
27024 0.037037
13272 0.037037
11456 0.037037
4273 0.037037
4261 0.037037
1607 0.037037
1272 0.037037
31607 0.0344828
31042 0.0344828
28017 0.0344828
27770 0.0344828
27387 0.0344828
23063 0.0344828
18159 0.0344828
14491 0.0344828
12879 0.0344828
10734 0.0344828
6396 0.0344828
2141 0.0344828
36036 0.0333333
30348 0.0333333
27797 0.0333333
20698 0.0333333
19874 0.0333333
17157 0.0333333
13154 0.0333333
12739 0.0333333
12242 0.0333333
1778 0.0333333
38257 0.03125
35160 0.03125
33098 0.03125
29178 0.03125
28977 0.03125
27609 0.03125
26074 0.03125
15766 0.03125
15563 0.03125
12999 0.03125
12026 0.03125
6411 0.03125
4917 0.03125
2244 0.03125
39203 0.0217391
31998 0.0217391
31772 0.0217391
31689 0.0217391
25898 0.0217391
25448 0.0217391
24418 0.0217391
23652 0.0217391
23525 0.0217391
23416 0.0217391
10454 0.0217391
6389 0.0217391
39214 0.0204082
38709 0.0204082
32585 0.0204082
32066 0.0204082
28746 0.0204082
27534 0.0204082
26526 0.0204082
22950 0.0204082
18556 0.0204082
18376 0.0204082
18142 0.0204082
16549 0.0204082
13893 0.0204082
13865 0.0204082
12833 0.0204082
8422 0.0204082
7815 0.0204082
4047 0.0204082
964 0.0204082
641 0.0204082
35545 0.02
34387 0.02
29982 0.02
28794 0.02
27296 0.02
24893 0.02
24281 0.02
22701 0.02
16022 0.02
8306 0.02
5755 0.02
36205 0.0188679
36163 0.0188679
34858 0.0188679
31556 0.0188679
25071 0.0188679
21748 0.0188679
19720 0.0188679
18901 0.0188679
16714 0.0188679
16134 0.0188679
13277 0.0188679
11120 0.0188679
9020 0.0188679
6370 0.0188679
5643 0.0188679
4360 0.0188679
3752 0.0188679
3516 0.0188679
2300 0.0188679
1413 0.0188679
780 0.0188679
40980 0
40979 0
40978 0
40977 0
40976 0
40975 0
40974 0
40973 0
40972 0
40971 0
40970 0
40969 0
40968 0
40967 0
40966 0
40965 0
40964 0
40963 0
40962 0
40961 0
40960 0
40959 0
40958 0
40957 0
40956 0
40955 0
40954 0
40953 0
40952 0
40951 0
40950 0
40949 0
40948 0
40947 0
40946 0
40945 0
40944 0
40943 0
40942 0
40941 0
40939 0
40938 0
40937 0
40936 0
40935 0
40934 0
40933 0
40932 0
40931 0
40930 0
40929 0
40928 0
40927 0
40926 0
40925 0
40924 0
40923 0
40922 0
40921 0
40920 0
40919 0
40918 0
40917 0
40916 0
40915 0
40914 0
40913 0
40912 0
40911 0
40910 0
40909 0
40908 0
40907 0
40906 0
40905 0
40904 0
40903 0
40902 0
40901 0
40900 0
40899 0
40898 0
40897 0
40896 0
40895 0
40894 0
40893 0
40892 0
40891 0
40890 0
40889 0
40888 0
40887 0
40886 0
40885 0
40884 0
40883 0
40882 0
40881 0
40880 0
40879 0
40878 0
40877 0
40876 0
40875 0
40874 0
40873 0
40872 0
40871 0
40870 0
40869 0
40868 0
40867 0
40866 0
40865 0
40864 0
40863 0
40862 0
40861 0
40860 0
40859 0
40858 0
40857 0
40856 0
40855 0
40854 0
40853 0
40852 0
40851 0
40850 0
40849 0
40848 0
40847 0
40846 0
40845 0
40844 0
40843 0
40842 0
40841 0
40840 0
40839 0
40838 0
40837 0
40836 0
40835 0
40834 0
40833 0
40832 0
40831 0
40830 0
40829 0
40828 0
40827 0
40826 0
40825 0
40824 0
40823 0
40822 0
40821 0
40820 0
