10361 9.6821
24028 5.75793
8465 5.28951
20350 4.32736
20106 4.26475
17368 3.27611
14886 2.55181
10950 2.50039
37117 2.1977
2263 2.13411
40152 2.06894
37010 2.02363
30866 1.96499
13043 1.89762
33033 1.78354
29432 1.6027
32229 1.39957
8027 1.32388
37628 1.31775
29162 1.30156
33342 1.06396
29143 1.01564
32468 0.847246
40166 0.794835
13305 0.726272
746 0.694402
39406 0.688942
38527 0.685535
24759 0.622426
8637 0.610235
10246 0.609672
22817 0.604762
26148 0.592157
18503 0.585256
12283 0.580611
4288 0.573616
19032 0.529412
23895 0.502024
36480 0.499748
33888 0.499748
21629 0.486773
16034 0.440917
7838 0.427852
19436 0.421786
2973 0.405517
35848 0.399692
18767 0.35066
21496 0.349524
32079 0.346825
12623 0.339731
4591 0.33835
23843 0.337962
36967 0.333333
29582 0.333333
12742 0.333333
39015 0.303419
12758 0.303419
12381 0.303419
8962 0.286983
19543 0.270331
6701 0.260947
13478 0.259414
36209 0.251111
21678 0.242363
4563 0.242363
534 0.242081
18201 0.23897
34650 0.231246
32589 0.231076
28552 0.229914
18258 0.223497
1370 0.200477
15904 0.2
18467 0.198352
39606 0.187449
15651 0.187449
35336 0.172578
2769 0.170833
20250 0.167507
27643 0.160714
5362 0.157937
38323 0.150735
8399 0.14871
8082 0.146465
28519 0.142424
6757 0.142424
37924 0.1338
19513 0.131265
37877 0.125
13254 0.120879
27799 0.119829
26734 0.119829
18645 0.118869
37515 0.118273
22749 0.116533
2661 0.114322
22594 0.113427
11906 0.111942
32061 0.111111
23766 0.111111
19945 0.111111
18946 0.103835
29159 0.1
30858 0.0998168
39193 0.0958381
31568 0.0958381
20320 0.0958381
15034 0.0958381
17309 0.095791
28293 0.0954291
35484 0.0944056
32885 0.0909091
29925 0.0909091
5405 0.0909091
10987 0.0868403
6483 0.0868403
37193 0.0848852
36281 0.0848852
30036 0.0848852
301 0.0833333
38535 0.0714286
23347 0.0714286
22454 0.0714286
11999 0.0714286
38962 0.0666667
38424 0.0666667
16917 0.0666667
34789 0.0625
1818 0.0625
38970 0.0588235
20273 0.0588235
13024 0.0588235
9561 0.0588235
40795 0.0526316
34017 0.0526316
25998 0.0526316
25813 0.0526316
24825 0.0526316
18637 0.047619
31264 0.0454545
20587 0.0454545
19953 0.0454545
18727 0.0454545
16010 0.0454545
11453 0.0454545
15777 0.0416667
15623 0.0416667
10831 0.0416667
7957 0.0416667
30454 0.04
29957 0.04
29913 0.04
24969 0.04
24124 0.04
21540 0.04
21229 0.04
20978 0.04
17990 0.04
12404 0.04
987 0.04
40429 0.0384615
39962 0.0384615
34768 0.0384615
23447 0.0384615
21703 0.0384615
19127 0.0384615
18986 0.0384615
18328 0.0384615
8672 0.0384615
6992 0.0384615
2885 0.0384615
40179 0.0357143
34242 0.0357143
30061 0.0357143
28202 0.0357143
27152 0.0357143
26722 0.0357143
23043 0.0357143
15400 0.0357143
10400 0.0357143
5329 0.0357143
1736 0.0357143
35423 0.0344828
29806 0.0344828
27308 0.0344828
16940 0.0344828
40915 0.0322581
21375 0.0322581
38384 0.03125
29547 0.03125
27634 0.03125
9547 0.03125
4804 0.03125
4096 0.03125
164 0.03125
29174 0.030303
26116 0.030303
15179 0.030303
37590 0.0294118
34600 0.0294118
34459 0.0294118
33514 0.0294118
25016 0.0294118
24294 0.0294118
23696 0.0294118
22472 0.0294118
13309 0.0294118
11868 0.0294118
9620 0.0294118
7990 0.0294118
5741 0.0294118
3342 0.0294118
38386 0.025641
31045 0.025641
16878 0.025641
16131 0.025641
14806 0.025641
11796 0.025641
5841 0.025641
2080 0.025641
412 0.025641
35165 0.0188679
28439 0.0188679
26455 0.0188679
8596 0.0188679
7320 0.0188679
4259 0.0188679
40980 0
40979 0
40978 0
40977 0
40976 0
40975 0
40974 0
40973 0
40972 0
40971 0
40970 0
40969 0
40968 0
40967 0
40966 0
40965 0
40964 0
40963 0
40962 0
40961 0
40960 0
40959 0
40958 0
40957 0
40956 0
40955 0
40954 0
40953 0
40952 0
40951 0
40950 0
40949 0
40948 0
40947 0
40946 0
40945 0
40944 0
40943 0
40942 0
40941 0
40940 0
40939 0
40938 0
40937 0
40936 0
40935 0
40934 0
40933 0
40932 0
40931 0
40930 0
40929 0
40928 0
40927 0
40926 0
40925 0
40924 0
40923 0
40922 0
40921 0
40920 0
40919 0
40918 0
40917 0
40916 0
40914 0
40913 0
40912 0
40911 0
40910 0
40909 0
40908 0
40907 0
40906 0
40905 0
40904 0
40903 0
40902 0
40901 0
40900 0
40899 0
40898 0
40897 0
40896 0
40895 0
40894 0
40893 0
40892 0
40891 0
40890 0
40889 0
40888 0
40887 0
40886 0
40885 0
40884 0
40883 0
40882 0
40881 0
40880 0
40879 0
40878 0
40877 0
40876 0
40875 0
40874 0
40873 0
40872 0
40871 0
40870 0
40869 0
40868 0
40867 0
40866 0
40865 0
40864 0
40863 0
40862 0
40861 0
40860 0
40859 0
40858 0
40857 0
40856 0
40855 0
40854 0
40853 0
40852 0
40851 0
40850 0
40849 0
40848 0
40847 0
40846 0
40845 0
40844 0
40843 0
40842 0
40841 0
40840 0
40839 0
40838 0
40837 0
40836 0
40835 0
40834 0
40833 0
40832 0
40831 0
40830 0
40829 0
40828 0
40827 0
40826 0
40825 0
40824 0
40823 0
40822 0
40821 0
40820 0
40819 0
40818 0
40817 0
40816 0
40815 0
40814 0
40813 0
40812 0
40811 0
40810 0
40809 0
40808 0
40807 0
40806 0
40805 0
40804 0
40803 0
40802 0
40801 0
40800 0
40799 0
40798 0
40797 0
40796 0
40794 0
40793 0
40792 0
40791 0
40790 0
40789 0
40788 0
40787 0
40786 0
40785 0
40784 0
40783 0
40782 0
40781 0
40780 0
40779 0
40778 0
40777 0
40776 0
40775 0
40774 0
40773 0
40772 0
40771 0
40770 0
40769 0
40768 0
40767 0
40766 0
40765 0
40764 0
40763 0
40762 0
40761 0
40760 0
40759 0
40758 0
40757 0
40756 0
40755 0
40754 0
40753 0
40752 0
40751 0
40750 0
40749 0
40748 0
40747 0
40746 0
40745 0
40744 0
40743 0
40742 0
40741 0
40740 0
40739 0
40738 0
40737 0
40736 0
40735 0
40734 0
40733 0
40732 0
40731 0
40730 0
40729 0
40728 0
40727 0
40726 0
40725 0
40724 0
40723 0
40722 0
40721 0
40720 0
40719 0
40718 0
40717 0
40716 0
40715 0
40714 0
40713 0
40712 0
40711 0
40710 0
40709 0
40708 0
40707 0
40706 0
