28776 18.5457
34488 7.10896
7570 6.92919
35160 6.40485
21716 6.02524
22722 4.28972
28174 3.81604
4555 3.67922
39976 3.5004
26495 3.01969
40681 2.84673
6370 2.58553
15684 2.44553
29438 2.35315
3516 2.21105
31607 2.19039
40289 1.97968
38449 1.85573
1158 1.77595
33082 1.73794
2468 1.62968
36179 1.49287
9333 1.4836
34428 1.44182
11452 1.35034
23798 1.26047
19135 1.23602
33975 1.17125
3396 1.14569
14251 1.1337
5798 1.09603
3578 1.06112
40196 1.03275
3114 1.03216
26074 1.03117
34630 1.02702
31215 1.01917
2470 1.001
31637 0.967262
23586 0.919298
28694 0.884499
27609 0.857246
2300 0.840217
39590 0.834884
37266 0.825873
33945 0.818568
16134 0.783724
8975 0.777846
9728 0.758333
21015 0.75695
12937 0.741218
21220 0.736517
22626 0.734483
11344 0.724758
31527 0.721231
38454 0.720455
8965 0.69217
23158 0.683333
35545 0.675216
23792 0.674683
12024 0.637764
39763 0.633826
24747 0.632931
10211 0.625
9630 0.606469
23136 0.595833
31926 0.592857
30171 0.592157
11938 0.586709
17987 0.57889
24726 0.544962
19281 0.544962
11793 0.544961
18590 0.539257
16609 0.536703
20269 0.533333
20255 0.533333
28221 0.528243
22375 0.525175
2718 0.52439
13392 0.521645
10454 0.518842
26737 0.518315
36808 0.511045
40826 0.50744
29055 0.499964
39744 0.488462
16387 0.488095
14464 0.487037
8202 0.485677
15084 0.483766
13839 0.477027
22308 0.468812
1609 0.466667
23949 0.460421
9020 0.450424
30104 0.448745
35318 0.442982
23935 0.434483
14179 0.431072
25405 0.429398
36336 0.42734
27285 0.411628
15906 0.409594
32382 0.406866
12536 0.403704
14233 0.384706
27184 0.384691
24412 0.384361
37377 0.383995
19066 0.377193
1501 0.376923
14866 0.354882
29416 0.348724
22129 0.348679
21704 0.342144
19526 0.341085
6215 0.335422
35025 0.333333
29879 0.333333
21108 0.333333
15426 0.333333
9268 0.333333
5325 0.333333
60 0.333333
6605 0.329271
17564 0.315713
28960 0.314583
26291 0.311903
24869 0.305942
2159 0.305911
21748 0.305638
19343 0.302632
17279 0.301015
24630 0.297938
17670 0.295896
13841 0.294961
13594 0.294613
13318 0.292961
15088 0.289433
38954 0.282258
30666 0.282051
1779 0.272228
9398 0.270833
12691 0.264411
15329 0.260256
40427 0.25
36781 0.25
35950 0.25
29986 0.25
28705 0.25
19496 0.25
17966 0.25
10442 0.25
8691 0.25
3306 0.25
382 0.25
37303 0.243357
37872 0.242266
15439 0.238131
38174 0.237013
34063 0.234499
34009 0.233333
19720 0.230438
21677 0.225
38365 0.22252
144 0.218429
23950 0.218357
27287 0.214627
14640 0.202204
40135 0.2
31089 0.2
28700 0.2
24259 0.2
13005 0.2
10704 0.2
9376 0.2
4986 0.2
3286 0.2
37346 0.198155
28977 0.198155
1958 0.196238
11698 0.188551
38474 0.188378
33968 0.188378
28556 0.185273
32006 0.183056
28678 0.181264
18615 0.180873
13277 0.180433
14163 0.177322
30564 0.175799
29178 0.173095
3263 0.173095
18272 0.171368
6032 0.170197
35863 0.168194
31922 0.166667
25274 0.166667
18988 0.166667
13154 0.166667
12736 0.166667
5201 0.166667
3806 0.166667
34855 0.164259
17686 0.164259
30184 0.161467
14854 0.161467
7783 0.161093
3331 0.160621
29182 0.159947
9426 0.159875
22448 0.157461
33575 0.157246
9612 0.157246
36490 0.15691
15218 0.15691
18227 0.155966
1613 0.149196
438 0.148421
3012 0.147212
30986 0.143914
32335 0.143659
10082 0.143109
40626 0.142857
39141 0.142857
34211 0.142857
32371 0.142857
28484 0.142857
27534 0.142857
24476 0.142857
23837 0.142857
23168 0.142857
22545 0.142857
10293 0.142857
7317 0.142857
7265 0.142857
4788 0.142857
35491 0.139205
17245 0.139205
1413 0.138166
37812 0.125
34652 0.125
25522 0.125
20918 0.125
13687 0.125
13166 0.125
8981 0.125
688 0.125
36163 0.12301
28124 0.119354
22181 0.119354
15250 0.119354
27327 0.117586
27232 0.117586
13787 0.117391
552 0.112324
28981 0.111683
25158 0.111413
7323 0.111413
40896 0.111111
39721 0.111111
27501 0.111111
12650 0.111111
3595 0.111111
37205 0.110421
34708 0.110421
32969 0.110421
15107 0.109981
88 0.109981
14563 0.108754
3547 0.108754
36565 0.106166
4853 0.105747
27959 0.105547
25967 0.104324
14491 0.104324
22523 0.103737
35487 0.101348
28794 0.100216
9396 0.100216
40944 0.1
40169 0.1
38269 0.1
34964 0.1
30542 0.1
25714 0.1
23704 0.1
21321 0.1
19427 0.1
13375 0.1
12568 0.1
11111 0.1
10179 0.1
7924 0.1
7325 0.1
6039 0.1
34858 0.097737
25338 0.0952813
21036 0.0929674
8306 0.0929674
36488 0.0909091
36052 0.0909091
31936 0.0909091
30728 0.0909091
26185 0.0909091
25786 0.0909091
19439 0.0909091
15315 0.0909091
12363 0.0909091
8337 0.0909091
7974 0.0909091
7269 0.0909091
37770 0.0889755
35023 0.0889755
20868 0.0889755
14105 0.0881558
4840 0.0881558
7659 0.0876335
34319 0.0874371
38275 0.0833333
31567 0.0833333
20725 0.0833333
14837 0.0833333
40341 0.0778456
11027 0.0778456
28267 0.0774906
18534 0.0774906
38042 0.0769231
25163 0.0769231
23884 0.0769231
20262 0.0769231
19131 0.0769231
13641 0.0769231
7982 0.0769231
3836 0.0769231
38875 0.071938
38381 0.071938
26489 0.071938
29815 0.0714286
29495 0.0714286
21588 0.0714286
20026 0.0714286
17678 0.0714286
16813 0.0714286
13148 0.0714286
9953 0.0714286
8041 0.0714286
7206 0.0714286
3177 0.0714286
1717 0.0714286
33961 0.0707544
15374 0.0707544
12198 0.0707544
17804 0.067159
40118 0.0666667
26660 0.0666667
40495 0.0625
22254 0.0625
12242 0.0625
31304 0.0588235
26239 0.0588235
20149 0.0588235
5171 0.0588235
1067 0.0588235
38038 0.0586636
29414 0.0586636
26274 0.0586636
8396 0.0555556
7631 0.0555556
7207 0.0555556
2351 0.0555556
1140 0.0555556
34744 0.0552184
34260 0.0533758
35103 0.0526316
32008 0.0526316
29371 0.0526316
26124 0.0526316
23554 0.0526316
14346 0.0526316
11872 0.0526316
4769 0.0526316
34651 0.0493765
27165 0.0493765
25977 0.0493765
17920 0.0493765
11311 0.0493765
5118 0.0493765
35549 0.0483365
18901 0.0483365
4360 0.0483365
3752 0.0483365
780 0.0483365
31162 0.047619
27437 0.047619
12055 0.047619
10029 0.047619
8188 0.047619
15573 0.0475488
34850 0.0454545
33431 0.0454545
31042 0.0454545
30585 0.0454545
21616 0.0454545
17529 0.0454545
9921 0.0454545
9628 0.0454545
36498 0.0449886
31556 0.0449886
25071 0.0449886
21116 0.0449886
6940 0.0449886
38893 0.0416667
21016 0.0416667
10377 0.0416667
4224 0.0416667
40217 0.04
14169 0.04
7495 0.04
4285 0.04
39674 0.0384615
36812 0.0384615
36077 0.0384615
24686 0.0384615
21426 0.0384615
19283 0.0384615
18762 0.0384615
14695 0.0384615
9912 0.0384615
6141 0.0384615
5210 0.0384615
3788 0.0384615
3088 0.0384615
39153 0.037037
32270 0.037037
28751 0.037037
23128 0.037037
17676 0.037037
15340 0.037037
10280 0.037037
8700 0.037037
28604 0.0357143
25229 0.0357143
22071 0.0357143
21866 0.0357143
20698 0.0357143
19976 0.0357143
14393 0.0357143
13559 0.0357143
12754 0.0357143
8811 0.0357143
6617 0.0357143
5186 0.0357143
2495 0.0357143
35862 0.0354378
35539 0.0354378
30258 0.0354378
25898 0.0354378
24292 0.0354378
12455 0.0354378
9464 0.0354378
8951 0.0354378
38349 0.0344828
35489 0.0344828
35085 0.0344828
34006 0.0344828
32836 0.0344828
32549 0.0344828
29824 0.0344828
28272 0.0344828
27387 0.0344828
21369 0.0344828
20237 0.0344828
19909 0.0344828
18159 0.0344828
15119 0.0344828
13135 0.0344828
10112 0.0344828
6087 0.0344828
3128 0.0344828
1157 0.0344828
671 0.0344828
36224 0.0322581
34395 0.0322581
21879 0.0322581
14828 0.0322581
2248 0.0322581
40292 0.03125
39518 0.03125
39322 0.03125
38268 0.03125
34250 0.03125
31104 0.03125
30031 0.03125
27887 0.03125
24530 0.03125
21963 0.03125
19096 0.03125
18794 0.03125
