31301 52.8192
35442 36.392
8672 16.4278
32885 16.0845
17399 15.7431
7708 8.98729
5693 6.89505
18328 6.58847
37711 6.16008
16496 5.59297
10923 5.19365
3936 4.95346
27799 4.63047
2838 4.21479
8027 4.10238
13432 3.88067
22228 2.75601
3837 2.68452
27514 2.37437
37048 2.37083
26376 2.23869
17634 2.08343
22594 2.02097
2885 1.99432
30793 1.53503
10073 1.52383
23843 1.49692
1471 1.49167
2633 1.44192
919 1.41015
18950 1.35512
23696 1.35
32814 1.325
10953 1.30952
52 1.30207
40883 1.27778
186 1.27615
14544 1.25252
37176 1.16674
7723 1.03687
2249 1.02771
15603 1.02619
23154 1.02464
16791 1.01694
6600 1
37998 0.987857
24825 0.985256
19972 0.971465
20273 0.970321
34495 0.946705
830 0.888492
7968 0.866667
3382 0.852886
2706 0.833333
14138 0.830952
38657 0.816504
10737 0.800377
9761 0.783333
18192 0.766975
39495 0.763207
38403 0.75
19703 0.75
13007 0.722222
29143 0.708333
12630 0.707752
37924 0.7
9265 0.7
39791 0.699401
128 0.682884
15567 0.678546
15400 0.666667
13043 0.658333
21556 0.641667
11630 0.614444
6992 0.6
39318 0.596679
16652 0.561111
3807 0.561111
31921 0.545548
36045 0.535714
28094 0.521764
22890 0.52
27003 0.517857
35063 0.5093
4520 0.503968
14763 0.5
6096 0.488678
22931 0.483333
37797 0.482258
23724 0.472222
15844 0.462121
6504 0.455829
10523 0.45
38662 0.447536
31283 0.442857
34825 0.442857
27425 0.442857
6644 0.433333
24414 0.429412
6255 0.429412
2647 0.429412
20106 0.425
17368 0.425
7699 0.416667
26750 0.410649
26088 0.410649
32620 0.407875
25648 0.375
29997 0.34478
6823 0.337282
35734 0.33486
36006 0.333333
33635 0.333333
33433 0.333333
32820 0.333333
30692 0.333333
30163 0.333333
26740 0.333333
24997 0.333333
20850 0.333333
15590 0.333333
9846 0.333333
9442 0.333333
5396 0.333333
1996 0.333333
39962 0.309423
26137 0.309423
9197 0.309423
12620 0.307052
8508 0.300115
2869 0.296266
28686 0.295455
16705 0.295238
21911 0.279412
11658 0.277778
26789 0.275115
11943 0.269935
33633 0.264379
27926 0.264379
16947 0.262857
40869 0.252523
31555 0.25
31409 0.25
29269 0.25
29205 0.25
27955 0.25
25090 0.25
24422 0.25
22559 0.25
21005 0.25
17312 0.25
17301 0.25
16135 0.25
13775 0.25
12856 0.25
12502 0.25
11758 0.25
11677 0.25
11500 0.25
7921 0.25
5691 0.25
5667 0.25
5457 0.25
3158 0.25
1318 0.25
987 0.25
14390 0.248148
20489 0.238442
22402 0.236769
12518 0.236769
14603 0.236536
15237 0.233929
12080 0.233929
33490 0.233333
17687 0.229412
31933 0.228822
12709 0.228687
25365 0.22004
21983 0.22004
7024 0.22004
23898 0.21859
6487 0.215835
34664 0.211667
22711 0.211667
26072 0.208333
4928 0.203571
38303 0.2
37697 0.2
37375 0.2
36546 0.2
35706 0.2
35261 0.2
33545 0.2
29010 0.2
28130 0.2
26923 0.2
24454 0.2
23714 0.2
17860 0.2
16945 0.2
14620 0.2
14048 0.2
11833 0.2
9757 0.2
8019 0.2
6262 0.2
4851 0.2
4079 0.2
3096 0.2
595 0.2
28444 0.199838
10480 0.199838
22405 0.19478
30729 0.192514
19243 0.180746
18890 0.180746
33825 0.179476
29032 0.179476
18274 0.179476
17075 0.179476
8867 0.179476
7691 0.168835
9019 0.166948
38002 0.166667
36289 0.166667
36128 0.166667
35294 0.166667
33002 0.166667
32202 0.166667
30611 0.166667
29934 0.166667
26401 0.166667
24013 0.166667
21110 0.166667
17083 0.166667
16216 0.166667
15509 0.166667
15087 0.166667
14332 0.166667
11053 0.166667
11017 0.166667
9751 0.166667
6593 0.166667
4785 0.166667
3896 0.166667
3591 0.166667
2786 0.166667
233 0.165833
2289 0.165377
33267 0.155747
2241 0.155252
29443 0.150848
3075 0.150848
23813 0.150155
39112 0.145
25750 0.145
34123 0.144841
40221 0.142857
34768 0.142857
28038 0.142857
27120 0.142857
25652 0.142857
23877 0.142857
23317 0.142857
19712 0.142857
19688 0.142857
16710 0.142857
16346 0.142857
15781 0.142857
14465 0.142857
13628 0.142857
12176 0.142857
8242 0.142857
363 0.142857
10487 0.140027
5293 0.127143
33944 0.125
32509 0.125
31670 0.125
30074 0.125
29599 0.125
26272 0.125
25707 0.125
25593 0.125
24962 0.125
24534 0.125
24028 0.125
23366 0.125
23249 0.125
22084 0.125
21557 0.125
20350 0.125
18034 0.125
17784 0.125
14776 0.125
11394 0.125
10361 0.125
10123 0.125
6700 0.125
3650 0.125
2867 0.125
2595 0.125
2302 0.125
17189 0.113207
1267 0.113207
36805 0.111111
35987 0.111111
34824 0.111111
34244 0.111111
26310 0.111111
18830 0.111111
12085 0.111111
11012 0.111111
10404 0.111111
2783 0.111111
2479 0.111111
2160 0.111111
1940 0.111111
433 0.111111
58 0.111111
40022 0.1
38881 0.1
33033 0.1
31401 0.1
29709 0.1
29162 0.1
27283 0.1
20007 0.1
19624 0.1
18503 0.1
14886 0.1
14565 0.1
12766 0.1
9831 0.1
8465 0.1
7139 0.1
4820 0.1
3494 0.1
2263 0.1
2007 0.1
4049 0.0989247
20229 0.0960648
10731 0.0960648
5663 0.0960648
34459 0.0909091
33675 0.0909091
31882 0.0909091
25047 0.0909091
20354 0.0909091
15644 0.0909091
15568 0.0909091
15451 0.0909091
12217 0.0909091
7196 0.0909091
3554 0.0909091
3458 0.0909091
9665 0.0894476
12221 0.0879724
10269 0.0879724
29852 0.0866667
29077 0.0866667
16047 0.0866667
2542 0.0866667
40876 0.0833333
36625 0.0833333
31581 0.0833333
28680 0.0833333
17999 0.0833333
16853 0.0833333
13646 0.0833333
13643 0.0833333
10236 0.0833333
4489 0.0833333
2701 0.0833333
40001 0.0792989
28323 0.0792989
26892 0.0792989
18754 0.0792989
17406 0.0792989
14630 0.0792989
13881 0.0792989
11196 0.0792989
1852 0.0792989
40342 0.0785714
29851 0.0785714
24239 0.0785714
13654 0.0785714
13507 0.0785714
1966 0.0785714
1610 0.0785714
40525 0.0769231
40165 0.0769231
39951 0.0769231
37340 0.0769231
35517 0.0769231
32983 0.0769231
31754 0.0769231
31023 0.0769231
30015 0.0769231
29752 0.0769231
26175 0.0769231
24162 0.0769231
16283 0.0769231
15300 0.0769231
8267 0.0769231
3447 0.0769231
39171 0.0767063
24475 0.0767063
23663 0.0767063
32797 0.0746613
15124 0.0746613
14211 0.0746613
11958 0.0746613
31140 0.0714286
30425 0.0714286
4112 0.0714286
30683 0.0697581
27401 0.0697581
22286 0.0697581
10880 0.0697581
5373 0.0697581
2549 0.0697581
38259 0.0666667
30754 0.0666667
18464 0.0666667
17295 0.0666667
16506 0.0666667
16503 0.0666667
6984 0.0666667
3016 0.0666667
1725 0.0666667
33078 0.0625
26436 0.0625
25799 0.0625
22125 0.0625
16018 0.0625
11147 0.0625
23439 0.0588235
20250 0.0588235
17785 0.0588235
13256 0.0588235
12569 0.0588235
11945 0.0588235
1427 0.0588235
38535 0.0555556
16779 0.0555556
16250 0.0555556
15446 0.0555556
15047 0.0555556
9553 0.0555556
7852 0.0555556
40880 0.05
39320 0.05
37179 0.05
36512 0.05
30208 0.05
20487 0.05
18540 0.05
18073 0.05
17184 0.05
16328 0.05
12686 0.05
7403 0.05
6231 0.05
5914 0.05
22897 0.0454545
11844 0.0454545
10009 0.0454545
5564 0.0454545
40017 0.0416667
39773 0.0416667
35659 0.0416667
23309 0.0416667
19342 0.0416667
11626 0.0416667
3740 0.0416667
3209 0.0416667
3101 0.0416667
2488 0.0416667
490 0.0416667
38808 0.037037
24382 0.037037
22488 0.037037
15934 0.037037
7894 0.037037
5153 0.037037
39695 0.0357143
37546 0.0357143
32760 0.0357143
27033 0.0357143
26181 0.0357143
22560 0.0357143
19589 0.0357143
18963 0.0357143
18937 0.0357143
18520 0.0357143
13631 0.0357143
12223 0.0357143
12110 0.0357143
6592 0.0357143
