17550 4.22289
4520 2.51216
33977 1.67046
8672 1.66794
31730 1.40038
4674 1.18569
35696 1.10519
32885 1.09728
4878 0.666866
3936 0.654978
22207 0.615115
24985 0.476923
17634 0.438356
38151 0.420464
38220 0.416667
29707 0.403413
31191 0.360266
20280 0.35
22963 0.340909
38505 0.333333
10737 0.299423
11142 0.277778
36734 0.25
9091 0.25
31301 0.243867
27799 0.243867
20559 0.236111
37755 0.227994
31879 0.227994
8851 0.224206
34490 0.217832
16652 0.204423
31309 0.2
38638 0.199301
26287 0.166667
6970 0.166667
2553 0.166667
11677 0.138933
52 0.138933
23014 0.12842
12824 0.12842
10125 0.125635
32405 0.111111
29579 0.111111
22134 0.111111
21097 0.111111
15285 0.111111
12152 0.111111
1471 0.111111
37910 0.1
37319 0.1
34346 0.1
32948 0.1
32711 0.1
28148 0.1
28020 0.1
19322 0.1
18965 0.1
18926 0.1
18034 0.1
17188 0.1
14213 0.1
9138 0.1
4102 0.1
2063 0.1
22690 0.0909091
17992 0.0909091
17443 0.0909091
3106 0.0909091
36612 0.0833333
24492 0.0833333
23832 0.0833333
15769 0.0833333
13523 0.0833333
4301 0.0833333
2401 0.0833333
1335 0.0833333
39306 0.0769231
33829 0.0769231
27717 0.0769231
25054 0.0769231
19579 0.0769231
2633 0.0769231
34847 0.0714286
26892 0.0714286
40882 0.0666667
35943 0.0666667
29401 0.0666667
29318 0.0666667
27245 0.0666667
25885 0.0666667
19609 0.0666667
18428 0.0666667
14543 0.0666667
11192 0.0666667
9423 0.0666667
6049 0.0666667
37233 0.0555556
32620 0.0555556
30793 0.0555556
27926 0.0555556
24239 0.0555556
23439 0.0555556
19695 0.0555556
2885 0.0555556
1659 0.0555556
39985 0.0526316
35166 0.0526316
34406 0.0526316
27846 0.0526316
27104 0.0526316
26363 0.0526316
26245 0.0526316
24594 0.0526316
23458 0.0526316
7094 0.0526316
1547 0.0526316
39695 0.05
33007 0.05
23843 0.05
21236 0.05
18449 0.05
18209 0.05
16823 0.05
9689 0.05
363 0.05
39972 0.0454545
39947 0.0454545
38026 0.0454545
36645 0.0454545
35346 0.0454545
34031 0.0454545
30676 0.0454545
30573 0.0454545
28132 0.0454545
27989 0.0454545
27514 0.0454545
27410 0.0454545
26832 0.0454545
25584 0.0454545
25268 0.0454545
24825 0.0454545
21579 0.0454545
21518 0.0454545
18963 0.0454545
18950 0.0454545
18328 0.0454545
14913 0.0454545
14483 0.0454545
13432 0.0454545
12466 0.0454545
11080 0.0454545
10200 0.0454545
10128 0.0454545
9413 0.0454545
9311 0.0454545
8687 0.0454545
7833 0.0454545
7691 0.0454545
4645 0.0454545
2663 0.0454545
2451 0.0454545
110 0.0454545
30972 0.0434783
30141 0.0434783
28936 0.0434783
28444 0.0434783
28038 0.0434783
16092 0.0434783
15603 0.0434783
12510 0.0434783
6096 0.0434783
4785 0.0434783
4408 0.0434783
2838 0.0434783
590 0.0434783
36035 0.0416667
29743 0.0416667
29632 0.0416667
27031 0.0416667
22100 0.0416667
19169 0.0416667
17300 0.0416667
16249 0.0416667
8506 0.0416667
8198 0.0416667
3355 0.0416667
2757 0.0416667
1251 0.0416667
12 0.0416667
40810 0.0135135
39742 0.0135135
39675 0.0135135
39537 0.0135135
38518 0.0135135
38211 0.0135135
37254 0.0135135
36950 0.0135135
36940 0.0135135
36401 0.0135135
36128 0.0135135
35971 0.0135135
33019 0.0135135
32933 0.0135135
32814 0.0135135
32112 0.0135135
31946 0.0135135
29595 0.0135135
28203 0.0135135
27862 0.0135135
27585 0.0135135
27217 0.0135135
26675 0.0135135
23241 0.0135135
22633 0.0135135
22594 0.0135135
22049 0.0135135
20008 0.0135135
19261 0.0135135
18788 0.0135135
18219 0.0135135
18011 0.0135135
17793 0.0135135
17738 0.0135135
17370 0.0135135
17083 0.0135135
15781 0.0135135
14744 0.0135135
14608 0.0135135
13643 0.0135135
12670 0.0135135
12580 0.0135135
12106 0.0135135
11269 0.0135135
11053 0.0135135
10630 0.0135135
10523 0.0135135
9442 0.0135135
9170 0.0135135
8755 0.0135135
8662 0.0135135
7839 0.0135135
7729 0.0135135
7054 0.0135135
6768 0.0135135
6734 0.0135135
6585 0.0135135
6528 0.0135135
6347 0.0135135
6263 0.0135135
5214 0.0135135
3096 0.0135135
826 0.0135135
808 0.0135135
40980 0
40979 0
40978 0
40977 0
40976 0
40975 0
40974 0
40973 0
40972 0
40971 0
40970 0
40969 0
40968 0
40967 0
40966 0
40965 0
40964 0
40963 0
40962 0
40961 0
40960 0
40959 0
40958 0
40957 0
40956 0
40955 0
40954 0
40953 0
40952 0
40951 0
40950 0
40949 0
40948 0
40947 0
40946 0
40945 0
40944 0
40943 0
40942 0
40941 0
40940 0
40939 0
40938 0
40937 0
40936 0
40935 0
40934 0
40933 0
40932 0
40931 0
40930 0
40929 0
40928 0
40927 0
40926 0
40925 0
40924 0
40923 0
40922 0
40921 0
40920 0
40919 0
40918 0
40917 0
40916 0
40915 0
40914 0
40913 0
40912 0
40911 0
40910 0
40909 0
40908 0
40907 0
40906 0
40905 0
40904 0
40903 0
40902 0
40901 0
40900 0
40899 0
40898 0
40897 0
40896 0
40895 0
40894 0
40893 0
40892 0
40891 0
40890 0
40889 0
40888 0
40887 0
40886 0
40885 0
40884 0
40883 0
40881 0
40880 0
40879 0
40878 0
40877 0
40876 0
40875 0
40874 0
40873 0
40872 0
40871 0
40870 0
40869 0
40868 0
40867 0
40866 0
40865 0
40864 0
40863 0
40862 0
40861 0
40860 0
40859 0
40858 0
40857 0
40856 0
40855 0
40854 0
40853 0
40852 0
40851 0
40850 0
40849 0
40848 0
40847 0
40846 0
40845 0
40844 0
40843 0
40842 0
40841 0
40840 0
40839 0
40838 0
40837 0
40836 0
40835 0
40834 0
40833 0
40832 0
40831 0
40830 0
40829 0
40828 0
40827 0
40826 0
40825 0
40824 0
40823 0
40822 0
40821 0
40820 0
40819 0
40818 0
40817 0
40816 0
40815 0
40814 0
40813 0
40812 0
40811 0
40809 0
40808 0
40807 0
40806 0
40805 0
40804 0
40803 0
40802 0
40801 0
40800 0
40799 0
40798 0
40797 0
40796 0
40795 0
40794 0
40793 0
40792 0
40791 0
40790 0
40789 0
40788 0
40787 0
40786 0
40785 0
40784 0
40783 0
40782 0
40781 0
40780 0
40779 0
40778 0
40777 0
40776 0
40775 0
40774 0
40773 0
40772 0
40771 0
40770 0
40769 0
40768 0
40767 0
40766 0
40765 0
40764 0
40763 0
40762 0
40761 0
40760 0
40759 0
40758 0
40757 0
40756 0
40755 0
40754 0
40753 0
40752 0
40751 0
40750 0
40749 0
40748 0
40747 0
40746 0
40745 0
40744 0
40743 0
40742 0
40741 0
40740 0
40739 0
40738 0
40737 0
40736 0
40735 0
40734 0
40733 0
