1975 27.5911
30054 14.3861
23516 9.4491
5458 6.00078
35925 4.93811
19141 4.63292
40114 4.61096
18621 4.517
36474 4.45012
1585 4.3231
6393 4.10294
8501 3.94705
12154 3.92471
2895 3.62585
38700 3.45067
15922 3.27511
19566 3.25625
25552 2.9868
38061 2.65748
21810 2.426
8438 2.3562
14261 2.253
23305 2.23914
17457 2.15043
29601 2.13889
25865 1.94958
35287 1.89319
25983 1.83317
24366 1.82622
40323 1.74712
11109 1.63501
28767 1.62238
10813 1.56667
19776 1.47341
9238 1.36689
3391 1.36376
38888 1.31077
14718 1.24621
21583 1.23333
4666 1.20397
36096 1.16233
22212 1.125
8672 1.07424
29428 1.0578
9373 1.05358
37601 0.995963
1054 0.955556
4075 0.94995
20201 0.919023
36593 0.916667
10006 0.841612
27043 0.833333
30250 0.813024
11202 0.806491
14793 0.804701
8782 0.736544
25002 0.720833
20328 0.708333
26470 0.704225
37432 0.694444
28497 0.677632
16807 0.666433
9691 0.658333
8058 0.648158
6025 0.626386
13157 0.624695
38689 0.604657
25262 0.592857
2686 0.592857
15893 0.590909
9297 0.581685
29400 0.57113
19610 0.566667
40220 0.561111
11508 0.560924
2460 0.559524
40527 0.558333
38787 0.558333
19498 0.539753
12800 0.533333
20288 0.528822
35267 0.511111
29188 0.5
24945 0.499459
30201 0.488296
8261 0.483766
36332 0.458725
13770 0.453925
182 0.452632
38510 0.451681
7645 0.451681
2654 0.449621
15654 0.448199
317 0.445249
6983 0.437933
34916 0.437835
21427 0.433333
34634 0.423807
16512 0.419298
19077 0.418478
26830 0.418251
2155 0.418251
28447 0.394444
11974 0.390909
15236 0.390823
20373 0.383333
4923 0.383333
24921 0.377325
8116 0.370635
17484 0.366667
35467 0.360928
6359 0.36014
24330 0.358333
17996 0.358333
18072 0.35815
19152 0.353409
5356 0.350575
8449 0.347222
30013 0.344007
35856 0.33867
31301 0.334524
29387 0.333333
26097 0.333333
21307 0.333333
15714 0.333333
6323 0.329167
12219 0.328755
33402 0.32549
32914 0.32549
10737 0.3125
37739 0.310256
2519 0.309524
24884 0.301149
7654 0.301149
32809 0.296983
32595 0.293478
32991 0.289322
21711 0.288312
31851 0.285354
19032 0.279221
14668 0.270635
20281 0.264753
33921 0.254167
39931 0.25
34573 0.25
32881 0.25
32387 0.25
31134 0.25
30180 0.25
29390 0.25
27639 0.25
27410 0.25
25883 0.25
25451 0.25
12205 0.25
8806 0.25
2095 0.25
661 0.25
3426 0.24784
22172 0.247135
15040 0.246324
10863 0.24359
13543 0.232955
18392 0.230409
16238 0.230409
3375 0.226765
7199 0.225
18070 0.211111
8225 0.211111
1363 0.211111
29314 0.205556
7026 0.201065
31198 0.2
27640 0.2
25472 0.2
21482 0.2
16833 0.2
14478 0.2
13494 0.2
12131 0.2
11775 0.2
10291 0.2
2889 0.2
35255 0.198611
27279 0.190852
34296 0.19
34415 0.185074
12412 0.182576
36652 0.182367
17546 0.182367
25525 0.179487
17855 0.178073
40151 0.166667
33041 0.166667
30478 0.166667
29321 0.166667
28414 0.166667
23346 0.166667
21910 0.166667
21708 0.166667
19960 0.166667
14153 0.166667
11493 0.166667
7564 0.166667
6124 0.166667
15487 0.163649
30974 0.162261
1374 0.162261
32919 0.153788
36946 0.146796
10137 0.144701
18790 0.144298
18174 0.144298
40779 0.142857
35227 0.142857
29721 0.142857
25463 0.142857
22594 0.142857
20167 0.142857
11873 0.142857
10146 0.142857
9734 0.142857
1962 0.142857
2173 0.13867
23645 0.133516
10220 0.133516
9855 0.133478
25534 0.131731
35908 0.125
26484 0.125
26106 0.125
21097 0.125
17783 0.125
15303 0.125
14544 0.125
20238 0.123416
39921 0.119937
568 0.118391
39745 0.113675
25169 0.113675
16324 0.113675
40195 0.111111
28917 0.111111
23612 0.111111
23474 0.111111
8050 0.111111
3086 0.111111
39144 0.107948
37320 0.107948
22911 0.107948
38703 0.1
18640 0.1
17020 0.1
14638 0.1
11853 0.1
11654 0.1
10084 0.1
973 0.1
35641 0.0922414
7441 0.0922414
9793 0.0912879
39127 0.0909091
38019 0.0909091
37097 0.0909091
33184 0.0909091
32711 0.0909091
32653 0.0909091
26315 0.0909091
19849 0.0909091
19575 0.0909091
18507 0.0909091
15030 0.0909091
10798 0.0909091
10048 0.0909091
7895 0.0909091
6485 0.0909091
4674 0.0909091
25183 0.087709
12355 0.0835293
5595 0.0835293
39161 0.0833333
37796 0.0833333
35885 0.0833333
32885 0.0833333
32846 0.0833333
32155 0.0833333
32112 0.0833333
22915 0.0833333
19126 0.0833333
18011 0.0833333
13750 0.0833333
12580 0.0833333
10523 0.0833333
6625 0.0833333
6591 0.0833333
6347 0.0833333
37528 0.0769231
28679 0.0769231
27958 0.0769231
27618 0.0769231
16804 0.0769231
1738 0.0764721
26164 0.0745469
7501 0.0745469
34648 0.0666667
33972 0.0666667
31017 0.0666667
27299 0.0666667
25589 0.0666667
25175 0.0666667
21814 0.0666667
21102 0.0666667
20575 0.0666667
18562 0.0666667
13059 0.0666667
12644 0.0666667
12250 0.0666667
5702 0.0666667
3730 0.0666667
2800 0.0666667
34182 0.0625
31768 0.0625
26686 0.0625
17589 0.0625
7180 0.0625
15606 0.0588235
11940 0.0588235
14959 0.0555556
37499 0.0526316
36571 0.0526316
10444 0.0526316
8719 0.0526316
5061 0.0526316
39120 0.05
36185 0.05
33882 0.05
28580 0.05
24463 0.05
19270 0.05
15555 0.05
15435 0.05
15221 0.05
38237 0.047619
38151 0.047619
33487 0.047619
30874 0.047619
26272 0.047619
24815 0.047619
23700 0.047619
19001 0.047619
18034 0.047619
16652 0.047619
15578 0.047619
693 0.047619
37358 0.0454545
36854 0.0454545
36608 0.0454545
33449 0.0454545
32790 0.0454545
31324 0.0454545
27801 0.0454545
27799 0.0454545
20339 0.0454545
17002 0.0454545
7628 0.0454545
3096 0.0454545
2885 0.0454545
28140 0.0434783
17227 0.0434783
13500 0.0434783
31506 0.04
28738 0.04
20683 0.04
38889 0.0344828
37890 0.0344828
35979 0.0344828
34052 0.0344828
32444 0.0344828
26860 0.0344828
22998 0.0344828
12511 0.0344828
11651 0.0344828
11477 0.0344828
10742 0.0344828
5594 0.0344828
4458 0.0344828
2880 0.0344828
30027 0.0277778
16644 0.0277778
12374 0.0277778
9053 0.0277778
37646 0.025
30836 0.025
30459 0.025
21681 0.025
21423 0.025
21320 0.025
13467 0.025
34166 0.0208333
32467 0.0208333
30722 0.0208333
26057 0.0208333
25506 0.0208333
24014 0.0208333
22294 0.0208333
19426 0.0208333
10218 0.0208333
1714 0.0208333
39635 0.0192308
35342 0.0192308
32013 0.0192308
30543 0.0192308
27460 0.0192308
26325 0.0192308
24022 0.0192308
23053 0.0192308
22623 0.0192308
21309 0.0192308
17730 0.0192308
17514 0.0192308
15002 0.0192308
14916 0.0192308
13377 0.0192308
9481 0.0192308
9375 0.0192308
40089 0.0172414
39398 0.0172414
35840 0.0172414
33549 0.0172414
32951 0.0172414
32898 0.0172414
26914 0.0172414
23789 0.0172414
22972 0.0172414
20313 0.0172414
17386 0.0172414
16101 0.0172414
15772 0.0172414
10827 0.0172414
8210 0.0172414
5000 0.0172414
730 0.0172414
40980 0
40979 0
40978 0
40977 0
40976 0
40975 0
40974 0
40973 0
40972 0
40971 0
40970 0
40969 0
40968 0
40967 0
40966 0
40965 0
40964 0
40963 0
40962 0
40961 0
40960 0
40959 0
40958 0
40957 0
40956 0
40955 0
40954 0
40953 0
40952 0
40951 0
40950 0
40949 0
40948 0
40947 0
40946 0
40945 0
40944 0
40943 0
40942 0
40941 0
40940 0
40939 0
40938 0
40937 0
40936 0
40935 0
40934 0
40933 0
40932 0
40931 0
40930 0
40929 0
40928 0
40927 0
40926 0
40925 0
40924 0
40923 0
