31301 27.1876
26750 11.0889
24475 10.1963
7708 4.74628
8474 4.23115
11630 3.63813
19921 2.91541
32885 2.63746
1916 2.42588
16890 2.35095
13646 2.2736
4405 2.21183
5693 2.17964
16791 2.16797
27951 2.04828
27514 2.04822
16570 1.98372
27892 1.77817
40205 1.64127
52 1.5913
1628 1.53563
363 1.51163
17634 1.48399
26401 1.3299
32120 1.22143
3880 1.20312
10923 1.12634
2712 1.12222
29059 1.06807
37176 1.04483
26088 1.01632
20489 1.00621
16297 0.978089
15603 0.955515
18616 0.943203
36734 0.916667
34611 0.911836
6504 0.908778
29997 0.872183
6656 0.866667
18937 0.797702
7691 0.793142
2249 0.785845
22228 0.780288
21686 0.775
8672 0.752601
12431 0.729187
10009 0.706103
4507 0.70023
34908 0.679482
40903 0.675542
27003 0.642857
40661 0.639122
30999 0.621835
29669 0.621835
14438 0.616022
19939 0.615591
29629 0.610079
27799 0.569326
10117 0.561111
23193 0.543697
21911 0.541667
17342 0.541667
1975 0.51369
26374 0.51285
2276 0.502632
11763 0.465836
24335 0.458226
31581 0.442857
25929 0.437879
39311 0.437467
40811 0.434501
16278 0.416667
17406 0.406782
23380 0.402425
14311 0.395239
27926 0.389068
2885 0.389068
14544 0.387879
14427 0.372032
2673 0.371304
9362 0.366667
8186 0.366427
26922 0.363636
3075 0.363131
37711 0.363095
1179 0.361554
39495 0.354802
23014 0.349186
8027 0.345056
3447 0.342108
9538 0.333615
29257 0.333333
12176 0.333333
5130 0.321734
3064 0.320661
17767 0.31942
23154 0.31878
10737 0.31878
24825 0.310105
12021 0.308442
13256 0.307551
4827 0.303761
39582 0.301768
23366 0.301062
1427 0.30101
12812 0.29777
30683 0.297592
29032 0.296741
6096 0.296741
18274 0.290865
31888 0.286398
29861 0.279221
24819 0.271436
39171 0.255679
12243 0.253953
39555 0.25
37418 0.25
33825 0.248855
14603 0.232948
37661 0.231684
18393 0.230155
33637 0.229952
23877 0.227462
25425 0.225998
4538 0.225901
33651 0.225089
22488 0.224603
23843 0.22329
16710 0.222238
5920 0.22114
830 0.219801
12709 0.215389
33078 0.213807
1091 0.210919
34495 0.208638
17312 0.203587
35666 0.203137
32620 0.200959
30793 0.200959
32023 0.2
15542 0.2
13132 0.2
9634 0.2
5362 0.2
4928 0.2
4785 0.2
936 0.199405
29310 0.198945
5373 0.195285
40166 0.195105
33342 0.195105
19543 0.195105
34394 0.194444
4851 0.193452
10158 0.190727
31986 0.188914
26808 0.188378
15637 0.184181
23658 0.184058
15095 0.181462
33189 0.179676
19032 0.176048
32975 0.174174
38179 0.166667
27689 0.166667
6365 0.166667
9846 0.165081
23724 0.1625
34274 0.161324
19258 0.160858
2387 0.160036
27844 0.157724
18328 0.153247
30335 0.152941
35851 0.150505
23498 0.150505
16038 0.150505
33333 0.149754
27886 0.148119
20634 0.1479
21147 0.145128
32593 0.142857
18583 0.142857
17999 0.142857
12630 0.142857
2505 0.142857
1318 0.142857
543 0.142857
37940 0.140523
16953 0.140385
25750 0.138828
35096 0.138528
22502 0.137611
7172 0.133694
33069 0.13089
2867 0.128571
26555 0.126469
32359 0.126233
30336 0.125352
35361 0.125
31536 0.125
30580 0.125
29154 0.125
25944 0.125
13757 0.125
10423 0.125
21816 0.122448
3949 0.122448
10880 0.119143
20229 0.114633
10731 0.114633
10322 0.114633
8867 0.114633
5663 0.114633
5153 0.114633
2289 0.114633
186 0.114633
23059 0.114527
25811 0.114042
21113 0.113238
26789 0.111785
14138 0.111785
7593 0.111111
19847 0.11103
21703 0.108894
2869 0.108894
26206 0.108574
5049 0.108574
35985 0.107878
22166 0.107878
35734 0.105593
2069 0.105593
3245 0.105303
28305 0.105153
22405 0.104329
15225 0.104329
11626 0.104329
129 0.104329
25185 0.104228
7032 0.102588
34913 0.1
32967 0.1
28320 0.1
28194 0.1
17794 0.1
3445 0.1
16551 0.0969697
11019 0.0969697
13845 0.0969354
28722 0.0962911
3936 0.0946933
39106 0.0909091
37637 0.0909091
36707 0.0909091
36206 0.0909091
33118 0.0909091
28033 0.0909091
25868 0.0909091
9198 0.0909091
799 0.0909091
3648 0.0905104
16310 0.0890575
12149 0.0890575
24004 0.0869513
19295 0.0854599
261 0.0844976
33390 0.0837766
23655 0.0837766
40912 0.0833333
29474 0.0833333
27292 0.0833333
26848 0.0833333
19972 0.0833333
8055 0.0833333
7569 0.0833333
11615 0.0819913
4375 0.0802373
31207 0.0791872
30494 0.0789967
987 0.0769231
10658 0.076426
11462 0.075981
36623 0.0745109
14953 0.0745109
14172 0.0745109
7024 0.0745109
21978 0.0743011
12868 0.0728751
22422 0.0723721
22594 0.0717338
1627 0.0717338
27434 0.0714286
12063 0.0714286
4966 0.0714286
30972 0.0671757
3363 0.0671757
36202 0.06679
34886 0.0666667
32440 0.0666667
26612 0.0666667
14886 0.0666667
9561 0.0666667
6262 0.0666667
34704 0.066521
22890 0.066521
24382 0.0645813
17075 0.0645813
13432 0.0645813
19583 0.0638239
11647 0.0638239
18284 0.0625
3311 0.0625
2659 0.0625
34825 0.0588235
31859 0.0588235
31344 0.0588235
29709 0.0588235
9614 0.0588235
4746 0.0582824
8521 0.0571228
919 0.0571228
38184 0.0550471
16182 0.0550471
15352 0.0550471
11075 0.0550471
10602 0.0550471
31606 0.0534735
3856 0.0534735
3434 0.0534735
26892 0.0533611
15505 0.0533611
8538 0.0533611
6644 0.0533611
40615 0.0526316
38081 0.0526316
35158 0.0526316
28424 0.0526316
23391 0.0526316
14390 0.0526316
8274 0.0526316
606 0.0526316
233 0.0526316
40746 0.0505422
15322 0.0505422
5589 0.0505422
21641 0.05
7452 0.0498759
34963 0.047619
31930 0.047619
23714 0.047619
19300 0.047619
5921 0.047619
878 0.047619
40204 0.0454545
26850 0.0454545
16853 0.0454545
40734 0.0416667
39374 0.0416667
32702 0.0416667
32500 0.0416667
29741 0.0416667
26160 0.0416667
21181 0.0416667
16561 0.0416667
13842 0.0416667
12502 0.0416667
6002 0.0416667
3321 0.0416667
39940 0.04
34543 0.04
33944 0.04
28859 0.04
24270 0.04
18896 0.04
16012 0.04
14060 0.04
10929 0.04
13925 0.0384615
11958 0.0384615
9075 0.0384615
3502 0.0384615
2501 0.0384615
15136 0.037037
40479 0.0357143
37562 0.0357143
35752 0.0357143
27744 0.0357143
26395 0.0357143
22288 0.0357143
8238 0.0357143
2779 0.0357143
33161 0.0344828
28380 0.0344828
27473 0.0344828
22557 0.0344828
40573 0.0333333
40274 0.0333333
39565 0.0333333
32529 0.0333333
31903 0.0333333
22435 0.0333333
16118 0.0333333
13029 0.0333333
6436 0.0333333
5126 0.0333333
2241 0.0333333
2160 0.0333333
808 0.0333333
40078 0.0322581
25864 0.0322581
21508 0.0322581
16764 0.0322581
1898 0.0322581
40829 0.0315816
40706 0.0315816
36211 0.0315816
36032 0.0315816
33708 0.0315816
31200 0.0315816
31061 0.0315816
30214 0.0315816
25652 0.0315816
14677 0.0315816
13540 0.0315816
8263 0.0315816
4408 0.0315816
2633 0.0315816
2204 0.0315816
1027 0.0315816
35974 0.030303
34310 0.030303
20570 0.030303
17068 0.030303
8582 0.030303
8508 0.030303
7828 0.030303
5293 0.030303
38535 0.0285714
37081 0.0285714
33545 0.0285714
28094 0.0285714
10073 0.0285714
7852 0.0285714
1219 0.0285714
264 0.0285714
39649 0.0277778
39454 0.0277778
32863 0.0277778
29375 0.0277778
27624 0.0277778
26853 0.0277778
23317 0.0277778
22227 0.0277778
19019 0.0277778
492 0.0277778
263 0.0277778
31411 0.027027
4646 0.027027
1298 0.027027
35185 0.0243902
32342 0.0243902
27759 0.0243902
26095 0.0243902
20407 0.0243902
17159 0.0243902
16604 0.0243902
15416 0.0243902
12569 0.0243902
1323 0.0243902
13631 0.0238095
39711 0.0227273
36292 0.0227273
29977 0.0227273
28382 0.0227273
24649 0.0227273
23405 0.0227273
21345 0.0227273
18209 0.0227273
14127 0.0227273
3172 0.0227273
39027 0.0222222
27281 0.0222222
23663 0.0222222
9019 0.0222222
7296 0.0222222
3158 0.0222222
2838 0.0222222
1655 0.0222222
39616 0.0212766
26744 0.0212766
23221 0.0212766
22589 0.0212766
21902 0.0212766
19101 0.0212766
7883 0.0212766
40381 0.0208333
25462 0.0208333
25369 0.0208333
22971 0.0208333
