23843 27.1407
225 9.55055
16390 8.13668
13309 7.36342
18428 6.44339
20250 5.03138
21712 5.0036
33233 4.2723
31153 4.13836
34737 4.08185
29401 4.01543
34312 3.88526
38535 3.5942
8507 3.22048
25353 3.10648
29240 2.76854
25583 2.72717
0 2.58269
21689 2.47115
35697 2.40032
40882 2.2897
18578 2.28592
9543 2.0931
7174 2.02227
4998 1.90353
34492 1.82063
25885 1.80772
27135 1.7787
22501 1.7172
17295 1.70047
7846 1.67232
29988 1.57111
28500 1.56416
4471 1.53812
24670 1.52681
38048 1.47859
21288 1.46556
29113 1.42835
14543 1.42555
33695 1.41667
8120 1.40652
31482 1.2947
39395 1.27746
1827 1.26051
6287 1.24366
19419 1.20889
22175 1.1873
3200 1.17222
32870 1.17086
34905 1.16912
34915 1.1302
10703 1.12719
9423 1.06923
31778 1.05815
37134 1.05776
37307 1.05
9276 1.04296
22355 1.01994
16090 1.01532
23359 1
7666 0.998529
20719 0.994574
13429 0.986206
12872 0.95067
35016 0.941057
19259 0.910694
27732 0.901269
39169 0.887783
28375 0.883802
30294 0.878095
9428 0.87619
15777 0.872439
34062 0.855137
14948 0.839508
39142 0.821368
15460 0.783333
4635 0.774877
39908 0.774398
23024 0.765565
15399 0.765303
37924 0.74697
22122 0.746394
18732 0.746394
7400 0.734283
15400 0.733333
40474 0.731986
31770 0.72619
18269 0.71918
28572 0.719177
8498 0.714087
11764 0.713966
19555 0.706723
20627 0.695023
645 0.69036
3316 0.687759
32885 0.687253
24318 0.686972
13425 0.683651
13751 0.681818
26799 0.66183
9400 0.654762
2675 0.642628
14371 0.637977
25179 0.635347
17131 0.627364
14884 0.616239
8591 0.611111
7402 0.60612
13685 0.594943
26409 0.586781
24217 0.585167
6125 0.572222
28769 0.57197
40304 0.570861
36969 0.567816
25016 0.561279
29566 0.55919
26069 0.550412
37270 0.547162
40147 0.544281
9885 0.533333
19956 0.531746
32599 0.526923
16236 0.525
39296 0.523371
6624 0.523131
20680 0.516949
11650 0.516667
40935 0.515873
17653 0.513514
37122 0.507056
30045 0.497693
10819 0.495455
1222 0.495455
163 0.495455
22857 0.483333
11497 0.480907
9074 0.480173
28922 0.464286
7075 0.464286
15954 0.457491
20010 0.45058
35278 0.45
18328 0.45
3300 0.447712
19293 0.447012
27333 0.44651
36139 0.445469
16534 0.444431
10689 0.442857
12706 0.43928
31224 0.424078
2674 0.422572
17948 0.419298
40190 0.419048
32707 0.408968
1514 0.398863
12020 0.397639
27160 0.393315
23696 0.392857
29397 0.391667
15605 0.39056
36147 0.385893
35792 0.385893
35601 0.385893
14583 0.385893
9615 0.385893
6049 0.385893
23252 0.378237
12962 0.377027
29756 0.375
16123 0.374242
12983 0.368227
38565 0.366667
21118 0.366667
20397 0.365079
21041 0.365055
10480 0.364737
37990 0.363095
2885 0.358333
12206 0.348712
26845 0.339932
24067 0.339932
16960 0.339932
14926 0.338528
4846 0.335714
32111 0.334524
11122 0.334468
30401 0.333333
27384 0.333333
15032 0.333333
8361 0.333333
4780 0.333333
4660 0.333333
4870 0.331169
1834 0.327946
3111 0.32549
4596 0.323413
29871 0.322501
674 0.322222
30634 0.320042
27668 0.316949
39995 0.316905
25529 0.314286
37838 0.313016
35349 0.3125
9324 0.307781
36609 0.30518
24807 0.304167
39336 0.297644
25188 0.297619
4472 0.296847
10594 0.294993
25959 0.293651
32950 0.292857
34768 0.29259
18588 0.29221
38627 0.291291
34382 0.281371
3409 0.281371
12041 0.277778
15142 0.275
37831 0.270635
25187 0.270163
24423 0.258367
24821 0.25744
9050 0.256015
19901 0.253114
26122 0.252946
38630 0.250083
40472 0.25
38330 0.25
38164 0.25
35988 0.25
35114 0.25
31977 0.25
29143 0.25
24242 0.25
22763 0.25
19755 0.25
18558 0.25
16503 0.25
15800 0.25
15593 0.25
13448 0.25
12013 0.25
9059 0.25
8573 0.25
8313 0.25
7297 0.25
7054 0.25
6985 0.25
6399 0.25
5770 0.25
2621 0.25
33901 0.246561
7811 0.246561
24077 0.241414
33163 0.237385
19820 0.237385
36256 0.235813
22055 0.233333
5362 0.233333
10046 0.227946
33596 0.226984
14203 0.225615
31366 0.22532
27379 0.22532
22537 0.22532
8717 0.22532
2669 0.22532
15408 0.225084
13046 0.225084
3483 0.224838
35346 0.218056
25597 0.217936
29183 0.21612
13546 0.21612
35808 0.21331
651 0.212619
30754 0.2065
33135 0.205556
17350 0.202484
9392 0.201269
40883 0.2
40612 0.2
40166 0.2
33633 0.2
33009 0.2
32165 0.2
19279 0.2
2241 0.2
16933 0.195187
40149 0.192593
21606 0.191919
3920 0.191919
23836 0.189484
33214 0.187395
37776 0.181046
1643 0.181046
21323 0.179094
35882 0.177102
20459 0.176773
9334 0.176048
32652 0.17522
31305 0.17522
27298 0.17522
20109 0.172482
11609 0.172116
40296 0.169371
22987 0.168472
22418 0.168275
22462 0.16755
40324 0.166667
31301 0.166667
27523 0.166667
27515 0.166667
23315 0.166667
22858 0.166667
20700 0.166667
20180 0.166667
19032 0.166667
13226 0.166667
12970 0.166667
11725 0.166667
8962 0.166667
6010 0.166667
21215 0.165675
18887 0.165591
16817 0.164798
12527 0.164379
37328 0.164165
27622 0.157985
7370 0.157566
39177 0.155832
21911 0.155832
36494 0.15392
27686 0.15
16449 0.15
7981 0.15
16042 0.149405
5484 0.147186
12427 0.145224
1240 0.145117
37979 0.142857
35715 0.142857
32622 0.142857
31329 0.142857
29105 0.142857
27248 0.142857
20158 0.142857
17592 0.142857
16683 0.142857
10896 0.142857
4036 0.142857
507 0.142857
29376 0.141082
22305 0.137542
27195 0.136536
28513 0.133459
8221 0.13145
19586 0.131335
1885 0.131335
1129 0.130977
38442 0.126488
17353 0.126488
37325 0.125
36273 0.125
31264 0.125
30216 0.125
28916 0.125
23972 0.125
22098 0.125
21889 0.125
21260 0.125
20315 0.125
19385 0.125
18824 0.125
18015 0.125
15172 0.125
4506 0.125
3036 0.125
31047 0.122258
27245 0.121212
24875 0.121212
20705 0.121212
20353 0.119529
36531 0.119069
35839 0.119069
33710 0.119069
28216 0.114074
14774 0.113636
40113 0.111294
25546 0.111294
38753 0.111111
37888 0.111111
30859 0.111111
29126 0.111111
29077 0.111111
25937 0.111111
24627 0.111111
24591 0.111111
21803 0.111111
21006 0.111111
20369 0.111111
18710 0.111111
15885 0.111111
15067 0.111111
12010 0.111111
11954 0.111111
11641 0.111111
10086 0.111111
10080 0.111111
9331 0.111111
4249 0.111111
1037 0.111111
350 0.111111
30351 0.109358
32808 0.108509
18757 0.105019
36674 0.104809
31395 0.104809
21326 0.103882
7634 0.103882
30062 0.103041
9009 0.102808
35404 0.101905
30359 0.101905
12873 0.100293
39383 0.1
38962 0.1
38804 0.1
37131 0.1
36509 0.1
33267 0.1
32004 0.1
31273 0.1
30881 0.1
26803 0.1
26372 0.1
26058 0.1
25110 0.1
23874 0.1
23489 0.1
22463 0.1
21592 0.1
18990 0.1
18658 0.1
18489 0.1
15721 0.1
14943 0.1
11270 0.1
11080 0.1
10923 0.1
8735 0.1
6552 0.1
6391 0.1
6298 0.1
6271 0.1
6133 0.1
3922 0.1
2547 0.1
880 0.1
12979 0.0966078
246 0.0966078
20875 0.0936559
26153 0.0935588
37498 0.0934593
31664 0.0934593
31651 0.0934593
28720 0.0934593
32699 0.0918418
26306 0.0918418
25132 0.0913394
11439 0.0913394
39326 0.0909091
31159 0.0909091
28334 0.0909091
27628 0.0909091
14490 0.0909091
13327 0.0909091
11412 0.0909091
6159 0.0909091
36798 0.0892641
13123 0.0888472
6112 0.0888472
14633 0.0856395
23550 0.0851672
30163 0.0834609
39671 0.0833333
37027 0.0833333
31048 0.0833333
30209 0.0833333
29762 0.0833333
26579 0.0833333
25952 0.0833333
25831 0.0833333
23552 0.0833333
20000 0.0833333
19580 0.0833333
