14852 2.07702
15638 1.67975
2115 1.02773
38449 0.997688
2492 0.800733
23410 0.752072
13392 0.657143
1158 0.574967
33975 0.569048
14103 0.502015
24005 0.476458
3063 0.466667
37905 0.44
24071 0.373769
6360 0.369298
34488 0.369048
29438 0.336891
28776 0.336891
34006 0.333333
23613 0.333333
21604 0.333333
28751 0.33329
27184 0.310256
38454 0.307025
25671 0.294444
16776 0.293403
9464 0.293403
5798 0.293403
2023 0.292059
40341 0.286458
9427 0.25
23005 0.246691
12736 0.246691
14251 0.23931
11938 0.23931
20262 0.230431
12342 0.230431
22441 0.209957
10211 0.209957
34260 0.206085
29182 0.206085
20274 0.206085
15250 0.206085
6087 0.202381
21693 0.2
19909 0.2
15901 0.2
1616 0.2
1111 0.2
34065 0.19
24726 0.178741
20275 0.178741
22280 0.176458
20698 0.176458
40169 0.174242
13852 0.174242
37377 0.166667
11452 0.166667
20671 0.166667
7853 0.166667
1409 0.166667
35699 0.161106
8114 0.161106
12936 0.159215
22448 0.148958
20372 0.147619
14163 0.147619
2264 0.143567
39628 0.142857
22871 0.128122
22129 0.12517
13870 0.125
17804 0.120674
21015 0.11299
11027 0.11299
10082 0.11299
32078 0.104167
26489 0.10159
21692 0.10159
1613 0.10159
38474 0.1
34317 0.1
32150 0.1
31848 0.1
26737 0.1
20278 0.1
16714 0.1
15119 0.1
13318 0.1
12363 0.1
9110 0.1
36222 0.092381
29742 0.092381
22950 0.092381
21059 0.092381
19851 0.092381
14656 0.092381
34630 0.0909091
18053 0.0833333
4384 0.0833333
38349 0.0769231
29885 0.0769231
28272 0.0769231
27232 0.0769231
22801 0.0769231
15098 0.0769231
8811 0.0769231
25494 0.0757243
35763 0.0666667
32349 0.0666667
23212 0.0666667
19218 0.0666667
19211 0.0666667
14648 0.0666667
10106 0.0666667
7317 0.0666667
3584 0.0666667
907 0.0666667
34063 0.0638077
30564 0.0638077
21952 0.0638077
35491 0.0588235
23168 0.0588235
2391 0.0588235
150 0.0588235
34651 0.053125
31322 0.053125
27287 0.053125
17554 0.053125
12691 0.053125
10685 0.053125
6940 0.053125
1009 0.053125
31850 0.0526316
7479 0.0526316
3903 0.0526316
38875 0.0486914
31527 0.0486914
24476 0.0486914
22887 0.0486914
13277 0.0486914
36577 0.047619
36498 0.047619
35810 0.047619
27661 0.047619
16434 0.047619
14866 0.047619
11241 0.047619
8557 0.047619
3114 0.047619
38988 0.04
38978 0.04
38348 0.04
36910 0.04
33059 0.04
2445 0.04
40816 0.0357143
32270 0.0357143
24774 0.0344828
19588 0.0344828
18648 0.0344828
17245 0.0344828
15475 0.0344828
8894 0.0344828
1001 0.0344828
40418 0.0333333
37909 0.0333333
35487 0.0333333
31215 0.0333333
30348 0.0333333
29883 0.0333333
27767 0.0333333
25877 0.0333333
22545 0.0333333
21677 0.0333333
20716 0.0333333
20227 0.0333333
19731 0.0333333
19281 0.0333333
17987 0.0333333
12024 0.0333333
11793 0.0333333
9333 0.0333333
8202 0.0333333
5842 0.0333333
4840 0.0333333
3396 0.0333333
1258 0.0333333
544 0.0333333
39203 0.0208333
38381 0.0208333
38337 0.0208333
22523 0.0208333
21960 0.0208333
20237 0.0208333
19135 0.0208333
18227 0.0208333
16549 0.0208333
14105 0.0208333
13404 0.0208333
12279 0.0208333
11286 0.0208333
10151 0.0208333
10092 0.0208333
8975 0.0208333
8873 0.0208333
4879 0.0208333
3012 0.0208333
2159 0.0208333
1595 0.0208333
371 0.0208333
39130 0.0204082
38660 0.0204082
38174 0.0204082
36714 0.0204082
33845 0.0204082
33082 0.0204082
32284 0.0204082
31556 0.0204082
30104 0.0204082
27085 0.0204082
25608 0.0204082
24332 0.0204082
14958 0.0204082
14674 0.0204082
13841 0.0204082
13787 0.0204082
13086 0.0204082
12533 0.0204082
11915 0.0204082
10868 0.0204082
6802 0.0204082
4555 0.0204082
3964 0.0204082
3516 0.0204082
3263 0.0204082
3259 0.0204082
40641 0.0166667
39099 0.0166667
38694 0.0166667
38572 0.0166667
36764 0.0166667
36059 0.0166667
33968 0.0166667
31540 0.0166667
30968 0.0166667
30496 0.0166667
28694 0.0166667
27575 0.0166667
27475 0.0166667
25683 0.0166667
23586 0.0166667
23554 0.0166667
15439 0.0166667
13875 0.0166667
13022 0.0166667
7303 0.0166667
7206 0.0166667
4837 0.0166667
694 0.0166667
39763 0.015625
38365 0.015625
36565 0.015625
35863 0.015625
33970 0.015625
33964 0.015625
32587 0.015625
32549 0.015625
31567 0.015625
29765 0.015625
25977 0.015625
25338 0.015625
23383 0.015625
22254 0.015625
21316 0.015625
20868 0.015625
20210 0.015625
18677 0.015625
17564 0.015625
17116 0.015625
13154 0.015625
12514 0.015625
10904 0.015625
9696 0.015625
7817 0.015625
727 0.015625
40954 0.0126582
40740 0.0126582
40407 0.0126582
40289 0.0126582
37918 0.0126582
36231 0.0126582
36077 0.0126582
35758 0.0126582
32844 0.0126582
31574 0.0126582
30396 0.0126582
29675 0.0126582
29265 0.0126582
27852 0.0126582
27522 0.0126582
26791 0.0126582
26495 0.0126582
26285 0.0126582
24688 0.0126582
24502 0.0126582
23487 0.0126582
23387 0.0126582
22841 0.0126582
21651 0.0126582
21321 0.0126582
20612 0.0126582
19312 0.0126582
18762 0.0126582
18087 0.0126582
17834 0.0126582
17814 0.0126582
17070 0.0126582
16396 0.0126582
16323 0.0126582
15684 0.0126582
15660 0.0126582
14907 0.0126582
14663 0.0126582
14054 0.0126582
12739 0.0126582
12650 0.0126582
12367 0.0126582
10280 0.0126582
10215 0.0126582
8929 0.0126582
8257 0.0126582
7808 0.0126582
7264 0.0126582
6606 0.0126582
5231 0.0126582
2690 0.0126582
2371 0.0126582
2300 0.0126582
127 0.0126582
40980 0
40979 0
40978 0
40977 0
40976 0
40975 0
40974 0
40973 0
40972 0
40971 0
40970 0
40969 0
40968 0
40967 0
40966 0
40965 0
40964 0
40963 0
40962 0
40961 0
40960 0
40959 0
40958 0
40957 0
40956 0
40955 0
40953 0
40952 0
40951 0
40950 0
40949 0
40948 0
40947 0
40946 0
40945 0
40944 0
40943 0
40942 0
40941 0
40940 0
40939 0
40938 0
40937 0
40936 0
40935 0
40934 0
40933 0
40932 0
40931 0
40930 0
40929 0
40928 0
40927 0
40926 0
40925 0
40924 0
40923 0
40922 0
40921 0
40920 0
40919 0
40918 0
40917 0
40916 0
40915 0
40914 0
40913 0
40912 0
40911 0
40910 0
40909 0
40908 0
40907 0
40906 0
40905 0
40904 0
40903 0
40902 0
40901 0
40900 0
40899 0
40898 0
40897 0
40896 0
40895 0
40894 0
40893 0
40892 0
40891 0
40890 0
40889 0
40888 0
40887 0
40886 0
40885 0
40884 0
40883 0
40882 0
40881 0
40880 0
40879 0
40878 0
40877 0
40876 0
40875 0
40874 0
40873 0
40872 0
40871 0
40870 0
40869 0
40868 0
40867 0
40866 0
40865 0
40864 0
40863 0
40862 0
40861 0
40860 0
40859 0
40858 0
40857 0
40856 0
40855 0
40854 0
40853 0
40852 0
40851 0
40850 0
40849 0
40848 0
40847 0
40846 0
40845 0
40844 0
40843 0
40842 0
40841 0
40840 0
40839 0
40838 0
40837 0
40836 0
40835 0
40834 0
40833 0
40832 0
40831 0
40830 0
40829 0
40828 0
40827 0
40826 0
40825 0
40824 0
40823 0
40822 0
40821 0
40820 0
