31301 32.1178
34825 22.3262
30208 5.91289
7403 4.82405
17184 4.29296
18540 4.1159
32863 4.10477
20487 3.87268
11029 2.51207
37179 2.34772
12686 2.12175
19032 1.90425
23364 1.88879
18328 1.72212
32219 1.47158
18073 1.44427
6231 1.44278
14763 1.40659
17665 1.35658
36512 1.27699
1679 1.2726
24825 1.21874
37191 1.17072
24428 1.13853
1388 1.12711
40880 1.08994
865 0.936006
5693 0.827781
1180 0.628373
10761 0.580891
33944 0.572826
40883 0.571429
3494 0.571248
22732 0.549492
40136 0.543409
26370 0.536706
24308 0.523105
39320 0.521378
15676 0.511222
21766 0.504185
17628 0.504185
38359 0.480644
37176 0.478358
16328 0.46859
24590 0.464427
8672 0.453968
17634 0.436111
8169 0.362155
27886 0.354701
4932 0.35119
878 0.333333
28132 0.325397
15925 0.317585
24454 0.316667
11836 0.292857
39730 0.292413
3936 0.279762
39371 0.273611
37711 0.265873
37048 0.265873
34768 0.265873
33487 0.258082
16652 0.258082
8516 0.255385
10404 0.254555
22297 0.251634
6644 0.247135
2249 0.239493
20457 0.224017
24340 0.220513
20601 0.21289
30867 0.208809
19691 0.208809
33566 0.208094
13432 0.206566
11118 0.200595
22228 0.2
21816 0.2
7708 0.2
40559 0.18355
34344 0.18355
12297 0.18355
22795 0.182298
27425 0.160137
14554 0.159973
37797 0.142857
34028 0.142857
29045 0.142857
25982 0.142857
23724 0.142857
12179 0.142857
3554 0.142857
2633 0.141057
40017 0.139493
32058 0.139493
36693 0.125948
29889 0.125948
26779 0.125948
4117 0.125948
37376 0.125
18830 0.125
8866 0.125
6823 0.125
1851 0.125
799 0.125
40869 0.12439
10073 0.12439
919 0.12439
186 0.12439
38906 0.117204
25155 0.117204
15231 0.117204
6563 0.117204
35985 0.111111
31324 0.111111
30684 0.111111
25462 0.111111
24593 0.111111
19644 0.111111
16823 0.111111
3445 0.111111
39875 0.10954
21737 0.10954
18859 0.10954
9655 0.106492
39921 0.1
39872 0.1
36809 0.1
36707 0.1
35879 0.1
32959 0.1
27182 0.1
25750 0.1
23249 0.1
18040 0.1
15302 0.1
13291 0.1
12620 0.1
12516 0.1
10257 0.1
9121 0.1
7691 0.1
7675 0.1
5920 0.1
3863 0.1
2549 0.1
1975 0.1
987 0.1
35602 0.0833333
31964 0.0833333
26341 0.0833333
8369 0.0833333
4545 0.0833333
40254 0.0769231
25668 0.0769231
10414 0.0769231
3473 0.0769231
1211 0.0769231
34762 0.0714286
20129 0.0714286
19882 0.0714286
4213 0.0714286
2118 0.0714286
613 0.0714286
35834 0.0666667
34470 0.0666667
30014 0.0666667
27357 0.0666667
25434 0.0666667
24571 0.0666667
20277 0.0666667
10144 0.0666667
10117 0.0666667
6440 0.0666667
1587 0.0666667
36289 0.0625
36128 0.0625
34637 0.0625
34152 0.0625
32885 0.0625
31329 0.0625
29777 0.0625
27595 0.0625
5234 0.0625
37775 0.0588235
37415 0.0588235
36963 0.0588235
33362 0.0588235
30996 0.0588235
30760 0.0588235
27816 0.0588235
24544 0.0588235
24367 0.0588235
17885 0.0588235
16685 0.0588235
14952 0.0588235
12115 0.0588235
5010 0.0588235
26937 0.0526316
8056 0.0526316
36057 0.05
35870 0.05
35339 0.05
34495 0.05
34433 0.05
33185 0.05
31735 0.05
31509 0.05
27692 0.05
25337 0.05
23154 0.05
22879 0.05
22074 0.05
20273 0.05
17822 0.05
10487 0.05
10069 0.05
9665 0.05
9561 0.05
5661 0.05
1642 0.05
33321 0.047619
25205 0.047619
22990 0.047619
22465 0.047619
32339 0.0454545
7569 0.0454545
2969 0.0454545
32850 0.0416667
35592 0.030303
30683 0.030303
27260 0.030303
26750 0.030303
26088 0.030303
23366 0.030303
23306 0.030303
21567 0.030303
9593 0.030303
8027 0.030303
2289 0.030303
34585 0.0294118
24497 0.0294118
23764 0.0294118
17796 0.0294118
15165 0.0294118
2459 0.0294118
40821 0.0263158
35667 0.0263158
33629 0.0263158
32674 0.0263158
32615 0.0263158
29934 0.0263158
28456 0.0263158
27207 0.0263158
27008 0.0263158
26723 0.0263158
26308 0.0263158
21413 0.0263158
18900 0.0263158
18763 0.0263158
15330 0.0263158
14849 0.0263158
14493 0.0263158
14042 0.0263158
13303 0.0263158
11760 0.0263158
11100 0.0263158
10629 0.0263158
10185 0.0263158
9975 0.0263158
8964 0.0263158
4500 0.0263158
1674 0.0263158
1079 0.0263158
178 0.0263158
40766 0.0243902
20755 0.0243902
20359 0.0243902
18729 0.0243902
15633 0.0243902
11443 0.0243902
11338 0.0243902
10436 0.0243902
6744 0.0243902
128 0.0243902
52 0.0243902
39340 0.0144928
38237 0.0144928
38051 0.0144928
37709 0.0144928
35256 0.0144928
33760 0.0144928
33623 0.0144928
33540 0.0144928
33501 0.0144928
32323 0.0144928
32135 0.0144928
31541 0.0144928
30874 0.0144928
30241 0.0144928
29870 0.0144928
29338 0.0144928
27790 0.0144928
26272 0.0144928
23095 0.0144928
22855 0.0144928
22758 0.0144928
22030 0.0144928
19564 0.0144928
19272 0.0144928
19266 0.0144928
19001 0.0144928
18034 0.0144928
17152 0.0144928
17103 0.0144928
16161 0.0144928
14908 0.0144928
14367 0.0144928
14213 0.0144928
12881 0.0144928
12639 0.0144928
12085 0.0144928
11862 0.0144928
11094 0.0144928
9768 0.0144928
8492 0.0144928
8122 0.0144928
7968 0.0144928
7958 0.0144928
5776 0.0144928
5278 0.0144928
4845 0.0144928
4102 0.0144928
3193 0.0144928
1527 0.0144928
40514 0.0108696
40087 0.0108696
39932 0.0108696
39586 0.0108696
38844 0.0108696
38843 0.0108696
36422 0.0108696
36388 0.0108696
36189 0.0108696
35303 0.0108696
34800 0.0108696
33826 0.0108696
33025 0.0108696
32651 0.0108696
31399 0.0108696
31059 0.0108696
30916 0.0108696
29570 0.0108696
29519 0.0108696
28345 0.0108696
27506 0.0108696
26696 0.0108696
26650 0.0108696
26236 0.0108696
26180 0.0108696
25780 0.0108696
24002 0.0108696
23774 0.0108696
23706 0.0108696
23368 0.0108696
23052 0.0108696
22976 0.0108696
22709 0.0108696
22681 0.0108696
22639 0.0108696
22148 0.0108696
21350 0.0108696
20980 0.0108696
20845 0.0108696
20745 0.0108696
20588 0.0108696
20347 0.0108696
19262 0.0108696
18930 0.0108696
17696 0.0108696
17539 0.0108696
17522 0.0108696
16819 0.0108696
16789 0.0108696
16696 0.0108696
16028 0.0108696
15830 0.0108696
15262 0.0108696
14518 0.0108696
13809 0.0108696
13328 0.0108696
13186 0.0108696
12747 0.0108696
12714 0.0108696
12095 0.0108696
11835 0.0108696
8943 0.0108696
8514 0.0108696
8136 0.0108696
7250 0.0108696
7205 0.0108696
6119 0.0108696
5087 0.0108696
4869 0.0108696
4113 0.0108696
3743 0.0108696
2560 0.0108696
953 0.0108696
786 0.0108696
357 0.0108696
66 0.0108696
40980 0
40979 0
40978 0
40977 0
40976 0
40975 0
40974 0
40973 0
40972 0
40971 0
40970 0
40969 0
40968 0
40967 0
40966 0
40965 0
40964 0
40963 0
40962 0
40961 0
40960 0
40959 0
40958 0
40957 0
40956 0
40955 0
40954 0
40953 0
40952 0
40951 0
40950 0
40949 0
40948 0
40947 0
40946 0
40945 0
40944 0
40943 0
40942 0
40941 0
40940 0
40939 0
40938 0
40937 0
40936 0
40935 0
40934 0
40933 0
40932 0
40931 0
40930 0
40929 0
40928 0
40927 0
40926 0
40925 0
40924 0
40923 0
40922 0
40921 0
40920 0
40919 0
40918 0
40917 0
40916 0
40915 0
40914 0
40913 0
40912 0
40911 0
40910 0
40909 0
40908 0
40907 0
40906 0
40905 0
40904 0
40903 0
40902 0
40901 0
40900 0
40899 0
40898 0
40897 0
40896 0
40895 0
40894 0
40893 0
40892 0
