36734 18.0072
16652 17.3291
18034 8.52801
8672 7.73261
26287 7.14505
29795 6.18936
36702 3.10079
3936 2.53452
1887 2.46049
1975 2.31835
6870 2.12266
20479 2.07897
16191 1.86869
6314 1.61667
26272 1.41944
16967 1.41111
27790 1.36647
18830 1.34444
3520 1.32778
6700 1.21944
10404 1.21422
30874 1.2123
26310 1.19895
1485 1.19224
14882 1.03333
39516 1.01264
30996 0.875534
38002 0.828211
36035 0.812277
14440 0.800137
4520 0.783333
38487 0.75
30537 0.72619
15279 0.72619
27895 0.7
27799 0.7
1969 0.674242
37924 0.666667
31301 0.65
33487 0.645833
20825 0.592857
28011 0.590909
23843 0.535714
29759 0.526923
15155 0.5125
12115 0.49359
23108 0.491667
8029 0.490909
33292 0.486111
13366 0.477778
32885 0.457576
19350 0.433766
19266 0.429167
31348 0.420635
31621 0.41978
8109 0.400433
24825 0.378968
17881 0.378968
33760 0.354167
10923 0.344538
38559 0.333333
37711 0.333333
34768 0.333333
33547 0.333333
32648 0.333333
29379 0.333333
26222 0.333333
26068 0.333333
20846 0.333333
20228 0.333333
16309 0.333333
14869 0.333333
10117 0.333333
5593 0.333333
3939 0.333333
3691 0.333333
2106 0.333333
24367 0.302778
18328 0.30202
12085 0.254167
19032 0.253268
38535 0.25
37888 0.25
30200 0.25
27621 0.25
26011 0.25
24537 0.25
20624 0.25
18253 0.25
17301 0.25
14940 0.25
10737 0.25
8501 0.25
7966 0.25
4961 0.25
4526 0.25
39382 0.2
38808 0.2
37212 0.2
36899 0.2
35157 0.2
33430 0.2
32521 0.2
30505 0.2
28552 0.2
25847 0.2
23896 0.2
22270 0.2
21172 0.2
14910 0.2
13211 0.2
10655 0.2
9633 0.2
2400 0.2
1800 0.2
39555 0.166667
35104 0.166667
30793 0.166667
29467 0.166667
23239 0.166667
21128 0.166667
17083 0.166667
15603 0.166667
13048 0.166667
11142 0.166667
10037 0.166667
8373 0.166667
3193 0.166667
2885 0.166667
2869 0.166667
1178 0.166667
543 0.166667
479 0.166667
37556 0.142857
35346 0.142857
33768 0.142857
31894 0.142857
31541 0.142857
28277 0.142857
28132 0.142857
8934 0.142857
8223 0.142857
5749 0.142857
40862 0.125
36818 0.125
26792 0.125
26651 0.125
24048 0.125
23262 0.125
14379 0.125
9862 0.125
3791 0.125
2249 0.125
40563 0.111111
38949 0.111111
31354 0.111111
29720 0.111111
27788 0.111111
26305 0.111111
22594 0.111111
19459 0.111111
16055 0.111111
13437 0.111111
13237 0.111111
11145 0.111111
10005 0.111111
4711 0.111111
2665 0.111111
25079 0.1
10761 0.1
865 0.1
37304 0.0909091
30047 0.0909091
29737 0.0909091
19747 0.0909091
19238 0.0909091
11023 0.0909091
6091 0.0909091
4878 0.0909091
4842 0.0909091
32229 0.0833333
31474 0.0833333
27410 0.0833333
24028 0.0833333
10361 0.0833333
8465 0.0833333
33501 0.0769231
21199 0.0769231
17152 0.0769231
11557 0.0769231
10646 0.0769231
6176 0.0769231
34624 0.0666667
27816 0.0666667
27475 0.0666667
20465 0.0666667
15769 0.0666667
29870 0.0625
28148 0.0625
19001 0.0625
16274 0.0625
10357 0.0625
10096 0.0625
7968 0.0625
3325 0.0625
3047 0.0625
37890 0.0588235
34433 0.0588235
31509 0.0588235
25337 0.0588235
24414 0.0588235
22239 0.0588235
10581 0.0588235
9561 0.0588235
9455 0.0588235
2840 0.0588235
1313 0.0588235
40980 0
40979 0
40978 0
40977 0
40976 0
40975 0
40974 0
40973 0
40972 0
40971 0
40970 0
40969 0
40968 0
40967 0
40966 0
40965 0
40964 0
40963 0
40962 0
40961 0
40960 0
40959 0
40958 0
40957 0
40956 0
40955 0
40954 0
40953 0
40952 0
40951 0
40950 0
40949 0
40948 0
40947 0
40946 0
40945 0
40944 0
40943 0
40942 0
40941 0
40940 0
40939 0
40938 0
40937 0
40936 0
40935 0
40934 0
40933 0
40932 0
40931 0
40930 0
40929 0
40928 0
40927 0
40926 0
40925 0
40924 0
40923 0
40922 0
40921 0
40920 0
40919 0
40918 0
40917 0
40916 0
40915 0
40914 0
40913 0
40912 0
40911 0
40910 0
40909 0
40908 0
40907 0
40906 0
40905 0
40904 0
40903 0
40902 0
40901 0
40900 0
40899 0
40898 0
40897 0
40896 0
40895 0
40894 0
40893 0
40892 0
40891 0
40890 0
40889 0
40888 0
40887 0
40886 0
40885 0
40884 0
40883 0
40882 0
40881 0
40880 0
40879 0
40878 0
40877 0
40876 0
40875 0
40874 0
40873 0
40872 0
40871 0
40870 0
40869 0
40868 0
40867 0
40866 0
40865 0
40864 0
40863 0
40861 0
40860 0
40859 0
40858 0
40857 0
40856 0
40855 0
40854 0
40853 0
40852 0
40851 0
40850 0
40849 0
40848 0
40847 0
40846 0
40845 0
40844 0
40843 0
40842 0
40841 0
40840 0
40839 0
40838 0
40837 0
40836 0
40835 0
40834 0
40833 0
40832 0
40831 0
40830 0
40829 0
40828 0
40827 0
40826 0
40825 0
40824 0
40823 0
40822 0
40821 0
40820 0
40819 0
40818 0
40817 0
40816 0
40815 0
40814 0
40813 0
40812 0
40811 0
40810 0
40809 0
40808 0
40807 0
40806 0
40805 0
40804 0
40803 0
40802 0
40801 0
40800 0
40799 0
40798 0
40797 0
40796 0
40795 0
40794 0
40793 0
40792 0
40791 0
40790 0
40789 0
40788 0
40787 0
40786 0
40785 0
40784 0
40783 0
40782 0
40781 0
40780 0
40779 0
40778 0
40777 0
40776 0
40775 0
40774 0
40773 0
40772 0
40771 0
40770 0
40769 0
40768 0
40767 0
40766 0
40765 0
40764 0
40763 0
40762 0
40761 0
40760 0
40759 0
40758 0
40757 0
40756 0
40755 0
40754 0
40753 0
40752 0
40751 0
40750 0
40749 0
40748 0
40747 0
40746 0
40745 0
40744 0
40743 0
40742 0
40741 0
40740 0
40739 0
40738 0
40737 0
40736 0
40735 0
40734 0
40733 0
40732 0
40731 0
40730 0
40729 0
40728 0
40727 0
40726 0
40725 0
40724 0
40723 0
40722 0
40721 0
40720 0
40719 0
40718 0
40717 0
40716 0
40715 0
40714 0
40713 0
40712 0
40711 0
40710 0
40709 0
40708 0
40707 0
40706 0
40705 0
40704 0
40703 0
40702 0
40701 0
40700 0
40699 0
40698 0
40697 0
