33629 3.16826
27381 2.14165
32674 1.55317
32615 1.49598
23767 1.31667
11760 0.936118
32141 0.878968
18900 0.849423
29934 0.805898
657 0.796176
36452 0.666667
23227 0.642857
14042 0.527778
4063 0.517857
36058 0.511111
22710 0.510859
13397 0.486111
28456 0.467864
9577 0.461111
26740 0.444444
1028 0.414286
19291 0.411111
39928 0.404762
20253 0.394444
16882 0.392857
13258 0.386447
30721 0.385324
4318 0.338138
35704 0.333333
31310 0.333333
27906 0.333333
12679 0.333333
24161 0.317857
21775 0.317857
40821 0.313041
23395 0.280995
23106 0.256566
36675 0.252525
40693 0.25
36245 0.25
15023 0.25
9128 0.25
30490 0.2
27747 0.2
24200 0.2
23671 0.2
15000 0.2
6277 0.2
5675 0.2
4865 0.2
38642 0.166667
26117 0.166667
16956 0.166667
8698 0.166667
21707 0.163636
21413 0.163636
40433 0.15395
5916 0.15395
31596 0.142857
21872 0.142857
18950 0.142857
3315 0.142857
2427 0.142857
989 0.142857
39437 0.125
39201 0.125
27343 0.125
26723 0.125
6853 0.125
34675 0.111111
33698 0.111111
33095 0.111111
32094 0.111111
30280 0.111111
28703 0.111111
20405 0.111111
14332 0.111111
12388 0.111111
8103 0.111111
4863 0.111111
4767 0.111111
4470 0.111111
37657 0.102785
34308 0.102785
26800 0.102785
21877 0.102785
10629 0.102785
39416 0.1
36893 0.1
32577 0.1
27546 0.1
19457 0.1
12719 0.1
557 0.0833333
37485 0.0769231
23094 0.0769231
18917 0.0769231
4500 0.0769231
24447 0.0714286
23341 0.0714286
10365 0.0714286
8964 0.0714286
7741 0.0714286
34205 0.05
28518 0.05
27004 0.05
18948 0.05
17584 0.05
1674 0.05
32712 0.0454545
27149 0.0454545
16376 0.0454545
14849 0.0454545
12756 0.0454545
5987 0.0454545
40265 0.030303
39834 0.030303
37463 0.030303
34593 0.030303
31107 0.030303
22470 0.030303
20421 0.030303
19489 0.030303
17953 0.030303
15907 0.030303
12380 0.030303
11291 0.030303
6872 0.030303
3667 0.030303
37427 0.027027
35957 0.027027
35667 0.027027
33624 0.027027
30169 0.027027
27783 0.027027
18903 0.027027
18187 0.027027
17802 0.027027
16671 0.027027
15330 0.027027
10149 0.027027
8610 0.027027
8378 0.027027
6712 0.027027
6596 0.027027
3388 0.027027
1275 0.027027
40980 0
40979 0
40978 0
40977 0
40976 0
40975 0
40974 0
40973 0
40972 0
40971 0
40970 0
40969 0
40968 0
40967 0
40966 0
40965 0
40964 0
40963 0
40962 0
40961 0
40960 0
40959 0
40958 0
40957 0
40956 0
40955 0
40954 0
40953 0
40952 0
40951 0
40950 0
40949 0
40948 0
40947 0
40946 0
40945 0
40944 0
40943 0
40942 0
40941 0
40940 0
40939 0
40938 0
40937 0
40936 0
40935 0
40934 0
40933 0
40932 0
40931 0
40930 0
40929 0
40928 0
40927 0
40926 0
40925 0
40924 0
40923 0
40922 0
40921 0
40920 0
40919 0
40918 0
40917 0
40916 0
40915 0
40914 0
40913 0
40912 0
40911 0
40910 0
40909 0
40908 0
40907 0
40906 0
40905 0
40904 0
40903 0
40902 0
40901 0
40900 0
40899 0
40898 0
40897 0
40896 0
40895 0
40894 0
40893 0
40892 0
40891 0
40890 0
40889 0
40888 0
40887 0
40886 0
40885 0
40884 0
40883 0
40882 0
40881 0
40880 0
40879 0
40878 0
40877 0
40876 0
40875 0
40874 0
40873 0
40872 0
40871 0
40870 0
40869 0
40868 0
40867 0
40866 0
40865 0
40864 0
40863 0
40862 0
40861 0
40860 0
40859 0
40858 0
40857 0
40856 0
40855 0
40854 0
40853 0
40852 0
40851 0
40850 0
40849 0
40848 0
40847 0
40846 0
40845 0
40844 0
40843 0
40842 0
40841 0
40840 0
40839 0
40838 0
40837 0
40836 0
40835 0
40834 0
40833 0
40832 0
40831 0
40830 0
40829 0
40828 0
40827 0
40826 0
40825 0
40824 0
40823 0
40822 0
40820 0
40819 0
40818 0
40817 0
40816 0
40815 0
40814 0
40813 0
40812 0
40811 0
40810 0
40809 0
40808 0
40807 0
40806 0
40805 0
40804 0
40803 0
40802 0
40801 0
40800 0
40799 0
40798 0
40797 0
40796 0
40795 0
40794 0
40793 0
40792 0
40791 0
40790 0
40789 0
40788 0
40787 0
40786 0
40785 0
40784 0
40783 0
40782 0
40781 0
40780 0
40779 0
40778 0
40777 0
40776 0
40775 0
40774 0
40773 0
40772 0
40771 0
40770 0
40769 0
40768 0
40767 0
40766 0
40765 0
40764 0
40763 0
40762 0
40761 0
40760 0
40759 0
40758 0
40757 0
40756 0
40755 0
40754 0
40753 0
40752 0
40751 0
40750 0
40749 0
40748 0
40747 0
40746 0
40745 0
40744 0
40743 0
40742 0
40741 0
40740 0
40739 0
40738 0
40737 0
40736 0
40735 0
40734 0
40733 0
40732 0
40731 0
40730 0
40729 0
40728 0
40727 0
40726 0
40725 0
40724 0
40723 0
40722 0
40721 0
40720 0
40719 0
40718 0
40717 0
40716 0
40715 0
40714 0
40713 0
40712 0
40711 0
40710 0
40709 0
40708 0
40707 0
40706 0
40705 0
40704 0
40703 0
40702 0
40701 0
40700 0
40699 0
40698 0
40697 0
40696 0
40695 0
40694 0
40692 0
40691 0
40690 0
40689 0
40688 0
40687 0
40686 0
40685 0
40684 0
40683 0
40682 0
40681 0
40680 0
40679 0
40678 0
40677 0
40676 0
40675 0
40674 0
40673 0
40672 0
40671 0
40670 0
40669 0
40668 0
40667 0
40666 0
40665 0
40664 0
40663 0
40662 0
40661 0
40660 0
40659 0
40658 0
40657 0
40656 0
40655 0
40654 0
40653 0
40652 0
40651 0
40650 0
40649 0
40648 0
40647 0
40646 0
40645 0
40644 0
40643 0
40642 0
40641 0
40640 0
40639 0
40638 0
40637 0
40636 0
40635 0
40634 0
40633 0
40632 0
40631 0
40630 0
40629 0
40628 0
40627 0
40626 0
