28776 116.5
35699 50.3626
13839 43.5681
10211 40.5175
34488 34.5871
23837 32.1304
24005 28.094
7317 25.0747
4989 24.9465
1158 24.1611
14373 23.4354
29389 20.8818
722 18.5206
7570 17.6737
20262 15.8492
21608 14.5725
21693 12.1545
32011 11.2037
35950 10.8456
14251 10.8293
33975 10.0514
37266 9.9358
40941 9.83498
107 9.82472
34939 8.76255
39763 8.71874
22197 8.57491
31922 8.2513
13687 8.16142
14163 8.12865
20698 7.66539
16225 7.60714
29879 7.46993
25092 7.44946
38449 7.30852
11027 7.17983
3306 6.94329
34065 6.79877
17566 6.33627
22950 6.30782
11222 6.12747
3584 6.12624
26631 5.98222
9333 5.85497
14656 5.68285
39153 5.589
23168 5.5773
35487 5.57267
15684 5.57024
11295 5.40142
14105 5.39522
21015 5.39367
3114 5.34653
22471 5.325
10904 5.18968
29986 4.97033
4555 4.78856
1009 4.63016
32585 4.61435
10249 4.60758
7368 4.54309
40169 4.36658
6122 4.32607
29438 4.28954
13392 4.00948
24259 3.99256
5231 3.96071
23782 3.90294
22254 3.82303
4786 3.68911
3595 3.67415
32270 3.66234
3964 3.66075
31215 3.63935
3012 3.63807
23798 3.6088
7856 3.49542
28700 3.45077
19976 3.43654
14852 3.40747
32244 3.40377
32150 3.39363
39156 3.3591
24726 3.28398
775 3.22738
34696 3.10476
28594 3.05043
40289 3.0421
12242 3.02464
27767 2.96524
18142 2.92633
18115 2.91032
13594 2.87186
20255 2.81982
32608 2.81799
17987 2.78251
6940 2.7096
16813 2.66041
9464 2.65545
19096 2.59771
36222 2.54746
14017 2.50916
34956 2.46905
19526 2.42434
25861 2.40893
21546 2.39164
3578 2.38014
4816 2.35196
34964 2.30245
4424 2.29871
34651 2.1827
34630 2.13679
27501 2.08416
2264 2.07267
25735 2.05238
8609 2.04702
6087 2.04531
24742 2.0373
11452 2.0175
18901 2.00054
10106 1.99795
30844 1.99563
24163 1.97424
14464 1.95197
12198 1.87161
21702 1.81741
20210 1.79008
36964 1.76859
31967 1.76111
21968 1.74269
28608 1.71264
22162 1.70238
5798 1.68214
28751 1.67378
7783 1.66667
23272 1.66313
8887 1.6623
11111 1.64924
19211 1.60992
144 1.58333
7386 1.57229
38919 1.57143
39701 1.54286
14829 1.54167
18486 1.53333
438 1.53253
3972 1.51865
15560 1.47811
23336 1.46587
30625 1.45833
36498 1.45361
25696 1.44868
16210 1.43792
14880 1.43611
18060 1.43346
12132 1.42619
29532 1.40922
14065 1.39443
35491 1.36869
30671 1.35621
24630 1.34128
398 1.33333
23047 1.32906
18590 1.32341
24359 1.31385
27464 1.30968
22196 1.27237
37377 1.26638
35399 1.24784
21059 1.24298
39815 1.24091
23664 1.2379
15488 1.23095
25494 1.22018
32380 1.20833
19004 1.20833
19066 1.17242
3351 1.15952
13597 1.15
16084 1.13889
15977 1.13286
23265 1.12248
4577 1.11591
9871 1.11429
18677 1.10877
18227 1.10534
22939 1.1047
25772 1.10238
36812 1.09881
12121 1.09418
39802 1.09215
17395 1.08889
18987 1.05202
31875 1.05043
30088 1.04444
34132 1.04167
15138 1.02976
15119 1.02693
23387 1.01111
27534 1.00758
37517 0.996465
892 0.991616
27327 0.979167
14906 0.979004
12120 0.965377
2922 0.961204
19791 0.953571
24548 0.95304
34395 0.945922
37035 0.933766
18165 0.916667
6128 0.916667
26451 0.916667
25161 0.915812
5407 0.904762
6466 0.903968
35863 0.902778
3063 0.901044
14103 0.877579
8114 0.870076
3516 0.868451
3402 0.868347
10632 0.866667
11886 0.865079
30104 0.860256
37851 0.85873
22195 0.847511
25819 0.840079
40030 0.833333
19629 0.832576
26660 0.829429
16151 0.812427
14663 0.803788
18229 0.794322
23652 0.793604
31540 0.783333
11872 0.783333
9688 0.783333
15088 0.783333
8629 0.782973
38978 0.777778
23208 0.777778
11698 0.771825
4261 0.769841
36786 0.764379
26708 0.764113
13277 0.760983
16905 0.757576
3464 0.754719
21574 0.754401
1501 0.750145
18067 0.75
34109 0.75
32540 0.742929
9630 0.730599
26092 0.727421
38381 0.719325
5835 0.71908
13404 0.718228
14866 0.712734
28984 0.710552
12736 0.707659
17455 0.70661
3396 0.7
20275 0.699927
13330 0.689199
27024 0.683333
33970 0.679047
2391 0.67619
9960 0.675397
35860 0.674242
5201 0.674242
19135 0.673544
17804 0.667288
38454 0.665979
15007 0.659351
37584 0.658333
28927 0.653114
36749 0.649802
11569 0.649145
17678 0.648109
18004 0.645833
36296 0.642857
30642 0.642857
30542 0.642857
22687 0.638709
25988 0.635714
30623 0.632377
972 0.626984
10638 0.619246
2948 0.619177
38348 0.616667
10293 0.616667
11762 0.615435
33787 0.614652
13865 0.611465
28849 0.611111
13493 0.611111
9841 0.611111
4883 0.611111
14051 0.601676
27006 0.6
35644 0.592857
173 0.592857
9017 0.59127
27235 0.589237
18988 0.587302
8421 0.587302
30564 0.583333
16348 0.575
7325 0.575
34671 0.571429
16989 0.571429
7799 0.569444
28981 0.56698
21963 0.561111
3765 0.561111
18604 0.559524
2925 0.559524
31877 0.558333
16336 0.541667
2115 0.541667
40816 0.540909
3234 0.540909
27998 0.533333
7012 0.533075
38988 0.525
5251 0.524516
25738 0.521645
40345 0.521355
36839 0.509524
32281 0.509524
21374 0.509524
6039 0.503968
17245 0.494423
4199 0.491667
4384 0.490909
27851 0.485714
12967 0.485714
8894 0.477778
10945 0.476923
23839 0.47619
419 0.47619
35625 0.471429
5977 0.467857
5118 0.46683
38365 0.461111
36312 0.458333
11311 0.457576
19851 0.450391
8240 0.446429
13641 0.445489
26301 0.441667
19496 0.439366
40408 0.438431
31998 0.438034
9561 0.436111
7987 0.433333
40341 0.430754
28267 0.429167
23586 0.422503
32523 0.420635
5545 0.420635
34759 0.416667
27287 0.416088
31574 0.414286
4899 0.412338
18734 0.409524
7495 0.408333
26139 0.404784
40118 0.397917
21796 0.396429
17479 0.394444
8975 0.394128
12805 0.392857
15315 0.390476
10672 0.390476
5842 0.380952
40907 0.378968
28661 0.377778
34399 0.376812
39628 0.37549
39626 0.374242
24412 0.368184
12848 0.367857
33691 0.367832
9628 0.363095
28678 0.362338
18280 0.362121
37727 0.361739
28186 0.361111
26343 0.358333
25281 0.357576
20218 0.357535
22441 0.353968
727 0.352381
36847 0.349206
10626 0.349206
15565 0.345144
13154 0.340278
7303 0.340278
29116 0.334499
35068 0.333929
39920 0.333333
39796 0.333333
37975 0.333333
36109 0.333333
32776 0.333333
32078 0.333333
30473 0.333333
29645 0.333333
27696 0.333333
26124 0.333333
25953 0.333333
23153 0.333333
23082 0.333333
17937 0.333333
17903 0.333333
12984 0.333333
10562 0.333333
9533 0.333333
6370 0.333333
2879 0.333333
352 0.333333
32174 0.329937
39744 0.329518
14540 0.325397
14946 0.324675
29221 0.323261
24851 0.321739
21116 0.321429
20274 0.321195
15102 0.319444
8658 0.319444
9953 0.312792
17891 0.311406
19276 0.309524
10082 0.307273
11938 0.30485
3405 0.303114
33536 0.302778
38875 0.301054
29742 0.301054
39976 0.29259
23216 0.290909
20226 0.285354
5156 0.283824
13503 0.278409
19731 0.27619
8876 0.274242
22747 0.271368
27184 0.261665
5004 0.260844
7206 0.260504
32066 0.259387
32246 0.257143
34902 0.256566
22898 0.254286
30818 0.252432
38038 0.25
36246 0.25
35489 0.25
34212 0.25
32510 0.25
30709 0.25
29012 0.25
28960 0.25
26948 0.25
24469 0.25
23848 0.25
23487 0.25
20283 0.25
19344 0.25
19032 0.25
18794 0.25
17938 0.25
17764 0.25
16275 0.25
16134 0.25
16087 0.25
15205 0.25
14695 0.25
14552 0.25
13855 0.25
13318 0.25
12804 0.25
12620 0.25
12497 0.25
11433 0.25
9448 0.25
8700 0.25
7133 0.25
6044 0.25
6032 0.25
5970 0.25
5947 0.25
4776 0.25
4550 0.25
2636 0.25
2327 0.25
