9196 3.67026
2786 2.60243
416 1.85903
27799 1.32802
13654 1.32802
612 0.670425
4539 0.566667
3852 0.533374
35317 0.52021
4189 0.516667
22530 0.499872
2484 0.477685
26016 0.470199
23843 0.380098
25765 0.360329
40890 0.350177
6518 0.334387
40141 0.308824
18520 0.28911
36796 0.277184
34561 0.274242
32968 0.253268
10196 0.25
32043 0.223997
29626 0.2
20152 0.2
3535 0.2
3123 0.2
35766 0.190988
26069 0.188824
34312 0.186588
25885 0.186588
18428 0.186588
29640 0.182479
14138 0.182479
33028 0.180952
32620 0.179371
17312 0.17735
32536 0.174431
4994 0.174431
27486 0.17437
39951 0.169997
26485 0.166667
6335 0.166667
4486 0.166667
25651 0.166645
15665 0.148396
3501 0.125
17277 0.113356
39183 0.111111
28988 0.111111
3124 0.111111
33633 0.110689
35734 0.109965
18248 0.109965
13916 0.109965
432 0.109965
29634 0.107104
21323 0.107104
6654 0.107104
2877 0.107104
40342 0.103443
39177 0.103443
22184 0.103443
38346 0.1
11540 0.1
32886 0.0909091
26335 0.0909091
5778 0.0909091
3718 0.0909091
2752 0.0909091
40845 0.0833333
26181 0.0833333
22313 0.0833333
22170 0.0833333
20531 0.0833333
19555 0.0833333
16778 0.0833333
9423 0.0833333
8157 0.0833333
6049 0.0833333
6041 0.0833333
2502 0.0833333
860 0.0833333
27388 0.0769231
27161 0.0769231
15012 0.0769231
37958 0.0714286
31228 0.0714286
23715 0.0714286
4934 0.0714286
978 0.0714286
349 0.0714286
31301 0.0704151
36313 0.0666667
36297 0.0666667
21051 0.0666667
20442 0.0666667
12708 0.0666667
9994 0.0666667
2951 0.0666667
15416 0.0625
8072 0.0588235
6779 0.0588235
3940 0.0588235
277 0.0588235
40124 0.0555556
25016 0.0555556
23696 0.0555556
14858 0.0555556
6140 0.0555556
110 0.0555556
26832 0.05
21000 0.05
20486 0.05
18092 0.05
38762 0.047619
37374 0.047619
33573 0.047619
32324 0.047619
31354 0.047619
30793 0.047619
28094 0.047619
27863 0.047619
26095 0.047619
11805 0.047619
938 0.047619
37566 0.0454545
37305 0.0454545
33256 0.0454545
30425 0.0454545
27166 0.0454545
23240 0.0454545
23155 0.0454545
18835 0.0454545
12541 0.0454545
9244 0.0454545
3541 0.0454545
38856 0.0434783
36400 0.0434783
34066 0.0434783
34034 0.0434783
8969 0.0434783
1175 0.0434783
37233 0.0384615
32136 0.0384615
30897 0.0384615
22711 0.0384615
22501 0.0384615
19695 0.0384615
18950 0.0384615
15484 0.0384615
13983 0.0384615
8672 0.0384615
929 0.0384615
40282 0.0322581
39925 0.0322581
38583 0.0322581
36278 0.0322581
35274 0.0322581
24549 0.0322581
21889 0.0322581
8592 0.0322581
7158 0.0322581
7145 0.0322581
1886 0.0322581
40309 0.0196078
39671 0.0196078
39587 0.0196078
39205 0.0196078
38958 0.0196078
38533 0.0196078
36339 0.0196078
36268 0.0196078
35028 0.0196078
34923 0.0196078
29796 0.0196078
28640 0.0196078
25293 0.0196078
24019 0.0196078
22088 0.0196078
17318 0.0196078
16806 0.0196078
16642 0.0196078
16233 0.0196078
14269 0.0196078
13507 0.0196078
12290 0.0196078
12104 0.0196078
10696 0.0196078
8992 0.0196078
8617 0.0196078
7587 0.0196078
6099 0.0196078
5850 0.0196078
5103 0.0196078
3413 0.0196078
2232 0.0196078
1131 0.0196078
39472 0.0123457
39290 0.0123457
36952 0.0123457
36673 0.0123457
36128 0.0123457
35439 0.0123457
35346 0.0123457
34043 0.0123457
32933 0.0123457
32885 0.0123457
32814 0.0123457
31837 0.0123457
31366 0.0123457
29225 0.0123457
27379 0.0123457
25367 0.0123457
24943 0.0123457
24678 0.0123457
24475 0.0123457
23370 0.0123457
21757 0.0123457
21217 0.0123457
19167 0.0123457
18997 0.0123457
18963 0.0123457
18328 0.0123457
17631 0.0123457
16504 0.0123457
16298 0.0123457
16076 0.0123457
15225 0.0123457
14546 0.0123457
12569 0.0123457
10523 0.0123457
10505 0.0123457
10210 0.0123457
9828 0.0123457
9442 0.0123457
8652 0.0123457
7054 0.0123457
6347 0.0123457
4408 0.0123457
3936 0.0123457
3755 0.0123457
2885 0.0123457
1610 0.0123457
1355 0.0123457
1290 0.0123457
556 0.0123457
40980 0
40979 0
40978 0
40977 0
40976 0
40975 0
40974 0
40973 0
40972 0
40971 0
40970 0
40969 0
40968 0
40967 0
40966 0
40965 0
40964 0
40963 0
40962 0
40961 0
40960 0
40959 0
40958 0
40957 0
40956 0
40955 0
40954 0
40953 0
40952 0
40951 0
40950 0
40949 0
40948 0
40947 0
40946 0
40945 0
40944 0
40943 0
40942 0
40941 0
40940 0
40939 0
40938 0
40937 0
40936 0
40935 0
40934 0
40933 0
40932 0
40931 0
40930 0
40929 0
40928 0
40927 0
40926 0
40925 0
40924 0
40923 0
40922 0
40921 0
40920 0
40919 0
40918 0
40917 0
40916 0
40915 0
40914 0
40913 0
40912 0
40911 0
40910 0
40909 0
40908 0
40907 0
40906 0
40905 0
40904 0
40903 0
40902 0
40901 0
40900 0
40899 0
40898 0
40897 0
40896 0
40895 0
40894 0
40893 0
40892 0
40891 0
40889 0
40888 0
40887 0
40886 0
40885 0
40884 0
40883 0
40882 0
40881 0
40880 0
40879 0
40878 0
40877 0
40876 0
40875 0
40874 0
40873 0
40872 0
40871 0
40870 0
40869 0
40868 0
40867 0
40866 0
40865 0
40864 0
40863 0
40862 0
40861 0
40860 0
40859 0
40858 0
40857 0
40856 0
40855 0
40854 0
40853 0
40852 0
40851 0
40850 0
40849 0
40848 0
40847 0
40846 0
40844 0
40843 0
40842 0
40841 0
40840 0
40839 0
40838 0
40837 0
40836 0
40835 0
40834 0
40833 0
40832 0
40831 0
40830 0
40829 0
40828 0
40827 0
40826 0
40825 0
40824 0
40823 0
40822 0
40821 0
40820 0
40819 0
40818 0
40817 0
40816 0
40815 0
40814 0
40813 0
40812 0
40811 0
40810 0
40809 0
40808 0
40807 0
40806 0
40805 0
40804 0
40803 0
40802 0
40801 0
40800 0
40799 0
40798 0
40797 0
40796 0
40795 0
40794 0
40793 0
40792 0
40791 0
40790 0
40789 0
40788 0
40787 0
40786 0
40785 0
40784 0
40783 0
40782 0
40781 0
40780 0
40779 0
40778 0
40777 0
40776 0
40775 0
40774 0
40773 0
40772 0
40771 0
40770 0
40769 0
40768 0
40767 0
40766 0
40765 0
40764 0
40763 0
40762 0
40761 0
40760 0
40759 0
40758 0
40757 0
40756 0
40755 0
40754 0
40753 0
40752 0
40751 0
40750 0
40749 0
40748 0
40747 0
40746 0
40745 0
40744 0
40743 0
40742 0
40741 0
40740 0
40739 0
40738 0
40737 0
40736 0
40735 0
40734 0
40733 0
40732 0
40731 0
40730 0
40729 0
40728 0
40727 0
