23843 18.9517
25583 14.7552
40420 12.8562
16390 12.6112
13309 8.89287
26153 7.80433
17295 4.98415
409 4.97124
40882 4.64659
20369 4.53678
31047 4.3283
2675 3.85716
30384 3.78158
14398 3.55424
14203 3.51669
19901 3.50737
16817 3.42732
22355 3.31086
19404 3.30246
7125 3.2266
24670 2.85617
6112 2.58959
24785 2.54536
27135 2.45452
11660 2.38333
40198 2.21781
21689 2.20967
23024 2.14631
10689 2.05114
28394 2.05016
4870 1.83378
10594 1.77325
39729 1.75
37506 1.73972
29401 1.67989
11412 1.55879
7929 1.50394
16933 1.49299
18708 1.46682
10703 1.45172
24423 1.42726
28500 1.42308
18428 1.40443
16090 1.40377
8507 1.39835
2674 1.39485
26001 1.33323
14543 1.3102
17489 1.3047
4617 1.30197
29184 1.29637
31153 1.27463
7932 1.26532
29778 1.25885
5644 1.25651
20250 1.24354
36672 1.23801
16868 1.21378
19826 1.21013
8498 1.20916
27248 1.20795
39908 1.20124
1232 1.18565
72 1.16986
31664 1.14973
12020 1.14015
21703 1.11905
23696 1.11861
30764 1.09467
22436 1.07887
18887 1.07761
25140 1.0674
37401 1.06533
14774 1.05909
12041 1.04359
32020 1.03254
17230 0.993561
10335 0.966317
39383 0.960102
24663 0.953945
24077 0.917989
24615 0.909843
31236 0.906576
33233 0.895604
32668 0.873167
30754 0.843819
22501 0.838471
38535 0.832331
7402 0.83223
17131 0.831055
27245 0.830978
13654 0.820035
28375 0.816974
25353 0.799171
19820 0.78666
19419 0.783333
9572 0.773582
5067 0.771565
37257 0.76912
9334 0.766041
39962 0.757576
32885 0.740371
23836 0.72619
4569 0.701091
20875 0.692847
37720 0.689838
35349 0.686307
29871 0.68529
1514 0.683579
3783 0.683372
35468 0.666667
27333 0.658009
25885 0.657913
8559 0.644444
2516 0.629854
744 0.624242
25016 0.623669
111 0.609201
28572 0.595653
28094 0.592157
37776 0.586344
4991 0.583333
27799 0.57619
26306 0.573382
21323 0.5671
39336 0.566221
10086 0.551689
19385 0.550069
24596 0.549242
40149 0.545531
7852 0.544086
29144 0.541665
8672 0.535714
4123 0.535422
30377 0.533333
1643 0.532212
37328 0.530196
19607 0.524182
20705 0.515939
39791 0.512594
2885 0.512594
23928 0.507909
18088 0.506456
3998 0.503268
35882 0.502814
10555 0.500069
36515 0.5
36256 0.499801
29492 0.499277
21527 0.492097
19733 0.486336
19781 0.486111
34312 0.480908
15694 0.478788
29373 0.475066
19293 0.474107
34127 0.47136
2341 0.46978
36367 0.466667
225 0.46603
32808 0.458707
27321 0.456817
3936 0.452381
34699 0.45202
33695 0.446366
22594 0.441891
31746 0.44057
12427 0.421431
6592 0.410714
32870 0.40965
18520 0.402027
16112 0.401316
18328 0.398413
6105 0.390909
8831 0.388889
12589 0.381754
5484 0.380606
10178 0.377419
830 0.369884
20109 0.36941
12845 0.368763
12527 0.368356
1112 0.361859
7316 0.361578
23675 0.361376
4689 0.35119
31985 0.348148
12642 0.348148
40474 0.346069
21712 0.342444
6738 0.342157
11726 0.33811
21288 0.338106
28821 0.333949
39407 0.333333
29971 0.333333
17942 0.333333
17653 0.333333
7781 0.333333
40147 0.330992
31285 0.324377
31778 0.324242
13123 0.321878
18867 0.317982
10046 0.316316
16504 0.315299
34892 0.313312
37293 0.312963
9059 0.309524
28350 0.305556
25524 0.303704
37972 0.302055
20563 0.300366
22499 0.299619
9820 0.299107
807 0.297478
1108 0.296941
40190 0.295799
27515 0.293651
19032 0.284483
22423 0.281573
9543 0.277785
38141 0.273612
3300 0.272356
14096 0.268347
20776 0.264596
28769 0.260317
38712 0.259367
36860 0.25
33670 0.25
33177 0.25
31240 0.25
30062 0.25
28109 0.25
26149 0.25
19259 0.25
15341 0.25
4761 0.25
3409 0.25
2480 0.25
7112 0.248481
21060 0.245536
32751 0.245159
39395 0.242157
33371 0.237592
4998 0.228385
6143 0.225363
24754 0.221739
11986 0.219444
31972 0.215909
35297 0.213617
17204 0.21131
3200 0.207145
25452 0.205795
987 0.205795
15295 0.205
16298 0.203268
29551 0.2
28234 0.2
28106 0.2
26312 0.2
25432 0.2
15042 0.2
13246 0.2
8183 0.2
8120 0.2
7480 0.2
40796 0.199927
17429 0.19965
1885 0.194794
20353 0.192359
25728 0.188499
15275 0.183541
27160 0.182906
25597 0.182906
40856 0.177419
39296 0.177419
17350 0.177419
35734 0.176904
13812 0.176812
33267 0.170926
34737 0.169445
38796 0.166667
34161 0.166667
23775 0.166667
20172 0.166667
16683 0.166667
15709 0.166667
15702 0.166667
11497 0.166667
9058 0.166667
8541 0.166667
5673 0.166667
5504 0.166667
4374 0.166667
8611 0.166184
16630 0.1657
32814 0.164162
37576 0.163932
5430 0.162159
23796 0.159806
37325 0.157407
9210 0.146499
26627 0.146157
6351 0.14514
2418 0.143657
30737 0.142857
29756 0.142857
28587 0.142857
16534 0.142857
15313 0.142857
13072 0.142857
8735 0.142857
8342 0.142857
7872 0.142857
2938 0.142857
902 0.142857
27926 0.142705
14918 0.138716
33901 0.13732
34382 0.136536
30561 0.136162
10061 0.136162
9428 0.132984
39174 0.130283
9720 0.129919
0 0.129919
6021 0.128525
19582 0.127636
17711 0.125415
34768 0.125
32708 0.125
32296 0.125
32060 0.125
24631 0.125
22437 0.125
17926 0.125
15634 0.125
3606 0.125
992 0.125
20049 0.12412
18578 0.122332
11411 0.117453
8807 0.117453
8132 0.117165
24239 0.116547
16047 0.116547
23196 0.11442
34569 0.113711
73 0.113711
29376 0.113431
29337 0.113054
35179 0.111111
31806 0.111111
27064 0.111111
23252 0.111111
19067 0.111111
17301 0.111111
16395 0.111111
11150 0.111111
6742 0.111111
5531 0.111111
4780 0.111111
1538 0.110707
36147 0.104429
35601 0.104429
31366 0.104429
22537 0.104429
20397 0.104429
9615 0.104429
9423 0.104429
6049 0.104429
31301 0.102664
14208 0.101091
37270 0.100183
5783 0.100183
2233 0.100183
38448 0.1
38312 0.1
36985 0.1
36609 0.1
36451 0.1
35694 0.1
24996 0.1
24591 0.1
23720 0.1
22646 0.1
18582 0.1
15256 0.1
13635 0.1
11650 0.1
9613 0.1
9243 0.1
8088 0.1
175 0.1
18186 0.0985378
28034 0.0983716
2375 0.0981096
38716 0.0978836
5821 0.0976226
15954 0.0924388
1240 0.0924388
1008 0.0911306
35346 0.0909091
34610 0.0909091
33952 0.0909091
30009 0.0909091
29382 0.0909091
18955 0.0909091
8934 0.0909091
7233 0.0909091
1659 0.0909091
37027 0.0894307
33135 0.0890468
3074 0.0869996
36041 0.0869219
33214 0.0867521
14138 0.0849206
39326 0.084639
35407 0.0833333
32854 0.0833333
29120 0.0833333
28791 0.0833333
27597 0.0833333
27454 0.0833333
22414 0.0833333
18584 0.0833333
16723 0.0833333
14008 0.0833333
12694 0.0833333
7981 0.0833333
7223 0.0833333
4567 0.0833333
4506 0.0833333
1306 0.0833333
543 0.0833333
3111 0.0832489
27779 0.0816003
12206 0.0813753
31502 0.0769231
29143 0.0769231
26754 0.0769231
25219 0.0769231
20106 0.0769231
18109 0.0769231
17368 0.0769231
13254 0.0769231
7277 0.0769231
7126 0.0769231
6010 0.0769231
1256 0.0769231
265 0.0769231
16250 0.0741588
33510 0.073171
24459 0.0717391
18806 0.0714286
2257 0.0714286
26803 0.0690325
23439 0.0690325
14227 0.0690325
11122 0.0686231
3501 0.0674603
33163 0.0666667
29473 0.0666667
18314 0.0666667
15837 0.0666667
12873 0.0651515
39873 0.0625
35114 0.0625
14788 0.0625
9442 0.0625
8591 0.0625
4912 0.0625
3544 0.0625
37711 0.0588235
34384 0.0588235
33174 0.0588235
32620 0.0588235
15567 0.0588235
7370 0.0588235
6012 0.0588235
1904 0.0588235
651 0.0588235
23898 0.0572124
19097 0.0572124
31233 0.0526316
25509 0.0526316
24267 0.0526316
391 0.0526316
40304 0.04916
35689 0.04916
24825 0.04916
4652 0.04916
4404 0.04916
1827 0.04916
39661 0.0454545
35792 0.0454545
27379 0.0454545
27195 0.0454545
22122 0.0454545
