18950 9.18739
2728 7.31262
2490 5.90132
25954 5.73011
9689 5.27914
27895 5.10119
8672 3.99164
26191 3.44838
3936 3.36009
19032 2.30119
6495 2.29277
17371 2.21106
8888 2.09924
1975 2.03377
24825 1.6858
31301 1.30073
16389 1.12479
26311 1.01692
15087 0.98279
21362 0.895164
18328 0.861905
11586 0.824228
19566 0.783766
35136 0.783333
25842 0.760965
27799 0.724145
995 0.708396
22678 0.688889
39913 0.679762
30085 0.621147
37622 0.617659
21889 0.616667
23843 0.583333
29241 0.580952
989 0.571429
5965 0.57026
13654 0.54359
32885 0.509524
15484 0.45919
9442 0.453968
16652 0.419298
37786 0.413462
37923 0.410714
29993 0.405495
22387 0.405495
17312 0.391667
34429 0.344298
16249 0.333333
31894 0.32702
5332 0.32026
14735 0.293651
29494 0.258333
10931 0.258333
7708 0.257143
40080 0.25
28809 0.25
17066 0.25
16723 0.25
17188 0.249542
10944 0.249542
27446 0.230159
15150 0.22123
39155 0.216667
14402 0.2
13525 0.2
1797 0.2
21890 0.195238
39695 0.185256
17231 0.185256
7804 0.185256
30897 0.182479
24239 0.182479
6033 0.182479
33522 0.181548
29611 0.181548
22180 0.181548
1271 0.169414
36395 0.166667
17107 0.166667
12684 0.166667
33103 0.144904
40883 0.142857
37426 0.142857
26500 0.142857
24106 0.142857
21102 0.142857
32814 0.125
26011 0.125
17530 0.125
15547 0.125
8662 0.125
5310 0.125
29795 0.111111
21199 0.111111
4189 0.111111
3599 0.111111
37479 0.1
34152 0.1
33606 0.1
32134 0.1
25344 0.1
20571 0.1
19270 0.1
14225 0.1
12466 0.1
2739 0.1
39102 0.0909091
36289 0.0909091
28718 0.0909091
25525 0.0909091
15236 0.0909091
32304 0.0833333
27388 0.0833333
21323 0.0833333
20373 0.0833333
7649 0.0833333
4998 0.0833333
4848 0.0833333
39962 0.0769231
36528 0.0769231
34043 0.0769231
32620 0.0769231
31947 0.0769231
31450 0.0769231
29077 0.0769231
24678 0.0769231
16947 0.0769231
10569 0.0769231
7145 0.0769231
6189 0.0769231
4761 0.0769231
2885 0.0769231
29036 0.0714286
28132 0.0714286
18000 0.0714286
16729 0.0714286
8978 0.0714286
4914 0.0714286
38154 0.0666667
36685 0.0666667
27514 0.0666667
27140 0.0666667
10870 0.0666667
4405 0.0666667
692 0.0666667
37364 0.0625
35105 0.0625
18758 0.0625
16480 0.0625
4709 0.0625
1484 0.0625
30428 0.0588235
30083 0.0588235
20206 0.0588235
679 0.0588235
39756 0.0526316
36951 0.0526316
31866 0.0526316
29934 0.0526316
29891 0.0526316
27149 0.0526316
26751 0.0526316
22594 0.0526316
13758 0.0526316
8732 0.0526316
7738 0.0526316
6569 0.0526316
5245 0.0526316
40501 0.047619
39864 0.047619
39293 0.047619
37818 0.047619
34426 0.047619
32168 0.047619
31706 0.047619
27131 0.047619
24914 0.047619
24912 0.047619
22337 0.047619
21488 0.047619
17959 0.047619
17751 0.047619
17634 0.047619
16081 0.047619
14964 0.047619
13432 0.047619
8949 0.047619
7691 0.047619
7268 0.047619
5693 0.047619
4111 0.047619
3277 0.047619
1621 0.047619
1210 0.047619
665 0.047619
186 0.047619
19314 0.0416667
15414 0.0416667
6593 0.0416667
3096 0.0416667
1278 0.0416667
36526 0.0384615
32758 0.0384615
32411 0.0384615
23148 0.0384615
19573 0.0384615
19307 0.0384615
13895 0.0384615
1620 0.0384615
40525 0.0222222
40204 0.0222222
38262 0.0222222
36661 0.0222222
36160 0.0222222
36120 0.0222222
35271 0.0222222
33653 0.0222222
33018 0.0222222
32327 0.0222222
32043 0.0222222
30275 0.0222222
30234 0.0222222
30216 0.0222222
29586 0.0222222
28110 0.0222222
27740 0.0222222
22745 0.0222222
22313 0.0222222
19774 0.0222222
19511 0.0222222
16806 0.0222222
16745 0.0222222
14534 0.0222222
13628 0.0222222
11393 0.0222222
8412 0.0222222
5778 0.0222222
5603 0.0222222
4484 0.0222222
1332 0.0222222
40980 0
40979 0
40978 0
40977 0
40976 0
40975 0
40974 0
40973 0
40972 0
40971 0
40970 0
40969 0
40968 0
40967 0
40966 0
40965 0
40964 0
40963 0
40962 0
40961 0
40960 0
40959 0
40958 0
40957 0
40956 0
40955 0
40954 0
40953 0
40952 0
40951 0
40950 0
40949 0
40948 0
40947 0
40946 0
40945 0
40944 0
40943 0
40942 0
40941 0
40940 0
40939 0
40938 0
40937 0
40936 0
40935 0
40934 0
40933 0
40932 0
40931 0
40930 0
40929 0
40928 0
40927 0
40926 0
40925 0
40924 0
40923 0
40922 0
40921 0
40920 0
40919 0
40918 0
40917 0
40916 0
40915 0
40914 0
40913 0
40912 0
40911 0
40910 0
40909 0
40908 0
40907 0
40906 0
40905 0
40904 0
40903 0
40902 0
40901 0
40900 0
40899 0
40898 0
40897 0
40896 0
40895 0
40894 0
40893 0
40892 0
40891 0
40890 0
40889 0
40888 0
40887 0
40886 0
40885 0
40884 0
40882 0
40881 0
40880 0
40879 0
40878 0
40877 0
40876 0
40875 0
40874 0
40873 0
40872 0
40871 0
40870 0
40869 0
40868 0
40867 0
40866 0
40865 0
40864 0
40863 0
40862 0
40861 0
40860 0
40859 0
40858 0
40857 0
40856 0
40855 0
40854 0
40853 0
40852 0
40851 0
40850 0
40849 0
40848 0
40847 0
40846 0
40845 0
40844 0
40843 0
40842 0
40841 0
40840 0
40839 0
40838 0
40837 0
40836 0
40835 0
40834 0
40833 0
40832 0
40831 0
40830 0
40829 0
40828 0
40827 0
40826 0
40825 0
40824 0
40823 0
40822 0
40821 0
40820 0
40819 0
40818 0
40817 0
40816 0
40815 0
40814 0
40813 0
40812 0
40811 0
40810 0
40809 0
40808 0
40807 0
40806 0
40805 0
40804 0
40803 0
40802 0
40801 0
40800 0
40799 0
40798 0
40797 0
40796 0
40795 0
40794 0
40793 0
40792 0
40791 0
40790 0
40789 0
40788 0
40787 0
40786 0
40785 0
40784 0
40783 0
40782 0
40781 0
40780 0
40779 0
40778 0
40777 0
40776 0
40775 0
40774 0
40773 0
40772 0
40771 0
40770 0
40769 0
40768 0
40767 0
40766 0
40765 0
40764 0
40763 0
40762 0
40761 0
40760 0
40759 0
40758 0
40757 0
40756 0
40755 0
40754 0
40753 0
40752 0
40751 0
40750 0
40749 0
40748 0
40747 0
40746 0
40745 0
40744 0
40743 0
40742 0
40741 0
40740 0
40739 0
40738 0
40737 0
40736 0
40735 0
40734 0
40733 0
40732 0
40731 0
40730 0
40729 0
40728 0
40727 0
40726 0
40725 0
40724 0
40723 0
40722 0
40721 0
40720 0
