6399 2.91978
10689 2.86542
3920 1.55629
39395 1.31976
7846 1.05397
4036 1.04359
15372 1.02894
29401 0.927332
28500 0.899764
33960 0.746825
9320 0.692832
23843 0.689512
6898 0.674481
23582 0.663034
4567 0.642735
6133 0.620513
656 0.553114
12733 0.549145
23795 0.542857
31778 0.514957
17131 0.499555
15276 0.488462
40935 0.476923
20000 0.474908
1643 0.468388
27779 0.460256
24406 0.448718
25583 0.412735
33596 0.411111
3300 0.40202
26579 0.388034
23024 0.388034
23928 0.38011
40882 0.36188
32870 0.35511
12675 0.353968
37134 0.352381
40474 0.35
12020 0.333333
8494 0.310256
10061 0.292832
22418 0.286447
5397 0.286447
37720 0.271368
23489 0.267832
13929 0.264957
37523 0.260256
31153 0.254701
34737 0.253333
33695 0.25
25922 0.25
24423 0.25
15443 0.25
13309 0.25
9059 0.25
22381 0.245
14822 0.24359
32950 0.238889
19733 0.226923
10086 0.215812
40389 0.2
37961 0.2
31285 0.2
30754 0.2
28922 0.2
25151 0.2
21712 0.2
23796 0.196923
25993 0.166667
21019 0.166667
19679 0.166667
24670 0.152479
16390 0.152479
37223 0.142857
27384 0.142857
8847 0.142857
3483 0.142857
2364 0.142857
22393 0.125
18711 0.125
17490 0.125
28375 0.122632
7125 0.122632
22184 0.117285
16076 0.117285
13654 0.117285
1610 0.117285
40833 0.111111
37703 0.111111
33901 0.111111
24715 0.111111
12983 0.111111
8707 0.111111
409 0.111111
38812 0.1
37328 0.1
37245 0.1
35697 0.1
33256 0.1
33028 0.1
21606 0.1
12041 0.1
5905 0.1
8817 0.0909091
40578 0.0833333
33233 0.0833333
25188 0.0833333
24984 0.0833333
21054 0.0833333
19997 0.0833333
16449 0.0833333
14556 0.0833333
14142 0.0833333
12706 0.0833333
12206 0.0833333
9392 0.0833333
5099 0.0833333
3398 0.0833333
1834 0.0833333
40014 0.0769231
37100 0.0769231
36531 0.0769231
34905 0.0769231
34492 0.0769231
34127 0.0769231
27686 0.0769231
20345 0.0769231
19581 0.0769231
15721 0.0769231
3200 0.0769231
36851 0.0666667
29566 0.0666667
26174 0.0666667
20049 0.0666667
19259 0.0666667
18584 0.0666667
17041 0.0666667
12872 0.0666667
12036 0.0666667
11270 0.0666667
9169 0.0666667
9050 0.0666667
8313 0.0666667
3077 0.0666667
2864 0.0666667
40525 0.0588235
38281 0.0588235
37374 0.0588235
34123 0.0588235
16298 0.0588235
15605 0.0588235
14138 0.0588235
8237 0.0588235
4112 0.0588235
3356 0.0588235
39908 0.0555556
39249 0.0555556
36477 0.0555556
33710 0.0555556
29376 0.0555556
28595 0.0555556
25016 0.0555556
20250 0.0555556
19097 0.0555556
16571 0.0555556
16090 0.0555556
14926 0.0555556
12527 0.0555556
1827 0.0555556
33952 0.0526316
26153 0.0526316
24821 0.0526316
23675 0.0526316
19032 0.0526316
18401 0.0526316
17592 0.0526316
13123 0.0526316
11412 0.0526316
696 0.0526316
40420 0.05
37506 0.05
15837 0.05
12845 0.05
10335 0.05
6112 0.05
4870 0.05
39177 0.0384615
32511 0.0384615
30417 0.0384615
30325 0.0384615
29634 0.0384615
24943 0.0384615
24678 0.0384615
19253 0.0384615
18520 0.0384615
13916 0.0384615
11718 0.0384615
4471 0.0384615
3852 0.0384615
3750 0.0384615
2885 0.0384615
39791 0.02
36673 0.02
35734 0.02
32668 0.02
32620 0.02
32020 0.02
30209 0.02
27926 0.02
26306 0.02
26137 0.02
24754 0.02
24239 0.02
22405 0.02
19820 0.02
17260 0.02
16313 0.02
14398 0.02
13768 0.02
12449 0.02
10605 0.02
8507 0.02
6592 0.02
5293 0.02
2675 0.02
2674 0.02
2484 0.02
1514 0.02
830 0.02
40980 0
40979 0
40978 0
40977 0
40976 0
40975 0
40974 0
40973 0
40972 0
40971 0
40970 0
40969 0
40968 0
40967 0
40966 0
40965 0
40964 0
40963 0
40962 0
40961 0
40960 0
40959 0
40958 0
40957 0
40956 0
40955 0
40954 0
40953 0
40952 0
40951 0
40950 0
40949 0
40948 0
40947 0
40946 0
40945 0
40944 0
40943 0
40942 0
40941 0
40940 0
40939 0
40938 0
40937 0
40936 0
40934 0
40933 0
40932 0
40931 0
40930 0
40929 0
40928 0
40927 0
40926 0
40925 0
40924 0
40923 0
40922 0
40921 0
40920 0
40919 0
40918 0
40917 0
40916 0
40915 0
40914 0
40913 0
40912 0
40911 0
40910 0
40909 0
40908 0
40907 0
40906 0
40905 0
40904 0
40903 0
40902 0
40901 0
40900 0
40899 0
40898 0
40897 0
40896 0
40895 0
40894 0
40893 0
40892 0
40891 0
40890 0
40889 0
40888 0
40887 0
40886 0
40885 0
40884 0
40883 0
40881 0
40880 0
40879 0
40878 0
40877 0
40876 0
40875 0
40874 0
40873 0
40872 0
40871 0
40870 0
40869 0
40868 0
40867 0
40866 0
40865 0
40864 0
40863 0
40862 0
40861 0
40860 0
40859 0
40858 0
40857 0
40856 0
40855 0
40854 0
40853 0
40852 0
40851 0
40850 0
40849 0
40848 0
40847 0
40846 0
40845 0
40844 0
40843 0
40842 0
40841 0
40840 0
40839 0
40838 0
40837 0
40836 0
40835 0
40834 0
40832 0
40831 0
40830 0
40829 0
40828 0
40827 0
40826 0
40825 0
40824 0
40823 0
40822 0
40821 0
40820 0
40819 0
40818 0
40817 0
40816 0
40815 0
40814 0
40813 0
40812 0
40811 0
40810 0
40809 0
40808 0
40807 0
40806 0
40805 0
40804 0
40803 0
40802 0
40801 0
40800 0
40799 0
40798 0
40797 0
40796 0
40795 0
40794 0
40793 0
40792 0
40791 0
40790 0
40789 0
40788 0
40787 0
40786 0
40785 0
40784 0
40783 0
40782 0
40781 0
40780 0
40779 0
40778 0
40777 0
40776 0
40775 0
40774 0
40773 0
40772 0
40771 0
40770 0
40769 0
40768 0
40767 0
40766 0
40765 0
40764 0
40763 0
40762 0
40761 0
40760 0
40759 0
40758 0
40757 0
40756 0
40755 0
40754 0
40753 0
40752 0
40751 0
40750 0
40749 0
40748 0
40747 0
40746 0
40745 0
40744 0
40743 0
40742 0
40741 0
40740 0
40739 0
40738 0
40737 0
40736 0
40735 0
40734 0
40733 0
40732 0
40731 0
40730 0
40729 0
40728 0
40727 0
40726 0
40725 0
40724 0
40723 0
40722 0
40721 0
40720 0
40719 0
40718 0
40717 0
40716 0
40715 0
40714 0
40713 0
40712 0
40711 0
40710 0
40709 0
40708 0
40707 0
