27799 2.33867
13654 1.72304
3541 1.18172
21323 1.13403
33633 1.12778
4189 1.04558
17312 0.994827
30425 0.988889
14934 0.829412
36313 0.759622
24902 0.67619
37496 0.662202
40525 0.65
15012 0.644444
11789 0.644304
29946 0.566667
24957 0.566667
35346 0.552011
16298 0.508824
8035 0.50519
15669 0.492816
21348 0.491667
31582 0.453968
27166 0.45
39671 0.447479
18138 0.444444
13507 0.426263
7286 0.416667
14138 0.410844
1462 0.405115
32324 0.357576
19967 0.345927
2484 0.345927
26181 0.339827
36934 0.333333
22711 0.333333
35463 0.32549
19580 0.32549
34098 0.316667
17078 0.316667
29626 0.299107
6807 0.28926
9196 0.277301
416 0.277301
20177 0.273449
110 0.265276
25826 0.264687
3229 0.257576
35766 0.25677
3002 0.252778
30419 0.25
3270 0.25
2951 0.25
31260 0.241681
1760 0.236503
33256 0.211601
15416 0.208081
31938 0.2
25831 0.2
24707 0.2
15264 0.2
13774 0.2
4112 0.2
35203 0.199145
20577 0.199082
27208 0.194935
40597 0.188235
8237 0.188235
30897 0.182576
35825 0.177778
32036 0.177778
30379 0.177778
9616 0.177778
7109 0.177778
34998 0.167816
18835 0.167816
11804 0.167816
3030 0.167816
37085 0.166667
30186 0.166667
25213 0.166667
17826 0.166667
9829 0.166667
35029 0.161988
27740 0.161988
35317 0.151149
9994 0.149066
32930 0.142857
23251 0.142857
18520 0.142857
16806 0.142857
9199 0.142857
2885 0.138636
2869 0.138636
1610 0.138636
16745 0.136429
30693 0.125859
19379 0.125859
39666 0.125
31947 0.125
29172 0.125
6859 0.125
4221 0.125
2863 0.125
20704 0.122718
860 0.122718
3124 0.117109
39183 0.111111
29923 0.111111
29640 0.111111
25765 0.111111
24596 0.111111
18329 0.111111
7145 0.111111
5824 0.111111
432 0.111111
39177 0.106452
26323 0.100662
2786 0.100662
30255 0.1
27863 0.1
27486 0.1
26069 0.0981191
23240 0.0981191
36400 0.0960784
25659 0.0960784
40861 0.0909091
40389 0.0909091
35706 0.0909091
32536 0.0909091
27840 0.0909091
16642 0.0909091
15434 0.0909091
9553 0.0909091
8828 0.0909091
5778 0.0909091
2462 0.0909091
13916 0.0900178
39947 0.0897858
38583 0.0897858
30676 0.0897858
27989 0.0897858
24400 0.0897858
12569 0.0897858
11488 0.0897858
11080 0.0897858
34385 0.0833333
32968 0.0833333
24591 0.0833333
6140 0.0833333
38346 0.0769231
20093 0.0769231
8135 0.0769231
36259 0.0714286
19327 0.0714286
37546 0.0666667
34594 0.0666667
29140 0.0666667
21903 0.0666667
21186 0.0666667
18683 0.0666667
6166 0.0666667
550 0.0666667
10 0.0666667
40314 0.0588235
35734 0.0588235
32838 0.0588235
17583 0.0588235
7076 0.0588235
6830 0.0588235
3356 0.0588235
1965 0.0588235
40296 0.0555556
28855 0.0555556
21889 0.0555556
19774 0.0555556
17917 0.0555556
17172 0.0555556
15476 0.0555556
4028 0.0555556
1332 0.0555556
38907 0.0416667
36796 0.0416667
36661 0.0416667
32611 0.0416667
22184 0.0416667
19653 0.0416667
17921 0.0416667
16504 0.0416667
16459 0.0416667
11559 0.0416667
5875 0.0416667
2877 0.0416667
32886 0.04
20753 0.04
20326 0.04
17154 0.04
16779 0.04
15276 0.04
3535 0.04
40124 0.0344828
37750 0.0344828
36540 0.0344828
27776 0.0344828
27388 0.0344828
23396 0.0344828
23155 0.0344828
21830 0.0344828
16962 0.0344828
16058 0.0344828
11909 0.0344828
10925 0.0344828
8224 0.0344828
4539 0.0344828
1614 0.0344828
830 0.0344828
390 0.0344828
39216 0.0333333
38446 0.0333333
37566 0.0333333
37305 0.0333333
36297 0.0333333
36215 0.0333333
32639 0.0333333
30990 0.0333333
30429 0.0333333
30316 0.0333333
28988 0.0333333
28273 0.0333333
24790 0.0333333
24730 0.0333333
23696 0.0333333
21051 0.0333333
17763 0.0333333
17667 0.0333333
17277 0.0333333
14489 0.0333333
12708 0.0333333
11276 0.0333333
10873 0.0333333
10196 0.0333333
8896 0.0333333
4058 0.0333333
34034 0.03125
33477 0.03125
31589 0.03125
30216 0.03125
30012 0.03125
25360 0.03125
21757 0.03125
18979 0.03125
17017 0.03125
16916 0.03125
16679 0.03125
15765 0.03125
15576 0.03125
14917 0.03125
13413 0.03125
11536 0.03125
11101 0.03125
40890 0.030303
37958 0.030303
36273 0.030303
35610 0.030303
34579 0.030303
33452 0.030303
33108 0.030303
31723 0.030303
30793 0.030303
29237 0.030303
22959 0.030303
22530 0.030303
22099 0.030303
19647 0.030303
19277 0.030303
18964 0.030303
16076 0.030303
15642 0.030303
14158 0.030303
13669 0.030303
8309 0.030303
8197 0.030303
7412 0.030303
6041 0.030303
3940 0.030303
828 0.030303
31675 0.0294118
26058 0.0294118
25190 0.0294118
23089 0.0294118
21506 0.0294118
13189 0.0294118
9592 0.0294118
8969 0.0294118
7807 0.0294118
3936 0.0294118
3852 0.0294118
1942 0.0294118
39037 0.025
37233 0.025
34116 0.025
31553 0.025
29871 0.025
18834 0.025
17985 0.025
14672 0.025
14534 0.025
10696 0.025
6033 0.025
2899 0.025
40980 0
40979 0
40978 0
40977 0
40976 0
40975 0
40974 0
40973 0
40972 0
40971 0
40970 0
40969 0
40968 0
40967 0
40966 0
40965 0
40964 0
40963 0
40962 0
40961 0
40960 0
40959 0
40958 0
40957 0
40956 0
40955 0
40954 0
40953 0
40952 0
40951 0
40950 0
40949 0
40948 0
40947 0
40946 0
40945 0
40944 0
40943 0
40942 0
40941 0
40940 0
40939 0
40938 0
40937 0
40936 0
40935 0
40934 0
40933 0
40932 0
40931 0
40930 0
40929 0
40928 0
40927 0
40926 0
40925 0
40924 0
40923 0
40922 0
40921 0
40920 0
40919 0
40918 0
40917 0
40916 0
40915 0
40914 0
40913 0
40912 0
40911 0
40910 0
40909 0
40908 0
40907 0
40906 0
40905 0
40904 0
40903 0
40902 0
40901 0
40900 0
40899 0
40898 0
40897 0
40896 0
40895 0
40894 0
40893 0
40892 0
40891 0
40889 0
40888 0
40887 0
40886 0
40885 0
40884 0
40883 0
40882 0
40881 0
40880 0
40879 0
40878 0
40877 0
40876 0
40875 0
40874 0
40873 0
40872 0
40871 0
40870 0
40869 0
40868 0
40867 0
40866 0
40865 0
40864 0
40863 0
40862 0
40860 0
40859 0
40858 0
40857 0
40856 0
40855 0
40854 0
40853 0
40852 0
40851 0
40850 0
40849 0
40848 0
40847 0
40846 0
40845 0
40844 0
40843 0
40842 0
40841 0
40840 0
40839 0
40838 0
40837 0
40836 0
40835 0
40834 0
40833 0
40832 0
40831 0
40830 0
40829 0
40828 0
40827 0
40826 0
40825 0
40824 0
40823 0
40822 0
40821 0
40820 0
40819 0
40818 0
40817 0
40816 0
40815 0
40814 0
40813 0
40812 0
40811 0
40810 0
40809 0
40808 0
40807 0
40806 0
40805 0
40804 0
40803 0
40802 0
40801 0
40800 0
40799 0
40798 0
40797 0
40796 0
40795 0
40794 0
40793 0
40792 0
40791 0
40790 0
40789 0
