27799 31.5961
36400 27.6458
35766 17.3933
13654 14.2007
27190 14.157
9553 12.1032
18329 11.5447
26181 10.7946
830 10.7121
432 9.91958
37342 9.10174
24239 8.89415
17312 8.85107
14138 8.71237
13916 8.11767
30847 7.18186
34116 6.62496
12569 6.13043
25765 5.86139
35734 5.69878
18520 5.53911
40342 5.36385
3887 5.10648
4539 4.84795
37496 4.44423
27349 4.29454
9196 4.26941
33633 4.1838
35525 4.00527
33267 3.93
26546 3.79451
8224 3.70345
14534 3.62831
26410 3.58203
31582 3.53107
36160 3.28387
39172 3.27521
4872 3.2377
19461 3.23711
37027 3.1492
21323 3.00958
1659 2.9969
18842 2.97223
24596 2.93427
10210 2.92605
34911 2.9091
30425 2.77216
31260 2.71113
38952 2.69671
34561 2.65896
35317 2.57673
16806 2.46029
23432 2.37725
31947 2.34676
39960 2.34345
27395 2.33165
32572 2.32857
20960 2.22615
19079 2.21053
6924 2.20416
19712 2.1677
26786 2.07861
35706 2.05937
13628 1.98937
12377 1.98453
15416 1.97809
32324 1.87939
90 1.85866
34977 1.84859
7536 1.84302
16395 1.82287
15225 1.8223
15467 1.78274
26476 1.7674
17137 1.74942
2484 1.74457
17033 1.71686
29901 1.67559
2899 1.63633
25360 1.62894
6518 1.62718
4112 1.60767
34768 1.51938
23886 1.51244
8035 1.51155
28407 1.5
6592 1.49816
9180 1.49629
30419 1.47472
36313 1.46599
4484 1.45153
23468 1.4066
37881 1.37726
328 1.37651
19967 1.37641
24902 1.35932
18834 1.35793
3535 1.35743
25065 1.33333
5824 1.33198
16745 1.32666
32611 1.31139
6041 1.28648
3356 1.26348
6298 1.22398
12525 1.22316
26095 1.21903
16298 1.21634
23843 1.21255
18531 1.19484
3645 1.18648
39183 1.14255
5778 1.13714
21932 1.13316
11626 1.10933
448 1.0781
20569 1.07339
15012 1.06738
27926 1.05395
2781 1.04629
40890 1.02673
25659 1.02205
21861 1.00222
38346 1.00172
3002 0.986378
39951 0.981776
20093 0.961234
3713 0.951623
33256 0.942151
28110 0.941038
16076 0.935374
15665 0.919901
3911 0.916341
22405 0.888865
4296 0.866987
29586 0.859218
7132 0.858784
8177 0.854052
37077 0.849082
3541 0.842686
22390 0.837646
25673 0.83717
38679 0.833333
24957 0.821666
22673 0.812943
19653 0.810758
37340 0.806566
39791 0.795478
36673 0.792369
3852 0.781193
26541 0.776772
40882 0.77619
18231 0.775
26323 0.773673
15264 0.772288
11113 0.767224
39661 0.765521
14934 0.76041
10576 0.749675
34501 0.733333
15476 0.727315
14672 0.719656
8412 0.707441
3940 0.69387
14943 0.691014
23089 0.68911
31140 0.680031
33617 0.675259
32620 0.672465
19511 0.667104
35346 0.657446
29455 0.651644
11331 0.638889
34923 0.635702
32688 0.62667
23354 0.624883
28094 0.623566
36027 0.613908
20928 0.602352
31613 0.599206
10 0.594695
18356 0.590345
37374 0.589887
428 0.568608
27166 0.561111
31352 0.560152
27161 0.556365
21801 0.542115
7274 0.52944
20177 0.527906
12788 0.524597
31589 0.520635
30168 0.516667
17927 0.516667
23370 0.50818
7001 0.501593
2262 0.495075
32536 0.485714
19580 0.483828
18756 0.483463
37750 0.48292
26337 0.481637
21978 0.477956
21284 0.472826
9283 0.472222
885 0.467881
7852 0.467399
33108 0.467323
3124 0.465884
2786 0.464885
37991 0.464286
38956 0.462734
22184 0.461376
27740 0.459675
17393 0.459191
29551 0.458824
5821 0.458385
259 0.45202
26693 0.45
12952 0.449488
13507 0.443838
2869 0.442185
20286 0.441786
36918 0.440054
19379 0.435838
697 0.435109
9317 0.433824
30234 0.430303
40165 0.427125
27565 0.415332
38856 0.413995
28635 0.410651
16001 0.410337
35610 0.408333
3018 0.407506
1886 0.404497
2885 0.400528
10480 0.4
7921 0.39697
37452 0.391604
16097 0.390789
1760 0.390261
38863 0.389412
18328 0.384957
14133 0.375401
19191 0.371161
36909 0.367857
36952 0.366111
4994 0.363757
4091 0.36349
16775 0.362338
11540 0.360215
987 0.358766
8237 0.35832
32043 0.357144
1410 0.355399
3068 0.354085
32788 0.353968
7145 0.353628
5162 0.351316
37070 0.350989
33377 0.347389
21186 0.344144
39925 0.34319
200 0.340423
6033 0.339911
1346 0.338717
36797 0.338707
3682 0.334524
34508 0.333333
25826 0.333333
19527 0.333333
985 0.333333
468 0.333333
37546 0.332433
16283 0.331746
18479 0.3308
16723 0.327611
29237 0.326774
3821 0.326351
15348 0.32619
11789 0.325905
12451 0.321997
36120 0.321888
1462 0.32125
29634 0.317493
4189 0.316569
39947 0.315094
27989 0.315094
7624 0.313171
13073 0.312943
32886 0.312613
14842 0.310651
22930 0.310105
31553 0.309221
25614 0.308472
4574 0.305263
40861 0.301567
391 0.298413
34999 0.298294
4467 0.296663
32708 0.295027
11863 0.295027
25831 0.290272
35014 0.287302
38344 0.278268
12834 0.277304
40644 0.274107
11243 0.273655
19774 0.273611
1332 0.272517
23206 0.27061
1610 0.270608
37494 0.269231
38583 0.264134
29771 0.261855
12360 0.261739
12449 0.260651
32223 0.25859
19253 0.25859
23898 0.25739
18331 0.256944
8342 0.256169
12110 0.254982
23585 0.254585
36796 0.251096
39888 0.25
36643 0.25
33796 0.25
30050 0.25
26398 0.25
25362 0.25
24963 0.25
22551 0.25
20250 0.25
18230 0.25
17537 0.25
17345 0.25
17219 0.25
16250 0.25
14658 0.25
13526 0.25
8377 0.25
1230 0.25
4900 0.248148
33119 0.247416
28810 0.247222
8592 0.246413
38762 0.245498
18128 0.242943
15913 0.242936
34594 0.242857
24116 0.240873
19032 0.239379
39400 0.239345
23446 0.238206
39177 0.237481
5660 0.237021
306 0.235329
21757 0.233844
11909 0.22961
10923 0.22936
33391 0.228563
13433 0.225722
37566 0.225275
12105 0.225
29875 0.224681
8688 0.223388
17301 0.222222
30476 0.221365
705 0.220635
8828 0.220469
33452 0.21959
15632 0.218306
40525 0.216126
31367 0.213054
9001 0.210331
30209 0.210275
11810 0.209957
8309 0.209157
11804 0.208333
30136 0.207102
24400 0.206667
19870 0.204193
24761 0.203743
5875 0.203317
30275 0.202775
4499 0.202057
38772 0.202027
37888 0.2
36255 0.2
34083 0.2
32812 0.2
31429 0.2
23696 0.2
21772 0.2
5103 0.2
460 0.2
9784 0.196911
38608 0.196154
34043 0.195268
17120 0.194084
11733 0.192593
1 0.191454
24041 0.191302
29768 0.188235
37228 0.186505
33052 0.185757
38049 0.184524
20762 0.184211
9760 0.184066
18561 0.18277
37233 0.182724
11890 0.181658
4848 0.181349
18407 0.180797
25334 0.177922
39671 0.177083
34565 0.176884
13669 0.176818
27840 0.175707
24790 0.174778
24224 0.168799
6140 0.168265
35185 0.168003
5727 0.167289
14569 0.167027
34780 0.166667
30887 0.166667
24329 0.166667
23049 0.166667
20230 0.166667
16773 0.166667
7766 0.166667
7047 0.166667
3107 0.166667
390 0.166667
80 0.166481
6654 0.164504
27208 0.164467
36226 0.163256
22530 0.163256
21889 0.163256
24591 0.161988
35203 0.161111
6319 0.159805
35193 0.159476
21703 0.158546
5423 0.158453
39158 0.157971
12104 0.157393
40314 0.157287
30793 0.15674
18448 0.154762
21601 0.153472
17154 0.153343
7538 0.152841
17492 0.150443
30012 0.149917
40668 0.149556
39155 0.148946
21431 0.148109
25079 0.146382
1133 0.146221
27388 0.144761
21763 0.144745
32930 0.144684
18555 0.144684
31184 0.142857
31136 0.142857
24371 0.142857
22959 0.142857
18234 0.142857
14475 0.142857
11876 0.142857
9592 0.142857
9475 0.142857
7306 0.142857
2069 0.142857
1192 0.142857
25651 0.141758
19038 0.141758
1965 0.14152
23022 0.141311
16181 0.141097
576 0.141097
28964 0.139583
14840 0.138034
3877 0.136447
2734 0.135263
2463 0.134161
22960 0.133987
2951 0.133333
3095 0.132756
5676 0.132079
10104 0.131933
25449 0.130952
10196 0.130952
24055 0.130909
29102 0.129753
