20350 28.0722
24028 20.9756
33033 20.1735
8465 18.2659
20106 17.6579
10361 16.0146
13043 8.68297
2263 6.29796
29162 5.62224
34650 4.39324
14886 4.14662
32229 3.54599
22594 3.31286
11906 2.99524
29143 2.95809
8637 2.82385
33342 2.4708
13305 2.39692
39406 1.94106
17368 1.90656
31688 1.82845
18258 1.68259
4804 1.63727
6701 1.56601
13478 1.41901
37924 1.37421
40166 1.33265
29913 1.17912
18503 1.08966
37010 1.03494
2661 1.03294
19032 1.02638
29432 0.994089
10950 0.98158
37628 0.937371
10987 0.902818
23895 0.873321
1975 0.844999
19436 0.815992
27799 0.809972
23843 0.802149
8027 0.792686
16010 0.752583
19834 0.730556
36480 0.707854
4591 0.665514
37117 0.653202
35848 0.64336
746 0.571677
15651 0.570417
18767 0.541794
18467 0.53033
18645 0.512528
30866 0.494846
4563 0.474357
10246 0.454124
28439 0.453803
13024 0.44243
35336 0.435094
8082 0.434049
6262 0.41978
12369 0.416667
21678 0.414343
29957 0.411152
20547 0.404553
18328 0.378197
26455 0.356485
22472 0.35119
15179 0.34855
35165 0.334344
13254 0.322271
31301 0.322222
25016 0.316399
24759 0.311268
4096 0.310256
19513 0.305195
28552 0.294015
164 0.291066
5102 0.285354
27308 0.283333
23724 0.278943
34768 0.263095
32189 0.254701
21496 0.254589
10923 0.249206
301 0.248282
20250 0.238034
32468 0.234712
17990 0.234712
24746 0.234278
27766 0.226923
23696 0.22254
14102 0.21396
28519 0.211429
8672 0.211429
865 0.21131
5214 0.210317
30858 0.201923
9547 0.189834
38201 0.186742
36281 0.1867
30054 0.185714
23043 0.18061
8149 0.175115
27194 0.170687
37523 0.166778
31283 0.166667
28798 0.166667
11186 0.166667
8317 0.159785
6757 0.156667
8962 0.155806
24825 0.14939
18946 0.137916
40429 0.134656
16034 0.133268
18419 0.125
878 0.125
5405 0.118399
26734 0.117691
32273 0.111111
39606 0.110535
38384 0.109519
33888 0.109519
29547 0.109519
19543 0.109519
37515 0.109129
13221 0.101149
1353 0.101149
34459 0.1
32885 0.1
32112 0.1
20161 0.1
4621 0.1
37193 0.0916192
7838 0.0916192
17309 0.091487
8596 0.091487
38707 0.0909091
25079 0.0909091
23103 0.0909091
22567 0.0909091
20525 0.0909091
12794 0.0909091
12404 0.0909091
7173 0.0909091
6622 0.0909091
40915 0.0895161
12283 0.0868403
5613 0.0868403
1370 0.0868403
34612 0.0833333
30773 0.0833333
29597 0.0833333
24683 0.0833333
22682 0.0833333
18889 0.0833333
18718 0.0833333
14465 0.0833333
9620 0.0833333
7066 0.0833333
38007 0.0769231
37888 0.0769231
25813 0.0769231
24894 0.0769231
24501 0.0769231
4298 0.0769231
38418 0.0714286
29400 0.0714286
21596 0.0714286
20978 0.0714286
16639 0.0714286
15236 0.0714286
15171 0.0714286
12758 0.0714286
7546 0.0714286
6734 0.0714286
35919 0.0666667
35045 0.0666667
28293 0.0666667
26026 0.0666667
22454 0.0666667
18257 0.0666667
12800 0.0666667
8261 0.0666667
8058 0.0666667
5342 0.0666667
5009 0.0666667
543 0.0666667
39193 0.0625
35726 0.0625
31868 0.0625
31589 0.0625
29140 0.0625
26854 0.0625
23582 0.0625
21186 0.0625
20763 0.0625
17211 0.0625
16629 0.0625
38535 0.0588235
38323 0.0588235
25483 0.0588235
37877 0.0555556
27634 0.0555556
19900 0.0555556
534 0.0555556
21341 0.0526316
24002 0.047619
18930 0.047619
9116 0.047619
6618 0.047619
2973 0.047619
2769 0.047619
2560 0.047619
27676 0.0454545
25337 0.0454545
24414 0.0454545
20273 0.0454545
15400 0.0454545
9665 0.0454545
9595 0.0454545
2647 0.0454545
37372 0.0434783
37184 0.0434783
36963 0.0434783
33362 0.0434783
32661 0.0434783
17407 0.0434783
17175 0.0434783
14166 0.0434783
12817 0.0434783
12054 0.0434783
9540 0.0434783
40179 0.0416667
23411 0.0416667
4895 0.0416667
18201 0.04
11999 0.04
11283 0.04
40340 0.037037
34504 0.037037
22205 0.037037
19794 0.037037
17720 0.037037
16789 0.037037
11879 0.037037
10578 0.037037
9326 0.037037
8703 0.037037
5992 0.037037
5627 0.037037
5490 0.037037
2234 0.037037
27643 0.0357143
21629 0.0357143
32494 0.0344828
14265 0.0344828
13601 0.0344828
12624 0.0344828
9862 0.0344828
39661 0.0333333
35734 0.0333333
35317 0.0333333
33108 0.0333333
32536 0.0333333
29237 0.0333333
29030 0.0333333
28094 0.0333333
24678 0.0333333
24239 0.0333333
21861 0.0333333
21540 0.0333333
21000 0.0333333
16219 0.0333333
13916 0.0333333
13654 0.0333333
9001 0.0333333
3940 0.0333333
2128 0.0333333
350 0.0333333
31697 0.0322581
31286 0.0322581
30117 0.0322581
21493 0.0322581
21375 0.0322581
21183 0.0322581
5666 0.0322581
5137 0.0322581
3805 0.0322581
34600 0.027027
28989 0.027027
19936 0.027027
19738 0.027027
8399 0.027027
3342 0.027027
36001 0.025
30676 0.025
29174 0.025
28998 0.025
27462 0.025
21703 0.025
18986 0.025
17312 0.025
15225 0.025
6071 0.025
5222 0.025
2885 0.025
2069 0.025
40152 0.0188679
38527 0.0188679
30036 0.0188679
7320 0.0188679
4259 0.0188679
40980 0
40979 0
40978 0
40977 0
40976 0
40975 0
40974 0
40973 0
40972 0
40971 0
40970 0
40969 0
40968 0
40967 0
40966 0
40965 0
40964 0
40963 0
40962 0
40961 0
40960 0
40959 0
40958 0
40957 0
40956 0
40955 0
40954 0
40953 0
40952 0
40951 0
40950 0
40949 0
40948 0
40947 0
40946 0
40945 0
40944 0
40943 0
40942 0
40941 0
40940 0
40939 0
40938 0
40937 0
40936 0
40935 0
40934 0
40933 0
40932 0
40931 0
40930 0
40929 0
40928 0
40927 0
40926 0
40925 0
40924 0
40923 0
40922 0
40921 0
40920 0
40919 0
40918 0
40917 0
40916 0
40914 0
40913 0
40912 0
40911 0
40910 0
40909 0
40908 0
40907 0
40906 0
40905 0
40904 0
40903 0
40902 0
40901 0
40900 0
40899 0
40898 0
40897 0
40896 0
40895 0
40894 0
40893 0
40892 0
40891 0
40890 0
40889 0
40888 0
40887 0
40886 0
40885 0
40884 0
40883 0
40882 0
40881 0
40880 0
40879 0
40878 0
40877 0
40876 0
40875 0
40874 0
40873 0
40872 0
40871 0
40870 0
40869 0
40868 0
40867 0
40866 0
40865 0
40864 0
40863 0
40862 0
40861 0
40860 0
40859 0
40858 0
40857 0
40856 0
40855 0
40854 0
40853 0
40852 0
40851 0
40850 0
40849 0
40848 0
40847 0
40846 0
40845 0
40844 0
40843 0
40842 0
40841 0
40840 0
40839 0
40838 0
40837 0
40836 0
40835 0
40834 0
40833 0
40832 0
40831 0
40830 0
40829 0
40828 0
40827 0
40826 0
40825 0
40824 0
40823 0
40822 0
40821 0
40820 0
40819 0
40818 0
40817 0
40816 0
40815 0
40814 0
40813 0
40812 0
40811 0
40810 0
40809 0
40808 0
40807 0
40806 0
40805 0
40804 0
40803 0
40802 0
40801 0
40800 0
40799 0
40798 0
40797 0
40796 0
40795 0
40794 0
