25758 3.56035
29947 2.18208
21555 1.57344
25841 1.36614
7078 1.27854
26801 1.0021
1381 1.00104
35807 1.0007
30029 0.890775
32404 0.852008
5657 0.851906
4685 0.811359
4603 0.741888
26330 0.640544
28911 0.626479
6188 0.619385
20118 0.604468
39759 0.584518
37045 0.5671
34842 0.558591
29180 0.517726
70 0.506634
37258 0.505581
37539 0.500224
37660 0.484764
5260 0.484764
17944 0.472931
9809 0.472931
31064 0.455494
903 0.455494
23650 0.446441
3205 0.446441
27088 0.430957
14752 0.4
20741 0.396958
29017 0.386484
17059 0.38073
3069 0.370115
1233 0.361211
39470 0.360473
22332 0.360431
35890 0.35241
20244 0.343811
36983 0.332516
32495 0.326215
25239 0.324675
23815 0.319194
6295 0.319194
9356 0.319092
7627 0.319092
36497 0.296732
37239 0.295248
648 0.295248
10687 0.293434
32227 0.281456
4193 0.269564
12862 0.252169
33261 0.246637
14361 0.24314
835 0.24314
39044 0.240287
26496 0.227564
18657 0.207364
30033 0.203373
9042 0.197682
28048 0.190559
21239 0.190559
7650 0.190559
17508 0.188378
23768 0.185737
24636 0.182765
11316 0.182765
7349 0.182765
20793 0.180754
17832 0.180754
17518 0.180754
16877 0.180153
3359 0.180153
20514 0.180124
18696 0.168952
16138 0.166688
31590 0.164737
26221 0.164737
13320 0.164737
4741 0.164737
11716 0.163161
15682 0.146277
15269 0.143068
1537 0.142857
20189 0.139417
19160 0.132587
34117 0.128151
18312 0.128059
40634 0.124092
29927 0.124092
16733 0.124092
3174 0.124092
30069 0.123877
29696 0.123877
27813 0.123877
38401 0.122511
25145 0.122511
28895 0.11906
40857 0.116103
37753 0.113915
10336 0.113915
23371 0.111177
20798 0.111111
17095 0.1
16623 0.1
9627 0.0971105
951 0.0971105
38213 0.0962963
12912 0.0962963
40392 0.0912688
28365 0.0912688
23958 0.0912688
17823 0.0912688
21458 0.0909091
11963 0.0909091
20261 0.0880747
35233 0.0873042
27150 0.0873042
16174 0.0873042
3159 0.0873042
2109 0.0873042
37481 0.0867037
15447 0.0867037
19599 0.0861025
19252 0.0861025
10214 0.0861025
36706 0.0833333
26823 0.0816799
19530 0.0745469
131 0.0735092
40680 0.0714286
7956 0.0714286
2021 0.0714286
39241 0.0709353
1350 0.0702998
297 0.0698592
36107 0.0555926
30560 0.0555926
23812 0.0555926
23214 0.0555926
22370 0.0555926
4661 0.0555926
1077 0.0555926
28516 0.0550444
28362 0.0550444
26362 0.0536042
25493 0.0515584
12244 0.0515584
1309 0.0515584
11395 0.0514328
31109 0.0509579
16637 0.0509579
16382 0.0509579
10681 0.0502455
10429 0.0502455
8590 0.0502455
29779 0.0497835
31408 0.0492724
20499 0.0492724
2506 0.0492724
37763 0.0483969
13152 0.0483969
9522 0.0483969
3533 0.0478835
30421 0.0448756
15546 0.0448756
13144 0.0448756
1481 0.0448756
21155 0.0428862
1665 0.0428862
25674 0.0406977
19454 0.0406977
16993 0.0406977
11160 0.0406977
30889 0.0344828
29089 0.0302909
28548 0.0302909
21671 0.0302909
21522 0.0302909
20131 0.0302909
19136 0.0302909
17991 0.0302909
13590 0.0302909
11538 0.0302909
10801 0.0302909
6999 0.0302909
4357 0.0302909
899 0.0302909
17111 0.0238095
40537 0.0222222
39816 0.0222222
39325 0.0222222
35558 0.0222222
21717 0.0222222
20095 0.0222222
17023 0.0222222
13222 0.0222222
11605 0.0222222
1031 0.0222222
5031 0.0212766
18211 0.0208333
8434 0.0208333
37144 0.0172414
32679 0.0172414
40949 0.0169492
33788 0.0169492
20820 0.0169492
16475 0.0169492
6328 0.0169492
2224 0.0169492
32910 0.016129
11860 0.016129
3087 0.016129
39088 0.015873
20859 0.015873
9863 0.015873
38481 0.0114943
16709 0.0114943
14019 0.0114943
11598 0.0114943
15333 0.010101
1063 0.010101
25818 0.00869565
25621 0.00869565
15914 0.00869565
14675 0.00869565
10121 0.00869565
8728 0.00869565
1762 0.00869565
40980 0
40979 0
40978 0
40977 0
40976 0
40975 0
40974 0
40973 0
40972 0
40971 0
40970 0
40969 0
40968 0
40967 0
40966 0
40965 0
40964 0
40963 0
40962 0
40961 0
40960 0
40959 0
40958 0
40957 0
40956 0
40955 0
40954 0
40953 0
40952 0
40951 0
40950 0
40948 0
40947 0
40946 0
40945 0
40944 0
40943 0
40942 0
40941 0
40940 0
40939 0
40938 0
40937 0
40936 0
40935 0
40934 0
40933 0
40932 0
40931 0
40930 0
40929 0
40928 0
40927 0
40926 0
40925 0
40924 0
40923 0
40922 0
40921 0
40920 0
40919 0
40918 0
40917 0
40916 0
40915 0
40914 0
40913 0
40912 0
40911 0
40910 0
40909 0
40908 0
40907 0
40906 0
40905 0
40904 0
40903 0
40902 0
40901 0
40900 0
40899 0
40898 0
40897 0
40896 0
40895 0
40894 0
40893 0
40892 0
40891 0
40890 0
40889 0
40888 0
40887 0
40886 0
40885 0
40884 0
40883 0
40882 0
40881 0
40880 0
40879 0
40878 0
40877 0
40876 0
40875 0
40874 0
40873 0
40872 0
40871 0
40870 0
40869 0
40868 0
40867 0
40866 0
40865 0
40864 0
40863 0
40862 0
40861 0
40860 0
40859 0
40858 0
40856 0
40855 0
40854 0
40853 0
40852 0
40851 0
40850 0
40849 0
40848 0
40847 0
40846 0
40845 0
40844 0
40843 0
40842 0
40841 0
40840 0
40839 0
40838 0
40837 0
40836 0
40835 0
40834 0
40833 0
40832 0
40831 0
40830 0
40829 0
40828 0
40827 0
40826 0
40825 0
40824 0
40823 0
40822 0
40821 0
40820 0
40819 0
40818 0
40817 0
40816 0
40815 0
40814 0
40813 0
40812 0
40811 0
40810 0
40809 0
40808 0
40807 0
40806 0
40805 0
40804 0
40803 0
40802 0
40801 0
40800 0
40799 0
40798 0
40797 0
40796 0
40795 0
40794 0
40793 0
40792 0
40791 0
40790 0
40789 0
40788 0
40787 0
40786 0
40785 0
40784 0
40783 0
40782 0
40781 0
40780 0
40779 0
40778 0
40777 0
40776 0
40775 0
40774 0
40773 0
40772 0
40771 0
40770 0
40769 0
40768 0
40767 0
40766 0
40765 0
40764 0
40763 0
40762 0
40761 0
40760 0
40759 0
40758 0
40757 0
40756 0
40755 0
40754 0
40753 0
40752 0
40751 0
40750 0
40749 0
40748 0
40747 0
40746 0
40745 0
40744 0
40743 0
40742 0
40741 0
40740 0
40739 0
40738 0
40737 0
40736 0
40735 0
40734 0
40733 0
40732 0
40731 0
40730 0
40729 0
40728 0
40727 0
40726 0
40725 0
40724 0
40723 0
40722 0
40721 0
40720 0
40719 0
40718 0
40717 0
40716 0
40715 0
40714 0
40713 0
