27799 2573.27
13654 816.085
2885 756.557
35766 526.64
17312 468.948
18520 367.524
24239 355.433
30793 312.948
14138 261.835
23843 244.125
35734 232.541
27926 228.324
36400 220.821
12569 215.439
6041 178.387
830 166.081
24596 163.109
13916 152.169
16806 139.864
35317 136.618
37342 133.926
7145 133.708
21889 127.719
36313 126.415
33633 125.498
32620 124.96
18329 119.778
39962 117.489
22184 112.497
39791 110.4
33267 109.314
22530 106.596
5778 104.848
9196 104.346
22711 101.049
30425 100.817
22405 100.746
37027 100.386
1760 98.51
31301 97.4833
10210 95.3439
26181 94.0264
28094 93.577
31947 91.1769
2484 89.5834
26786 85.009
3852 83.8457
16298 83.6038
30417 77.2444
26095 77.1235
30209 75.7934
8672 73.4615
19032 73.1156
37496 71.3259
24678 70.6212
37374 69.7677
21703 69.2502
18328 68.9793
40525 68.1018
2262 66.1025
40342 64.9747
7852 64.7624
13507 63.8604
34561 63.2645
432 60.2525
15225 59.3125
11626 57.774
39671 56.2577
1610 55.8154
14943 54.9948
38856 54.7543
3940 54.5756
36952 54.2346
20928 53.4397
39183 53.2963
40890 53.2238
29634 53.0929
39951 52.9233
31589 52.4432
22594 51.9175
35346 51.5735
3356 50.8159
32536 47.5985
29901 46.4709
30419 46.2389
26476 46.2104
16723 46.1516
25765 45.876
3002 44.6352
1965 44.0606
30847 43.8047
14858 43.7837
24902 43.0209
27740 42.7771
8035 41.5133
40204 41.4703
21323 41.4562
27863 41.3424
23432 41.1949
27190 40.9872
37546 40.9345
24591 40.5227
14672 40.5106
15012 39.8495
8237 39.6598
37882 39.4743
20177 39.1351
4872 38.7152
34768 38.2989
32223 38.0044
34116 37.7579
15416 37.726
4551 36.8908
39383 36.6145
15665 36.28
36918 36.179
32885 35.9402
4112 35.6392
9197 35.3172
18834 35.2906
8592 34.725
11113 33.6767
12451 33.3954
39661 32.7995
27166 32.1554
26546 31.7955
5875 31.782
6518 31.634
6336 31.0897
8412 31.0246
35706 30.6369
2869 30.4462
25826 29.8772
19277 29.8691
15467 29.3868
34385 29.2653
17943 29.0393
556 28.7774
29140 28.6408
25568 28.5585
2585 28.3493
31582 28.3268
7807 28.2971
40883 27.9509
25065 27.8428
8224 27.7958
4189 27.6729
7076 27.6318
11789 27.4493
2786 27.2546
25651 27.2123
1659 26.884
5824 26.6186
6140 26.4579
16395 26.4084
885 26.2538
3936 26.0163
36796 25.6501
21186 25.6357
16076 25.5438
33452 25.5406
23370 25.4249
35525 25.3339
23696 25.1067
28110 25.0389
21861 24.7078
9553 24.4509
17105 24.4037
39401 24.3358
31140 23.8755
8828 23.7994
4994 23.7921
19461 23.5173
17154 23.477
29551 23.4395
12522 23.2794
16097 23.2509
34123 23.1827
35063 23.107
33653 23.0167
39177 22.5246
15276 22.3453
26448 22.0972
3821 22.088
37672 21.8415
36528 21.7737
20569 21.5244
21757 21.5001
3068 21.0689
18842 20.9694
35014 20.775
31553 20.4831
36673 20.327
39472 20.1101
4761 19.9854
15562 19.8353
29923 19.6869
18248 19.6731
38049 19.5915
16745 19.5244
31260 19.3422
16047 19.3415
38608 19.2447
30897 19.0472
2899 18.9658
19967 18.9002
28424 18.7656
32043 18.7297
14534 18.5737
3541 18.4569
33545 18.4123
24825 18.3857
6830 18.2429
37233 18.1487
22313 17.96
17033 17.955
550 17.8845
35203 17.8355
20250 17.7914
16283 17.6957
31352 17.6654
6319 17.5931
39172 17.4738
34999 17.2672
12766 17.2186
29875 17.214
3887 17.1831
2781 17.1472
19580 17.0464
36457 16.9923
24137 16.968
37881 16.9078
38118 16.5377
10923 16.4987
2542 16.4654
11393 16.3791
5821 16.3635
3718 16.3159
18138 16.2709
6654 16.2333
1332 16.2046
6298 16.107
10480 16.094
33477 16.0494
32016 15.8695
16947 15.8409
22088 15.7661
37077 15.7631
30234 15.7466
37070 15.733
25360 15.718
6033 15.6514
15476 15.3166
12104 15.1904
2027 15.1585
1410 15.1231
26832 15.0733
35825 15.0512
1975 15.0192
16504 15.01
13337 14.6528
39400 14.5529
12541 14.4715
33256 14.3514
391 14.2664
8027 14.2395
38141 14.0269
11810 13.9802
19517 13.815
37502 13.571
27486 13.4428
37729 13.2386
26541 13.1156
543 13.0778
17393 12.9464
233 12.9201
21903 12.7985
38956 12.6996
19511 12.6883
21772 12.6587
7592 12.6306
23218 12.5901
8969 12.5849
5103 12.5028
34565 12.4793
5293 12.475
26069 12.4249
38535 12.3507
22960 12.249
15264 12.0775
25659 11.9381
20704 11.9214
13628 11.8898
1462 11.8753
3535 11.8242
18963 11.7884
23468 11.6799
37795 11.64
13120 11.6148
26323 11.6115
828 11.6083
6979 11.6033
32930 11.5984
27033 11.4786
25307 11.4219
39925 11.401
37750 11.3934
4484 11.3314
23898 11.2673
24957 11.1775
29237 11.1212
29077 11.0682
20093 11.065
30676 11.0611
38952 11.0209
12449 10.9913
21601 10.8373
4934 10.8332
25362 10.8269
21813 10.6424
12525 10.6418
33108 10.4968
6906 10.4796
6924 10.473
32552 10.4112
4296 10.3984
11080 10.354
31136 10.3434
33119 10.3325
9283 10.2923
5660 10.2289
24505 10.213
34664 10.0679
31564 10.0102
23439 9.93466
26794 9.91925
37441 9.85714
26854 9.85283
19253 9.84006
34043 9.81977
20763 9.81466
38346 9.75634
7099 9.74769
10253 9.63576
1230 9.44006
4444 9.41862
7047 9.29789
18435 9.25475
30216 9.17348
18558 9.15078
34770 9.11052
19653 9.08163
13513 9.04593
35029 8.98605
37426 8.96832
6501 8.92947
9665 8.92908
22368 8.80108
612 8.77503
1 8.68219
31858 8.68127
16390 8.665
40165 8.65869
16250 8.62015
8212 8.6101
38863 8.55056
28177 8.5062
27395 8.47347
18555 8.42546
23446 8.39811
24400 8.3813
350 8.33501
19379 8.30049
20007 8.27597
22057 8.27533
39960 8.228
24041 8.13548
23628 8.11969
15075 8.03193
16001 7.93452
328 7.93185
14795 7.91788
17137 7.87356
34911 7.69787
27408 7.67281
110 7.67113
29851 7.6152
37800 7.59105
23240 7.51745
39155 7.50401
18683 7.49956
7132 7.49398
1791 7.48037
18561 7.47085
33391 7.40034
25016 7.37321
5241 7.36568
5423 7.35541
26928 7.3268
23251 7.31703
80 7.29799
38583 7.20522
27349 7.18492
37924 7.18194
31184 7.18185
2877 7.17628
35463 7.14889
35086 7.07973
26803 7.06857
21978 7.02601
21801 6.92682
40414 6.91641
14934 6.89606
19048 6.8627
4023 6.85323
27208 6.81779
170 6.75004
2752 6.73562
35099 6.67799
29073 6.67702
9001 6.668
34835 6.61738
31537 6.6165
28390 6.61119
37523 6.57519
4998 6.5633
36278 6.5562
32324 6.51027
17985 6.45793
14790 6.40666
5709 6.40506
4900 6.37063
4848 6.35524
6820 6.29821
23724 6.29577
4058 6.29008
11488 6.28223
39567 6.28015
23748 6.2246
9239 6.21954
19079 6.20136
29640 6.19795
32886 6.18894
36239 6.16393
32688 6.14392
36661 6.1398
23566 6.10886
13043 6.07441
2638 6.07263
3030 6.05314
6262 6.0493
2069 6.04786
39245 5.99989
15434 5.97433
17104 5.96878
6172 5.96136
33377 5.90741
23886 5.90527
27840 5.89923
29626 5.8462
15669 5.83457
12393 5.80767
11052 5.79239
32708 5.79228
25614 5.78187
7312 5.7256
31240 5.71572
35194 5.69855
19774 5.69354
28756 5.69097
33028 5.66912
24162 5.64646
37815 5.61941
14980 5.61251
39158 5.52946
27989 5.5067
26312 5.46751
10 5.44675
4796 5.42849
2631 5.42309
37711 5.40106
31938 5.37438
30168 5.31237
17590 5.30807
2749 5.27828
15493 5.22553
24368 5.18619
31894 5.18042
6992 5.17892
37305 5.16432
4054 5.14728
21785 5.14662
25095 5.14149
37566 5.13978
6083 5.11835
11331 5.11738
7921 5.09627
37340 5.0695
28407 5.05897
11863 5.0539
