52 13.1843
31301 10.5574
17634 5.28894
13785 3.9027
10880 2.64088
26923 2.07115
27514 1.99135
26750 1.69733
7691 1.65663
7708 1.36522
38662 1.17888
128 1.07504
18328 0.988034
36467 0.916667
7343 0.894444
27892 0.838467
1897 0.795184
34495 0.780147
17999 0.757272
2775 0.727531
27434 0.695458
6719 0.676078
24237 0.674242
9655 0.666667
10737 0.666558
26088 0.665579
38145 0.6
14544 0.586483
10073 0.584445
31735 0.55
22402 0.547511
23843 0.542857
12518 0.532834
32593 0.516542
919 0.508231
1204 0.505354
5693 0.475318
29059 0.457576
36996 0.446429
7024 0.44513
34825 0.419935
35985 0.413743
33672 0.413743
28305 0.400341
32718 0.393541
26960 0.391667
40869 0.380952
28917 0.37619
21022 0.371429
8672 0.363743
2838 0.352564
13646 0.349238
37027 0.333333
25944 0.333333
22125 0.333333
10057 0.33125
3936 0.314286
38283 0.311111
1587 0.308626
8508 0.30754
10980 0.298312
19119 0.286725
27431 0.278943
9665 0.277778
39743 0.275359
25445 0.27484
6644 0.273109
28904 0.272269
22594 0.267399
31265 0.263736
33944 0.263636
15400 0.263258
39374 0.262338
3112 0.261905
30167 0.258741
15637 0.258741
24762 0.250883
10117 0.250883
25265 0.25
19185 0.25
17341 0.25
6889 0.25
4545 0.25
488 0.25
32767 0.244939
8186 0.244939
39414 0.240909
36986 0.231061
30856 0.231061
5691 0.230159
31734 0.221212
21983 0.217816
27844 0.207175
13341 0.207175
22890 0.2
16853 0.2
15603 0.199728
3494 0.199728
31061 0.198352
16527 0.197244
4928 0.1965
20966 0.196221
2289 0.190296
40017 0.189445
5175 0.189076
10923 0.182043
10602 0.178073
29997 0.176441
14377 0.176136
23317 0.17549
32282 0.166997
31964 0.166667
31509 0.166667
20424 0.166667
17159 0.166667
10131 0.166667
9846 0.166667
2633 0.166667
31606 0.162409
4405 0.162409
1267 0.154615
2842 0.143129
33421 0.142857
19765 0.142857
8131 0.142857
878 0.142857
1213 0.138386
37797 0.137255
40573 0.126374
23014 0.126374
28444 0.126111
37175 0.125
36554 0.125
25413 0.125
15446 0.125
37998 0.116785
14603 0.116785
10760 0.116785
24962 0.114396
2249 0.112405
2241 0.112405
39515 0.111111
28038 0.111111
21359 0.111111
18632 0.111111
17177 0.111111
7000 0.111111
40758 0.110868
15187 0.110868
11615 0.110868
22583 0.101501
6055 0.101501
38095 0.1
35096 0.1
31327 0.1
14565 0.1
11251 0.1
9891 0.1
9601 0.1
5800 0.1
1055 0.1
865 0.1
19589 0.0958987
24335 0.0909091
20035 0.0909091
19203 0.0909091
11338 0.0909091
36623 0.0899635
33814 0.0899635
22465 0.0899635
21399 0.0899635
35721 0.0833333
33646 0.0833333
24571 0.0833333
21916 0.0833333
15094 0.0833333
7881 0.0833333
5373 0.0824421
34120 0.0769231
29433 0.0769231
27352 0.0769231
24133 0.0769231
23211 0.0769231
21147 0.0769231
19373 0.0769231
12709 0.0769231
12204 0.0769231
7374 0.0769231
6504 0.0769231
6096 0.0769231
5517 0.0769231
5205 0.0769231
3297 0.0769231
3906 0.076078
1427 0.076078
39593 0.0714286
36006 0.0714286
32975 0.0714286
31409 0.0714286
29269 0.0714286
28622 0.0714286
28033 0.0714286
23380 0.0714286
22597 0.0714286
19972 0.0714286
16012 0.0714286
11625 0.0714286
11013 0.0714286
10423 0.0714286
10322 0.0714286
10205 0.0714286
9362 0.0714286
36734 0.0666667
31448 0.0666667
14041 0.0666667
3445 0.0666667
2647 0.0666667
1800 0.0666667
186 0.0666667
3648 0.0625
2077 0.0625
30286 0.0588235
24475 0.0588235
19295 0.0588235
18295 0.0588235
16791 0.0588235
1803 0.0588235
1318 0.0588235
39678 0.0526316
38293 0.0526316
37857 0.0526316
37830 0.0526316
34894 0.0526316
33804 0.0526316
28336 0.0526316
25543 0.0526316
22227 0.0526316
20458 0.0526316
17818 0.0526316
16061 0.0526316
15352 0.0526316
15282 0.0526316
14857 0.0526316
13762 0.0526316
13435 0.0526316
10127 0.0526316
10123 0.0526316
8669 0.0526316
7593 0.0526316
3880 0.0526316
3575 0.0526316
1323 0.0526316
28743 0.05
27003 0.05
25349 0.05
24986 0.05
24825 0.05
18198 0.05
1468 0.05
34562 0.0454545
32261 0.0454545
30780 0.0454545
11587 0.0454545
9002 0.0454545
8589 0.0454545
8563 0.0454545
7036 0.0454545
37591 0.0434783
27886 0.0434783
27646 0.0434783
27425 0.0434783
22179 0.0434783
6366 0.0434783
4408 0.0434783
2783 0.0434783
33069 0.0344828
20129 0.0344828
8163 0.0344828
363 0.0344828
40689 0.03125
33118 0.03125
30948 0.03125
28812 0.03125
28245 0.03125
22897 0.03125
18913 0.03125
18274 0.03125
16604 0.03125
15506 0.03125
13209 0.03125
4432 0.03125
4070 0.03125
3363 0.03125
2659 0.03125
2227 0.03125
39875 0.030303
39730 0.030303
39318 0.030303
35366 0.030303
33990 0.030303
23364 0.030303
22732 0.030303
21737 0.030303
18859 0.030303
9083 0.030303
3287 0.030303
1341 0.030303
27939 0.0294118
25017 0.0294118
18044 0.0294118
18011 0.0294118
13588 0.0294118
10277 0.0294118
9019 0.0294118
2958 0.0294118
808 0.0294118
39582 0.025641
39171 0.025641
33708 0.025641
32852 0.025641
31816 0.025641
29639 0.025641
26892 0.025641
26361 0.025641
23374 0.025641
20947 0.025641
13955 0.025641
9413 0.025641
7894 0.025641
6856 0.025641
3369 0.025641
40915 0.0238095
38515 0.0238095
38158 0.0238095
34768 0.0238095
32885 0.0238095
31946 0.0238095
31581 0.0238095
31505 0.0238095
30336 0.0238095
29972 0.0238095
23366 0.0238095
22588 0.0238095
22228 0.0238095
15891 0.0238095
14466 0.0238095
12444 0.0238095
6585 0.0238095
6427 0.0238095
40615 0.0227273
39256 0.0227273
35048 0.0227273
32862 0.0227273
31986 0.0227273
30683 0.0227273
26159 0.0227273
24487 0.0227273
24441 0.0227273
19767 0.0227273
15189 0.0227273
13881 0.0227273
13422 0.0227273
13029 0.0227273
12063 0.0227273
6815 0.0227273
6609 0.0227273
3245 0.0227273
2867 0.0227273
2256 0.0227273
37637 0.0188679
37396 0.0188679
33078 0.0188679
31561 0.0188679
30269 0.0188679
26400 0.0188679
22990 0.0188679
19176 0.0188679
16895 0.0188679
12384 0.0188679
9718 0.0188679
9200 0.0188679
4851 0.0188679
3641 0.0188679
2943 0.0188679
2387 0.0188679
606 0.0188679
40912 0.0117647
40031 0.0117647
40029 0.0117647
39807 0.0117647
38865 0.0117647
36446 0.0117647
36106 0.0117647
35524 0.0117647
34834 0.0117647
34727 0.0117647
34618 0.0117647
34160 0.0117647
33005 0.0117647
31682 0.0117647
31670 0.0117647
30540 0.0117647
30199 0.0117647
29934 0.0117647
29794 0.0117647
29407 0.0117647
29219 0.0117647
28142 0.0117647
27789 0.0117647
26992 0.0117647
26334 0.0117647
25427 0.0117647
25325 0.0117647
25223 0.0117647
23912 0.0117647
23813 0.0117647
22904 0.0117647
21247 0.0117647
21190 0.0117647
21121 0.0117647
17659 0.0117647
17331 0.0117647
17128 0.0117647
16983 0.0117647
16618 0.0117647
15768 0.0117647
14820 0.0117647
14720 0.0117647
13568 0.0117647
13378 0.0117647
12672 0.0117647
12620 0.0117647
12096 0.0117647
11944 0.0117647
11216 0.0117647
10332 0.0117647
10245 0.0117647
9557 0.0117647
9393 0.0117647
9321 0.0117647
8580 0.0117647
8280 0.0117647
8037 0.0117647
7435 0.0117647
7425 0.0117647
6152 0.0117647
5066 0.0117647
4859 0.0117647
4393 0.0117647
4192 0.0117647
3553 0.0117647
3158 0.0117647
132 0.0117647
40980 0
40979 0
40978 0
40977 0
40976 0
40975 0
40974 0
40973 0
40972 0
40971 0
40970 0
40969 0
40968 0
40967 0
40966 0
40965 0
40964 0
40963 0
40962 0
40961 0
40960 0
40959 0
40958 0
40957 0
40956 0
40955 0
40954 0
40953 0
40952 0
40951 0
40950 0
40949 0
40948 0
40947 0
40946 0
40945 0
40944 0
40943 0
40942 0
40941 0
40940 0
40939 0
40938 0
40937 0
40936 0
40935 0
40934 0
