23843 9.09361
16390 4.03069
16817 1.80342
28500 1.50519
29401 1.39773
14398 1.29595
39791 1.18615
40882 1.13148
24663 1.05758
34737 0.82381
30793 0.724959
26153 0.7
30561 0.648443
39383 0.633333
40420 0.57037
21889 0.554834
22501 0.527778
23024 0.492887
18088 0.490909
31301 0.475
20875 0.461279
17204 0.432209
35346 0.430592
32522 0.38254
2194 0.370448
27135 0.347222
8375 0.343541
36210 0.333333
23435 0.333333
12466 0.333333
409 0.333333
31047 0.325392
14115 0.305911
25583 0.294613
37328 0.287037
29875 0.268249
29373 0.259524
11412 0.257576
32833 0.25
31329 0.25
31153 0.25
24936 0.25
24411 0.25
19455 0.25
17757 0.25
16090 0.25
14823 0.25
13931 0.25
10266 0.25
6738 0.25
4528 0.25
668 0.25
39947 0.249206
30676 0.249206
27989 0.249206
11080 0.249206
110 0.249206
17295 0.214815
7277 0.206349
14774 0.205628
38928 0.2
37974 0.2
24608 0.2
19820 0.2
19016 0.2
18950 0.2
12493 0.2
10299 0.2
7921 0.2
7639 0.2
2147 0.2
23894 0.186147
30612 0.166667
25178 0.166667
25016 0.166667
22355 0.166667
11411 0.166667
7932 0.166667
24615 0.157143
17312 0.157143
37506 0.148443
17131 0.148443
40590 0.142857
40271 0.142857
39640 0.142857
35505 0.142857
35351 0.142857
34027 0.142857
33065 0.142857
25179 0.142857
16231 0.142857
16076 0.142857
14943 0.142857
11660 0.142857
9453 0.142857
4617 0.142857
1908 0.142857
24678 0.126441
22184 0.126441
16393 0.126441
1610 0.126441
33695 0.125
31336 0.125
31285 0.125
17210 0.125
14570 0.125
10114 0.125
797 0.125
35734 0.124959
2885 0.124959
2675 0.124959
30881 0.111111
29155 0.111111
21689 0.111111
19419 0.111111
13309 0.111111
5112 0.111111
1834 0.111111
19279 0.1
14502 0.1
5971 0.1
1637 0.1
34312 0.0909091
30754 0.0909091
27863 0.0909091
26930 0.0909091
25885 0.0909091
23993 0.0909091
23696 0.0909091
22594 0.0909091
19630 0.0909091
18428 0.0909091
16504 0.0909091
16313 0.0909091
12845 0.0909091
6010 0.0909091
5821 0.0909091
5783 0.0909091
2877 0.0909091
39395 0.0769231
33533 0.0769231
23928 0.0769231
10703 0.0769231
39908 0.0714286
8831 0.0714286
8507 0.0714286
5043 0.0714286
4870 0.0714286
1256 0.0714286
543 0.0714286
35029 0.0666667
32620 0.0666667
19829 0.0666667
17277 0.0666667
15416 0.0666667
10689 0.0666667
9334 0.0666667
6992 0.0666667
634 0.0666667
28468 0.0526316
25377 0.0526316
21288 0.0526316
20852 0.0526316
20652 0.0526316
6064 0.0526316
2566 0.0526316
1975 0.0526316
40149 0.05
38716 0.05
12983 0.05
12041 0.05
3711 0.05
2516 0.05
1232 0.05
1108 0.05
37776 0.037037
36139 0.037037
32060 0.037037
16298 0.037037
15372 0.037037
12527 0.037037
10594 0.037037
10061 0.037037
7402 0.037037
6112 0.037037
5644 0.037037
3300 0.037037
37576 0.0344828
27454 0.0344828
26476 0.0344828
25614 0.0344828
22405 0.0344828
15295 0.0344828
14138 0.0344828
13507 0.0344828
9320 0.0344828
7125 0.0344828
1643 0.0344828
38583 0.0238095
36952 0.0238095
35185 0.0238095
30764 0.0238095
26084 0.0238095
24239 0.0238095
21978 0.0238095
21757 0.0238095
15873 0.0238095
14768 0.0238095
14543 0.0238095
11642 0.0238095
5937 0.0238095
5719 0.0238095
3721 0.0238095
556 0.0238095
40980 0
40979 0
40978 0
40977 0
40976 0
40975 0
40974 0
40973 0
40972 0
40971 0
40970 0
40969 0
40968 0
40967 0
40966 0
40965 0
40964 0
40963 0
40962 0
40961 0
40960 0
40959 0
40958 0
40957 0
40956 0
40955 0
40954 0
40953 0
40952 0
40951 0
40950 0
40949 0
40948 0
40947 0
40946 0
40945 0
40944 0
40943 0
40942 0
40941 0
40940 0
40939 0
40938 0
40937 0
40936 0
40935 0
40934 0
40933 0
40932 0
40931 0
40930 0
40929 0
40928 0
40927 0
40926 0
40925 0
40924 0
40923 0
40922 0
40921 0
40920 0
40919 0
40918 0
40917 0
40916 0
40915 0
40914 0
40913 0
40912 0
40911 0
40910 0
40909 0
40908 0
40907 0
40906 0
40905 0
40904 0
40903 0
40902 0
40901 0
40900 0
40899 0
40898 0
40897 0
40896 0
40895 0
40894 0
40893 0
40892 0
40891 0
40890 0
40889 0
40888 0
40887 0
40886 0
40885 0
40884 0
40883 0
40881 0
40880 0
40879 0
40878 0
40877 0
40876 0
40875 0
40874 0
40873 0
40872 0
40871 0
40870 0
40869 0
40868 0
40867 0
40866 0
40865 0
40864 0
40863 0
40862 0
40861 0
40860 0
40859 0
40858 0
40857 0
40856 0
40855 0
40854 0
40853 0
40852 0
40851 0
40850 0
40849 0
40848 0
40847 0
40846 0
40845 0
40844 0
40843 0
40842 0
40841 0
40840 0
40839 0
40838 0
40837 0
40836 0
40835 0
40834 0
40833 0
40832 0
40831 0
40830 0
40829 0
40828 0
40827 0
40826 0
40825 0
40824 0
40823 0
40822 0
40821 0
40820 0
40819 0
40818 0
40817 0
40816 0
40815 0
40814 0
40813 0
40812 0
40811 0
40810 0
40809 0
40808 0
40807 0
40806 0
40805 0
40804 0
40803 0
40802 0
40801 0
40800 0
40799 0
40798 0
40797 0
40796 0
40795 0
40794 0
40793 0
40792 0
40791 0
40790 0
40789 0
40788 0
40787 0
40786 0
40785 0
40784 0
40783 0
40782 0
40781 0
40780 0
40779 0
40778 0
40777 0
40776 0
40775 0
40774 0
40773 0
40772 0
40771 0
40770 0
40769 0
40768 0
40767 0
40766 0
40765 0
40764 0
40763 0
40762 0
40761 0
40760 0
40759 0
40758 0
40757 0
40756 0
40755 0
40754 0
40753 0
40752 0
40751 0
40750 0
40749 0
40748 0
40747 0
40746 0
40745 0
40744 0
40743 0
40742 0
40741 0
40740 0
40739 0
40738 0
40737 0
40736 0
40735 0
40734 0
40733 0
40732 0
40731 0
40730 0
40729 0
40728 0
40727 0
40726 0
40725 0
40724 0
40723 0
40722 0
40721 0
40720 0
40719 0
40718 0
40717 0
40716 0
40715 0
40714 0
40713 0
40712 0
40711 0
40710 0
40709 0
40708 0
40707 0
40706 0
40705 0
40704 0
40703 0
40702 0
40701 0
40700 0
40699 0
40698 0
40697 0
40696 0
40695 0
40694 0
