17343 3.29729
19032 2.28188
23764 1.83618
6563 1.70084
19800 1.21175
32651 1.14943
14690 0.542857
28345 0.513951
25096 0.453968
31301 0.43306
7250 0.414286
17799 0.388889
1026 0.366667
40636 0.364138
38125 0.364138
22148 0.285714
38906 0.275188
17696 0.275188
16789 0.275188
30916 0.252505
29109 0.25
27799 0.219298
26095 0.219298
36899 0.2
31806 0.2
28941 0.2
26548 0.2
39194 0.199489
25155 0.193872
15494 0.175679
17796 0.166667
1365 0.164922
14354 0.142857
5750 0.142857
33840 0.134983
24002 0.134983
33857 0.125
3107 0.125
19726 0.111111
12701 0.111111
1247 0.111111
34585 0.109467
14815 0.109467
29102 0.0769231
35123 0.0714286
29570 0.0714286
20845 0.0714286
20347 0.0714286
8778 0.0714286
2738 0.0714286
36189 0.0565984
31059 0.0565984
29275 0.0565984
28774 0.0565984
27448 0.0565984
26608 0.0565984
21350 0.0565984
20588 0.0565984
20090 0.0565984
14031 0.0565984
13809 0.0565984
12095 0.0565984
11822 0.0565984
2560 0.0565984
66 0.0565984
40890 0.0526316
39661 0.0526316
35766 0.0526316
33108 0.0526316
33052 0.0526316
31140 0.0526316
28110 0.0526316
27863 0.0526316
26832 0.0526316
21323 0.0526316
19511 0.0526316
16283 0.0526316
13628 0.0526316
26236 0.047619
25909 0.047619
24121 0.047619
23090 0.047619
22565 0.047619
21082 0.047619
9254 0.047619
4021 0.047619
3573 0.047619
1002 0.047619
39884 0.0454545
36389 0.0454545
36145 0.0454545
30681 0.0454545
28163 0.0454545
24498 0.0454545
23340 0.0454545
23264 0.0454545
15046 0.0454545
9767 0.0454545
5242 0.0454545
4749 0.0454545
1081 0.0454545
466 0.0454545
454 0.0454545
28213 0.0416667
26407 0.0416667
19313 0.0416667
17185 0.0416667
13197 0.0416667
10480 0.0416667
9852 0.0416667
7658 0.0416667
543 0.0416667
40806 0.0232558
40662 0.0232558
35307 0.0232558
34448 0.0232558
33642 0.0232558
27335 0.0232558
25668 0.0232558
25245 0.0232558
24662 0.0232558
23843 0.0232558
19626 0.0232558
17014 0.0232558
15970 0.0232558
11902 0.0232558
7784 0.0232558
2475 0.0232558
40533 0.0169492
39932 0.0169492
39672 0.0169492
38844 0.0169492
36809 0.0169492
36549 0.0169492
35980 0.0169492
34176 0.0169492
33231 0.0169492
32992 0.0169492
26385 0.0169492
26180 0.0169492
25467 0.0169492
24644 0.0169492
22137 0.0169492
20686 0.0169492
18040 0.0169492
16987 0.0169492
12471 0.0169492
11835 0.0169492
10805 0.0169492
9025 0.0169492
7695 0.0169492
7205 0.0169492
6969 0.0169492
6119 0.0169492
5318 0.0169492
953 0.0169492
786 0.0169492
689 0.0169492
40669 0.0163934
37002 0.0163934
36388 0.0163934
33025 0.0163934
31399 0.0163934
29793 0.0163934
29519 0.0163934
29369 0.0163934
28835 0.0163934
28248 0.0163934
26998 0.0163934
25780 0.0163934
25288 0.0163934
22976 0.0163934
22656 0.0163934
22014 0.0163934
20980 0.0163934
17522 0.0163934
17076 0.0163934
16819 0.0163934
16146 0.0163934
12747 0.0163934
12714 0.0163934
8943 0.0163934
8136 0.0163934
7003 0.0163934
2533 0.0163934
886 0.0163934
40980 0
40979 0
40978 0
40977 0
40976 0
40975 0
40974 0
40973 0
40972 0
40971 0
40970 0
40969 0
40968 0
40967 0
40966 0
40965 0
40964 0
40963 0
40962 0
40961 0
40960 0
40959 0
40958 0
40957 0
40956 0
40955 0
40954 0
40953 0
40952 0
40951 0
40950 0
40949 0
40948 0
40947 0
40946 0
40945 0
40944 0
40943 0
40942 0
40941 0
40940 0
40939 0
40938 0
40937 0
40936 0
40935 0
40934 0
40933 0
40932 0
40931 0
40930 0
40929 0
40928 0
40927 0
40926 0
40925 0
40924 0
40923 0
40922 0
40921 0
40920 0
40919 0
40918 0
40917 0
40916 0
40915 0
40914 0
40913 0
40912 0
40911 0
40910 0
40909 0
40908 0
40907 0
40906 0
40905 0
40904 0
40903 0
40902 0
40901 0
40900 0
40899 0
40898 0
40897 0
40896 0
40895 0
40894 0
40893 0
40892 0
40891 0
40889 0
40888 0
40887 0
40886 0
40885 0
40884 0
40883 0
40882 0
40881 0
40880 0
40879 0
40878 0
40877 0
40876 0
40875 0
40874 0
40873 0
40872 0
40871 0
40870 0
40869 0
40868 0
40867 0
40866 0
40865 0
40864 0
40863 0
40862 0
40861 0
40860 0
40859 0
40858 0
40857 0
40856 0
40855 0
40854 0
40853 0
40852 0
40851 0
40850 0
40849 0
40848 0
40847 0
40846 0
40845 0
40844 0
40843 0
40842 0
40841 0
40840 0
40839 0
40838 0
40837 0
40836 0
40835 0
40834 0
40833 0
40832 0
40831 0
40830 0
40829 0
40828 0
40827 0
40826 0
40825 0
40824 0
40823 0
40822 0
40821 0
40820 0
40819 0
40818 0
40817 0
40816 0
40815 0
40814 0
40813 0
40812 0
40811 0
40810 0
40809 0
40808 0
40807 0
40805 0
40804 0
40803 0
40802 0
40801 0
40800 0
40799 0
40798 0
40797 0
40796 0
40795 0
40794 0
40793 0
40792 0
40791 0
40790 0
40789 0
40788 0
40787 0
40786 0
40785 0
40784 0
40783 0
40782 0
40781 0
40780 0
40779 0
40778 0
40777 0
40776 0
40775 0
40774 0
40773 0
40772 0
40771 0
40770 0
40769 0
40768 0
40767 0
40766 0
40765 0
40764 0
40763 0
40762 0
40761 0
40760 0
40759 0
40758 0
40757 0
40756 0
40755 0
40754 0
40753 0
40752 0
40751 0
40750 0
40749 0
40748 0
40747 0
40746 0
40745 0
40744 0
40743 0
40742 0
40741 0
40740 0
40739 0
40738 0
40737 0
40736 0
40735 0
40734 0
40733 0
40732 0
40731 0
40730 0
40729 0
40728 0
40727 0
40726 0
40725 0
40724 0
40723 0
40722 0
40721 0
40720 0
40719 0
40718 0
40717 0
40716 0
40715 0
40714 0
40713 0
40712 0
40711 0
40710 0
40709 0
40708 0
40707 0
40706 0
40705 0
40704 0
40703 0
40702 0
40701 0
40700 0
40699 0
40698 0
40697 0
40696 0
40695 0
40694 0
40693 0
40692 0
40691 0
40690 0
40689 0
40688 0
40687 0
40686 0
40685 0
40684 0
40683 0
40682 0
40681 0
40680 0
40679 0
40678 0
40677 0
40676 0
40675 0
40674 0
40673 0
40672 0
40671 0
40670 0
40668 0
40667 0
40666 0
40665 0
40664 0
