29934 13.7369
32615 9.96229
33629 8.45963
18900 5.06204
26723 4.70131
32577 4.62058
14042 4.59815
26308 3.95679
32141 3.80192
19291 3.34342
1674 3.30208
37485 2.93906
26740 2.81084
40265 2.75904
20405 2.7563
34162 2.5507
34308 2.34341
12388 2.3404
27546 2.31335
4500 2.08425
21872 2.04184
25590 1.88061
40821 1.74544
20483 1.61361
27381 1.56569
26117 1.54457
36592 1.52501
37408 1.52053
11305 1.50322
15330 1.48513
23379 1.42922
9263 1.41545
8034 1.39958
15864 1.31732
27149 1.24311
34103 1.14028
38642 1.13693
10149 1.10288
9153 1.08711
4063 1.0735
27783 1.06991
32674 1.06431
14849 1.06106
28703 1.05323
30098 0.993598
1906 0.951786
27529 0.94755
9128 0.942324
24708 0.907868
14493 0.88669
21778 0.87922
26800 0.87179
23762 0.860542
38266 0.85086
40211 0.841667
16882 0.826543
22933 0.824249
4549 0.824143
6974 0.821319
8610 0.792919
14214 0.763704
30280 0.728894
37363 0.726349
30470 0.724381
657 0.720504
37427 0.71769
18328 0.712897
3809 0.677293
39557 0.674242
30490 0.673867
10518 0.663743
21707 0.655133
32754 0.652778
25189 0.649044
4865 0.641095
23341 0.639544
18763 0.634909
28512 0.619048
25609 0.611323
29173 0.587302
31596 0.582937
22710 0.577513
18357 0.55
38791 0.545426
34745 0.541667
24447 0.537663
2668 0.535714
11100 0.523181
12719 0.506026
13397 0.505979
3385 0.486111
36058 0.47807
34675 0.468316
36099 0.466204
40433 0.465909
28425 0.455357
25333 0.444444
28456 0.438896
4658 0.437693
12831 0.429782
24066 0.429232
10629 0.422969
39437 0.415906
20253 0.411111
30169 0.410606
39416 0.408652
38087 0.400433
6712 0.397345
969 0.392945
18948 0.388889
8401 0.380909
6631 0.375
27906 0.374348
6596 0.36949
67 0.368347
32866 0.365079
2702 0.351844
12266 0.344877
35826 0.330409
18382 0.326403
11760 0.326403
28427 0.30609
17584 0.297778
6277 0.2875
24200 0.285354
30058 0.28395
27008 0.279762
15251 0.277778
4767 0.276786
24161 0.275336
18187 0.269619
23094 0.267399
5520 0.266667
36675 0.252747
13821 0.25
10644 0.247801
557 0.245961
16245 0.244318
32157 0.243452
4448 0.242816
27414 0.242394
8222 0.24132
35143 0.238967
28671 0.234444
1028 0.228704
36260 0.225962
9975 0.225071
10876 0.216097
21996 0.212933
8964 0.212652
23227 0.205628
23106 0.203244
27207 0.202298
36893 0.194739
38963 0.190476
40283 0.189453
11279 0.18624
21775 0.184149
30657 0.183712
32099 0.180909
28485 0.180905
1902 0.177037
27229 0.174341
16412 0.169345
10025 0.167931
37587 0.166667
30755 0.166667
24266 0.166667
23671 0.166667
23395 0.166667
20364 0.166667
20008 0.166667
11837 0.166667
8608 0.166667
8532 0.166667
38210 0.165909
20460 0.164286
1377 0.150558
16649 0.148775
40231 0.148013
15023 0.145
34184 0.142857
25033 0.142857
17289 0.142857
15857 0.142857
40397 0.133915
33537 0.132561
10185 0.132561
8103 0.132561
22932 0.131814
30221 0.126609
34593 0.125
27343 0.125
6030 0.125
83 0.125
27747 0.122843
5675 0.122843
17962 0.12049
4260 0.119956
36908 0.111111
23226 0.111111
18104 0.111111
16616 0.111111
10563 0.111111
4863 0.111111
563 0.111111
17736 0.109069
16144 0.108383
20421 0.108102
38328 0.102402
27802 0.1
9577 0.1
8672 0.1
4808 0.1
3127 0.1
33698 0.0975628
35957 0.0909091
33624 0.0909091
22655 0.0909091
12465 0.0833333
36752 0.0779001
26859 0.0769231
18045 0.0769231
14205 0.0769231
28554 0.0743121
1275 0.0743121
22309 0.0714286
15452 0.0714286
12679 0.0714286
22824 0.0666667
4312 0.0666667
28271 0.0647635
13303 0.0647635
28507 0.0643875
25548 0.0643875
35667 0.0642098
31447 0.0642098
30188 0.0642098
24168 0.0625
9099 0.0625
4059 0.0625
2569 0.0625
39757 0.0588235
16930 0.0588235
39428 0.0555556
37176 0.0555556
35704 0.0555556
27471 0.0555556
13432 0.0555556
12756 0.0555556
5693 0.0555556
186 0.0555556
36822 0.0526316
33463 0.0526316
15794 0.05
5916 0.05
33022 0.047619
15325 0.047619
4381 0.047619
38006 0.0472059
37549 0.0472059
36898 0.0472059
22863 0.0472059
20414 0.0472059
20292 0.0472059
15899 0.0472059
8698 0.0472059
6842 0.0472059
2467 0.0472059
10134 0.0434783
21184 0.0416667
2039 0.0416667
40188 0.04
31392 0.04
30427 0.0384615
15185 0.0384615
5396 0.0384615
35446 0.037037
31301 0.037037
25928 0.037037
25749 0.037037
10494 0.037037
32885 0.0333333
1079 0.0333333
22439 0.03125
2212 0.03125
27866 0.030303
8378 0.0263158
39260 0.0238095
30721 0.0238095
18724 0.0238095
17802 0.0238095
16671 0.0238095
4318 0.0238095
3388 0.0238095
30156 0.02
40654 0.0196078
24178 0.0196078
36439 0.0140845
17969 0.0140845
17139 0.0140845
4440 0.0140845
39928 0.0135135
21413 0.0135135
5191 0.0135135
3613 0.0135135
40980 0
40979 0
40978 0
40977 0
40976 0
40975 0
40974 0
40973 0
40972 0
40971 0
40970 0
40969 0
40968 0
40967 0
40966 0
40965 0
40964 0
40963 0
40962 0
40961 0
40960 0
40959 0
40958 0
40957 0
40956 0
40955 0
40954 0
40953 0
40952 0
40951 0
40950 0
40949 0
40948 0
40947 0
40946 0
40945 0
40944 0
40943 0
40942 0
40941 0
40940 0
40939 0
40938 0
40937 0
40936 0
40935 0
40934 0
40933 0
40932 0
40931 0
40930 0
40929 0
40928 0
40927 0
40926 0
40925 0
40924 0
40923 0
40922 0
40921 0
40920 0
40919 0
40918 0
40917 0
40916 0
40915 0
40914 0
40913 0
40912 0
40911 0
40910 0
40909 0
40908 0
40907 0
40906 0
40905 0
40904 0
40903 0
40902 0
40901 0
40900 0
40899 0
40898 0
40897 0
40896 0
40895 0
40894 0
40893 0
40892 0
40891 0
40890 0
40889 0
40888 0
40887 0
40886 0
40885 0
40884 0
40883 0
40882 0
40881 0
40880 0
40879 0
40878 0
40877 0
40876 0
40875 0
40874 0
40873 0
40872 0
40871 0
40870 0
40869 0
40868 0
40867 0
40866 0
40865 0
40864 0
40863 0
40862 0
40861 0
40860 0
40859 0
40858 0
40857 0
40856 0
40855 0
40854 0
40853 0
40852 0
40851 0
40850 0
40849 0
40848 0
40847 0
40846 0
40845 0
40844 0
40843 0
40842 0
40841 0
40840 0
40839 0
40838 0
40837 0
40836 0
40835 0
40834 0
40833 0
40832 0
40831 0
40830 0
40829 0
40828 0
40827 0
40826 0
40825 0
40824 0
40823 0
40822 0
40820 0
40819 0
40818 0
40817 0
40816 0
40815 0
40814 0
40813 0
40812 0
40811 0
40810 0
40809 0
40808 0
40807 0
40806 0
40805 0
40804 0
40803 0
40802 0
40801 0
40800 0
40799 0
40798 0
40797 0
40796 0
40795 0
40794 0
40793 0
40792 0
40791 0
40790 0
40789 0
40788 0
40787 0
40786 0
