31301 42.0595
37711 13.6431
7708 8.21138
32760 6.99228
3158 5.67349
2249 4.69385
3382 3.91857
34825 3.64458
32885 3.55397
28827 3.151
22474 2.78786
25427 2.72725
37550 2.6797
33483 2.66781
15603 2.53874
12620 2.50598
8672 2.35524
1468 2.30832
12196 2.3028
10953 2.25278
1655 2.21585
31581 2.11392
16618 1.96976
10923 1.8733
37048 1.86331
14626 1.85996
5691 1.84554
738 1.78333
21121 1.77309
24962 1.76198
32571 1.56786
2505 1.56632
1724 1.5571
25349 1.5148
27003 1.50952
24845 1.4905
19831 1.47503
19972 1.44703
16945 1.42512
29407 1.39583
35320 1.38275
23495 1.35755
9506 1.33889
490 1.32687
13646 1.30186
19032 1.29405
18198 1.27186
16983 1.25166
10100 1.2381
18148 1.15382
23912 1.14613
7139 1.13095
39565 1.12488
32843 1.10814
2334 1.10278
26259 1.09488
35469 1.07329
4406 1.05754
39345 1.04821
22904 1.01786
23813 1.0149
22228 1.01463
25325 1.00833
24125 0.997769
38667 0.985433
13419 0.962526
21556 0.962121
27799 0.93514
7296 0.920025
27340 0.916667
40017 0.896429
40912 0.893911
12217 0.85443
27514 0.849528
10732 0.84712
13797 0.833766
33944 0.833333
36954 0.824459
17634 0.823379
13581 0.819852
11658 0.816539
28142 0.795971
33689 0.783333
26072 0.777189
12447 0.759199
1546 0.75
4474 0.744023
9083 0.74359
2282 0.739312
7559 0.733333
38739 0.72619
3844 0.726136
1525 0.708333
5066 0.697917
10127 0.694444
39948 0.691468
7691 0.666342
4489 0.657515
12009 0.653488
35247 0.648214
2465 0.646221
37603 0.642857
29972 0.640278
10070 0.624145
32250 0.611111
10261 0.605411
2792 0.603114
10737 0.600198
9500 0.6
24604 0.592857
1329 0.592857
2766 0.577778
21438 0.569935
39462 0.567478
36417 0.559524
28092 0.559524
19185 0.555988
2867 0.550155
13334 0.546919
36622 0.545081
33941 0.533074
31234 0.521429
16791 0.511865
28680 0.511111
9561 0.511111
20075 0.502264
14544 0.501812
21196 0.50177
36688 0.5
1341 0.497076
32620 0.496503
8720 0.49359
543 0.491002
29269 0.489044
19758 0.482189
9183 0.46978
10903 0.466667
40424 0.455515
12431 0.45
21147 0.449398
36221 0.447065
32876 0.442677
15768 0.437121
27886 0.437014
35617 0.436111
1940 0.430556
1444 0.420635
3447 0.415909
40104 0.413684
5693 0.4125
12243 0.412121
7190 0.409524
30973 0.405808
33492 0.40202
36106 0.401923
23309 0.398256
30966 0.392989
2706 0.391667
12709 0.3875
25078 0.384706
30288 0.378968
11233 0.378968
39773 0.378788
38054 0.377778
6378 0.376754
36748 0.375
16660 0.371429
24335 0.367775
8186 0.365394
22713 0.353968
13363 0.345833
32763 0.343369
13765 0.343369
9362 0.337302
15183 0.336536
40487 0.335965
17083 0.335165
20675 0.333766
40743 0.333333
40031 0.333333
38515 0.333333
35235 0.333333
31283 0.333333
25279 0.333333
24466 0.333333
22603 0.333333
18950 0.333333
6012 0.333333
1209 0.333333
917 0.333333
6106 0.325397
24804 0.323925
10423 0.320489
17285 0.319444
39527 0.31366
26093 0.299459
26991 0.295833
9831 0.29419
5175 0.292803
1318 0.28869
16833 0.284722
6292 0.284722
31505 0.275753
15161 0.274529
26654 0.272645
1975 0.269298
805 0.267428
33663 0.266961
17428 0.265909
33667 0.265393
4157 0.265393
40883 0.257143
34673 0.254808
20142 0.252976
28552 0.25
27856 0.25
26897 0.25
26188 0.25
22944 0.25
22287 0.25
11887 0.25
11153 0.25
10943 0.25
10332 0.25
8669 0.25
6751 0.25
5079 0.25
3749 0.25
3297 0.25
24825 0.245833
17160 0.245406
21641 0.241667
9655 0.24155
2378 0.238095
30394 0.236742
25416 0.230409
20561 0.230303
27162 0.226923
14820 0.223485
7598 0.216883
11019 0.21014
3521 0.208333
8907 0.207955
35682 0.200179
40181 0.2
37259 0.2
35718 0.2
34311 0.2
34115 0.2
29205 0.2
28892 0.2
22879 0.2
21524 0.2
21013 0.2
14776 0.2
12887 0.2
10322 0.2
7685 0.2
2209 0.2
14184 0.194596
20129 0.191097
4690 0.183333
40051 0.18287
18937 0.179616
10964 0.179616
32136 0.177128
6504 0.176768
24205 0.170401
36283 0.166667
36102 0.166667
35917 0.166667
34158 0.166667
34108 0.166667
30956 0.166667
30611 0.166667
30334 0.166667
29790 0.166667
29362 0.166667
29019 0.166667
28719 0.166667
26923 0.166667
25810 0.166667
24454 0.166667
9442 0.166667
6096 0.166667
3906 0.166667
3567 0.166667
2685 0.166667
2131 0.166667
23917 0.166187
9557 0.165873
1627 0.165873
27532 0.164232
25118 0.164232
17659 0.164232
3740 0.16388
35185 0.155594
27926 0.155594
21978 0.155594
36192 0.154636
36105 0.152632
22778 0.149601
8748 0.146544
40036 0.143291
12518 0.143291
38145 0.142857
33726 0.142857
32933 0.142857
31720 0.142857
29785 0.142857
29035 0.142857
22594 0.142857
20735 0.142857
18749 0.142857
16978 0.142857
16922 0.142857
15390 0.142857
14720 0.142857
14377 0.142857
11615 0.142857
6489 0.142857
6365 0.142857
2060 0.142857
1646 0.142857
39454 0.142308
25084 0.142303
36734 0.13869
29997 0.137923
10660 0.129582
30533 0.129337
26307 0.129337
20877 0.126556
37461 0.125
35048 0.125
33390 0.125
33331 0.125
33078 0.125
33069 0.125
30683 0.125
30074 0.125
28904 0.125
28352 0.125
27406 0.125
26874 0.125
21737 0.125
18332 0.125
15415 0.125
12063 0.125
6379 0.125
2840 0.125
2744 0.125
1210 0.125
1204 0.125
363 0.125
33490 0.124675
19589 0.124675
29059 0.123727
39695 0.123506
3692 0.112795
38881 0.111111
37804 0.111111
36395 0.111111
33189 0.111111
33185 0.111111
32547 0.111111
29663 0.111111
29219 0.111111
25490 0.111111
23843 0.111111
17715 0.111111
13757 0.111111
11844 0.111111
10761 0.111111
8027 0.111111
3936 0.111111
584 0.111111
28743 0.109087
33425 0.105944
8189 0.105944
40615 0.1
39994 0.1
38793 0.1
34396 0.1
30167 0.1
28718 0.1
26159 0.1
23638 0.1
23364 0.1
22483 0.1
10602 0.1
6953 0.1
3445 0.1
3245 0.1
34244 0.0989921
32277 0.0989921
3075 0.0989921
38199 0.0909091
37314 0.0909091
34303 0.0909091
32058 0.0909091
30668 0.0909091
26137 0.0909091
26052 0.0909091
23491 0.0909091
23193 0.0909091
21579 0.0909091
20590 0.0909091
18328 0.0909091
9197 0.0909091
30720 0.0886073
40576 0.0833333
40098 0.0833333
35876 0.0833333
35071 0.0833333
34824 0.0833333
34604 0.0833333
31670 0.0833333
29924 0.0833333
22644 0.0833333
21243 0.0833333
20175 0.0833333
16948 0.0833333
16835 0.0833333
15735 0.0833333
13905 0.0833333
11231 0.0833333
6973 0.0833333
4192 0.0833333
2701 0.0833333
39319 0.0769231
38191 0.0769231
37633 0.0769231
31435 0.0769231
29814 0.0769231
26508 0.0769231
23885 0.0769231
20377 0.0769231
17821 0.0769231
12463 0.0769231
9487 0.0769231
9321 0.0769231
3928 0.0769231
39875 0.0714286
37087 0.0714286
35380 0.0714286
31536 0.0714286
31409 0.0714286
30345 0.0714286
26395 0.0714286
21113 0.0714286
20068 0.0714286
17999 0.0714286
17388 0.0714286
16118 0.0714286
14307 0.0714286
13746 0.0714286
10519 0.0714286
6886 0.0714286
3648 0.0714286
3142 0.0714286
6644 0.0681276
34618 0.0666667
31030 0.0666667
26675 0.0666667
26435 0.0666667
21550 0.0666667
20167 0.0666667
18890 0.0666667
15500 0.0666667
12096 0.0666667
11029 0.0666667
2227 0.0666667
2118 0.0666667
212 0.0666667
38097 0.0625
38012 0.0625
36625 0.0625
36446 0.0625
34894 0.0625
34834 0.0625
33834 0.0625
32582 0.0625
32509 0.0625
27789 0.0625
27713 0.0625
26361 0.0625
26040 0.0625
25060 0.0625
24698 0.0625
23108 0.0625
22004 0.0625
17128 0.0625
16061 0.0625
15451 0.0625
14708 0.0625
13568 0.0625
12507 0.0625
6537 0.0625
6152 0.0625
5788 0.0625
