37266 3.11629
14251 2.04014
39797 1.40059
1158 1.34206
28776 1.20715
20262 1.07391
21015 1.05536
34488 0.818357
12198 0.568332
18901 0.489103
17987 0.486942
11452 0.440301
29438 0.346602
12937 0.346539
13839 0.33584
3263 0.318996
31922 0.318364
27184 0.318364
16210 0.317512
24726 0.301355
9333 0.288507
5798 0.288078
31215 0.264761
14105 0.264761
34993 0.25
24703 0.25
23837 0.230889
17937 0.217262
6733 0.211083
24292 0.210756
8951 0.207832
7570 0.207576
19211 0.20724
14656 0.20724
2922 0.204241
3578 0.202652
26544 0.2
892 0.195813
3012 0.194875
27767 0.192221
33975 0.182495
18227 0.182495
17245 0.182495
40555 0.17664
35487 0.175729
29879 0.175729
40940 0.170566
9612 0.170224
23586 0.169906
31689 0.167825
19135 0.167825
11099 0.166667
35950 0.149709
23782 0.145871
40944 0.142857
29742 0.142857
6122 0.142857
6088 0.142857
4786 0.142857
35699 0.137574
32150 0.137574
18597 0.137574
1184 0.137574
438 0.134837
33386 0.125
20274 0.125
27200 0.11151
3964 0.11151
35810 0.108407
27377 0.108407
2391 0.108407
10904 0.10474
39838 0.1
37346 0.1
25208 0.1
16434 0.1
7342 0.1
22195 0.0950261
34630 0.0947581
36777 0.0909091
30506 0.0909091
26441 0.0909091
7853 0.0909091
9464 0.0893127
15488 0.0886494
38454 0.0878604
35545 0.0844976
11027 0.0844976
39937 0.0833333
34175 0.0833333
7683 0.0833333
2707 0.0833333
29264 0.0769231
37727 0.0759054
34386 0.0759054
30818 0.0759054
13392 0.0723865
3584 0.0723865
39809 0.0714286
10683 0.0714286
7495 0.0714286
2572 0.0714286
15340 0.0690274
5452 0.0666667
133 0.0666667
33575 0.0625
27609 0.0625
13613 0.0625
34505 0.0588235
31637 0.0588235
25000 0.0588235
23136 0.0588235
21677 0.0588235
47 0.0588235
34194 0.0526316
25930 0.0526316
25161 0.0526316
23257 0.0526316
19418 0.0526316
18987 0.0526316
12521 0.0526316
12120 0.0526316
29986 0.0525287
24005 0.0525287
14464 0.0525287
6594 0.0525287
1967 0.0525287
28064 0.05
2136 0.05
8421 0.0454545
36296 0.0416667
28970 0.0416667
21807 0.0416667
19235 0.0416667
14852 0.0416667
14373 0.0416667
12858 0.0416667
6668 0.0416667
38988 0.04
30709 0.04
30473 0.04
20218 0.04
1609 0.04
38017 0.0344828
20716 0.0344828
17896 0.0344828
10470 0.0344828
4577 0.0344828
36111 0.0333333
35318 0.0333333
28578 0.0333333
21321 0.0333333
18049 0.0333333
16023 0.0333333
15565 0.0333333
13166 0.0333333
12365 0.0333333
10969 0.0333333
7491 0.0333333
2159 0.0333333
34964 0.0322581
17455 0.0322581
11886 0.0322581
40941 0.027027
39461 0.027027
28272 0.027027
26223 0.027027
25431 0.027027
25269 0.027027
18667 0.027027
14315 0.027027
9721 0.027027
3576 0.027027
1613 0.027027
34198 0.0263158
30496 0.0263158
27235 0.0263158
24548 0.0263158
21693 0.0263158
21059 0.0263158
19281 0.0263158
9573 0.0263158
5351 0.0263158
2499 0.0263158
38617 0.0243902
37684 0.0243902
36222 0.0243902
31820 0.0243902
28608 0.0243902
26025 0.0243902
25156 0.0243902
24630 0.0243902
20526 0.0243902
17239 0.0243902
15977 0.0243902
10252 0.0243902
3763 0.0243902
198 0.0243902
39544 0.0232558
33130 0.0232558
30426 0.0232558
29177 0.0232558
28746 0.0232558
27558 0.0232558
24851 0.0232558
22383 0.0232558
21546 0.0232558
20372 0.0232558
18733 0.0232558
8845 0.0232558
8724 0.0232558
972 0.0232558
722 0.0232558
37872 0.0208333
34109 0.0208333
28021 0.0208333
26038 0.0208333
23023 0.0208333
23005 0.0208333
22254 0.0208333
22162 0.0208333
17678 0.0208333
12739 0.0208333
9953 0.0208333
8141 0.0208333
7535 0.0208333
4688 0.0208333
3244 0.0208333
3063 0.0208333
37377 0.0181818
36998 0.0181818
36224 0.0181818
34065 0.0181818
33808 0.0181818
33082 0.0181818
32608 0.0181818
28694 0.0181818
26631 0.0181818
25066 0.0181818
22471 0.0181818
19496 0.0181818
18359 0.0181818
18064 0.0181818
16988 0.0181818
14163 0.0181818
14051 0.0181818
13767 0.0181818
13277 0.0181818
6087 0.0181818
5251 0.0181818
3681 0.0181818
40681 0.0135135
39763 0.0135135
34442 0.0135135
32174 0.0135135
32011 0.0135135
30893 0.0135135
30671 0.0135135
29954 0.0135135
29389 0.0135135
25877 0.0135135
25092 0.0135135
23128 0.0135135
23047 0.0135135
22523 0.0135135
22197 0.0135135
21702 0.0135135
21049 0.0135135
20275 0.0135135
20269 0.0135135
20210 0.0135135
18280 0.0135135
16883 0.0135135
16151 0.0135135
13893 0.0135135
12390 0.0135135
10179 0.0135135
9398 0.0135135
8553 0.0135135
7974 0.0135135
7317 0.0135135
7012 0.0135135
4424 0.0135135
3595 0.0135135
3296 0.0135135
588 0.0135135
552 0.0135135
40980 0
40979 0
40978 0
40977 0
40976 0
40975 0
40974 0
40973 0
40972 0
40971 0
40970 0
40969 0
40968 0
40967 0
40966 0
40965 0
40964 0
40963 0
40962 0
40961 0
40960 0
40959 0
40958 0
40957 0
40956 0
40955 0
40954 0
40953 0
40952 0
40951 0
40950 0
40949 0
40948 0
40947 0
40946 0
40945 0
40943 0
40942 0
40939 0
40938 0
40937 0
40936 0
40935 0
40934 0
40933 0
40932 0
40931 0
40930 0
40929 0
40928 0
40927 0
40926 0
40925 0
40924 0
40923 0
40922 0
40921 0
40920 0
40919 0
40918 0
40917 0
40916 0
40915 0
40914 0
40913 0
40912 0
40911 0
40910 0
40909 0
40908 0
40907 0
40906 0
40905 0
40904 0
40903 0
40902 0
40901 0
40900 0
40899 0
40898 0
40897 0
40896 0
40895 0
40894 0
40893 0
40892 0
40891 0
40890 0
40889 0
40888 0
40887 0
40886 0
40885 0
40884 0
40883 0
40882 0
40881 0
40880 0
40879 0
40878 0
40877 0
40876 0
40875 0
40874 0
40873 0
40872 0
40871 0
40870 0
40869 0
40868 0
40867 0
40866 0
40865 0
40864 0
40863 0
40862 0
40861 0
40860 0
40859 0
40858 0
40857 0
40856 0
40855 0
40854 0
40853 0
40852 0
40851 0
40850 0
40849 0
40848 0
40847 0
40846 0
40845 0
40844 0
40843 0
40842 0
40841 0
40840 0
40839 0
40838 0
40837 0
40836 0
40835 0
40834 0
40833 0
40832 0
40831 0
40830 0
40829 0
40828 0
40827 0
40826 0
40825 0
40824 0
40823 0
40822 0
40821 0
40820 0
40819 0
40818 0
40817 0
40816 0
40815 0
40814 0
40813 0
40812 0
40811 0
40810 0
40809 0
40808 0
40807 0
40806 0
40805 0
40804 0
40803 0
40802 0
40801 0
40800 0
40799 0
40798 0
40797 0
40796 0
40795 0
40794 0
40793 0
40792 0
40791 0
40790 0
40789 0
40788 0
40787 0
40786 0
40785 0
40784 0
40783 0
40782 0
40781 0
40780 0
40779 0
40778 0
40777 0
40776 0
40775 0
40774 0
40773 0
40772 0
40771 0
40770 0
40769 0
40768 0
40767 0
40766 0
40765 0
