10923 11.3072
27799 4.70233
9561 4.32219
17687 3.48883
21911 3.35549
2840 2.52553
33185 2.38221
34433 2.24173
9665 2.22553
1642 2.15165
25337 1.9267
24812 1.57024
30588 1.4
40883 1.325
24414 1.325
18361 1.29178
13635 1.23333
38253 1.20238
27963 1.18221
23696 1.17692
23843 1.06978
35766 1.04476
23750 0.995635
22263 0.9
21319 0.866667
19032 0.866667
15400 0.856746
14430 0.853268
19233 0.838889
29350 0.836447
8672 0.808066
34459 0.778211
17202 0.75
34802 0.72619
10523 0.72549
2209 0.676703
17715 0.623384
13645 0.542857
34760 0.535714
5748 0.491667
20273 0.457576
31390 0.448925
21941 0.434524
33675 0.424242
11502 0.402778
10533 0.402778
15644 0.382576
28094 0.357258
963 0.357258
18520 0.354167
12569 0.354167
34776 0.343369
38764 0.333333
34413 0.333333
28949 0.333333
20043 0.333333
17566 0.333333
15181 0.333333
10621 0.333333
8637 0.333333
8623 0.333333
987 0.333333
613 0.333333
2604 0.313034
32732 0.298925
39035 0.285014
31509 0.25
28275 0.25
24670 0.25
22594 0.25
18328 0.25
16010 0.25
10581 0.25
10277 0.25
8962 0.25
8403 0.25
2284 0.25
830 0.25
28280 0.2
21005 0.2
9659 0.2
7575 0.2
37935 0.166667
28600 0.166667
27190 0.166667
13654 0.166667
10680 0.166667
40310 0.142857
39693 0.142857
36352 0.142857
36234 0.142857
33183 0.142857
21824 0.142857
21365 0.142857
18103 0.142857
17771 0.142857
5261 0.142857
4142 0.142857
272 0.142857
37426 0.125
29974 0.125
17137 0.125
14138 0.125
8747 0.125
2885 0.125
2781 0.125
29174 0.111111
25863 0.111111
19467 0.111111
11537 0.111111
5741 0.111111
20354 0.0909091
15567 0.0909091
5661 0.0909091
39328 0.0833333
34167 0.0833333
28883 0.0833333
14322 0.0833333
12425 0.0833333
12343 0.0833333
939 0.0833333
16817 0.0769231
2898 0.0769231
35156 0.0666667
32171 0.0666667
21621 0.0666667
16605 0.0666667
32930 0.0625
24596 0.0625
23432 0.0625
16298 0.0625
15467 0.0625
13073 0.0625
4994 0.0625
40386 0.0588235
38970 0.0588235
37885 0.0588235
36168 0.0588235
31124 0.0588235
31079 0.0588235
27567 0.0588235
24793 0.0588235
24597 0.0588235
23335 0.0588235
19790 0.0588235
16918 0.0588235
15723 0.0588235
15599 0.0588235
1741 0.0588235
32374 0.0322581
27033 0.0322581
26786 0.0322581
24191 0.0322581
20835 0.0322581
19959 0.0322581
19461 0.0322581
18369 0.0322581
15431 0.0322581
13513 0.0322581
12960 0.0322581
12761 0.0322581
9196 0.0322581
8592 0.0322581
6753 0.0322581
6707 0.0322581
6459 0.0322581
885 0.0322581
40980 0
40979 0
40978 0
40977 0
40976 0
40975 0
40974 0
40973 0
40972 0
40971 0
40970 0
40969 0
40968 0
40967 0
40966 0
40965 0
40964 0
40963 0
40962 0
40961 0
40960 0
40959 0
40958 0
40957 0
40956 0
40955 0
40954 0
40953 0
40952 0
40951 0
40950 0
40949 0
40948 0
40947 0
40946 0
40945 0
40944 0
40943 0
40942 0
40941 0
40940 0
40939 0
40938 0
40937 0
40936 0
40935 0
40934 0
40933 0
40932 0
40931 0
40930 0
40929 0
40928 0
40927 0
40926 0
40925 0
40924 0
40923 0
40922 0
40921 0
40920 0
40919 0
40918 0
40917 0
40916 0
40915 0
40914 0
40913 0
40912 0
40911 0
40910 0
40909 0
40908 0
40907 0
40906 0
40905 0
40904 0
40903 0
40902 0
40901 0
40900 0
40899 0
40898 0
40897 0
40896 0
40895 0
40894 0
40893 0
40892 0
40891 0
40890 0
40889 0
40888 0
40887 0
40886 0
40885 0
40884 0
40882 0
40881 0
40880 0
40879 0
40878 0
40877 0
40876 0
40875 0
40874 0
40873 0
40872 0
40871 0
40870 0
40869 0
40868 0
40867 0
40866 0
40865 0
40864 0
40863 0
40862 0
40861 0
40860 0
40859 0
40858 0
40857 0
40856 0
40855 0
40854 0
40853 0
40852 0
40851 0
40850 0
40849 0
40848 0
40847 0
40846 0
40845 0
40844 0
40843 0
40842 0
40841 0
40840 0
40839 0
40838 0
40837 0
40836 0
40835 0
40834 0
40833 0
40832 0
40831 0
40830 0
40829 0
40828 0
40827 0
40826 0
40825 0
40824 0
40823 0
40822 0
40821 0
40820 0
40819 0
40818 0
40817 0
40816 0
40815 0
40814 0
40813 0
40812 0
40811 0
40810 0
40809 0
40808 0
40807 0
40806 0
40805 0
40804 0
40803 0
40802 0
40801 0
40800 0
40799 0
40798 0
40797 0
40796 0
40795 0
40794 0
40793 0
40792 0
40791 0
40790 0
40789 0
40788 0
40787 0
40786 0
40785 0
40784 0
40783 0
40782 0
40781 0
40780 0
40779 0
40778 0
40777 0
40776 0
40775 0
40774 0
40773 0
40772 0
40771 0
40770 0
40769 0
40768 0
40767 0
40766 0
40765 0
40764 0
40763 0
40762 0
40761 0
40760 0
40759 0
40758 0
40757 0
40756 0
40755 0
40754 0
40753 0
40752 0
40751 0
40750 0
40749 0
40748 0
40747 0
40746 0
40745 0
40744 0
40743 0
40742 0
40741 0
40740 0
40739 0
40738 0
40737 0
40736 0
40735 0
40734 0
40733 0
40732 0
40731 0
40730 0
40729 0
40728 0
40727 0
40726 0
40725 0
40724 0
40723 0
40722 0
40721 0
40720 0
40719 0
40718 0
40717 0
40716 0
40715 0
40714 0
40713 0
40712 0
40711 0
40710 0
40709 0
40708 0
40707 0
40706 0
40705 0
40704 0
40703 0
40702 0
40701 0
40700 0
40699 0
40698 0
40697 0
40696 0
40695 0
40694 0
40693 0
40692 0
40691 0
40690 0
40689 0
40688 0
40687 0
40686 0
40685 0
40684 0
40683 0
40682 0
40681 0
40680 0
40679 0
40678 0
40677 0
40676 0
40675 0
40674 0
40673 0
40672 0
40671 0
40670 0
40669 0
40668 0
40667 0
40666 0
40665 0
40664 0
40663 0
40662 0
40661 0
40660 0
40659 0
40658 0
40657 0
40656 0
40655 0
40654 0
40653 0
40652 0
40651 0
40650 0
40649 0
40648 0
40647 0
