27082 4.71428
17915 3.60507
39640 3.05396
23843 3.02964
15067 2.19161
40882 2.11471
40000 1.96526
797 1.77906
7422 1.39968
13819 1.31896
40426 1.06403
32403 1.0131
12652 0.97439
25783 0.929524
16638 0.852273
9876 0.830499
11501 0.778645
39732 0.695761
36217 0.692717
17260 0.663423
9558 0.649943
10689 0.643335
40604 0.614201
12915 0.614201
20982 0.609597
9996 0.583333
16390 0.557865
7876 0.555236
29401 0.550461
3709 0.517363
25016 0.469207
16001 0.458333
17685 0.456972
6792 0.441405
17106 0.43231
14401 0.398148
37444 0.38769
5092 0.381818
37967 0.380706
28500 0.379904
22501 0.373525
28814 0.367572
6756 0.352003
34952 0.349368
8838 0.348488
39361 0.346685
5867 0.346685
33841 0.344608
33819 0.338095
40326 0.323196
1908 0.323196
40778 0.317714
39273 0.315476
21853 0.31397
33821 0.313889
34737 0.298701
26460 0.297386
6034 0.292982
35551 0.284886
13608 0.284886
737 0.284886
18463 0.27619
21032 0.274347
4562 0.27394
33267 0.25
9739 0.247222
37758 0.241782
9381 0.230731
30612 0.228452
18582 0.224098
18334 0.224098
1441 0.219684
29695 0.207554
39294 0.202148
35317 0.2
33942 0.2
24949 0.2
40271 0.197744
38672 0.195367
28170 0.195367
1442 0.195367
13193 0.192577
30377 0.191429
19392 0.184514
15127 0.171249
32477 0.166667
31897 0.158061
11080 0.154275
27054 0.148539
18800 0.147967
9011 0.145267
3832 0.143854
27486 0.142857
17735 0.142857
39620 0.141167
13942 0.140454
35360 0.134923
29393 0.134923
36072 0.132815
27926 0.131545
36804 0.128157
25542 0.128157
31291 0.127829
18411 0.127829
34479 0.125
27954 0.125
19428 0.125
15191 0.125
2849 0.125
3215 0.123068
36477 0.120975
18089 0.120029
4233 0.120029
21394 0.114393
4306 0.113344
2885 0.112642
40094 0.111111
36113 0.111111
27970 0.111111
22569 0.111111
20682 0.111111
17131 0.111111
2029 0.108877
37806 0.106906
12040 0.106906
25214 0.1
12863 0.1
10594 0.1
7878 0.1
38596 0.0966449
21415 0.0966449
29334 0.0951658
3083 0.0951658
33582 0.0910097
33065 0.0910097
7277 0.0909091
27666 0.0887989
4998 0.0820345
14082 0.0771736
13768 0.0769231
34092 0.0763348
23668 0.0763348
25091 0.0758874
8381 0.0745156
31951 0.0745149
15020 0.0745149
25312 0.0731667
24128 0.0731667
23659 0.0731667
17286 0.0731667
16706 0.0731667
4891 0.0731667
36858 0.0724452
6151 0.0724452
5176 0.0724452
16313 0.0721491
1550 0.0719568
24459 0.0714286
19792 0.0714286
11293 0.0714286
8418 0.0714286
7639 0.0714286
5928 0.0714286
30676 0.069878
6239 0.0696058
36947 0.0689462
6303 0.0689462
22874 0.0688045
35346 0.0675818
24678 0.0675818
29077 0.0670806
26184 0.0666667
20932 0.0666667
12914 0.0666667
7480 0.0666667
25920 0.0654082
18373 0.0654082
15151 0.0654082
4190 0.0654082
7322 0.0630183
34150 0.0621088
31860 0.0621088
25885 0.0621088
18428 0.0621088
14364 0.0621088
16250 0.0617521
14543 0.0617476
37949 0.0610751
11679 0.0572047
33987 0.0570485
30915 0.0570184
23993 0.0570184
15741 0.0570184
5864 0.0570184
17312 0.0563898
33885 0.056252
25906 0.056252
13853 0.056252
6281 0.056252
33475 0.0526316
32317 0.0526316
22675 0.0526316
21980 0.0526316
19836 0.0526316
5224 0.0526316
4508 0.0526316
32833 0.0513943
17645 0.0513943
16699 0.0513943
26356 0.051128
33798 0.05
19419 0.05
2591 0.0495745
19259 0.0493227
8171 0.0493227
29318 0.0466326
19664 0.0466326
38848 0.0458161
38758 0.0458161
38241 0.0458161
36853 0.0458161
36294 0.0458161
34238 0.0458161
25374 0.0458161
15605 0.0458161
4867 0.0458161
3436 0.0458161
26306 0.0455612
26070 0.0455612
7125 0.0455612
39627 0.0425769
39085 0.0425769
38969 0.0425769
37819 0.0425769
37462 0.0425769
37064 0.0425769
36725 0.0425769
34537 0.0425769
34438 0.0425769
31683 0.0425769
28928 0.0425769
25507 0.0425769
25202 0.0425769
24457 0.0425769
23120 0.0425769
23110 0.0425769
23003 0.0425769
21776 0.0425769
17810 0.0425769
15869 0.0425769
14053 0.0425769
13370 0.0425769
11591 0.0425769
10234 0.0425769
9287 0.0425769
4618 0.0425769
4412 0.0425769
1799 0.0425769
1218 0.0425769
39791 0.0413203
32620 0.0413203
24239 0.0413203
10737 0.0413203
12981 0.04
7565 0.04
6738 0.04
4095 0.04
38535 0.0378847
32652 0.0378847
25219 0.0378847
23225 0.0378847
9239 0.0378847
4471 0.0378847
3920 0.0378847
25766 0.037037
15225 0.0364583
23459 0.0333333
804 0.0333333
19524 0.03125
9597 0.03125
2484 0.03125
39383 0.030303
35723 0.030303
27400 0.030303
17154 0.030303
15363 0.030303
13204 0.030303
12427 0.030303
10266 0.030303
2675 0.030303
458 0.030303
30715 0.0277778
29237 0.0277778
23628 0.0277778
23439 0.0277778
21606 0.0277778
19517 0.0277778
13654 0.0277778
37219 0.0263158
33585 0.0263158
29084 0.0263158
28789 0.0263158
28546 0.0263158
26055 0.0263158
25938 0.0263158
25304 0.0263158
23196 0.0263158
23007 0.0263158
21145 0.0263158
18755 0.0263158
17470 0.0263158
17041 0.0263158
15987 0.0263158
12480 0.0263158
9636 0.0263158
8088 0.0263158
4861 0.0263158
3598 0.0263158
2312 0.0263158
1834 0.0263158
1098 0.0263158
38952 0.025641
36918 0.025641
34312 0.025641
33772 0.025641
32750 0.025641
30209 0.025641
27668 0.025641
23037 0.025641
22184 0.025641
15121 0.025641
14759 0.025641
14096 0.025641
12450 0.025641
11113 0.025641
7389 0.025641
3455 0.025641
2269 0.025641
1610 0.025641
23388 0.025
15477 0.025
11122 0.025
39716 0.0243902
20279 0.0243902
39028 0.0238095
34625 0.0238095
27732 0.0238095
26584 0.0238095
18221 0.0238095
13604 0.0238095
39389 0.0232558
34190 0.0232558
20610 0.0232558
17664 0.0232558
17553 0.0232558
15118 0.0232558
12823 0.0232558
11426 0.0232558
8595 0.0232558
40716 0.0222222
38310 0.0222222
36284 0.0222222
30873 0.0222222
29418 0.0222222
27928 0.0222222
24560 0.0222222
14570 0.0222222
11715 0.0222222
6741 0.0222222
4060 0.0222222
1170 0.0222222
39578 0.0217391
37691 0.0217391
27920 0.0217391
19762 0.0217391
18048 0.0217391
13361 0.0217391
10789 0.0217391
5831 0.0217391
3495 0.0217391
49 0.0217391
38644 0.0204082
36872 0.0204082
36361 0.0204082
32039 0.0204082
27238 0.0204082
26504 0.0204082
17032 0.0204082
36921 0.02
35974 0.02
34758 0.02
31972 0.02
25638 0.02
25037 0.02
9453 0.02
6336 0.02
668 0.02
186 0.02
40434 0.0196078
38245 0.0196078
35347 0.0196078
31671 0.0196078
26241 0.0196078
19150 0.0196078
16539 0.0196078
9037 0.0196078
8939 0.0196078
7638 0.0196078
6682 0.0196078
5818 0.0196078
37190 0.0169492
35064 0.0169492
33695 0.0169492
25353 0.0169492
23512 0.0169492
19074 0.0169492
13309 0.0169492
9694 0.0169492
2649 0.0169492
1678 0.0169492
39269 0.0163934
36362 0.0163934
36134 0.0163934
36048 0.0163934
33381 0.0163934
29912 0.0163934
29426 0.0163934
25876 0.0163934
25791 0.0163934
22994 0.0163934
22594 0.0163934
22574 0.0163934
21198 0.0163934
20852 0.0163934
20250 0.0163934
17301 0.0163934
16711 0.0163934
16433 0.0163934
12464 0.0163934
10228 0.0163934
3017 0.0163934
33634 0.015625
30565 0.015625
26758 0.015625
26153 0.015625
23693 0.015625
23435 0.015625
21917 0.015625
21590 0.015625
20192 0.015625
17830 0.015625
17277 0.015625
16683 0.015625
12590 0.015625
5317 0.015625
946 0.015625
37702 0.0151515
36007 0.0151515
32524 0.0151515
20401 0.0151515
18826 0.0151515
14080 0.0151515
13411 0.0151515
8744 0.0151515
6828 0.0151515
36888 0.0149254
11131 0.0149254
10779 0.0149254
10174 0.0149254
8452 0.0149254
40125 0.0131579
39426 0.0131579
38909 0.0131579
37270 0.0131579
36130 0.0131579
31778 0.0131579
28235 0.0131579
25993 0.0131579
25132 0.0131579
24406 0.0131579
15591 0.0131579
15099 0.0131579
13848 0.0131579
12675 0.0131579
10765 0.0131579
7579 0.0131579
6369 0.0131579
3922 0.0131579
3721 0.0131579
3501 0.0131579
818 0.0131579
762 0.0131579
40960 0.012987
40658 0.012987
40420 0.012987
39947 0.012987
39423 0.012987
38180 0.012987
38010 0.012987
37974 0.012987
