27799 18.5763
36313 14.9484
36400 13.2907
35766 10.542
17312 9.45137
12569 9.15286
37496 6.73736
13654 6.55149
2885 5.26279
26786 4.88821
18138 4.84111
14138 4.47585
35317 4.25664
8224 4.22808
24902 4.06389
24678 3.8945
13916 3.85704
29875 3.79344
2484 3.65989
29946 3.59286
29902 3.45973
14006 3.42497
1659 3.4244
19253 3.41745
24239 3.36522
39791 3.28823
3541 3.18014
26181 3.16882
5875 3.07761
16806 3.05922
7145 3.02361
4539 3.00868
18844 2.9349
21323 2.83391
32620 2.75452
34034 2.63037
432 2.62445
22530 2.48574
24591 2.40204
23843 2.39798
18520 2.37507
6336 2.35873
15665 2.33028
16298 2.28251
28855 2.27682
1821 2.09303
830 2.06859
37750 2.04686
3852 2.00703
5240 2.00262
8969 1.96862
12451 1.93954
21889 1.90216
16504 1.85732
23089 1.82487
30425 1.82461
80 1.75737
6298 1.692
1410 1.67046
9283 1.65517
39962 1.62211
509 1.60448
32536 1.59464
20704 1.58591
9196 1.56873
4189 1.56841
3030 1.55416
8035 1.53369
31947 1.53027
14672 1.52323
13172 1.52211
19327 1.51941
29923 1.51528
34116 1.5004
8828 1.48866
16076 1.48448
38856 1.477
40525 1.46399
30793 1.44983
35978 1.44858
18329 1.44216
32327 1.42804
3002 1.4239
2786 1.38856
19967 1.37214
11789 1.35581
18208 1.33913
12525 1.33107
14858 1.26968
30186 1.26003
22405 1.22265
31589 1.21297
40788 1.19249
3068 1.18423
27926 1.17472
30847 1.17413
22184 1.14252
350 1.14018
2781 1.13078
1192 1.11714
18328 1.1136
18428 1.1043
11626 1.09957
2877 1.08788
9592 1.05748
35346 1.05104
13927 1.02639
16745 1.00486
14934 0.99882
17301 0.988736
29745 0.981197
38956 0.980465
15576 0.98018
14546 0.979418
6518 0.970542
16787 0.963088
6319 0.958384
33452 0.950123
6041 0.950055
40644 0.947207
32611 0.940819
21477 0.922655
18561 0.903967
39177 0.897845
4058 0.883608
26476 0.875055
7536 0.874854
23494 0.871831
35525 0.869444
2869 0.834973
2618 0.827696
39666 0.817038
23286 0.816455
37342 0.813674
6140 0.809223
14842 0.805863
8342 0.804463
4872 0.786471
5778 0.7851
40597 0.783772
3356 0.781853
7921 0.778025
21186 0.777633
26832 0.775829
33109 0.765591
7807 0.754247
21703 0.74401
33518 0.732078
13231 0.730972
34043 0.728495
35074 0.725496
29140 0.723491
25826 0.722823
13507 0.719476
39951 0.716923
25831 0.703103
33267 0.653998
25885 0.647736
15225 0.637546
33465 0.629362
22501 0.62673
6067 0.622068
21792 0.619938
3105 0.610061
21978 0.608299
10253 0.606068
13481 0.604312
18834 0.604257
3229 0.601844
40890 0.599243
36528 0.595543
4028 0.594817
31564 0.593408
19032 0.58712
32324 0.583934
31553 0.579447
29626 0.574682
2168 0.568539
2951 0.5671
35122 0.566934
35734 0.561741
34911 0.561633
9180 0.552381
19517 0.551439
30693 0.546911
29586 0.54593
31352 0.543381
27349 0.540672
10210 0.536293
35203 0.532381
34561 0.531613
29401 0.525
11810 0.520952
19277 0.518472
39671 0.517157
27740 0.517005
3940 0.516667
24972 0.514156
27166 0.512485
32688 0.507148
2027 0.502901
35211 0.502345
2393 0.497746
33377 0.493061
16283 0.490217
37958 0.487041
3608 0.485714
19952 0.484069
39661 0.482418
4994 0.479918
17396 0.47856
28094 0.475832
27863 0.475385
5709 0.473993
14797 0.471212
24137 0.468907
10196 0.467977
22088 0.460968
35086 0.459507
36661 0.459087
16962 0.455973
39960 0.448416
37672 0.444444
18230 0.444127
25474 0.443885
31140 0.443546
25076 0.441626
15669 0.440774
22404 0.438851
32930 0.433333
14585 0.4325
33175 0.432286
416 0.43094
1 0.430879
40764 0.428299
4900 0.425772
34378 0.424776
23240 0.423514
38078 0.421161
23468 0.419917
6279 0.416667
1378 0.407592
6501 0.407258
1230 0.406615
12522 0.403344
20763 0.402804
6068 0.402664
19488 0.399321
16723 0.395489
40342 0.392566
34835 0.392104
15642 0.390235
35265 0.388889
13016 0.383621
24538 0.382342
22711 0.382249
31702 0.381319
35463 0.380042
40204 0.379877
36540 0.379424
36517 0.376022
4023 0.375663
27033 0.37367
21757 0.370785
10923 0.369663
5519 0.36859
37566 0.36843
26095 0.368044
11536 0.363914
12377 0.363806
34977 0.359285
1637 0.356509
8309 0.355514
33569 0.353409
36255 0.351822
39172 0.351323
28617 0.351274
29237 0.347897
38907 0.347327
36992 0.346825
36918 0.346825
23206 0.346713
30946 0.344959
37374 0.344635
29030 0.340888
25651 0.339275
8237 0.336934
26928 0.336814
8242 0.334725
18845 0.331315
26541 0.331169
22218 0.329193
11863 0.327381
1942 0.323483
39383 0.322222
16629 0.319835
550 0.31978
17826 0.318206
30876 0.31818
34439 0.316945
31390 0.316811
3984 0.311121
9199 0.30861
6863 0.308333
20099 0.30759
33752 0.307194
19884 0.306667
21861 0.306407
2761 0.305773
35996 0.305639
12541 0.304983
31283 0.301587
33108 0.29853
40845 0.295839
27395 0.294472
25659 0.293331
33653 0.292857
4221 0.292622
31763 0.292487
38608 0.292247
11434 0.289312
31582 0.289098
14840 0.288619
30216 0.288129
28110 0.287348
25360 0.286226
6830 0.28254
15255 0.276978
6906 0.276903
13379 0.275758
38952 0.274422
30379 0.270635
11768 0.267781
6111 0.267781
33633 0.267677
24126 0.263315
27408 0.262635
15029 0.262155
34312 0.261772
9423 0.261772
1355 0.259868
29634 0.259749
18555 0.25873
17137 0.257549
1975 0.255725
6592 0.254524
33706 0.25448
612 0.254269
39947 0.254204
27989 0.254204
11080 0.254204
110 0.254204
10991 0.252789
37597 0.252712
3645 0.252378
17786 0.251926
9957 0.250966
13073 0.25
4467 0.247863
3713 0.246212
23886 0.245731
18248 0.243899
10 0.24109
37730 0.240278
18842 0.240255
5821 0.240255
2863 0.239968
18683 0.238949
26538 0.237645
25362 0.237121
10424 0.236752
11113 0.2355
306 0.233913
17142 0.233826
11559 0.233227
11243 0.232942
38583 0.232937
22368 0.232937
543 0.232545
1610 0.23181
1923 0.230861
38273 0.230812
29211 0.227962
31012 0.227661
11206 0.227661
12110 0.226907
987 0.225251
15276 0.22504
23370 0.220958
860 0.220716
15958 0.22064
36239 0.220155
15916 0.21989
3018 0.21575
14928 0.214925
9553 0.213852
15913 0.213031
9680 0.213031
21785 0.212611
32036 0.21202
31318 0.211667
17441 0.211601
11393 0.210396
27190 0.210057
39600 0.205556
24506 0.205303
22170 0.204667
9994 0.200633
24957 0.200547
38468 0.2
35014 0.2
34965 0.2
23163 0.2
18021 0.2
12170 0.2
14795 0.199242
21911 0.199054
9665 0.199054
32885 0.197886
7102 0.196646
18340 0.196171
24849 0.195453
24624 0.193269
31260 0.193254
23056 0.190038
29787 0.189634
8272 0.189484
33617 0.189044
17035 0.188958
36712 0.187979
34098 0.187979
3682 0.185995
30419 0.185549
31723 0.184715
36160 0.183423
12922 0.18243
37233 0.182073
30676 0.18139
6859 0.1805
14133 0.179365
595 0.178571
25505 0.177654
31312 0.177305
11223 0.176667
9583 0.175664
556 0.175392
13661 0.175038
19580 0.173749
9907 0.173203
8850 0.172944
5719 0.171635
15264 0.171079
16215 0.170455
1760 0.170238
38262 0.169815
32003 0.168478
32838 0.167146
39640 0.166667
36112 0.166667
28424 0.166667
28089 0.166667
24055 0.166667
16394 0.166667
7766 0.166667
797 0.166667
155 0.166667
24505 0.166526
207 0.165394
6166 0.164866
9736 0.164322
9660 0.164312
15012 0.163959
4410 0.163537
20286 0.163102
32552 0.1613
10925 0.159283
35175 0.158442
1109 0.158442
38500 0.158173
8672 0.15803
40861 0.15691
20928 0.155742
39826 0.155196
18415 0.154589
16602 0.154543
7511 0.153917
38891 0.15377
9026 0.153419
16655 0.153409
21586 0.152948
6654 0.151484
27208 0.150797
25449 0.150625
938 0.15049
30318 0.148629
24891 0.148133
7937 0.147758
360 0.147561
39685 0.146046
5802 0.146046
