17566 48.9017
28658 11.2059
27315 10.194
38611 5.32109
4268 5.11347
19833 4.61182
8472 4.38499
24993 4.30426
12678 4.01992
8092 3.65782
18783 3.40321
11058 3.39562
8529 3.35669
38405 3.22143
25303 3.1869
2576 3.12156
29292 3.07359
14660 2.86216
14829 2.83996
27159 2.81792
12703 2.68434
2998 2.4876
38913 2.36222
14751 2.26825
30752 2.22407
10945 2.17937
37369 2.17686
29730 2.16749
38444 2.13729
18611 2.12659
27017 2.06264
40976 1.98398
9078 1.92597
16875 1.87619
34586 1.87547
23434 1.77437
21697 1.75882
28594 1.74756
19092 1.74484
34630 1.65285
35647 1.63255
18823 1.62857
23622 1.59365
30939 1.57626
4909 1.45397
10438 1.44563
22147 1.4016
31821 1.32778
14397 1.31591
32070 1.3049
1161 1.28968
11221 1.12811
13426 1.11908
9055 1.11352
39839 1.08846
11736 1.07262
33975 1.06667
40452 1.04753
29114 1.03714
31060 1.02443
36420 1.01831
12927 1
10707 0.964957
1419 0.933766
7105 0.921553
37414 0.918056
9960 0.916667
36090 0.90202
39438 0.901623
32530 0.89871
29879 0.895833
35067 0.863813
24693 0.849296
16691 0.823611
4572 0.814181
35810 0.790909
36296 0.783766
28776 0.783766
2440 0.766446
2957 0.755952
22234 0.75
20325 0.73334
31984 0.731235
14470 0.72619
10924 0.72619
22542 0.722902
12487 0.708333
3526 0.708333
28298 0.697112
10559 0.692857
36167 0.666468
37116 0.665763
28065 0.642857
40566 0.636646
20660 0.633333
2827 0.629505
18066 0.616667
15200 0.615061
39258 0.6
3248 0.6
23140 0.595073
24199 0.593943
9925 0.583333
37640 0.567262
33839 0.566667
20981 0.563725
8235 0.556468
38564 0.550887
17232 0.54877
34374 0.544444
36403 0.541667
23814 0.533333
17167 0.522911
11403 0.521475
16469 0.521368
38045 0.516667
9722 0.514652
18992 0.510888
38818 0.509524
37522 0.506944
1649 0.502605
4181 0.497992
40442 0.492857
24725 0.491667
28608 0.47549
8640 0.453968
1188 0.453968
38797 0.451681
35738 0.442857
21494 0.434524
4204 0.416667
23505 0.409524
40673 0.399733
17374 0.395833
14606 0.394894
23378 0.386447
14486 0.386335
26918 0.385714
7116 0.372381
5849 0.366667
1015 0.340909
17327 0.340523
4578 0.338936
38102 0.333333
35555 0.333333
34336 0.333333
24202 0.333333
635 0.333333
36275 0.33285
27126 0.330409
26884 0.330409
20676 0.315476
17093 0.315126
39820 0.313406
17118 0.306818
33397 0.306319
5417 0.301681
18082 0.296919
8682 0.292832
1838 0.2875
314 0.276786
23492 0.273002
35478 0.258555
15229 0.258555
28046 0.257576
37086 0.253268
3049 0.251611
40720 0.25
40611 0.25
31922 0.25
31585 0.25
29395 0.25
27558 0.25
15401 0.25
12156 0.25
9277 0.25
8857 0.25
5958 0.25
4631 0.25
1616 0.25
5984 0.240132
22791 0.222222
18008 0.22123
22293 0.213235
39190 0.2
34488 0.2
25318 0.2
22969 0.2
16483 0.2
13402 0.2
5378 0.2
3712 0.2
3360 0.2
486 0.2
20751 0.195982
36305 0.189571
35308 0.189571
17187 0.188235
8447 0.188235
1303 0.188235
32306 0.184239
5880 0.184174
30150 0.166667
28081 0.166667
27244 0.166667
26703 0.166667
23513 0.166667
19617 0.166667
17372 0.166667
13589 0.166667
6821 0.166667
6019 0.166667
1802 0.165377
31485 0.163896
1122 0.143791
38563 0.142857
37365 0.142857
34204 0.142857
33848 0.142857
32818 0.142857
20179 0.142857
10260 0.142857
8566 0.142857
6747 0.142857
3157 0.142857
2555 0.142857
29506 0.136646
40187 0.125
39986 0.125
39543 0.125
37368 0.125
20945 0.125
14098 0.125
12114 0.125
11286 0.125
10203 0.125
7513 0.125
2391 0.125
37162 0.111111
30433 0.111111
21969 0.111111
8147 0.111111
22789 0.106706
38449 0.1
36481 0.1
35950 0.1
34831 0.1
34302 0.1
29485 0.1
28932 0.1
6023 0.1
3656 0.1
463 0.1
214 0.1
30624 0.0987699
37141 0.0909091
34104 0.0909091
32424 0.0909091
27270 0.0909091
24398 0.0909091
21544 0.0909091
18985 0.0909091
13952 0.0909091
11472 0.0909091
10326 0.0909091
415 0.0909091
39041 0.0833333
38325 0.0833333
27543 0.0833333
18439 0.0833333
13230 0.0833333
12496 0.0833333
7871 0.0833333
7447 0.0833333
6040 0.0833333
262 0.0833333
30067 0.0769231
26847 0.0769231
23778 0.0769231
11653 0.0769231
2887 0.0769231
34884 0.0714286
27616 0.0714286
26505 0.0714286
25204 0.0714286
8635 0.0714286
1265 0.0714286
28249 0.0625
3705 0.0625
39446 0.0588235
38420 0.0588235
34231 0.0588235
23111 0.0588235
13439 0.0588235
11347 0.0588235
4989 0.0588235
2264 0.0588235
24750 0.0555556
1359 0.0555556
26254 0.0526316
31685 0.047619
15050 0.047619
37208 0.0434783
34164 0.0434783
30629 0.0434783
21333 0.0434783
15750 0.0434783
39677 0.0384615
26028 0.0384615
40134 0.0294118
37735 0.0294118
31452 0.0294118
14484 0.0294118
13592 0.0294118
10188 0.0294118
9969 0.0294118
3249 0.0294118
39531 0.0217391
26694 0.0217391
12774 0.0217391
10426 0.0217391
9452 0.0217391
8958 0.0217391
4532 0.0217391
4402 0.0217391
40980 0
40979 0
40978 0
40977 0
40975 0
40974 0
40973 0
40972 0
40971 0
40970 0
40969 0
40968 0
40967 0
40966 0
40965 0
40964 0
40963 0
40962 0
40961 0
40960 0
40959 0
40958 0
40957 0
40956 0
40955 0
40954 0
40953 0
40952 0
40951 0
40950 0
40949 0
40948 0
40947 0
40946 0
40945 0
40944 0
40943 0
40942 0
40941 0
40940 0
40939 0
40938 0
40937 0
40936 0
40935 0
40934 0
40933 0
40932 0
40931 0
40930 0
40929 0
40928 0
40927 0
40926 0
40925 0
40924 0
40923 0
40922 0
40921 0
40920 0
40919 0
40918 0
40917 0
40916 0
40915 0
40914 0
40913 0
40912 0
40911 0
40910 0
40909 0
40908 0
40907 0
40906 0
40905 0
40904 0
40903 0
40902 0
40901 0
40900 0
40899 0
40898 0
40897 0
40896 0
40895 0
40894 0
40893 0
40892 0
40891 0
40890 0
40889 0
40888 0
40887 0
40886 0
40885 0
40884 0
40883 0
40882 0
40881 0
40880 0
40879 0
40878 0
40877 0
40876 0
40875 0
40874 0
40873 0
40872 0
40871 0
40870 0
40869 0
40868 0
40867 0
40866 0
40865 0
40864 0
40863 0
40862 0
40861 0
40860 0
40859 0
40858 0
40857 0
40856 0
40855 0
40854 0
40853 0
40852 0
40851 0
40850 0
40849 0
40848 0
40847 0
40846 0
40845 0
40844 0
40843 0
40842 0
40841 0
40840 0
40839 0
40838 0
40837 0
40836 0
40835 0
40834 0
40833 0
40832 0
40831 0
40830 0
40829 0
40828 0
40827 0
40826 0
40825 0
40824 0
40823 0
40822 0
40821 0
40820 0
40819 0
40818 0
40817 0
40816 0
40815 0
40814 0
40813 0
40812 0
40811 0
40810 0
40809 0
40808 0
40807 0
40806 0
40805 0
