26801 3.22397
20118 2.48973
25493 1.56551
19454 1.51415
5031 1.37427
32404 1.27625
25758 1.25776
3359 1.16684
10681 1.10608
7627 1.05477
37258 1.01337
5260 0.964666
19530 0.944886
35973 0.929726
34117 0.919576
9356 0.882025
28048 0.83769
3159 0.831688
36983 0.814033
40634 0.811717
30069 0.80204
29696 0.80204
1233 0.746196
70 0.737797
39759 0.594173
25145 0.561772
11716 0.555632
20131 0.533034
12862 0.526778
2506 0.526316
25621 0.518841
20423 0.485653
16556 0.485653
7078 0.482736
11316 0.467703
40949 0.442708
20741 0.408321
31109 0.408259
20261 0.407287
23958 0.400197
1537 0.396465
32495 0.394957
16877 0.389065
16174 0.389065
28365 0.378337
11160 0.36591
32910 0.3625
39044 0.353998
17944 0.35059
40857 0.35007
297 0.334362
35302 0.333929
10429 0.329189
1350 0.324889
40392 0.320652
28911 0.3044
27150 0.300814
11598 0.293817
23214 0.288095
21555 0.285797
37763 0.258542
6188 0.255842
13144 0.243909
19599 0.241143
30421 0.234299
29947 0.22778
10121 0.219807
16733 0.215939
21522 0.214219
10214 0.214219
10336 0.208386
21671 0.206248
13320 0.206248
3373 0.2
33261 0.188245
25841 0.188245
37660 0.182765
35807 0.182765
30029 0.182765
24636 0.182765
6521 0.182765
5657 0.182765
15333 0.177933
9522 0.167516
34842 0.167273
31064 0.167273
39816 0.166667
33034 0.166667
16637 0.150917
4685 0.149113
1481 0.149113
131 0.146154
39176 0.142857
17233 0.142857
20514 0.142624
15914 0.142624
8434 0.137716
29180 0.132364
13590 0.132364
899 0.132364
9809 0.128151
30033 0.126389
38401 0.122511
1381 0.122511
28895 0.11906
835 0.111111
4661 0.1
1077 0.1
23815 0.0912688
21239 0.0912688
17823 0.0912688
9042 0.0912688
7650 0.0912688
6295 0.0912688
3069 0.0912688
2224 0.090884
35233 0.0873042
20793 0.0873042
17832 0.0873042
17518 0.0873042
2109 0.0873042
14019 0.0872518
17111 0.0769231
7956 0.0769231
32679 0.0714286
3810 0.0714286
16138 0.0702998
951 0.0653145
37144 0.0625
26362 0.0536042
15269 0.0536042
18312 0.0515584
12244 0.0515584
1309 0.0515584
23650 0.0502455
20189 0.0502455
8590 0.0502455
3205 0.0502455
13222 0.05
11262 0.05
9956 0.05
27813 0.0483969
26330 0.0483969
19160 0.0483969
13152 0.0483969
29927 0.0478835
3533 0.0478835
3174 0.0478835
903 0.0478835
12912 0.047619
37753 0.0448756
18657 0.0448756
15546 0.0448756
4603 0.0448756
26434 0.0434783
20859 0.0434783
6328 0.0434783
4832 0.0434783
30889 0.0344828
29017 0.030303
22370 0.030303
37481 0.0302909
37239 0.0302909
32227 0.0302909
31590 0.0302909
29089 0.0302909
28548 0.0302909
26221 0.0302909
19252 0.0302909
19136 0.0302909
17991 0.0302909
15447 0.0302909
11538 0.0302909
10801 0.0302909
6999 0.0302909
4741 0.0302909
4357 0.0302909
648 0.0302909
35650 0.0263158
33788 0.0263158
23880 0.0263158
14361 0.0263158
13724 0.0263158
3774 0.0263158
25239 0.0212766
15682 0.0212766
26823 0.0208333
18211 0.0208333
26496 0.0192308
22332 0.0192308
17059 0.0192308
39241 0.0169492
20820 0.0169492
16475 0.0169492
38481 0.0114943
23768 0.0114943
16709 0.0114943
16382 0.0114943
11395 0.0114943
39470 0.010101
31408 0.010101
29779 0.010101
27088 0.010101
23371 0.010101
20499 0.010101
10687 0.010101
4193 0.010101
1063 0.010101
37539 0.00869565
36497 0.00869565
35890 0.00869565
25818 0.00869565
25674 0.00869565
21155 0.00869565
20244 0.00869565
18696 0.00869565
16993 0.00869565
14675 0.00869565
9627 0.00869565
8728 0.00869565
1762 0.00869565
1665 0.00869565
40980 0
40979 0
40978 0
40977 0
40976 0
40975 0
40974 0
40973 0
40972 0
40971 0
40970 0
40969 0
40968 0
40967 0
40966 0
40965 0
40964 0
40963 0
40962 0
40961 0
40960 0
40959 0
40958 0
40957 0
40956 0
40955 0
40954 0
40953 0
40952 0
40951 0
40950 0
40948 0
40947 0
40946 0
40945 0
40944 0
40943 0
40942 0
40941 0
40940 0
40939 0
40938 0
40937 0
40936 0
40935 0
40934 0
40933 0
40932 0
40931 0
40930 0
40929 0
40928 0
40927 0
40926 0
40925 0
40924 0
40923 0
40922 0
40921 0
40920 0
40919 0
40918 0
40917 0
40916 0
40915 0
40914 0
40913 0
40912 0
40911 0
40910 0
40909 0
40908 0
40907 0
40906 0
40905 0
40904 0
40903 0
40902 0
40901 0
40900 0
40899 0
40898 0
40897 0
40896 0
40895 0
40894 0
40893 0
40892 0
40891 0
40890 0
40889 0
40888 0
40887 0
40886 0
40885 0
40884 0
40883 0
40882 0
40881 0
40880 0
40879 0
40878 0
40877 0
40876 0
40875 0
40874 0
40873 0
40872 0
40871 0
40870 0
40869 0
40868 0
40867 0
40866 0
40865 0
40864 0
40863 0
40862 0
40861 0
40860 0
40859 0
40858 0
40856 0
40855 0
40854 0
40853 0
40852 0
40851 0
40850 0
40849 0
40848 0
40847 0
40846 0
40845 0
40844 0
40843 0
40842 0
40841 0
40840 0
40839 0
40838 0
40837 0
40836 0
40835 0
40834 0
40833 0
40832 0
40831 0
40830 0
40829 0
40828 0
40827 0
40826 0
40825 0
40824 0
40823 0
40822 0
40821 0
40820 0
40819 0
40818 0
40817 0
40816 0
40815 0
40814 0
40813 0
40812 0
40811 0
40810 0
40809 0
40808 0
40807 0
40806 0
40805 0
40804 0
40803 0
40802 0
40801 0
40800 0
40799 0
40798 0
40797 0
40796 0
40795 0
40794 0
40793 0
40792 0
40791 0
40790 0
40789 0
40788 0
40787 0
40786 0
40785 0
40784 0
40783 0
40782 0
40781 0
40780 0
40779 0
40778 0
40777 0
40776 0
40775 0
40774 0
40773 0
40772 0
40771 0
40770 0
40769 0
40768 0
40767 0
40766 0
40765 0
40764 0
40763 0
40762 0
40761 0
40760 0
40759 0
40758 0
40757 0
40756 0
40755 0
40754 0
40753 0
40752 0
40751 0
40750 0
40749 0
40748 0
40747 0
40746 0
40745 0
40744 0
40743 0
40742 0
40741 0
40740 0
40739 0
40738 0
40737 0
40736 0
40735 0
40734 0
40733 0
40732 0
40731 0
40730 0
40729 0
40728 0
40727 0
40726 0
40725 0
40724 0
40723 0
40722 0
40721 0
40720 0
40719 0
40718 0
40717 0
40716 0
40715 0
40714 0
40713 0
40712 0
40711 0
40710 0
40709 0
40708 0
40707 0
40706 0
40705 0
40704 0
40703 0
40702 0
40701 0
