17566 21.0533
30752 18.3064
38444 9.04882
35067 9.01245
37086 7.56177
40452 6.22105
24993 5.86887
38405 5.01845
36305 3.27752
17167 3.25515
27315 3.00395
18008 2.98876
11736 2.71414
9078 2.70162
36275 2.63059
14829 2.62592
5958 2.39505
14470 2.32299
1419 1.95544
8147 1.94828
10945 1.91085
4239 1.82097
13426 1.64678
39820 1.58135
1188 1.55795
3049 1.44109
7426 1.36625
1649 1.28497
7116 1.27505
39192 1.26111
4598 1.23333
33346 1.23291
26694 1.18813
37369 1.13259
8020 1.11886
29064 1.08607
7287 1.02873
29879 0.990909
34204 0.959499
4181 0.94591
1161 0.899481
32424 0.880411
16469 0.852231
36420 0.846764
28776 0.815476
24750 0.811876
23505 0.809438
19833 0.806201
598 0.8
36475 0.793254
1772 0.757875
30965 0.753338
18611 0.750733
35478 0.735808
31922 0.72619
895 0.719075
22467 0.710317
3457 0.693485
3526 0.692857
22791 0.676876
16757 0.673144
30800 0.655891
9018 0.645489
11403 0.635625
28658 0.612457
34488 0.592857
10800 0.542857
35933 0.53303
34347 0.529322
4464 0.524777
27270 0.522078
1890 0.511331
13551 0.505806
38564 0.505037
33839 0.500611
23814 0.485494
8529 0.483066
25470 0.475
34831 0.455599
3943 0.45478
31685 0.452569
16839 0.442857
34586 0.433366
33410 0.42619
9055 0.416667
38563 0.410256
24982 0.410256
39404 0.409246
8092 0.401585
14418 0.4
40408 0.380952
35308 0.378105
1518 0.371429
15229 0.36859
39438 0.358333
25303 0.353846
35197 0.35049
18082 0.349277
24883 0.34359
39330 0.334387
11967 0.333333
11558 0.333333
1004 0.333333
39543 0.331046
28594 0.32619
26028 0.325344
27748 0.322378
2957 0.321429
7354 0.313034
1802 0.299725
25061 0.29816
20179 0.292059
3201 0.288743
13352 0.286111
12496 0.285677
12678 0.285256
6177 0.282576
24931 0.280952
24725 0.27838
16875 0.269935
22147 0.26951
29966 0.257937
39041 0.257115
23434 0.255952
27524 0.255252
22188 0.252946
4207 0.25202
1838 0.25202
20846 0.25
37162 0.248148
3655 0.245401
33 0.244444
29456 0.243687
18439 0.24308
40566 0.235714
17232 0.219048
14397 0.219048
20676 0.204762
27126 0.201465
11297 0.20101
7105 0.20101
40919 0.2
33581 0.2
30067 0.2
26711 0.2
18985 0.2
9960 0.2
6137 0.2
4942 0.2
24337 0.19329
7879 0.184524
5880 0.183333
22421 0.182479
38045 0.179798
29535 0.176786
4532 0.17381
23712 0.169048
37824 0.166667
34822 0.166667
33913 0.166667
32069 0.166667
23111 0.166667
14613 0.166667
14251 0.166667
7570 0.166667
7070 0.166667
6545 0.166667
5849 0.166667
1478 0.166667
8958 0.162526
26254 0.158725
32530 0.158466
3628 0.158466
31485 0.157287
38994 0.154062
20751 0.154062
40246 0.144298
15015 0.144298
37282 0.143669
39775 0.142857
36320 0.142857
35750 0.142857
33975 0.142857
27483 0.142857
27017 0.142857
24630 0.142857
23837 0.142857
21742 0.142857
20096 0.142857
17931 0.142857
12703 0.142857
9178 0.142857
6117 0.142857
1939 0.142857
29260 0.129937
11809 0.129443
37368 0.127961
37798 0.125
33144 0.125
28932 0.125
21484 0.125
15267 0.125
7302 0.125
1015 0.125
30624 0.11623
18823 0.11623
9452 0.113095
37522 0.111111
30837 0.111111
27924 0.111111
14751 0.111111
13994 0.111111
8682 0.111111
2576 0.111111
29292 0.108264
38818 0.106003
6832 0.106003
2044 0.1005
27937 0.1
25539 0.1
19174 0.1
19092 0.1
6747 0.1
6115 0.1
29521 0.0909091
29395 0.0909091
5441 0.0909091
36246 0.0833333
27024 0.0833333
11855 0.0833333
8766 0.0833333
2998 0.0833333
38611 0.0769231
37735 0.0769231
37308 0.0769231
32070 0.0769231
28298 0.0769231
23010 0.0769231
15200 0.0769231
9969 0.0769231
1941 0.0769231
40673 0.0714286
29614 0.0714286
29249 0.0714286
12293 0.0714286
7095 0.0714286
4862 0.0714286
594 0.0714286
365 0.0714286
40370 0.0666667
40358 0.0666667
36484 0.0666667
33275 0.0666667
25204 0.0666667
11918 0.0666667
9119 0.0666667
5791 0.0666667
3157 0.0666667
38339 0.0625
25318 0.0625
23759 0.0625
12045 0.0625
2369 0.0625
1856 0.0625
39258 0.0588235
39114 0.0588235
31476 0.0588235
15657 0.0588235
14032 0.0588235
7149 0.0588235
6223 0.0588235
5935 0.0588235
5001 0.0588235
970 0.0588235
38267 0.0555556
34110 0.0555556
23622 0.0555556
22892 0.0555556
28249 0.0526316
9899 0.0526316
37208 0.05
36296 0.05
26666 0.05
26520 0.05
12674 0.05
9682 0.05
8447 0.05
4204 0.05
3946 0.05
2391 0.05
1731 0.05
24693 0.047619
35622 0.0454545
24199 0.0454545
22542 0.0454545
18832 0.0454545
17327 0.0454545
13230 0.0454545
11347 0.0454545
8472 0.0454545
5698 0.0454545
5656 0.0454545
990 0.0454545
38827 0.0434783
32752 0.0434783
29485 0.0434783
23140 0.0434783
22789 0.0434783
37110 0.0416667
33604 0.0416667
29348 0.0416667
27909 0.0416667
22759 0.0416667
16538 0.0416667
9609 0.0416667
3971 0.0416667
2630 0.0416667
13592 0.037037
12029 0.037037
10438 0.037037
39531 0.0357143
32695 0.0357143
17118 0.0357143
11258 0.0357143
10426 0.0357143
7917 0.0357143
4402 0.0357143
2323 0.0357143
39817 0.0344828
34398 0.0344828
29007 0.0344828
28637 0.0344828
27244 0.0344828
23576 0.0344828
19764 0.0344828
18783 0.0344828
14455 0.0344828
10559 0.0344828
5295 0.0344828
3360 0.0344828
34264 0.0333333
27159 0.0333333
13301 0.0333333
24078 0.030303
16483 0.030303
12354 0.030303
40980 0
40979 0
40978 0
40977 0
40976 0
40975 0
40974 0
40973 0
40972 0
40971 0
40970 0
40969 0
40968 0
40967 0
40966 0
40965 0
40964 0
40963 0
40962 0
40961 0
40960 0
40959 0
40958 0
40957 0
40956 0
40955 0
40954 0
40953 0
40952 0
40951 0
40950 0
40949 0
40948 0
40947 0
40946 0
40945 0
40944 0
40943 0
40942 0
40941 0
40940 0
40939 0
40938 0
40937 0
40936 0
40935 0
40934 0
40933 0
40932 0
40931 0
40930 0
40929 0
40928 0
40927 0
40926 0
40925 0
40924 0
40923 0
40922 0
40921 0
40920 0
40918 0
40917 0
40916 0
40915 0
40914 0
40913 0
40912 0
40911 0
40910 0
40909 0
40908 0
40907 0
40906 0
40905 0
40904 0
40903 0
40902 0
40901 0
40900 0
40899 0
40898 0
40897 0
40896 0
40895 0
40894 0
40893 0
40892 0
40891 0
40890 0
40889 0
40888 0
40887 0
40886 0
40885 0
40884 0
40883 0
40882 0
40881 0
40880 0
40879 0
40878 0
40877 0
40876 0
40875 0
40874 0
40873 0
40872 0
40871 0
40870 0
40869 0
40868 0
40867 0
40866 0
40865 0
40864 0
40863 0
40862 0
40861 0
40860 0
40859 0
40858 0
40857 0
40856 0
40855 0
40854 0
40853 0
40852 0
40851 0
40850 0
40849 0
40848 0
40847 0
40846 0
40845 0
40844 0
40843 0
40842 0
40841 0
40840 0
40839 0
40838 0
40837 0
40836 0
40835 0
40834 0
40833 0
40832 0
40831 0
40830 0
40829 0
40828 0
40827 0
40826 0
