31366 1.55028
35601 1.10189
34312 1.10189
27379 1.10189
25885 1.10189
22537 1.10189
18428 1.10189
6049 1.10189
9615 0.871517
9423 0.871517
24313 0.73794
36147 0.689586
35792 0.689586
22122 0.689586
19555 0.689586
18732 0.689586
14583 0.689586
8717 0.689586
2669 0.689586
26399 0.666841
15455 0.626875
28551 0.60194
25330 0.574064
651 0.574064
22219 0.516957
23260 0.503094
16390 0.483069
14543 0.44515
35151 0.440485
31916 0.440485
25546 0.440485
12956 0.440485
3317 0.440485
33214 0.409902
32808 0.393563
32035 0.393563
16688 0.371841
3318 0.371156
8712 0.368845
30359 0.310113
10896 0.303337
28274 0.302265
23843 0.285442
37838 0.285373
35404 0.285373
34013 0.285373
25056 0.285373
12282 0.285373
2153 0.285373
9720 0.285372
13309 0.242241
32165 0.220543
23661 0.209091
8611 0.204762
15777 0.192157
40113 0.184412
20010 0.184412
14398 0.174208
21288 0.17212
28331 0.167168
22095 0.167168
17571 0.150256
26306 0.142857
25597 0.142857
38909 0.125
38130 0.125
6113 0.125
2480 0.114274
22501 0.110447
29762 0.108974
10042 0.0939846
7557 0.0939846
257 0.0939846
26930 0.0919572
18740 0.0919572
40714 0.0909091
36494 0.0909091
31782 0.0909091
21041 0.0909091
12904 0.0909091
3843 0.0909091
38535 0.0905959
33695 0.0769231
29492 0.0769231
20353 0.0769231
7233 0.0769231
6016 0.0769231
2675 0.0769231
32403 0.0764183
28032 0.0714286
27746 0.0709258
7125 0.0709258
36717 0.0707651
24086 0.0707651
17319 0.0707651
33233 0.0669913
36969 0.0618986
38039 0.0588235
27912 0.0588235
23836 0.0588235
23268 0.0588235
19820 0.0588235
18133 0.0588235
17828 0.0588235
17252 0.0588235
15634 0.0588235
9885 0.0588235
7634 0.0588235
946 0.0588235
35241 0.0579479
34520 0.0507127
23701 0.0507127
32652 0.0506583
28769 0.0429364
22462 0.0429364
15558 0.0429364
9324 0.0429364
38407 0.041547
29183 0.041547
28489 0.041547
26687 0.041547
9169 0.041547
9050 0.041547
7025 0.041547
4846 0.041547
40342 0.0409965
36596 0.0409965
32750 0.0409965
947 0.0409965
37720 0.0384615
23501 0.0384615
16543 0.0384615
6738 0.0384615
3111 0.0384615
1418 0.0384615
225 0.0384615
27107 0.037037
21283 0.037037
2111 0.037037
40409 0.0333333
40329 0.0333333
39790 0.0333333
39426 0.0333333
39016 0.0333333
36355 0.0333333
35808 0.0333333
35290 0.0333333
34548 0.0333333
33740 0.0333333
32699 0.0333333
30009 0.0333333
28235 0.0333333
27694 0.0333333
26805 0.0333333
24882 0.0333333
23390 0.0333333
23359 0.0333333
22355 0.0333333
20397 0.0333333
19977 0.0333333
19404 0.0333333
15491 0.0333333
14341 0.0333333
12642 0.0333333
12230 0.0333333
11662 0.0333333
11412 0.0333333
10650 0.0333333
10299 0.0333333
9320 0.0333333
8831 0.0333333
7277 0.0333333
6966 0.0333333
3721 0.0333333
3226 0.0333333
1239 0.0333333
248 0.0333333
28101 0.03125
25259 0.03125
23042 0.03125
21331 0.03125
11889 0.03125
10810 0.03125
9825 0.03125
40716 0.030303
39028 0.030303
34758 0.030303
30163 0.030303
25363 0.030303
6756 0.030303
34569 0.0294118
32668 0.0294118
35719 0.0285714
34625 0.0285714
34452 0.0285714
31832 0.0285714
26566 0.0285714
21394 0.0285714
10789 0.0285714
9473 0.0285714
5640 0.0285714
2903 0.0285714
28500 0.0277778
18842 0.025641
3501 0.025641
35697 0.025
31153 0.025
22175 0.025
25583 0.0238095
6319 0.0238095
35297 0.0222222
26099 0.0222222
23881 0.0222222
21215 0.0222222
19259 0.0222222
1106 0.0222222
39947 0.02
35346 0.02
32930 0.02
30676 0.02
27989 0.02
24678 0.02
21757 0.02
21323 0.02
17312 0.02
16298 0.02
13654 0.02
11080 0.02
2885 0.02
2877 0.02
110 0.02
40474 0.0181818
24423 0.0181818
37571 0.0175439
31871 0.0175439
30297 0.0175439
29279 0.0175439
26189 0.0175439
24616 0.0175439
22574 0.0175439
18565 0.0175439
17994 0.0175439
16539 0.0175439
8927 0.0175439
7150 0.0175439
30351 0.0169492
25179 0.0169492
4471 0.0169492
38928 0.015873
33009 0.015873
25187 0.015873
22780 0.015873
18933 0.015873
17265 0.015873
17173 0.015873
13326 0.015873
12979 0.015873
2722 0.015873
35386 0.015625
20484 0.015625
19455 0.015625
13916 0.015625
40830 0.00813008
39930 0.00813008
39100 0.00813008
38533 0.00813008
37931 0.00813008
33028 0.00813008
33026 0.00813008
32688 0.00813008
32327 0.00813008
32037 0.00813008
30590 0.00813008
30045 0.00813008
29634 0.00813008
28749 0.00813008
28587 0.00813008
27541 0.00813008
27486 0.00813008
26372 0.00813008
25132 0.00813008
23820 0.00813008
23370 0.00813008
22955 0.00813008
22711 0.00813008
22692 0.00813008
19379 0.00813008
18712 0.00813008
18520 0.00813008
17363 0.00813008
16307 0.00813008
16222 0.00813008
15476 0.00813008
14683 0.00813008
14633 0.00813008
13967 0.00813008
13388 0.00813008
12935 0.00813008
11439 0.00813008
8595 0.00813008
8367 0.00813008
8181 0.00813008
5224 0.00813008
4900 0.00813008
4600 0.00813008
3606 0.00813008
2849 0.00813008
2749 0.00813008
2585 0.00813008
2168 0.00813008
1358 0.00813008
927 0.00813008
40980 0
40979 0
40978 0
40977 0
40976 0
40975 0
40974 0
40973 0
40972 0
40971 0
40970 0
40969 0
40968 0
40967 0
40966 0
40965 0
40964 0
40963 0
40962 0
40961 0
40960 0
40959 0
40958 0
40957 0
40956 0
40955 0
40954 0
40953 0
40952 0
40951 0
40950 0
40949 0
40948 0
40947 0
40946 0
40945 0
40944 0
40943 0
40942 0
40941 0
40940 0
40939 0
40938 0
40937 0
40936 0
40935 0
40934 0
40933 0
40932 0
40931 0
40930 0
40929 0
40928 0
40927 0
40926 0
40925 0
40924 0
40923 0
40922 0
40921 0
40920 0
40919 0
40918 0
40917 0
40916 0
40915 0
40914 0
40913 0
40912 0
40911 0
40910 0
40909 0
40908 0
40907 0
40906 0
40905 0
40904 0
40903 0
40902 0
40901 0
40900 0
40899 0
40898 0
40897 0
40896 0
40895 0
40894 0
40893 0
40892 0
40891 0
40890 0
40889 0
40888 0
40887 0
40886 0
40885 0
40884 0
40883 0
40882 0
40881 0
40880 0
40879 0
40878 0
40877 0
40876 0
40875 0
40874 0
40873 0
40872 0
40871 0
40870 0
40869 0
40868 0
40867 0
40866 0
40865 0
40864 0
40863 0
40862 0
40861 0
40860 0
40859 0
40858 0
40857 0
40856 0
40855 0
40854 0
40853 0
40852 0
40851 0
40850 0
40849 0
40848 0
40847 0
40846 0
40845 0
40844 0
40843 0
40842 0
40841 0
40840 0
40839 0
40838 0
40837 0
40836 0
40835 0
40834 0
40833 0
40832 0
40831 0
40829 0
40828 0
40827 0
40826 0
40825 0
40824 0
40823 0
40822 0
40821 0
40820 0
40819 0
40818 0
40817 0
40816 0
40815 0
40814 0
40813 0
40812 0
40811 0
40810 0
40809 0
40808 0
40807 0
40806 0
40805 0
40804 0
40803 0
40802 0
40801 0
40800 0
40799 0
40798 0
40797 0
40796 0
40795 0
40794 0
40793 0
40792 0
