34488 6.04518
4555 5.26548
7570 5.142
38449 4.32347
28776 4.08407
18165 3.08745
15684 2.76667
34630 2.59921
40577 2.35055
14163 1.74019
40289 1.71956
33975 1.65
27024 1.61667
22950 1.56667
7576 1.42555
39156 1.28526
18615 0.90412
10082 0.866667
32585 0.861447
27772 0.833333
27767 0.783333
6063 0.737453
38381 0.733333
19440 0.708333
21036 0.625
24259 0.611111
16549 0.6
40019 0.592857
15439 0.592857
14906 0.576923
39626 0.5671
37684 0.541667
21693 0.509524
39013 0.491667
5798 0.488095
14880 0.475
7783 0.453968
27522 0.425115
30088 0.396429
23837 0.391667
37517 0.333333
29986 0.333333
27296 0.333333
26080 0.333333
24546 0.333333
21821 0.333333
20255 0.333333
11452 0.333333
10211 0.333333
10062 0.333333
9426 0.333333
6836 0.333333
3964 0.333333
3836 0.333333
30542 0.332258
7982 0.332258
22138 0.319048
37203 0.298925
40293 0.25
38617 0.25
34956 0.25
34063 0.25
31922 0.25
30473 0.25
28596 0.25
27287 0.25
26124 0.25
25494 0.25
24469 0.25
24399 0.25
24332 0.25
20698 0.25
20262 0.25
17937 0.25
16434 0.25
15366 0.25
14251 0.25
11219 0.25
10106 0.25
7265 0.25
1768 0.25
40427 0.2
35950 0.2
30820 0.2
25564 0.2
23554 0.2
23387 0.2
21089 0.2
15381 0.2
2184 0.2
1158 0.2
60 0.2
24090 0.170786
23487 0.170786
14066 0.170786
39153 0.166667
38904 0.166667
36999 0.166667
36532 0.166667
36338 0.166667
29879 0.166667
24548 0.166667
18726 0.166667
15488 0.166667
8929 0.166667
30666 0.142857
14017 0.142857
9960 0.142857
39874 0.125
37377 0.125
18227 0.125
12242 0.125
11311 0.125
9841 0.125
4199 0.125
34042 0.111111
31968 0.111111
21059 0.111111
17524 0.111111
15315 0.111111
14837 0.1
39763 0.0769231
35489 0.0769231
8217 0.0769231
4577 0.0769231
24893 0.0714286
8981 0.0714286
8306 0.0714286
37770 0.047619
36336 0.047619
34128 0.047619
32446 0.047619
32371 0.047619
31899 0.047619
18766 0.047619
8451 0.047619
810 0.047619
34652 0.0322581
32830 0.0322581
32044 0.0322581
30818 0.0322581
27305 0.0322581
22687 0.0322581
17483 0.0322581
16598 0.0322581
13163 0.0322581
11762 0.0322581
10464 0.0322581
7491 0.0322581
3524 0.0322581
64 0.0322581
40980 0
40979 0
40978 0
40977 0
40976 0
40975 0
40974 0
40973 0
40972 0
40971 0
40970 0
40969 0
40968 0
40967 0
40966 0
40965 0
40964 0
40963 0
40962 0
40961 0
40960 0
40959 0
40958 0
40957 0
40956 0
40955 0
40954 0
40953 0
40952 0
40951 0
40950 0
40949 0
40948 0
40947 0
40946 0
40945 0
40944 0
40943 0
40942 0
40941 0
40940 0
40939 0
40938 0
40937 0
40936 0
40935 0
40934 0
40933 0
40932 0
40931 0
40930 0
40929 0
40928 0
40927 0
40926 0
40925 0
40924 0
40923 0
40922 0
40921 0
40920 0
40919 0
40918 0
40917 0
40916 0
40915 0
40914 0
40913 0
40912 0
40911 0
40910 0
40909 0
40908 0
40907 0
40906 0
40905 0
40904 0
40903 0
40902 0
40901 0
40900 0
40899 0
40898 0
40897 0
40896 0
40895 0
40894 0
40893 0
40892 0
40891 0
40890 0
40889 0
40888 0
40887 0
40886 0
40885 0
40884 0
40883 0
40882 0
40881 0
40880 0
40879 0
40878 0
40877 0
40876 0
40875 0
40874 0
40873 0
40872 0
40871 0
40870 0
40869 0
40868 0
40867 0
40866 0
40865 0
40864 0
40863 0
40862 0
40861 0
40860 0
40859 0
40858 0
40857 0
40856 0
40855 0
40854 0
40853 0
40852 0
40851 0
40850 0
40849 0
40848 0
40847 0
40846 0
40845 0
40844 0
40843 0
40842 0
40841 0
40840 0
40839 0
40838 0
40837 0
40836 0
40835 0
40834 0
40833 0
40832 0
40831 0
40830 0
40829 0
40828 0
40827 0
40826 0
40825 0
40824 0
40823 0
40822 0
40821 0
40820 0
40819 0
40818 0
40817 0
40816 0
40815 0
40814 0
40813 0
40812 0
40811 0
40810 0
40809 0
40808 0
40807 0
40806 0
40805 0
40804 0
40803 0
40802 0
40801 0
40800 0
40799 0
40798 0
40797 0
40796 0
40795 0
40794 0
40793 0
40792 0
40791 0
40790 0
40789 0
40788 0
40787 0
40786 0
40785 0
40784 0
40783 0
40782 0
40781 0
40780 0
40779 0
40778 0
40777 0
40776 0
40775 0
40774 0
40773 0
40772 0
40771 0
40770 0
40769 0
40768 0
40767 0
40766 0
40765 0
40764 0
40763 0
40762 0
40761 0
40760 0
40759 0
40758 0
40757 0
40756 0
40755 0
40754 0
40753 0
40752 0
40751 0
40750 0
40749 0
40748 0
40747 0
40746 0
40745 0
40744 0
40743 0
40742 0
40741 0
40740 0
40739 0
40738 0
40737 0
40736 0
40735 0
40734 0
40733 0
40732 0
40731 0
40730 0
40729 0
40728 0
40727 0
40726 0
40725 0
40724 0
40723 0
40722 0
40721 0
40720 0
40719 0
40718 0
40717 0
40716 0
40715 0
40714 0
40713 0
40712 0
40711 0
40710 0
40709 0
40708 0
40707 0
40706 0
40705 0
40704 0
40703 0
40702 0
40701 0
40700 0
40699 0
40698 0
40697 0
40696 0
40695 0
40694 0
40693 0
40692 0
40691 0
40690 0
40689 0
40688 0
40687 0
40686 0
40685 0
40684 0
40683 0
40682 0
40681 0
40680 0
40679 0
40678 0
40677 0
40676 0
40675 0
40674 0
40673 0
40672 0
40671 0
40670 0
40669 0
40668 0
40667 0
40666 0
40665 0
40664 0
40663 0
40662 0
40661 0
40660 0
40659 0
40658 0
40657 0
40656 0
40655 0
40654 0
40653 0
40652 0
40651 0
40650 0
40649 0
40648 0
40647 0
40646 0
40645 0
40644 0
40643 0
40642 0
40641 0
40640 0
40639 0
40638 0
40637 0
40636 0
40635 0
40634 0
40633 0
40632 0
