20776 1.30476
29538 1.14327
16390 1.00475
18428 1
27799 0.916667
37923 0.916667
28500 0.791667
18328 0.729167
17301 0.675362
13654 0.674242
39383 0.65
34893 0.60691
16933 0.53869
25583 0.474984
16231 0.474984
29401 0.4125
14488 0.4125
25826 0.401553
22530 0.401553
24850 0.375362
15192 0.375362
23836 0.363095
23843 0.342029
39179 0.333333
34312 0.333333
34163 0.333333
18516 0.333333
14339 0.333333
4669 0.333333
17295 0.28355
35525 0.25
31582 0.25
30860 0.25
21889 0.25
18122 0.25
39 0.25
17158 0.2
2885 0.198864
13245 0.196196
2675 0.196196
40877 0.166667
40190 0.166667
39810 0.166667
36888 0.166667
35465 0.166667
31718 0.166667
28184 0.166667
28109 0.166667
26832 0.166667
26154 0.166667
26095 0.166667
22811 0.166667
21499 0.166667
18520 0.166667
15641 0.166667
14813 0.166667
11726 0.166667
11650 0.166667
9705 0.166667
4998 0.166667
2174 0.166667
432 0.166667
34758 0.142857
25968 0.142857
22594 0.142857
16504 0.142857
14018 0.142857
12641 0.142857
7639 0.142857
6239 0.142857
21735 0.125
9243 0.125
4726 0.125
225 0.125
17260 0.120817
12464 0.120817
3711 0.120817
32808 0.1
25885 0.1
21288 0.1
16803 0.1
9720 0.1
651 0.1
30793 0.0909091
18866 0.0909091
18119 0.0909091
16233 0.0909091
8445 0.0909091
2542 0.0909091
35298 0.0833333
34084 0.0833333
33925 0.0833333
29738 0.0833333
21341 0.0833333
18745 0.0833333
16281 0.0833333
15026 0.0833333
25524 0.0714286
21325 0.0714286
20875 0.0714286
20231 0.0714286
14556 0.0714286
8033 0.0714286
5179 0.0714286
1885 0.0714286
34404 0.0666667
24459 0.0666667
20250 0.0666667
8505 0.0666667
34664 0.0625
33634 0.0625
32620 0.0625
30377 0.0625
27934 0.0625
27196 0.0625
24239 0.0625
22501 0.0625
19419 0.0625
18825 0.0625
17312 0.0625
15416 0.0625
10299 0.0625
6654 0.0625
947 0.0625
507 0.0625
40472 0.0454545
40420 0.0454545
30541 0.0454545
30412 0.0454545
26796 0.0454545
22355 0.0454545
19641 0.0454545
18109 0.0454545
16633 0.0454545
11924 0.0454545
11746 0.0454545
40882 0.00869565
40604 0.00869565
40125 0.00869565
39640 0.00869565
39426 0.00869565
39361 0.00869565
39269 0.00869565
38848 0.00869565
38775 0.00869565
38758 0.00869565
38640 0.00869565
38596 0.00869565
38241 0.00869565
37444 0.00869565
37428 0.00869565
36362 0.00869565
36294 0.00869565
36134 0.00869565
36048 0.00869565
35723 0.00869565
35551 0.00869565
34761 0.00869565
34238 0.00869565
33582 0.00869565
33065 0.00869565
32258 0.00869565
31897 0.00869565
30915 0.00869565
30017 0.00869565
29912 0.00869565
28235 0.00869565
28170 0.00869565
27841 0.00869565
27666 0.00869565
27082 0.00869565
26524 0.00869565
25920 0.00869565
25498 0.00869565
25374 0.00869565
25037 0.00869565
25016 0.00869565
23388 0.00869565
22994 0.00869565
22956 0.00869565
22734 0.00869565
21853 0.00869565
21415 0.00869565
21198 0.00869565
20982 0.00869565
20852 0.00869565
19792 0.00869565
19392 0.00869565
17915 0.00869565
16827 0.00869565
16638 0.00869565
16447 0.00869565
16167 0.00869565
16099 0.00869565
15741 0.00869565
15151 0.00869565
15067 0.00869565
14739 0.00869565
14401 0.00869565
14282 0.00869565
13942 0.00869565
13204 0.00869565
13193 0.00869565
12981 0.00869565
12652 0.00869565
12427 0.00869565
11514 0.00869565
11359 0.00869565
9818 0.00869565
9558 0.00869565
9239 0.00869565
9011 0.00869565
7565 0.00869565
7422 0.00869565
7370 0.00869565
5867 0.00869565
5279 0.00869565
5241 0.00869565
4867 0.00869565
4815 0.00869565
4190 0.00869565
4095 0.00869565
3721 0.00869565
3436 0.00869565
3215 0.00869565
3017 0.00869565
2333 0.00869565
1579 0.00869565
1442 0.00869565
818 0.00869565
797 0.00869565
737 0.00869565
458 0.00869565
40980 0
40979 0
40978 0
40977 0
40976 0
40975 0
40974 0
40973 0
40972 0
40971 0
40970 0
40969 0
40968 0
40967 0
40966 0
40965 0
40964 0
40963 0
40962 0
40961 0
40960 0
40959 0
40958 0
40957 0
40956 0
40955 0
40954 0
40953 0
40952 0
40951 0
40950 0
40949 0
40948 0
40947 0
40946 0
40945 0
40944 0
40943 0
40942 0
40941 0
40940 0
40939 0
40938 0
40937 0
40936 0
40935 0
40934 0
40933 0
40932 0
40931 0
40930 0
40929 0
40928 0
40927 0
40926 0
40925 0
40924 0
40923 0
40922 0
40921 0
40920 0
40919 0
40918 0
40917 0
40916 0
40915 0
40914 0
40913 0
40912 0
40911 0
40910 0
40909 0
40908 0
40907 0
40906 0
40905 0
40904 0
40903 0
40902 0
40901 0
40900 0
40899 0
40898 0
40897 0
40896 0
40895 0
40894 0
40893 0
40892 0
40891 0
40890 0
40889 0
40888 0
40887 0
40886 0
40885 0
40884 0
40883 0
40881 0
40880 0
40879 0
40878 0
40876 0
40875 0
40874 0
40873 0
40872 0
40871 0
40870 0
40869 0
40868 0
40867 0
40866 0
40865 0
40864 0
40863 0
40862 0
40861 0
40860 0
40859 0
40858 0
40857 0
40856 0
40855 0
40854 0
40853 0
40852 0
40851 0
40850 0
40849 0
40848 0
40847 0
40846 0
40845 0
40844 0
40843 0
40842 0
40841 0
40840 0
40839 0
40838 0
40837 0
40836 0
40835 0
40834 0
40833 0
40832 0
40831 0
40830 0
40829 0
40828 0
40827 0
40826 0
40825 0
40824 0
40823 0
40822 0
40821 0
40820 0
40819 0
40818 0
40817 0
40816 0
40815 0
40814 0
40813 0
40812 0
40811 0
40810 0
40809 0
40808 0
40807 0
40806 0
40805 0
40804 0
40803 0
40802 0
40801 0
40800 0
40799 0
40798 0
40797 0
40796 0
40795 0
40794 0
40793 0
40792 0
40791 0
40790 0
40789 0
40788 0
40787 0
40786 0
40785 0
40784 0
40783 0
40782 0
40781 0
40780 0
40779 0
40778 0
40777 0
40776 0
40775 0
40774 0
40773 0
40772 0
40771 0
40770 0
40769 0
40768 0
40767 0
40766 0
40765 0
40764 0
40763 0
40762 0
40761 0
40760 0
40759 0
40758 0
40757 0
40756 0
40755 0
40754 0
40753 0
40752 0
40751 0
40750 0
40749 0
40748 0
40747 0
40746 0
40745 0
40744 0
40743 0
40742 0
40741 0
40740 0
40739 0
40738 0
40737 0
40736 0
40735 0
40734 0
40733 0
40732 0
40731 0
40730 0
40729 0
40728 0
40727 0
40726 0
40725 0
40724 0
40723 0
40722 0
40721 0
40720 0
40719 0
40718 0
40717 0
40716 0
40715 0
40714 0
40713 0
40712 0
