24962 13.3187
33950 8.50535
8580 5.15099
5511 4.93926
4406 4.81644
32760 4.16266
37711 3.64483
29814 3.61063
10953 3.27144
13919 2.5678
31301 2.4315
13704 2.13172
23844 2.06366
38246 2.02983
16650 1.9873
5691 1.84763
21013 1.82865
25459 1.74833
2131 1.67195
35811 1.48159
12887 1.26087
27281 0.964481
30121 0.947381
23687 0.942617
34572 0.886667
13602 0.88259
27535 0.873571
17171 0.855574
10040 0.833333
28543 0.821746
5066 0.790278
14422 0.769018
39882 0.748266
23610 0.726566
36535 0.704957
33483 0.7
33667 0.694444
30054 0.688216
34883 0.683584
11658 0.683333
17844 0.667431
14383 0.666667
8261 0.644219
9807 0.599327
31670 0.597222
29309 0.575
4584 0.575
40145 0.566667
18328 0.542857
34048 0.533333
7324 0.533333
28352 0.523571
37048 0.455718
32500 0.440909
8532 0.438312
37857 0.43158
34364 0.42619
39319 0.425
35490 0.415
9458 0.412121
7691 0.406667
24739 0.402778
13461 0.402381
16217 0.394444
32944 0.378571
5432 0.368615
40445 0.367806
40066 0.367806
14732 0.356746
12731 0.356746
6496 0.356746
363 0.349524
13153 0.347103
10990 0.347103
39907 0.340813
20811 0.333333
738 0.333333
2593 0.329011
27514 0.327381
16945 0.326623
32885 0.318694
7435 0.313889
9529 0.307691
11287 0.305714
10423 0.303333
1975 0.287027
11062 0.284603
38680 0.276786
993 0.273968
24558 0.27286
33774 0.271825
18317 0.262026
25416 0.261905
9557 0.259343
24610 0.252937
10123 0.252937
33944 0.25
33641 0.25
32571 0.25
27532 0.25
7708 0.25
2852 0.25
17 0.25
27340 0.238651
36319 0.235354
40513 0.230952
2249 0.230909
3497 0.21036
28607 0.209861
38191 0.2
36688 0.2
30285 0.2
17136 0.2
16835 0.2
3297 0.2
2746 0.2
865 0.2
15707 0.196746
9083 0.196566
19053 0.185833
11102 0.185833
5793 0.185714
31990 0.177871
6686 0.173333
9978 0.171429
24782 0.169048
11013 0.169048
9362 0.169048
34095 0.166667
30886 0.166667
27692 0.166667
20997 0.166667
2551 0.166667
28483 0.161616
20953 0.161616
7696 0.161616
3327 0.161616
2693 0.157576
27899 0.155574
37381 0.153636
26059 0.15
5693 0.147143
1655 0.147143
38254 0.142857
30951 0.142857
30012 0.142857
29146 0.142857
28320 0.142857
26892 0.142857
21190 0.142857
14224 0.142857
7296 0.142857
5100 0.142857
3158 0.142857
1221 0.142857
28919 0.135714
24925 0.130556
37797 0.125
30950 0.125
6250 0.125
5375 0.125
2696 0.125
39147 0.112344
17128 0.112344
6152 0.112344
2792 0.112344
1318 0.112344
34825 0.111111
32843 0.111111
31806 0.111111
27715 0.111111
22671 0.111111
20621 0.111111
20073 0.111111
6641 0.111111
4493 0.111111
31794 0.103333
17847 0.103333
2838 0.103333
27962 0.101515
37069 0.1
32143 0.1
31359 0.1
28576 0.1
28155 0.1
24125 0.1
16618 0.1
15513 0.1
8659 0.1
10100 0.0973733
6548 0.0973733
35052 0.0953589
11117 0.0953589
40912 0.0909091
28642 0.0909091
21615 0.0909091
15111 0.0909091
3740 0.0909091
35732 0.0890476
33151 0.0890476
3577 0.087027
31581 0.0833333
22001 0.0833333
19070 0.0833333
10117 0.0833333
6286 0.0833333
15768 0.0714286
10332 0.0714286
13509 0.0696032
5233 0.0666667
39270 0.0625
13992 0.0625
10153 0.0625
8289 0.0625
26288 0.0588235
14572 0.0588235
5547 0.0588235
29533 0.0526316
19566 0.0526316
13157 0.0526316
24230 0.047619
18950 0.047619
10597 0.047619
3024 0.047619
186 0.047619
36824 0.0454545
35429 0.0454545
34259 0.0454545
32717 0.0454545
29252 0.0454545
12062 0.0454545
11737 0.0454545
10756 0.0454545
8205 0.0454545
1552 0.0454545
40939 0.04
37107 0.04
36791 0.04
26874 0.04
23813 0.04
14040 0.04
11038 0.04
5356 0.04
2532 0.04
52 0.04
40977 0.0357143
40665 0.0357143
35354 0.0357143
32786 0.0357143
32763 0.0357143
28766 0.0357143
22726 0.0357143
14463 0.0357143
13432 0.0357143
11445 0.0357143
8249 0.0357143
7190 0.0357143
6012 0.0357143
5788 0.0357143
5079 0.0357143
1210 0.0357143
584 0.0357143
26283 0.0333333
25960 0.0333333
14216 0.0333333
2685 0.0333333
34834 0.027027
24504 0.027027
22103 0.027027
16535 0.027027
14971 0.027027
9952 0.027027
8819 0.027027
4981 0.027027
379 0.027027
32891 0.0227273
30020 0.0227273
26614 0.0227273
24251 0.0227273
23632 0.0227273
21860 0.0227273
20132 0.0227273
19474 0.0227273
13347 0.0227273
5909 0.0227273
5529 0.0227273
3797 0.0227273
3031 0.0227273
36474 0.02
28038 0.02
24205 0.02
15922 0.02
13322 0.02
12544 0.02
7319 0.02
6983 0.02
3152 0.02
40458 0.0138889
38667 0.0138889
38012 0.0138889
36748 0.0138889
33883 0.0138889
33834 0.0138889
32137 0.0138889
31195 0.0138889
29794 0.0138889
26435 0.0138889
26334 0.0138889
26259 0.0138889
25279 0.0138889
25266 0.0138889
25235 0.0138889
25082 0.0138889
25060 0.0138889
19887 0.0138889
19309 0.0138889
18633 0.0138889
16481 0.0138889
13568 0.0138889
12096 0.0138889
10954 0.0138889
10387 0.0138889
10245 0.0138889
9947 0.0138889
9393 0.0138889
8055 0.0138889
8037 0.0138889
7899 0.0138889
6973 0.0138889
6409 0.0138889
4859 0.0138889
3916 0.0138889
3552 0.0138889
2819 0.0138889
2527 0.0138889
1107 0.0138889
212 0.0138889
40980 0
40979 0
40978 0
40976 0
40975 0
40974 0
40973 0
40972 0
40971 0
40970 0
40969 0
40968 0
40967 0
40966 0
40965 0
40964 0
40963 0
40962 0
40961 0
40960 0
40959 0
40958 0
40957 0
40956 0
40955 0
40954 0
40953 0
40952 0
40951 0
40950 0
40949 0
40948 0
40947 0
40946 0
40945 0
40944 0
40943 0
40942 0
40941 0
40940 0
40938 0
40937 0
40936 0
40935 0
40934 0
40933 0
40932 0
40931 0
40930 0
40929 0
40928 0
40927 0
40926 0
40925 0
40924 0
40923 0
40922 0
40921 0
40920 0
40919 0
40918 0
40917 0
40916 0
40915 0
40914 0
40913 0
40911 0
40910 0
40909 0
40908 0
40907 0
40906 0
40905 0
40904 0
40903 0
40902 0
40901 0
40900 0
40899 0
40898 0
40897 0
40896 0
40895 0
40894 0
40893 0
40892 0
40891 0
40890 0
40889 0
40888 0
40887 0
40886 0
40885 0
40884 0
40883 0
40882 0
40881 0
40880 0
40879 0
40878 0
40877 0
40876 0
40875 0
40874 0
40873 0
40872 0
40871 0
40870 0
40869 0
40868 0
40867 0
40866 0
40865 0
40864 0
40863 0
40862 0
40861 0
40860 0
40859 0
40858 0
40857 0
40856 0
40855 0
40854 0
40853 0
40852 0
40851 0
40850 0
40849 0
40848 0
40847 0
40846 0
40845 0
40844 0
40843 0
40842 0
40841 0
40840 0
40839 0
40838 0
40837 0
40836 0
40835 0
40834 0
40833 0
40832 0
40831 0
40830 0
40829 0
40828 0
40827 0
40826 0
40825 0
40824 0
40823 0
40822 0
40821 0
40820 0
40819 0
40818 0
40817 0
40816 0
40815 0
