22594 10.8451
10986 4.01749
21183 3.4789
28552 3.33739
26352 2.80973
21668 2.21118
30997 2.20309
28010 1.42784
17574 1.31396
34228 1.19137
10712 1.09274
38292 1.08597
16172 1.02682
27811 0.892199
39459 0.887615
35844 0.845833
18656 0.770074
19365 0.763793
23696 0.762563
27336 0.67749
39572 0.670779
32367 0.64793
4901 0.637354
30579 0.627691
13485 0.62342
25784 0.587759
19438 0.567374
6882 0.566667
28870 0.553943
9092 0.552216
1957 0.530023
18495 0.527098
9671 0.523283
33918 0.514892
27505 0.513298
31203 0.503366
4454 0.4938
6191 0.490717
17314 0.486716
28099 0.47061
26715 0.453233
32533 0.447159
10906 0.432918
25731 0.417331
34635 0.409415
6651 0.39681
27888 0.391667
12402 0.380952
34180 0.367334
40825 0.366997
33614 0.365079
987 0.359524
37249 0.348845
20271 0.347357
39613 0.345569
32454 0.344923
34972 0.334499
33989 0.333985
11453 0.333339
11801 0.327974
27169 0.313874
33764 0.311771
33485 0.310414
7563 0.309524
21295 0.308655
5725 0.308452
595 0.308333
29588 0.29816
22119 0.297122
14525 0.296705
31301 0.293338
7147 0.288978
32885 0.28235
9579 0.276339
39965 0.276162
20060 0.276162
37580 0.269087
35110 0.266978
812 0.26452
11028 0.257914
4675 0.256494
28051 0.250029
11444 0.250029
34564 0.25
21018 0.25
10508 0.25
9326 0.25
24599 0.246928
31371 0.241878
25339 0.240915
7762 0.237164
1043 0.224739
530 0.224739
34420 0.208134
3590 0.20552
27459 0.204055
4322 0.200572
14465 0.2
1975 0.2
40616 0.199459
4208 0.199459
15144 0.197361
7514 0.191379
69 0.191379
31286 0.18676
5141 0.18676
24612 0.185504
2635 0.182991
26883 0.181195
40040 0.179784
39708 0.179784
1948 0.177866
4443 0.17675
40899 0.17614
28938 0.175746
16639 0.175746
4705 0.175746
35616 0.170478
13136 0.170478
2829 0.16908
24825 0.168943
401 0.164225
32225 0.161255
1917 0.160145
9656 0.158782
7135 0.154564
4298 0.153643
23043 0.153628
29484 0.152732
31288 0.152682
12637 0.15098
39483 0.149854
39514 0.145688
16462 0.144051
9100 0.142857
8562 0.142857
8231 0.13631
11104 0.136281
16597 0.129412
40915 0.128778
37165 0.128778
18457 0.128778
34342 0.12656
8017 0.12656
6415 0.125997
3210 0.125997
2384 0.125997
36865 0.125
27065 0.125
15981 0.125
9689 0.125
7315 0.125
3543 0.125
17858 0.12246
26661 0.11943
22360 0.118478
33213 0.117355
17207 0.11527
36141 0.113651
33224 0.113651
14595 0.113636
26503 0.111111
21911 0.111111
19238 0.111111
16919 0.111111
14303 0.111111
38265 0.107491
4052 0.107491
20648 0.104674
14901 0.10353
38098 0.102042
37127 0.102042
33157 0.102042
33016 0.102042
12791 0.101538
9532 0.1
9399 0.1
6481 0.1
17963 0.0970885
34242 0.0966054
32640 0.0909091
4348 0.0909091
26133 0.0886364
32892 0.0835404
22002 0.0835404
15501 0.0835404
9231 0.0835404
457 0.0835404
27500 0.0833333
18950 0.0833333
5666 0.0833333
23215 0.082684
33962 0.0769995
34014 0.0760458
28426 0.0760458
28238 0.0760458
17906 0.0760458
24074 0.0756816
22029 0.0756816
8757 0.0756816
7625 0.0756816
20669 0.075217
30793 0.0723942
2885 0.0723942
21180 0.0707146
28146 0.0666886
19861 0.0666886
18107 0.0666886
4433 0.0662055
40288 0.0625
37780 0.0625
31491 0.0625
17769 0.0625
16599 0.0625
10076 0.0625
38531 0.0598717
19433 0.0598717
38007 0.0588235
15323 0.0588235
179 0.0555556
37867 0.0533816
31174 0.0526316
26852 0.0526316
20183 0.0526316
10432 0.0526316
4390 0.0526316
3884 0.0526316
3155 0.0526316
32197 0.047619
24468 0.047619
18328 0.047619
15644 0.047619
28953 0.0454545
6255 0.0454545
5214 0.0454545
27586 0.0434783
18438 0.0434783
38122 0.0416667
37767 0.0416667
18532 0.0416667
14994 0.0416667
6655 0.0416667
5940 0.0416667
3314 0.0416667
33439 0.0384615
31311 0.0384615
29619 0.0384615
22128 0.0384615
21202 0.0384615
17273 0.0384615
14653 0.0384615
7920 0.0384615
36541 0.0357143
31835 0.0357143
16266 0.0357143
9930 0.0357143
7393 0.0357143
25663 0.0344828
15122 0.0344828
22580 0.0333333
20642 0.0333333
9725 0.0333333
6421 0.0333333
2134 0.0333333
13906 0.03125
4648 0.03125
4236 0.03125
39771 0.030303
33121 0.030303
31113 0.030303
30832 0.030303
29233 0.030303
27711 0.030303
20233 0.030303
17150 0.030303
14560 0.030303
5258 0.030303
4595 0.030303
40248 0.0294118
35262 0.0294118
34407 0.0294118
33267 0.0294118
8587 0.0294118
3992 0.0294118
3125 0.0294118
790 0.0294118
40398 0.0263158
39962 0.0263158
39791 0.0263158
38141 0.0263158
35803 0.0263158
35063 0.0263158
28624 0.0263158
27799 0.0263158
25617 0.0263158
22405 0.0263158
22248 0.0263158
11997 0.0263158
9197 0.0263158
5963 0.0263158
3695 0.0263158
2542 0.0263158
233 0.0263158
33875 0.0227273
30546 0.0227273
16869 0.0227273
16567 0.0227273
4225 0.0227273
2796 0.0227273
25029 0.0222222
17634 0.0222222
12820 0.0222222
10923 0.0222222
10737 0.0222222
40750 0.0217391
40017 0.0217391
38351 0.0217391
32269 0.0217391
28883 0.0217391
28117 0.0217391
26183 0.0217391
19299 0.0217391
19210 0.0217391
13179 0.0217391
9561 0.0217391
9485 0.0217391
8756 0.0217391
8247 0.0217391
2840 0.0217391
1204 0.0217391
40204 0.0166667
38952 0.0166667
35734 0.0166667
35724 0.0166667
32620 0.0166667
29077 0.0166667
28575 0.0166667
28094 0.0166667
26541 0.0166667
24831 0.0166667
24505 0.0166667
24239 0.0166667
23628 0.0166667
23439 0.0166667
22184 0.0166667
16947 0.0166667
16233 0.0166667
16076 0.0166667
14809 0.0166667
14138 0.0166667
14056 0.0166667
12245 0.0166667
10872 0.0166667
9924 0.0166667
9010 0.0166667
8071 0.0166667
2960 0.0166667
27317 0.0163934
27039 0.0163934
9838 0.0163934
9730 0.0163934
3211 0.0163934
39856 0.0144928
39381 0.0144928
39364 0.0144928
38143 0.0144928
34867 0.0144928
34679 0.0144928
34628 0.0144928
32810 0.0144928
19856 0.0144928
19571 0.0144928
18788 0.0144928
14803 0.0144928
5874 0.0144928
4643 0.0144928
4559 0.0144928
1237 0.0144928
1070 0.0144928
40980 0
40979 0
40978 0
40977 0
40976 0
40975 0
40974 0
40973 0
40972 0
40971 0
40970 0
40969 0
40968 0
40967 0
40966 0
40965 0
40964 0
40963 0
40962 0
40961 0
40960 0
40959 0
40958 0
40957 0
40956 0
40955 0
40954 0
40953 0
40952 0
40951 0
40950 0
40949 0
40948 0
40947 0
40946 0
40945 0
40944 0
40943 0
40942 0
40941 0
40940 0
40939 0
40938 0
40937 0
40936 0
40935 0
40934 0
40933 0
40932 0
40931 0
40930 0
40929 0
40928 0
40927 0
40926 0
40925 0
40924 0
40923 0
40922 0
40921 0
40920 0
40919 0
40918 0
40917 0
40916 0
40914 0
40913 0
40912 0
40911 0
40910 0
40909 0
40908 0
40907 0
40906 0
40905 0
40904 0
40903 0
40902 0
40901 0
40900 0
40898 0
40897 0
40896 0
40895 0
40894 0
40893 0
40892 0
40891 0
40890 0
40889 0
40888 0
40887 0
40886 0
40885 0
40884 0
40883 0
40882 0
40881 0
40880 0
40879 0
40878 0
40877 0
40876 0
40875 0
40874 0
40873 0
40872 0
40871 0
40870 0
40869 0
40868 0
40867 0
40866 0
40865 0
40864 0
40863 0
40862 0
40861 0
40860 0
40859 0
40858 0
