34084 7.04757
36888 6.35419
34746 3.43856
21341 3.18264
704 2.92883
38354 2.53704
9167 1.30741
22828 1.25894
2089 1.10202
3808 1.08333
18175 0.865966
8164 0.851786
13676 0.820723
30519 0.816024
18504 0.783333
6207 0.738095
2777 0.708881
12450 0.7
37153 0.650032
13904 0.625
30068 0.624242
1229 0.609419
38816 0.600848
30842 0.600848
24413 0.600848
32733 0.598842
22110 0.556933
19896 0.537052
15811 0.537052
7110 0.5
30147 0.482258
3239 0.47549
5133 0.467857
25212 0.4625
20855 0.452381
20225 0.443478
30274 0.436753
10350 0.436753
22811 0.404412
39813 0.396429
2771 0.386335
37705 0.383929
3033 0.38254
24679 0.378968
25692 0.366667
34354 0.340909
28200 0.333333
13114 0.333333
6084 0.333333
4812 0.330891
4400 0.329412
40812 0.321256
9576 0.320401
928 0.320321
26077 0.310036
676 0.297447
25995 0.28338
2708 0.28338
13683 0.28228
35073 0.276923
9021 0.273109
4250 0.258929
27447 0.254589
18346 0.254589
20097 0.25
18847 0.25
15368 0.25
11676 0.25
4755 0.25
987 0.25
1146 0.239557
16432 0.235747
34239 0.232435
10898 0.232435
33957 0.229814
7682 0.229814
20804 0.227302
34226 0.223167
22859 0.223167
14727 0.223167
884 0.223167
31 0.223167
38593 0.208556
38483 0.2
18967 0.2
16273 0.2
15309 0.2
4971 0.2
1798 0.2
27361 0.174415
24379 0.174415
40406 0.166667
39696 0.166667
30651 0.166667
27799 0.166667
23843 0.166667
13349 0.166667
11771 0.166667
34171 0.142857
31909 0.142857
29054 0.142857
23901 0.142857
13438 0.142857
12332 0.142857
6194 0.142857
20482 0.125
20429 0.125
19103 0.125
18566 0.125
14536 0.125
11084 0.125
9352 0.125
31052 0.111111
28003 0.111111
25127 0.111111
19711 0.111111
17022 0.111111
16281 0.111111
10231 0.111111
9349 0.111111
926 0.111111
37129 0.1
33926 0.1
26037 0.1
25403 0.1
1961 0.1
32567 0.0909091
26951 0.0909091
23159 0.0909091
20463 0.0909091
3014 0.0909091
620 0.0833333
39758 0.0769231
36149 0.0769231
32005 0.0769231
23074 0.0769231
16856 0.0769231
14459 0.0769231
39595 0.0714286
37500 0.0714286
27559 0.0714286
16562 0.0714286
2997 0.0714286
20327 0.0625
19273 0.0625
7797 0.0625
37845 0.0588235
26925 0.0588235
18916 0.0588235
8355 0.0588235
2269 0.0588235
1873 0.0588235
39810 0.0434783
39117 0.0434783
38331 0.0434783
34039 0.0434783
31155 0.0434783
28368 0.0434783
26820 0.0434783
26632 0.0434783
25964 0.0434783
22398 0.0434783
20965 0.0434783
20806 0.0434783
19355 0.0434783
13710 0.0434783
13350 0.0434783
9705 0.0434783
8895 0.0434783
8450 0.0434783
5290 0.0434783
4231 0.0434783
1713 0.0434783
1577 0.0434783
33106 0.0322581
29079 0.0322581
9749 0.0322581
6639 0.0322581
4893 0.0322581
4855 0.0322581
39284 0.0294118
37928 0.0294118
35991 0.0294118
31559 0.0294118
27111 0.0294118
26247 0.0294118
25975 0.0294118
24948 0.0294118
23678 0.0294118
22366 0.0294118
20246 0.0294118
16929 0.0294118
15866 0.0294118
14785 0.0294118
11007 0.0294118
10711 0.0294118
9877 0.0294118
8789 0.0294118
7123 0.0294118
7058 0.0294118
5925 0.0294118
4485 0.0294118
2970 0.0294118
40980 0
40979 0
40978 0
40977 0
40976 0
40975 0
40974 0
40973 0
40972 0
40971 0
40970 0
40969 0
40968 0
40967 0
40966 0
40965 0
40964 0
40963 0
40962 0
40961 0
40960 0
40959 0
40958 0
40957 0
40956 0
40955 0
40954 0
40953 0
40952 0
40951 0
40950 0
40949 0
40948 0
40947 0
40946 0
40945 0
40944 0
40943 0
40942 0
40941 0
40940 0
40939 0
40938 0
40937 0
40936 0
40935 0
40934 0
40933 0
40932 0
40931 0
40930 0
40929 0
40928 0
40927 0
40926 0
40925 0
40924 0
40923 0
40922 0
40921 0
40920 0
40919 0
40918 0
40917 0
40916 0
40915 0
40914 0
40913 0
40912 0
40911 0
40910 0
40909 0
40908 0
40907 0
40906 0
40905 0
40904 0
40903 0
40902 0
40901 0
40900 0
40899 0
40898 0
40897 0
40896 0
40895 0
40894 0
40893 0
40892 0
40891 0
40890 0
40889 0
40888 0
40887 0
40886 0
40885 0
40884 0
40883 0
40882 0
40881 0
40880 0
40879 0
40878 0
40877 0
40876 0
40875 0
40874 0
40873 0
40872 0
40871 0
40870 0
40869 0
40868 0
40867 0
40866 0
40865 0
40864 0
40863 0
40862 0
40861 0
40860 0
40859 0
40858 0
40857 0
40856 0
40855 0
40854 0
40853 0
40852 0
40851 0
40850 0
40849 0
40848 0
40847 0
40846 0
40845 0
40844 0
40843 0
40842 0
40841 0
40840 0
40839 0
40838 0
40837 0
40836 0
40835 0
40834 0
40833 0
40832 0
40831 0
40830 0
40829 0
40828 0
40827 0
40826 0
40825 0
40824 0
40823 0
40822 0
40821 0
40820 0
40819 0
40818 0
40817 0
40816 0
40815 0
40814 0
40813 0
40811 0
40810 0
40809 0
40808 0
40807 0
40806 0
40805 0
40804 0
40803 0
40802 0
40801 0
40800 0
40799 0
40798 0
40797 0
40796 0
40795 0
40794 0
40793 0
40792 0
40791 0
40790 0
40789 0
40788 0
40787 0
40786 0
40785 0
40784 0
40783 0
40782 0
40781 0
40780 0
40779 0
40778 0
40777 0
40776 0
40775 0
40774 0
40773 0
40772 0
40771 0
40770 0
40769 0
40768 0
40767 0
40766 0
40765 0
40764 0
40763 0
40762 0
40761 0
40760 0
40759 0
40758 0
40757 0
40756 0
40755 0
40754 0
40753 0
40752 0
40751 0
40750 0
40749 0
40748 0
40747 0
40746 0
40745 0
40744 0
40743 0
40742 0
40741 0
40740 0
40739 0
40738 0
40737 0
40736 0
40735 0
40734 0
40733 0
40732 0
40731 0
40730 0
40729 0
40728 0
40727 0
40726 0
40725 0
40724 0
40723 0
40722 0
40721 0
40720 0
40719 0
40718 0
40717 0
40716 0
40715 0
40714 0
40713 0
40712 0
40711 0
40710 0
40709 0
40708 0
40707 0
40706 0
40705 0
40704 0
40703 0
40702 0
40701 0
40700 0
40699 0
40698 0
40697 0
40696 0
40695 0
40694 0
40693 0
40692 0
40691 0
40690 0
40689 0
40688 0
40687 0
40686 0
40685 0
40684 0
40683 0
