2885 326.703
39962 207.68
30793 194.334
29077 130.281
27799 115.82
34156 91.0246
35063 68.0614
17312 62.0515
32243 58.2329
36239 53.7052
39791 48.948
32620 46.6947
22711 42.1232
16047 38.0205
2542 35.1247
21566 32.3001
9197 30.5098
233 30.1762
830 28.52
16233 27.9818
556 27.6727
28952 25.0378
13563 24.1392
24239 23.2567
2869 22.6357
7937 18.6687
35734 18.6567
21703 17.7502
34702 16.7863
34664 16.3359
38010 16.1555
16947 15.9896
26195 15.086
12090 14.4714
33545 14.0386
12766 13.4732
38141 13.2241
12569 13.0046
26137 12.3403
12245 11.0229
28575 10.6008
28424 10.2561
22184 10.2089
29473 10.1407
15225 9.97096
36952 9.94504
10791 9.75131
38952 9.62477
22405 9.22511
31301 9.2165
6501 9.14021
5293 8.95501
38148 8.84586
12911 8.81738
18866 8.68289
24162 8.55143
6992 8.52244
40 8.07318
11725 7.82618
17739 7.8181
25799 7.52161
23628 7.41055
13654 7.3994
1659 7.11032
33267 7.06318
4896 6.90547
23898 6.89493
8836 6.78053
37672 6.69659
20789 6.48902
34768 6.43323
14138 6.40726
35766 6.35271
23439 6.35173
39951 6.33259
17074 6.1427
21757 6.06372
35317 6.06316
4761 6.03294
29464 5.91199
5003 5.50599
35439 5.36652
17154 5.10282
19032 5.01694
18520 4.80391
28349 4.59281
23843 4.51739
11626 4.49966
1791 4.46861
27926 4.3824
8672 4.16839
12393 3.9833
29285 3.98171
15354 3.98107
3936 3.97665
21302 3.95972
35803 3.92691
24678 3.88932
7076 3.74698
6394 3.7389
36313 3.73463
13916 3.69386
35346 3.58105
37729 3.55313
24505 3.55051
28740 3.50563
8027 3.49316
9304 3.4773
36528 3.45367
34043 3.42898
17401 3.23238
4718 3.19587
36375 3.17599
6336 3.1557
14943 3.13013
18328 3.11809
3251 3.0945
8351 3.04895
2484 3.03863
12177 3.03677
39637 2.97684
4826 2.96957
21889 2.92419
6404 2.92332
33633 2.76805
28094 2.75123
2069 2.67604
7059 2.63001
17277 2.62067
5840 2.58013
23448 2.5655
32885 2.53673
24822 2.5128
6654 2.50403
21000 2.42064
33728 2.40555
5561 2.33253
28651 2.31376
15416 2.30143
31537 2.26386
18282 2.2293
12970 2.21075
37340 2.20801
17634 2.20349
8593 2.17437
570 2.1491
14135 2.14895
18297 2.13851
11066 2.11408
17267 2.11193
23776 2.0961
17523 2.0748
12893 1.99297
27092 1.97839
4479 1.96977
39472 1.93992
18033 1.92892
37948 1.91523
1865 1.91273
30731 1.90852
4852 1.87011
4037 1.87008
27989 1.86695
12014 1.86183
22083 1.84839
1610 1.82146
31240 1.81544
15567 1.80222
12372 1.78262
8577 1.72792
22594 1.72298
15400 1.71536
32987 1.67728
39947 1.67378
3985 1.66997
20007 1.65547
9924 1.64912
37233 1.62448
37924 1.61995
18119 1.59258
6863 1.55853
22301 1.54499
16395 1.54357
5479 1.53612
16076 1.52351
21978 1.51276
6937 1.51028
2781 1.50456
17789 1.48786
38772 1.4802
34123 1.47624
7921 1.46677
18248 1.45638
26803 1.43435
21043 1.42959
24825 1.42751
34999 1.42584
313 1.42141
30676 1.41643
25617 1.39403
15542 1.38861
17568 1.38421
27649 1.37741
8242 1.37373
28049 1.37222
15718 1.36333
24696 1.32506
5316 1.30977
14399 1.30531
23322 1.29976
38856 1.29553
3852 1.29395
23399 1.29136
28861 1.284
6460 1.27838
29030 1.26843
543 1.26681
23724 1.24933
30425 1.2478
33174 1.23817
11113 1.23563
10923 1.23479
5827 1.23441
11876 1.23408
2813 1.22189
19048 1.21258
35029 1.1906
18331 1.1897
3966 1.16849
25367 1.16504
18090 1.16042
18950 1.13999
16390 1.13867
16283 1.13626
26084 1.12983
9665 1.11707
39894 1.11563
37027 1.10479
35525 1.10317
4672 1.10246
18365 1.10184
967 1.09361
3030 1.0799
23432 1.07837
3835 1.06947
8264 1.06368
23786 1.06055
3511 1.05654
27127 1.05288
18997 1.03709
7145 1.03138
20792 1.026
28605 1.01068
26786 1.0099
24591 1.00702
31582 0.998161
15276 0.996799
39992 0.987839
4038 0.982211
4849 0.965873
2936 0.963446
11080 0.956034
15554 0.95432
22313 0.947902
938 0.947174
17393 0.924389
22530 0.924321
6518 0.922379
37496 0.921805
40204 0.908062
19615 0.905582
1246 0.904379
6715 0.899661
8035 0.897348
20250 0.894252
13507 0.893102
27032 0.884286
6592 0.882247
18510 0.857862
110 0.853173
10169 0.852215
12922 0.846402
37518 0.841717
32368 0.834565
26210 0.834259
10210 0.829635
39890 0.825069
9247 0.821156
33028 0.813786
36468 0.804621
15039 0.799444
20167 0.791889
3695 0.780023
5214 0.779449
31058 0.77426
5937 0.772456
36400 0.767115
5778 0.755831
3940 0.755565
19551 0.755043
19253 0.751603
35974 0.751401
19715 0.74966
36968 0.739634
9196 0.736127
11997 0.73173
31681 0.727566
29401 0.723799
35706 0.715587
37342 0.715269
2154 0.713232
6140 0.696931
34645 0.696218
28800 0.694005
7852 0.688306
26562 0.68813
27133 0.687719
6041 0.679567
40238 0.678551
19684 0.675129
9358 0.673121
17301 0.662024
40398 0.659749
35659 0.65689
19624 0.65575
37882 0.654619
29237 0.652518
5693 0.650436
28089 0.64995
22598 0.644042
23370 0.639695
2037 0.636781
10575 0.635948
7594 0.635516
12466 0.634858
17437 0.628876
697 0.624242
8412 0.620975
8652 0.616377
39111 0.612682
6105 0.609838
29589 0.609761
40422 0.608004
12458 0.602796
27843 0.597958
35463 0.597383
9442 0.596249
29225 0.595208
26095 0.5946
16744 0.59071
18356 0.590156
31354 0.589719
28390 0.583641
14546 0.57742
6033 0.577264
40342 0.575203
34544 0.570751
18963 0.570704
40096 0.570634
17921 0.5671
8134 0.56657
3755 0.562544
9239 0.554961
24400 0.551855
30354 0.549112
14286 0.548236
39181 0.541806
15665 0.536301
35082 0.534997
16784 0.532943
35923 0.53109
23240 0.527734
22072 0.527081
16504 0.522918
16806 0.519007
3713 0.517602
16298 0.515842
8859 0.515294
11975 0.505959
5861 0.504371
29634 0.50213
17985 0.5
1494 0.496894
14164 0.492247
987 0.485096
39183 0.481019
26202 0.479167
20038 0.478356
37935 0.477913
33817 0.476861
4551 0.475837
36806 0.474359
22145 0.472845
24943 0.470544
10505 0.470544
7344 0.468004
15493 0.466158
25418 0.461111
16250 0.460979
27740 0.460837
11240 0.459142
1966 0.457194
32555 0.454458
6319 0.450987
26476 0.4506
28500 0.447741
39925 0.438352
1248 0.438305
30782 0.435622
10737 0.434918
31329 0.433556
6261 0.429118
40898 0.429098
24269 0.428887
24438 0.428399
13297 0.428194
4994 0.425
25337 0.423964
37070 0.418472
1355 0.417707
27166 0.416179
1975 0.415867
224 0.41514
21712 0.413921
32040 0.413044
21341 0.412713
10912 0.410189
14318 0.405515
32309 0.402097
4548 0.397943
391 0.396297
14471 0.395844
39125 0.394885
24957 0.390022
12661 0.388519
12189 0.388352
6298 0.387604
21911 0.3875
3096 0.387042
21348 0.386559
30715 0.386332
7332 0.385366
9823 0.383637
14769 0.383008
36673 0.382582
11389 0.379573
26864 0.377699
31947 0.377326
35637 0.376315
39831 0.375912
17412 0.374242
17583 0.374002
35185 0.373185
21323 0.371925
16011 0.36988
432 0.3691
13432 0.366544
10766 0.364141
35424 0.363283
23251 0.358798
19212 0.358319
37581 0.357626
3541 0.357596
32043 0.356854
20080 0.356023
37374 0.354881
7536 0.353668
31184 0.353212
39177 0.349057
7616 0.347084
22883 0.346036
16090 0.34574
22650 0.343021
16096 0.341545
9309 0.339665
29551 0.339464
39290 0.337803
19167 0.337803
52 0.333362
19277 0.333264
828 0.332384
34663 0.329174
19305 0.328753
37546 0.325087
21005 0.324614
15603 0.324104
15873 0.323044
23769 0.321584
29396 0.321485
27663 0.321078
5423 0.320928
39593 0.320489
878 0.318881
1519 0.318175
17785 0.316198
2560 0.315591
2627 0.315549
40890 0.309759
11147 0.30916
9834 0.30754
