8256 1.48948
10837 1.40573
4534 1.38083
39967 1.21051
26300 0.983795
10546 0.910355
11788 0.79147
16458 0.772594
5248 0.772594
17377 0.720368
11050 0.705126
27228 0.645562
26816 0.640196
22582 0.619655
1792 0.5685
21694 0.510147
40377 0.480565
28728 0.467495
12359 0.465837
8693 0.46546
2234 0.434301
17480 0.417446
32149 0.411729
23187 0.409631
16115 0.409631
8777 0.409631
2865 0.406446
12305 0.404233
39223 0.401701
8743 0.401701
28145 0.396898
14714 0.396898
2208 0.396898
40340 0.386129
23041 0.383876
5472 0.367278
3660 0.367278
26920 0.363721
23642 0.354945
16583 0.354945
13651 0.351954
14872 0.324553
5534 0.316321
608 0.306796
21242 0.301865
18047 0.296403
33736 0.294832
3504 0.284481
22146 0.283962
37644 0.277677
31525 0.271172
11960 0.271172
27438 0.270107
39713 0.268025
28217 0.268025
33229 0.260485
1704 0.260485
10380 0.251121
3332 0.235136
22484 0.234307
25601 0.233384
33770 0.224367
24532 0.224367
24908 0.222195
20987 0.21375
18358 0.208235
38126 0.20035
13703 0.196273
40193 0.189124
6364 0.189124
36826 0.187948
7548 0.187948
4521 0.187948
8761 0.165102
34540 0.15868
26935 0.15868
26156 0.15868
23827 0.15868
14021 0.15868
8739 0.15868
1047 0.15868
28060 0.143041
6102 0.143041
28763 0.134578
11217 0.134578
29587 0.131118
28868 0.131118
14729 0.131118
987 0.131118
34335 0.129618
2002 0.115828
25588 0.11317
25662 0.109315
2102 0.109315
39458 0.105037
14116 0.105037
40308 0.102682
23799 0.102682
20289 0.102682
19756 0.102682
11603 0.102682
10288 0.102682
4426 0.102682
6150 0.0874168
28615 0.085565
19128 0.085565
3427 0.085565
1858 0.085565
18743 0.0854015
27397 0.082803
40736 0.0769231
36137 0.0769231
31599 0.0769231
653 0.0769231
21050 0.0728815
37510 0.0661643
17361 0.0625
33408 0.0583502
30672 0.0583502
28044 0.0583502
25402 0.0583502
25224 0.0583502
25146 0.0583502
24052 0.0583502
23698 0.0583502
21305 0.0583502
13325 0.0583502
13093 0.0583502
10090 0.0583502
9836 0.0583502
9326 0.0583502
9308 0.0583502
8703 0.0583502
8415 0.0583502
4754 0.0583502
10049 0.0580308
31320 0.0559673
26514 0.0559673
9107 0.0559673
24478 0.0533223
2036 0.0533223
39497 0.0527148
26768 0.0527148
20358 0.0526316
31511 0.0436514
35232 0.0342768
34669 0.0342768
34504 0.0342768
26662 0.0342768
4379 0.0342768
20408 0.030303
6060 0.030303
32215 0.0293791
28854 0.0293791
25702 0.0293791
23124 0.0293791
11834 0.0293791
10578 0.0293791
10372 0.0293791
9623 0.0293791
7101 0.0293791
6646 0.0293791
4214 0.0293791
2117 0.0293791
1512 0.0293791
869 0.0293791
36462 0.0238095
33004 0.0232558
22374 0.0232558
1308 0.0232558
36040 0.0208333
34524 0.0208333
33988 0.0208333
32260 0.0208333
25123 0.0208333
21696 0.0208333
17890 0.0208333
13668 0.0208333
7510 0.0208333
5834 0.0208333
38754 0.0197175
38745 0.0197175
38473 0.0197175
37532 0.0197175
37460 0.0197175
36004 0.0197175
35118 0.0197175
34752 0.0197175
32871 0.0197175
31819 0.0197175
31686 0.0197175
29818 0.0197175
29148 0.0197175
28230 0.0197175
27647 0.0197175
27034 0.0197175
26640 0.0197175
24326 0.0197175
22325 0.0197175
19794 0.0197175
19718 0.0197175
19064 0.0197175
18554 0.0197175
17731 0.0197175
16845 0.0197175
16478 0.0197175
15471 0.0197175
14547 0.0197175
14342 0.0197175
13730 0.0197175
11879 0.0197175
10345 0.0197175
5992 0.0197175
5627 0.0197175
4768 0.0197175
4980 0.0175439
40005 0.0172414
38523 0.0172414
36343 0.0172414
34113 0.0172414
29117 0.0172414
26073 0.0172414
25142 0.0172414
20609 0.0172414
20568 0.0172414
15582 0.0172414
13145 0.0172414
11627 0.0172414
11210 0.0172414
11121 0.0172414
11078 0.0172414
8780 0.0172414
6587 0.0172414
5291 0.0172414
4566 0.0172414
1810 0.0172414
211 0.0172414
22752 0.0169492
10281 0.0169492
1593 0.0169492
34710 0.0140845
32429 0.0140845
32192 0.0140845
31727 0.0140845
14275 0.0140845
8178 0.0140845
4114 0.0140845
2594 0.0140845
16137 0.0125
18609 0.0120482
38071 0.00769231
19304 0.00769231
16606 0.00769231
15655 0.00769231
10656 0.00769231
3609 0.00769231
30563 0.00719424
25147 0.00719424
21402 0.00719424
20375 0.00719424
3773 0.00719424
1688 0.00719424
40828 0.00483092
40605 0.00483092
40362 0.00483092
38734 0.00483092
37194 0.00483092
36989 0.00483092
35742 0.00483092
32390 0.00483092
32216 0.00483092
30376 0.00483092
29121 0.00483092
27557 0.00483092
25752 0.00483092
23620 0.00483092
23144 0.00483092
22835 0.00483092
22513 0.00483092
19716 0.00483092
19706 0.00483092
19247 0.00483092
16932 0.00483092
16353 0.00483092
15960 0.00483092
15577 0.00483092
14983 0.00483092
14246 0.00483092
13744 0.00483092
12017 0.00483092
11858 0.00483092
10998 0.00483092
10740 0.00483092
9963 0.00483092
9681 0.00483092
9329 0.00483092
9073 0.00483092
8102 0.00483092
6037 0.00483092
5884 0.00483092
5705 0.00483092
5490 0.00483092
5451 0.00483092
5439 0.00483092
5136 0.00483092
2874 0.00483092
2377 0.00483092
2277 0.00483092
2056 0.00483092
40980 0
40979 0
40978 0
40977 0
40976 0
40975 0
40974 0
40973 0
40972 0
40971 0
40970 0
40969 0
40968 0
40967 0
40966 0
40965 0
40964 0
40963 0
40962 0
40961 0
40960 0
40959 0
40958 0
40957 0
40956 0
40955 0
40954 0
40953 0
40952 0
40951 0
40950 0
40949 0
40948 0
40947 0
40946 0
40945 0
40944 0
40943 0
40942 0
40941 0
40940 0
40939 0
40938 0
40937 0
40936 0
40935 0
40934 0
40933 0
40932 0
40931 0
40930 0
40929 0
40928 0
40927 0
40926 0
40925 0
40924 0
40923 0
40922 0
40921 0
40920 0
40919 0
40918 0
40917 0
40916 0
40915 0
40914 0
40913 0
40912 0
40911 0
40910 0
40909 0
40908 0
40907 0
40906 0
40905 0
40904 0
40903 0
40902 0
40901 0
40900 0
40899 0
40898 0
40897 0
40896 0
40895 0
40894 0
40893 0
40892 0
40891 0
40890 0
40889 0
40888 0
40887 0
40886 0
40885 0
40884 0
40883 0
40882 0
40881 0
40880 0
40879 0
40878 0
40877 0
40876 0
40875 0
40874 0
40873 0
40872 0
40871 0
40870 0
40869 0
40868 0
40867 0
40866 0
40865 0
40864 0
40863 0
40862 0
40861 0
40860 0
40859 0
40858 0
40857 0
40856 0
40855 0
40854 0
40853 0
40852 0
40851 0
40850 0
40849 0
40848 0
40847 0
40846 0
40845 0
40844 0
40843 0
40842 0
40841 0
40840 0
40839 0
40838 0
40837 0
40836 0
40835 0
40834 0
40833 0
40832 0
40831 0
40830 0
40829 0
40827 0
40826 0
40825 0
40824 0
40823 0
40822 0
40821 0
40820 0
40819 0
40818 0
40817 0
40816 0
40815 0
40814 0
40813 0
40812 0
40811 0
40810 0
40809 0
40808 0
40807 0
40806 0
40805 0
40804 0
40803 0
40802 0
40801 0
40800 0
40799 0
40798 0
40797 0
40796 0
40795 0
40794 0
40793 0
40792 0
40791 0
40790 0
40789 0
