13654 5.62591
39671 4.06303
13507 3.76933
4112 3.57614
29634 3.51426
24239 3.40398
36796 2.45394
34561 2.43292
24596 2.4209
2232 1.9914
2885 1.93987
8992 1.92946
36400 1.92062
14138 1.86946
32374 1.78569
5103 1.62473
15467 1.56243
16642 1.53046
34123 1.51954
4848 1.39461
9196 1.39329
3541 1.28828
2786 1.27262
28094 1.24826
30425 1.18786
4696 1.18452
3940 1.16244
10696 1.15758
8769 1.10758
8035 1.06931
29140 1.03591
27799 1.02775
31090 0.953968
3124 0.927356
21785 0.912063
38608 0.903471
27161 0.870635
40890 0.833333
27466 0.833333
29640 0.809524
15075 0.802356
25505 0.796775
27740 0.781046
14943 0.757576
15012 0.746642
8592 0.70235
35766 0.685155
5660 0.671176
9135 0.658333
23843 0.654762
29923 0.635714
20704 0.624648
23963 0.611111
20093 0.606685
21348 0.590776
24728 0.566667
36313 0.561793
13745 0.561111
30209 0.550538
22170 0.549156
25968 0.538462
19277 0.536904
7145 0.536904
22184 0.535256
25614 0.533333
7587 0.533333
27663 0.531046
34378 0.521368
39245 0.509524
35014 0.509524
23566 0.508824
14858 0.503526
30789 0.500336
4484 0.47549
16504 0.466667
3682 0.466667
35346 0.456673
27190 0.453968
32324 0.445455
30419 0.442157
27926 0.422787
432 0.419714
27863 0.415337
8105 0.412338
35062 0.402778
32620 0.399733
21186 0.399646
40282 0.396825
33308 0.392857
39822 0.368687
24137 0.367889
13916 0.363636
36918 0.359295
7852 0.358557
37496 0.358466
32617 0.35049
38049 0.333982
39846 0.333333
25049 0.333333
12766 0.333333
11626 0.333333
11409 0.333333
3852 0.332875
21801 0.325653
24761 0.316468
40414 0.316239
38772 0.316239
6099 0.312792
37374 0.296037
30897 0.29243
35029 0.285819
11789 0.285819
34768 0.272228
18520 0.265909
3068 0.258929
5824 0.25785
38118 0.25
32973 0.25
29626 0.25
26832 0.25
22959 0.25
18340 0.25
16390 0.25
14517 0.25
12976 0.25
7766 0.25
7536 0.25
6859 0.25
6667 0.25
2797 0.25
1998 0.25
612 0.25
576 0.25
34363 0.24359
12449 0.233466
8412 0.227994
1610 0.219935
19774 0.217705
33518 0.217108
22405 0.216729
7592 0.211111
22530 0.205643
1918 0.205643
40173 0.2
34594 0.2
29455 0.2
26854 0.2
25705 0.2
23134 0.2
22456 0.2
22232 0.2
18428 0.2
15732 0.2
15576 0.2
10529 0.2
8986 0.2
8135 0.2
3718 0.2
40525 0.197192
15113 0.196825
33452 0.192705
2027 0.192705
40138 0.182051
21534 0.178451
33633 0.176923
10480 0.174145
39925 0.166667
39337 0.166667
36744 0.166667
33930 0.166667
33267 0.166667
32003 0.166667
27972 0.166667
26477 0.166667
25651 0.166667
21323 0.166667
19538 0.166667
19461 0.166667
9653 0.166667
6518 0.166667
5763 0.166667
5180 0.166667
36160 0.151991
1965 0.151991
34923 0.142857
33477 0.142857
32562 0.142857
32304 0.142857
13723 0.142857
7807 0.142857
7412 0.142857
4586 0.142857
2484 0.142857
360 0.142857
26541 0.134239
32572 0.133398
36673 0.133333
17312 0.127747
8309 0.127747
35116 0.125
32043 0.125
31947 0.125
22781 0.125
22218 0.125
21201 0.125
19967 0.125
7142 0.125
4934 0.125
4444 0.125
26181 0.121276
38346 0.111111
38078 0.111111
31390 0.111111
29129 0.111111
29030 0.111111
28756 0.111111
22711 0.111111
17533 0.111111
15489 0.111111
10536 0.111111
885 0.111111
8237 0.102042
35028 0.1
31564 0.1
14569 0.1
9934 0.1
19253 0.0991987
306 0.0991987
26786 0.0982855
3291 0.0982855
32415 0.0967752
40165 0.0909091
39400 0.0909091
37888 0.0909091
32231 0.0909091
25765 0.0909091
21889 0.0909091
19313 0.0909091
14252 0.0909091
13658 0.0909091
13120 0.0909091
1396 0.0909091
4189 0.0865165
3887 0.0865165
29237 0.0860539
40649 0.0833333
24368 0.0833333
5473 0.0833333
30793 0.07873
6820 0.07873
35203 0.0769231
27840 0.0769231
17786 0.0769231
12779 0.0769231
7306 0.0769231
2869 0.0769231
509 0.0769231
40783 0.0714286
40585 0.0714286
31938 0.0714286
31318 0.0714286
26476 0.0714286
24923 0.0714286
14734 0.0714286
5778 0.0714286
13337 0.0666667
40342 0.0625
36952 0.0625
1760 0.0625
35734 0.0588235
28177 0.0588235
24019 0.0588235
16779 0.0588235
12977 0.0588235
12110 0.0588235
37927 0.0555556
36661 0.0555556
19653 0.0555556
11467 0.0555556
3107 0.0555556
40309 0.05
32536 0.05
29851 0.05
29586 0.05
28966 0.05
25362 0.05
19712 0.05
3356 0.05
40845 0.047619
20569 0.047619
11689 0.047619
6166 0.0454545
39583 0.0416667
37958 0.0416667
34687 0.0416667
8969 0.0416667
40946 0.0384615
37027 0.0384615
32885 0.0384615
21506 0.0384615
21448 0.0384615
18710 0.0384615
15416 0.0384615
8224 0.0384615
5055 0.0384615
4896 0.0384615
1410 0.0384615
35122 0.037037
11857 0.037037
9594 0.037037
2262 0.037037
38558 0.0357143
29627 0.0357143
9553 0.0357143
8057 0.0357143
6336 0.0357143
6140 0.0357143
32611 0.030303
29193 0.030303
24902 0.030303
16806 0.030303
12290 0.030303
11810 0.030303
6319 0.030303
5709 0.030303
3002 0.030303
987 0.030303
25213 0.0263158
21792 0.0263158
18230 0.0263158
17917 0.0263158
16246 0.0263158
15665 0.0263158
14576 0.0263158
12541 0.0263158
11804 0.0263158
11718 0.0263158
11640 0.0263158
5875 0.0263158
3936 0.0263158
40667 0.0217391
39661 0.0217391
36120 0.0217391
18116 0.0217391
18021 0.0217391
14934 0.0217391
10923 0.0217391
7099 0.0217391
6711 0.0217391
4866 0.0217391
4544 0.0217391
4292 0.0217391
39172 0.0212766
35706 0.0212766
26323 0.0212766
25016 0.0212766
19517 0.0212766
18248 0.0212766
17201 0.0212766
16858 0.0212766
16097 0.0212766
15599 0.0212766
12451 0.0212766
12377 0.0212766
8701 0.0212766
1131 0.0212766
40980 0
40979 0
40978 0
40977 0
40976 0
40975 0
40974 0
40973 0
40972 0
40971 0
40970 0
40969 0
40968 0
40967 0
40966 0
40965 0
40964 0
40963 0
40962 0
40961 0
40960 0
40959 0
40958 0
40957 0
40956 0
40955 0
40954 0
40953 0
40952 0
40951 0
40950 0
40949 0
40948 0
40947 0
40945 0
40944 0
40943 0
40942 0
40941 0
40940 0
40939 0
40938 0
40937 0
40936 0
40935 0
40934 0
40933 0
40932 0
40931 0
40930 0
40929 0
40928 0
40927 0
40926 0
40925 0
40924 0
40923 0
40922 0
40921 0
40920 0
40919 0
40918 0
40917 0
40916 0
40915 0
40914 0
40913 0
40912 0
40911 0
40910 0
40909 0
40908 0
40907 0
40906 0
40905 0
40904 0
40903 0
40902 0
40901 0
40900 0
40899 0
40898 0
40897 0
40896 0
40895 0
40894 0
40893 0
40892 0
40891 0
40889 0
40888 0
40887 0
40886 0
40885 0
40884 0
40883 0
40882 0
40881 0
40880 0
40879 0
40878 0
40877 0
40876 0
40875 0
40874 0
40873 0
40872 0
40871 0
40870 0
40869 0
40868 0
40867 0
40866 0
40865 0
40864 0
40863 0
40862 0
40861 0
40860 0
40859 0
40858 0
40857 0
40856 0
40855 0
40854 0
40853 0
40852 0
40851 0
40850 0
40849 0
40848 0
40847 0
40846 0
40844 0
