30222 6.73876
17843 6.68052
32 5.95769
14665 5.74285
15984 5.01072
16286 3.46121
31355 3.31792
36739 2.61914
6324 2.41687
1190 2.36667
10443 2.35901
21473 2.09791
21701 2.05454
37244 1.95709
20578 1.85317
33850 1.83337
21538 1.58595
37413 1.51466
19682 1.30198
5549 1.25058
25282 1.20444
22813 1.10107
8871 1.0238
6752 1.01023
11144 0.948842
11747 0.932729
38719 0.924777
38612 0.916719
28073 0.855996
28475 0.85119
14222 0.83997
40774 0.768492
15618 0.754607
18321 0.739191
1764 0.720526
16470 0.652215
13793 0.581705
29130 0.533333
32204 0.508859
22279 0.471663
37350 0.427632
19501 0.419935
27186 0.419695
10021 0.393541
5057 0.382576
38934 0.378968
31785 0.366468
25380 0.366468
15952 0.366468
12071 0.35
2719 0.349206
40130 0.348319
1334 0.333333
5617 0.311111
8584 0.305556
27143 0.305556
18328 0.297619
11931 0.277244
25232 0.271825
21301 0.263095
6865 0.256944
15222 0.254762
29656 0.245594
1991 0.236503
4671 0.233333
31261 0.226623
27699 0.226623
31301 0.22406
16437 0.200595
39038 0.170687
24490 0.166667
17491 0.166667
8027 0.166667
25390 0.148862
22880 0.148862
15362 0.147169
31989 0.142857
31439 0.142857
29128 0.142857
22200 0.142857
15889 0.141693
22645 0.130593
392 0.130593
31481 0.125753
39951 0.125
30793 0.125
28424 0.125
15438 0.125
2885 0.125
28886 0.111111
20637 0.111111
19068 0.111111
6202 0.111111
4182 0.111111
966 0.111111
35253 0.1
28777 0.1
28525 0.1
25903 0.1
10790 0.1
10561 0.1
2981 0.1
4159 0.0909091
13575 0.0833333
6941 0.0833333
31143 0.0769231
36122 0.0714286
35206 0.0714286
14020 0.0714286
10710 0.0666667
15588 0.0625
7003 0.0625
6262 0.0625
1317 0.0625
25544 0.0588235
17919 0.0588235
10566 0.0588235
4644 0.0588235
26726 0.0555556
19032 0.0555556
40302 0.0526316
38512 0.0526316
38184 0.0526316
36349 0.0526316
34022 0.0526316
28917 0.0526316
27549 0.0526316
26813 0.0526316
24720 0.0526316
24315 0.0526316
18713 0.0526316
11281 0.0526316
4699 0.0526316
3688 0.0526316
40543 0.0434783
24602 0.0434783
21901 0.0434783
16129 0.0434783
9938 0.0434783
24975 0.0357143
9544 0.0357143
38542 0.0344828
17112 0.0344828
40980 0
40979 0
40978 0
40977 0
40976 0
40975 0
40974 0
40973 0
40972 0
40971 0
40970 0
40969 0
40968 0
40967 0
40966 0
40965 0
40964 0
40963 0
40962 0
40961 0
40960 0
40959 0
40958 0
40957 0
40956 0
40955 0
40954 0
40953 0
40952 0
40951 0
40950 0
40949 0
40948 0
40947 0
40946 0
40945 0
40944 0
40943 0
40942 0
40941 0
40940 0
40939 0
40938 0
40937 0
40936 0
40935 0
40934 0
40933 0
40932 0
40931 0
40930 0
40929 0
40928 0
40927 0
40926 0
40925 0
40924 0
40923 0
40922 0
40921 0
40920 0
40919 0
40918 0
40917 0
40916 0
40915 0
40914 0
40913 0
40912 0
40911 0
40910 0
40909 0
40908 0
40907 0
40906 0
40905 0
40904 0
40903 0
40902 0
40901 0
40900 0
40899 0
40898 0
40897 0
40896 0
40895 0
40894 0
40893 0
40892 0
40891 0
40890 0
40889 0
40888 0
40887 0
40886 0
40885 0
40884 0
40883 0
40882 0
40881 0
40880 0
40879 0
40878 0
40877 0
40876 0
40875 0
40874 0
40873 0
40872 0
40871 0
40870 0
40869 0
40868 0
40867 0
40866 0
40865 0
40864 0
40863 0
40862 0
40861 0
40860 0
40859 0
40858 0
40857 0
40856 0
40855 0
40854 0
40853 0
40852 0
40851 0
40850 0
40849 0
40848 0
40847 0
40846 0
40845 0
40844 0
40843 0
40842 0
40841 0
40840 0
40839 0
40838 0
40837 0
40836 0
40835 0
40834 0
40833 0
40832 0
40831 0
40830 0
40829 0
40828 0
40827 0
40826 0
40825 0
40824 0
40823 0
40822 0
40821 0
40820 0
40819 0
40818 0
40817 0
40816 0
40815 0
40814 0
40813 0
40812 0
40811 0
40810 0
40809 0
40808 0
40807 0
40806 0
40805 0
40804 0
40803 0
40802 0
40801 0
40800 0
40799 0
40798 0
40797 0
40796 0
40795 0
40794 0
40793 0
40792 0
40791 0
40790 0
40789 0
40788 0
40787 0
40786 0
40785 0
40784 0
40783 0
40782 0
40781 0
40780 0
40779 0
40778 0
40777 0
40776 0
40775 0
40773 0
40772 0
40771 0
40770 0
40769 0
40768 0
40767 0
40766 0
40765 0
40764 0
40763 0
40762 0
40761 0
40760 0
40759 0
40758 0
40757 0
40756 0
40755 0
40754 0
40753 0
40752 0
40751 0
40750 0
40749 0
40748 0
40747 0
40746 0
40745 0
40744 0
40743 0
40742 0
40741 0
40740 0
40739 0
40738 0
40737 0
40736 0
40735 0
40734 0
40733 0
40732 0
40731 0
40730 0
40729 0
40728 0
40727 0
40726 0
40725 0
40724 0
40723 0
40722 0
40721 0
40720 0
40719 0
40718 0
40717 0
40716 0
40715 0
40714 0
40713 0
40712 0
40711 0
40710 0
40709 0
40708 0
40707 0
40706 0
40705 0
40704 0
40703 0
40702 0
40701 0
40700 0
40699 0
40698 0
40697 0
40696 0
40695 0
40694 0
40693 0
40692 0
40691 0
40690 0
40689 0
40688 0
40687 0
40686 0
40685 0
40684 0
40683 0
40682 0
40681 0
40680 0
40679 0
40678 0
40677 0
40676 0
40675 0
40674 0
40673 0
40672 0
40671 0
40670 0
40669 0
40668 0
40667 0
40666 0
40665 0
40664 0
40663 0
40662 0
40661 0
40660 0
40659 0
40658 0
40657 0
40656 0
40655 0
40654 0
40653 0
40652 0
40651 0
40650 0
40649 0
40648 0
40647 0
40646 0
40645 0
40644 0
40643 0
40642 0
40641 0
40640 0
40639 0
40638 0
40637 0
40636 0
40635 0
40634 0
40633 0
40632 0
40631 0
40630 0
40629 0
40628 0
40627 0
40626 0
40625 0
40624 0
40623 0
