34467 17.1913
30126 14.9883
24159 9.75117
29543 5.93807
34656 4.81859
19139 3.60094
3838 3.37871
37899 2.39067
33234 2.07324
16405 1.68591
554 1.60712
34904 1.60487
5127 1.45758
37924 1.375
18339 1.16071
29496 1.06827
22642 1.06331
19729 1.04394
11696 1.01817
39344 0.952717
27354 0.932515
23151 0.932515
28914 0.918565
18613 0.908983
4677 0.764416
6276 0.65202
20185 0.624008
3490 0.58456
34857 0.56978
5748 0.521645
36087 0.448748
35989 0.44021
32896 0.439658
34333 0.4392
18625 0.437951
878 0.392857
39060 0.377778
32777 0.377597
9367 0.333333
30742 0.330357
26030 0.3125
17261 0.30202
19032 0.299423
2560 0.294935
24825 0.277778
28293 0.269935
20250 0.25
14945 0.25
10480 0.25
19336 0.246858
2199 0.240909
39548 0.239899
18027 0.226623
38429 0.204762
38423 0.204762
29910 0.204762
6262 0.2
40004 0.184878
20727 0.184878
8926 0.184878
26069 0.166667
32276 0.15855
28493 0.15855
15082 0.15855
12997 0.152597
39207 0.142857
32879 0.142857
25243 0.142857
15400 0.142857
9665 0.142857
9561 0.142857
8716 0.142857
4579 0.142857
2296 0.142857
40883 0.125
34768 0.125
31964 0.125
31283 0.125
21122 0.125
5741 0.125
543 0.125
35817 0.111111
34093 0.111111
27075 0.111111
25155 0.111111
13021 0.111111
9133 0.111111
4374 0.111111
36091 0.1
25276 0.1
14986 0.1
11502 0.1
9758 0.1
9131 0.1
7148 0.1
4880 0.1
39568 0.0909091
15179 0.0833333
13692 0.0833333
743 0.0833333
40872 0.0769231
38155 0.0769231
33873 0.0769231
31473 0.0769231
25035 0.0769231
24214 0.0769231
21211 0.0769231
19198 0.0769231
16836 0.0769231
14818 0.0769231
2288 0.0769231
1313 0.0769231
36862 0.0714286
33375 0.0714286
32803 0.0714286
29831 0.0714286
22339 0.0714286
21225 0.0714286
19523 0.0714286
18551 0.0714286
17301 0.0714286
53 0.0714286
37001 0.0666667
35369 0.0666667
9862 0.0666667
38585 0.0625
38121 0.0625
13926 0.0625
7561 0.0625
3057 0.0625
36823 0.0588235
33025 0.0588235
32888 0.0588235
20845 0.0588235
20347 0.0588235
19800 0.0588235
12399 0.0588235
9767 0.0588235
1026 0.0588235
37876 0.0454545
36176 0.0454545
32978 0.0454545
32321 0.0454545
30512 0.0454545
28275 0.0454545
24655 0.0454545
12308 0.0454545
6054 0.0454545
26461 0.0416667
581 0.0416667
25271 0.0357143
15243 0.0357143
40980 0
40979 0
40978 0
40977 0
40976 0
40975 0
40974 0
40973 0
40972 0
40971 0
40970 0
40969 0
40968 0
40967 0
40966 0
40965 0
40964 0
40963 0
40962 0
40961 0
40960 0
40959 0
40958 0
40957 0
40956 0
40955 0
40954 0
40953 0
40952 0
40951 0
40950 0
40949 0
40948 0
40947 0
40946 0
40945 0
40944 0
40943 0
40942 0
40941 0
40940 0
40939 0
40938 0
40937 0
40936 0
40935 0
40934 0
40933 0
40932 0
40931 0
40930 0
40929 0
40928 0
40927 0
40926 0
40925 0
40924 0
40923 0
40922 0
40921 0
40920 0
40919 0
40918 0
40917 0
40916 0
40915 0
40914 0
40913 0
40912 0
40911 0
40910 0
40909 0
40908 0
40907 0
40906 0
40905 0
40904 0
40903 0
40902 0
40901 0
40900 0
40899 0
40898 0
40897 0
40896 0
40895 0
40894 0
40893 0
40892 0
40891 0
40890 0
40889 0
40888 0
40887 0
40886 0
40885 0
40884 0
40882 0
40881 0
40880 0
40879 0
40878 0
40877 0
40876 0
40875 0
40874 0
40873 0
40871 0
40870 0
40869 0
40868 0
40867 0
40866 0
40865 0
40864 0
40863 0
40862 0
40861 0
40860 0
40859 0
40858 0
40857 0
40856 0
40855 0
40854 0
40853 0
40852 0
40851 0
40850 0
40849 0
40848 0
40847 0
40846 0
40845 0
40844 0
40843 0
40842 0
40841 0
40840 0
40839 0
40838 0
40837 0
40836 0
40835 0
40834 0
40833 0
40832 0
40831 0
40830 0
40829 0
40828 0
40827 0
40826 0
40825 0
40824 0
40823 0
40822 0
40821 0
40820 0
40819 0
40818 0
40817 0
40816 0
40815 0
40814 0
40813 0
40812 0
40811 0
40810 0
40809 0
40808 0
40807 0
40806 0
40805 0
40804 0
40803 0
40802 0
40801 0
40800 0
40799 0
40798 0
40797 0
40796 0
40795 0
40794 0
40793 0
40792 0
40791 0
40790 0
40789 0
40788 0
40787 0
40786 0
40785 0
40784 0
40783 0
40782 0
40781 0
40780 0
40779 0
40778 0
40777 0
40776 0
40775 0
40774 0
40773 0
40772 0
40771 0
40770 0
40769 0
40768 0
40767 0
40766 0
40765 0
40764 0
40763 0
40762 0
40761 0
40760 0
40759 0
40758 0
40757 0
40756 0
40755 0
40754 0
40753 0
40752 0
40751 0
40750 0
40749 0
40748 0
40747 0
40746 0
40745 0
40744 0
40743 0
40742 0
40741 0
40740 0
40739 0
40738 0
40737 0
40736 0
40735 0
40734 0
40733 0
40732 0
40731 0
40730 0
40729 0
40728 0
40727 0
40726 0
40725 0
40724 0
40723 0
40722 0
40721 0
40720 0
40719 0
40718 0
40717 0
40716 0
40715 0
40714 0
40713 0
40712 0
40711 0
40710 0
40709 0
40708 0
40707 0
40706 0
40705 0
40704 0
40703 0
40702 0
40701 0
40700 0
40699 0
40698 0
40697 0
40696 0
40695 0
40694 0
40693 0
40692 0
40691 0
40690 0
40689 0
40688 0
40687 0
40686 0
40685 0
40684 0
40683 0
40682 0
40681 0
40680 0
40679 0
40678 0
40677 0
40676 0
40675 0
40674 0
40673 0
40672 0
40671 0
40670 0
40669 0
40668 0
40667 0
40666 0
40665 0
40664 0
40663 0
40662 0
40661 0
40660 0
40659 0
40658 0
40657 0
40656 0
40655 0
40654 0
40653 0
40652 0
40651 0
40650 0
40649 0
40648 0
40647 0
40646 0
40645 0
40644 0
40643 0
40642 0
40641 0
40640 0
40639 0
40638 0
40637 0
40636 0
40635 0
40634 0
40633 0
40632 0
40631 0
