1052 21.4177
19686 19.2979
17321 6.58392
37466 5.94396
34577 5.64496
10750 5.21502
35393 5.13747
5604 4.62431
23569 4.17956
10516 3.47871
8543 3.28663
29949 3.22919
5865 2.81188
987 2.43226
40350 2.25963
39115 1.84164
9137 1.74439
11700 1.56866
5192 1.21124
40340 1.02699
22712 0.932118
211 0.914487
34139 0.885354
22594 0.853247
5291 0.805133
23843 0.773449
14856 0.771412
25701 0.61931
25555 0.571527
31301 0.511111
30603 0.509852
28138 0.509852
35969 0.502632
4039 0.483333
595 0.471429
4850 0.451389
36396 0.367362
23856 0.357576
4566 0.34359
30677 0.333333
20729 0.333333
6150 0.320276
39309 0.313492
34041 0.308824
40308 0.303704
15035 0.292157
3936 0.25
13813 0.245833
34419 0.238967
1593 0.238967
39967 0.221864
22312 0.221795
7469 0.221795
24326 0.21396
1704 0.21396
4339 0.205128
15582 0.203735
28552 0.2
20587 0.2
5214 0.2
40005 0.192571
2624 0.192571
1810 0.192571
36343 0.187676
2855 0.187676
1580 0.184722
10678 0.177419
38277 0.166667
37985 0.166667
21123 0.166667
26300 0.150176
23041 0.150176
12359 0.150176
9107 0.150176
37934 0.149281
33271 0.149281
34737 0.142857
32390 0.142857
17505 0.142857
6442 0.142857
10288 0.140741
7101 0.140741
36360 0.125
29702 0.111111
16846 0.111111
12484 0.111111
7763 0.11029
6629 0.109787
4980 0.109787
38433 0.1
27898 0.1
25741 0.1
23472 0.1
8703 0.1
8693 0.1
6876 0.1
1458 0.1
37575 0.0909091
23102 0.0909091
20378 0.0909091
17430 0.0909091
15525 0.0909091
12896 0.0909091
11245 0.0909091
10812 0.0909091
9048 0.0909091
1841 0.083504
1308 0.083504
36232 0.0833333
19420 0.0833333
14131 0.0833333
4765 0.0833333
27076 0.0769231
25142 0.0769231
23144 0.0769231
22835 0.0769231
20430 0.0769231
19128 0.0769231
13475 0.0769231
28010 0.0714286
15604 0.0714286
39329 0.0666667
30597 0.0666667
18427 0.0666667
15129 0.0666667
4336 0.0666667
12004 0.0625
39324 0.0588235
30079 0.0588235
24187 0.0588235
23361 0.0588235
12475 0.0588235
5583 0.0588235
2798 0.0588235
38774 0.0555556
37248 0.0555556
23376 0.0555556
19506 0.0555556
19285 0.0555556
19122 0.0555556
9914 0.0555556
33373 0.0526316
28549 0.0526316
25424 0.0526316
23629 0.0526316
23482 0.0526316
19795 0.0526316
19341 0.0526316
17772 0.0526316
17544 0.0526316
17512 0.0526316
28071 0.05
7155 0.05
35508 0.047619
23624 0.047619
10959 0.047619
7693 0.047619
38523 0.0434783
35368 0.0434783
34806 0.0434783
27557 0.0434783
23620 0.0434783
16258 0.0434783
14650 0.0434783
2036 0.0434783
39403 0.0384615
37588 0.0384615
33567 0.0384615
31599 0.0384615
20416 0.0384615
18108 0.0384615
653 0.0384615
403 0.0384615
39223 0.037037
38745 0.037037
37460 0.037037
37194 0.037037
35742 0.037037
33408 0.037037
32215 0.037037
31320 0.037037
30672 0.037037
28057 0.037037
26935 0.037037
26920 0.037037
26816 0.037037
24052 0.037037
23827 0.037037
23799 0.037037
23642 0.037037
18076 0.037037
18047 0.037037
17731 0.037037
16845 0.037037
14116 0.037037
12882 0.037037
11834 0.037037
11603 0.037037
11210 0.037037
10578 0.037037
9326 0.037037
8415 0.037037
5490 0.037037
4768 0.037037
4426 0.037037
4214 0.037037
1858 0.037037
1688 0.037037
40961 0.0357143
40920 0.0357143
37692 0.0357143
37039 0.0357143
36003 0.0357143
35842 0.0357143
31389 0.0357143
30342 0.0357143
29234 0.0357143
26276 0.0357143
21700 0.0357143
15670 0.0357143
13480 0.0357143
7073 0.0357143
1699 0.0357143
602 0.0357143
40362 0.0107527
40129 0.0107527
39497 0.0107527
38126 0.0107527
37880 0.0107527
37644 0.0107527
36384 0.0107527
36040 0.0107527
35630 0.0107527
34524 0.0107527
34113 0.0107527
33632 0.0107527
32579 0.0107527
32149 0.0107527
31525 0.0107527
31430 0.0107527
29761 0.0107527
29587 0.0107527
28763 0.0107527
28704 0.0107527
28615 0.0107527
27438 0.0107527
27228 0.0107527
26073 0.0107527
25757 0.0107527
25123 0.0107527
24908 0.0107527
24478 0.0107527
23345 0.0107527
22582 0.0107527
22374 0.0107527
21768 0.0107527
21696 0.0107527
21694 0.0107527
19154 0.0107527
18554 0.0107527
17890 0.0107527
17480 0.0107527
16458 0.0107527
15960 0.0107527
14872 0.0107527
14714 0.0107527
14246 0.0107527
14192 0.0107527
13703 0.0107527
13593 0.0107527
12017 0.0107527
11800 0.0107527
11788 0.0107527
10049 0.0107527
9681 0.0107527
9447 0.0107527
8777 0.0107527
8153 0.0107527
7985 0.0107527
7510 0.0107527
6676 0.0107527
6587 0.0107527
5614 0.0107527
5534 0.0107527
5248 0.0107527
4534 0.0107527
2002 0.0107527
1792 0.0107527
666 0.0107527
40980 0
40979 0
40978 0
40977 0
40976 0
40975 0
40974 0
40973 0
40972 0
40971 0
40970 0
40969 0
40968 0
40967 0
40966 0
40965 0
40964 0
40963 0
40962 0
40960 0
40959 0
40958 0
40957 0
40956 0
40955 0
40954 0
40953 0
40952 0
40951 0
40950 0
40949 0
40948 0
40947 0
40946 0
40945 0
40944 0
40943 0
40942 0
40941 0
40940 0
40939 0
40938 0
40937 0
40936 0
40935 0
40934 0
40933 0
40932 0
40931 0
40930 0
40929 0
40928 0
40927 0
40926 0
40925 0
40924 0
40923 0
40922 0
40921 0
40919 0
40918 0
40917 0
40916 0
40915 0
40914 0
40913 0
40912 0
40911 0
40910 0
40909 0
40908 0
40907 0
40906 0
40905 0
40904 0
40903 0
40902 0
40901 0
40900 0
40899 0
40898 0
40897 0
40896 0
40895 0
40894 0
40893 0
40892 0
40891 0
40890 0
40889 0
40888 0
40887 0
40886 0
40885 0
40884 0
40883 0
40882 0
40881 0
40880 0
40879 0
40878 0
40877 0
40876 0
40875 0
40874 0
40873 0
40872 0
40871 0
40870 0
40869 0
40868 0
40867 0
40866 0
40865 0
40864 0
40863 0
40862 0
40861 0
40860 0
40859 0
40858 0
40857 0
40856 0
40855 0
40854 0
40853 0
40852 0
40851 0
40850 0
40849 0
40848 0
40847 0
40846 0
40845 0
40844 0
40843 0
40842 0
40841 0
40840 0
40839 0
40838 0
40837 0
40836 0
40835 0
40834 0
40833 0
40832 0
40831 0
40830 0
40829 0
40828 0
40827 0
40826 0
40825 0
40824 0
40823 0
40822 0
40821 0
40820 0
40819 0
40818 0
40817 0
40816 0
40815 0
40814 0
40813 0
40812 0
40811 0
40810 0
40809 0
40808 0
40807 0
40806 0
40805 0
40804 0
40803 0
40802 0
40801 0
40800 0
40799 0
40798 0
40797 0
40796 0
40795 0
40794 0
40793 0
40792 0
40791 0
40790 0
40789 0
40788 0
40787 0
40786 0
40785 0
40784 0
40783 0
40782 0
40781 0
40780 0
40779 0
40778 0
40777 0
40776 0
40775 0
40774 0
40773 0
40772 0
40771 0
40770 0
40769 0
40768 0
