31301 7.6702
9220 3.49982
20424 3.32662
19329 2.49784
27514 2.46162
34253 1.82204
1979 1.31502
26892 1.26559
24237 1.21502
15603 1.04784
27778 1.00946
8628 0.958092
2838 0.905602
34495 0.878095
40573 0.876703
30122 0.863228
52 0.852193
7708 0.833333
17634 0.780525
9601 0.75
41 0.674258
14565 0.654762
10445 0.610256
37175 0.567946
18950 0.559524
14544 0.551204
29997 0.546452
2249 0.533333
23014 0.521429
29059 0.49
4822 0.47619
28223 0.456667
10458 0.45
31385 0.405128
24299 0.400433
19373 0.398925
38638 0.398413
8063 0.39359
36418 0.333333
31734 0.333333
30829 0.333333
9655 0.333333
7723 0.333333
26960 0.316923
26908 0.316239
3859 0.316239
19041 0.315048
28444 0.310036
28038 0.281746
37830 0.273333
9846 0.273109
20959 0.27037
22465 0.251323
40521 0.25
36734 0.25
33893 0.25
31327 0.25
25750 0.25
20333 0.25
19589 0.25
19295 0.25
18896 0.25
18729 0.25
17238 0.25
16498 0.25
14426 0.25
9831 0.25
9390 0.25
30998 0.234181
27120 0.234181
5800 0.212152
39865 0.2
37876 0.2
36006 0.2
34973 0.2
34825 0.2
34244 0.2
31454 0.2
31030 0.2
29247 0.2
28614 0.2
28275 0.2
24656 0.2
23154 0.2
18616 0.2
12620 0.2
7894 0.2
2633 0.2
1919 0.2
1480 0.2
36032 0.177763
14007 0.177763
33442 0.167946
7343 0.167946
25631 0.166667
23249 0.166667
20009 0.166667
6366 0.166667
20858 0.157748
39791 0.151634
27799 0.151634
32735 0.149181
15352 0.149181
39225 0.142857
38967 0.142857
33944 0.142857
25079 0.142857
15676 0.142857
14603 0.142857
11608 0.142857
10144 0.142857
8175 0.142857
5108 0.142857
9413 0.126697
5693 0.126697
5049 0.126697
23193 0.126275
2241 0.126275
29375 0.125
30993 0.111111
28644 0.111111
20141 0.111111
12662 0.111111
11085 0.111111
38668 0.1
36623 0.1
33936 0.1
22394 0.1
11625 0.1
10044 0.1
17889 0.0909091
3807 0.0909091
31917 0.0833333
14863 0.0833333
333 0.0833333
24335 0.0769231
18393 0.0769231
15637 0.0769231
10737 0.0769231
10472 0.0769231
9665 0.0769231
3401 0.0769231
39515 0.0714286
38662 0.0714286
27434 0.0714286
25872 0.0714286
25221 0.0714286
20886 0.0714286
9519 0.0714286
39962 0.0666667
34954 0.0666667
30632 0.0666667
27646 0.0666667
21703 0.0666667
21003 0.0666667
12902 0.0666667
12221 0.0666667
10519 0.0666667
2885 0.0666667
13334 0.0588235
8186 0.0588235
2712 0.0588235
22228 0.0555556
1975 0.0555556
30371 0.04
27892 0.04
26750 0.04
17818 0.04
4650 0.04
4405 0.04
3322 0.04
40829 0.0384615
21983 0.0384615
16853 0.0384615
10980 0.0384615
10057 0.0384615
6061 0.0384615
39165 0.037037
35985 0.037037
33501 0.037037
33487 0.037037
31006 0.037037
30874 0.037037
29795 0.037037
29338 0.037037
27886 0.037037
24265 0.037037
22990 0.037037
17369 0.037037
17152 0.037037
14440 0.037037
13845 0.037037
10117 0.037037
37983 0.0322581
26789 0.0322581
19688 0.0322581
14609 0.0322581
13881 0.0322581
12556 0.0322581
6256 0.0322581
5712 0.0322581
1162 0.0322581
39861 0.0294118
39593 0.0294118
38141 0.0294118
32620 0.0294118
27926 0.0294118
25568 0.0294118
24239 0.0294118
24229 0.0294118
19967 0.0294118
18328 0.0294118
18119 0.0294118
10073 0.0294118
9197 0.0294118
6261 0.0294118
3936 0.0294118
2884 0.0294118
1659 0.0294118
878 0.0294118
40980 0
40979 0
40978 0
40977 0
40976 0
40975 0
40974 0
40973 0
40972 0
40971 0
40970 0
40969 0
40968 0
40967 0
40966 0
40965 0
40964 0
40963 0
40962 0
40961 0
40960 0
40959 0
40958 0
40957 0
40956 0
40955 0
40954 0
40953 0
40952 0
40951 0
40950 0
40949 0
40948 0
40947 0
40946 0
40945 0
40944 0
40943 0
40942 0
40941 0
40940 0
40939 0
40938 0
40937 0
40936 0
40935 0
40934 0
40933 0
40932 0
40931 0
40930 0
40929 0
40928 0
40927 0
40926 0
40925 0
40924 0
40923 0
40922 0
40921 0
40920 0
40919 0
40918 0
40917 0
40916 0
40915 0
40914 0
40913 0
40912 0
40911 0
40910 0
40909 0
40908 0
40907 0
40906 0
40905 0
40904 0
40903 0
40902 0
40901 0
40900 0
40899 0
40898 0
40897 0
40896 0
40895 0
40894 0
40893 0
40892 0
40891 0
40890 0
40889 0
40888 0
40887 0
40886 0
40885 0
40884 0
40883 0
40882 0
40881 0
40880 0
40879 0
40878 0
40877 0
40876 0
40875 0
40874 0
40873 0
40872 0
40871 0
40870 0
40869 0
40868 0
40867 0
40866 0
40865 0
40864 0
40863 0
40862 0
40861 0
40860 0
40859 0
40858 0
40857 0
40856 0
40855 0
40854 0
40853 0
40852 0
40851 0
40850 0
40849 0
40848 0
40847 0
40846 0
40845 0
40844 0
40843 0
40842 0
40841 0
40840 0
40839 0
40838 0
40837 0
40836 0
40835 0
40834 0
40833 0
40832 0
40831 0
40830 0
40828 0
40827 0
40826 0
40825 0
40824 0
40823 0
40822 0
40821 0
40820 0
40819 0
40818 0
40817 0
40816 0
40815 0
40814 0
40813 0
40812 0
40811 0
40810 0
40809 0
40808 0
40807 0
40806 0
40805 0
40804 0
40803 0
40802 0
40801 0
40800 0
40799 0
40798 0
40797 0
40796 0
40795 0
40794 0
40793 0
40792 0
40791 0
40790 0
40789 0
40788 0
40787 0
40786 0
40785 0
40784 0
40783 0
40782 0
40781 0
40780 0
40779 0
40778 0
40777 0
40776 0
40775 0
40774 0
40773 0
40772 0
40771 0
40770 0
40769 0
40768 0
40767 0
40766 0
40765 0
40764 0
40763 0
40762 0
40761 0
40760 0
40759 0
40758 0
40757 0
40756 0
40755 0
40754 0
40753 0
40752 0
40751 0
40750 0
40749 0
40748 0
40747 0
40746 0
40745 0
40744 0
40743 0
40742 0
40741 0
40740 0
40739 0
40738 0
40737 0
40736 0
40735 0
40734 0
40733 0
40732 0
40731 0
40730 0
40729 0
40728 0
40727 0
40726 0
40725 0
40724 0
40723 0
40722 0
40721 0
40720 0
40719 0
40718 0
40717 0
40716 0
40715 0
40714 0
40713 0
40712 0
40711 0
40710 0
40709 0
40708 0
40707 0
40706 0
40705 0
40704 0
40703 0
40702 0
40701 0
40700 0
