8309 6.1521
631 2.15527
19461 0.950128
27799 0.913142
13654 0.839501
26095 0.756087
2786 0.676644
32043 0.581212
19967 0.559629
37027 0.533242
9196 0.523359
6041 0.501174
3068 0.487967
35317 0.381258
13916 0.379128
31582 0.364586
34740 0.353968
30897 0.352029
4189 0.326473
39155 0.323642
432 0.318579
34043 0.316071
110 0.311369
2262 0.301568
35793 0.273506
18520 0.271148
21448 0.2605
19313 0.2605
37800 0.255586
90 0.246012
22530 0.244431
25765 0.21886
36827 0.20611
32074 0.205716
18452 0.205716
40890 0.203573
35346 0.201467
35813 0.2
36313 0.193872
19284 0.193872
12541 0.193872
32536 0.182506
35609 0.173246
3645 0.173246
3371 0.168601
9616 0.166667
31228 0.149471
29226 0.142857
5209 0.142857
1410 0.142857
13507 0.13861
12910 0.13861
21889 0.135361
11718 0.135361
35894 0.130222
19653 0.130044
18303 0.130044
15212 0.128582
31589 0.126284
16806 0.126284
29768 0.125
17952 0.125
483 0.125
3852 0.122318
35766 0.114828
22711 0.114828
7145 0.114828
38856 0.112203
18329 0.112203
6592 0.112203
15264 0.111111
27168 0.108881
8035 0.108881
38258 0.107737
17287 0.107737
30417 0.10593
4058 0.10593
40159 0.1
21534 0.1
8828 0.1
612 0.1
37374 0.09977
34923 0.0984907
8177 0.0984907
4551 0.0983966
23843 0.0922666
16501 0.0922666
33028 0.0868814
36918 0.0853249
16298 0.0841527
34507 0.0833333
29140 0.0833333
27486 0.0833333
26069 0.0833333
17943 0.0833333
17917 0.0833333
35365 0.0825727
31318 0.0825727
18883 0.0825727
14181 0.0825727
1396 0.0825727
23732 0.079873
12922 0.079873
3940 0.079873
2885 0.079873
17786 0.0769231
416 0.0769231
16395 0.0754435
6654 0.0754435
17312 0.0716886
30878 0.0714286
18558 0.0714286
8726 0.0714286
38583 0.0713665
36661 0.0713665
34439 0.0713665
29237 0.0713665
24400 0.0713665
23089 0.0713665
22184 0.0713665
8969 0.0713665
39177 0.0689209
36673 0.0689209
15276 0.0689209
39245 0.0673325
13337 0.0673325
12569 0.0673325
39661 0.0656719
33108 0.0656719
33052 0.0656719
28110 0.0656719
21861 0.0656719
19511 0.0656719
14138 0.0656719
12016 0.0656719
9001 0.0656719
9828 0.0625
6410 0.0625
33518 0.0589072
3887 0.0589072
35014 0.0588235
34662 0.0588235
27653 0.0588235
26181 0.0588235
26058 0.0588235
23957 0.0588235
21062 0.0588235
20763 0.0588235
16775 0.0588235
15916 0.0588235
11331 0.0588235
29875 0.0584073
27033 0.0584073
16076 0.0584073
29077 0.0566304
16047 0.0566304
13658 0.0566304
35500 0.0555556
33079 0.0555556
30198 0.0555556
29429 0.0555556
21157 0.0555556
16295 0.0555556
10424 0.0555556
8497 0.0555556
38772 0.0515812
27395 0.0515812
26786 0.0515812
3541 0.0497534
39383 0.047619
27675 0.047619
25851 0.047619
24735 0.047619
21601 0.047619
19219 0.047619
2638 0.047619
927 0.047619
9907 0.0467188
27863 0.045994
24239 0.045994
15665 0.045994
12779 0.045994
35734 0.0451417
33391 0.0451417
19712 0.0451417
34561 0.0441225
20093 0.0441225
16913 0.0441225
15075 0.0441225
14858 0.0441225
26512 0.043956
24591 0.043956
18160 0.043956
16745 0.043956
35706 0.0434783
32324 0.0434783
28836 0.0434783
8912 0.0434783
7118 0.0434783
36287 0.0416667
34768 0.0416667
39951 0.0415751
27740 0.0415751
2869 0.0415751
32620 0.0376325
19580 0.0376325
8237 0.0376325
6807 0.0376325
5479 0.0376325
32374 0.037312
30209 0.037312
23653 0.037312
15416 0.037312
12393 0.037312
8592 0.037312
5763 0.037312
37881 0.0357107
25651 0.0357107
24957 0.0357107
5778 0.0357107
30097 0.03534
24790 0.03534
23034 0.03534
19391 0.03534
19379 0.03534
14164 0.03534
11540 0.03534
6859 0.03534
39947 0.0350224
30676 0.0350224
27989 0.0350224
17373 0.0350224
11080 0.0350224
8408 0.0350224
2888 0.0350224
33633 0.0325849
31947 0.0325849
28094 0.0325849
1142 0.0325849
39300 0.0294118
34445 0.0294118
31477 0.0294118
21001 0.0294118
14980 0.0294118
12361 0.0294118
11384 0.0294118
7769 0.0294118
5646 0.0294118
3454 0.0294118
36400 0.0287023
31260 0.0287023
26323 0.0287023
23468 0.0287023
21703 0.0287023
21323 0.0287023
16283 0.0287023
14934 0.0287023
14672 0.0287023
13433 0.0287023
13081 0.0287023
12377 0.0287023
7807 0.0287023
4467 0.0287023
37228 0.0284815
32930 0.0284815
30636 0.0284815
20417 0.0284815
14286 0.0284815
13232 0.0284815
6518 0.0284815
33552 0.026296
33175 0.026296
33048 0.026296
30652 0.026296
30216 0.026296
26084 0.026296
25659 0.026296
24972 0.026296
24849 0.026296
20928 0.026296
18248 0.026296
16504 0.026296
15029 0.026296
7312 0.026296
5719 0.026296
2570 0.026296
1857 0.026296
37502 0.0244045
33119 0.0244045
31352 0.0244045
31248 0.0244045
29634 0.0244045
29300 0.0244045
27161 0.0244045
26832 0.0244045
24678 0.0244045
21978 0.0244045
21217 0.0244045
19024 0.0244045
15054 0.0244045
14546 0.0244045
11488 0.0244045
10654 0.0244045
10305 0.0244045
9317 0.0244045
8412 0.0244045
6417 0.0244045
6140 0.0244045
2837 0.0244045
1610 0.0244045
32885 0.0227273
12893 0.0227273
12722 0.0227273
11467 0.0227273
4112 0.0227273
38863 0.0192308
34123 0.0192308
31495 0.0192308
26538 0.0192308
26312 0.0192308
25831 0.0192308
22304 0.0192308
14842 0.0192308
10253 0.0192308
9583 0.0192308
3030 0.0192308
1332 0.0192308
33512 0.0185185
22949 0.0185185
21216 0.0185185
18785 0.0185185
3291 0.0185185
40597 0.0169492
40079 0.0169492
39368 0.0169492
37948 0.0169492
37452 0.0169492
36744 0.0169492
34687 0.0169492
34378 0.0169492
34363 0.0169492
30693 0.0169492
30229 0.0169492
28198 0.0169492
27400 0.0169492
27388 0.0169492
24920 0.0169492
24137 0.0169492
21506 0.0169492
20490 0.0169492
18811 0.0169492
14569 0.0169492
13661 0.0169492
13421 0.0169492
13172 0.0169492
12491 0.0169492
11804 0.0169492
6667 0.0169492
4331 0.0169492
3107 0.0169492
2731 0.0169492
1614 0.0169492
39962 0.0153846
39791 0.0153846
37882 0.0153846
35825 0.0153846
26546 0.0153846
18999 0.0153846
16779 0.0153846
7852 0.0153846
2781 0.0153846
1965 0.0153846
1590 0.0153846
38952 0.0142857
37597 0.0142857
33730 0.0142857
32544 0.0142857
26961 0.0142857
26803 0.0142857
23446 0.0142857
23370 0.0142857
22388 0.0142857
22300 0.0142857
18765 0.0142857
17590 0.0142857
16873 0.0142857
16629 0.0142857
6924 0.0142857
4385 0.0142857
4293 0.0142857
3713 0.0142857
3162 0.0142857
550 0.0142857
40106 0.0128205
39507 0.0128205
36528 0.0128205
34835 0.0128205
33267 0.0128205
32688 0.0128205
30815 0.0128205
29030 0.0128205
25886 0.0128205
22787 0.0128205
22170 0.0128205
20569 0.0128205
20020 0.0128205
19009 0.0128205
18845 0.0128205
15873 0.0128205
15536 0.0128205
15412 0.0128205
14305 0.0128205
13948 0.0128205
7921 0.0128205
7624 0.0128205
4934 0.0128205
3750 0.0128205
328 0.0128205
40861 0.0119048
38956 0.0119048
37546 0.0119048
37342 0.0119048
36226 0.0119048
35974 0.0119048
35029 0.0119048
34116 0.0119048
27190 0.0119048
24596 0.0119048
23834 0.0119048
22405 0.0119048
18834 0.0119048
17137 0.0119048
12185 0.0119048
7536 0.0119048
7274 0.0119048
5717 0.0119048
4719 0.0119048
2734 0.0119048
38608 0.0114943
38092 0.0114943
34066 0.0114943
33165 0.0114943
33154 0.0114943
29084 0.0114943
22773 0.0114943
22568 0.0114943
21830 0.0114943
18796 0.0114943
16773 0.0114943
14917 0.0114943
8986 0.0114943
8105 0.0114943
7306 0.0114943
40644 0.0105263
40120 0.0105263
39642 0.0105263
39567 0.0105263
37902 0.0105263
35220 0.0105263
32838 0.0105263
32014 0.0105263
29627 0.0105263
27349 0.0105263
25176 0.0105263
23240 0.0105263
19517 0.0105263
18683 0.0105263
18383 0.0105263
17605 0.0105263
17035 0.0105263
7074 0.0105263
6120 0.0105263
3718 0.0105263
1966 0.0105263
828 0.0105263
37496 0.00990099
34034 0.00990099
32552 0.00990099
31343 0.00990099
31072 0.00990099
30793 0.00990099
30425 0.00990099
27752 0.00990099
26476 0.00990099
22960 0.00990099
20177 0.00990099
12952 0.00990099
11914 0.00990099
11077 0.00990099
7753 0.00990099
5802 0.00990099
5093 0.00990099
5085 0.00990099
4994 0.00990099
4296 0.00990099
448 0.00990099
40764 0.00729927
40342 0.00729927
38955 0.00729927
38762 0.00729927
