31301 688.987
16791 243.587
5693 150.389
7708 143.709
27844 137.346
27514 106.241
17634 95.0677
7691 87.0392
26750 77.8215
52 60.8356
8672 54.9847
4405 52.9756
1204 50.101
186 42.1426
14544 40.4904
13341 37.0039
13432 36.8925
26808 30.797
27886 27.3325
10737 25.7496
24475 23.9355
363 23.493
18274 22.8627
6096 21.5371
29997 20.6074
32885 20.5679
37176 18.9098
10117 17.8248
19032 17.7208
919 17.5079
10923 17.4188
22228 16.8803
27799 16.7121
6644 15.6754
34495 15.6324
3494 14.9705
26555 14.6887
34825 14.5937
12812 14.424
2289 14.1787
40573 14.027
15603 13.6407
23154 13.5896
12243 13.2955
10073 13.2037
26401 12.9915
16853 12.6864
1975 12.1081
9831 12.0957
2633 11.9948
23813 11.6151
27951 11.4833
6504 11.2409
24825 10.825
5663 10.4371
15237 10.1752
26892 10.1142
33825 10.0078
27425 9.99497
13646 9.74488
21983 9.5944
11958 9.55226
3112 9.54579
28444 9.32942
18328 9.29197
5691 9.24028
36623 9.14679
23211 9.13485
23014 9.04901
27892 8.92974
22054 8.68241
22594 8.6742
11535 8.65655
27434 8.5557
12620 8.54687
3245 8.5392
3075 8.46167
25750 8.04506
23193 8.01347
24335 7.79214
20489 7.51535
8186 7.50858
33672 7.25512
32662 7.22467
26088 7.2054
32760 7.18269
23843 7.15812
2885 7.05608
9655 6.98775
23380 6.95875
40017 6.94873
9846 6.72882
2838 6.71103
29032 6.6058
37797 6.54999
3447 6.42804
17159 6.2836
870 6.25583
4789 6.22203
2249 6.19189
20966 6.18708
7894 6.12772
7828 6.06772
19295 6.00485
4785 5.93858
28380 5.91063
36032 5.8745
22402 5.80993
16945 5.77751
17075 5.77352
25462 5.74174
8608 5.71191
34886 5.65573
39131 5.46473
28305 5.46151
37711 5.24045
10980 5.18177
1897 5.17973
33078 5.16955
39695 5.14117
35985 5.10984
36292 5.02319
20229 4.99517
18937 4.99043
39515 4.98469
14603 4.96995
22227 4.8283
15352 4.75681
8867 4.68523
20370 4.65122
4928 4.64941
18896 4.60404
34973 4.56705
35683 4.54061
32959 4.51462
32763 4.51188
5373 4.50557
12630 4.47479
11630 4.46157
25416 4.42579
3096 4.39016
3936 4.35689
23696 4.26001
39616 4.20092
14857 4.19748
3158 4.19685
22890 4.19008
22583 4.18327
15637 4.15867
40869 4.13876
26923 4.12346
32797 3.99472
16789 3.97349
3600 3.95036
6487 3.86161
10880 3.84384
6823 3.76905
23655 3.75868
40829 3.71192
5066 3.67036
40316 3.66825
20424 3.6103
10036 3.58363
14311 3.56915
28038 3.56346
21097 3.52401
29443 3.50016
33944 3.49789
10731 3.47571
6815 3.44903
13334 3.44322
35734 3.41861
14630 3.25308
22557 3.25303
9442 3.22022
39495 3.21539
12009 3.19887
16310 3.17912
3382 3.1704
23317 3.16702
24130 3.13898
17406 3.12117
24237 3.11275
1427 3.11254
18890 3.1027
31921 3.06976
38906 3.05942
40078 3.04292
35096 3.01764
22990 3.01221
19589 3.0039
13881 2.96813
32500 2.92216
9665 2.92139
7411 2.91856
24013 2.90905
11658 2.86525
12052 2.81955
25215 2.8117
3648 2.77614
28543 2.76203
40883 2.75098
38662 2.74989
21022 2.7466
29059 2.73925
16118 2.73624
27646 2.72878
30611 2.71302
5100 2.70521
16890 2.68225
16833 2.6681
4746 2.65139
4408 2.63696
14615 2.62748
19703 2.6
4375 2.59287
878 2.57702
10057 2.57047
13757 2.55089
29709 2.54845
8725 2.53835
36748 2.52681
30683 2.5265
12080 2.49986
5175 2.49272
35602 2.4926
25379 2.47635
25425 2.47202
19329 2.46786
11462 2.46034
31411 2.44952
26083 2.44737
12709 2.44736
10760 2.44689
10730 2.44508
518 2.4221
31986 2.41278
5362 2.40754
10938 2.40168
12107 2.39167
4794 2.38707
28917 2.38363
12149 2.38317
4406 2.37837
6061 2.37335
20035 2.37161
8274 2.37115
25017 2.36811
26440 2.36075
2387 2.34924
14528 2.34857
38825 2.34792
32975 2.34764
5153 2.32395
39505 2.32324
18144 2.31866
35048 2.31735
12431 2.30519
979 2.27383
17312 2.27204
128 2.26553
18011 2.26397
13845 2.26016
16120 2.25379
37087 2.24671
18950 2.24398
24756 2.21293
36051 2.20978
16446 2.19523
24382 2.17509
2850 2.15866
6454 2.15769
14288 2.15629
8068 2.10266
30320 2.10158
29962 2.0995
37197 2.09359
25349 2.09099
33490 2.08984
31197 2.08163
26395 2.07814
10953 2.06965
9378 2.04684
6002 2.04387
24803 2.0342
23877 2.02542
33390 2.00832
16614 2.00001
9294 1.98099
30793 1.96294
2943 1.95941
27926 1.95556
16823 1.95452
25445 1.92594
9019 1.91748
19101 1.91155
2241 1.90913
40969 1.8857
14584 1.88272
22465 1.87849
12384 1.87793
12518 1.86916
30288 1.86766
23498 1.86031
6173 1.85834
40811 1.83883
13422 1.83371
26789 1.83151
37562 1.82874
5620 1.81602
27410 1.81466
31882 1.80952
865 1.80939
36510 1.80437
14377 1.80184
3401 1.79219
29360 1.79167
3567 1.7777
1135 1.77009
2775 1.76037
32261 1.7601
37048 1.74365
9561 1.73582
20880 1.70791
6074 1.68477
774 1.68401
35469 1.67917
19373 1.67608
32934 1.67167
10423 1.66945
543 1.66652
34396 1.6548
1916 1.63665
4584 1.61027
17999 1.60492
2659 1.6024
14007 1.59431
11133 1.59286
24213 1.58605
35666 1.58379
19972 1.57978
20858 1.56923
33804 1.56899
2509 1.56702
26260 1.56548
27623 1.5602
10929 1.54696
34355 1.53861
3363 1.52633
18393 1.51307
24270 1.51292
3856 1.51161
16915 1.51107
5816 1.5
4432 1.5
6794 1.49778
12636 1.49643
36734 1.48815
11957 1.48185
37529 1.47619
31505 1.473
27352 1.47184
36912 1.47139
9197 1.46712
27600 1.46652
31581 1.45952
2982 1.4585
29301 1.4381
39962 1.43599
33712 1.43542
20129 1.42663
15505 1.42454
5037 1.42342
23714 1.41994
11196 1.41478
28722 1.41303
37637 1.41005
4082 1.40671
40478 1.40583
27120 1.39734
1210 1.39534
33992 1.39013
16404 1.38258
1091 1.38044
28345 1.37795
34768 1.37094
37508 1.36869
38246 1.36667
38535 1.36667
27003 1.35942
2842 1.35785
13323 1.35521
29332 1.35499
6983 1.35452
57 1.35352
2712 1.34772
14925 1.34232
9598 1.34091
9704 1.34053
16968 1.33618
40661 1.32067
24239 1.31163
27939 1.30955
29914 1.3
25295 1.29974
7942 1.29613
3782 1.2877
36746 1.28393
38151 1.28368
7729 1.28277
21911 1.28233
17189 1.28201
14211 1.28134
9560 1.27779
1163 1.27778
21703 1.2777
7032 1.26793
32620 1.26626
2160 1.26175
22711 1.26064
738 1.26018
37736 1.2568
11844 1.25497
18209 1.25032
8131 1.25
26415 1.24952
12913 1.24888
987 1.24758
11615 1.24617
13007 1.23618
28142 1.23377
31734 1.23358
20634 1.21966
40001 1.2184
8579 1.21342
4507 1.21232
3025 1.20869
37661 1.20795
21871 1.2059
6648 1.20414
4851 1.20081
33347 1.19807
34433 1.19646
27624 1.18965
3575 1.18889
15446 1.18707
16926 1.18463
38562 1.18253
29741 1.17328
28642 1.17287
33774 1.17262
39393 1.16721
12297 1.16678
29451 1.16581
33667 1.16438
22931 1.16401
2007 1.15996
34177 1.15851
21859 1.15575
32967 1.15311
25413 1.15306
7164 1.14785
32120 1.14264
6255 1.14143
40310 1.13652
11587 1.13512
15879 1.13449
16443 1.13273
5920 1.12498
17285 1.12497
38881 1.11786
17407 1.11652
35598 1.11153
5088 1.10417
20169 1.104
4747 1.09841
33014 1.0948
39354 1.09359
40047 1.09343
24819 1.09046
1318 1.08993
5564 1.08932
28993 1.08472
13461 1.08194
16701 1.08036
39256 1.07965
15124 1.07745
11506 1.07256
1295 1.07063
17687 1.06896
30668 1.06667
19099 1.06475
24593 1.06071
31401 1.05758
25220 1.05287
21686 1.05
4538 1.04895
33084 1.04739
39374 1.04352
7024 1.03919
