3316 3.14707
13309 3.08224
23843 2.31097
40882 1.83445
10594 1.40805
8120 1.34504
9009 1.30584
3200 1.22421
4471 1.08611
37831 1.04312
34737 1.02273
24535 1.00983
34221 0.977639
34312 0.968122
16390 0.847799
1240 0.822394
26409 0.793778
37444 0.788203
16868 0.777778
37720 0.7
14371 0.679903
25885 0.611736
36372 0.580891
27245 0.580891
13429 0.580411
15874 0.539225
2681 0.534788
29318 0.500922
29566 0.496795
33233 0.439394
1108 0.400433
737 0.39881
14884 0.396721
25583 0.395779
19259 0.391949
10568 0.375339
3920 0.371324
2496 0.371324
13685 0.343167
15408 0.338514
3409 0.338514
17595 0.336601
19404 0.333333
12020 0.320076
35601 0.283598
18428 0.283598
9615 0.283598
9423 0.283598
6049 0.283598
22436 0.282051
14398 0.258838
36522 0.25
35505 0.25
31264 0.25
23282 0.25
9196 0.25
6239 0.249242
33135 0.243432
16504 0.233333
34062 0.232876
34127 0.224747
8221 0.221847
24850 0.215812
14937 0.215115
7400 0.204983
37328 0.2
15344 0.2
14082 0.2
31224 0.187756
39202 0.166667
29373 0.166667
16543 0.166667
6235 0.166667
3300 0.166667
38048 0.163952
34382 0.152937
20310 0.152937
31778 0.145898
21712 0.145898
35792 0.134837
22122 0.134837
19555 0.134837
18732 0.134837
14623 0.134837
14583 0.134837
37270 0.129301
25179 0.129301
24318 0.129301
40125 0.125
38535 0.125
36860 0.125
34238 0.125
32785 0.125
27135 0.125
19586 0.125
9050 0.125
7634 0.125
5400 0.125
4867 0.125
3436 0.125
37100 0.12237
3501 0.122077
1827 0.122077
39179 0.121701
27622 0.121701
16313 0.121701
35564 0.114234
31482 0.114234
31305 0.114234
30045 0.114234
15399 0.114234
31885 0.111111
30694 0.111111
27515 0.111111
21689 0.111111
5783 0.111111
15605 0.110799
40890 0.1
34457 0.1
22405 0.1
19884 0.1
19419 0.1
17312 0.1
13231 0.1
13172 0.1
6041 0.1
28500 0.0909091
22501 0.0909091
22034 0.0909091
21198 0.0909091
12855 0.0909091
8831 0.0909091
8507 0.0909091
37708 0.0833333
23205 0.0833333
20109 0.0833333
16683 0.0833333
15777 0.0833333
273 0.0833333
39640 0.0798701
39361 0.0798701
38758 0.0798701
9558 0.0798701
5867 0.0798701
2675 0.0798701
1442 0.0798701
37106 0.0769231
32854 0.0769231
29240 0.0689242
22987 0.0689242
12872 0.0689242
5905 0.0689242
29401 0.0666667
23007 0.0666667
8847 0.0666667
39326 0.0625
15410 0.0625
12041 0.0625
38927 0.0588235
33358 0.0588235
30484 0.0588235
25993 0.0588235
25638 0.0588235
21394 0.0588235
21057 0.0588235
15885 0.0588235
5370 0.0588235
3598 0.0588235
1550 0.0588235
34905 0.0569178
32652 0.0569178
28769 0.0569178
27298 0.0569178
25132 0.0569178
14543 0.0569178
11439 0.0569178
246 0.0569178
225 0.0569178
0 0.0569178
32511 0.0555556
31751 0.0555556
29538 0.0555556
25498 0.0555556
32111 0.0526316
10207 0.0526316
2885 0.0526316
39995 0.0511631
36147 0.0511631
35839 0.0511631
35808 0.0511631
31664 0.0511631
31651 0.0511631
28720 0.0511631
40296 0.0384615
40198 0.0384615
40110 0.0384615
38448 0.0384615
37134 0.0384615
34892 0.0384615
33783 0.0384615
29279 0.0384615
29183 0.0384615
27732 0.0384615
26730 0.0384615
24875 0.0384615
23775 0.0384615
20705 0.0384615
20250 0.0384615
19030 0.0384615
18088 0.0384615
13546 0.0384615
12983 0.0384615
7093 0.0384615
7025 0.0384615
4912 0.0384615
804 0.0384615
39 0.0384615
40420 0.0333333
40326 0.0333333
27248 0.0333333
25920 0.0333333
17260 0.0333333
16571 0.0333333
12873 0.0333333
11726 0.0333333
40612 0.0238095
39936 0.0238095
36858 0.0238095
33938 0.0238095
27082 0.0238095
25374 0.0238095
21853 0.0238095
21323 0.0238095
18800 0.0238095
17106 0.0238095
16633 0.0238095
15067 0.0238095
12427 0.0238095
9381 0.0238095
7422 0.0238095
4562 0.0238095
2424 0.0238095
1908 0.0238095
818 0.0238095
797 0.0238095
350 0.0238095
24459 0.0227273
23484 0.0227273
12915 0.0227273
9825 0.0227273
9543 0.0227273
9276 0.0227273
6756 0.0227273
2233 0.0227273
37838 0.0204082
36672 0.0204082
35404 0.0204082
33214 0.0204082
32808 0.0204082
31366 0.0204082
31273 0.0204082
30359 0.0204082
22537 0.0204082
20049 0.0204082
18955 0.0204082
14948 0.0204082
14203 0.0204082
12675 0.0204082
10251 0.0204082
8717 0.0204082
40147 0.0172414
38082 0.0172414
35697 0.0172414
30351 0.0172414
27160 0.0172414
26306 0.0172414
25597 0.0172414
25353 0.0172414
24807 0.0172414
21288 0.0172414
15954 0.0172414
15480 0.0172414
10335 0.0172414
9428 0.0172414
8611 0.0172414
2674 0.0172414
1514 0.0172414
36451 0.0169492
30634 0.0169492
27668 0.0169492
24758 0.0169492
23252 0.0169492
22995 0.0169492
21041 0.0169492
20680 0.0169492
20459 0.0169492
19681 0.0169492
18578 0.0169492
13326 0.0169492
12979 0.0169492
11764 0.0169492
11609 0.0169492
7579 0.0169492
4635 0.0169492
191 0.0169492
39824 0.0135135
39169 0.0135135
38627 0.0135135
37498 0.0135135
36609 0.0135135
36531 0.0135135
33710 0.0135135
33047 0.0135135
32707 0.0135135
30062 0.0135135
29866 0.0135135
24802 0.0135135
22418 0.0135135
20627 0.0135135
17653 0.0135135
15694 0.0135135
14529 0.0135135
13046 0.0135135
12206 0.0135135
4472 0.0135135
40980 0
40979 0
40978 0
40977 0
40976 0
40975 0
40974 0
40973 0
40972 0
40971 0
40970 0
40969 0
40968 0
40967 0
40966 0
40965 0
40964 0
40963 0
40962 0
40961 0
40960 0
40959 0
40958 0
40957 0
40956 0
40955 0
40954 0
40953 0
40952 0
40951 0
40950 0
40949 0
40948 0
40947 0
40946 0
40945 0
40944 0
40943 0
40942 0
40941 0
40940 0
40939 0
40938 0
40937 0
40936 0
40935 0
40934 0
40933 0
40932 0
40931 0
40930 0
40929 0
40928 0
40927 0
40926 0
40925 0
40924 0
40923 0
40922 0
40921 0
40920 0
40919 0
40918 0
40917 0
40916 0
40915 0
40914 0
40913 0
40912 0
40911 0
40910 0
40909 0
40908 0
40907 0
40906 0
40905 0
40904 0
40903 0
40902 0
40901 0
40900 0
40899 0
40898 0
40897 0
40896 0
40895 0
40894 0
40893 0
40892 0
40891 0
40889 0
40888 0
40887 0
40886 0
40885 0
40884 0
40883 0
40881 0
40880 0
40879 0
40878 0
40877 0
40876 0
40875 0
40874 0
40873 0
40872 0
40871 0
40870 0
40869 0
40868 0
40867 0
40866 0
40865 0
40864 0
40863 0
40862 0
40861 0
40860 0
40859 0
40858 0
40857 0
40856 0
40855 0
40854 0
40853 0
40852 0
40851 0
40850 0
40849 0
40848 0
40847 0
40846 0
40845 0
40844 0
40843 0
40842 0
40841 0
40840 0
40839 0
40838 0
40837 0
40836 0
40835 0
40834 0
40833 0
40832 0
40831 0
40830 0
40829 0
40828 0
40827 0
40826 0
40825 0
40824 0
40823 0
40822 0
40821 0
40820 0
40819 0
40818 0
40817 0
40816 0
40815 0
40814 0
40813 0
40812 0
40811 0
40810 0
40809 0
40808 0
40807 0
40806 0
40805 0
40804 0
