11570 297.03
13647 113.099
39623 95.6657
38284 53.5178
13087 49.8515
23532 40.1458
7151 35.5568
33526 27.7664
30164 25.9524
24961 22.7309
11962 20.946
33929 15.2669
26411 13.6822
31699 13.3235
13039 12.1589
33664 10.9522
13622 9.12127
25 8.84504
16912 8.67056
20967 8.48791
15531 8.27831
26655 7.96389
5345 7.82436
4501 7.74348
36469 7.52374
33724 7.50742
32384 7.10873
3250 6.52618
16488 6.5186
6326 6.46975
31386 5.84308
9217 5.67313
10002 5.23176
37160 5.08367
33939 5.02257
21292 4.90006
30108 4.83006
5201 4.8097
16977 4.75879
26168 4.60918
1900 4.43696
32343 4.41679
30206 4.37952
38602 4.32174
18441 4.26363
26933 4.18687
9669 4.04968
5296 3.88545
26033 3.85481
10449 3.80853
20714 3.80391
29573 3.79326
13830 3.77209
33197 3.60668
36308 3.57333
25514 3.5727
23535 3.53743
33486 3.4704
3935 3.32989
14350 3.2842
11069 3.24789
19651 3.22703
2035 3.19964
8616 3.14861
27080 3.13333
16015 3.09394
30765 3.06657
4106 3.05667
20144 3.03957
10572 2.99009
31655 2.9201
18861 2.82897
17791 2.79724
27191 2.77125
26348 2.72452
40799 2.7238
29926 2.60337
19499 2.59061
17812 2.47778
10479 2.41349
30823 2.36407
7494 2.19718
34488 2.17738
23113 2.16665
40250 2.13571
7915 1.98271
5822 1.98045
32038 1.97583
37430 1.82341
38298 1.79345
10416 1.77723
10887 1.73795
23829 1.73549
36579 1.70279
30002 1.689
40046 1.65595
8672 1.62534
31955 1.62254
38559 1.61917
9665 1.58036
22581 1.57662
11476 1.55983
268 1.55749
40883 1.51111
19265 1.50952
36635 1.48333
5622 1.45867
18833 1.4417
6782 1.44139
5881 1.43486
22534 1.378
12734 1.364
22050 1.35252
13409 1.33585
21234 1.27051
7953 1.2017
30507 1.13217
8697 1.05498
34530 0.996561
30373 0.995904
1616 0.985714
19432 0.980409
3988 0.946065
30468 0.916667
27870 0.907672
4627 0.866667
17687 0.846689
14156 0.833333
2425 0.806349
11143 0.791667
2314 0.789683
23168 0.783333
5297 0.780988
36008 0.759066
30945 0.73197
12356 0.720079
10923 0.717227
3847 0.708333
24023 0.694444
25853 0.687024
31301 0.666667
2332 0.660256
33190 0.642857
38453 0.642002
8192 0.616667
6085 0.616517
24082 0.6
11732 0.592857
14163 0.541667
21599 0.533333
8786 0.533333
35846 0.530442
21911 0.517857
30572 0.505975
12715 0.498378
29694 0.488154
5214 0.486111
3199 0.479167
39408 0.477778
37437 0.477778
3394 0.467857
40020 0.453968
23444 0.434524
6155 0.429167
11674 0.425
7350 0.425
19032 0.41978
22319 0.412338
32228 0.409524
7836 0.409524
37093 0.393875
26425 0.391667
29038 0.385714
4560 0.385264
24576 0.376623
14641 0.374107
6406 0.368687
35396 0.363095
22152 0.363095
32694 0.353968
3061 0.353968
5204 0.34478
30575 0.336111
20245 0.334524
35783 0.333333
31814 0.333333
29481 0.333333
24555 0.333333
11047 0.333333
11035 0.329004
22849 0.327824
22173 0.315909
30962 0.31004
23456 0.30609
25762 0.303704
2261 0.298611
10581 0.297447
23243 0.285354
15499 0.273766
20945 0.273352
23522 0.266667
9561 0.263258
22230 0.261364
34433 0.259387
24414 0.259387
39357 0.257764
20021 0.257764
269 0.257764
38752 0.25
38106 0.25
37526 0.25
30438 0.25
29968 0.25
25780 0.25
24044 0.25
12394 0.25
9918 0.25
5693 0.25
4894 0.245498
35225 0.24359
40399 0.2
39475 0.2
29997 0.2
29289 0.2
27799 0.2
24974 0.2
23577 0.2
22594 0.2
19204 0.2
15973 0.2
15153 0.2
12870 0.2
12631 0.2
9483 0.2
5983 0.2
5716 0.2
5094 0.2
1750 0.2
1072 0.2
38136 0.166667
35984 0.166667
30393 0.166667
30349 0.166667
29232 0.166667
27887 0.166667
27386 0.166667
27313 0.166667
25255 0.166667
24465 0.166667
24136 0.166667
24005 0.166667
23326 0.166667
14992 0.166667
14699 0.166667
12994 0.166667
12368 0.166667
5161 0.166667
1975 0.166667
40561 0.154589
40216 0.154589
31492 0.154589
30747 0.154589
40290 0.142857
38768 0.142857
37643 0.142857
34402 0.142857
32937 0.142857
31319 0.142857
28621 0.142857
26750 0.142857
26343 0.142857
24058 0.142857
24024 0.142857
23327 0.142857
21798 0.142857
21617 0.142857
20951 0.142857
18738 0.142857
14603 0.142857
12929 0.142857
12151 0.142857
11311 0.142857
10970 0.142857
10714 0.142857
5837 0.142857
4555 0.142857
1990 0.142857
27872 0.139907
23707 0.139907
481 0.136111
33031 0.1275
21246 0.1275
18205 0.1275
7873 0.1275
33975 0.125
31509 0.125
30314 0.125
28776 0.125
22369 0.125
22226 0.125
13561 0.125
9301 0.125
2647 0.125
28947 0.116711
26158 0.116711
10339 0.116711
9961 0.116711
701 0.116711
31838 0.111111
23905 0.111111
18777 0.111111
13043 0.111111
12826 0.111111
975 0.111111
22925 0.1
15517 0.1
5825 0.1
4335 0.1
3387 0.1
35604 0.0939972
38606 0.0909091
34957 0.0909091
34290 0.0909091
33312 0.0909091
33185 0.0909091
27963 0.0909091
26876 0.0909091
24895 0.0909091
20779 0.0909091
18131 0.0909091
17715 0.0909091
12181 0.0909091
9414 0.0909091
9347 0.0909091
1642 0.0909091
939 0.0909091
40511 0.0833333
24587 0.0833333
39040 0.0714286
12551 0.0714286
7391 0.0714286
1639 0.0714286
26368 0.0625
12563 0.0555556
38560 0.0434783
35087 0.0434783
26442 0.0434783
25490 0.0434783
23750 0.0434783
22516 0.0434783
14423 0.0434783
13586 0.0434783
2840 0.0434783
2604 0.0434783
1017 0.0434783
825 0.0434783
15223 0.04
11980 0.04
4093 0.04
2632 0.04
39561 0.0277778
37385 0.0277778
33096 0.0277778
32130 0.0277778
26286 0.0277778
21731 0.0277778
18025 0.0277778
15756 0.0277778
13443 0.0277778
38947 0.025
34206 0.025
33446 0.025
32925 0.025
29801 0.025
22336 0.025
19645 0.025
17382 0.025
16758 0.025
15700 0.025
7367 0.025
6198 0.025
3247 0.025
2157 0.025
368 0.025
188 0.025
40980 0
40979 0
40978 0
40977 0
40976 0
40975 0
40974 0
40973 0
40972 0
40971 0
40970 0
40969 0
40968 0
40967 0
40966 0
40965 0
40964 0
40963 0
40962 0
40961 0
40960 0
40959 0
40958 0
40957 0
40956 0
40955 0
40954 0
40953 0
40952 0
40951 0
40950 0
40949 0
40948 0
40947 0
40946 0
40945 0
40944 0
40943 0
40942 0
40941 0
40940 0
40939 0
40938 0
40937 0
40936 0
40935 0
40934 0
40933 0
40932 0
40931 0
40930 0
40929 0
40928 0
40927 0
40926 0
40925 0
40924 0
40923 0
40922 0
40921 0
40920 0
40919 0
40918 0
40917 0
40916 0
40915 0
40914 0
40913 0
40912 0
40911 0
40910 0
40909 0
40908 0
40907 0
40906 0
40905 0
40904 0
40903 0
40902 0
40901 0
40900 0
40899 0
40898 0
40897 0
40896 0
40895 0
40894 0
40893 0
40892 0
40891 0
40890 0
40889 0
40888 0
40887 0
40886 0
40885 0
40884 0
40882 0
40881 0
40880 0
40879 0
40878 0
40877 0
40876 0
40875 0
40874 0
40873 0
40872 0
40871 0
40870 0
40869 0
40868 0
40867 0
40866 0
40865 0
