21341 2.42737
22330 2.11065
1713 2.10714
704 1.77293
2089 1.75413
9877 1.6371
13350 1.5164
6185 1.50191
6405 1.48072
20804 1.44967
4783 1.42434
22865 1.36967
3271 1.32895
37431 1.24676
12871 1.18103
2771 1.178
26820 1.09491
27882 1.05032
36888 1.04709
15663 1.04304
6824 1.03533
32733 1.03465
23843 1.03095
15309 0.983015
11238 0.91788
28339 0.896755
33701 0.891485
16627 0.880836
34084 0.850433
1798 0.846384
20225 0.824968
39696 0.734128
32312 0.715429
29608 0.682069
38354 0.675282
8920 0.674957
32581 0.623815
12450 0.612466
22811 0.612334
16837 0.586885
16281 0.585419
27189 0.576598
34247 0.560284
39810 0.525939
9705 0.525939
7333 0.519211
25964 0.51311
18504 0.506281
8586 0.503968
37916 0.455519
3113 0.454762
39801 0.434524
32399 0.434524
19938 0.433463
39798 0.41978
18328 0.410145
32783 0.409806
23617 0.40202
5506 0.40202
11084 0.396011
24426 0.394209
2708 0.392857
24190 0.390073
37315 0.379643
16929 0.370985
16098 0.364212
27855 0.352525
29344 0.351316
146 0.34882
37564 0.341667
22329 0.340797
20463 0.319481
2868 0.317667
35929 0.316026
2997 0.302168
26079 0.292279
26632 0.291505
18482 0.284055
8895 0.276546
19355 0.273372
4755 0.272648
34172 0.264028
9352 0.264028
210 0.262187
33871 0.251316
19032 0.25
11830 0.25
928 0.238528
13253 0.238095
435 0.236905
1766 0.236874
29585 0.229004
18202 0.227804
4040 0.220642
39758 0.216588
37928 0.210317
2069 0.208855
26844 0.204825
25905 0.2
15601 0.2
11118 0.2
865 0.2
31559 0.199573
12332 0.191667
36169 0.191405
20246 0.191405
10460 0.191405
4231 0.190822
25995 0.188653
6444 0.188653
35477 0.188132
172 0.183041
31209 0.178959
18255 0.176812
19103 0.168032
7146 0.167225
38535 0.166667
37200 0.166667
32922 0.166667
28561 0.166667
18662 0.166667
13114 0.166667
377 0.166667
35139 0.165185
17449 0.164015
7682 0.162334
14369 0.159483
32408 0.155598
10071 0.155598
417 0.155598
12676 0.151812
39152 0.149605
39284 0.148538
28712 0.148239
8339 0.148239
40395 0.142936
38308 0.142936
9363 0.142936
27701 0.142857
12125 0.142857
6098 0.142857
28500 0.13961
38732 0.138161
4033 0.131856
37762 0.125
19689 0.125
30700 0.120238
29738 0.117982
29216 0.117982
22909 0.117982
17504 0.117982
10031 0.117982
8792 0.117982
4607 0.117982
25604 0.115488
1694 0.111164
25870 0.111111
25439 0.111111
22711 0.111111
21655 0.105556
15999 0.105556
7444 0.105556
5023 0.105556
21095 0.104825
22634 0.104585
16722 0.104585
8450 0.104585
6073 0.104585
33132 0.104518
2075 0.104518
31155 0.104229
3865 0.104229
37405 0.1
29394 0.1
20469 0.1
17951 0.1
15668 0.1
10856 0.1
7470 0.1
11033 0.0928161
40881 0.0909091
30437 0.0909091
21063 0.0909091
18797 0.0909091
3032 0.0909091
1229 0.0909091
39450 0.0892862
26839 0.0892862
22357 0.0892862
2123 0.0892862
9707 0.0886364
38822 0.0884615
16312 0.0884615
15041 0.0884615
13013 0.0884615
8789 0.0884615
6724 0.0884615
12027 0.0874544
22788 0.0833333
21789 0.0833333
19634 0.0833333
6831 0.0819918
3239 0.0819918
33564 0.0769231
31016 0.0769231
29287 0.0769231
28182 0.0769231
26919 0.0769231
23868 0.0769231
17911 0.0769231
15328 0.0769231
14625 0.0769231
12737 0.0769231
10647 0.0769231
6464 0.0769231
6180 0.0769231
40882 0.0714286
33645 0.0714286
26542 0.0714286
25963 0.0714286
24239 0.0714286
23446 0.0714286
15368 0.0714286
15225 0.0714286
13669 0.0714286
9318 0.0714286
7277 0.0714286
2970 0.0714286
38718 0.0688879
18745 0.0688879
40671 0.0666667
32064 0.0666667
21572 0.0666667
21499 0.0666667
20965 0.0666667
20806 0.0666667
11342 0.0666667
9814 0.0666667
9114 0.0666667
5713 0.0666667
38472 0.0555556
30295 0.0555556
27402 0.0555556
24508 0.0555556
19711 0.0555556
8360 0.0555556
7058 0.0555556
2967 0.0555556
33235 0.0529872
30524 0.0529872
9576 0.0529872
8424 0.0529872
30842 0.0515983
24413 0.0515983
23903 0.0515983
20482 0.0515983
4855 0.0515983
3498 0.0515983
2684 0.0515983
38134 0.05
35991 0.05
30145 0.05
21363 0.05
17418 0.05
16201 0.05
11703 0.05
5662 0.05
3694 0.05
34354 0.047619
25216 0.047619
18566 0.047619
15266 0.047619
6207 0.047619
34343 0.0462371
33925 0.0462371
31892 0.0462371
21106 0.0462371
20027 0.0462371
19930 0.0462371
18078 0.0462371
13710 0.0462371
5133 0.0462371
3926 0.0462371
3014 0.0462371
37176 0.0434783
35986 0.0434783
33825 0.0434783
32719 0.0434783
32119 0.0434783
28830 0.0434783
19243 0.0434783
15124 0.0434783
14211 0.0434783
13432 0.0434783
11958 0.0434783
5693 0.0434783
5611 0.0434783
186 0.0434783
34906 0.0416667
33957 0.0416667
20291 0.0416667
15360 0.0416667
9188 0.0416667
3340 0.0416667
926 0.0416667
40812 0.039673
38997 0.039673
35867 0.039673
35760 0.039673
33473 0.039673
30776 0.039673
28393 0.039673
23159 0.039673
19155 0.039673
18346 0.039673
14990 0.039673
14728 0.039673
14536 0.039673
9349 0.039673
5670 0.039673
4812 0.039673
1147 0.039673
1146 0.039673
36887 0.0384615
34434 0.0384615
31647 0.0384615
30899 0.0384615
30232 0.0384615
24471 0.0384615
23678 0.0384615
20668 0.0384615
5206 0.0384615
3456 0.0384615
30503 0.0344828
28400 0.0344828
26469 0.0344828
23908 0.0344828
23902 0.0344828
16510 0.0344828
38894 0.030303
38138 0.030303
25403 0.030303
23791 0.030303
9057 0.0285714
4463 0.0285714
39420 0.027027
36915 0.027027
35900 0.027027
30044 0.027027
26904 0.027027
25464 0.027027
22793 0.027027
17218 0.027027
12392 0.027027
9843 0.027027
8536 0.027027
2011 0.027027
1944 0.027027
40389 0.0263158
36968 0.0263158
34431 0.0263158
34312 0.0263158
34209 0.0263158
33267 0.0263158
31482 0.0263158
28308 0.0263158
26512 0.0263158
25885 0.0263158
19830 0.0263158
18355 0.0263158
18042 0.0263158
15591 0.0263158
13181 0.0263158
7115 0.0263158
5443 0.0263158
24942 0.025
17012 0.025
7110 0.025
36597 0.0243902
35329 0.0243902
24948 0.0243902
23889 0.0243902
22366 0.0243902
22277 0.0243902
18916 0.0243902
7823 0.0243902
7134 0.0243902
6737 0.0243902
40938 0.0181818
37669 0.0181818
37468 0.0181818
35581 0.0181818
26098 0.0181818
11346 0.0181818
7796 0.0181818
3897 0.0181818
33380 0.0169492
31516 0.0169492
27635 0.0169492
24496 0.0169492
21699 0.0169492
14147 0.0169492
13676 0.0169492
12513 0.0169492
11552 0.0169492
5847 0.0169492
4400 0.0169492
39233 0.0135135
34738 0.0135135
34088 0.0135135
29605 0.0135135
28368 0.0135135
27049 0.0135135
27047 0.0135135
26910 0.0135135
24169 0.0135135
20766 0.0135135
19275 0.0135135
17242 0.0135135
16856 0.0135135
14785 0.0135135
13558 0.0135135
8753 0.0135135
8049 0.0135135
7123 0.0135135
6883 0.0135135
3792 0.0135135
2269 0.0135135
495 0.0135135
40762 0.0131579
38871 0.0131579
38331 0.0131579
32798 0.0131579
31918 0.0131579
30988 0.0131579
28539 0.0131579
26123 0.0131579
22363 0.0131579
19845 0.0131579
17426 0.0131579
16163 0.0131579
14557 0.0131579
11884 0.0131579
9070 0.0131579
4186 0.0131579
40406 0.00833333
39794 0.00833333
39595 0.00833333
38961 0.00833333
36979 0.00833333
36504 0.00833333
35800 0.00833333
35073 0.00833333
31052 0.00833333
28909 0.00833333
27559 0.00833333
27447 0.00833333
27070 0.00833333
25391 0.00833333
23666 0.00833333
21715 0.00833333
14505 0.00833333
8164 0.00833333
4418 0.00833333
3893 0.00833333
3091 0.00833333
3033 0.00833333
1985 0.00833333
1972 0.00833333
1421 0.00833333
40980 0
40979 0
40978 0
40977 0
40976 0
40975 0
40974 0
40973 0
40972 0
40971 0
40970 0
40969 0
40968 0
40967 0
40966 0
40965 0
40964 0
40963 0
40962 0
40961 0
40960 0
40959 0
40958 0
40957 0
40956 0
40955 0
40954 0
40953 0
40952 0
40951 0
