31301 46764.5
27799 12193.2
19032 12016.9
23843 11566.8
32885 9966.02
18328 9198.17
10923 8324.16
3936 6683.64
22594 6150.24
1975 6081.96
16652 3571.59
24825 3462.65
8027 3363.07
38002 2814.51
37711 2621.18
34768 2198.36
18950 2045.5
23696 1924.72
2885 1915.34
27410 1610.09
15769 1563.52
5693 1486.77
15603 1450.35
987 1444.03
3096 1408.37
23724 1347.29
4520 1320.26
9665 1307.01
11142 1298.24
7708 1272.33
31283 1248.98
29934 1223.05
29737 1212.5
40883 1209.22
39848 1194.53
5214 1156.37
17634 1134.8
543 1123.1
2249 1067.07
878 1046.71
18034 1016.86
13043 969.178
36035 931.909
32857 928.784
6262 901.654
36734 892.697
20167 869.541
32620 822.831
3782 776.234
30793 759.371
17312 703.308
31329 668.974
4878 636.961
21859 636.047
23353 601.648
27514 596.189
39916 590.772
17301 537.283
52 530.84
20778 521.814
37924 489.64
9561 480.608
28089 467.031
20250 461.531
38535 460.66
9442 451.336
16967 444.665
13654 440.711
16397 437.442
27475 434.079
14544 428.058
29795 425.998
21199 420.273
22711 415.781
17083 412.325
22770 409.102
10523 408.76
830 390.247
26287 389.019
34825 388.689
4674 385.198
10480 383.015
10737 376.861
22228 370.309
26272 366.888
24492 361.686
24239 360.817
35734 359.403
2158 356.378
26750 338.419
37888 327.486
32202 324.434
33977 319.826
37754 318.44
4405 312.81
37130 311.32
30141 309.157
6176 309.121
9371 307.082
32933 305.826
36395 303.38
4998 301.994
27149 300.853
21911 294.057
27846 293.145
1471 286.36
21518 283.251
27926 281.028
14138 280.414
37523 271.362
17231 268.614
37910 266.233
36542 265.875
39962 264
30054 244.573
989 244.202
865 243.47
808 238.707
39791 237.855
16791 236.647
5362 231.167
7729 228.546
186 226.698
2840 222.279
4386 221.68
20926 219.742
13432 218.358
25016 218.102
37923 218.012
26245 217.088
5691 216.486
7691 213.801
18788 212.473
10404 211.643
15400 209.945
31354 208.152
31927 205.531
15599 205.3
37426 204.976
7054 203.698
12569 202.336
35346 198.87
19566 196.259
595 194.458
26011 194.091
11677 191.272
10980 191.041
39593 188.025
13194 187.847
21347 186.528
2560 185.153
21889 184.609
32814 183.659
37048 183.01
21703 182.524
12466 179.775
35766 179.264
13635 177.151
27766 174.272
363 173.245
2647 170.421
24414 165.285
27895 164.996
18830 164.852
11133 162.874
38711 162.14
14440 155.542
18011 153.108
9197 152.259
31509 149.752
33007 149.385
32711 148.882
40017 148.193
29997 147.211
36952 146.863
17399 146.544
34299 145.131
17687 144.55
479 142.629
21393 141.943
22405 141.794
3520 140.449
32 140.38
22530 139.848
24678 138.75
8865 138.399
12620 136.272
8465 135.747
21005 135.176
19926 134.932
28552 134.495
20273 133.95
26220 133.638
39695 132.77
38151 130.172
27623 128.244
31191 128.089
35696 127.63
33944 125.616
3939 124.951
15781 124.011
40340 123.869
2869 123.139
34495 123.013
11453 121.82
23615 121.368
15922 119.729
33664 118.704
12212 116.111
27790 115.221
36899 115.012
11626 114.979
15592 114.387
34346 113.68
38316 113.146
22690 111.936
26088 111.507
10361 111.308
15225 110.949
3382 110.577
26152 110.351
2838 109.575
30589 109.341
26310 109.299
29143 109.081
24812 108.603
14402 108.365
37176 108.237
36289 107.465
3185 107.231
35063 107.121
27886 107.046
36128 106.634
28345 106.185
22963 105.915
39102 105.645
19457 105.576
28444 105.559
33825 104.986
23813 104.66
12243 104.271
6644 103.791
35253 103.58
19579 103.307
39684 102.836
13775 102.17
12630 101.601
34433 101.426
35943 100.983
5748 100.974
16968 99.843
13211 99.7317
9831 98.8784
2241 98.3147
21341 97.8847
919 96.765
31380 96.0516
15150 95.3554
12824 95.2787
23932 95.0893
36400 95.0146
33704 94.9375
30012 94.8673
6096 94.5362
38970 94.4824
30668 94.3836
38902 93.9589
35248 92.3347
24815 91.6536
33267 91.1143
20280 90.5154
22184 90.0056
27892 89.6256
21151 89.1536
32760 88.6014
12709 88.1536
23429 87.9557
6592 87.9313
16789 87.6646
2633 87.4007
33633 87.3462
38998 87.2175
21097 86.2071
13916 86.0192
28094 85.576
31806 85.3362
10073 84.6601
37212 83.7948
36818 83.5553
20489 83.5101
35317 82.3786
13040 81.6675
6041 81.3281
9575 81.0612
29401 80.8665
10761 80.5964
12085 80.354
24147 79.8748
24367 79.4634
25337 78.7768
6755 78.7122
2490 78.672
25584 78.554
6983 78.3936
34624 78.0515
27174 77.9504
9695 77.7784
26892 77.7522
15484 77.2576
16628 77.2412
26653 76.7017
27434 76.6766
665 76.0655
7437 75.9673
6870 75.645
32229 75.5392
19001 74.8904
1313 74.3821
17550 74.2852
36171 73.879
35938 73.1764
34167 73.0961
24667 73.0165
38638 72.6509
10117 72.2417
21323 71.577
2209 71.425
13309 71.4157
28917 71.4157
16817 71.3276
13646 70.509
9689 70.3206
10210 69.28
8508 68.6787
19839 68.6039
26923 68.518
13334 68.1407
20966 68.0191
18466 67.5628
8186 67.2258
36528 67.1931
16945 66.9362
22126 66.8874
10057 66.6446
2786 66.4321
33185 66.4056
28132 66.1528
15155 65.8536
30874 65.0347
1616 64.3383
28148 64.1019
11816 64.0638
26449 63.6866
31894 63.3917
28038 63.3911
1116 62.8866
25573 62.8634
14603 62.8389
15416 62.8334
26069 62.4069
2712 62.2659
34665 62.083
1178 61.8591
34737 61.8297
21983 61.5713
10423 61.2017
5778 61.0566
27585 61.0162
15578 60.9267
27951 60.8386
1610 60.7074
34406 60.4589
19809 60.1842
18428 60.1671
6970 59.6071
10630 58.8448
16788 58.326
432 58.2677
35631 57.9569
8767 57.9357
35061 57.7325
23898 57.6245
20587 57.5536
21746 57.3715
4814 57.3025
9107 56.8051
16853 56.7235
39921 56.4
34543 56.1541
3158 55.9906
26401 55.7879
34694 55.5221
6504 54.9382
33545 54.6302
16283 54.6243
23014 54.5785
22890 54.5046
24246 54.3426
10277 54.0318
23832 53.9559
2859 53.3179
32323 53.2722
13645 53.2139
19238 53.1944
24962 52.9931
25048 52.8568
40573 52.6455
31964 52.2525
23064 52.0294
6700 51.5033
31272 51.195
34152 51.0946
9486 51.0277
39287 50.9821
38231 50.404
16178 50.0483
16298 50.0474
17715 49.8497
34488 49.8411
36474 49.6167
3355 49.5703
11192 49.4182
29901 49.2685
40890 49.1055
12710 48.9173
37342 48.9037
9998 48.5746
37340 48.4913
1704 48.3738
32342 48.3592
29045 48.3522
1684 48.1476
31589 47.9039
18963 47.6658
2246 47.6224
40109 47.587
40661 47.3755
8662 47.163
13643 46.9804
31907 46.8757
1697 46.8131
4000 46.7713
7852 46.7464
36313 46.633
4928 46.2138
37087 46.055
9862 46.0378
15963 45.9509
2106 45.7877
40689 45.6261
27816 45.4713
20320 45.4659
6992 45.3711
14882 45.3612
30996 45.3156
2484 45.284
1719 45.2525
27945 45.249
20465 45.1489
3852 45.1002
12670 44.7807
25268 44.7807
2604 44.6955
33430 44.6536
36963 44.5636
16390 44.1255
10525 44.081
1659 44.0567
24028 43.9822
10100 43.9179
20481 43.9037
6612 43.7426
25445 43.6516
34946 43.6516
22699 43.6436
26779 43.6212
23655 43.605
2542 43.5848
2867 43.3411
13959 43.0892
16806 43.0603
37227 42.9908
1335 42.9575
17024 42.9496
9104 42.9373
15637 42.9162
40166 42.8711
9409 42.3236
23193 42.1636
18616 42.1451
28864 42.0299
15053 42.0254
4341 42.0212
613 41.9317
17860 41.5854
36201 41.3435
3400 41.2864
25079 41.1777
39671 41.084
2665 40.9794
