15315 7.54016
28776 6.31386
11762 6.17076
31527 4.10077
34488 3.61013
15684 3.29325
23487 1.54589
23837 1.38683
7570 1.33239
4555 1.23908
38449 1.1518
34630 1.13452
3516 1.04141
39518 0.992857
14906 0.956494
9333 0.930952
35545 0.783333
10091 0.77619
26495 0.772244
27522 0.760179
24324 0.75
33975 0.747687
13614 0.747161
2946 0.7
1041 0.7
6063 0.672161
18165 0.645604
20772 0.604113
37377 0.602776
16609 0.6
39763 0.582228
3396 0.561111
7964 0.559524
23387 0.507684
5798 0.504113
22254 0.487892
30666 0.46978
18528 0.467857
36336 0.464286
14251 0.457115
21015 0.44787
8929 0.424464
2468 0.42316
13318 0.414286
11311 0.405128
40289 0.354762
14946 0.333333
1158 0.319298
7856 0.312637
21748 0.280952
37749 0.274242
30938 0.274242
10211 0.262155
35231 0.256494
39976 0.25
36532 0.25
34584 0.25
23321 0.25
14640 0.25
14051 0.25
13392 0.25
12599 0.25
5643 0.25
5181 0.25
3114 0.25
30104 0.247619
39156 0.230159
12650 0.22619
25925 0.22316
25848 0.212843
18272 0.20873
12024 0.20873
22129 0.207221
14880 0.2
11166 0.2
5298 0.2
5251 0.2
3903 0.2
9464 0.197192
29438 0.189033
12736 0.189033
8981 0.172161
25570 0.171795
33082 0.166667
31772 0.166667
29389 0.166667
28694 0.166667
22871 0.166667
15250 0.166667
13875 0.166667
12805 0.166667
12472 0.166667
11120 0.166667
10615 0.166667
2106 0.166667
38454 0.159957
1024 0.159957
12258 0.154845
1009 0.154845
36052 0.142857
35544 0.142857
35318 0.142857
33668 0.142857
32371 0.142857
32006 0.142857
21426 0.142857
21321 0.142857
20270 0.142857
19131 0.142857
16920 0.142857
14066 0.142857
12653 0.142857
7378 0.142857
3306 0.142857
1613 0.133584
33964 0.132684
32844 0.132684
19357 0.132684
20262 0.129559
19096 0.129559
18227 0.125541
2300 0.125541
33098 0.125
32244 0.125
29178 0.125
28021 0.125
25338 0.125
12119 0.125
9426 0.125
9284 0.125
2159 0.125
144 0.125
32022 0.111111
29815 0.111111
28024 0.111111
18882 0.111111
17008 0.111111
10442 0.111111
7799 0.111111
7495 0.111111
5048 0.111111
34964 0.107115
11222 0.107115
6976 0.107115
3578 0.107115
3012 0.107115
17670 0.1
16593 0.1
5019 0.1
32585 0.0990676
27367 0.0909091
26092 0.0909091
34552 0.0833333
18839 0.0833333
39737 0.0769231
37920 0.0769231
36964 0.0769231
31022 0.0769231
30639 0.0769231
29744 0.0769231
28751 0.0769231
27287 0.0769231
19629 0.0769231
9721 0.0769231
3296 0.0769231
2115 0.0769231
39911 0.0714286
37770 0.0714286
35489 0.0714286
24332 0.0714286
22722 0.0714286
22308 0.0714286
11456 0.0714286
10507 0.0714286
40768 0.0666667
29182 0.0666667
28794 0.0666667
23554 0.0666667
22197 0.0666667
21693 0.0666667
18486 0.0666667
18212 0.0666667
14373 0.0666667
10904 0.0666667
3788 0.0666667
2264 0.0666667
39776 0.0526316
36222 0.0526316
35950 0.0526316
3584 0.0526316
35160 0.05
32836 0.05
32549 0.05
24747 0.05
21704 0.05
10293 0.05
7323 0.05
5606 0.05
38919 0.047619
36595 0.047619
36493 0.047619
33954 0.047619
32499 0.047619
31556 0.047619
30088 0.047619
27767 0.047619
26081 0.047619
24630 0.047619
24502 0.047619
23970 0.047619
22138 0.047619
18910 0.047619
18677 0.047619
15119 0.047619
14163 0.047619
11938 0.047619
9143 0.047619
8893 0.047619
7982 0.047619
7783 0.047619
6542 0.047619
5231 0.047619
646 0.047619
552 0.047619
398 0.047619
20306 0.0434783
17245 0.0434783
13839 0.0434783
11680 0.0434783
1155 0.0434783
38694 0.0384615
28210 0.0384615
17966 0.0384615
17896 0.0384615
4816 0.0384615
4199 0.0384615
3524 0.0384615
39323 0.0357143
34428 0.0357143
24476 0.0357143
15439 0.0357143
9728 0.0357143
3330 0.0357143
1609 0.0357143
29008 0.0333333
28700 0.0333333
13863 0.0333333
10717 0.0333333
10462 0.0333333
10249 0.0333333
33265 0.030303
32044 0.030303
30078 0.030303
28780 0.030303
28678 0.030303
27428 0.030303
25797 0.030303
23909 0.030303
18951 0.030303
18436 0.030303
13841 0.030303
13163 0.030303
10215 0.030303
3681 0.030303
3263 0.030303
1330 0.030303
354 0.030303
40980 0
40979 0
40978 0
40977 0
40976 0
40975 0
40974 0
40973 0
40972 0
40971 0
40970 0
40969 0
40968 0
40967 0
40966 0
40965 0
40964 0
40963 0
40962 0
40961 0
40960 0
40959 0
40958 0
40957 0
40956 0
40955 0
40954 0
40953 0
40952 0
40951 0
40950 0
40949 0
40948 0
40947 0
40946 0
40945 0
40944 0
40943 0
40942 0
40941 0
40940 0
40939 0
40938 0
40937 0
40936 0
40935 0
40934 0
40933 0
40932 0
40931 0
40930 0
40929 0
40928 0
40927 0
40926 0
40925 0
40924 0
40923 0
40922 0
40921 0
40920 0
40919 0
40918 0
40917 0
40916 0
40915 0
40914 0
40913 0
40912 0
40911 0
40910 0
40909 0
40908 0
40907 0
40906 0
40905 0
40904 0
40903 0
40902 0
40901 0
40900 0
40899 0
40898 0
40897 0
40896 0
40895 0
40894 0
40893 0
40892 0
40891 0
40890 0
40889 0
40888 0
40887 0
40886 0
40885 0
40884 0
40883 0
40882 0
40881 0
40880 0
40879 0
40878 0
40877 0
40876 0
40875 0
40874 0
40873 0
40872 0
40871 0
40870 0
40869 0
40868 0
40867 0
40866 0
40865 0
40864 0
40863 0
40862 0
40861 0
40860 0
40859 0
40858 0
40857 0
40856 0
40855 0
40854 0
40853 0
40852 0
40851 0
40850 0
40849 0
40848 0
40847 0
40846 0
40845 0
40844 0
40843 0
40842 0
40841 0
40840 0
40839 0
40838 0
40837 0
40836 0
40835 0
40834 0
40833 0
40832 0
40831 0
40830 0
40829 0
40828 0
40827 0
40826 0
40825 0
40824 0
40823 0
40822 0
40821 0
40820 0
40819 0
40818 0
40817 0
40816 0
40815 0
40814 0
40813 0
40812 0
40811 0
40810 0
40809 0
40808 0
40807 0
40806 0
40805 0
40804 0
40803 0
40802 0
40801 0
40800 0
40799 0
40798 0
40797 0
40796 0
40795 0
40794 0
40793 0
40792 0
40791 0
40790 0
40789 0
40788 0
40787 0
40786 0
40785 0
40784 0
40783 0
40782 0
40781 0
40780 0
40779 0
40778 0
40777 0
40776 0
40775 0
40774 0
40773 0
40772 0
40771 0
40770 0
40769 0
40767 0
40766 0
40765 0
40764 0
40763 0
40762 0
40761 0
40760 0
40759 0
40758 0
40757 0
40756 0
40755 0
40754 0
40753 0
40752 0
40751 0
40750 0
40749 0
40748 0
40747 0
