40340 17.4675
39967 7.70283
5248 7.36871
987 6.81317
12359 6.55253
23041 5.18001
22582 5.18001
16458 4.41405
20987 3.94524
18047 3.77861
32149 3.25928
39309 3.18181
1704 2.75402
39497 2.72824
26920 2.65424
27438 2.61255
8703 2.60807
5534 2.41316
38126 2.31659
28763 2.30562
26816 2.0666
2624 2.06421
33770 1.93505
19794 1.92118
17377 1.86833
11788 1.69647
10837 1.65003
2234 1.64158
30376 1.63589
1792 1.49824
34504 1.48646
4534 1.43151
19706 1.29274
37644 1.28559
2208 1.15415
2865 1.13067
40377 1.11666
8256 1.056
29818 1.02737
19128 1.01634
27228 1.00434
11050 1.00038
17480 0.975333
10380 0.96406
31525 0.934941
39223 0.908217
9107 0.905992
11603 0.888823
14428 0.88705
37039 0.880443
13093 0.873933
26300 0.864977
35118 0.844465
5291 0.809715
20375 0.807627
31962 0.8
25662 0.790413
32215 0.769776
12305 0.726114
21242 0.697375
11217 0.69244
13043 0.684378
28145 0.666338
32216 0.651382
20358 0.650617
38754 0.640413
5472 0.621094
33004 0.600092
22146 0.587646
39210 0.57457
27799 0.568973
37460 0.563876
33736 0.540949
26640 0.529241
31511 0.527211
8761 0.518344
1688 0.50637
21694 0.504423
20609 0.493117
36330 0.488462
4214 0.482296
14856 0.46053
24532 0.453664
10578 0.452121
9326 0.438074
8415 0.438074
24825 0.436111
25601 0.431997
3504 0.431997
39713 0.413785
608 0.40854
25588 0.406439
7911 0.401701
22163 0.398512
10049 0.388811
3660 0.366355
23799 0.350026
39473 0.348855
39458 0.340737
26472 0.340601
36676 0.333333
13024 0.333333
14714 0.318149
9681 0.310339
14872 0.293974
8693 0.289945
29587 0.289477
14729 0.289477
16115 0.287822
14116 0.287822
6364 0.287822
28868 0.287811
37704 0.285714
2377 0.282659
1810 0.275922
25701 0.268445
11960 0.266608
31389 0.261111
24908 0.258471
5992 0.258121
5627 0.258121
23497 0.256949
26514 0.250967
8027 0.25
32390 0.248031
38734 0.247777
13744 0.247777
26935 0.246641
15582 0.244574
38409 0.244395
14246 0.242104
28217 0.241935
35742 0.237673
1512 0.237673
18554 0.23565
18328 0.233787
23843 0.228484
23620 0.227198
10546 0.224367
32952 0.223903
19301 0.221795
17734 0.211607
15577 0.211526
211 0.209833
28060 0.207847
5091 0.204762
22484 0.203198
16478 0.203198
37079 0.2
8174 0.2
37510 0.19841
30227 0.197198
3332 0.194313
40828 0.191877
16845 0.189749
11879 0.185809
18609 0.185377
29117 0.18233
26915 0.182073
38436 0.180407
34335 0.180337
25146 0.176405
28044 0.174601
23642 0.174601
17731 0.174601
13325 0.174601
822 0.173864
37935 0.171316
10923 0.171316
9665 0.171316
9497 0.171316
9329 0.171312
5439 0.171312
13703 0.169595
23187 0.169027
24595 0.166667
6604 0.166667
27647 0.162707
21305 0.160256
26662 0.157692
9137 0.157438
2433 0.149962
16353 0.14835
39212 0.144164
27397 0.144164
37924 0.142857
18034 0.142857
16652 0.142857
28615 0.142629
17772 0.142303
10812 0.14127
32864 0.141183
34794 0.139623
11078 0.134226
37194 0.132245
25123 0.130128
5451 0.129232
22374 0.127317
36734 0.125
30377 0.125
13591 0.125
3936 0.125
9963 0.123421
11245 0.12116
1862 0.119048
37863 0.118925
28728 0.117847
33538 0.116888
12175 0.116888
7510 0.116888
24326 0.115894
14547 0.115894
14021 0.115894
9836 0.115894
31686 0.114731
11121 0.114708
20005 0.11259
18108 0.112222
9606 0.110208
36462 0.108902
38473 0.108766
23144 0.10555
40193 0.105037
13651 0.105037
8777 0.105037
32871 0.10004
1858 0.10004
40902 0.1
30342 0.1
23601 0.0993344
15062 0.0993344
10281 0.0983525
25702 0.0980213
10740 0.0980213
27034 0.0973127
25147 0.0948732
15471 0.091428
30677 0.0909091
23627 0.0909091
5834 0.0900966
36343 0.0897963
35112 0.0894022
16932 0.0846478
29147 0.0833333
10998 0.078572
5705 0.078572
37805 0.0769231
8672 0.0769231
2002 0.0739448
36578 0.0714286
28071 0.0714286
4336 0.0714286
27179 0.0676724
12065 0.0673741
34612 0.0666667
29143 0.0666667
15179 0.0666667
13254 0.0666667
10361 0.0666667
5585 0.0666667
2263 0.0666667
24478 0.0656198
19247 0.0656198
40961 0.0653891
24947 0.0653891
1508 0.0653891
8102 0.0635377
7101 0.0635377
2874 0.0635377
16606 0.061859
13668 0.0611656
25296 0.0604044
3555 0.0604044
31819 0.0599738
29148 0.0599738
25402 0.0599738
13730 0.0599738
12882 0.0593112
15097 0.0588235
12126 0.0588235
9914 0.0588235
4425 0.0588235
18358 0.0580308
19756 0.0562274
9623 0.0562274
9073 0.0562274
26768 0.0527148
32186 0.0526316
8332 0.0524903
18743 0.0515686
35368 0.0501391
36137 0.05
20568 0.05
5490 0.0494388
22752 0.0482695
1593 0.0482695
17096 0.0478306
16186 0.0478306
37532 0.0466702
36826 0.0466702
34540 0.0466702
30672 0.0466702
40623 0.0461752
21444 0.0461752
40839 0.0435637
15670 0.0435637
7854 0.0435637
3811 0.0435637
1699 0.0435637
22835 0.0432081
20289 0.0432081
6646 0.0432081
5884 0.0432081
21050 0.042684
36040 0.0416667
38860 0.04
38382 0.04
25555 0.04
8370 0.04
28022 0.038581
9470 0.038581
9048 0.038581
40489 0.0384615
38469 0.0384615
36024 0.0384615
33373 0.0384615
29404 0.0384615
8213 0.0384615
6442 0.0384615
637 0.0384615
34669 0.0377446
6102 0.0377446
21402 0.0369979
39947 0.0359988
35346 0.0359988
27989 0.0359988
27400 0.0359988
17521 0.0359988
17373 0.0359988
13140 0.0359988
11080 0.0359988
3337 0.0359988
110 0.0359988
38872 0.0357143
38034 0.0357143
37516 0.0357143
33336 0.0357143
27894 0.0357143
22594 0.0357143
21779 0.0357143
19795 0.0357143
19506 0.0357143
19285 0.0357143
9968 0.0357143
8429 0.0357143
13654 0.0352384
13234 0.0352384
17587 0.0348917
20301 0.0333333
20430 0.0329121
18076 0.0313101
6587 0.0313101
816 0.0313101
36123 0.030303
7763 0.0298174
33610 0.0297639
30344 0.0297639
37692 0.0285714
12727 0.0285714
865 0.0285714
22513 0.0285204
2277 0.0285204
38071 0.0280661
35232 0.0280661
19304 0.0280661
10656 0.0280661
3609 0.0280661
33229 0.0272301
28854 0.0272301
4426 0.0272301
869 0.0272301
6171 0.025
38389 0.0232558
19341 0.0232558
18499 0.0232558
10160 0.0232558
2979 0.0232558
2977 0.0232558
1308 0.0232558
39617 0.0222222
27502 0.0222222
24952 0.0222222
23900 0.0222222
34710 0.0217391
14275 0.0217391
8178 0.0217391
4114 0.0217391
2594 0.0217391
6060 0.0212766
29702 0.0208333
11382 0.0208333
38745 0.0197175
36004 0.0197175
34752 0.0197175
33408 0.0197175
28230 0.0197175
26156 0.0197175
25224 0.0197175
24052 0.0197175
23827 0.0197175
23698 0.0197175
22325 0.0197175
19718 0.0197175
19064 0.0197175
16583 0.0197175
14342 0.0197175
10345 0.0197175
10090 0.0197175
9308 0.0197175
8739 0.0197175
7548 0.0197175
4768 0.0197175
4754 0.0197175
4521 0.0197175
3427 0.0197175
2102 0.0197175
1047 0.0197175
37738 0.0196078
29590 0.0196078
34419 0.0178571
8820 0.0178571
40605 0.0176992
36989 0.0176992
29121 0.0176992
27557 0.0176992
25752 0.0176992
14983 0.0176992
11858 0.0176992
11834 0.0176992
10372 0.0176992
6037 0.0176992
5136 0.0176992
2036 0.0176992
577 0.0175439
40736 0.0169492
38014 0.015625
28645 0.015625
26832 0.015625
21117 0.015625
18452 0.015625
15536 0.015625
3701 0.015625
3123 0.015625
1326 0.015625
40847 0.0140845
27791 0.0140845
26069 0.0140845
22304 0.0140845
20315 0.0140845
18963 0.0140845
10340 0.0140845
5623 0.0140845
5129 0.0140845
2286 0.0140845
40197 0.0121951
25308 0.0121951
22982 0.0121951
39691 0.0113636
31935 0.0113636
27076 0.0113636
21696 0.0113636
19154 0.0113636
17133 0.0113636
14453 0.0113636
14192 0.0113636
13475 0.0113636
10120 0.0113636
6676 0.0113636
4566 0.0113636
2855 0.0113636
1412 0.0113636
31634 0.0102041
25142 0.0102041
11627 0.0102041
39444 0.00806452
38433 0.00806452
38089 0.00806452
37934 0.00806452
36365 0.00806452
34806 0.00806452
34524 0.00806452
34054 0.00806452
34021 0.00806452
33271 0.00806452
32579 0.00806452
32260 0.00806452
31913 0.00806452
29761 0.00806452
28704 0.00806452
28300 0.00806452
