36195 2.62671
25427 2.11341
7574 1.80839
13646 1.42663
1964 1.28814
20142 0.88416
40966 0.724087
13307 0.687533
31301 0.676912
38667 0.630978
28142 0.583106
33667 0.578002
14647 0.436951
31581 0.403409
17160 0.384387
40743 0.360176
8819 0.334465
20302 0.315126
32843 0.313034
37603 0.291667
29268 0.286335
14820 0.257576
12217 0.257576
38054 0.25
33950 0.25
27003 0.25
6379 0.25
26259 0.221719
24251 0.221719
39954 0.213141
8244 0.213141
6152 0.213141
11658 0.205978
29527 0.203023
1444 0.203023
18828 0.2
15603 0.2
7909 0.2
20735 0.166667
11639 0.166667
1318 0.166667
37711 0.149451
17634 0.145133
6292 0.145133
35876 0.142857
25349 0.142857
4157 0.142857
3553 0.142857
2241 0.142857
20993 0.130725
16618 0.130725
5066 0.130725
13797 0.125
12431 0.125
10660 0.125
25744 0.111111
39773 0.1
36625 0.1
28543 0.1
19474 0.1
6286 0.1
33941 0.091678
9083 0.091678
3158 0.091678
1655 0.091678
39345 0.0909091
37550 0.0909091
30966 0.0909091
29146 0.0909091
26991 0.0909091
1468 0.0909091
32760 0.0769231
39505 0.0625
39102 0.0625
32885 0.0625
29162 0.0625
29019 0.0625
24845 0.0625
24028 0.0625
20350 0.0625
20106 0.0625
19721 0.0625
19559 0.0625
19436 0.0625
17407 0.0625
16791 0.0625
14531 0.0625
13581 0.0625
10361 0.0625
8027 0.0625
7296 0.0625
3521 0.0625
2100 0.0625
1975 0.0625
32500 0.0588235
24739 0.0588235
16061 0.0588235
14383 0.0588235
10737 0.0588235
8720 0.0588235
8532 0.0588235
5816 0.0588235
3916 0.0588235
2935 0.0588235
26093 0.0434783
26072 0.0434783
12009 0.0434783
3692 0.0434783
40268 0.0294118
39730 0.0294118
37259 0.0294118
35524 0.0294118
34095 0.0294118
32131 0.0294118
29924 0.0294118
22402 0.0294118
12620 0.0294118
10236 0.0294118
9296 0.0294118
8055 0.0294118
5691 0.0294118
4192 0.0294118
2791 0.0294118
1663 0.0294118
738 0.0294118
40912 0.025641
40776 0.025641
40458 0.025641
39147 0.025641
38254 0.025641
38012 0.025641
34834 0.025641
34572 0.025641
33834 0.025641
30121 0.025641
30020 0.025641
29407 0.025641
26334 0.025641
26059 0.025641
25235 0.025641
25060 0.025641
21121 0.025641
17128 0.025641
10954 0.025641
10953 0.025641
10123 0.025641
7379 0.025641
6496 0.025641
3552 0.025641
1107 0.025641
39565 0.0243902
33944 0.0243902
33389 0.0243902
32820 0.0243902
31734 0.0243902
30199 0.0243902
25476 0.0243902
23638 0.0243902
21911 0.0243902
20966 0.0243902
19325 0.0243902
16983 0.0243902
14720 0.0243902
10980 0.0243902
10923 0.0243902
10277 0.0243902
9665 0.0243902
9466 0.0243902
8672 0.0243902
8580 0.0243902
7024 0.0243902
2249 0.0243902
52 0.0243902
40104 0.0238095
37797 0.0238095
37048 0.0238095
36734 0.0238095
36446 0.0238095
34894 0.0238095
33492 0.0238095
31126 0.0238095
29219 0.0238095
29023 0.0238095
27789 0.0238095
23813 0.0238095
15768 0.0238095
9972 0.0238095
8748 0.0238095
7708 0.0238095
6942 0.0238095
5529 0.0238095
864 0.0238095
40980 0
40979 0
40978 0
40977 0
40976 0
40975 0
40974 0
40973 0
40972 0
40971 0
40970 0
40969 0
40968 0
40967 0
40965 0
40964 0
40963 0
40962 0
40961 0
40960 0
40959 0
40958 0
40957 0
40956 0
40955 0
40954 0
40953 0
40952 0
40951 0
40950 0
40949 0
40948 0
40947 0
40946 0
40945 0
40944 0
40943 0
40942 0
40941 0
40940 0
40939 0
40938 0
40937 0
40936 0
40935 0
40934 0
40933 0
40932 0
40931 0
40930 0
40929 0
40928 0
40927 0
40926 0
40925 0
40924 0
40923 0
40922 0
40921 0
40920 0
40919 0
40918 0
40917 0
40916 0
40915 0
40914 0
40913 0
40911 0
40910 0
40909 0
40908 0
40907 0
40906 0
40905 0
40904 0
40903 0
40902 0
40901 0
40900 0
40899 0
40898 0
40897 0
40896 0
40895 0
40894 0
40893 0
40892 0
40891 0
40890 0
40889 0
40888 0
40887 0
40886 0
40885 0
40884 0
40883 0
40882 0
40881 0
40880 0
40879 0
40878 0
40877 0
40876 0
40875 0
40874 0
40873 0
40872 0
40871 0
40870 0
40869 0
40868 0
40867 0
40866 0
40865 0
40864 0
40863 0
40862 0
40861 0
40860 0
40859 0
40858 0
40857 0
40856 0
40855 0
40854 0
40853 0
40852 0
40851 0
40850 0
40849 0
40848 0
40847 0
40846 0
40845 0
40844 0
40843 0
40842 0
40841 0
40840 0
40839 0
40838 0
40837 0
40836 0
40835 0
40834 0
40833 0
40832 0
40831 0
40830 0
40829 0
40828 0
40827 0
40826 0
40825 0
40824 0
40823 0
40822 0
40821 0
40820 0
40819 0
40818 0
40817 0
40816 0
40815 0
40814 0
40813 0
40812 0
40811 0
40810 0
40809 0
40808 0
40807 0
40806 0
40805 0
40804 0
40803 0
40802 0
40801 0
40800 0
40799 0
40798 0
40797 0
40796 0
40795 0
40794 0
40793 0
40792 0
40791 0
40790 0
40789 0
40788 0
40787 0
40786 0
40785 0
40784 0
40783 0
40782 0
40781 0
40780 0
40779 0
40778 0
40777 0
40775 0
40774 0
40773 0
40772 0
40771 0
40770 0
40769 0
40768 0
40767 0
40766 0
40765 0
40764 0
40763 0
40762 0
40761 0
40760 0
40759 0
40758 0
40757 0
40756 0
40755 0
40754 0
40753 0
40752 0
40751 0
40750 0
40749 0
40748 0
40747 0
40746 0
40745 0
40744 0
40742 0
40741 0
40740 0
40739 0
40738 0
40737 0
40736 0
40735 0
40734 0
40733 0
40732 0
40731 0
40730 0
40729 0
40728 0
40727 0
40726 0
40725 0
40724 0
40723 0
40722 0
40721 0
40720 0
40719 0
40718 0
40717 0
40716 0
40715 0
40714 0
40713 0
40712 0
40711 0
40710 0
40709 0
40708 0
40707 0
40706 0
40705 0
40704 0
40703 0
40702 0
40701 0
40700 0
40699 0
40698 0
40697 0
40696 0
40695 0
40694 0
40693 0
40692 0
40691 0
40690 0
40689 0
40688 0
40687 0
40686 0
40685 0
40684 0
40683 0
40682 0
40681 0
40680 0
40679 0
40678 0
40677 0
40676 0
40675 0
40674 0
40673 0
40672 0
40671 0
40670 0
40669 0
