29879 41.8631
24345 24.4856
29479 9.95204
23606 9.05823
34956 8.61123
37684 8.24179
750 7.99062
28776 7.26935
15936 6.70894
24204 4.60206
19456 4.47804
4942 3.49537
7023 3.40238
3540 3.34296
27024 3.23374
32268 3.16112
484 3.05023
13982 3.03615
28536 2.82669
24000 2.77321
15051 2.70543
12583 2.60569
30528 2.58013
31106 2.54499
14251 2.53832
20284 2.27701
27268 2.0729
25931 1.96385
40670 1.85234
18289 1.82317
5016 1.80148
30981 1.76746
34779 1.75856
1956 1.75556
18634 1.72801
30463 1.71218
25686 1.64464
19871 1.56804
38677 1.56426
28237 1.54634
18494 1.43949
18158 1.4232
28043 1.42301
11590 1.3902
32361 1.38849
7793 1.3881
943 1.38173
24455 1.36287
15401 1.35426
31961 1.31757
37745 1.2989
8766 1.2961
39544 1.27142
22013 1.19396
11813 1.17308
10846 1.1607
37547 1.0869
21600 1.08337
29189 1.0711
25711 1.03393
19873 0.98373
27558 0.95822
30891 0.952381
33188 0.933357
37288 0.901786
38325 0.890873
17117 0.872024
36543 0.863874
14995 0.862191
29662 0.858766
11421 0.857268
7388 0.855754
19096 0.84478
2780 0.818993
28040 0.799603
38466 0.797412
8509 0.783333
18993 0.775565
40622 0.774946
30 0.755252
21514 0.744574
3864 0.715079
4460 0.711447
1730 0.708669
16004 0.706523
22826 0.7
24418 0.697453
2184 0.688722
24851 0.685714
30130 0.678283
37139 0.659643
25234 0.649054
7108 0.647048
5798 0.632118
39701 0.616399
32436 0.607576
997 0.606443
19398 0.587472
31149 0.583777
34442 0.576923
13331 0.57113
33581 0.567298
27798 0.567193
14412 0.565278
35328 0.542857
37004 0.535016
39905 0.533734
11141 0.533734
6733 0.531746
21116 0.520177
36009 0.517857
23430 0.515502
10795 0.510251
22073 0.509524
36340 0.50947
23066 0.507576
12192 0.483696
23424 0.459636
10437 0.455357
27828 0.447619
37393 0.445779
19838 0.444444
9333 0.438095
28976 0.434524
32125 0.429278
18132 0.429278
18928 0.428571
23723 0.421429
16864 0.416667
22254 0.40202
33528 0.401111
14761 0.39881
17308 0.396537
9832 0.395833
12886 0.390909
14457 0.385609
36013 0.382161
16106 0.381818
38617 0.379672
30465 0.370279
33553 0.366667
40482 0.362037
16689 0.361753
15366 0.35049
28623 0.35
20219 0.349378
39874 0.349242
20032 0.34914
2623 0.345817
13839 0.342857
35816 0.34
14730 0.333766
35912 0.333333
4429 0.333333
17161 0.33087
15073 0.325709
5391 0.325709
18079 0.324748
38733 0.3171
10198 0.313995
34482 0.313439
39974 0.3125
23651 0.299946
9703 0.297112
9286 0.296919
32918 0.294574
29898 0.294444
37377 0.289286
8106 0.288889
9524 0.287859
33023 0.282576
1080 0.275
26958 0.273449
16900 0.270469
14163 0.261447
8090 0.260256
34641 0.257576
22237 0.255602
8722 0.253409
40515 0.25
37604 0.25
30768 0.25
27027 0.25
26889 0.25
15488 0.25
12024 0.25
7871 0.25
6776 0.25
4799 0.25
1376 0.25
3764 0.240666
14197 0.239583
32981 0.238095
4329 0.238095
4835 0.235107
38868 0.225292
1533 0.223374
7941 0.219284
31119 0.21611
7484 0.215038
15131 0.213927
13002 0.213413
35964 0.212686
29661 0.212073
2507 0.209524
34919 0.206041
3038 0.205267
12037 0.203704
18431 0.203283
24638 0.202381
37761 0.2
35868 0.2
10172 0.2
6743 0.2
3114 0.2
1570 0.2
35221 0.194156
16892 0.190476
10264 0.190476
16363 0.190178
6729 0.189776
18166 0.186081
25069 0.184722
31129 0.176587
17566 0.176587
7028 0.176444
5542 0.176444
38124 0.174603
27324 0.171079
10540 0.168943
2151 0.168896
25092 0.16794
13726 0.16794
12559 0.167044
30076 0.166667
28594 0.166667
22204 0.166667
19231 0.166667
14656 0.166667
9561 0.166667
8629 0.166667
6890 0.166667
1854 0.166667
1503 0.166667
40702 0.163889
20907 0.157738
6455 0.154489
30041 0.153963
13335 0.150794
11772 0.145833
10109 0.14556
31583 0.142857
29805 0.142857
18164 0.142857
15128 0.142857
13831 0.142857
11317 0.142857
9841 0.142857
4978 0.142857
4275 0.142857
2499 0.142857
1529 0.142857
4105 0.132748
28224 0.131203
35883 0.131061
36708 0.12961
33745 0.12961
33920 0.125
28256 0.125
26397 0.125
16580 0.125
16354 0.125
14446 0.125
3395 0.125
1128 0.125
22142 0.122485
24494 0.12056
36863 0.120238
11220 0.119048
2737 0.119048
15932 0.117965
37108 0.111111
36789 0.111111
32351 0.111111
31966 0.111111
21377 0.111111
19875 0.111111
15915 0.111111
11278 0.111111
8007 0.111111
6960 0.111111
14183 0.103968
3894 0.103571
39969 0.1
35713 0.1
34630 0.1
30925 0.1
29732 0.1
24792 0.1
19146 0.1
10995 0.1
8632 0.1
6088 0.1
1634 0.1
4364 0.0989177
22244 0.0965423
5945 0.0925429
40356 0.0909091
38205 0.0909091
32727 0.0909091
21410 0.0909091
21226 0.0909091
17387 0.0909091
7817 0.0909091
3043 0.0909091
40867 0.0833333
40512 0.0833333
34136 0.0833333
29177 0.0833333
21230 0.0833333
9174 0.0833333
6575 0.0833333
1066 0.0833333
2448 0.0789545
36498 0.0769231
30749 0.0769231
25281 0.0769231
24018 0.0769231
21720 0.0769231
14912 0.0769231
14051 0.0769231
393 0.0769231
27476 0.0744979
34137 0.0715368
32086 0.0715368
5596 0.0715368
469 0.0715368
39199 0.0714286
37423 0.0714286
36844 0.0714286
30643 0.0714286
29002 0.0714286
24005 0.0714286
12815 0.0714286
11473 0.0714286
6211 0.0714286
6210 0.0714286
1217 0.0714286
118 0.0714286
2477 0.0708052
15597 0.0685325
8025 0.0685325
32889 0.0666667
21692 0.0666667
15205 0.0666667
13310 0.0666667
12336 0.0666667
20122 0.0625
15919 0.0625
8746 0.0625
8729 0.0625
3647 0.0625
1571 0.0625
31065 0.0603973
33705 0.0588235
27631 0.0588235
13404 0.0588235
10913 0.0588235
9679 0.0588235
2922 0.0588235
39321 0.0555556
37728 0.0555556
36525 0.0555556
29655 0.0555556
18320 0.0555556
7601 0.0555556
5835 0.0555556
974 0.0555556
12242 0.0526316
20924 0.05
2287 0.05
615 0.05
40007 0.047619
37280 0.047619
34608 0.047619
31337 0.047619
27864 0.047619
25796 0.047619
23818 0.047619
23654 0.047619
22281 0.047619
18126 0.047619
14829 0.047619
8092 0.047619
7440 0.047619
38018 0.0454545
29748 0.0434783
26204 0.0434783
27533 0.0416667
20557 0.0416667
6031 0.0416667
24250 0.04
21653 0.04
25044 0.0384615
18876 0.0384615
15746 0.0384615
33801 0.037037
30368 0.037037
17463 0.037037
10558 0.037037
4248 0.037037
30077 0.0344828
37616 0.0322581
10884 0.0322581
5025 0.0322581
165 0.0322581
34839 0.030303
26603 0.030303
25519 0.030303
19754 0.030303
35555 0.0294118
30134 0.0294118
23237 0.0294118
12674 0.0294118
26825 0.0285714
19556 0.0285714
37007 0.0277778
32561 0.0277778
25486 0.0277778
16170 0.0277778
6450 0.0277778
35197 0.025
18672 0.025
11894 0.025
7902 0.025
2385 0.025
26406 0.0238095
25961 0.0238095
21642 0.0238095
15650 0.0238095
14944 0.0238095
14023 0.0238095
10803 0.0238095
10351 0.0238095
8368 0.0238095
906 0.0238095
34734 0.0227273
33747 0.0227273
33737 0.0227273
31895 0.0227273
26665 0.0227273
22843 0.0227273
15186 0.0227273
15109 0.0227273
14157 0.0227273
11953 0.0227273
9581 0.0227273
6659 0.0227273
5140 0.0227273
1196 0.0227273
29438 0.0212766
21783 0.0212766
21337 0.0212766
17357 0.0212766
13270 0.0212766
40230 0.0178571
40097 0.0178571
38449 0.0178571
38005 0.0178571
35207 0.0178571
34149 0.0178571
33328 0.0178571
30542 0.0178571
30332 0.0178571
29415 0.0178571
27913 0.0178571
24322 0.0178571
24291 0.0178571
24259 0.0178571
23831 0.0178571
22754 0.0178571
22467 0.0178571
21754 0.0178571
20676 0.0178571
19369 0.0178571
18115 0.0178571
17232 0.0178571
16538 0.0178571
14861 0.0178571
14240 0.0178571
14063 0.0178571
12272 0.0178571
10326 0.0178571
9942 0.0178571
8184 0.0178571
7235 0.0178571
6532 0.0178571
5565 0.0178571
5063 0.0178571
4166 0.0178571
