12522 3.37001
13654 2.36467
11810 2.08139
27166 1.75016
1378 1.72063
22088 1.59521
10196 1.53571
2010 1.42352
31589 1.26466
29140 1.13799
12569 1.09579
37305 1.0187
30425 0.943588
28521 0.936667
32572 0.898968
22530 0.870635
2885 0.853485
28855 0.814957
25474 0.801299
11839 0.757576
34015 0.75
15834 0.661566
21186 0.65
6041 0.637374
34770 0.624242
26743 0.619048
38856 0.60119
9957 0.592857
22170 0.592569
6319 0.554365
2652 0.553114
14538 0.533333
8224 0.512063
29270 0.505556
12943 0.5
22456 0.482091
8427 0.472222
8035 0.471365
13928 0.457576
10925 0.45202
14797 0.445489
2484 0.402778
1942 0.396079
35825 0.378968
33633 0.378968
22711 0.369481
40629 0.357143
20763 0.343541
37085 0.333333
33452 0.333333
11455 0.333333
8384 0.333333
80 0.333333
550 0.320635
25913 0.311255
8208 0.303114
10424 0.294156
1281 0.272412
16806 0.261111
40597 0.25
39183 0.25
38943 0.25
32337 0.25
30186 0.25
29211 0.25
20230 0.25
19256 0.25
13766 0.25
19774 0.246825
18446 0.244949
6711 0.244949
3413 0.244949
6830 0.238095
31228 0.224242
36400 0.204524
35766 0.200397
13507 0.200397
40890 0.2
35203 0.2
32819 0.2
27799 0.2
21830 0.2
17318 0.2
16122 0.2
13117 0.2
31723 0.193541
21323 0.191964
15054 0.191964
39155 0.18998
432 0.18998
32536 0.169778
17312 0.169778
37285 0.166667
11469 0.166667
6801 0.155195
40389 0.142857
39383 0.142857
36313 0.142857
28396 0.142857
23240 0.142857
21912 0.142857
14669 0.142857
6505 0.142857
36934 0.141317
7245 0.141317
12960 0.134632
29565 0.133636
81 0.125
24239 0.117917
22184 0.117917
14138 0.117917
1965 0.117917
1610 0.117917
39158 0.111111
38776 0.111111
32016 0.111111
31763 0.111111
31703 0.111111
31698 0.111111
29627 0.111111
29626 0.111111
26895 0.111111
25765 0.111111
22469 0.111111
19229 0.111111
11410 0.111111
10253 0.111111
7478 0.111111
5159 0.111111
3486 0.111111
1745 0.111111
1451 0.111111
12766 0.108442
7099 0.108442
39962 0.108346
35734 0.108346
35063 0.108346
208 0.108346
33377 0.1
22798 0.1
4994 0.1
39567 0.0909091
35062 0.0909091
27036 0.0909091
23745 0.0909091
23432 0.0909091
21813 0.0909091
16632 0.0909091
12118 0.0909091
8592 0.0909091
7649 0.0909091
5209 0.0909091
19553 0.0833333
14162 0.0833333
34157 0.0769231
30367 0.0769231
25385 0.0769231
19867 0.0769231
18138 0.0769231
17917 0.0769231
8497 0.0769231
2027 0.0769231
39826 0.0714286
35249 0.0714286
33267 0.0714286
32224 0.0714286
29745 0.0714286
21010 0.0714286
13235 0.0714286
7076 0.0714286
34043 0.0666667
15276 0.0666667
3002 0.0666667
16723 0.0526316
7202 0.0526316
6336 0.0526316
1491 0.0526316
39934 0.05
35198 0.05
32034 0.05
31564 0.05
21785 0.05
20305 0.05
6172 0.05
37077 0.047619
34123 0.047619
32708 0.047619
29256 0.047619
28617 0.047619
22997 0.047619
18912 0.047619
18435 0.047619
16787 0.047619
14858 0.047619
12289 0.047619
8828 0.047619
7145 0.047619
4025 0.047619
950 0.047619
37597 0.0416667
34835 0.0416667
32324 0.0416667
31537 0.0416667
30693 0.0416667
29073 0.0416667
24055 0.0416667
22404 0.0416667
8513 0.0416667
7175 0.0416667
36528 0.0357143
32788 0.0357143
29923 0.0357143
29030 0.0357143
24162 0.0357143
24126 0.0357143
19684 0.0357143
17381 0.0357143
10283 0.0357143
39641 0.03125
38141 0.03125
37948 0.03125
36160 0.03125
29586 0.03125
24957 0.03125
24288 0.03125
21703 0.03125
14943 0.03125
11389 0.03125
10453 0.03125
2869 0.03125
556 0.03125
40009 0.0285714
39509 0.0285714
35082 0.0285714
34844 0.0285714
32620 0.0285714
29941 0.0285714
25484 0.0285714
23473 0.0285714
23439 0.0285714
21474 0.0285714
20830 0.0285714
19899 0.0285714
17033 0.0285714
16085 0.0285714
15591 0.0285714
11857 0.0285714
8652 0.0285714
6924 0.0285714
6840 0.0285714
5852 0.0285714
5610 0.0285714
4038 0.0285714
2520 0.0285714
1355 0.0285714
39519 0.0227273
38422 0.0227273
33530 0.0227273
32287 0.0227273
32145 0.0227273
31289 0.0227273
29437 0.0227273
26350 0.0227273
26095 0.0227273
26058 0.0227273
23715 0.0227273
19648 0.0227273
16395 0.0227273
15416 0.0227273
11874 0.0227273
9201 0.0227273
7900 0.0227273
7618 0.0227273
6654 0.0227273
6355 0.0227273
6134 0.0227273
5609 0.0227273
3762 0.0227273
374 0.0227273
39791 0.02
39132 0.02
38801 0.02
38148 0.02
37882 0.02
35659 0.02
30793 0.02
29273 0.02
28952 0.02
27938 0.02
27926 0.02
26366 0.02
24678 0.02
19580 0.02
17401 0.02
16947 0.02
16629 0.02
16298 0.02
14030 0.02
13927 0.02
12893 0.02
12874 0.02
12090 0.02
8615 0.02
7852 0.02
6863 0.02
5778 0.02
885 0.02
233 0.02
40980 0
40979 0
40978 0
40977 0
40976 0
40975 0
40974 0
40973 0
40972 0
40971 0
40970 0
40969 0
40968 0
40967 0
40966 0
40965 0
40964 0
40963 0
40962 0
40961 0
40960 0
40959 0
40958 0
40957 0
40956 0
40955 0
40954 0
40953 0
40952 0
40951 0
40950 0
40949 0
40948 0
40947 0
40946 0
40945 0
40944 0
40943 0
40942 0
40941 0
40940 0
40939 0
40938 0
40937 0
40936 0
40935 0
40934 0
40933 0
40932 0
40931 0
40930 0
40929 0
40928 0
40927 0
40926 0
40925 0
40924 0
40923 0
40922 0
40921 0
40920 0
40919 0
40918 0
40917 0
40916 0
40915 0
40914 0
40913 0
40912 0
40911 0
40910 0
40909 0
40908 0
40907 0
40906 0
40905 0
40904 0
40903 0
40902 0
40901 0
40900 0
40899 0
40898 0
40897 0
40896 0
40895 0
40894 0
40893 0
40892 0
40891 0
40889 0
40888 0
40887 0
40886 0
40885 0
40884 0
40883 0
40882 0
40881 0
40880 0
40879 0
40878 0
40877 0
40876 0
40875 0
40874 0
40873 0
40872 0
40871 0
40870 0
40869 0
40868 0
40867 0
40866 0
40865 0
40864 0
40863 0
40862 0
40861 0
40860 0
40859 0
40858 0
40857 0
40856 0
40855 0
40854 0
40853 0
40852 0
40851 0
40850 0
40849 0
40848 0
40847 0
40846 0
40845 0
40844 0
40843 0
40842 0
40841 0
40840 0
40839 0
40838 0
40837 0
40836 0
40835 0
40834 0
40833 0
40832 0
40831 0
40830 0
40829 0
40828 0
40827 0
40826 0
40825 0
40824 0
40823 0
40822 0
40821 0
40820 0
40819 0
40818 0
40817 0
40816 0
40815 0
40814 0
40813 0
40812 0
40811 0
40810 0
40809 0
40808 0
40807 0
40806 0
40805 0
40804 0
40803 0
40802 0
40801 0
40800 0
40799 0
40798 0
40797 0
40796 0
40795 0
40794 0
40793 0
40792 0
40791 0
40790 0
40789 0
40788 0
