31589 3.39715
27166 1.81961
29140 1.5152
40890 1.16167
11810 1.031
3877 0.973028
27799 0.837306
37888 0.809524
16806 0.808325
24239 0.69436
27721 0.68039
33633 0.664097
33267 0.6429
31228 0.632326
18964 0.626628
13766 0.619603
3068 0.572959
24902 0.572344
18138 0.560342
22530 0.557977
36313 0.535877
36400 0.490916
21105 0.490909
21186 0.473575
26786 0.464601
11167 0.402778
29401 0.402778
26748 0.356942
36643 0.350641
37085 0.348492
6592 0.340104
34768 0.339286
40629 0.333333
13927 0.333333
7454 0.333333
10253 0.328755
39158 0.327381
35766 0.323608
2885 0.318088
23843 0.317308
32819 0.308466
26058 0.263528
16775 0.253968
32620 0.25
24707 0.25
5971 0.25
3002 0.25
8427 0.249249
37496 0.22837
26476 0.22837
22456 0.22207
34116 0.221471
13654 0.219162
33497 0.216105
6319 0.215061
19774 0.213675
22419 0.210897
11626 0.208766
11052 0.208766
6243 0.204994
31012 0.2
28855 0.2
19967 0.2
8583 0.2
37958 0.190659
11789 0.190659
7478 0.189365
35249 0.173993
22088 0.173993
25851 0.166667
17900 0.166667
7152 0.166667
6486 0.166667
109 0.166667
34764 0.142857
34687 0.142857
22997 0.142857
14305 0.142857
12985 0.142857
6796 0.142857
21757 0.142399
29626 0.139601
27740 0.139601
8197 0.139601
2069 0.139601
38943 0.125
35333 0.125
35203 0.125
24523 0.125
24063 0.125
5241 0.125
34737 0.111111
33458 0.111111
32279 0.111111
31457 0.111111
30897 0.111111
21272 0.111111
20516 0.111111
20336 0.111111
20286 0.111111
18842 0.111111
16563 0.111111
15916 0.111111
12377 0.111111
830 0.111111
28094 0.100287
4444 0.100287
34998 0.1
32930 0.1
39549 0.0909091
32036 0.0909091
26010 0.0909091
9189 0.0909091
3883 0.0909091
33452 0.0833333
10424 0.0833333
6166 0.0819088
37305 0.0769231
32437 0.0769231
39791 0.0719112
35346 0.0719112
27989 0.0719112
27926 0.0719112
3852 0.0719112
2869 0.0719112
39925 0.0718988
16629 0.0718988
10196 0.0718988
8828 0.0718988
37991 0.0714286
30425 0.0714286
30275 0.0714286
14790 0.0714286
14538 0.0714286
13459 0.0714286
12522 0.0714286
11469 0.0714286
6914 0.0714286
5763 0.0714286
4934 0.0714286
3105 0.0714286
36630 0.0666667
21051 0.0666667
14842 0.0666667
14489 0.0666667
12708 0.0666667
4956 0.0666667
35538 0.0603423
18340 0.0603423
14858 0.0603423
5875 0.0603423
16076 0.0575827
7412 0.0575827
39172 0.047619
21477 0.047619
17154 0.047619
16283 0.047619
8992 0.047619
565 0.047619
37566 0.037037
32544 0.037037
28478 0.037037
19025 0.037037
17861 0.037037
4499 0.037037
2027 0.037037
360 0.037037
40389 0.027027
40165 0.027027
39947 0.027027
38608 0.027027
33518 0.027027
31564 0.027027
30676 0.027027
28424 0.027027
27613 0.027027
24206 0.027027
23143 0.027027
22711 0.027027
22099 0.027027
17417 0.027027
15054 0.027027
13626 0.027027
12671 0.027027
11264 0.027027
11080 0.027027
8309 0.027027
6172 0.027027
6140 0.027027
4293 0.027027
3030 0.027027
2192 0.027027
828 0.027027
38583 0.025641
38500 0.025641
37948 0.025641
37502 0.025641
32788 0.025641
31301 0.025641
30946 0.025641
29946 0.025641
29270 0.025641
27663 0.025641
26950 0.025641
26547 0.025641
25831 0.025641
25334 0.025641
24162 0.025641
23566 0.025641
23240 0.025641
22368 0.025641
18561 0.025641
17219 0.025641
15642 0.025641
15012 0.025641
13234 0.025641
12314 0.025641
11857 0.025641
11804 0.025641
11589 0.025641
11488 0.025641
8262 0.025641
3682 0.025641
3326 0.025641
2638 0.025641
1821 0.025641
1709 0.025641
1614 0.025641
1355 0.025641
1174 0.025641
40414 0.0192308
34770 0.0192308
32043 0.0192308
31136 0.0192308
30367 0.0192308
29193 0.0192308
24137 0.0192308
19284 0.0192308
17626 0.0192308
13016 0.0192308
12541 0.0192308
8633 0.0192308
7145 0.0192308
4984 0.0192308
4058 0.0192308
2786 0.0192308
1849 0.0192308
416 0.0192308
39846 0.0178571
39661 0.0178571
37955 0.0178571
37882 0.0178571
37421 0.0178571
37374 0.0178571
35734 0.0178571
35317 0.0178571
34835 0.0178571
33052 0.0178571
33048 0.0178571
31947 0.0178571
31858 0.0178571
31551 0.0178571
30385 0.0178571
29640 0.0178571
28912 0.0178571
28110 0.0178571
27033 0.0178571
24506 0.0178571
23432 0.0178571
20901 0.0178571
20029 0.0178571
19517 0.0178571
18356 0.0178571
16298 0.0178571
15416 0.0178571
14010 0.0178571
12910 0.0178571
12641 0.0178571
12569 0.0178571
10654 0.0178571
4872 0.0178571
1659 0.0178571
1290 0.0178571
40783 0.0140845
39534 0.0140845
38467 0.0140845
37639 0.0140845
37597 0.0140845
37494 0.0140845
37005 0.0140845
36732 0.0140845
36517 0.0140845
36255 0.0140845
33999 0.0140845
30693 0.0140845
30417 0.0140845
27349 0.0140845
26373 0.0140845
24972 0.0140845
24870 0.0140845
24849 0.0140845
24701 0.0140845
24678 0.0140845
23585 0.0140845
23494 0.0140845
22388 0.0140845
22184 0.0140845
22075 0.0140845
21323 0.0140845
20099 0.0140845
16759 0.0140845
16424 0.0140845
16197 0.0140845
14943 0.0140845
14534 0.0140845
14475 0.0140845
13670 0.0140845
12973 0.0140845
10637 0.0140845
9417 0.0140845
8758 0.0140845
6518 0.0140845
4468 0.0140845
3541 0.0140845
3291 0.0140845
3018 0.0140845
2484 0.0140845
1610 0.0140845
40980 0
40979 0
40978 0
40977 0
40976 0
40975 0
40974 0
40973 0
40972 0
40971 0
40970 0
40969 0
40968 0
40967 0
40966 0
40965 0
40964 0
40963 0
40962 0
40961 0
40960 0
40959 0
40958 0
40957 0
40956 0
40955 0
40954 0
40953 0
40952 0
40951 0
40950 0
40949 0
40948 0
40947 0
40946 0
40945 0
40944 0
40943 0
40942 0
40941 0
40940 0
40939 0
40938 0
40937 0
40936 0
40935 0
40934 0
40933 0
40932 0
40931 0
40930 0
40929 0
40928 0
40927 0
40926 0
40925 0
40924 0
40923 0
40922 0
40921 0
40920 0
40919 0
40918 0
40917 0
40916 0
40915 0
40914 0
40913 0
40912 0
40911 0
40910 0
40909 0
40908 0
40907 0
40906 0
40905 0
40904 0
40903 0
40902 0
40901 0
40900 0
40899 0
40898 0
40897 0
40896 0
40895 0
40894 0
40893 0
40892 0
40891 0
40889 0
40888 0
40887 0
40886 0
40885 0
40884 0
40883 0
40882 0
40881 0
40880 0
40879 0
40878 0
40877 0
40876 0
40875 0
40874 0
40873 0
40872 0
40871 0
40870 0
40869 0
40868 0
40867 0
40866 0
40865 0
40864 0
40863 0
40862 0
40861 0
40860 0
40859 0
40858 0
40857 0
40856 0
40855 0
40854 0
40853 0
40852 0
40851 0
40850 0
40849 0
40848 0
40847 0
40846 0
40845 0
40844 0
40843 0
40842 0
40841 0
40840 0
40839 0
40838 0
40837 0
40836 0
40835 0
40834 0
40833 0
40832 0
40831 0
40830 0
40829 0
40828 0
40827 0
40826 0
40825 0
40824 0
40823 0
40822 0
40821 0
40820 0
40819 0
40818 0
40817 0
40816 0
40815 0
40814 0
40813 0
40812 0
40811 0
40810 0
40809 0
40808 0
