2885 42.4338
30793 35.8092
27799 28.0167
24239 16.3121
32620 11.7953
17312 9.66798
22711 8.02647
830 6.16237
39791 5.71567
21703 5.3201
35734 5.21603
33267 4.93676
556 4.93032
24678 4.91901
22184 4.6778
13654 4.40059
36952 4.31328
39962 4.20072
27926 4.114
2869 3.79989
18520 3.51245
18842 3.42079
15225 3.37111
37496 3.3403
35346 3.3092
35317 3.02666
17154 2.95181
6924 2.91965
9196 2.88936
12569 2.73209
14138 2.72589
13916 2.71932
26476 2.7187
33545 2.6896
36400 2.63453
15665 2.60266
22405 2.60264
39951 2.27209
30897 2.26984
33633 2.26111
37672 2.14376
23432 2.13681
37340 2.08285
40890 2.07405
7921 1.90721
37729 1.87289
35265 1.81386
27863 1.74469
4761 1.72966
9197 1.68926
21323 1.66633
35525 1.59603
38952 1.54686
6592 1.53809
1519 1.51873
29589 1.49892
36528 1.4178
233 1.40354
2786 1.38628
8672 1.36739
22594 1.35252
22530 1.31008
23439 1.30917
29077 1.2977
24505 1.27039
16283 1.24772
31301 1.23764
40165 1.21496
18119 1.20295
5821 1.18575
4539 1.1805
18834 1.16179
4468 1.13699
5937 1.13624
35439 1.13393
22388 1.12739
34116 1.1237
2484 1.09079
1659 1.08648
35082 1.08508
6992 1.06334
432 1.04649
19032 1.03221
16250 1.01991
697 0.984063
16233 0.958278
7145 0.957475
32885 0.952766
3356 0.907937
16806 0.878181
391 0.833055
10923 0.813964
16298 0.803866
22368 0.802652
30847 0.802039
35766 0.797523
1326 0.796438
17393 0.788793
21889 0.784169
1610 0.776707
3936 0.776544
34123 0.75037
37342 0.739642
38583 0.739227
39183 0.735931
11488 0.731079
11975 0.728701
22598 0.725707
13507 0.7
23843 0.696013
13234 0.692925
29300 0.688131
16001 0.683338
12893 0.682818
29237 0.681746
39472 0.677879
10210 0.67423
32043 0.670814
28952 0.667964
4994 0.666667
17277 0.660438
14399 0.649813
20250 0.642857
11113 0.641003
7312 0.630281
36313 0.621887
16047 0.594922
35029 0.588005
3068 0.575943
9239 0.571429
18555 0.570382
17583 0.563772
25765 0.558824
12989 0.541667
630 0.541238
34663 0.540909
16076 0.537594
25065 0.528822
25659 0.528004
16745 0.527644
26786 0.526197
14672 0.524368
39155 0.523237
19967 0.513221
23696 0.510197
31184 0.508969
25367 0.50056
21757 0.49609
39637 0.494791
6654 0.492586
7076 0.487792
40204 0.474526
15354 0.472228
9561 0.471901
7536 0.471557
18997 0.471234
29901 0.467857
987 0.466667
25900 0.466117
8432 0.464286
9907 0.463675
31858 0.462963
11789 0.462442
26084 0.460487
15873 0.460487
5719 0.460487
9924 0.458868
34664 0.458781
26832 0.456244
26095 0.454644
34999 0.45159
4984 0.447917
23628 0.44213
19624 0.438017
5354 0.431319
24224 0.427349
28500 0.414286
33227 0.411328
14658 0.410547
37948 0.404109
2877 0.403258
23898 0.400798
3541 0.398495
6863 0.393053
14768 0.392681
17634 0.384156
31589 0.383333
8224 0.37814
5293 0.37401
29640 0.370891
3229 0.368347
40525 0.367832
612 0.367259
16504 0.367038
2069 0.365527
11626 0.360619
3140 0.358754
35063 0.358363
1791 0.357631
22088 0.354978
4551 0.349733
10872 0.346765
595 0.343846
35185 0.341303
21978 0.341303
2310 0.341109
4825 0.339654
32688 0.33538
25176 0.333333
13120 0.333333
35211 0.330891
28424 0.322783
39947 0.321961
30676 0.321961
27989 0.321961
11080 0.321961
110 0.321961
27900 0.321313
3511 0.317079
24596 0.310931
15416 0.310712
12525 0.309524
16947 0.307976
6518 0.30712
23724 0.30511
30417 0.304963
5479 0.29991
14490 0.299145
27623 0.298872
4548 0.298562
25614 0.297223
40861 0.295442
37027 0.295442
13433 0.295442
2187 0.292903
28651 0.291528
26854 0.290074
17861 0.286988
29551 0.286383
37077 0.285496
22083 0.284211
3750 0.282388
32814 0.28235
1355 0.280605
4038 0.28034
9665 0.279215
15542 0.278846
39661 0.278739
33108 0.278739
28110 0.278739
21861 0.278739
19511 0.278739
12788 0.278493
31140 0.278047
14934 0.274789
2168 0.274366
550 0.274133
15567 0.272069
19551 0.271377
33552 0.27115
39960 0.269284
5623 0.264061
2129 0.263906
1313 0.263398
9553 0.261725
10253 0.253268
29875 0.25039
1494 0.250014
8497 0.24906
27033 0.248769
12935 0.248136
27649 0.246866
10575 0.244686
7624 0.243696
19592 0.24331
19684 0.242739
36239 0.242536
33174 0.242536
32243 0.242536
12090 0.242536
9309 0.242246
38772 0.240108
12945 0.238889
11876 0.237916
17492 0.237734
10169 0.232032
12377 0.230263
17267 0.229278
39925 0.228927
35178 0.228729
3002 0.22619
29463 0.226018
8419 0.22601
4484 0.22601
34165 0.223925
34167 0.223748
30234 0.222462
13026 0.218687
8412 0.218593
17396 0.216399
40597 0.21634
31681 0.21371
18365 0.21371
23218 0.213131
24073 0.212963
11147 0.209564
4076 0.208655
39245 0.208189
4896 0.207081
313 0.207081
10766 0.205
19746 0.204227
6801 0.203907
12970 0.203151
16222 0.202954
23834 0.202778
29225 0.202034
17785 0.202034
938 0.202034
14544 0.200578
12541 0.200561
30425 0.2
25016 0.2
22313 0.2
10480 0.2
1471 0.2
14842 0.199069
3852 0.197375
26541 0.196497
10283 0.195384
32127 0.192752
40915 0.190427
14546 0.189386
39687 0.189374
36968 0.188369
4987 0.187953
37374 0.187412
11909 0.186422
29909 0.186045
12245 0.185145
14943 0.179762
27395 0.179402
20789 0.1721
19580 0.171368
6807 0.171368
17461 0.169388
16665 0.169388
38076 0.169182
18248 0.167743
34911 0.16735
1966 0.167185
39049 0.166667
33518 0.166667
33452 0.166667
24003 0.166667
23910 0.166667
22745 0.166667
21062 0.166667
20286 0.166667
15529 0.166667
14864 0.166667
9663 0.166667
5763 0.166667
3212 0.166667
2218 0.165733
39459 0.165402
38468 0.161915
5214 0.161351
29193 0.160621
15012 0.159664
27349 0.159314
34043 0.15576
7344 0.155663
12766 0.1518
24790 0.15133
38010 0.151175
14534 0.150712
29852 0.150107
3713 0.149888
414 0.149405
11324 0.148488
32607 0.148373
16058 0.148373
11331 0.148128
34965 0.148086
28739 0.147348
10581 0.146042
20099 0.145085
13617 0.145004
37546 0.144949
20823 0.143452
37931 0.142955
38856 0.142857
38535 0.142857
38223 0.142857
37888 0.142857
32030 0.142857
30168 0.142857
29256 0.142857
18340 0.142857
18231 0.142857
16117 0.142857
13627 0.142857
12443 0.142857
10028 0.142857
8633 0.142857
5709 0.142857
21000 0.142746
21566 0.142616
17521 0.142099
33028 0.139071
6140 0.139071
19379 0.139057
3940 0.138927
30216 0.135823
18328 0.13539
11804 0.135171
21343 0.133677
32324 0.132399
24175 0.132155
4872 0.132155
23582 0.132043
862 0.132043
40314 0.128758
5548 0.127969
24414 0.126274
6033 0.126254
26750 0.125063
40069 0.125
39386 0.125
31947 0.125
21338 0.125
19461 0.125
16181 0.125
10654 0.125
9180 0.125
7478 0.125
7306 0.125
5872 0.125
5778 0.125
3096 0.125
17035 0.124228
5840 0.123781
20065 0.123232
26928 0.123105
3877 0.122566
37898 0.122212
9803 0.122086
8229 0.122086
10511 0.121267
26137 0.121267
36380 0.120539
24972 0.120539
7412 0.120539
24162 0.119254
7592 0.118256
2813 0.118256
15029 0.118036
468 0.117852
35463 0.117436
28575 0.116029
26467 0.116
19220 0.115641
10505 0.114508
11453 0.113489
37233 0.113309
34156 0.112421
26195 0.112421
39172 0.112169
20928 0.111692
40644 0.111111
37441 0.111111
31582 0.111111
31564 0.111111
31470 0.111111
27486 0.111111
19191 0.111111
16652 0.111111
10601 0.111111
4189 0.111111
3637 0.111111
21217 0.108868
866 0.108427
29464 0.107821
11725 0.107821
10196 0.106116
21859 0.103258
20273 0.103258
8242 0.103146
39831 0.103125
18190 0.102427
16395 0.102427
8264 0.10206
9821 0.101268
17523 0.10081
29140 0.1
27408 0.1
24783 0.1
24749 0.1
20074 0.1
