14156 3.01405
36885 2.28693
24465 1.85381
4051 1.84244
25482 1.76466
28520 1.42419
38591 1.38568
28846 1.25941
34681 1.16567
18445 1.14577
11356 1.13343
9401 0.933802
11702 0.912561
33750 0.889722
22796 0.833333
14750 0.816642
22417 0.781868
14707 0.709325
13783 0.625
9989 0.610114
25934 0.558171
37281 0.547691
28299 0.526926
27041 0.488568
16531 0.479708
7217 0.453009
35192 0.4375
13866 0.391667
29134 0.387197
14526 0.378968
8333 0.374301
28906 0.35
4469 0.348214
40133 0.337524
9785 0.332662
4416 0.328907
26827 0.326681
38635 0.299562
36411 0.293498
28422 0.293498
12598 0.289884
23924 0.285354
1632 0.274733
2198 0.264631
249 0.264631
34070 0.255024
21868 0.25
8752 0.244589
17469 0.232323
15701 0.230159
19598 0.226656
18602 0.221324
31053 0.217554
39739 0.207175
27201 0.2
19537 0.19707
15986 0.19707
28902 0.177219
6457 0.165966
12534 0.164232
1352 0.164232
40797 0.157955
6615 0.157955
21706 0.146965
9618 0.142857
3333 0.142857
34601 0.141865
22616 0.141865
11130 0.141865
10590 0.141865
33332 0.133929
13953 0.125
40873 0.12326
39981 0.12326
36814 0.116613
20036 0.116613
17840 0.116613
8405 0.116613
39045 0.111111
21857 0.111111
35783 0.0949051
34236 0.0949051
32656 0.0949051
17410 0.0949051
37698 0.0909091
35084 0.0909091
29508 0.0909091
25881 0.0909091
2782 0.0909091
2539 0.0909091
34597 0.0833333
27587 0.0833333
12867 0.0769231
33909 0.0714286
27973 0.0714286
25726 0.0714286
38854 0.0625
30063 0.0625
19228 0.0625
16897 0.0625
9052 0.0625
35946 0.0588235
20216 0.0588235
19466 0.0588235
13512 0.0588235
12319 0.0588235
19902 0.0555556
34289 0.05
4939 0.047619
37173 0.030303
36551 0.030303
35293 0.030303
32563 0.030303
26535 0.030303
22274 0.030303
22005 0.030303
19317 0.030303
15146 0.030303
14527 0.030303
13376 0.030303
6080 0.030303
5941 0.030303
37620 0.025641
26606 0.025641
20217 0.025641
18106 0.025641
14868 0.025641
9451 0.025641
9434 0.025641
5911 0.025641
40083 0.0238095
38396 0.0238095
35434 0.0238095
28134 0.0238095
28131 0.0238095
21511 0.0238095
40980 0
40979 0
40978 0
40977 0
40976 0
40975 0
40974 0
40973 0
40972 0
40971 0
40970 0
40969 0
40968 0
40967 0
40966 0
40965 0
40964 0
40963 0
40962 0
40961 0
40960 0
40959 0
40958 0
40957 0
40956 0
40955 0
40954 0
40953 0
40952 0
40951 0
40950 0
40949 0
40948 0
40947 0
40946 0
40945 0
40944 0
40943 0
40942 0
40941 0
40940 0
40939 0
40938 0
40937 0
40936 0
40935 0
40934 0
40933 0
40932 0
40931 0
40930 0
40929 0
40928 0
40927 0
40926 0
40925 0
40924 0
40923 0
40922 0
40921 0
40920 0
40919 0
40918 0
40917 0
40916 0
40915 0
40914 0
40913 0
40912 0
40911 0
40910 0
40909 0
40908 0
40907 0
40906 0
40905 0
40904 0
40903 0
40902 0
40901 0
40900 0
40899 0
40898 0
40897 0
40896 0
40895 0
40894 0
40893 0
40892 0
40891 0
40890 0
40889 0
40888 0
40887 0
40886 0
40885 0
40884 0
40883 0
40882 0
40881 0
40880 0
40879 0
40878 0
40877 0
40876 0
40875 0
40874 0
40872 0
40871 0
40870 0
40869 0
40868 0
40867 0
40866 0
40865 0
40864 0
40863 0
40862 0
40861 0
40860 0
40859 0
40858 0
40857 0
40856 0
40855 0
40854 0
40853 0
40852 0
40851 0
40850 0
40849 0
40848 0
40847 0
40846 0
40845 0
40844 0
40843 0
40842 0
40841 0
40840 0
40839 0
40838 0
40837 0
40836 0
40835 0
40834 0
40833 0
40832 0
40831 0
40830 0
40829 0
40828 0
40827 0
40826 0
40825 0
40824 0
40823 0
40822 0
40821 0
40820 0
40819 0
40818 0
40817 0
40816 0
40815 0
40814 0
40813 0
40812 0
40811 0
40810 0
40809 0
40808 0
40807 0
40806 0
40805 0
40804 0
40803 0
40802 0
40801 0
40800 0
40799 0
40798 0
40796 0
40795 0
40794 0
40793 0
40792 0
40791 0
40790 0
40789 0
40788 0
40787 0
40786 0
40785 0
40784 0
40783 0
40782 0
40781 0
40780 0
40779 0
40778 0
40777 0
40776 0
40775 0
40774 0
40773 0
40772 0
40771 0
40770 0
40769 0
40768 0
40767 0
40766 0
40765 0
40764 0
40763 0
40762 0
40761 0
40760 0
40759 0
40758 0
40757 0
40756 0
40755 0
40754 0
40753 0
40752 0
40751 0
40750 0
40749 0
40748 0
40747 0
40746 0
40745 0
40744 0
40743 0
40742 0
40741 0
40740 0
40739 0
40738 0
40737 0
40736 0
40735 0
40734 0
40733 0
40732 0
40731 0
40730 0
40729 0
40728 0
40727 0
40726 0
40725 0
40724 0
40723 0
40722 0
40721 0
40720 0
40719 0
40718 0
40717 0
40716 0
40715 0
40714 0
40713 0
40712 0
40711 0
40710 0
40709 0
40708 0
40707 0
40706 0
40705 0
40704 0
40703 0
40702 0
40701 0
40700 0
40699 0
40698 0
40697 0
40696 0
40695 0
40694 0
40693 0
40692 0
40691 0
40690 0
40689 0
40688 0
40687 0
40686 0
40685 0
40684 0
40683 0
40682 0
40681 0
40680 0
40679 0
40678 0
40677 0
40676 0
40675 0
40674 0
40673 0
40672 0
40671 0
40670 0
40669 0
40668 0
40667 0
40666 0
40665 0
40664 0
40663 0
40662 0
40661 0
40660 0
40659 0
40658 0
40657 0
40656 0
40655 0
40654 0
40653 0
40652 0
40651 0
40650 0
40649 0
40648 0
40647 0
40646 0
40645 0
40644 0
40643 0
40642 0
40641 0
40640 0
40639 0
40638 0
40637 0
40636 0
40635 0
40634 0
40633 0
40632 0
40631 0
40630 0
40629 0
40628 0
40627 0
40626 0
40625 0
40624 0
40623 0
40622 0
40621 0
40620 0
40619 0
40618 0
40617 0
40616 0
40615 0
