18328 12.5999
39371 6.80254
10257 6.75352
26370 3.70512
865 3.03598
23843 2.31944
1180 1.8107
11118 1.23104
39872 1.09799
32885 1.05965
24340 0.944031
19742 0.789318
6440 0.765676
29777 0.635732
13879 0.60239
8672 0.583333
15778 0.581144
31301 0.539477
34152 0.510906
34768 0.503788
21341 0.46053
38936 0.459111
4998 0.458333
35834 0.343876
27934 0.343876
27357 0.343876
18304 0.343876
7983 0.343876
947 0.333333
34762 0.31774
5234 0.31774
26616 0.291266
22337 0.267832
33232 0.25
31283 0.25
23968 0.25
19032 0.25
13306 0.25
5214 0.25
3936 0.25
3096 0.25
38196 0.247475
39696 0.229371
33356 0.229371
7470 0.229371
8903 0.213287
32933 0.2
40136 0.166667
37417 0.166667
28010 0.166667
27491 0.166667
23791 0.166667
22049 0.166667
11182 0.166667
9442 0.166667
7054 0.166667
5833 0.166667
3520 0.166667
3506 0.166667
25079 0.131376
38535 0.125
35161 0.125
25016 0.125
37146 0.111111
39110 0.109947
37615 0.109947
36169 0.1
35581 0.1
7058 0.1
5914 0.1
19273 0.0909091
14741 0.0909091
13181 0.0909091
9729 0.0909091
5068 0.0909091
40880 0.0833333
38227 0.0833333
34626 0.0833333
30467 0.0833333
20477 0.0833333
14265 0.0833333
12686 0.0833333
6231 0.0833333
38982 0.0769231
38977 0.0769231
1508 0.0769231
36795 0.0714286
36293 0.0714286
34637 0.0714286
34145 0.0714286
31329 0.0714286
31152 0.0714286
30792 0.0714286
30457 0.0714286
29013 0.0714286
27595 0.0714286
16081 0.0714286
15991 0.0714286
31893 0.0625
36778 0.05
36633 0.05
35431 0.05
33153 0.05
25403 0.05
23903 0.05
16455 0.05
11091 0.05
7797 0.05
4355 0.05
34825 0.0454545
31964 0.0454545
6131 0.0454545
37431 0.0384615
34962 0.0384615
31918 0.0384615
29738 0.0384615
28539 0.0384615
22695 0.0384615
22169 0.0384615
17951 0.0384615
17009 0.0384615
16281 0.0384615
11098 0.0384615
10509 0.0384615
884 0.0384615
39742 0.0263158
39675 0.0263158
37923 0.0263158
37855 0.0263158
36430 0.0263158
36289 0.0263158
36029 0.0263158
34700 0.0263158
28530 0.0263158
27479 0.0263158
26450 0.0263158
26011 0.0263158
23534 0.0263158
18286 0.0263158
14722 0.0263158
14608 0.0263158
14107 0.0263158
13656 0.0263158
13643 0.0263158
12670 0.0263158
12001 0.0263158
11044 0.0263158
10523 0.0263158
10125 0.0263158
8638 0.0263158
7496 0.0263158
6798 0.0263158
6446 0.0263158
346 0.0263158
39655 0.0144928
39159 0.0144928
38961 0.0144928
38652 0.0144928
38472 0.0144928
37315 0.0144928
36424 0.0144928
35329 0.0144928
35246 0.0144928
33925 0.0144928
33338 0.0144928
32798 0.0144928
30651 0.0144928
30498 0.0144928
29980 0.0144928
29873 0.0144928
27665 0.0144928
27507 0.0144928
24508 0.0144928
24169 0.0144928
23666 0.0144928
21715 0.0144928
20482 0.0144928
19984 0.0144928
19275 0.0144928
18745 0.0144928
15309 0.0144928
15026 0.0144928
14417 0.0144928
12737 0.0144928
12676 0.0144928
11272 0.0144928
8586 0.0144928
8453 0.0144928
7590 0.0144928
5713 0.0144928
3862 0.0144928
3014 0.0144928
704 0.0144928
495 0.0144928
172 0.0144928
146 0.0144928
40980 0
40979 0
40978 0
40977 0
40976 0
40975 0
40974 0
40973 0
40972 0
40971 0
40970 0
40969 0
40968 0
40967 0
40966 0
40965 0
40964 0
40963 0
40962 0
40961 0
40960 0
40959 0
40958 0
40957 0
40956 0
40955 0
40954 0
40953 0
40952 0
40951 0
40950 0
40949 0
40948 0
40947 0
40946 0
40945 0
40944 0
40943 0
40942 0
40941 0
40940 0
40939 0
40938 0
40937 0
40936 0
40935 0
40934 0
40933 0
40932 0
40931 0
40930 0
40929 0
40928 0
40927 0
40926 0
40925 0
40924 0
40923 0
40922 0
40921 0
40920 0
40919 0
40918 0
40917 0
40916 0
40915 0
40914 0
40913 0
40912 0
40911 0
40910 0
40909 0
40908 0
40907 0
40906 0
40905 0
40904 0
40903 0
40902 0
40901 0
40900 0
40899 0
40898 0
40897 0
40896 0
40895 0
40894 0
40893 0
40892 0
40891 0
40890 0
40889 0
40888 0
40887 0
40886 0
40885 0
40884 0
40883 0
40882 0
40881 0
40879 0
40878 0
40877 0
40876 0
40875 0
40874 0
40873 0
40872 0
40871 0
40870 0
40869 0
40868 0
40867 0
40866 0
40865 0
40864 0
40863 0
40862 0
40861 0
40860 0
40859 0
40858 0
40857 0
40856 0
40855 0
40854 0
40853 0
40852 0
40851 0
40850 0
40849 0
40848 0
40847 0
40846 0
40845 0
40844 0
40843 0
40842 0
40841 0
40840 0
40839 0
40838 0
40837 0
40836 0
40835 0
40834 0
40833 0
40832 0
40831 0
40830 0
40829 0
40828 0
40827 0
40826 0
40825 0
40824 0
40823 0
40822 0
40821 0
40820 0
40819 0
40818 0
40817 0
40816 0
40815 0
40814 0
40813 0
40812 0
40811 0
40810 0
40809 0
40808 0
40807 0
40806 0
40805 0
40804 0
40803 0
40802 0
40801 0
40800 0
40799 0
40798 0
40797 0
40796 0
40795 0
40794 0
40793 0
40792 0
40791 0
40790 0
40789 0
40788 0
40787 0
40786 0
40785 0
40784 0
40783 0
40782 0
40781 0
40780 0
40779 0
40778 0
40777 0
40776 0
40775 0
40774 0
40773 0
40772 0
40771 0
40770 0
40769 0
40768 0
40767 0
40766 0
40765 0
40764 0
40763 0
40762 0
40761 0
40760 0
40759 0
40758 0
40757 0
40756 0
40755 0
40754 0
40753 0
40752 0
40751 0
40750 0
40749 0
40748 0
40747 0
40746 0
40745 0
40744 0
40743 0
40742 0
40741 0
40740 0
40739 0
40738 0
40737 0
40736 0
40735 0
40734 0
40733 0
40732 0
40731 0
40730 0
40729 0
40728 0
40727 0
40726 0
40725 0
40724 0
40723 0
40722 0
40721 0
40720 0
40719 0
40718 0
40717 0
40716 0
40715 0
40714 0
40713 0
40712 0
40711 0
40710 0
40709 0
40708 0
40707 0
40706 0
40705 0
40704 0
40703 0
40702 0
40701 0
40700 0
40699 0
40698 0
40697 0
40696 0
40695 0
40694 0
40693 0
40692 0
40691 0
40690 0
40689 0
40688 0
40687 0
40686 0
40685 0
40684 0
40683 0
40682 0
40681 0
40680 0
40679 0
40678 0
40677 0
40676 0
