32615 15.1384
29934 12.9803
33629 5.66197
32141 3.82019
34103 3.4812
4063 3.16482
14042 2.42646
40265 2.37574
6277 2.16557
30470 2.01574
32577 1.93865
38087 1.77063
23767 1.63532
8672 1.5623
12388 1.55695
6631 1.5123
3809 1.48478
11760 1.47002
26723 1.41452
18900 1.41271
35826 1.3739
3127 1.275
32674 1.25581
8222 1.16881
36822 1.08452
40821 1.02671
33698 1.01168
15325 1.00954
30098 1.00472
6853 0.942324
26800 0.923741
24200 0.895671
10365 0.846125
4549 0.810263
27802 0.806046
36260 0.770833
20253 0.733333
38642 0.701042
26774 0.679762
36245 0.67619
27546 0.670049
25609 0.668465
31301 0.662426
12831 0.656227
22439 0.648766
27906 0.64478
23379 0.63359
25749 0.619144
15023 0.617393
11100 0.600013
39437 0.594538
36452 0.593114
15857 0.591693
27414 0.572756
40283 0.563828
19291 0.561703
12465 0.561111
4767 0.559524
3218 0.557272
24708 0.542568
27381 0.53279
26308 0.518239
35026 0.517857
22655 0.509524
27343 0.503968
17807 0.5
32885 0.494231
20483 0.48799
18187 0.481685
25548 0.480965
8964 0.47207
37408 0.455357
10272 0.451681
40211 0.442857
23762 0.436335
16412 0.436111
5396 0.433766
21778 0.408532
40433 0.4
9975 0.396111
10629 0.394032
13303 0.386824
4440 0.380952
31596 0.380556
21872 0.377632
34205 0.37619
17139 0.376033
4500 0.362022
6974 0.359524
24178 0.357576
4104 0.348352
12719 0.34478
1028 0.344444
6596 0.338095
40693 0.333333
15864 0.326923
18763 0.323716
31392 0.321429
22824 0.321429
22470 0.316468
20405 0.313173
32814 0.308824
9442 0.308824
28703 0.272412
32157 0.270839
27747 0.268687
30721 0.261111
22932 0.254762
34928 0.250641
14493 0.250641
21996 0.250534
23227 0.25
16956 0.25
6030 0.25
22710 0.246825
657 0.245
28456 0.239683
16849 0.239683
40397 0.236335
23341 0.225
37363 0.221923
38266 0.22
38328 0.209483
34668 0.2
28944 0.2
8034 0.2
1869 0.2
36058 0.19705
17584 0.194242
1906 0.194242
4865 0.19329
10523 0.185897
37463 0.181981
9099 0.181548
27783 0.171474
3385 0.167798
36431 0.166667
34675 0.166667
28889 0.166667
28425 0.166667
24168 0.166667
21736 0.166667
21359 0.166667
20364 0.166667
17331 0.166667
14022 0.166667
11694 0.166667
10518 0.166667
8397 0.166667
3519 0.166667
3001 0.166667
1892 0.166667
52 0.166667
30490 0.163736
14849 0.160909
37711 0.152302
5691 0.152302
27008 0.142857
24066 0.142857
16967 0.142857
9577 0.142857
2702 0.142857
178 0.142857
36161 0.136905
2212 0.134538
557 0.130145
36439 0.125554
39757 0.125
34184 0.125
33022 0.125
20140 0.125
16882 0.125
4381 0.125
83 0.125
21707 0.114298
17962 0.114298
9263 0.114298
40654 0.111111
38688 0.111111
27716 0.111111
27514 0.111111
3714 0.111111
3294 0.111111
11279 0.110124
34745 0.1
27401 0.1
22573 0.1
17634 0.1
16550 0.1
13588 0.1
8532 0.1
39557 0.0909091
38006 0.0909091
29173 0.0909091
26740 0.0909091
13963 0.0909091
6842 0.0909091
38791 0.0885714
28507 0.0885714
14214 0.0885714
27866 0.0833333
27585 0.0833333
25189 0.0833333
20807 0.0833333
6591 0.0833333
3936 0.0833333
2039 0.0833333
36592 0.0813553
30156 0.0813553
1674 0.0813553
38210 0.0769231
34162 0.0769231
21775 0.0769231
16930 0.0769231
10025 0.0769231
2518 0.0769231
1079 0.0769231
563 0.0769231
37587 0.0714286
37427 0.0714286
36675 0.0714286
27529 0.0714286
21413 0.0714286
20421 0.0714286
15396 0.0714286
37657 0.0666667
14738 0.0666667
30657 0.0625
18328 0.0625
11291 0.0625
5987 0.0625
30766 0.0588235
7708 0.0588235
7343 0.0588235
28671 0.0555556
5916 0.0555556
15452 0.0526316
25928 0.05
23395 0.05
17736 0.05
3315 0.05
37048 0.0434783
31509 0.0434783
30169 0.0434783
28485 0.0434783
21911 0.0434783
20273 0.0434783
15161 0.0434783
10953 0.0434783
10923 0.0434783
10876 0.0434783
9665 0.0434783
8580 0.0434783
8189 0.0434783
3740 0.0434783
3158 0.0434783
2647 0.0434783
2249 0.0434783
1221 0.0434783
16144 0.0416667
1902 0.04
16616 0.0357143
35667 0.0344828
23106 0.0344828
20460 0.0344828
20414 0.0344828
17969 0.0344828
1275 0.0344828
37485 0.0285714
30221 0.0285714
27229 0.0285714
23226 0.0285714
14627 0.0285714
30280 0.025641
21184 0.025641
13397 0.025641
11305 0.025641
8698 0.025641
8103 0.025641
3613 0.025641
34308 0.02
28271 0.02
27149 0.02
26117 0.02
40980 0
40979 0
40978 0
40977 0
40976 0
40975 0
40974 0
40973 0
40972 0
40971 0
40970 0
40969 0
40968 0
40967 0
40966 0
40965 0
40964 0
40963 0
40962 0
40961 0
40960 0
40959 0
40958 0
40957 0
40956 0
40955 0
40954 0
40953 0
40952 0
40951 0
40950 0
40949 0
40948 0
40947 0
40946 0
40945 0
40944 0
40943 0
40942 0
40941 0
40940 0
40939 0
40938 0
40937 0
40936 0
40935 0
40934 0
40933 0
40932 0
40931 0
40930 0
40929 0
40928 0
40927 0
40926 0
40925 0
40924 0
40923 0
40922 0
40921 0
40920 0
40919 0
40918 0
40917 0
40916 0
40915 0
40914 0
40913 0
40912 0
40911 0
40910 0
40909 0
40908 0
40907 0
40906 0
40905 0
40904 0
40903 0
40902 0
40901 0
40900 0
40899 0
40898 0
40897 0
40896 0
40895 0
40894 0
40893 0
40892 0
40891 0
40890 0
40889 0
40888 0
40887 0
40886 0
40885 0
40884 0
40883 0
40882 0
40881 0
40880 0
40879 0
40878 0
40877 0
40876 0
40875 0
40874 0
40873 0
40872 0
40871 0
40870 0
40869 0
40868 0
40867 0
40866 0
40865 0
40864 0
40863 0
40862 0
40861 0
40860 0
40859 0
40858 0
40857 0
40856 0
40855 0
40854 0
40853 0
40852 0
40851 0
40850 0
40849 0
40848 0
40847 0
40846 0
40845 0
40844 0
40843 0
40842 0
40841 0
40840 0
40839 0
40838 0
40837 0
40836 0
40835 0
40834 0
40833 0
40832 0
40831 0
40830 0
40829 0
40828 0
40827 0
40826 0
40825 0
40824 0
40823 0
40822 0
40820 0
40819 0
40818 0
40817 0
40816 0
40815 0
40814 0
40813 0
40812 0
40811 0
40810 0
40809 0
40808 0
40807 0
40806 0
40805 0
40804 0
40803 0
40802 0
40801 0
40800 0
40799 0
40798 0
40797 0
40796 0
40795 0
40794 0
40793 0
40792 0
40791 0
40790 0
40789 0
40788 0
40787 0
40786 0
40785 0
40784 0
40783 0
40782 0
40781 0
40780 0
40779 0
40778 0
40777 0
40776 0
40775 0
40774 0
40773 0
40772 0
40771 0
40770 0
40769 0
40768 0
40767 0
40766 0
40765 0
40764 0
