21911 42.5287
15400 23.2203
24825 16.6846
3378 8.67635
29143 7.56494
23696 7.35952
15179 6.96725
19032 6.47421
31301 5.73773
37426 5.5171
10923 5.18975
40883 4.66465
3746 4.33333
9466 3.61616
9561 3.45587
24414 3.02219
11833 3.01884
35462 2.87291
36963 2.83306
743 2.41388
37935 2.39987
9665 2.36475
29174 2.15059
28718 2.04286
38970 1.86452
31894 1.65119
25337 1.59486
37924 1.56145
572 1.43333
16761 1.40238
1642 1.38584
2840 1.37467
15599 1.25397
5477 1.22619
35471 1.11111
2647 1.10372
34433 1.07863
23843 1
29440 0.968687
32229 0.960082
20167 0.916667
543 0.916667
34167 0.89835
1975 0.84576
5214 0.833333
1017 0.810471
24017 0.809524
8149 0.809524
5922 0.809524
39102 0.781871
8861 0.677506
27799 0.674242
24645 0.672228
7250 0.666667
8465 0.658756
6255 0.651583
5741 0.65
28778 0.642857
13926 0.616667
3918 0.616667
17715 0.591395
32885 0.575
28883 0.575
13043 0.575
28280 0.573995
8027 0.566667
10581 0.566162
7083 0.560621
2263 0.559524
5440 0.544444
27945 0.535714
23607 0.533333
28132 0.526923
11423 0.526923
16089 0.525
20273 0.516667
14265 0.514652
18798 0.500069
14416 0.49359
22594 0.477778
31283 0.46978
2592 0.465909
32556 0.461111
3936 0.45202
18201 0.412121
22879 0.391667
6183 0.388889
939 0.378472
35034 0.363462
1345 0.3625
37598 0.361111
20106 0.359649
17935 0.347222
13251 0.347222
40970 0.337302
35369 0.333333
38535 0.333333
38166 0.333333
34768 0.333333
30514 0.333333
29786 0.333333
21938 0.333333
13506 0.333333
9580 0.333333
1771 0.333333
243 0.333333
10947 0.313492
19566 0.304094
12800 0.304094
6983 0.304094
3472 0.282051
10686 0.275433
34626 0.271368
38621 0.25
37882 0.25
34663 0.25
34612 0.25
34459 0.25
28202 0.25
26781 0.25
23724 0.25
12716 0.25
10980 0.25
10523 0.25
8251 0.25
7125 0.25
5771 0.25
1819 0.25
1471 0.25
1769 0.243819
33185 0.240079
27963 0.240079
30890 0.236364
34311 0.21875
23609 0.209028
6679 0.208173
38379 0.205556
35339 0.205556
24812 0.202778
40025 0.2
35253 0.2
33675 0.2
29637 0.2
21375 0.2
19730 0.2
18995 0.2
17517 0.2
15316 0.2
15227 0.2
13912 0.2
12263 0.2
11288 0.2
8672 0.2
8435 0.2
7776 0.2
7242 0.2
5508 0.2
36057 0.190278
17202 0.182566
14166 0.182566
10361 0.182566
37372 0.181871
36473 0.181871
35691 0.181871
33362 0.181871
32661 0.181871
31887 0.181871
37339 0.17735
16749 0.17735
40926 0.166667
40607 0.166667
35417 0.166667
32402 0.166667
24699 0.166667
22507 0.166667
12721 0.166667
11613 0.166667
10073 0.166667
39898 0.142857
38459 0.142857
37010 0.142857
36794 0.142857
32888 0.142857
32879 0.142857
32589 0.142857
31354 0.142857
25998 0.142857
25780 0.142857
19233 0.142857
18946 0.142857
17407 0.142857
14631 0.142857
13624 0.142857
7395 0.142857
2604 0.142857
2560 0.142857
2094 0.142857
38121 0.125
28433 0.125
27452 0.125
16968 0.125
11268 0.125
9442 0.125
2190 0.125
878 0.125
35309 0.111111
30967 0.111111
29102 0.111111
27142 0.111111
26604 0.111111
21194 0.111111
20934 0.111111
19514 0.111111
13951 0.111111
9667 0.111111
9163 0.111111
6932 0.111111
2962 0.111111
2608 0.111111
37556 0.1
37521 0.1
37284 0.1
32558 0.1
32303 0.1
30975 0.1
30670 0.1
28105 0.1
27640 0.1
22684 0.1
16918 0.1
613 0.1
39962 0.0909091
37094 0.0909091
30793 0.0909091
28424 0.0909091
25666 0.0909091
23429 0.0909091
2885 0.0909091
900 0.0909091
29913 0.0833333
29162 0.0833333
18328 0.0833333
17368 0.0833333
14886 0.0833333
39555 0.0769231
29841 0.0769231
29058 0.0769231
27339 0.0769231
19487 0.0769231
8369 0.0769231
34605 0.0666667
33991 0.0666667
28444 0.0666667
27514 0.0666667
26892 0.0666667
26226 0.0666667
24106 0.0666667
23014 0.0666667
22729 0.0666667
22228 0.0666667
22036 0.0666667
21081 0.0666667
20035 0.0666667
17725 0.0666667
13837 0.0666667
9862 0.0666667
9726 0.0666667
1026 0.0666667
2320 0.0625
1394 0.0625
11782 0.0555556
38315 0.05
32901 0.05
31652 0.05
21274 0.05
17687 0.05
15417 0.05
7794 0.05
2898 0.05
34553 0.0454545
28293 0.0454545
2703 0.0454545
35607 0.0416667
17399 0.0416667
13028 0.0416667
9773 0.0416667
7708 0.0416667
5198 0.0416667
5151 0.0416667
4290 0.0416667
35565 0.0384615
28557 0.0384615
26217 0.0384615
13851 0.0384615
11040 0.0384615
4810 0.0384615
39242 0.03125
39015 0.03125
31509 0.03125
27025 0.03125
25287 0.03125
20727 0.03125
14975 0.03125
12758 0.03125
12308 0.03125
39180 0.0277778
35872 0.0277778
33896 0.0277778
33507 0.0277778
28079 0.0277778
26183 0.0277778
20116 0.0277778
19891 0.0277778
17264 0.0277778
17001 0.0277778
14725 0.0277778
7595 0.0277778
4257 0.0277778
2217 0.0277778
38873 0.0263158
37682 0.0263158
37184 0.0263158
36474 0.0263158
36332 0.0263158
35925 0.0263158
35287 0.0263158
34916 0.0263158
32494 0.0263158
30180 0.0263158
30054 0.0263158
27807 0.0263158
26097 0.0263158
26087 0.0263158
25865 0.0263158
25587 0.0263158
25552 0.0263158
25525 0.0263158
25472 0.0263158
21810 0.0263158
21141 0.0263158
20706 0.0263158
20204 0.0263158
19141 0.0263158
18650 0.0263158
17770 0.0263158
17525 0.0263158
17175 0.0263158
16043 0.0263158
15922 0.0263158
15236 0.0263158
13543 0.0263158
13157 0.0263158
12544 0.0263158
12054 0.0263158
11054 0.0263158
10751 0.0263158
10444 0.0263158
10006 0.0263158
9540 0.0263158
9386 0.0263158
8261 0.0263158
5954 0.0263158
4922 0.0263158
4417 0.0263158
2483 0.0263158
40980 0
40979 0
40978 0
40977 0
40976 0
40975 0
40974 0
40973 0
40972 0
40971 0
40969 0
40968 0
40967 0
40966 0
40965 0
40964 0
40963 0
40962 0
40961 0
40960 0
40959 0
40958 0
40957 0
40956 0
40955 0
40954 0
40953 0
40952 0
40951 0
40950 0
40949 0
40948 0
40947 0
40946 0
40945 0
40944 0
40943 0
40942 0
40941 0
40940 0
40939 0
40938 0
40937 0
40936 0
40935 0
40934 0
40933 0
40932 0
40931 0
40930 0
40929 0
40928 0
40927 0
40925 0
40924 0
40923 0
40922 0
40921 0
40920 0
40919 0
40918 0
40917 0
40916 0
40915 0
40914 0
40913 0
40912 0
40911 0
40910 0
40909 0
40908 0
40907 0
40906 0
40905 0
40904 0
40903 0
40902 0
40901 0
40900 0
40899 0
40898 0
40897 0
40896 0
40895 0
40894 0
40893 0
40892 0
40891 0
40890 0
40889 0
40888 0
40887 0
40886 0
40885 0
40884 0
40882 0
40881 0
40880 0
40879 0
40878 0
40877 0
40876 0
40875 0
40874 0
40873 0
40872 0
40871 0
40870 0
40869 0
40868 0
40867 0
40866 0
40865 0
40864 0
40863 0
40862 0
40861 0
40860 0
40859 0
40858 0
40857 0
40856 0
40855 0
40854 0
40853 0
40852 0
40851 0
40850 0
40849 0
40848 0
40847 0
40846 0
40845 0
40844 0
40843 0
