8672 12.3357
31301 7.57582
37754 2.80952
9371 2.47619
13096 2.27619
16652 2.24167
15769 1.96071
2158 1.83333
36035 1.73175
1975 1.49167
11142 1.42619
31380 1.4
27799 1.26987
15603 1.20192
27475 1.2
9104 0.916667
16397 0.916667
22993 0.833333
8767 0.783333
38002 0.75
30141 0.660256
2626 0.658333
31211 0.65
94 0.65
2943 0.600877
36542 0.6
363 0.588889
33007 0.569444
2869 0.567952
27410 0.559524
35136 0.542857
17634 0.533417
37711 0.509524
36638 0.503968
10923 0.500419
22228 0.477778
21518 0.47619
18328 0.475
11330 0.464286
16628 0.464286
4386 0.461111
3349 0.391667
9561 0.384211
6176 0.380952
25268 0.378968
31147 0.344444
34624 0.333333
34406 0.333333
32543 0.333333
29737 0.333333
26272 0.333333
23253 0.333333
19839 0.333333
19266 0.333333
17024 0.333333
13334 0.333333
12620 0.333333
9442 0.318056
19589 0.309524
32857 0.257479
40417 0.25
29154 0.25
28753 0.25
28132 0.25
27591 0.25
26972 0.25
26245 0.25
25573 0.25
23826 0.25
20926 0.25
15599 0.25
4000 0.25
3939 0.25
3355 0.25
1559 0.25
24678 0.233453
1610 0.233453
3936 0.228655
21859 0.219467
40423 0.2
38505 0.2
35255 0.2
33975 0.2
31536 0.2
28735 0.2
28646 0.2
26529 0.2
26449 0.2
24300 0.2
21756 0.2
21104 0.2
20068 0.2
18449 0.2
15886 0.2
13067 0.2
11856 0.2
9655 0.2
8027 0.2
7543 0.2
6911 0.2
6530 0.2
3819 0.2
3283 0.2
35734 0.185376
30793 0.185376
18248 0.185376
2885 0.185376
2484 0.185376
32885 0.184211
39454 0.166667
38786 0.166667
32815 0.166667
31483 0.166667
30746 0.166667
23432 0.166667
20343 0.166667
16640 0.166667
13048 0.166667
12176 0.166667
11816 0.166667
10661 0.166667
10020 0.166667
9563 0.166667
9354 0.166667
7437 0.166667
5691 0.166667
4674 0.166667
2246 0.166667
28444 0.155639
4405 0.155639
37319 0.142857
37048 0.142857
31959 0.142857
29792 0.142857
28401 0.142857
21199 0.142857
19579 0.142857
19483 0.142857
16791 0.142857
11133 0.142857
7542 0.142857
36966 0.125
34167 0.125
31861 0.125
26750 0.125
23696 0.125
17715 0.125
14232 0.125
10074 0.125
9197 0.125
6762 0.125
3192 0.125
2920 0.125
37661 0.111111
37087 0.111111
34424 0.111111
33977 0.111111
31283 0.111111
26428 0.111111
15578 0.111111
12812 0.111111
11047 0.111111
6504 0.111111
5362 0.111111
39985 0.1
34737 0.1
29401 0.1
28752 0.1
26302 0.1
23843 0.1
17355 0.1
13309 0.1
11677 0.1
10623 0.1
6612 0.1
5586 0.1
4878 0.1
2464 0.1
28094 0.0909091
21000 0.0909091
15225 0.0909091
8105 0.0909091
830 0.0909091
39661 0.0769231
29707 0.0769231
24825 0.0769231
19926 0.0769231
13916 0.0769231
12824 0.0769231
39662 0.0714286
37897 0.0714286
36558 0.0714286
36068 0.0714286
34729 0.0714286
30972 0.0714286
30493 0.0714286
25846 0.0714286
24812 0.0714286
22560 0.0714286
13817 0.0714286
4814 0.0714286
2241 0.0714286
479 0.0714286
26400 0.0666667
22890 0.0666667
17392 0.0666667
15237 0.0666667
8525 0.0666667
5693 0.0666667
37599 0.0625
32933 0.0625
32814 0.0625
28203 0.0625
18788 0.0625
17083 0.0625
13643 0.0625
12580 0.0625
10630 0.0625
10523 0.0625
8466 0.0625
7054 0.0625
6347 0.0625
38711 0.0555556
35971 0.0555556
26558 0.0555556
18011 0.0555556
1897 0.0555556
808 0.0555556
590 0.0555556
39791 0.0175439
39434 0.0175439
34673 0.0175439
34433 0.0175439
34311 0.0175439
34043 0.0175439
32620 0.0175439
31816 0.0175439
29589 0.0175439
28038 0.0175439
24239 0.0175439
23014 0.0175439
22711 0.0175439
22184 0.0175439
20489 0.0175439
20273 0.0175439
17999 0.0175439
17687 0.0175439
17312 0.0175439
15416 0.0175439
14603 0.0175439
14544 0.0175439
14138 0.0175439
12922 0.0175439
9665 0.0175439
9010 0.0175439
8508 0.0175439
6654 0.0175439
3245 0.0175439
2121 0.0175439
1519 0.0175439
1313 0.0175439
1259 0.0175439
556 0.0175439
52 0.0175439
40980 0
40979 0
40978 0
40977 0
40976 0
40975 0
40974 0
40973 0
40972 0
40971 0
40970 0
40969 0
40968 0
40967 0
40966 0
40965 0
40964 0
40963 0
40962 0
40961 0
40960 0
40959 0
40958 0
40957 0
40956 0
40955 0
40954 0
40953 0
40952 0
40951 0
40950 0
40949 0
40948 0
40947 0
40946 0
40945 0
40944 0
40943 0
40942 0
40941 0
40940 0
40939 0
40938 0
40937 0
40936 0
40935 0
40934 0
40933 0
40932 0
40931 0
40930 0
40929 0
40928 0
40927 0
40926 0
40925 0
40924 0
40923 0
40922 0
40921 0
40920 0
40919 0
40918 0
40917 0
40916 0
40915 0
40914 0
40913 0
40912 0
40911 0
40910 0
40909 0
40908 0
40907 0
40906 0
40905 0
40904 0
40903 0
40902 0
40901 0
40900 0
40899 0
40898 0
40897 0
40896 0
40895 0
40894 0
40893 0
40892 0
40891 0
40890 0
40889 0
40888 0
40887 0
40886 0
40885 0
40884 0
40883 0
40882 0
40881 0
40880 0
40879 0
40878 0
40877 0
40876 0
40875 0
40874 0
40873 0
40872 0
40871 0
40870 0
40869 0
40868 0
40867 0
40866 0
40865 0
40864 0
40863 0
40862 0
40861 0
40860 0
40859 0
40858 0
40857 0
40856 0
40855 0
40854 0
40853 0
40852 0
40851 0
40850 0
40849 0
40848 0
40847 0
40846 0
40845 0
40844 0
40843 0
40842 0
40841 0
40840 0
40839 0
40838 0
40837 0
40836 0
40835 0
40834 0
40833 0
40832 0
40831 0
40830 0
40829 0
40828 0
40827 0
40826 0
40825 0
40824 0
40823 0
40822 0
40821 0
40820 0
40819 0
40818 0
40817 0
40816 0
40815 0
40814 0
40813 0
40812 0
40811 0
40810 0
40809 0
40808 0
40807 0
40806 0
40805 0
40804 0
40803 0
40802 0
40801 0
40800 0
40799 0
40798 0
40797 0
40796 0
40795 0
40794 0
40793 0
40792 0
40791 0
40790 0
40789 0
40788 0
40787 0
40786 0
40785 0
40784 0
40783 0
40782 0
40781 0
40780 0
40779 0
40778 0
40777 0
40776 0
40775 0
40774 0
40773 0
40772 0
40771 0
40770 0
40769 0
40768 0
40767 0
40766 0
40765 0
40764 0
40763 0
40762 0
40761 0
40760 0
40759 0
40758 0
40757 0
40756 0
40755 0
40754 0
40753 0
40752 0
40751 0
40750 0
40749 0
40748 0
40747 0
40746 0
40745 0
