7570 31.4587
39976 7.82024
8150 5.71905
28776 4.14488
34488 3.26508
15488 3.05952
7234 2.15952
14251 2.03611
3114 1.83333
9376 1.74329
21220 1.65238
5798 1.26944
23837 1.26667
28059 1.19286
3836 1.18333
14163 0.958766
21726 0.887302
20092 0.809524
38449 0.75
11027 0.75
31215 0.727453
31465 0.7
29178 0.689322
3396 0.67619
3263 0.611111
32270 0.566667
7317 0.533333
34630 0.509524
1158 0.507576
22067 0.5
15084 0.483333
6325 0.47619
26942 0.475
3962 0.45
144 0.442857
31637 0.434524
8862 0.434524
18851 0.416667
38988 0.4
14656 0.4
17524 0.383333
16485 0.383333
26441 0.35119
17987 0.344877
30761 0.333333
22722 0.333333
21036 0.333333
16023 0.333333
15064 0.333333
13318 0.333333
6032 0.333333
5643 0.333333
438 0.306818
47 0.306818
39062 0.25
38978 0.25
38017 0.25
37905 0.25
35950 0.25
27287 0.25
23358 0.25
22556 0.25
17495 0.25
8951 0.25
8349 0.25
1779 0.25
37538 0.2
37377 0.2
35197 0.2
22448 0.2
20218 0.2
11219 0.2
8114 0.2
8108 0.2
7303 0.2
2300 0.2
1609 0.2
352 0.2
38454 0.166667
35699 0.166667
35545 0.166667
34861 0.166667
34065 0.166667
33082 0.166667
32585 0.166667
31967 0.166667
30532 0.166667
22197 0.166667
21015 0.166667
19281 0.166667
15638 0.166667
13426 0.166667
6940 0.166667
3964 0.166667
3306 0.166667
3094 0.166667
775 0.166667
35878 0.142857
34505 0.142857
30138 0.142857
20226 0.142857
13885 0.142857
10029 0.142857
6836 0.142857
4224 0.142857
32989 0.125
23664 0.125
9464 0.125
39763 0.111111
33098 0.111111
29438 0.111111
24630 0.111111
18280 0.111111
17197 0.111111
15906 0.111111
15684 0.111111
13594 0.111111
12736 0.111111
12691 0.111111
8873 0.111111
4879 0.111111
5731 0.1
37266 0.0909091
21677 0.0909091
16813 0.0909091
14105 0.0909091
11452 0.0909091
9953 0.0909091
27359 0.0833333
9426 0.0833333
7184 0.0833333
6972 0.0833333
33975 0.0666667
27404 0.0666667
24259 0.0666667
20617 0.0666667
8421 0.0666667
4555 0.0666667
40980 0
40979 0
40978 0
40977 0
40976 0
40975 0
40974 0
40973 0
40972 0
40971 0
40970 0
40969 0
40968 0
40967 0
40966 0
40965 0
40964 0
40963 0
40962 0
40961 0
40960 0
40959 0
40958 0
40957 0
40956 0
40955 0
40954 0
40953 0
40952 0
40951 0
40950 0
40949 0
40948 0
40947 0
40946 0
40945 0
40944 0
40943 0
40942 0
40941 0
40940 0
40939 0
40938 0
40937 0
40936 0
40935 0
40934 0
40933 0
40932 0
40931 0
40930 0
40929 0
40928 0
40927 0
40926 0
40925 0
40924 0
40923 0
40922 0
40921 0
40920 0
40919 0
40918 0
40917 0
40916 0
40915 0
40914 0
40913 0
40912 0
40911 0
40910 0
40909 0
40908 0
40907 0
40906 0
40905 0
40904 0
40903 0
40902 0
40901 0
40900 0
40899 0
40898 0
40897 0
40896 0
40895 0
40894 0
40893 0
40892 0
40891 0
40890 0
40889 0
40888 0
40887 0
40886 0
40885 0
40884 0
40883 0
40882 0
40881 0
40880 0
40879 0
40878 0
40877 0
40876 0
40875 0
40874 0
40873 0
40872 0
40871 0
40870 0
40869 0
40868 0
40867 0
40866 0
40865 0
40864 0
40863 0
40862 0
40861 0
40860 0
40859 0
40858 0
40857 0
40856 0
40855 0
40854 0
40853 0
40852 0
40851 0
40850 0
40849 0
40848 0
40847 0
40846 0
40845 0
40844 0
40843 0
40842 0
40841 0
40840 0
40839 0
40838 0
40837 0
40836 0
40835 0
40834 0
40833 0
40832 0
40831 0
40830 0
40829 0
40828 0
40827 0
40826 0
40825 0
40824 0
40823 0
40822 0
40821 0
40820 0
40819 0
40818 0
40817 0
40816 0
40815 0
40814 0
40813 0
40812 0
40811 0
40810 0
40809 0
40808 0
40807 0
40806 0
40805 0
40804 0
40803 0
40802 0
40801 0
40800 0
40799 0
40798 0
40797 0
40796 0
40795 0
40794 0
40793 0
40792 0
40791 0
40790 0
40789 0
40788 0
40787 0
40786 0
40785 0
40784 0
40783 0
40782 0
40781 0
40780 0
40779 0
40778 0
40777 0
40776 0
40775 0
40774 0
40773 0
40772 0
40771 0
40770 0
40769 0
40768 0
40767 0
40766 0
40765 0
40764 0
40763 0
40762 0
40761 0
40760 0
40759 0
40758 0
40757 0
40756 0
40755 0
40754 0
40753 0
40752 0
40751 0
40750 0
40749 0
40748 0
40747 0
40746 0
40745 0
40744 0
40743 0
40742 0
40741 0
40740 0
40739 0
40738 0
40737 0
40736 0
40735 0
40734 0
40733 0
40732 0
40731 0
40730 0
40729 0
40728 0
40727 0
40726 0
40725 0
40724 0
40723 0
40722 0
40721 0
40720 0
40719 0
40718 0
40717 0
40716 0
40715 0
40714 0
40713 0
40712 0
40711 0
40710 0
40709 0
40708 0
40707 0
40706 0
40705 0
40704 0
40703 0
40702 0
40701 0
40700 0
40699 0
40698 0
40697 0
40696 0
40695 0
40694 0
40693 0
40692 0
40691 0
40690 0
40689 0
40688 0
40687 0
40686 0
40685 0
40684 0
40683 0
40682 0
40681 0
40680 0
40679 0
40678 0
40677 0
40676 0
40675 0
40674 0
40673 0
40672 0
40671 0
40670 0
40669 0
40668 0
40667 0
40666 0
40665 0
40664 0
40663 0
40662 0
40661 0
40660 0
40659 0
40658 0
40657 0
40656 0
40655 0
40654 0
40653 0
40652 0
40651 0
40650 0
40649 0
40648 0
40647 0
40646 0
40645 0
40644 0
40643 0
40642 0
40641 0
40640 0
40639 0
40638 0
40637 0
40636 0
40635 0
40634 0
40633 0
40632 0
40631 0
40630 0
40629 0
40628 0
40627 0
40626 0
40625 0
40624 0
40623 0
40622 0
40621 0
40620 0
40619 0
