37935 1.91891
15400 0.983512
34167 0.88278
25337 0.841992
15411 0.710635
37339 0.61743
10581 0.476369
21911 0.429654
9665 0.429654
2647 0.429654
38970 0.398256
33991 0.387037
14975 0.387037
32732 0.371429
26064 0.333333
19683 0.333333
16918 0.333333
12343 0.333333
21194 0.315507
16749 0.276521
25965 0.258929
33053 0.25
32365 0.25
26979 0.25
23360 0.25
22263 0.25
19120 0.25
15599 0.25
13506 0.25
12613 0.25
10923 0.25
9667 0.25
7404 0.25
5576 0.25
2840 0.25
24414 0.23893
31509 0.205112
9561 0.205112
15179 0.200179
743 0.200179
34874 0.2
33995 0.2
19198 0.2
10081 0.2
9958 0.2
21075 0.194596
21324 0.185667
9455 0.185667
30416 0.183929
30242 0.183929
38316 0.169048
32885 0.166667
25584 0.166667
12466 0.166667
10523 0.166667
38696 0.162037
10947 0.157184
23696 0.1568
18798 0.135798
6255 0.135798
35462 0.125
23429 0.125
21066 0.125
17202 0.125
13691 0.125
22879 0.114516
20273 0.114516
8297 0.114516
1667 0.114516
24941 0.1
6183 0.1
37482 0.0995981
36057 0.0995981
29841 0.0995981
34311 0.0994463
2217 0.0994463
1394 0.0994463
9168 0.0909091
38315 0.0858169
28280 0.0858169
17264 0.0858169
7794 0.0858169
1017 0.0858169
40883 0.0769231
40004 0.0769231
38121 0.0769231
29174 0.0769231
20727 0.0769231
34776 0.0714286
23773 0.0714286
16923 0.0714286
16870 0.0714286
6509 0.0714286
2209 0.0714286
40642 0.0625
40337 0.0625
38353 0.0625
29637 0.0625
21081 0.0625
20116 0.0625
5358 0.0625
37999 0.05
34462 0.05
19914 0.05
4828 0.05
34711 0.047619
30848 0.047619
20234 0.047619
17011 0.047619
10325 0.047619
987 0.047619
38897 0.037037
32556 0.037037
30975 0.037037
28833 0.037037
23607 0.037037
19190 0.037037
15840 0.037037
14631 0.037037
10427 0.037037
38999 0.0322581
36724 0.0322581
35107 0.0322581
33185 0.0322581
31150 0.0322581
27963 0.0322581
26817 0.0322581
22500 0.0322581
19669 0.0322581
18747 0.0322581
17715 0.0322581
17440 0.0322581
15818 0.0322581
13058 0.0322581
10110 0.0322581
6730 0.0322581
3952 0.0322581
3308 0.0322581
1642 0.0322581
1313 0.0322581
35339 0.030303
34433 0.030303
32879 0.030303
27075 0.030303
24295 0.030303
23631 0.030303
15417 0.030303
14062 0.030303
2320 0.030303
36803 0.0285714
36656 0.0285714
34960 0.0285714
32642 0.0285714
27025 0.0285714
22458 0.0285714
21542 0.0285714
20023 0.0285714
17058 0.0285714
15740 0.0285714
12577 0.0285714
11040 0.0285714
8731 0.0285714
8155 0.0285714
2096 0.0285714
682 0.0285714
40725 0.0232558
38514 0.0232558
38379 0.0232558
36753 0.0232558
34553 0.0232558
33507 0.0232558
29143 0.0232558
26183 0.0232558
24812 0.0232558
21274 0.0232558
19210 0.0232558
18585 0.0232558
17687 0.0232558
16800 0.0232558
4257 0.0232558
2898 0.0232558
2284 0.0232558
1345 0.0232558
40980 0
40979 0
40978 0
40977 0
40976 0
40975 0
40974 0
40973 0
40972 0
40971 0
40970 0
40969 0
40968 0
40967 0
40966 0
40965 0
40964 0
40963 0
40962 0
40961 0
40960 0
40959 0
40958 0
40957 0
40956 0
40955 0
40954 0
40953 0
40952 0
40951 0
40950 0
40949 0
40948 0
40947 0
40946 0
40945 0
40944 0
40943 0
40942 0
40941 0
40940 0
40939 0
40938 0
40937 0
40936 0
40935 0
40934 0
40933 0
40932 0
40931 0
40930 0
40929 0
40928 0
40927 0
40926 0
40925 0
40924 0
40923 0
40922 0
40921 0
40920 0
40919 0
40918 0
40917 0
40916 0
40915 0
40914 0
40913 0
40912 0
40911 0
40910 0
40909 0
40908 0
40907 0
40906 0
40905 0
40904 0
40903 0
40902 0
40901 0
40900 0
40899 0
40898 0
40897 0
40896 0
40895 0
40894 0
40893 0
40892 0
40891 0
40890 0
40889 0
40888 0
40887 0
40886 0
40885 0
40884 0
40882 0
40881 0
40880 0
40879 0
40878 0
40877 0
40876 0
40875 0
40874 0
40873 0
40872 0
40871 0
40870 0
40869 0
40868 0
40867 0
40866 0
40865 0
40864 0
40863 0
40862 0
40861 0
40860 0
40859 0
40858 0
40857 0
40856 0
40855 0
40854 0
40853 0
40852 0
40851 0
40850 0
40849 0
40848 0
40847 0
40846 0
40845 0
40844 0
40843 0
40842 0
40841 0
40840 0
40839 0
40838 0
40837 0
40836 0
40835 0
40834 0
40833 0
40832 0
40831 0
40830 0
40829 0
40828 0
40827 0
40826 0
40825 0
40824 0
40823 0
40822 0
40821 0
40820 0
40819 0
40818 0
40817 0
40816 0
40815 0
40814 0
40813 0
40812 0
40811 0
40810 0
40809 0
40808 0
40807 0
40806 0
40805 0
40804 0
40803 0
40802 0
40801 0
40800 0
40799 0
40798 0
40797 0
40796 0
40795 0
40794 0
40793 0
40792 0
40791 0
40790 0
40789 0
40788 0
40787 0
40786 0
40785 0
40784 0
40783 0
40782 0
40781 0
40780 0
40779 0
40778 0
40777 0
40776 0
40775 0
40774 0
40773 0
40772 0
40771 0
40770 0
40769 0
40768 0
40767 0
40766 0
40765 0
40764 0
40763 0
40762 0
40761 0
40760 0
40759 0
40758 0
40757 0
40756 0
40755 0
40754 0
40753 0
40752 0
40751 0
40750 0
40749 0
40748 0
40747 0
40746 0
40745 0
40744 0
40743 0
40742 0
40741 0
40740 0
40739 0
40738 0
40737 0
40736 0
40735 0
40734 0
40733 0
40732 0
40731 0
40730 0
40729 0
40728 0
40727 0
40726 0
40724 0
40723 0
40722 0
40721 0
40720 0
40719 0
40718 0
40717 0
40716 0
40715 0
40714 0
40713 0
40712 0
40711 0
40710 0
40709 0
40708 0
40707 0
40706 0
40705 0
40704 0
40703 0
40702 0
40701 0
40700 0
40699 0
40698 0
40697 0
40696 0
40695 0
40694 0
40693 0
40692 0
40691 0
40690 0
40689 0
40688 0
40687 0
40686 0
40685 0
40684 0
40683 0
40682 0
40681 0
40680 0
40679 0
40678 0
40677 0
40676 0
40675 0
40674 0
40673 0
40672 0
40671 0
40670 0
40669 0
40668 0
40667 0
40666 0
40665 0
40664 0
40663 0
40662 0
