7101 1.08447
24326 1.00759
5992 1.00759
1704 0.83963
37194 0.832896
40828 0.70998
25224 0.672198
21305 0.672198
13325 0.672198
8703 0.672198
8415 0.672198
11603 0.671883
19794 0.640418
5627 0.640418
10578 0.538973
30672 0.533535
9836 0.533535
14021 0.532245
40340 0.500236
35118 0.497452
14547 0.497452
11879 0.497452
34669 0.448349
28060 0.410404
28854 0.390292
13093 0.386809
9326 0.386809
33408 0.381707
23698 0.370681
4521 0.370681
4534 0.369232
39967 0.317858
4379 0.313117
7548 0.298208
16115 0.286755
23144 0.282167
13744 0.282167
32215 0.275917
25702 0.275917
11834 0.275917
8739 0.27526
4754 0.273684
34540 0.269189
1047 0.269189
31511 0.266808
1858 0.264103
35742 0.256688
10998 0.256688
5439 0.256688
23642 0.248914
36004 0.241389
28230 0.241389
25662 0.241389
19718 0.241389
19064 0.241389
17731 0.241389
14342 0.241389
4768 0.241389
2102 0.241389
6102 0.23931
26300 0.225404
27397 0.221824
11788 0.218253
26662 0.210659
16845 0.197911
10372 0.194425
869 0.194305
33336 0.1905
25402 0.188637
28044 0.185891
40308 0.174559
33229 0.174559
23799 0.174559
20289 0.174559
6646 0.174559
1512 0.174559
22325 0.163623
13730 0.163623
10345 0.163623
26935 0.162129
26156 0.162129
23827 0.162129
10837 0.162129
25147 0.161884
15577 0.160709
38126 0.157213
35112 0.155793
31819 0.152956
29148 0.152956
18609 0.14891
37644 0.144962
3773 0.139929
35232 0.130078
34504 0.130078
9623 0.126512
6060 0.118665
40623 0.117611
39473 0.117611
5834 0.117611
37532 0.115962
40056 0.115412
1688 0.113276
16583 0.112604
10090 0.112604
11858 0.112522
23124 0.111465
2117 0.111465
6168 0.109082
12065 0.109034
19756 0.107773
10288 0.107773
4426 0.107773
19706 0.103027
38754 0.0996392
34752 0.0996392
32871 0.0996392
31686 0.0996392
27034 0.0996392
29121 0.0983279
10740 0.0983279
9107 0.0983279
2277 0.0983279
24052 0.0973489
10546 0.0973489
6364 0.0973489
38745 0.0937081
12305 0.0899795
3427 0.0899795
34710 0.0835119
32429 0.0835119
32192 0.0835119
31727 0.0835119
14275 0.0835119
8178 0.0835119
4114 0.0835119
2594 0.0835119
30563 0.0828935
33673 0.0803972
32201 0.0803972
14431 0.0803972
21694 0.0773763
4214 0.0717135
5534 0.068486
40197 0.0657176
23627 0.0657176
17734 0.0657176
9606 0.0657176
2874 0.0655928
3137 0.0654331
12516 0.0625
33610 0.0621345
27261 0.0621345
26915 0.0621345
38734 0.060667
987 0.060667
35217 0.0598142
40193 0.0583502
36826 0.0583502
26920 0.0583502
26816 0.0583502
25146 0.0583502
23187 0.0583502
13651 0.0583502
8777 0.0583502
8256 0.0583502
7911 0.0583502
5472 0.0583502
3660 0.0583502
3332 0.0583502
37460 0.0582423
31320 0.0566925
16353 0.0566925
9329 0.0566925
9073 0.0566925
2056 0.0566925
15670 0.0555556
38473 0.0547401
29818 0.0547401
2234 0.0547401
5248 0.0543444
8102 0.0488215
28615 0.0444305
27647 0.0444305
26640 0.0444305
25588 0.0444305
24908 0.0444305
22582 0.0444305
18554 0.0444305
15471 0.0444305
2002 0.0444305
37039 0.0434783
29234 0.0434783
12727 0.0434783
3925 0.0434783
8332 0.0426033
39212 0.0398337
32149 0.0384615
27228 0.0384615
39903 0.0376537
39309 0.0359109
32186 0.0349776
24595 0.0349776
21242 0.0342768
14428 0.0333367
34335 0.0333269
31525 0.0333269
22146 0.0333269
14872 0.0333269
11960 0.0333269
37863 0.0322235
12882 0.0322235
33736 0.0320128
18047 0.0320128
22267 0.0308836
34794 0.0282492
27154 0.0277054
20408 0.0277054
20005 0.0277054
13673 0.0277054
25752 0.0274363
24478 0.0274363
16932 0.0274363
16458 0.0274363
14983 0.0274363
6037 0.0274363
2377 0.0274363
16606 0.0252111
15655 0.0252111
30376 0.024469
27438 0.024469
19247 0.024469
15960 0.024469
5136 0.024469
1792 0.024469
608 0.024469
21402 0.0243885
20375 0.0243885
32390 0.0233558
32216 0.0233558
23620 0.0233558
9681 0.0233558
5490 0.0233558
40377 0.0197175
39458 0.0197175
39223 0.0197175
33770 0.0197175
28728 0.0197175
28145 0.0197175
25601 0.0197175
24532 0.0197175
23041 0.0197175
22484 0.0197175
20987 0.0197175
19128 0.0197175
17377 0.0197175
16478 0.0197175
14714 0.0197175
14116 0.0197175
10380 0.0197175
8743 0.0197175
8693 0.0197175
3504 0.0197175
2208 0.0197175
26514 0.019544
19716 0.019544
5705 0.019544
27908 0.0192308
29217 0.0153846
708 0.0142857
16137 0.0125
8863 0.0121951
21050 0.0120482
17480 0.0120482
13703 0.0120482
2865 0.0120482
33988 0.0114943
13103 0.0114943
3555 0.0114943
816 0.0114943
211 0.0114943
30344 0.0111111
30227 0.0111111
28022 0.0111111
27799 0.0111111
26472 0.0111111
22304 0.0111111
16775 0.0111111
13497 0.0111111
9048 0.0111111
31096 0.0107527
23477 0.0107527
36454 0.0105263
33450 0.0105263
33181 0.0105263
9914 0.0105263
5416 0.0105263
504 0.0105263
27577 0.0102041
39490 0.01
19301 0.01
9968 0.01
1862 0.01
39444 0.00943396
38433 0.00943396
34054 0.00943396
30882 0.00943396
25701 0.00943396
21117 0.00943396
11050 0.00943396
7510 0.00943396
2433 0.00943396
38523 0.00909091
36225 0.00909091
36097 0.00909091
33538 0.00909091
29117 0.00909091
25426 0.00909091
23856 0.00909091
18076 0.00909091
9137 0.00909091
6587 0.00909091
6349 0.00909091
6150 0.00909091
5291 0.00909091
4130 0.00909091
3619 0.00909091
803 0.00909091
38071 0.00769231
19304 0.00769231
10656 0.00769231
3609 0.00769231
38409 0.0075188
6171 0.0075188
245 0.0075188
39497 0.00719424
37510 0.00719424
36365 0.00719424
36343 0.00719424
34419 0.00719424
33723 0.00719424
28300 0.00719424
27898 0.00719424
26768 0.00719424
25142 0.00719424
23497 0.00719424
22752 0.00719424
20609 0.00719424
20568 0.00719424
20430 0.00719424
18358 0.00719424
15582 0.00719424
13668 0.00719424
13475 0.00719424
11210 0.00719424
11121 0.00719424
10049 0.00719424
8761 0.00719424
2855 0.00719424
2624 0.00719424
1593 0.00719424
40605 0.00483092
40362 0.00483092
39713 0.00483092
36989 0.00483092
29587 0.00483092
28868 0.00483092
28763 0.00483092
28217 0.00483092
27557 0.00483092
22835 0.00483092
22513 0.00483092
14729 0.00483092
14246 0.00483092
12359 0.00483092
12017 0.00483092
11217 0.00483092
9963 0.00483092
5884 0.00483092
5451 0.00483092
2036 0.00483092
40980 0
40979 0
40978 0
40977 0
40976 0
40975 0
40974 0
40973 0
40972 0
40971 0
40970 0
40969 0
40968 0
40967 0
40966 0
40965 0
40964 0
40963 0
40962 0
40961 0
40960 0
40959 0
40958 0
40957 0
40956 0
40955 0
40954 0
40953 0
40952 0
40951 0
40950 0
40949 0
40948 0
40947 0
40946 0
40945 0
40944 0
40943 0
40942 0
40941 0
40940 0
40939 0
40938 0
40937 0
40936 0
40935 0
40934 0
40933 0
40932 0
40931 0
40930 0
40929 0
40928 0
40927 0
40926 0
40925 0
40924 0
40923 0
40922 0
40921 0
40920 0
40919 0
40918 0
40917 0
40916 0
40915 0
40914 0
40913 0
40912 0
40911 0
40910 0
40909 0
40908 0
40907 0
40906 0
40905 0
40904 0
40903 0
40902 0
40901 0
40900 0
40899 0
40898 0
40897 0
40896 0
40895 0
40894 0
40893 0
40892 0
40891 0
40890 0
40889 0
40888 0
40887 0
40886 0
40885 0
40884 0
40883 0
40882 0
40881 0
40880 0
40879 0
40878 0
40877 0
40876 0
40875 0
40874 0
40873 0
40872 0
40871 0
40870 0
40869 0
40868 0
40867 0
40866 0
40865 0
40864 0
40863 0
40862 0
40861 0
