38667 1.76096
31301 1.50963
28483 1.14643
14445 1.0185
19474 0.963095
5066 0.895971
33950 0.833333
10953 0.821963
17634 0.530196
1605 0.516667
38229 0.434524
40869 0.397619
27551 0.397619
24454 0.386447
8532 0.382576
7708 0.372502
35294 0.348214
28255 0.348214
25427 0.348214
20953 0.261752
36625 0.25
19566 0.25
8819 0.25
3797 0.25
39882 0.24504
37711 0.24504
11658 0.236742
6644 0.227564
3158 0.227564
2838 0.221861
16945 0.215909
8580 0.215909
33883 0.2
22944 0.2
21097 0.2
9947 0.2
7296 0.19116
40067 0.166667
38393 0.166667
27102 0.166667
13307 0.166667
12243 0.166667
25416 0.161606
37714 0.142857
36393 0.142857
33685 0.142857
27162 0.142857
10423 0.13576
5691 0.13576
39319 0.125
32891 0.125
25434 0.125
24369 0.125
24251 0.125
19309 0.125
16650 0.125
34883 0.111111
33674 0.111111
32717 0.111111
34598 0.1
34495 0.1
21345 0.1
39505 0.0909091
30288 0.0909091
30176 0.0909091
28038 0.0909091
16992 0.0909091
16791 0.0909091
8508 0.0909091
6489 0.0909091
1318 0.0909091
40036 0.0833333
37402 0.0833333
34768 0.0833333
32647 0.0833333
31964 0.0833333
23309 0.0833333
18328 0.0833333
10880 0.0833333
4691 0.0833333
2935 0.0833333
30395 0.0769231
24804 0.0769231
18148 0.0769231
12217 0.0769231
38246 0.0714286
36976 0.0714286
26614 0.0714286
13347 0.0714286
10100 0.0714286
6548 0.0714286
5909 0.0714286
39695 0.0625
33774 0.0625
32763 0.0625
32131 0.0625
30199 0.0625
28766 0.0625
22726 0.0625
8280 0.0625
3936 0.0625
3164 0.0625
584 0.0625
34704 0.0526316
34355 0.0526316
32500 0.0526316
28543 0.0526316
27892 0.0526316
27281 0.0526316
20457 0.0526316
19099 0.0526316
16446 0.0526316
16061 0.0526316
11582 0.0526316
10737 0.0526316
36991 0.047619
25980 0.047619
24475 0.047619
13757 0.047619
13646 0.047619
9362 0.047619
4493 0.047619
4405 0.047619
3363 0.047619
2744 0.047619
919 0.047619
40635 0.025641
40029 0.025641
37655 0.025641
37176 0.025641
33160 0.025641
31409 0.025641
27886 0.025641
27514 0.025641
26555 0.025641
26088 0.025641
24756 0.025641
23877 0.025641
21579 0.025641
19957 0.025641
17842 0.025641
16618 0.025641
16553 0.025641
12518 0.025641
11944 0.025641
10844 0.025641
3494 0.025641
3447 0.025641
3075 0.025641
2633 0.025641
263 0.025641
186 0.025641
52 0.025641
40980 0
40979 0
40978 0
40977 0
40976 0
40975 0
40974 0
40973 0
40972 0
40971 0
40970 0
40969 0
40968 0
40967 0
40966 0
40965 0
40964 0
40963 0
40962 0
40961 0
40960 0
40959 0
40958 0
40957 0
40956 0
40955 0
40954 0
40953 0
40952 0
40951 0
40950 0
40949 0
40948 0
40947 0
40946 0
40945 0
40944 0
40943 0
40942 0
40941 0
40940 0
40939 0
40938 0
40937 0
40936 0
40935 0
40934 0
40933 0
40932 0
40931 0
40930 0
40929 0
40928 0
40927 0
40926 0
40925 0
40924 0
40923 0
40922 0
40921 0
40920 0
40919 0
40918 0
40917 0
40916 0
40915 0
40914 0
40913 0
40912 0
40911 0
40910 0
40909 0
40908 0
40907 0
40906 0
40905 0
40904 0
40903 0
40902 0
40901 0
40900 0
40899 0
40898 0
40897 0
40896 0
40895 0
40894 0
40893 0
40892 0
40891 0
40890 0
40889 0
40888 0
40887 0
40886 0
40885 0
40884 0
40883 0
40882 0
40881 0
40880 0
40879 0
40878 0
40877 0
40876 0
40875 0
40874 0
40873 0
40872 0
40871 0
40870 0
40868 0
40867 0
40866 0
40865 0
40864 0
40863 0
40862 0
40861 0
40860 0
40859 0
40858 0
40857 0
40856 0
40855 0
40854 0
40853 0
40852 0
40851 0
40850 0
40849 0
40848 0
40847 0
40846 0
40845 0
40844 0
40843 0
40842 0
40841 0
40840 0
40839 0
40838 0
40837 0
40836 0
40835 0
40834 0
40833 0
40832 0
40831 0
40830 0
40829 0
40828 0
40827 0
40826 0
40825 0
40824 0
40823 0
40822 0
40821 0
40820 0
40819 0
40818 0
40817 0
40816 0
40815 0
40814 0
40813 0
40812 0
40811 0
40810 0
40809 0
40808 0
40807 0
40806 0
40805 0
40804 0
40803 0
40802 0
40801 0
40800 0
40799 0
40798 0
40797 0
40796 0
40795 0
40794 0
40793 0
40792 0
40791 0
40790 0
40789 0
40788 0
40787 0
40786 0
40785 0
40784 0
40783 0
40782 0
40781 0
40780 0
40779 0
40778 0
40777 0
40776 0
40775 0
40774 0
40773 0
40772 0
40771 0
40770 0
40769 0
40768 0
40767 0
40766 0
40765 0
40764 0
40763 0
40762 0
40761 0
40760 0
40759 0
40758 0
40757 0
40756 0
40755 0
40754 0
40753 0
40752 0
40751 0
40750 0
40749 0
40748 0
40747 0
40746 0
40745 0
40744 0
40743 0
40742 0
40741 0
40740 0
40739 0
40738 0
40737 0
40736 0
40735 0
40734 0
40733 0
40732 0
40731 0
40730 0
40729 0
40728 0
40727 0
40726 0
40725 0
40724 0
40723 0
40722 0
40721 0
40720 0
40719 0
40718 0
40717 0
40716 0
40715 0
40714 0
40713 0
40712 0
40711 0
40710 0
40709 0
40708 0
40707 0
40706 0
40705 0
40704 0
40703 0
40702 0
40701 0
40700 0
40699 0
40698 0
40697 0
40696 0
40695 0
40694 0
40693 0
40692 0
40691 0
40690 0
40689 0
40688 0
40687 0
40686 0
40685 0
40684 0
40683 0
40682 0
40681 0
40680 0
40679 0
40678 0
40677 0
40676 0
40675 0
40674 0
40673 0
40672 0
40671 0
40670 0
40669 0
40668 0
40667 0
40666 0
40665 0
40664 0
40663 0
40662 0
40661 0
40660 0
40659 0
40658 0
40657 0
40656 0
40655 0
40654 0
40653 0
40652 0
40651 0
40650 0
40649 0
40648 0
40647 0
40646 0
40645 0
40644 0
40643 0
40642 0
40641 0
40640 0
40639 0
40638 0
40637 0
40636 0
40634 0
40633 0
40632 0
