2560 5.90299
19032 4.4832
32888 2.51091
36189 2.41728
12095 2.31457
13809 1.05093
29275 1.03923
28774 1.03923
12963 0.822339
543 0.800523
10805 0.796876
16968 0.779962
35307 0.767985
8136 0.72976
21350 0.690323
28757 0.666883
66 0.604976
34825 0.56206
7250 0.534024
15830 0.472774
25780 0.448898
31059 0.446963
2370 0.432258
3743 0.428898
31399 0.418793
18328 0.408856
16789 0.405047
38906 0.37626
19708 0.369596
886 0.353968
39867 0.3373
22656 0.33105
27448 0.316949
22795 0.313454
20090 0.313038
14031 0.313038
5318 0.313038
33826 0.30357
25155 0.302432
786 0.302432
499 0.291667
31806 0.289809
22613 0.289809
11548 0.289809
24121 0.271429
15262 0.258079
20588 0.256847
39695 0.254545
8006 0.254545
31301 0.253727
30916 0.253328
16537 0.25
22757 0.228687
11563 0.223232
8433 0.214809
15535 0.196847
7728 0.196847
689 0.1933
17859 0.187879
7236 0.187879
4497 0.187879
32992 0.187352
26608 0.187352
24644 0.187352
25668 0.186944
13252 0.176014
28031 0.171033
20309 0.166883
1975 0.166667
1374 0.166667
26180 0.164133
32651 0.163131
7205 0.163131
6119 0.163131
24002 0.152747
37176 0.142857
34511 0.142857
28380 0.142857
17634 0.142857
13051 0.142857
10073 0.142857
5693 0.142857
186 0.142857
1026 0.142521
26696 0.136405
17742 0.133712
627 0.133696
22149 0.133074
20686 0.129716
39277 0.125
17324 0.125
13907 0.125
24740 0.124808
6403 0.114706
19800 0.11326
39932 0.111538
17696 0.111538
6563 0.111538
39673 0.111111
40806 0.108694
40669 0.104762
13810 0.104762
40793 0.1
2434 0.1
3633 0.099793
35445 0.0909091
31283 0.0909091
23090 0.0887319
12948 0.0887319
19626 0.0866473
12048 0.0866473
15494 0.0855206
18364 0.0837516
40538 0.0833333
36929 0.0833333
24498 0.0833333
16341 0.0833333
6358 0.0833333
3292 0.0833333
2447 0.0833333
32344 0.0826204
39463 0.0822581
19164 0.0822581
10181 0.0822581
1907 0.0822581
40636 0.0792741
36549 0.0792741
26385 0.0792741
26236 0.0716991
357 0.0716991
18777 0.0714286
18040 0.0711616
6969 0.0711616
35147 0.0702054
31952 0.0666667
28588 0.0666667
6566 0.0625
2580 0.0625
1346 0.0625
38844 0.0623015
11835 0.0623015
40136 0.0622311
39586 0.0622311
36388 0.0622311
34800 0.0622311
33025 0.0622311
28345 0.0622311
23706 0.0622311
23368 0.0622311
22976 0.0622311
20845 0.0622311
20347 0.0622311
18930 0.0622311
16819 0.0622311
16028 0.0622311
12747 0.0622311
12714 0.0622311
4113 0.0622311
35980 0.0574897
34176 0.0574897
22137 0.0574897
35088 0.047619
33342 0.047619
28467 0.047619
9561 0.047619
29207 0.0454545
22935 0.0434783
17486 0.0434783
31407 0.0416667
26875 0.0416667
24662 0.04
22893 0.0381204
11046 0.0381204
22681 0.0330787
20745 0.0330787
38144 0.0322581
28290 0.0322581
26498 0.0322581
7721 0.0322581
5402 0.0322581
29519 0.0301209
26650 0.0301209
24590 0.0301209
23052 0.0301209
22709 0.0301209
22639 0.0301209
20980 0.0301209
20601 0.0301209
19262 0.0301209
17539 0.0301209
17522 0.0301209
16696 0.0301209
15231 0.0301209
8943 0.0301209
8514 0.0301209
32048 0.0285714
26829 0.0285714
21082 0.0285714
16146 0.0285714
14035 0.0285714
12701 0.0285714
34448 0.027027
32961 0.027027
32085 0.027027
27410 0.027027
25245 0.027027
19726 0.027027
8407 0.027027
1801 0.027027
461 0.027027
40184 0.025641
35884 0.025641
35841 0.025641
31349 0.025641
28297 0.025641
25553 0.025641
23562 0.025641
17014 0.025641
12692 0.025641
11758 0.025641
10571 0.025641
8140 0.025641
39977 0.0231421
38391 0.0231421
38322 0.0231421
35676 0.0231421
31324 0.0231421
29943 0.0231421
28934 0.0231421
28213 0.0231421
27889 0.0231421
27239 0.0231421
25745 0.0231421
23696 0.0231421
23228 0.0231421
20808 0.0231421
20478 0.0231421
19730 0.0231421
19430 0.0231421
18984 0.0231421
17790 0.0231421
15898 0.0231421
15046 0.0231421
9767 0.0231421
8672 0.0231421
8269 0.0231421
7658 0.0231421
7204 0.0231421
6380 0.0231421
5807 0.0231421
5633 0.0231421
5174 0.0231421
4533 0.0231421
4480 0.0231421
4450 0.0231421
4278 0.0231421
1594 0.0231421
40533 0.0169492
39672 0.0169492
39194 0.0169492
38125 0.0169492
36809 0.0169492
33231 0.0169492
25467 0.0169492
23764 0.0169492
17343 0.0169492
16987 0.0169492
12471 0.0169492
11822 0.0169492
9025 0.0169492
7695 0.0169492
6822 0.0169492
40660 0.0147059
34955 0.0147059
25909 0.0147059
24497 0.0147059
22565 0.0147059
6677 0.0147059
3573 0.0147059
37775 0.0135135
37002 0.0135135
33286 0.0135135
29793 0.0135135
29369 0.0135135
28835 0.0135135
28248 0.0135135
25776 0.0135135
25288 0.0135135
23603 0.0135135
22979 0.0135135
17076 0.0135135
16438 0.0135135
10639 0.0135135
9747 0.0135135
3867 0.0135135
1002 0.0135135
40880 0.0108696
40514 0.0108696
40087 0.0108696
38843 0.0108696
37179 0.0108696
36422 0.0108696
35303 0.0108696
29570 0.0108696
27506 0.0108696
23774 0.0108696
22148 0.0108696
18073 0.0108696
14518 0.0108696
13328 0.0108696
13186 0.0108696
5914 0.0108696
5087 0.0108696
4869 0.0108696
40967 0.00990099
39916 0.00990099
32055 0.00990099
31354 0.00990099
30797 0.00990099
30455 0.00990099
24825 0.00990099
24033 0.00990099
23729 0.00990099
23640 0.00990099
22476 0.00990099
22328 0.00990099
20541 0.00990099
18351 0.00990099
17782 0.00990099
16094 0.00990099
12757 0.00990099
9913 0.00990099
9864 0.00990099
7858 0.00990099
7387 0.00990099
38569 0.00869565
38336 0.00869565
34000 0.00869565
33387 0.00869565
32263 0.00869565
28997 0.00869565
27504 0.00869565
27453 0.00869565
25181 0.00869565
15943 0.00869565
15656 0.00869565
14262 0.00869565
12986 0.00869565
11173 0.00869565
10300 0.00869565
8983 0.00869565
6440 0.00869565
5869 0.00869565
4512 0.00869565
4392 0.00869565
3403 0.00869565
865 0.00869565
40782 0.00454545
39884 0.00454545
39433 0.00454545
39371 0.00454545
39348 0.00454545
38982 0.00454545
38598 0.00454545
37757 0.00454545
37711 0.00454545
37613 0.00454545
37048 0.00454545
36599 0.00454545
36492 0.00454545
36476 0.00454545
36145 0.00454545
35876 0.00454545
35835 0.00454545
35264 0.00454545
34638 0.00454545
34433 0.00454545
34152 0.00454545
33895 0.00454545
33844 0.00454545
33185 0.00454545
32365 0.00454545
31777 0.00454545
31708 0.00454545
31673 0.00454545
31665 0.00454545
30684 0.00454545
29777 0.00454545
28653 0.00454545
28076 0.00454545
27963 0.00454545
27658 0.00454545
27003 0.00454545
26982 0.00454545
26814 0.00454545
26755 0.00454545
26197 0.00454545
25821 0.00454545
25395 0.00454545
24812 0.00454545
24598 0.00454545
23250 0.00454545
22229 0.00454545
22061 0.00454545
20957 0.00454545
20890 0.00454545
20420 0.00454545
20390 0.00454545
20273 0.00454545
20181 0.00454545
18956 0.00454545
18693 0.00454545
18136 0.00454545
17715 0.00454545
17098 0.00454545
16147 0.00454545
15768 0.00454545
14964 0.00454545
14319 0.00454545
13834 0.00454545
13197 0.00454545
12274 0.00454545
12094 0.00454545
11385 0.00454545
11285 0.00454545
10855 0.00454545
10761 0.00454545
10722 0.00454545
10612 0.00454545
10556 0.00454545
10525 0.00454545
9665 0.00454545
9557 0.00454545
8865 0.00454545
8805 0.00454545
8711 0.00454545
8622 0.00454545
8612 0.00454545
7580 0.00454545
7507 0.00454545
7439 0.00454545
6950 0.00454545
6583 0.00454545
6574 0.00454545
5901 0.00454545
5390 0.00454545
5249 0.00454545
5242 0.00454545
5040 0.00454545
4641 0.00454545
4619 0.00454545
4217 0.00454545
4192 0.00454545
3152 0.00454545
2999 0.00454545
2840 0.00454545
2763 0.00454545
2292 0.00454545
2209 0.00454545
1642 0.00454545
1536 0.00454545
1508 0.00454545
1466 0.00454545
1081 0.00454545
476 0.00454545
82 0.00454545
40980 0
40979 0
40978 0
40977 0
40976 0
40975 0
40974 0
40973 0
40972 0
40971 0
40970 0
40969 0
40968 0
40966 0
40965 0
40964 0
40963 0
40962 0
40961 0
40960 0
40959 0
40958 0
40957 0
40956 0
40955 0
40954 0
40953 0
40952 0
40951 0
40950 0
40949 0
40948 0
40947 0
40946 0
