1975 46.5634
6170 21.3019
33972 19.6461
30054 19.1968
35467 16.6133
15922 16.0635
32434 15.8507
34896 15.4845
1866 9.15954
36474 9.15391
40061 9.01771
33605 7.82024
33294 7.82024
28816 7.82024
40957 7.61189
1781 5.3532
21423 5.15503
31301 5.041
39144 4.86301
30478 4.57853
25451 4.33155
9373 3.71748
19566 3.5478
22294 3.42435
29428 3.34891
31711 3.28195
21810 3.21639
32790 2.83083
8210 2.72142
13543 2.54974
14261 2.52912
36854 2.47979
19141 2.44601
9238 2.42516
27952 2.41616
13157 2.30056
24431 2.29563
12544 2.20961
35045 2.20402
11202 2.16683
21320 2.16017
35287 2.11478
34916 2.10373
35925 2.0404
4075 2.03601
25983 2.01362
23843 2.00159
8501 1.95409
7441 1.81417
27799 1.80295
10006 1.74532
29833 1.61559
28457 1.57897
34648 1.52857
20453 1.4435
8050 1.4
29601 1.3881
443 1.31606
15236 1.28783
1714 1.27083
10622 1.27038
25002 1.22922
25183 1.22363
35990 1.22208
8261 1.21645
724 1.21159
8672 1.20975
8058 1.206
21840 1.18333
20288 1.16429
22217 1.15362
2686 1.15307
11951 1.14286
14718 1.12365
5458 1.12234
25865 1.10637
22998 1.10617
28580 1.05903
28111 1.04565
29670 1.04344
9267 1.03481
10567 1.00549
3161 0.985965
7385 0.985501
16807 0.972559
27449 0.955252
10450 0.935128
21102 0.932051
5650 0.916667
19077 0.907564
19498 0.905685
5954 0.890966
25175 0.879762
5594 0.875728
23855 0.855556
27571 0.853968
8225 0.833333
23975 0.831335
11237 0.828727
17364 0.803841
22172 0.79973
11873 0.793761
28322 0.788095
12412 0.787694
36191 0.783333
20313 0.763545
19032 0.734524
20339 0.734266
10146 0.72967
23346 0.725821
21533 0.719497
40048 0.71103
20706 0.710918
18328 0.710119
39921 0.709916
34634 0.70787
8438 0.687156
19776 0.685609
38700 0.68358
37029 0.670279
29400 0.664776
7890 0.663879
3136 0.643987
26860 0.642481
35979 0.638889
17457 0.627241
26106 0.624242
19575 0.624242
39991 0.623438
10923 0.609066
28497 0.605211
20388 0.599462
6323 0.591856
30791 0.585965
16091 0.584073
37677 0.571429
5326 0.571429
37646 0.569726
32620 0.566803
7895 0.566667
22711 0.566207
21 0.561111
32775 0.557724
7628 0.552951
12138 0.552632
22594 0.547467
18663 0.542667
16862 0.542667
37796 0.541207
28140 0.531746
10033 0.526923
6500 0.524242
25442 0.521904
11940 0.521904
30668 0.521429
9952 0.521368
28315 0.520357
5930 0.51619
38172 0.507406
32885 0.506996
17634 0.504152
9297 0.5
35267 0.495833
40701 0.488387
36608 0.48504
11775 0.483766
30409 0.47619
1294 0.47549
11974 0.471429
9734 0.468307
38536 0.464462
17484 0.455576
19270 0.455357
18621 0.452055
2519 0.45
3096 0.445455
4998 0.434524
40114 0.43254
34377 0.430303
5736 0.424541
29427 0.41978
17002 0.412442
1936 0.405357
26830 0.403704
28908 0.402778
37760 0.401681
21909 0.4
22802 0.399423
11447 0.398833
9548 0.397748
34513 0.394444
4817 0.393937
730 0.391057
23069 0.390307
23757 0.386447
26886 0.385965
31084 0.385217
8259 0.384841
7026 0.384524
28699 0.380952
37912 0.37734
86 0.375
28603 0.359483
12800 0.358942
33179 0.358766
39335 0.357143
16212 0.355255
6810 0.347222
20281 0.33964
40638 0.338095
16512 0.336734
36332 0.33497
28056 0.334212
24830 0.333333
23612 0.333333
17020 0.333333
28848 0.328788
17636 0.327814
16644 0.326681
36096 0.325202
20575 0.323805
24945 0.323232
25472 0.317969
33402 0.317857
20494 0.3171
22121 0.301843
31013 0.301681
21427 0.298611
40151 0.292022
26213 0.2875
37528 0.286447
13945 0.284722
15654 0.282177
22506 0.279221
7708 0.276923
3936 0.276923
22911 0.276694
11493 0.273611
13770 0.270482
27657 0.268478
13467 0.266902
31851 0.260844
15221 0.258333
33228 0.25665
19152 0.25665
21083 0.255952
10156 0.253968
1734 0.252778
38453 0.25
35801 0.25
33806 0.25
32671 0.25
30974 0.25
28978 0.25
26932 0.25
20104 0.25
19399 0.25
16814 0.25
12670 0.25
25525 0.249695
33825 0.24537
9038 0.24164
39988 0.232311
26686 0.229701
23789 0.226709
25785 0.221212
3730 0.215909
6025 0.211742
2654 0.210155
20876 0.209197
1054 0.208832
317 0.208333
12154 0.204937
6393 0.204292
2895 0.204292
20119 0.204284
32467 0.204063
24014 0.204063
5595 0.204063
39931 0.203788
3969 0.202632
21911 0.200397
25262 0.200216
40467 0.2
37784 0.2
35822 0.2
35046 0.2
33357 0.2
32762 0.2
30100 0.2
24085 0.2
16442 0.2
14933 0.2
13824 0.2
10137 0.2
9574 0.2
4458 0.2
27043 0.199483
8973 0.198465
32444 0.196933
17996 0.196919
37320 0.194444
25589 0.193673
18305 0.193074
36946 0.190674
25169 0.190674
40554 0.190278
28738 0.190278
21287 0.190278
1078 0.190278
25534 0.184592
32846 0.184028
4162 0.184028
9122 0.18219
385 0.17803
40323 0.177452
19057 0.17664
33607 0.172756
37836 0.171078
38019 0.170297
25552 0.169906
32387 0.168831
38689 0.166948
36593 0.166667
29401 0.166667
18950 0.166667
17687 0.166667
16717 0.166667
14502 0.166667
12397 0.166667
11282 0.166667
10813 0.166667
8290 0.166667
3426 0.166667
709 0.166667
140 0.166667
4830 0.165909
38769 0.165385
15435 0.163312
6957 0.161706
6139 0.160256
33549 0.158076
17816 0.15803
2840 0.154062
16661 0.153358
30836 0.151923
38510 0.151323
30773 0.148465
27514 0.1482
20167 0.1482
11197 0.147578
27801 0.146465
30543 0.143162
20238 0.143074
17608 0.142909
38535 0.142857
25907 0.142857
18498 0.142857
16817 0.142857
14451 0.142857
9610 0.142857
8883 0.142857
6006 0.142857
5466 0.142857
2211 0.142857
529 0.142857
19222 0.141803
9517 0.141803
7937 0.141803
34166 0.141204
22972 0.136905
25611 0.13287
10547 0.132732
34182 0.131335
14773 0.131335
36135 0.129167
18368 0.126323
36952 0.125
34749 0.125
33227 0.125
31184 0.125
30619 0.125
29687 0.125
14634 0.125
12299 0.125
11905 0.125
9855 0.125
9499 0.125
8979 0.125
5937 0.125
5792 0.125
606 0.125
28767 0.123377
334 0.123232
11165 0.122796
26097 0.122579
15040 0.12004
10742 0.119663
14234 0.11696
23743 0.116217
18790 0.116057
6790 0.113112
10444 0.111785
38704 0.111315
28116 0.111315
38946 0.111111
34735 0.111111
33652 0.111111
22212 0.111111
12725 0.111111
6398 0.111111
5979 0.111111
5482 0.111111
1770 0.111111
32645 0.110355
40779 0.109349
11508 0.106222
10798 0.10596
817 0.102692
24437 0.101584
33921 0.10119
32919 0.10119
38625 0.1
35770 0.1
34322 0.1
32951 0.1
31894 0.1
27399 0.1
21648 0.1
20683 0.1
19126 0.1
11477 0.1
8765 0.1
3532 0.1
1897 0.1
24239 0.0995407
2885 0.0995407
6983 0.0994048
7199 0.0984127
14591 0.0982308
7358 0.0978886
7319 0.0978886
11079 0.0970814
32898 0.0924064
13431 0.0924064
6714 0.0924064
5724 0.0912879
39789 0.0909091
38072 0.0909091
37432 0.0909091
27726 0.0909091
15539 0.0909091
15270 0.0909091
11055 0.0909091
10604 0.0909091
10225 0.0909091
8719 0.0909091
5381 0.0909091
3148 0.0909091
3007 0.0909091
12511 0.0866619
40105 0.0852483
24921 0.084145
7501 0.084145
12355 0.083837
36701 0.0833333
33827 0.0833333
32995 0.0833333
25740 0.0833333
21307 0.0833333
17312 0.0833333
8508 0.0833333
5591 0.0833333
22790 0.0813464
6936 0.0813464
17589 0.0793938
40674 0.0782444
26554 0.0782444
22973 0.0773185
15074 0.0773185
13059 0.0773185
2600 0.0773185
37837 0.0769231
31218 0.0769231
28684 0.0769231
22844 0.0769231
9339 0.0769231
6341 0.0739309
26419 0.0719766
40645 0.0714286
40347 0.0714286
40220 0.0714286
37923 0.0714286
35317 0.0714286
34979 0.0714286
34591 0.0714286
33203 0.0714286
28418 0.0714286
24833 0.0714286
24330 0.0714286
