31301 9.84278
3245 2.2186
29997 1.50738
26401 1.32479
19589 1.26187
10923 1.25827
19295 1.11378
21641 1.06905
8267 1.02662
29332 0.995982
21983 0.926557
4507 0.895203
4405 0.889943
11985 0.87241
6886 0.848137
16791 0.829762
26395 0.788585
40969 0.75
30320 0.728938
27951 0.722172
10980 0.698501
27434 0.681332
34825 0.676273
38259 0.67619
363 0.666667
32885 0.663333
36032 0.655439
21147 0.616667
35048 0.606166
23014 0.580397
13646 0.572121
23317 0.555072
5693 0.555
12384 0.505451
30683 0.489698
26892 0.478131
25445 0.442313
15768 0.422222
23495 0.422222
7708 0.421412
15607 0.415909
13410 0.386824
19041 0.38401
2249 0.380952
26750 0.373804
10737 0.360546
18937 0.358824
28444 0.352778
9846 0.343146
8725 0.341782
29059 0.334524
27366 0.333333
26782 0.333333
25425 0.333333
24342 0.333333
24825 0.329004
14007 0.329004
39616 0.325
11128 0.321429
16418 0.307453
6866 0.306818
2838 0.302168
5037 0.300115
2867 0.299048
13990 0.297619
34973 0.293478
22557 0.286226
7894 0.286226
2988 0.271739
4928 0.267302
27514 0.267009
22990 0.265829
6856 0.257759
18707 0.25
29962 0.24308
27623 0.237386
16056 0.235714
30380 0.231828
18393 0.229371
11249 0.229371
31581 0.215591
23193 0.213585
10786 0.213585
32282 0.207778
40811 0.2
39989 0.2
36467 0.2
34936 0.2
32529 0.2
30985 0.2
13719 0.2
3932 0.2
1323 0.2
16853 0.196667
40022 0.186291
34495 0.178571
12709 0.178571
28871 0.166667
19199 0.166667
14561 0.166667
10665 0.166667
6436 0.166667
3856 0.166667
30336 0.156966
6504 0.151374
6092 0.151374
14603 0.147247
40573 0.145353
37987 0.142857
35602 0.142857
34032 0.142857
33508 0.142857
32342 0.142857
20424 0.142857
17599 0.142857
15568 0.142857
14565 0.142857
14426 0.142857
13925 0.142857
2411 0.142857
1163 0.142857
11630 0.136118
8186 0.129518
15603 0.128077
5812 0.127712
40609 0.125
40108 0.125
39865 0.125
36465 0.125
29310 0.125
28722 0.125
25462 0.125
13757 0.125
3493 0.125
3468 0.125
1179 0.125
22228 0.123223
12063 0.123159
29741 0.111111
24270 0.111111
27915 0.10051
22227 0.10051
8579 0.10051
38283 0.1
36299 0.1
32967 0.1
28104 0.1
3860 0.1
6823 0.0974755
39515 0.095915
33331 0.095915
26243 0.095915
15637 0.095915
35985 0.0909091
23578 0.0909091
16751 0.0909091
14544 0.0909091
12812 0.0909091
11526 0.0909091
9946 0.0909091
9019 0.0909091
7684 0.0909091
6656 0.0909091
6173 0.0909091
39291 0.0833333
38184 0.0833333
36523 0.0833333
35879 0.0833333
30043 0.0833333
26088 0.0833333
24125 0.0833333
21243 0.0833333
18729 0.0833333
15201 0.0833333
6684 0.0833333
3567 0.0833333
3112 0.0833333
40829 0.0827678
33167 0.0827678
28305 0.0827678
33078 0.0813057
18328 0.0813057
1975 0.0813057
33651 0.0812018
36895 0.0769231
29996 0.0769231
16604 0.0769231
7065 0.0769231
40883 0.0714286
39191 0.0714286
31161 0.0714286
27799 0.0714286
27410 0.0714286
25349 0.0714286
24365 0.0714286
23742 0.0714286
21722 0.0714286
20068 0.0714286
15963 0.0714286
15515 0.0714286
28245 0.0686965
27180 0.0666667
22492 0.0666667
5410 0.0666667
917 0.0666667
32760 0.0588235
24845 0.0588235
5608 0.0588235
3729 0.0588235
3434 0.0588235
34160 0.0555556
33069 0.0555556
30037 0.0555556
28904 0.0555556
22483 0.0555556
16118 0.0555556
11233 0.0555556
10964 0.0555556
10760 0.0555556
28194 0.05
20273 0.05
15676 0.05
12518 0.05
7942 0.05
5110 0.05
3100 0.05
2633 0.05
2241 0.05
17634 0.0471207
3600 0.0471207
3494 0.0471207
3363 0.0471207
2509 0.0471207
30611 0.0434783
20966 0.0434783
12080 0.0434783
8672 0.0434783
40254 0.0416667
39495 0.0416667
36051 0.0416667
32934 0.0416667
31200 0.0416667
29474 0.0416667
13422 0.0416667
6896 0.0416667
6585 0.0416667
2775 0.0416667
28038 0.0384615
25017 0.0384615
24335 0.0384615
24237 0.0384615
23785 0.0384615
18913 0.0384615
16012 0.0384615
15891 0.0384615
15282 0.0384615
14249 0.0384615
5373 0.0384615
3936 0.0384615
2850 0.0384615
40661 0.0357143
25118 0.0357143
12386 0.0357143
9362 0.0357143
8446 0.0357143
40663 0.0322581
39171 0.0322581
38641 0.0322581
38638 0.0322581
36903 0.0322581
36623 0.0322581
31815 0.0322581
29828 0.0322581
27192 0.0322581
25971 0.0322581
23933 0.0322581
21039 0.0322581
15322 0.0322581
14048 0.0322581
13541 0.0322581
10929 0.0322581
9765 0.0322581
8508 0.0322581
7928 0.0322581
2954 0.0322581
2659 0.0322581
39131 0.0243902
34768 0.0243902
33804 0.0243902
31606 0.0243902
28380 0.0243902
26789 0.0243902
22677 0.0243902
22606 0.0243902
22214 0.0243902
19032 0.0243902
15506 0.0243902
13762 0.0243902
10277 0.0243902
6644 0.0243902
2227 0.0243902
37176 0.0217391
36996 0.0217391
36746 0.0217391
35472 0.0217391
34460 0.0217391
33383 0.0217391
32806 0.0217391
30167 0.0217391
29651 0.0217391
29032 0.0217391
12659 0.0217391
12532 0.0217391
8118 0.0217391
919 0.0217391
40615 0.0133333
40534 0.0133333
40078 0.0133333
40017 0.0133333
39582 0.0133333
37508 0.0133333
35096 0.0133333
33189 0.0133333
32675 0.0133333
31986 0.0133333
29629 0.0133333
28812 0.0133333
28089 0.0133333
27994 0.0133333
27646 0.0133333
26159 0.0133333
25944 0.0133333
25763 0.0133333
24756 0.0133333
22288 0.0133333
21746 0.0133333
20407 0.0133333
19258 0.0133333
14746 0.0133333
13631 0.0133333
13209 0.0133333
13029 0.0133333
12868 0.0133333
12346 0.0133333
10073 0.0133333
10057 0.0133333
5130 0.0133333
4851 0.0133333
4070 0.0133333
3880 0.0133333
3484 0.0133333
2943 0.0133333
2842 0.0133333
1427 0.0133333
40758 0.0120482
38684 0.0120482
38073 0.0120482
37637 0.0120482
37396 0.0120482
34329 0.0120482
33725 0.0120482
33282 0.0120482
32862 0.0120482
30948 0.0120482
30269 0.0120482
27886 0.0120482
27425 0.0120482
26978 0.0120482
26963 0.0120482
25837 0.0120482
24441 0.0120482
23366 0.0120482
22897 0.0120482
22583 0.0120482
22054 0.0120482
21928 0.0120482
21670 0.0120482
21557 0.0120482
20458 0.0120482
18770 0.0120482
18044 0.0120482
17818 0.0120482
17293 0.0120482
17090 0.0120482
15352 0.0120482
15189 0.0120482
15162 0.0120482
13935 0.0120482
13588 0.0120482
11836 0.0120482
11615 0.0120482
11535 0.0120482
10880 0.0120482
9718 0.0120482
8238 0.0120482
8022 0.0120482
7691 0.0120482
6815 0.0120482
6609 0.0120482
6096 0.0120482
5564 0.0120482
4432 0.0120482
2640 0.0120482
2387 0.0120482
2289 0.0120482
2237 0.0120482
57 0.0120482
52 0.0120482
40980 0
40979 0
40978 0
40977 0
40976 0
40975 0
40974 0
40973 0
40972 0
40971 0
40970 0
40968 0
40967 0
40966 0
40965 0
40964 0
40963 0
40962 0
40961 0
40960 0
40959 0
40958 0
40957 0
40956 0
40955 0
40954 0
40953 0
40952 0
40951 0
40950 0
40949 0
40948 0
40947 0
40946 0
40945 0
40944 0
40943 0
40942 0
40941 0
40940 0
40939 0
40938 0
40937 0
40936 0
40935 0
40934 0
40933 0
40932 0
40931 0
40930 0
40929 0
40928 0
40927 0
40926 0
40925 0
40924 0
40923 0
40922 0
40921 0
40920 0
40919 0
40918 0
40917 0
40916 0
40915 0
40914 0
40913 0
40912 0
40911 0
40910 0
40909 0
40908 0
40907 0
40906 0
40905 0
40904 0
40903 0
40902 0
40901 0
40900 0
40899 0
40898 0
40897 0
40896 0
40895 0
40894 0
40893 0
40892 0
40891 0
40890 0
40889 0
40888 0
