39529 14.0408
20240 5.57969
10193 5.45278
5308 4.72976
34488 4.71566
28776 4.70376
28887 3.53694
34313 3.12532
19778 2.78774
20130 2.76591
33703 2.72116
30660 2.51958
7521 2.18376
18626 2.12969
7390 2.09927
14251 2.07149
32540 2.01389
33975 1.90733
15786 1.79683
5438 1.6794
2691 1.67037
27971 1.58433
28062 1.58333
34956 1.45397
34730 1.31111
16545 1.2869
22165 1.24756
2922 1.17988
8745 1.11786
36222 0.976885
26685 0.974242
2655 0.943347
21693 0.917916
36971 0.855748
6353 0.809524
24005 0.757202
2810 0.705556
25517 0.642857
40781 0.571429
3114 0.566667
21608 0.56036
4964 0.542857
13908 0.541667
4568 0.525
30431 0.516667
10969 0.478571
3914 0.475
23845 0.466667
9960 0.461111
27774 0.452381
10211 0.402027
20894 0.392857
1046 0.390669
22505 0.383824
22051 0.367857
2327 0.338095
9333 0.334524
38079 0.333333
25141 0.333333
23075 0.333333
16336 0.333333
4177 0.333333
12198 0.318694
29672 0.318694
15464 0.302778
29438 0.300059
40341 0.296429
37489 0.264423
13999 0.25
9832 0.25
6063 0.25
3964 0.25
1009 0.249242
10433 0.248352
23837 0.224242
5798 0.219107
14163 0.218694
35487 0.216667
22194 0.212233
27767 0.206349
32270 0.2
18989 0.2
8776 0.2
19096 0.169884
32585 0.166667
31257 0.166667
22131 0.166667
21073 0.166667
240 0.166667
25836 0.152574
12946 0.152574
33315 0.142857
24163 0.142857
8654 0.142857
3372 0.142857
18227 0.127027
13392 0.127027
34772 0.125
25618 0.125
11560 0.125
383 0.125
39347 0.111111
22159 0.111111
12536 0.111111
39055 0.1
32150 0.1
29986 0.1
17987 0.1
9830 0.1
9257 0.1
7317 0.1
37266 0.0941628
21015 0.0941628
37963 0.0909091
37724 0.0909091
28608 0.0909091
8079 0.0909091
37377 0.0905351
13839 0.0905351
11027 0.0905351
40464 0.0833333
39999 0.0833333
35318 0.0833333
34175 0.0833333
27254 0.0833333
9612 0.0833333
7783 0.0833333
3763 0.0833333
34651 0.0714286
18808 0.0714286
10293 0.0714286
8975 0.0714286
4367 0.0714286
15565 0.0666667
20622 0.0625
40835 0.0588235
17266 0.0588235
5015 0.0588235
31922 0.0333333
28578 0.0333333
27184 0.0333333
26025 0.0333333
24630 0.0333333
21321 0.0333333
18115 0.0333333
17896 0.0333333
17245 0.0333333
15684 0.0333333
11452 0.0333333
9464 0.0333333
7570 0.0333333
3584 0.0333333
198 0.0333333
39156 0.0322581
28694 0.0322581
26737 0.0322581
24726 0.0322581
22254 0.0322581
20372 0.0322581
20274 0.0322581
14105 0.0322581
10904 0.0322581
8951 0.0322581
3578 0.0322581
3012 0.0322581
2115 0.0322581
1158 0.0322581
38449 0.03125
32412 0.03125
12736 0.03125
11938 0.03125
7697 0.03125
37525 0.0285714
33748 0.0285714
33221 0.0285714
31772 0.0285714
26526 0.0285714
24673 0.0285714
18966 0.0285714
17385 0.0285714
17239 0.0285714
14563 0.0285714
12858 0.0285714
8385 0.0285714
8257 0.0285714
6144 0.0285714
2136 0.0285714
573 0.0285714
39763 0.027027
36248 0.027027
35699 0.027027
34939 0.027027
34065 0.027027
28780 0.027027
21796 0.027027
20999 0.027027
18142 0.027027
15439 0.027027
14373 0.027027
4989 0.027027
4261 0.027027
40980 0
40979 0
40978 0
40977 0
40976 0
40975 0
40974 0
40973 0
40972 0
40971 0
40970 0
40969 0
40968 0
40967 0
40966 0
40965 0
40964 0
40963 0
40962 0
40961 0
40960 0
40959 0
40958 0
40957 0
40956 0
40955 0
40954 0
40953 0
40952 0
40951 0
40950 0
40949 0
40948 0
40947 0
40946 0
40945 0
40944 0
40943 0
40942 0
40941 0
40940 0
40939 0
40938 0
40937 0
40936 0
40935 0
40934 0
40933 0
40932 0
40931 0
40930 0
40929 0
40928 0
40927 0
40926 0
40925 0
40924 0
40923 0
40922 0
40921 0
40920 0
40919 0
40918 0
40917 0
40916 0
40915 0
40914 0
40913 0
40912 0
40911 0
40910 0
40909 0
40908 0
40907 0
40906 0
40905 0
40904 0
40903 0
40902 0
40901 0
40900 0
40899 0
40898 0
40897 0
40896 0
40895 0
40894 0
40893 0
40892 0
40891 0
40890 0
40889 0
40888 0
40887 0
40886 0
40885 0
40884 0
40883 0
40882 0
40881 0
40880 0
40879 0
40878 0
40877 0
40876 0
40875 0
40874 0
40873 0
40872 0
40871 0
40870 0
40869 0
40868 0
40867 0
40866 0
40865 0
40864 0
40863 0
40862 0
40861 0
40860 0
40859 0
40858 0
40857 0
40856 0
40855 0
40854 0
40853 0
40852 0
40851 0
40850 0
40849 0
40848 0
40847 0
40846 0
40845 0
40844 0
40843 0
40842 0
40841 0
40840 0
40839 0
40838 0
40837 0
40836 0
40834 0
40833 0
40832 0
40831 0
40830 0
40829 0
40828 0
40827 0
40826 0
40825 0
40824 0
40823 0
40822 0
40821 0
40820 0
40819 0
40818 0
40817 0
40816 0
40815 0
40814 0
40813 0
40812 0
40811 0
40810 0
40809 0
40808 0
40807 0
40806 0
40805 0
40804 0
40803 0
40802 0
40801 0
40800 0
40799 0
40798 0
40797 0
40796 0
40795 0
40794 0
40793 0
40792 0
40791 0
40790 0
40789 0
40788 0
40787 0
40786 0
40785 0
40784 0
40783 0
40782 0
40780 0
40779 0
40778 0
40777 0
40776 0
40775 0
40774 0
40773 0
40772 0
40771 0
40770 0
40769 0
40768 0
40767 0
40766 0
40765 0
40764 0
40763 0
40762 0
40761 0
40760 0
40759 0
40758 0
40757 0
40756 0
40755 0
40754 0
40753 0
40752 0
40751 0
40750 0
40749 0
40748 0
40747 0
40746 0
40745 0
40744 0
40743 0
40742 0
40741 0
40740 0
40739 0
40738 0
40737 0
40736 0
40735 0
40734 0
40733 0
40732 0
40731 0
40730 0
40729 0
40728 0
40727 0
40726 0
40725 0
40724 0
40723 0
40722 0
40721 0
40720 0
40719 0
40718 0
40717 0
40716 0
40715 0
40714 0
40713 0
40712 0
40711 0
40710 0
40709 0
40708 0
40707 0
40706 0
40705 0
40704 0
40703 0
40702 0
40701 0
40700 0
40699 0
40698 0
40697 0
40696 0
40695 0
40694 0
40693 0
40692 0
40691 0
40690 0
40689 0
40688 0
40687 0
40686 0
40685 0
40684 0
40683 0
40682 0
40681 0
40680 0
