34488 22.6667
23798 10.8333
28776 10.7274
19526 5.07811
33975 4.3362
3114 3.21835
1158 3.17537
10211 2.54286
14251 2.3667
4555 2.28501
29986 2.23452
9333 2.15083
25819 1.92811
13277 1.76001
3263 1.75595
24005 1.71905
21015 1.59646
7570 1.59091
24926 1.45
39763 1.4
31922 1.39286
20262 1.34002
10672 1.31667
24359 1.22619
9841 1.15
18227 1.14286
21608 1.05
38449 1.04286
14852 1.025
16210 1.01353
5970 0.985256
7317 0.929762
25494 0.880952
3964 0.868347
11222 0.866667
14866 0.833333
9515 0.833333
28613 0.783333
14590 0.75
10904 0.718687
37266 0.710256
2023 0.7
34065 0.666667
6122 0.65
21278 0.65
22950 0.642857
15684 0.642857
4728 0.616667
5246 0.6
24726 0.596429
3296 0.575
35699 0.558333
13687 0.55
22254 0.540909
14656 0.533333
26737 0.529762
3578 0.529762
7856 0.525
13572 0.516667
31215 0.515018
27794 0.47619
40896 0.45
11027 0.414286
39920 0.386447
19440 0.366667
38875 0.333333
36839 0.333333
35909 0.333333
34012 0.333333
31166 0.333333
30458 0.333333
29879 0.333333
28981 0.333333
27638 0.333333
27562 0.333333
23782 0.333333
20226 0.333333
19357 0.333333
17937 0.333333
17813 0.333333
13392 0.333333
11111 0.333333
10888 0.333333
9464 0.333333
8609 0.333333
8420 0.333333
6987 0.333333
4989 0.333333
694 0.333333
544 0.333333
40441 0.326681
22129 0.302778
2922 0.291667
20255 0.276923
5798 0.260747
38474 0.25
37377 0.25
35860 0.25
35098 0.25
34964 0.25
32585 0.25
32540 0.25
32078 0.25
30844 0.25
27117 0.25
23082 0.25
22280 0.25
15977 0.25
14059 0.25
9721 0.25
7783 0.25
5231 0.25
88 0.25
35454 0.243687
14163 0.225
35644 0.2
34956 0.2
31522 0.2
23265 0.2
19791 0.2
15572 0.2
15247 0.2
4717 0.2
2773 0.2
203 0.2
3012 0.179762
38784 0.166667
34939 0.166667
27464 0.166667
20846 0.166667
19308 0.166667
17245 0.166667
16883 0.166667
14640 0.166667
8959 0.166667
7924 0.166667
4199 0.166667
3402 0.166667
3082 0.166667
2264 0.166667
1778 0.166667
35863 0.142857
35487 0.142857
30162 0.142857
25861 0.142857
23168 0.142857
22140 0.142857
20210 0.142857
18590 0.142857
18115 0.142857
15560 0.142857
14373 0.142857
7799 0.142857
36248 0.125
35284 0.125
27006 0.125
23837 0.125
22545 0.125
21693 0.125
3351 0.125
319 0.125
38381 0.111111
33392 0.111111
38454 0.1
29221 0.1
27287 0.1
25696 0.1
23664 0.1
23487 0.1
22197 0.1
21552 0.1
13839 0.1
11295 0.1
107 0.1
12805 0.0909091
10768 0.0909091
39153 0.0833333
21796 0.0833333
12596 0.0833333
6940 0.0833333
892 0.0833333
33422 0.0769231
15138 0.0769231
15119 0.0769231
13841 0.0769231
11452 0.0769231
7313 0.0769231
1009 0.0769231
871 0.0769231
39024 0.0714286
15749 0.0714286
13594 0.0714286
12330 0.0714286
8257 0.0714286
39547 0.0666667
29645 0.0588235
27184 0.0588235
12445 0.0588235
5438 0.0588235
37771 0.0416667
33299 0.0416667
40980 0
40979 0
40978 0
40977 0
40976 0
40975 0
40974 0
40973 0
40972 0
40971 0
40970 0
40969 0
40968 0
40967 0
40966 0
40965 0
40964 0
40963 0
40962 0
40961 0
40960 0
40959 0
40958 0
40957 0
40956 0
40955 0
40954 0
40953 0
40952 0
40951 0
40950 0
40949 0
40948 0
40947 0
40946 0
40945 0
40944 0
40943 0
40942 0
40941 0
40940 0
40939 0
40938 0
40937 0
40936 0
40935 0
40934 0
40933 0
40932 0
40931 0
40930 0
40929 0
40928 0
40927 0
40926 0
40925 0
40924 0
40923 0
40922 0
40921 0
40920 0
40919 0
40918 0
40917 0
40916 0
40915 0
40914 0
40913 0
40912 0
40911 0
40910 0
40909 0
40908 0
40907 0
40906 0
40905 0
40904 0
40903 0
40902 0
40901 0
40900 0
40899 0
40898 0
40897 0
40895 0
40894 0
40893 0
40892 0
40891 0
40890 0
40889 0
40888 0
40887 0
40886 0
40885 0
40884 0
40883 0
40882 0
40881 0
40880 0
40879 0
40878 0
40877 0
40876 0
40875 0
40874 0
40873 0
40872 0
40871 0
40870 0
40869 0
40868 0
40867 0
40866 0
40865 0
40864 0
40863 0
40862 0
40861 0
40860 0
40859 0
40858 0
40857 0
40856 0
40855 0
40854 0
40853 0
40852 0
40851 0
40850 0
40849 0
40848 0
40847 0
40846 0
40845 0
40844 0
40843 0
40842 0
40841 0
40840 0
40839 0
40838 0
40837 0
40836 0
40835 0
40834 0
40833 0
40832 0
40831 0
40830 0
40829 0
40828 0
40827 0
40826 0
40825 0
40824 0
40823 0
40822 0
40821 0
40820 0
40819 0
40818 0
40817 0
40816 0
40815 0
40814 0
40813 0
40812 0
40811 0
40810 0
40809 0
40808 0
40807 0
40806 0
40805 0
40804 0
40803 0
40802 0
40801 0
40800 0
40799 0
40798 0
40797 0
40796 0
40795 0
40794 0
40793 0
40792 0
40791 0
40790 0
40789 0
40788 0
40787 0
40786 0
40785 0
40784 0
40783 0
40782 0
40781 0
40780 0
40779 0
40778 0
40777 0
40776 0
40775 0
40774 0
40773 0
40772 0
40771 0
40770 0
40769 0
40768 0
40767 0
40766 0
40765 0
40764 0
40763 0
40762 0
40761 0
40760 0
40759 0
40758 0
40757 0
40756 0
40755 0
40754 0
40753 0
40752 0
40751 0
40750 0
40749 0
40748 0
40747 0
40746 0
40745 0
40744 0
40743 0
40742 0
40741 0
40740 0
40739 0
40738 0
40737 0
40736 0
40735 0
40734 0
40733 0
40732 0
40731 0
40730 0
40729 0
40728 0
40727 0
40726 0
40725 0
40724 0
40723 0
40722 0
40721 0
40720 0
40719 0
40718 0
40717 0
40716 0
40715 0
40714 0
40713 0
40712 0
40711 0
40710 0
40709 0
40708 0
40707 0
40706 0
40705 0
40704 0
40703 0
40702 0
40701 0
40700 0
40699 0
40698 0
40697 0
40696 0
40695 0
40694 0
40693 0
40692 0
40691 0
40690 0
40689 0
40688 0
40687 0
40686 0
40685 0
40684 0
40683 0
40682 0
40681 0
