32615 25.1137
18763 7.44856
18900 6.53898
26723 5.09894
29934 4.48209
33629 4.24279
14849 4.08531
14042 3.31895
34103 3.04404
8222 2.96418
27381 2.63257
1674 2.46307
32674 2.38569
5396 2.19739
36675 2.12232
10629 1.82052
28456 1.77239
32577 1.76007
3218 1.66505
15325 1.59292
27471 1.55074
38791 1.53844
657 1.47687
15185 1.47252
12388 1.43347
40821 1.27038
39437 1.24599
10563 1.21961
27546 1.19818
23341 1.1849
38642 1.18071
20483 1.12576
4500 1.11589
28271 1.0691
13397 1.06441
11760 1.05447
4318 0.9942
24178 0.979803
31392 0.942519
28507 0.931134
8103 0.883651
8964 0.871873
10025 0.860213
23226 0.847891
40265 0.84575
4549 0.839278
1906 0.838027
15023 0.836845
23762 0.80563
32099 0.79925
557 0.793461
12266 0.777778
15857 0.756187
27747 0.743162
20414 0.740893
37427 0.737749
28541 0.734524
36161 0.720879
28425 0.681637
30721 0.680344
4767 0.667834
11694 0.661601
30058 0.66088
9263 0.656585
27866 0.649351
36592 0.627621
33698 0.615683
14214 0.613526
21413 0.61084
23094 0.608832
25548 0.607987
20405 0.606949
4059 0.594589
39428 0.566471
30470 0.564457
22863 0.555036
18104 0.553832
34928 0.543034
26740 0.521862
29173 0.518945
20140 0.517919
13156 0.513228
11279 0.500995
8698 0.500995
27906 0.499383
26117 0.499371
9153 0.496915
16412 0.496187
30490 0.495671
34675 0.46978
1079 0.453438
36822 0.4363
22710 0.434867
12461 0.432857
26510 0.396825
12235 0.396782
21778 0.396693
9128 0.396111
3680 0.39611
19291 0.387213
24447 0.371526
6712 0.358435
12719 0.3571
11305 0.356838
28889 0.352381
21707 0.351849
969 0.34127
28512 0.340774
27149 0.338617
3809 0.335273
13303 0.334085
30657 0.331878
28671 0.329193
4063 0.329004
30156 0.328578
1028 0.321256
30602 0.316923
18382 0.309036
31596 0.307857
11100 0.304206
25590 0.301054
18187 0.299069
32141 0.298226
7741 0.289744
24525 0.286398
36439 0.283749
36058 0.282558
40283 0.276841
26774 0.276176
31310 0.271368
15926 0.267857
4863 0.267857
37485 0.264745
39260 0.26125
17807 0.261111
27529 0.260852
24708 0.246479
14493 0.241748
21775 0.236607
38006 0.233865
27207 0.232615
13821 0.230978
10185 0.228336
37587 0.228034
38087 0.226923
6853 0.225071
17139 0.224766
4104 0.224206
30427 0.223097
34184 0.222285
10518 0.219017
5946 0.213131
36260 0.212653
31447 0.210489
23106 0.207799
30188 0.207559
28554 0.200855
3315 0.200251
40211 0.2
22655 0.191082
21872 0.186957
36452 0.185833
20421 0.178686
3385 0.177381
16849 0.177157
12756 0.170833
16956 0.167798
22439 0.166812
14559 0.166667
3294 0.165909
34593 0.163462
8034 0.162648
25928 0.161388
7502 0.161111
24066 0.159858
27008 0.157738
30280 0.157509
22824 0.153945
2702 0.153945
34308 0.145046
4440 0.144337
40693 0.142857
23767 0.142857
21705 0.142857
20253 0.142857
1892 0.142857
26800 0.14114
23227 0.135609
8397 0.135609
27229 0.133865
32094 0.125
17953 0.12207
12380 0.12207
6649 0.119549
4260 0.11945
1894 0.116239
14627 0.113539
37463 0.113054
6596 0.113054
18948 0.111111
15907 0.111111
4808 0.111111
33537 0.110106
21958 0.10988
12831 0.108383
33947 0.106629
21877 0.101282
14738 0.101282
26866 0.1
21558 0.1
35704 0.0993707
10134 0.0990278
16616 0.098315
26308 0.0981781
15330 0.0981781
16882 0.0980808
6974 0.0947603
37177 0.0909091
36908 0.0909091
34745 0.0909091
17736 0.0909091
8042 0.0909091
3505 0.0909091
2212 0.0900313
39416 0.0834963
34205 0.0833333
83 0.0833333
22932 0.0811175
30653 0.0769231
18903 0.0769231
35667 0.0716503
19349 0.0705357
40654 0.0677045
35143 0.0677045
33463 0.0677045
17802 0.0677045
31107 0.0666667
15452 0.0666667
40433 0.0625
34668 0.0625
5916 0.0625
22933 0.0604151
17289 0.0588235
9056 0.0588235
25189 0.0577055
21996 0.0577055
17584 0.0572108
38963 0.0555556
35036 0.0555556
24161 0.0555556
15794 0.0555556
13963 0.0555556
9909 0.0555556
27783 0.0537904
3613 0.0537904
39928 0.0526316
30690 0.0526316
67 0.0526316
19489 0.047619
2668 0.047619
12679 0.0434783
4381 0.0434783
563 0.0434783
17642 0.0416667
10494 0.0416667
4229 0.0416667
40231 0.0411907
36898 0.0411907
17969 0.0411907
16144 0.0411907
15899 0.0411907
6842 0.0411907
23379 0.04
1902 0.04
35826 0.0384615
26007 0.0384615
20364 0.0384615
18641 0.0384615
13968 0.0384615
40188 0.037037
33433 0.037037
28703 0.037037
40397 0.0357143
5191 0.0344828
16671 0.03125
5675 0.03125
4865 0.030303
8401 0.0294118
30221 0.0285714
25749 0.0285714
40880 0.0263158
37179 0.0263158
32219 0.0263158
31301 0.0263158
18540 0.0263158
11029 0.0263158
5914 0.0263158
1388 0.0263158
178 0.0263158
37657 0.025641
36662 0.025641
30766 0.025641
22470 0.025641
20376 0.025641
11291 0.025641
5987 0.025641
38688 0.025
36348 0.0243902
20807 0.0243902
3388 0.0243902
2569 0.0243902
39557 0.0217391
36099 0.0217391
33534 0.0217391
22573 0.0217391
13690 0.0217391
12465 0.0217391
1909 0.0217391
38266 0.02
37363 0.02
32157 0.02
30098 0.02
25609 0.02
17962 0.02
13653 0.0142857
9982 0.0142857
37549 0.0140845
34162 0.0140845
20292 0.0140845
10644 0.0140845
8610 0.0140845
2467 0.0140845
38328 0.0128205
28485 0.0128205
15396 0.0128205
10876 0.0128205
10149 0.0128205
1275 0.0128205
40980 0
40979 0
40978 0
40977 0
40976 0
40975 0
40974 0
40973 0
40972 0
40971 0
40970 0
40969 0
40968 0
40967 0
40966 0
40965 0
40964 0
40963 0
40962 0
40961 0
40960 0
40959 0
40958 0
40957 0
40956 0
40955 0
40954 0
40953 0
40952 0
40951 0
40950 0
40949 0
40948 0
40947 0
40946 0
40945 0
40944 0
40943 0
40942 0
40941 0
40940 0
40939 0
40938 0
40937 0
40936 0
40935 0
40934 0
40933 0
40932 0
40931 0
40930 0
40929 0
40928 0
40927 0
40926 0
40925 0
40924 0
40923 0
40922 0
40921 0
40920 0
40919 0
40918 0
40917 0
40916 0
40915 0
40914 0
40913 0
40912 0
40911 0
40910 0
40909 0
40908 0
40907 0
40906 0
40905 0
40904 0
40903 0
40902 0
40901 0
40900 0
40899 0
40898 0
40897 0
40896 0
40895 0
40894 0
40893 0
40892 0
40891 0
40890 0
40889 0
40888 0
40887 0
40886 0
40885 0
40884 0
40883 0
40882 0
40881 0
40879 0
40878 0
40877 0
40876 0
40875 0
40874 0
40873 0
40872 0
40871 0
40870 0
40869 0
40868 0
40867 0
40866 0
40865 0
40864 0
40863 0
40862 0
40861 0
40860 0
40859 0
40858 0
40857 0
40856 0
40855 0
40854 0
40853 0
40852 0
40851 0
40850 0
40849 0
40848 0
40847 0
40846 0
40845 0
40844 0
40843 0
40842 0
40841 0
40840 0
40839 0
40838 0
40837 0
40836 0
40835 0
40834 0
40833 0
40832 0
40831 0
40830 0
40829 0
40828 0
40827 0
40826 0
40825 0
40824 0
40823 0
40822 0
40820 0
40819 0
40818 0
40817 0
