5363
4140
21467
2024
19277
12041
9128
3004
5210
11071
33871
7911
10918
25225
31143
23789
32182
39750
26879
15709
1531
39670
38665
30142
27656
8691
18668
13607
33062
5635
26087
33884
5395
11521
37129
5075
28693
39569
16829
16960
20257
3389
25985
3294
10271
10671
11361
17729
27510
38422
39264
22932
20400
6499
28849
3587
21763
18999
33886
36119
19176
18646
23192
25958
28280
40
24322
25386
23253
37539
29930
26103
11237
21610
32145
7581
37212
39125
40179
39549
40711
7009
31400
27588
16695
28634
10539
4082
35195
25500
30259
23485
3912
15162
40469
27150
5613
13749
22122
28789
38708
24677
4525
11921
3339
10231
10321
199
13202
11857
1980
19758
6822
12064
3538
7
22601
26162
6521
16185
38532
31860
40936
6268
16861
8508
38832
6030
23602
21003
40977
36982
35336
24768
39328
1213
793
28759
6853
16711
35422
36301
4674
11487
299
1557
29394
24565
22224
40853
5575
35824
40964
31625
10432
1826
23412
28583
2024
30081
33212
11316
25655
33606
5832
17764
7831
17771
5513
12584
1309
32236
2119
15948
40631
16094
6483
12477
23005
14145
20274
34090
36245
38949
1042
17973
9308
29423
15866
25880
37045
38124
37730
27345
3192
22794
20511
9915
16963
20880
14268
36141
34615
18393
21804
10414
25122
32807
13178
29192
38271
2510
26442
20979
9975
21045
4850
16760
33094
5914
35301
21248
13284
21711
20879
37234
19419
3506
22469
7874
13057
12982
31790
36600
31913
36994
23845
13306
24364
30357
21220
25048
37524
333
13614
18670
10065
13989
30404
5100
9221
33273
3205
23119
6306
14606
23678
5635
21325
8541
2508
26928
2067
11003
15020
17928
5661
26589
28970
38688
22508
19422
30827
39693
21649
2361
5453
33619
37602
20414
36791
26501
29613
5204
5810
16143
30879
3626
7803
40225
31389
19186
2231
34843
6052
13776
2172
6009
38744
5848
24562
21238
19438
40866
16953
7801
28005
39091
10485
14307
10010
8471
40442
32603
8328
13662
136
33531
31247
21071
10281
23771
28761
38193
33590
21673
33246
3206
28978
30242
11427
37982
38665
22418
24744
6235
32503
17292
33573
22477
40109
3803
9875
10897
39802
1814
3932
442
40749
19543
15580
33743
2835
18815
32766
40347
3553
14677
32158
1857
2967
12416
28785
10656
19574
10246
5180
27990
10133
34087
6179
25885
19647
18756
19319
28588
27722
460
39273
8982
39034
15180
31330
1715
13341
8220
20182
9245
40443
19681
20218
19158
11332
37781
3143
23910
4835
22063
6650
25386
22648
2415
34179
35249
16072
8618
14116
32132
14314
26788
24836
39679
12
31598
15880
32742
10842
40208
10482
37342
7831
22846
28220
521
34430
29289
24999
23713
8535
14952
2666
6592
20224
10476
1371
27429
28711
178
24023
52
11992
20676
38502
40536
39625
4932
30281
13251
1497
17367
1664
8656
3621
31670
37157
26040
15458
5239
7302
257
32526
12549
38703
10685
34727
23216
17540
30286
12186
40487
21875
11092
8950
30681
40104
6279
2426
30831
38884
31896
22941
14232
7473
23177
4144
7286
14568
40074
21379
32772
26926
26202
9151
39319
26749
8201
386
37660
11176
30800
11480
7513
22038
3315
19947
8302
4353
1540
11236
10571
25341
17446
38550
26605
1132
2373
35185
40249
9118
30990
19580
24572
13836
26849
16057
1728
8464
3835
19498
4902
28224
29136
40957
27382
33563
24238
22279
18687
24012
20443
19457
22110
13802
33383
35126
5203
33782
16747
40659
9208
4948
1379
38667
39371
23388
7061
7349
15201
31548
16534
22806
39968
26679
25085
40446
39623
29695
25384
25758
23095
3801
28531
34882
19014
35798
22063
19991
14800
338
11493
30587
650
20943
15252
26205
18842
9268
30117
9103
38109
27878
19185
8462
2629
35293
1803
35803
22713
20259
14842
16340
31059
39008
26831
38079
35000
7661
17633
23634
13692
15127
16408
37842
2407
33021
12379
24836
22635
27970
12442
16845
39066
5724
29271
22811
32270
18898
34112
10601
39016
6300
21106
10942
21829
1286
30327
31970
36485
32256
33590
31836
10277
4416
2142
24317
40074
13810
5181
8624
1701
32333
37727
131
22663
27351
31524
24625
30242
20562
30167
3248
28057
21744
5988
34348
21689
21688
21385
38719
18825
28793
11790
11567
5256
33535
25212
20815
26531
12072
20817
37146
37544
18522
5906
34868
29299
21658
12647
20220
33901
1117
33201
8253
16025
20758
9058
407
8715
9010
22285
36598
15181
6273
25786
40499
21237
38442
1045
39668
17891
1709
21658
8594
36513
10540
953
23067
2540
36882
30670
40524
20530
144
23650
40769
15870
35176
7681
9121
25739
4597
16424
39698
15510
11982
37338
24440
23965
4315
23770
12815
17819
24089
12712
24653
10620
37193
13013
9164
17698
40477
30253
8914
40390
25833
22949
20962
25855
27811
36120
3554
32441
12241
34667
17867
10921
2507
39315
26873
4354
24874
6088
36513
8941
15669
22595
5563
37149
24389
16108
21187
1794
36238
19075
1055
1926
21828
20692
9570
26533
8700
8506
35347
346
26426
32158
13820
12391
24704
38541
35367
27153
39681
7186
38645
2380
22891
4914
13292
34824
34801
29667
19024
7196
37306
14255
33105
5905
7889
40430
3532
38950
19256
2028
11771
9793
517
14341
34594
6564
5521
32519
28984
11289
26349
10715
36966
22047
10374
33148
23684
20910
18720
18930
13119
17158
22853
13452
19486
16516
40772
4231
30298
35143
25020
24671
3676
4028
21248
20249
31605
14949
7709
7119
36730
15988
39069
16522
33286
22564
19249
17785
19403
31394
40851
8743
33327
17895
13567
21918
24751
40682
9000
32962
26762
25379
22996
14952
26788
29241
38615
12074
31207
12146
9945
10768
2417
31303
948
5671
12222
10168
7225
14407
23673
7806
23818
25230
26841
21770
12004
16256
35542
31541
31034
18656
14822
38420
16762
20051
23964
36863
22725
31397
25996
32834
16670
14183
31389
30934
40551
13686
36309
28187
13084
25512
2003
24920
40649
13199
10495
40081
37200
16115
27767
32945
20468
34406
33304
350
13039
27689
18818
14984
28178
15880
8490
24442
27588
27465
4131
33802
15955
17122
6726
1665
390
3411
3635
22430
11752
2708
38955
6271
26081
33349
32385
13697
34001
31759
14981
34427
37379
30662
3566
2162
8906
33568
38648
12397
12963
35335
2847
5643
6671
12483
11303
33224
26037
93
