52
6592
37342
27767
25885
39623
19277
24023
25048
18842
144
8508
20274
32270
19419
40109
22811
35185
19580
35336
20218
15669
18930
350
26081
28280
7889
22122
38667
22469
21689
23005
4674
8594
6088
19543
346
26928
17540
10277
3554
20943
35803
2119
19457
37727
12041
5181
26087
23678
4028
13341
21711
16845
21220
20676
14842
36598
2708
37212
22635
28634
37146
2967
39319
13614
31670
13802
27811
9793
26442
10601
17785
36863
18656
5661
19185
6300
28849
36120
2835
23485
4850
15020
31389
9164
31389
18999
38124
37982
34882
4932
25379
16534
25833
21467
9010
3835
29695
15252
28984
38955
24364
7286
4416
30167
33901
7009
16094
6235
15580
19647
7302
39371
1045
10540
20962
14822
34427
40
39125
40487
33383
5988
5905
20880
18393
30242
18815
26202
30242
16025
22996
13686
4082
36141
10897
26162
10656
8950
5724
9945
37129
37524
14952
20817
14952
2417
40649
5643
15709
16695
21003
3506
27990
27429
38109
13810
34406
40442
4315
34594
39069
9245
24572
25212
17891
33148
3538
38949
15866
15181
16424
7196
38950
23818
31397
17122
40977
5832
37234
13251
7513
31059
38442
7681
13039
35195
4525
40853
3192
13284
12982
7801
19498
39668
26762
31541
19758
6853
